717.458 635.575 0.403596 -0.0164209 1.02059
524.769 470.231 0.201399 0.241182 1.04831
483.92 416.3 0.0904934 0.205924 0.898134
653.176 614.458 0.426428 0.0758492 1.08105
618.387 482.728 0.155356 0.0786405 0.898362
779.64 602.847 0.382409 -0.100931 1.04434
932.796 239.419 -0.0736034 -0.223956 0.894484
577.974 248.322 -0.0902587 0.156068 1.01919
784.092 153.174 -0.149366 -0.0791475 0.876672
779.895 73.8457 -0.258408 -0.0872261 0.93953
753.819 98.548 -0.224307 -0.0575241 0.924822
953.526 316.318 -0.000203406 -0.271268 0.940381
779.206 609.49 0.29034 -0.0771771 0.914543
715.741 561.571 0.230905 -0.0138704 0.896567
795.123 465.754 0.148184 -0.0949719 0.917125
842.815 578.937 0.302512 -0.16219 0.976381
876.915 422.11 0.108882 -0.183674 0.93037
872.727 419.23 0.109883 -0.185707 0.945787
533.752 224.528 -0.101505 0.17601 0.942539
487.752 93.3561 -0.235832 0.21876 0.934285
532.992 126.35 -0.23746 0.205014 1.00601
541.807 103.766 -0.234653 0.170393 0.952333
512.319 478.399 0.189048 0.228821 0.995522
668.283 536.632 0.256279 0.0411018 0.986379
573.363 416.37 0.119097 0.159896 1.0086
730.855 158.483 -0.17869 -0.035629 0.96287
820.932 394.334 0.0702558 -0.112276 0.882345
558.538 256.74 -0.0809392 0.183455 1.02572
611.236 410.154 0.0907815 0.0898901 0.919384
702.123 138.134 -0.189627 -0.0040057 0.936951
793.486 101.8 -0.228659 -0.101382 0.939274
714.98 16.9149 -0.296802 -0.0181643 0.910246
918.551 198.508 -0.119435 -0.223012 0.918402
905.357 311.418 -0.00689001 -0.262727 1.02264
915.303 110.901 -0.181908 -0.194017 0.865855
716.351 558.597 0.228328 -0.0144836 0.896987
813.509 484.087 0.304604 -0.197175 1.20104
535.092 170.142 -0.170163 0.186978 0.971531
513.865 161.418 -0.256008 0.304989 1.13957
575.915 290.256 -0.0355257 0.150708 0.996086
673.796 48.2081 -0.253551 0.0212229 0.890851
591.075 602.223 0.305893 0.121623 0.951016
610.37 408.819 0.100059 0.102577 0.9659
585.83 347.494 0.0408063 0.172677 1.0897
716.396 357.995 0.0469623 -0.0178273 0.991102
818.029 144.469 -0.1894 -0.130965 0.952823
750.619 22.0215 -0.296064 -0.0540082 0.916238
841.98 163.854 -0.13812 -0.130687 0.873038
845.656 141.142 -0.161712 -0.136763 0.880882
892.644 123.295 -0.18796 -0.190111 0.902712
715.524 566.607 0.222374 -0.01338 0.874025
867.964 415.653 0.112018 -0.190182 0.969174
493.333 307.741 -0.0137184 0.218871 0.941166
606.121 192.675 -0.182836 0.138365 1.08188
561.884 287.728 -0.0330208 0.140647 0.925814
633.793 550.241 0.244848 0.0728831 0.941843
663.105 558.366 0.234285 0.0377844 0.908928
588.422 607.563 0.300766 0.119876 0.936166
918.485 309.968 -0.00782827 -0.25244 0.974814
920.623 244.686 -0.0780966 -0.240472 0.947638
619.872 400.346 0.106053 0.109025 1.03547
571.061 532.798 0.271685 0.169997 1.02371
822.956 136.192 -0.208011 -0.142601 0.973174
856.429 130.701 -0.206775 -0.175447 0.958036
844.778 586.925 0.27687 -0.147193 0.926392
739.99 610.666 0.381193 -0.0463545 1.03136
558.717 258.47 -0.0773506 0.179817 1.01753
489.399 95.5307 -0.234784 0.218261 0.936452
722.132 328.826 0.00730778 -0.0193293 0.811278
577.341 35.694 -0.29222 0.12374 0.929778
579.116 215.903 -0.130829 0.153798 1.01798
602.053 185.209 -0.172425 0.127015 1.02641
926.836 194.593 -0.116765 -0.219553 0.896273
780.125 601.258 0.386968 -0.103184 1.05254
661.061 173.627 -0.143793 0.0366868 0.912292
583.308 254.116 -0.0890027 0.161367 1.05275
837.44 153.494 -0.169547 -0.144381 0.928997
523.126 335.374 0.00312636 0.0490808 0.554828
723.899 166.256 -0.165654 -0.0272906 0.951621
563.061 417.278 0.102762 0.146467 0.941405
582.962 452.689 0.0842141 0.072462 0.754948
947.796 379.967 0.0618428 -0.243348 0.905009
531.588 122.045 -0.24056 0.204724 1.00193
548.636 521.668 0.073391 0.0522632 0.601084
652.908 481.475 0.145551 0.0424359 0.875011
528.244 294.933 -0.0331937 0.228715 1.03758
830.868 122.918 -0.194284 -0.133424 0.914745
885.466 48.6949 -0.225238 -0.160122 0.846953
582.182 186.402 -0.132526 0.115622 0.915033
594.327 176.805 -0.163984 0.121222 0.97618
932.487 307.494 -0.00953434 -0.241138 0.92708
614.537 405.794 0.102178 0.103914 0.98965
577.044 289.843 -0.0365594 0.151867 1.00309
701.671 137.478 -0.188331 -0.00360425 0.93257
716.379 4.74413 -0.282188 -0.0187733 0.874672
915.628 120.787 -0.179151 -0.20065 0.878901
731.609 118.39 -0.214216 -0.0357787 0.944885
527.417 463.021 0.193637 0.239963 1.05291
593.666 176.586 -0.165713 0.123175 0.980114
660.881 177.778 -0.148 0.0397071 0.936164
802.079 39.6991 -0.277417 -0.105296 0.914929
764.321 330.265 0.0117613 -0.0642439 0.910708
568.566 348.103 0.0332709 0.157578 0.989223
545.97 593.47 0.272429 0.156313 0.917251
898.121 497.624 0.159683 -0.176276 0.867068
795.957 459.071 0.141902 -0.0961236 0.918297
578.367 220.013 -0.153245 0.191572 1.11421
488.867 158.406 -0.218304 0.28651 1.05038
802.295 35.5626 -0.269675 -0.101491 0.89762
791.51 107.451 -0.177673 -0.0809674 0.849726
553.248 294.792 -0.0411371 0.247526 1.14746
699.276 118.055 -0.168595 -0.00285314 0.848621
583.173 395.56 0.0771514 0.120176 0.926431
498.657 486.744 0.174559 0.214232 0.939574
870.237 415.598 0.108201 -0.186688 0.954612
497.429 102.957 -0.243663 0.2262 0.966655
500.639 107.809 -0.245154 0.229478 0.979208
868.772 114.73 -0.194375 -0.165249 0.898666
605.727 182.609 -0.174802 0.121547 1.02393
636.537 79.2991 -0.238363 0.0605167 0.914734
691.678 309.061 -0.0123954 0.0128641 1.02374
817.696 451.486 0.135273 -0.118802 0.920472
668.972 186.208 -0.155638 0.0362704 0.984532
575.392 444.445 0.12788 0.129596 0.929391
679.663 328.055 0.00837483 0.0183371 0.893831
793.382 617.952 0.390689 -0.116022 1.02987
701.671 137.094 -0.187859 -0.00363706 0.930646
820.448 395.927 0.0715239 -0.111545 0.881324
591.871 258.592 -0.0952425 0.174223 1.12209
678.536 398.899 0.0986143 0.0292722 1.00675
716.178 578.181 0.211933 -0.013439 0.839062
522.181 302.503 -0.0244787 0.249422 1.06118
554.792 62.5907 -0.290078 0.162378 0.96877
850.856 472.319 0.18026 -0.173566 0.978825
793.037 395.065 0.0853789 -0.102165 0.95821
505.955 302.957 -0.0206677 0.230397 0.9882
592.036 602.781 0.305824 0.120292 0.950062
675.671 59.9142 -0.260731 0.0217553 0.919851
612.537 359.991 0.042677 0.093393 0.941074
681.199 326.116 0.00723869 0.019168 0.927316
711.508 320.181 0.00257509 -0.0126409 1.10144
936.667 207.668 -0.123356 -0.269593 0.966436
645.269 405.476 0.0968785 0.06338 0.966416
531.965 293.965 -0.0351224 0.228726 1.04729
535.213 408.939 0.095047 0.178666 0.947773
655.837 471.143 0.157785 0.0474082 0.932966
931.07 367.213 0.0570915 -0.260866 0.96512
647.595 404.438 0.100433 0.064202 0.987078
681.081 326.522 0.00723496 0.0179284 0.907778
564.062 233.527 -0.209922 0.346756 1.37695
664.049 552.043 0.232701 0.0377321 0.916955
575.692 245.717 -0.202639 0.360674 1.4547
629.4 367.167 0.0476589 0.0709543 0.918109
615.634 490.516 0.149099 0.0738029 0.864652
482.331 143.253 -0.195016 0.238836 0.958652
622.113 484.117 0.0785481 0.0341998 0.670339
553.041 445.082 0.223139 0.273095 1.192
914.032 201.266 -0.124898 -0.233208 0.946773
873.142 417.958 0.107096 -0.183888 0.940329
797.802 473.88 0.143871 -0.0906244 0.884312
634.177 551.789 0.243721 0.0715643 0.937132
853.984 128.822 -0.151147 -0.127313 0.830016
585.963 184.091 -0.147734 0.123644 0.953432
756.43 80.8342 -0.211638 -0.0538861 0.87083
754.237 101.136 -0.226745 -0.0590352 0.93421
590.673 345.764 0.0408037 0.176766 1.12041
821.455 133.893 -0.185206 -0.12501 0.918777
761.986 272.023 -0.0752111 -0.0963719 1.14324
764.567 269.536 -0.0690516 -0.0891922 1.07343
590.983 272.359 -0.0906006 0.219274 1.23356
710.457 389.118 0.0802865 -0.01039 0.971675
918.868 550.053 0.136274 -0.131626 0.726211
708.595 330.122 0.0114599 -0.00901636 0.922427
610.007 410.622 0.101881 0.102787 0.965075
815.642 344.471 0.0255292 -0.11225 0.899759
854.699 581.129 0.253338 -0.147903 0.899256
778.5 611.357 0.288551 -0.0756247 0.909514
792.816 459.639 0.150719 -0.0977243 0.941401
539.948 303.52 -0.0268497 0.267614 1.14406
797.152 466.378 0.143582 -0.093959 0.902804
783.46 327.663 0.0096136 -0.08492 0.919724
660.489 574.362 0.223351 0.0352261 0.865237
505.759 482.384 0.181143 0.220752 0.966209
593.796 4.77171 -0.325638 0.107106 0.931924
940.244 427.114 0.119677 -0.260006 0.947225
534.948 619.506 0.2681 0.149747 0.875262
639.675 524.625 0.131317 0.0367652 0.75653
622.694 476.723 0.149968 0.0746308 0.899107
910.479 502.495 0.146958 -0.168766 0.826598
677.664 190.524 -0.15769 0.0278624 1.0054
797.259 293.513 -0.0356732 -0.140077 1.09007
884.7 432.983 0.100401 -0.161949 0.860104
715.288 360.51 0.0473566 -0.0161753 0.968298
783.327 123.59 -0.188626 -0.0836471 0.903766
787.117 114.329 -0.181662 -0.0810941 0.870718
578.123 214.317 -0.130719 0.152368 1.0106
570.36 180.147 -0.161927 0.150403 0.98063
541.027 175.494 -0.173061 0.19085 0.99521
814.889 17.9766 -0.258068 -0.103353 0.857221
790.594 105.582 -0.174416 -0.0782637 0.839555
816.178 13.613 -0.254235 -0.101721 0.846215
557.658 260.018 -0.0820466 0.198301 1.05744
671.049 388.676 0.0648356 0.0266681 0.890009
863.448 412.268 0.114928 -0.195935 0.995749
832.817 246.108 -0.0912149 -0.16916 1.02155
774.98 327.784 0.0130582 -0.097173 1.04009
611.672 405.875 0.0985258 0.10308 0.97359
793.366 621.068 0.282116 -0.0858918 0.887437
786.701 405.103 0.205893 -0.188155 1.35013
656.374 173.816 -0.142046 0.0407614 0.907777
558.046 499.668 0.190354 0.153029 0.942502
748.828 94.8518 -0.273491 -0.0608509 1.00311
786.205 31.8591 -0.301226 -0.093909 0.937373
800.193 247.268 -0.101031 -0.141398 1.07646
789.477 105.579 -0.175543 -0.0777867 0.841925
815.622 383.966 0.0762536 -0.132002 0.974594
549.03 52.9486 -0.283192 0.158166 0.942726
557.492 397.196 0.106431 0.201508 1.0601
506.211 51.179 -0.452204 0.329713 1.16176
895.918 495.489 0.163832 -0.180617 0.881408
565.064 175.54 -0.156601 0.145754 0.951915
808.902 582.405 0.41942 -0.163786 1.12498
643.146 410.294 0.0976187 0.0624012 0.946803
671.543 413.335 0.0909293 0.0276464 0.903309
893.389 451.109 0.23972 -0.336437 1.18631
792.319 295.962 -0.0379861 -0.155032 1.17785
814.748 382.327 0.076149 -0.133867 0.98486
561.621 256.931 -0.0846131 0.188956 1.04832
913.302 202.58 -0.12066 -0.227268 0.937021
720.115 50.0478 -0.242656 -0.0218342 0.876502
599.874 28.178 -0.341206 0.115779 0.985088
661.705 36.658 -0.295639 0.0374859 0.936271
681.932 195.793 -0.149652 0.0223168 1.00077
769.688 398.327 0.0900891 -0.077145 0.964795
813.411 445.746 0.139439 -0.122509 0.95117
778.93 166.691 -0.159528 -0.0849848 0.93769
846.501 140.027 -0.161187 -0.136326 0.877174
790.988 296.178 -0.0392727 -0.158845 1.20136
731.248 277.695 -0.0658291 -0.0454678 1.13932
930.978 247.625 -0.0675141 -0.227735 0.904772
631.543 594.105 0.453235 0.1239 1.14869
955.985 515.439 0.21317 -0.273402 0.942443
730.364 158.841 -0.181664 -0.0355439 0.970999
719.823 258.883 -0.126397 -0.0313128 1.2898
759.563 274.955 -0.0799028 -0.103037 1.21133
756.728 239.609 -0.143005 -0.0968218 1.20142
777.585 253.379 -0.129291 -0.146945 1.25475
549.025 585.198 0.270581 0.15709 0.926939
821.274 322.686 0.00662604 -0.154776 1.02591
763.359 88.9175 -0.262392 -0.0743553 0.973195
488.473 158.279 -0.215801 0.283368 1.04452
567.717 176.998 -0.159383 0.147249 0.963906
608.712 124.556 -0.199629 0.091695 0.927366
839.649 150.278 -0.166955 -0.142004 0.914724
865.516 169.475 -0.226586 -0.252306 1.10904
854.083 289.236 -0.0633515 -0.338704 1.32739
760.784 274.404 -0.0778585 -0.101849 1.19012
646.096 101.019 -0.25709 0.0626791 0.987295
929.65 80.4413 -0.15151 -0.152149 0.752821
947.895 271.417 -0.040034 -0.221534 0.8653
742.215 286.698 -0.0525168 -0.0646707 1.154
799.605 297.12 -0.0310531 -0.146758 1.10215
781.926 257.871 -0.130686 -0.167942 1.30394
637.643 75.6799 -0.2355 0.0575327 0.903801
535.887 94.7091 -0.414654 0.308278 1.21067
562.386 137.948 -0.212477 0.160519 0.984089
766.844 39.2466 -0.240719 -0.0618076 0.858518
793.286 296.762 -0.0362857 -0.155591 1.1736
784.223 253.438 -0.127929 -0.159058 1.24959
628.775 377.748 0.0579716 0.071303 0.916222
766.282 302.008 -0.0325334 -0.125498 1.26669
666.491 445.585 0.171496 0.0502289 1.05035
572.096 212.59 -0.125399 0.150112 0.984379
762.981 274.723 -0.064801 -0.0906833 1.09794
491.727 499.128 0.151292 0.177338 0.855176
602.646 24.8886 -0.341205 0.111115 0.980141
942.468 547.767 0.13671 -0.147228 0.729772
736.956 74.9109 -0.350504 -0.0526702 1.0795
731.431 319.096 0.000753365 -0.0358491 0.984049
807.296 479.715 0.128628 -0.0869661 0.82886
620.597 627.546 0.413551 0.113772 1.04646
904.577 134.699 -0.186007 -0.211698 0.923189
569.738 290.08 -0.0338704 0.148756 0.970927
754.879 623.733 0.416762 -0.0681922 1.0522
736.14 610.524 0.37965 -0.0412105 1.02982
889.347 15.4417 -0.282294 -0.181582 0.888712
780.854 251.854 -0.120211 -0.140779 1.20072
524.728 68.5705 -0.484851 0.344671 1.23698
814.231 602.307 0.450203 -0.171688 1.12394
579.501 188.153 -0.170119 0.157323 1.03002
636.167 203.2 -0.141782 0.0786915 1.00334
725.675 247.363 -0.134445 -0.0408051 1.22338
633 200.725 -0.138536 0.0784584 0.98342
731.858 324.845 0.00686637 -0.0343813 0.950942
531.272 247.543 -0.0700028 0.161095 0.902019
731.749 279.03 -0.065441 -0.0472111 1.15387
780.665 50.7945 -0.307724 -0.0951704 0.975709
652.742 315.659 -0.00646224 0.10388 1.24724
661.638 312.3 -0.00810575 0.0474271 0.993491
756.913 316.695 -0.00168875 -0.0570497 0.910981
656.748 328.043 0.0110585 0.0556294 1.00833
955.141 305.687 -0.00963481 -0.224555 0.859781
930.311 190.434 -0.118843 -0.219593 0.890066
757.309 304.083 -0.0418579 -0.14968 1.51365
816.689 37.6709 -0.306948 -0.130872 0.954042
603.489 235.129 -0.151773 0.181403 1.19719
759.267 331.423 0.0152219 -0.0674989 0.975963
673.72 116.959 -0.229492 0.0286936 0.970913
822.131 448.232 0.139374 -0.129597 0.942596
776.45 282.211 -0.0450163 -0.0950073 1.01503
555.262 126.618 -0.202399 0.150115 0.93705
757.567 324.189 0.00804201 -0.0737823 1.03891
610.539 128.051 -0.201555 0.0926781 0.938927
702.761 159.781 -0.181721 -0.00395186 0.973342
808.24 161.566 -0.165767 -0.116779 0.94023
793.34 296.409 -0.0361003 -0.152565 1.16181
773.208 326.488 0.0111614 -0.0937747 1.03422
951.961 457.844 0.142258 -0.254048 0.917094
688.593 241.302 -0.05874 0.00545851 0.809036
590.36 409.075 0.0439126 0.0514749 0.681486
946.486 182.236 -0.112222 -0.209309 0.844199
660.642 461.316 0.154492 0.0447195 0.951838
747.243 318.104 1.76998e-06 -0.0724522 1.15235
820.24 135.153 -0.208921 -0.139291 0.972559
813.948 22.0039 -0.283327 -0.113081 0.898656
643.401 95.8371 -0.253145 0.0628758 0.970168
672.788 113.048 -0.228545 0.0287866 0.960815
799.581 434.387 0.125417 -0.106341 0.946348
756.571 636.153 0.402889 -0.0661689 1.01793
716.15 36.7946 -0.310167 -0.0202328 0.956905
490.686 177.192 -0.198265 0.292399 1.06328
697.983 253.549 -0.0709374 0.0018775 0.951492
719.335 253.383 -0.112981 -0.0273743 1.17608
773.8 149.573 -0.151152 -0.0692011 0.872797
562.154 175.039 -0.163769 0.155647 0.969711
675.706 362.837 0.0665648 0.0423064 1.10387
744.545 242.897 -0.15914 -0.084104 1.28641
655.83 75.4432 -0.253261 0.0436381 0.933253
631.191 560.152 0.233806 0.0685685 0.905949
586.717 407.526 0.122197 0.162854 1.06424
578.202 346.11 0.0353618 0.167461 1.04741
793.245 298.716 -0.0333337 -0.15741 1.1808
599.827 368.26 0.0453614 0.0937885 0.892482
798.28 338.975 0.015086 -0.0754076 0.801744
706.464 638.929 0.0940535 -0.00590462 0.550505
509.599 143.944 -0.425894 0.474098 1.37349
639.881 89.537 -0.247016 0.0628579 0.947679
632.994 587.648 0.462826 0.127528 1.17229
746.911 259.012 -0.152479 -0.104958 1.4101
641.864 370.77 0.205081 0.271449 1.72858
582.742 347.593 0.0347553 0.149409 1.01403
651.365 482.916 0.152892 0.0460145 0.890604
720.33 263.909 -0.14021 -0.035868 1.40962
813.03 23.612 -0.283192 -0.112695 0.900635
640.13 110.476 -0.692564 0.221586 1.5896
856.468 592.722 0.365115 -0.202206 1.03738
778.235 599.629 0.449033 -0.115387 1.12863
714.945 362.589 0.0472778 -0.0155034 0.947433
731.222 158.214 -0.176299 -0.035656 0.956356
910.205 204.408 -0.120936 -0.227923 0.944698
627.829 495.387 0.177111 0.0742301 0.920536
593.151 425.406 0.0916155 0.0925679 0.863239
716.432 8.26363 -0.472457 -0.0245309 1.10764
780.646 401.493 0.0833801 -0.0808004 0.916346
804.707 575.832 0.48724 -0.184758 1.21839
494.233 88.149 -0.390799 0.35099 1.16263
570.873 244.584 -0.086237 0.148534 0.975204
750.295 254.651 -0.162432 -0.113108 1.40512
734.032 254.541 -0.17932 -0.0766674 1.46878
833.589 325.032 0.00676811 -0.126264 0.88804
620.626 403.158 0.0992416 0.0967698 0.990108
682.324 328.171 0.0102993 0.0205521 0.963379
630.536 369.144 0.0511212 0.0721344 0.929785
703.038 142.118 -0.195663 -0.00464131 0.959727
816.931 48.7246 -0.241073 -0.108812 0.872451
718.463 66.4088 -0.256172 -0.0215307 0.92321
752.153 1.68428 -0.282471 -0.0507552 0.871391
850.896 171.19 -0.138356 -0.145515 0.892981
837.772 152.379 -0.169603 -0.143867 0.926337
849.666 245.297 -0.0718231 -0.150679 0.913115
777.647 601.551 0.298354 -0.0793854 0.93698
715.527 552.638 0.236256 -0.0139954 0.920701
850.984 597.416 0.288357 -0.153823 0.927232
919.627 366.57 0.0621021 -0.272136 1.00807
867.991 421.794 0.108603 -0.174571 0.930971
552.32 221.521 -0.203922 0.317338 1.27856
516.763 307.422 -0.0166865 0.239866 1.03011
514.451 297.849 -0.0261238 0.216121 0.980044
524.99 314.732 -0.0114885 0.388389 1.29749
501.827 107.492 -0.248722 0.23124 0.984948
515.45 68.1746 -0.371737 0.274367 1.09441
614.551 134.497 -0.205607 0.0940436 0.962017
570.054 180.658 -0.159811 0.149228 0.97644
559.144 130.502 -0.206172 0.152313 0.953497
631.748 558.361 0.244643 0.0722002 0.927256
661.625 566.229 0.234508 0.0378104 0.8965
687.463 631.282 0.407219 0.0226667 1.03179
566.106 556.738 0.293642 0.171344 1.01069
605.21 571.312 0.336005 0.13301 1.04411
561.331 412.795 0.0987402 0.149438 0.944535
