820.38 514.185 0.168114 -0.0787309 0.72294
833.059 197.818 -0.178169 -0.315883 1.40555
752.383 389.295 1.12142 -0.481066 2.88502
827.119 456.794 0.0939182 -0.0563539 0.603373
862.927 111.23 -0.0884559 -0.128024 0.822559
857.961 558.81 0.283868 -0.148524 0.863051
597.662 593.805 0.140058 0.0267074 0.593015
908.062 31.4908 -0.183726 -0.192066 0.899616
693.184 56.0245 -0.0788454 -0.00628165 0.701436
713.772 564.897 0.281979 -0.0185668 0.853706
823.77 515.53 0.161475 -0.0771286 0.707288
907.671 271.612 0.0241156 -0.260092 1.01735
786.263 51.1599 -0.261016 -0.115773 1.06846
844.741 137.985 -0.0956864 -0.141176 0.909401
825.232 513.909 0.161999 -0.0786255 0.710359
711.683 378.847 0.0746798 -0.014786 0.654302
709.155 315.566 0.0728976 -0.0150227 0.958362
729.819 316.047 0.333815 -0.546869 5.30837
652.411 89.9112 -0.0484824 0.0100893 0.651764
719.864 304.801 -0.0377181 -0.123874 4.67224
731.124 316.448 0.0806674 -0.0433371 1.03682
616.472 501.197 0.0855913 0.0125194 0.534577
779.228 326.005 0.0590142 -0.0541511 0.726683
871.7 340.906 0.0403345 -0.0509195 0.515173
795.593 111.166 -0.531069 -0.288477 1.62615
933.222 593.491 0.111538 -0.0731748 0.53432
860.332 515.185 0.0729432 -0.0429585 0.485647
783.135 235.649 -0.0260079 -0.115228 1.06653
726.033 298.888 -0.0601684 -0.214308 3.66711
633.707 92.0645 -0.0601869 0.0231371 0.697293
764.34 368.389 0.632612 -0.445365 2.43824
713.342 248.46 -0.235724 -0.0189516 2.12839
516.637 478.269 0.0976698 0.0541095 0.59225
564.903 482.454 0.094991 0.0347861 0.579684
833 311.485 0.0261192 -0.0288675 0.432316
577.183 396.216 0.08282 0.0454035 0.656788
799.048 438.954 0.10917 -0.057843 0.677944
629.691 479.972 0.0961232 0.0140055 0.585297
602.128 321.391 0.0295259 0.00670504 0.453269
557.38 267.358 0.0249841 0.0420488 0.609356
900.046 426.144 0.150624 -0.167298 0.830456
550.912 397.643 0.0695387 0.0418069 0.59331
902.762 125.641 -0.125301 -0.2182 0.960021
677.174 295.507 0.0430228 0.00529766 0.754886
518.911 624.733 0.124272 0.0415709 0.54339
854.177 125.654 -0.0911898 -0.134644 0.86362
723.191 317.288 0.142499 -0.0613973 1.74947
899.414 129.118 -0.125845 -0.219903 0.970868
738.872 298.068 -0.052917 -0.417818 3.49209
715.92 159.965 -0.700863 -0.0349799 2.10258
523.211 116.694 -0.0549264 0.0861082 0.723108
801.897 425.264 0.11543 -0.0671931 0.722849
870.171 381.592 0.0833616 -0.0955744 0.689755
824.746 545.763 0.398107 -0.174115 1.03767
719.359 281.893 -0.077903 -0.0606964 2.3841
950.79 226.24 -0.0299832 -0.307686 1.01296
723.553 306.918 -0.094739 -0.334461 5.85013
857.867 43.5272 -0.0713815 -0.0789809 0.663262
840.196 319.545 0.0675142 -0.12408 0.853607
842.567 140.61 -0.0977437 -0.143503 0.923115
710.996 378.522 0.0822986 -0.0149405 0.693564
844.478 421.916 0.485057 -0.468317 1.57373
930.301 451.284 0.240549 -0.282953 0.98971
485.729 102.783 -0.328842 0.437771 1.31071
521.96 345.13 0.0991323 0.171906 0.924179
521.509 273.384 0.0294398 0.114331 0.791918
