810.837 487.884 0.180914 -0.0850354 0.781447
879.907 143.941 -0.137627 -0.23937 1.06308
761.648 406.872 0.888853 -0.381977 2.29323
824.479 443.723 0.0950223 -0.0579752 0.61881
865.747 100.974 -0.0889098 -0.126896 0.815016
492.407 270.142 0.0185934 0.353425 1.18248
598.901 585.994 0.138675 0.0263931 0.593828
923.062 2.42783 -0.175768 -0.182174 0.853577
691.976 40.9692 -0.0789953 -0.00620224 0.690651
713.523 608.181 0.243746 -0.0165213 0.746367
532.567 599.536 0.136711 0.0467096 0.581079
504.808 474.835 0.098924 0.0592377 0.596521
586.698 235.828 -0.237169 0.611288 1.97237
830.172 519.036 0.154103 -0.0746516 0.683135
868.586 97.5353 -0.0863294 -0.124167 0.800552
853.866 559.978 0.134948 -0.0668267 0.604481
713.15 366.746 0.0781438 -0.0159461 0.692935
604.333 12.485 -0.0533808 0.0195981 0.58311
709.57 310.622 0.0727808 -0.0153451 0.974121
729.683 315.274 0.339682 -0.551413 5.37738
650.835 78.9314 -0.0495932 0.0100949 0.648618
719.881 304.012 -0.0364496 -0.124486 4.71639
731.609 311.723 0.079082 -0.0436497 1.03596
632.368 462.829 0.0950553 0.0142333 0.59708
792.561 321.139 0.0494971 -0.0480231 0.639382
843.291 325.996 0.0455726 -0.0575294 0.58601
797.12 103.398 -0.525327 -0.284979 1.60641
645.343 367.433 0.0748237 0.0164591 0.674105
938.922 589.477 0.108788 -0.0726061 0.529144
875.483 524.819 0.0674266 -0.0410127 0.461994
784.656 229.229 -0.0269398 -0.113686 1.0517
726.17 297.589 -0.0595817 -0.215194 3.65949
638.258 99.7217 -0.0643119 0.024829 0.734872
763.987 365.908 0.638497 -0.450022 2.46373
712.135 233.678 -0.205283 -0.0165058 1.84649
534.131 456.936 0.102638 0.0571883 0.628403
558.396 482.585 0.0905552 0.0334203 0.563479
817.008 298.616 0.0282122 -0.0322129 0.477234
589.847 385.102 0.08536 0.0449446 0.6843
801.912 435.683 0.105328 -0.0566188 0.664481
630.661 472.386 0.094602 0.0136112 0.585321
619.849 308.374 0.0316101 0.00711863 0.496076
941.003 444.267 0.127448 -0.144487 0.717443
574.87 637.212 0.120765 0.0232136 0.528588
561.841 384.562 0.0716056 0.0435049 0.620333
714.182 595.74 0.250258 -0.0172561 0.767862
671.739 286.24 0.0374181 0.00466738 0.692901
525.075 609.338 0.124802 0.0417564 0.552011
867.682 99.4315 -0.0867079 -0.125137 0.805402
723.356 314.521 0.132523 -0.0568381 1.64068
921.926 99.8386 -0.117201 -0.201638 0.89065
737.165 298.884 -0.0575279 -0.459524 3.83835
715.871 160.496 -0.716843 -0.0359766 2.14981
529.703 116.911 -0.057592 0.0884619 0.74438
818.397 439.491 0.0997715 -0.0596223 0.640379
867.843 373.102 0.0833951 -0.0971423 0.700901
719.391 269.261 -0.0652966 -0.04985 1.92177
723.522 306.23 -0.0956179 -0.335844 5.90213
858.257 34.7826 -0.0728481 -0.079287 0.665451
861.205 313.875 0.0579357 -0.110766 0.761451
873.227 90.7874 -0.0854698 -0.122209 0.785225
711.433 371.482 0.0811346 -0.0151007 0.69584
892.129 457.038 0.365254 -0.356211 1.19707
945.369 417.116 0.180466 -0.259585 0.928925
488.534 102.284 -0.335054 0.444497 1.33237
516.351 341.141 0.0955324 0.168027 0.905166
487.556 491.947 0.0946692 0.0562339 0.567308
