716.815 624.322 0.387791 -0.0171199 1.00233
520.546 457.565 0.190553 0.236437 1.03477
651.494 604.346 0.409139 0.0731822 1.05883
620.099 461.416 0.150465 0.078923 0.919162
777.533 581.114 0.37811 -0.102737 1.05744
929.912 222.686 -0.0829118 -0.229749 0.916685
574.232 230.868 -0.0973519 0.154118 1.01654
783.592 133.298 -0.158235 -0.0804292 0.88715
785.398 31.3339 -0.251397 -0.0833159 0.891709
755.112 68.9056 -0.226433 -0.0572325 0.906981
775.37 578.337 0.291617 -0.0806282 0.948106
715.003 540.623 0.2246 -0.0150929 0.906548
795.6 451.289 0.138795 -0.0946803 0.908729
843.961 566.402 0.289822 -0.160538 0.962885
876.077 405.154 0.101261 -0.184754 0.935663
879.341 407.192 0.0990731 -0.180914 0.918618
527.563 204.819 -0.107923 0.173077 0.936336
526.281 103.964 -0.243067 0.202376 1.00198
535.283 79.7685 -0.240553 0.168144 0.949594
508.699 464.77 0.179437 0.225168 0.98684
662.951 540.102 0.231667 0.0373756 0.92097
571.245 401.599 0.110796 0.157776 1.00556
730.674 136.747 -0.184676 -0.0364433 0.958464
822.057 378.085 0.0620303 -0.112177 0.877041
553.417 239.247 -0.0874526 0.180207 1.01728
611.355 392.237 0.083834 0.089654 0.931882
701.338 121.962 -0.201583 -0.00494808 0.960835
796.615 74.3355 -0.23199 -0.100812 0.926412
921.186 179.229 -0.127043 -0.224054 0.922719
909.357 295.511 -0.0143264 -0.26056 1.01421
917.055 91.8114 -0.190563 -0.197719 0.878929
715.426 538.583 0.221648 -0.0155068 0.904892
814.253 473.146 0.292365 -0.194457 1.18397
521.517 142.778 -0.170761 0.178294 0.93734
495.591 132.948 -0.250046 0.288176 1.08529
572.01 273.51 -0.04276 0.148457 0.991094
671.392 20.7086 -0.259481 0.0200655 0.889197
591.316 583.397 0.298006 0.120537 0.953811
608.615 393.32 0.0920378 0.101037 0.964732
597.285 330.231 0.0353012 0.186698 1.18802
818.656 125.764 -0.198735 -0.133326 0.964737
845.246 140.711 -0.144329 -0.130515 0.868586
850.853 114.84 -0.166138 -0.135268 0.868218
899.673 96.3177 -0.191477 -0.18669 0.888862
715.016 548.677 0.213823 -0.0147435 0.874589
872.583 402.808 0.101831 -0.186226 0.948016
509.501 291.869 -0.0231152 0.233313 1.01282
602.128 173.578 -0.188234 0.13563 1.0737
561.896 270.645 -0.0412844 0.141122 0.940966
632.46 535.528 0.234793 0.0709383 0.935327
660.817 547.305 0.221709 0.0359605 0.891735
590.081 585.584 0.295256 0.11964 0.946654
925.149 293.317 -0.0150283 -0.248393 0.958835
920.914 227.547 -0.0859693 -0.242137 0.956644
620.286 384.224 0.0993923 0.108908 1.04917
570.728 516.921 0.263088 0.168274 1.02334
830.114 105.641 -0.206854 -0.137679 0.937885
861.234 106.155 -0.211146 -0.173581 0.947893
849.064 581.121 0.259348 -0.142632 0.895668
739.618 601.727 0.364067 -0.045897 1.00742
554.474 241.292 -0.0842477 0.177373 1.0135
485.375 75.2337 -0.244401 0.219025 0.947884
721.812 309.113 -0.000719145 -0.0214942 0.834514
582.656 31.1603 -0.317318 0.130102 0.988714
572.981 195.681 -0.135561 0.149241 1.00129
599.867 167.256 -0.180522 0.125943 1.03243
931.843 173.407 -0.123315 -0.218578 0.892863
780.419 590.676 0.371136 -0.10181 1.03253
661.154 158.227 -0.155179 0.036442 0.939357
577.947 236.354 -0.0947462 0.157157 1.0372
844.084 126.232 -0.171668 -0.141091 0.904831
615.644 299.857 -0.00965931 0.0744583 0.890827
723.331 145.257 -0.172201 -0.0281193 0.949862
555.119 405.09 0.0921353 0.140578 0.914143
578.13 436.102 0.0754408 0.0703466 0.747468
952.083 363.957 0.0535898 -0.241466 0.897847
524.844 99.4231 -0.246218 0.20209 0.998124
539.336 506.467 0.0643229 0.0501321 0.592168
650.348 466.978 0.135931 0.041063 0.865699
518.83 278.391 -0.0393658 0.221142 1.01205
832.524 101.685 -0.202252 -0.134879 0.920624
895.787 12.1691 -0.226159 -0.156658 0.826811
578.282 165.436 -0.139202 0.113269 0.912825
588.019 153.715 -0.168108 0.11765 0.960036
939.86 289.848 -0.0168734 -0.236962 0.911321
609.209 393.758 0.0916539 0.0993395 0.960759
576.051 273.915 -0.0445081 0.152377 1.01507
699.297 107.664 -0.188777 -0.00405388 0.903099
918.029 99.5374 -0.187693 -0.202623 0.887112
731.706 92.4333 -0.218142 -0.0364162 0.93327
526.172 448.381 0.185172 0.23773 1.0515
589.799 156.056 -0.172043 0.120808 0.976649
656.614 151.003 -0.149642 0.0367704 0.905152
805.159 10.0243 -0.281778 -0.105275 0.908402
762.816 312.76 0.00417133 -0.0670616 0.936426
570.766 331.57 0.0262022 0.159702 1.01354
532.858 595.296 0.250389 0.147092 0.869749
895.534 477.75 0.153056 -0.178807 0.877534
802.427 455.653 0.125523 -0.0904842 0.859461
574.62 204.137 -0.161079 0.193055 1.12031
494.52 147.657 -0.235075 0.297411 1.09685
803.917 10.5401 -0.277521 -0.102833 0.902934
793.1 81.204 -0.183792 -0.0811865 0.84602
520.635 275.626 -0.0422874 0.216542 1.00751
698.307 101.126 -0.181241 -0.00375511 0.874431
579.79 379.544 0.0685211 0.118163 0.920961
498.459 469.481 0.167094 0.213515 0.944336
873.291 401.147 0.0984893 -0.184312 0.941634
489.73 79.4755 -0.249677 0.223785 0.964785
862.895 104.902 -0.212165 -0.175127 0.947359
603.762 165.364 -0.183165 0.121185 1.0332
633.836 55.3947 -0.245696 0.0591637 0.917656
688.971 292.633 -0.0188909 0.011479 0.979978
817.508 435.385 0.127047 -0.119153 0.919914
668.545 171.244 -0.166926 0.0363744 1.01055
584.47 419.28 0.126994 0.135626 0.986637
679.386 310.372 0.000712066 0.0175012 0.912611
792.404 600.349 0.381519 -0.116844 1.02909
701.053 118.725 -0.197909 -0.0049331 0.945725
812.541 372.783 0.0681215 -0.120453 0.943702
583.376 240.016 -0.0988778 0.166445 1.08212
677.418 383.767 0.0907665 0.0283547 1.00681
715.544 545.705 0.212374 -0.0152652 0.876777
512.739 286.352 -0.0312574 0.241398 1.03533
534.009 14.9784 -0.277543 0.150822 0.908008
851.371 457.559 0.171315 -0.173207 0.974621
792.443 378.718 0.0780423 -0.103493 0.964478
508.897 286.9 -0.0291641 0.233798 1.01263
591.734 585.332 0.296809 0.118648 0.949159
673.388 33.3173 -0.266633 0.0206161 0.917848
613.974 342.45 0.0357416 0.0941275 0.964515
709.479 305.569 -0.00382258 -0.0118753 0.95491
948.328 184.802 -0.127048 -0.262684 0.941782
642.957 391.155 0.0880888 0.0613265 0.955532
523.802 277.771 -0.0416007 0.224016 1.02962
531.758 393.607 0.0866925 0.176028 0.943057
654.019 457.728 0.147484 0.0451293 0.919925
947.612 354.711 0.0468872 -0.247111 0.914928
646.412 389.007 0.0925167 0.0629164 0.987283
680.071 309.344 -0.000290273 0.0166929 0.910771
562.277 220.673 -0.218252 0.347122 1.38658
662.837 537.325 0.222558 0.0361223 0.910015
589.964 241.656 -0.232355 0.393309 1.60807
630.541 348.998 0.0408362 0.0714302 0.942337
618.104 466.909 0.145295 0.0747782 0.891701
617.131 467.734 0.0696012 0.032541 0.661919
917.359 182.35 -0.132096 -0.234101 0.949298
865.468 396.796 0.103364 -0.192404 0.98202
796.86 455.985 0.136405 -0.0918449 0.889503
854.185 109.018 -0.160959 -0.130472 0.845002
581.179 163.122 -0.153848 0.121412 0.948195
757.054 54.7284 -0.217951 -0.0547723 0.869527
756.572 67.0563 -0.225159 -0.0580029 0.901661
585.764 332.34 0.0327204 0.171333 1.09745
827.662 104.491 -0.186545 -0.122229 0.893302
761.268 258.772 -0.0844244 -0.10013 1.17272
760.5 259.14 -0.0820198 -0.0970488 1.16146
589.563 258.795 -0.0981228 0.218604 1.23999
709.678 373.891 0.0720807 -0.0113628 0.966929
921.914 534.642 0.126745 -0.130733 0.719168
707.277 313.594 0.00377376 -0.00973638 0.893873
817.04 327.595 0.0177601 -0.112123 0.894003
853.036 562.108 0.245764 -0.149055 0.903152
776.739 589.18 0.282808 -0.0772965 0.919493
792.578 443.783 0.142459 -0.0983632 0.940827
529.199 288.352 -0.0329517 0.257009 1.10537
800.802 457.696 0.130375 -0.0909323 0.868226
786.3 310.855 0.00190605 -0.0831093 0.892275
663.99 537.778 0.227805 0.0359856 0.918359
510.42 461.842 0.176729 0.22403 0.988599
940.092 410.634 0.111974 -0.261122 0.951095
537.606 595.765 0.262817 0.150157 0.8872
650.434 473.794 0.139387 0.0401637 0.859176
628.075 449.771 0.149201 0.0768428 0.948048
918.462 492.691 0.13515 -0.164501 0.803275
675.17 168.406 -0.161458 0.0261554 0.986637
797.276 278.684 -0.0432471 -0.14165 1.0978
872.945 407.166 0.097727 -0.17249 0.913684
714.81 344.22 0.0401624 -0.0175366 0.978398
784.294 101.595 -0.196447 -0.085011 0.908129
789.793 85.4491 -0.185247 -0.0803354 0.855996
565.217 189.244 -0.131085 0.143712 0.962233
565.822 160.108 -0.168662 0.148611 0.979134
529.605 150.414 -0.174582 0.183313 0.966635
813.661 1.3793 -0.272839 -0.107357 0.884371
789.666 86.8677 -0.185536 -0.0807815 0.858986
553.705 243.49 -0.0889829 0.19589 1.05409
668.415 374.17 0.0557969 0.0246849 0.869199
865.507 398.048 0.105911 -0.194291 0.986435
837.255 226.989 -0.0972905 -0.167339 1.00499
779.803 313.107 0.00531847 -0.0914798 0.974121
613.685 387.515 0.0929363 0.104327 0.999608
791.808 601.279 0.273827 -0.0866574 0.88992
786.183 392.791 0.198961 -0.189545 1.35616
653.568 150.705 -0.147455 0.038784 0.898401
554.151 486.393 0.179858 0.14964 0.930759
748.741 75.9872 -0.283687 -0.062579 1.01682
784.94 18.6639 -0.319019 -0.0983742 0.972708
791.589 79.1552 -0.181663 -0.0785312 0.838349
817.941 369.464 0.0672967 -0.130698 0.959888
540.236 23.002 -0.286139 0.154503 0.931717
556.205 382.718 0.0986196 0.199164 1.05986
499.299 28.7063 -0.459475 0.328453 1.16521
892.427 474.919 0.1575 -0.183553 0.894794
558.899 153.519 -0.161921 0.142602 0.943018
813.779 582.912 0.389533 -0.156287 1.06718
643.292 392.416 0.0911379 0.0623223 0.963201
670.952 395.771 0.0837533 0.0266372 0.911743
899.985 442.621 0.224352 -0.326069 1.14899
790.138 282.969 -0.0462284 -0.159005 1.21007
552.317 237.84 -0.0891625 0.181478 1.01717
922.595 179.783 -0.125023 -0.222939 0.917904
719.486 17.2546 -0.245122 -0.0225108 0.862631
597.249 6.17157 -0.351582 0.115349 0.997045
680.336 176.281 -0.15594 0.021069 0.996637
768.68 381.191 0.0833575 -0.0792163 0.979117
813.795 430.662 0.130803 -0.122545 0.947076
779.701 145.83 -0.166491 -0.0856286 0.937825
850.306 115.939 -0.167135 -0.136268 0.872717
793.162 281.815 -0.0454803 -0.15623 1.1789
730.038 267.184 -0.0793618 -0.0504807 1.23505
936.657 228.046 -0.0742044 -0.226152 0.898049
631.114 579.777 0.441599 0.121865 1.14049
957.618 500.959 0.203445 -0.271308 0.935874
730.057 139.228 -0.189621 -0.0367451 0.976169
719.544 247.06 -0.137636 -0.0331657 1.32538
759.952 260.697 -0.0870688 -0.103724 1.2098
756.248 226.564 -0.152755 -0.0994729 1.22448
776.41 241.628 -0.13986 -0.15164 1.28938
555.596 556.318 0.270355 0.160839 0.958492
823.211 307.193 -0.000854324 -0.153707 1.01635
764.243 64.9492 -0.268469 -0.0750362 0.971869
491.572 145.275 -0.229799 0.290084 1.07856
565.697 158.938 -0.168001 0.146848 0.974029
605.803 103.387 -0.207433 0.09067 0.932513
848.66 119.465 -0.167258 -0.137243 0.880132
856.581 276.39 -0.0700859 -0.338126 1.32205
761.214 260.306 -0.0851691 -0.103419 1.19378
643.367 77.9869 -0.263651 0.061296 0.986934
934.545 52.6958 -0.158638 -0.152453 0.753903
957.473 251.318 -0.0463728 -0.217374 0.848743
739.608 276.534 -0.0657631 -0.0721703 1.27194
796.611 283.442 -0.0398376 -0.152848 1.14438
784.009 242.827 -0.135177 -0.165372 1.28057
633.822 47.9849 -0.240023 0.0554911 0.896743
511.788 51.17 -0.389764 0.283263 1.12161
557.05 116.123 -0.218194 0.158092 0.980739
768.066 8.97617 -0.245705 -0.0622159 0.853262
793.501 282.703 -0.0438234 -0.156424 1.17742
776.723 248.606 -0.152152 -0.180154 1.40588
619.913 365.948 0.0482447 0.067059 0.869822
772.03 286.144 -0.03667 -0.115128 1.15611
665.544 431.199 0.16269 0.0488527 1.04703
565.573 191.881 -0.13065 0.146333 0.970308
763.269 259.288 -0.0720106 -0.0913888 1.09746
487.521 483.602 0.142115 0.174328 0.849474
604.607 15.3841 -0.36359 0.114907 1.02619
907.924 492.867 0.14456 -0.166544 0.825917
738.279 43.0939 -0.34645 -0.052725 1.04944
731.099 302.836 -0.00688274 -0.0368818 0.983825
806.585 462.279 0.120903 -0.087638 0.830352
622.417 605.038 0.409568 0.113678 1.05902
913.983 107.265 -0.188965 -0.207549 0.904697
565.289 272.923 -0.0409657 0.146031 0.963905
755.005 614.709 0.398438 -0.0674101 1.02751
735.335 593.997 0.369484 -0.0418112 1.02635
777.73 241.796 -0.134464 -0.149547 1.26835
814.874 591.122 0.434017 -0.169511 1.10475
569.94 163.57 -0.171162 0.150167 0.996022
630.173 179.497 -0.144331 0.0750755 0.97207
725.176 237.076 -0.148476 -0.0439013 1.28343
632.276 183.176 -0.147133 0.0770143 0.993201
524.526 227.751 -0.0765837 0.157949 0.894083
730.571 268.746 -0.0786578 -0.0524992 1.25109
764.526 298.398 -0.00836641 -0.0505389 0.793726
656.839 312.293 0.00358732 0.0543955 1.02087
958.613 287.24 -0.0172386 -0.225095 0.8603
922.478 177.171 -0.131897 -0.230125 0.931766
759.262 292.343 -0.0470621 -0.146378 1.46573
819.977 9.71764 -0.312011 -0.130916 0.95037
580.852 204.92 -0.139623 0.158646 1.05391
759.843 315.146 0.00735231 -0.0684796 0.971565
667.546 75.3373 -0.220665 0.0257279 0.90678
825.161 436.21 0.128254 -0.127107 0.920773
771.696 269.618 -0.0571257 -0.104259 1.1002
546.494 100.177 -0.205854 0.146251 0.922513
757.79 308.837 0.00049726 -0.075166 1.04086
612.277 115.184 -0.215719 0.0943025 0.974168
700.815 130.152 -0.181095 -0.00476829 0.934038
815.126 131.789 -0.16494 -0.112503 0.900728
788.087 284.432 -0.046203 -0.163139 1.24084
773.359 311.145 0.00362273 -0.0940424 1.03174
686.261 218.698 -0.0652398 0.00432917 0.797448
625.503 364.404 0.0452216 0.059653 0.856771
940.417 166.186 -0.123687 -0.216034 0.873621
654.752 456.826 0.138295 0.0412748 0.897282
747.15 304.08 -0.00742973 -0.0733901 1.15387
821.743 114.952 -0.216956 -0.140678 0.978218
828.013 631.191 0.386658 -0.150559 0.988708
640.121 70.8286 -0.258215 0.0610359 0.964634
669.539 83.9258 -0.229635 0.0268112 0.93844
800.199 419.594 0.1165 -0.106203 0.939431
756.386 622.88 0.389194 -0.0663959 1.00497
715.254 0.468178 -0.308101 -0.0205674 0.932188
486.154 159.485 -0.206055 0.291744 1.06852
718.943 240.528 -0.122614 -0.0289368 1.20355
774.379 127.273 -0.158249 -0.0700512 0.873957
557.404 154.75 -0.170304 0.153657 0.968056
670.971 353.07 0.0556679 0.0380208 1.02724
743.002 233.509 -0.175043 -0.0887841 1.35352
647.73 30.9426 -0.245527 0.0404261 0.881246
633.568 534.143 0.232197 0.0693617 0.933331
590.792 389.815 0.118572 0.166931 1.10112
584.978 329.38 0.0287176 0.174782 1.10375
792.495 285.19 -0.0410474 -0.15965 1.1963
595.26 352.071 0.0369578 0.0910456 0.879916
789.464 317.802 0.0078786 -0.0829142 0.875919
706.333 551.238 0.0985888 -0.00821829 0.637264
555.009 400.084 0.0885001 0.14277 0.919859
776.35 387.67 0.0753032 -0.0752688 0.903294
782.403 385.718 0.0727372 -0.0804043 0.899378
872.411 90.2952 -0.20102 -0.164935 0.896979
624.181 481.716 0.160905 0.0701469 0.8956
818.328 348.118 0.0380874 -0.116324 0.905548
770.635 382.178 0.0795093 -0.0774498 0.953637
553.312 238.369 -0.0897654 0.183047 1.02369
505.254 346.642 0.0417212 0.228145 0.991124
562.395 336.188 0.0343398 0.184505 1.04837
622.713 563.492 0.218991 0.0657976 0.862906
813.467 371.417 0.065594 -0.119706 0.937111
637.884 398.205 0.0862412 0.0593321 0.913884
860.699 264.173 -0.0370192 -0.139091 0.854714
939.917 10.1326 -0.263712 -0.219681 0.882567
601.933 162.252 -0.180178 0.118383 1.01583
563.771 395.038 0.0927933 0.149674 0.962119
812.105 370.6 0.0665423 -0.121168 0.948196
629.769 350.695 0.0418798 0.0709012 0.935583
586.545 419.841 0.127903 0.13347 0.987387
918.027 164.305 -0.138332 -0.215722 0.912761
498.246 175.366 -0.170781 0.254179 1.03159
945.328 361.044 0.052844 -0.243702 0.912913
552.103 569.952 0.321467 0.187213 1.00951
689.719 291.747 -0.0202313 0.0110409 0.98801
485.026 494.109 0.17063 0.200634 0.895036
953.43 355.759 0.0461448 -0.244156 0.900307
648.844 365.163 0.02336 0.0180719 0.669292
868.821 416.354 0.0940434 -0.15018 0.866031
712.338 472.526 0.156781 -0.0131055 0.904265
572.748 383.289 0.065838 0.113672 0.886062
724.135 163.108 -0.18617 -0.0322933 1.03568
633.265 530.768 0.231381 0.0705916 0.938154
590.175 387.227 0.115856 0.169625 1.10615
627.064 296.318 -0.0153564 0.0824206 0.98082
814.794 124.383 -0.203827 -0.131199 0.972451
761.21 123.195 -0.172475 -0.0617212 0.899231
614.437 387.311 0.0939737 0.104996 1.0056
550.549 224.442 -0.0822744 0.1394 0.90855
722.294 319.263 0.0126212 -0.0272374 1.00576
847.211 583.494 0.267134 -0.143555 0.903706
755.436 621.915 0.392452 -0.0658254 1.01007
660.289 467.004 0.16552 0.041723 0.941353
949.315 298.614 -0.00872838 -0.264394 0.941483
723.678 109.151 -0.221014 -0.0297174 0.972641
495.624 126.015 -0.230373 0.25385 1.02805
809.62 346.019 0.0415408 -0.121859 0.96101
548.706 36.7096 -0.296262 0.160114 0.967014
829.492 585.882 0.402141 -0.182043 1.07662
579.499 423.76 0.122388 0.130265 0.954114
878.122 17.5254 -0.31284 -0.197633 0.962824
539.265 240.411 -0.0656667 0.146539 0.898809
601.103 348.862 0.0382625 0.0966059 0.921541
806.917 341.005 0.0395423 -0.128937 1.00013
702.532 140.413 -0.195306 -0.00557566 0.991945
632.322 282.188 -0.0292568 0.0698245 0.949003
858.924 598.269 0.245869 -0.136829 0.85255
716.236 334.876 0.033473 -0.0201034 1.03267
829.766 21.1662 -0.232886 -0.111775 0.848645
852.646 112.105 -0.164554 -0.133847 0.859211
798.529 65.3654 -0.223209 -0.0960337 0.895679
716.046 341.302 0.040668 -0.0196116 1.02083
634.863 59.746 -0.24877 0.0603373 0.929818
748.526 243.138 -0.153097 -0.101675 1.35463
643.36 360.202 0.201244 0.275139 1.7627
583.43 331.544 0.0273722 0.150172 1.03075
649.833 466.984 0.144176 0.0446339 0.887579
720.117 252.074 -0.149025 -0.0372214 1.42555
640.147 100.319 -0.719305 0.226605 1.63796
855.444 576.569 0.35549 -0.202106 1.03459
937.144 357.516 0.0576317 -0.271865 0.975174
779.083 591.822 0.428592 -0.112996 1.09846
714.206 347.001 0.0392566 -0.0163992 0.938486
731.136 135.465 -0.181476 -0.0363355 0.947855
914.26 184.769 -0.127765 -0.22769 0.943312
633.351 466.745 0.178678 0.0769551 0.974867
600.175 400.617 0.0881836 0.0963177 0.913863
716.666 39.2964 -0.56149 -0.030268 1.30016
782.458 387.826 0.0735377 -0.0793766 0.893278
810.095 580.106 0.448807 -0.173589 1.14206
482.939 62.5339 -0.391411 0.34367 1.14639
570.311 228.2 -0.0949873 0.149109 0.990291
750.183 242.771 -0.171297 -0.115165 1.42126
734.715 239.192 -0.179663 -0.0748329 1.41757
833.818 307.437 -0.000842204 -0.127319 0.892175
614.599 391.461 0.0880814 0.0920964 0.955577
681.08 311.892 0.00276161 0.0193279 0.961018
628.323 353.012 0.0432337 0.0705848 0.926534
702.151 120.623 -0.202379 -0.00586185 0.959509
820.671 18.756 -0.245543 -0.108701 0.865618
717.659 41.0691 -0.262562 -0.0223877 0.923221
957.874 78.2689 -0.208505 -0.241115 0.891022
860.858 141.126 -0.139725 -0.140098 0.857233
846.209 122.985 -0.170282 -0.139738 0.894571
849.906 227.336 -0.0799838 -0.152551 0.922078
774.352 572.88 0.298553 -0.0825854 0.966566
714.7 535.024 0.228202 -0.0149765 0.922608
853.494 587.797 0.273634 -0.150783 0.906765
923.166 351.665 0.0538756 -0.270171 1.00033
864.59 402.965 0.102451 -0.178479 0.950221
547.326 205.853 -0.209151 0.313009 1.26942
508.097 291.332 -0.0236067 0.233061 1.00926
510.271 281.279 -0.0334951 0.21433 0.979434
524.038 302.112 -0.0190024 0.388484 1.30529
503.088 92.9618 -0.26295 0.236019 1.01436
505.373 41.3724 -0.373454 0.26923 1.08191
608.209 107.758 -0.207894 0.0907157 0.942334
563.439 158.566 -0.164696 0.145731 0.964259
551.109 104.941 -0.20989 0.148511 0.940103
634.705 531.616 0.243413 0.0729407 0.957372
661.774 544.327 0.229173 0.0371855 0.909457
686.443 619.82 0.391526 0.0211845 1.01385
572.246 530.789 0.294289 0.175145 1.04436
600.961 563.79 0.318048 0.127943 1.01425
557.021 398.043 0.0896628 0.146179 0.934127
