852.184 543.353 0.135682 -0.06586 0.602684
767.176 412.434 0.786134 -0.338948 2.03703
826.655 421.715 0.0923992 -0.0573885 0.610692
889.912 41.9927 -0.0815937 -0.114307 0.733752
597.543 561.164 0.137506 0.0260155 0.594865
691.399 30.2968 -0.0826945 -0.00684882 0.720356
712.62 613.068 0.227843 -0.0158307 0.704349
550.223 546.766 0.146313 0.049809 0.624521
521.789 436.969 0.104852 0.0627544 0.636054
606.089 243.147 -0.274747 0.711833 2.29999
838.875 512.095 0.144898 -0.0714767 0.650651
880.039 627.475 0.296242 -0.136391 0.778995
595.898 560.063 0.13391 0.0255065 0.588382
510.959 444.831 0.100409 0.05984 0.611833
903.053 22.7521 -0.0768702 -0.108187 0.695548
843.186 516.215 0.142353 -0.0711183 0.640954
711.782 345.912 0.0763353 -0.0160305 0.687791
617.829 27.2447 -0.0591465 0.0214528 0.648939
707.912 295.378 0.0678379 -0.014784 0.927565
729.669 313.274 0.347681 -0.553398 5.37835
653.656 71.6504 -0.0528712 0.0103761 0.688519
719.741 301.716 -0.0373587 -0.125848 4.78825
739.978 284.796 0.0422952 -0.0258648 0.620532
614.382 461.266 0.0836343 0.0124194 0.539806
833.653 292.348 0.0337449 -0.0365099 0.482431
828.403 298.962 0.0494104 -0.062772 0.63822
632.657 635.383 0.210978 0.0227579 0.663706
800.548 82.572 -0.509883 -0.276739 1.55925
486.912 7.99179 -0.0666851 0.0735453 0.649237
655.696 339.991 0.0847045 0.0183391 0.761274
865.199 472.512 0.14536 -0.0961213 0.697161
837.014 441.985 0.0796532 -0.0478789 0.542437
787.411 210.657 -0.0270566 -0.109984 1.01631
726.113 293.949 -0.0587875 -0.213319 3.62259
637.646 79.1844 -0.0656134 0.0240438 0.743358
771.072 367.982 0.559094 -0.395369 2.15441
711.036 221.044 -0.199917 -0.0157544 1.77399
553.343 419.417 0.111221 0.0617814 0.683235
568.229 444.82 0.0943238 0.0344291 0.591571
814.297 260.412 0.0277274 -0.0330754 0.485114
596.614 360.334 0.0890575 0.0468751 0.719158
712.217 626.922 0.208654 -0.0151814 0.665814
809.526 424.29 0.0968222 -0.0531031 0.622928
637.117 433.418 0.100379 0.0142894 0.624756
516.707 354.872 0.070564 0.0628826 0.634179
494.223 207.566 0.0169263 0.0341066 0.507626
949.657 427.793 0.123104 -0.141425 0.701292
589.864 572.793 0.130005 0.0248076 0.571539
557.265 360.603 0.0700991 0.04308 0.618186
712.895 615.917 0.224788 -0.0159006 0.697624
667.794 262.024 0.0350042 0.00408321 0.672876
545.257 280.726 0.0540667 0.262965 1.18382
481.169 4.19172 -0.0649059 0.0727882 0.640105
483.257 389.412 0.0688363 0.0537061 0.563561
562.133 527.441 0.144389 0.047898 0.637565
888.438 45.0361 -0.0806123 -0.114077 0.735371
725.929 293.048 0.0573232 -0.0269099 0.787216
736.934 296.06 -0.0561455 -0.466832 3.88819
715.137 150.296 -0.711752 -0.0363407 2.1358
532.254 101.983 -0.0597615 0.090504 0.765692
824.836 423.346 0.094025 -0.0574057 0.614267
500.64 229.528 0.0206579 0.0713709 0.647564
870.364 352.464 0.0813319 -0.0961991 0.693989
719.091 266.926 -0.0706048 -0.0539908 2.07444
723.494 304.031 -0.0913126 -0.332066 5.82806
857.368 8.26548 -0.0740445 -0.0800269 0.670773
882.101 291.888 0.0507743 -0.100902 0.69279
899.079 28.3504 -0.0785402 -0.11014 0.707116
710.179 351.872 0.0778924 -0.0151471 0.679876
959.443 497.042 0.276041 -0.272632 0.917544
494.333 99.4599 -0.348748 0.461666 1.38713
513.241 326.59 0.0940836 0.166829 0.902357
500.392 454.342 0.0983858 0.0585203 0.594557
