716.628 614.45 0.372626 -0.0161147 0.988051
525.911 441.195 0.186757 0.242731 1.06304
651.487 591.539 0.397473 0.0732534 1.05356
619.519 447.418 0.142102 0.0796852 0.923722
774.325 555.079 0.382108 -0.105491 1.09582
936.972 203.855 -0.0895829 -0.22382 0.899955
566.099 214.299 -0.103452 0.151104 0.995206
781.84 117.112 -0.168278 -0.0802492 0.898856
786.476 0.920982 -0.254197 -0.0804869 0.875165
753.307 51.0807 -0.236544 -0.0567925 0.917042
774.685 563.449 0.282115 -0.0795655 0.948219
714.565 528.91 0.213474 -0.014332 0.899339
797.831 442.671 0.12607 -0.090947 0.884086
848.126 562.038 0.271294 -0.154101 0.932589
877.015 392.001 0.0916454 -0.181681 0.929441
881.083 394.094 0.0893136 -0.177973 0.91106
525.526 191.244 -0.117549 0.175856 0.950133
520.22 86.7479 -0.25165 0.203362 1.00634
527.749 59.4835 -0.24787 0.168168 0.948649
501.183 457.241 0.166471 0.220036 0.964884
566.996 390.907 0.100711 0.156203 0.993756
731.548 83.6027 -0.168743 -0.0310559 0.835262
825.149 365.866 0.0518068 -0.108345 0.856572
558.108 229.394 -0.0996235 0.188556 1.06331
610.997 378.083 0.0758962 0.0910309 0.942446
699.319 107.169 -0.212356 -0.00423766 0.975443
797.258 50.8813 -0.237883 -0.0988556 0.919501
926.764 159.261 -0.133661 -0.219845 0.911605
910.976 281.325 -0.0226792 -0.257459 1.00999
948.559 39.5591 -0.180807 -0.178203 0.797418
836.015 497.628 0.237488 -0.163133 0.998195
516.045 126.277 -0.179457 0.179382 0.942018
490.007 118.007 -0.25919 0.289878 1.09233
558.18 257.274 -0.0489697 0.141596 0.942275
590.3 571.772 0.286399 0.119964 0.947221
608.593 379.415 0.0844837 0.102759 0.977548
832.009 82.4907 -0.188929 -0.120168 0.878901
849.166 117.196 -0.149771 -0.126887 0.853287
855.069 89.7452 -0.170996 -0.131385 0.85264
900.105 77.8788 -0.201049 -0.186967 0.896734
714.401 541.157 0.199959 -0.0136734 0.856082
879.657 393.235 0.0894787 -0.178356 0.915284
510.606 279.642 -0.0319399 0.237858 1.03336
601.133 162.271 -0.200265 0.13925 1.09827
556.892 256.215 -0.0494141 0.140605 0.936169
629.72 528.339 0.220522 0.0697043 0.915417
659.033 538.082 0.209035 0.036074 0.878285
589.738 572.287 0.285124 0.119755 0.94466
927.061 278.421 -0.0235202 -0.246439 0.956927
921.983 211.707 -0.0943151 -0.240662 0.958304
616.449 373.76 0.0890624 0.107706 1.0322
568.442 506.981 0.251244 0.166835 1.01314
831.459 85.4375 -0.214417 -0.136671 0.936715
862.806 85.9757 -0.218417 -0.171588 0.946092
845.219 558.542 0.2553 -0.144828 0.914641
740.183 600.701 0.341192 -0.0432729 0.970213
541.486 223.62 -0.0890805 0.170692 0.9743
490.791 69.6112 -0.263948 0.229828 0.994304
721.686 293.858 -0.00924384 -0.0211738 0.820411
583.451 23.7629 -0.337639 0.135558 1.0295
562.401 175.703 -0.139455 0.145167 0.971556
595.918 151.237 -0.188282 0.125705 1.03218
928.479 158.739 -0.133848 -0.221006 0.910722
789.221 618.404 0.322276 -0.0899392 0.922066
659.403 144.716 -0.16619 0.0378983 0.957983
574.508 222.614 -0.103203 0.157708 1.0398
847.775 102.259 -0.176268 -0.13683 0.888143
615.168 284.448 -0.0193097 0.0746881 0.899991
721.388 142.398 -0.192855 -0.0295102 1.02039
554.068 391.427 0.0838875 0.141849 0.920415
569.415 427.518 0.0643121 0.0687953 0.725726
518.136 81.377 -0.254261 0.202589 1.00022
524.049 506.497 0.05279 0.0487354 0.569398
649.196 452.812 0.127249 0.0419139 0.868249
533.829 268.887 -0.0509817 0.239617 1.09654
831.524 86.5748 -0.213779 -0.137017 0.937632
573.423 148.34 -0.147324 0.113739 0.913741
596.436 153.014 -0.190702 0.128584 1.04372
946.543 273.82 -0.025146 -0.231525 0.89605
611.037 378.307 0.0852597 0.102502 0.987165
696.3 87.8852 -0.196485 -0.00287185 0.9029
927.907 70.9698 -0.190494 -0.195472 0.863593
730.482 65.8542 -0.221032 -0.0348783 0.912946
522.729 438.197 0.174852 0.236189 1.04345
592.283 147.393 -0.187052 0.125596 1.01758
653.672 134.97 -0.158863 0.0380731 0.913444
767.041 298.958 -0.00450699 -0.0607802 0.862734
577.074 317.989 0.0188687 0.168396 1.06648
546.488 560.329 0.255778 0.155724 0.922033
913.727 480.965 0.133085 -0.164412 0.814301
800.723 439.832 0.117727 -0.0899474 0.86725
571.541 191.218 -0.170054 0.194635 1.12831
497.368 139.303 -0.251216 0.307947 1.13672
793.464 57.1114 -0.190195 -0.0793433 0.839637
524.949 264.144 -0.0521773 0.224599 1.04418
698.974 114.885 -0.21522 -0.00328364 0.999174
588.001 361.397 0.0639572 0.125833 0.979053
512.171 446.443 0.167376 0.225104 0.997972
865.61 382.965 0.0931709 -0.18965 0.978079
487.986 66.7369 -0.26297 0.228983 0.987267
865.745 83.0971 -0.218318 -0.17236 0.940387
600.126 150.21 -0.191743 0.122098 1.03781
686.794 278.657 -0.0269877 0.0120355 0.96876
819.366 424.582 0.115787 -0.115704 0.903287
664.858 151.872 -0.17197 0.0361155 0.993667
590.963 400.725 0.124141 0.142226 1.03516
677.316 296.184 -0.0078044 0.0183185 0.911836
791.887 586.475 0.370379 -0.115253 1.02505
697.594 88.0877 -0.197009 -0.00402371 0.904395
817.38 362.136 0.0568305 -0.115146 0.908415
576.206 224.625 -0.105054 0.163244 1.06055
672.998 377.075 0.0768437 0.0270786 0.947542
714.74 534.48 0.200987 -0.0141512 0.868249
523.935 275.859 -0.0415942 0.256719 1.10123
561.094 48.5479 -0.332989 0.17736 1.0655
831.536 422.92 0.185564 -0.196208 1.10869
809.488 381.98 0.0580803 -0.0870479 0.820712
493.189 272.728 -0.0362259 0.224704 0.972758
597.774 557.59 0.299534 0.124346 0.988628
668.729 4.97444 -0.27011 0.0210445 0.904192
611.733 329.404 0.0272187 0.0949128 0.966444
707.275 291.205 -0.0120731 -0.0104031 0.90378
954.678 165.267 -0.133425 -0.257392 0.929734
641.115 378.827 0.0789055 0.0612989 0.951065
547.702 372.937 0.0850173 0.191306 1.02381
656.572 435.938 0.14555 0.0480807 0.964808
953.129 341.019 0.0374265 -0.240966 0.899906
640.331 381.237 0.0796655 0.0606653 0.94247
677.969 295.089 -0.0088184 0.0173617 0.907469
517.721 184.729 -0.189099 0.289395 1.15302
661.239 527.436 0.210335 0.036305 0.89811
561.482 216.277 -0.206622 0.335198 1.37843
625.985 336.699 0.0314541 0.0708501 0.925005
626.536 437.566 0.14894 0.0826125 0.970693
609.185 462.353 0.058163 0.0320458 0.638795
920.299 164.411 -0.139323 -0.230939 0.944769
868.775 385.07 0.0928183 -0.188219 0.966022
803.171 454.488 0.119382 -0.0854315 0.8366
860.567 80.8111 -0.164672 -0.1259 0.822959
575.025 144.916 -0.16075 0.12099 0.942079
754.164 42.4402 -0.232137 -0.0552419 0.895822
757.344 32.4946 -0.224118 -0.0547582 0.867249
578.937 321.252 0.023515 0.167215 1.06966
833.08 75.3604 -0.188615 -0.117374 0.865914
762.551 243.503 -0.089645 -0.095988 1.13302
756.117 251.48 -0.0960252 -0.102719 1.24762
513.411 217.85 -0.0765921 0.155523 0.876243
708.308 362.054 0.0622755 -0.0103674 0.952241
931.519 529.249 0.113698 -0.125407 0.697473
705.087 299.29 -0.00493336 -0.0085204 0.85933
817.202 312.87 0.00908046 -0.111061 0.893474
854.462 551.189 0.233273 -0.145861 0.891821
777.777 582.672 0.266838 -0.0743443 0.89819
793.189 432.217 0.131802 -0.0961867 0.930038
526.887 276.554 -0.0414269 0.25856 1.11244
798.676 440.02 0.123777 -0.0918058 0.884471
786.857 296.02 -0.00668689 -0.0810227 0.881757
666.277 512.168 0.227806 0.0380634 0.957137
530.088 434.723 0.182876 0.243662 1.07611
936.674 394.991 0.104482 -0.262918 0.963562
549.789 562.852 0.267387 0.158019 0.935263
656.461 438.459 0.144275 0.0466584 0.953542
633.158 427.624 0.148425 0.0814424 1.00173
925.867 484.315 0.122527 -0.158712 0.78234
673.99 157.561 -0.174293 0.0278961 1.0174
800.404 263.963 -0.0498026 -0.135338 1.05943
867.306 389.521 0.0915817 -0.176164 0.940484
713.557 332.081 0.0305502 -0.0163842 0.953462
791.522 56.6999 -0.188629 -0.0771375 0.835843
562.924 175.356 -0.14077 0.145698 0.974605
561.215 144.137 -0.177095 0.149379 0.982543
528.696 138.151 -0.186421 0.187814 0.988889
789.027 65.5978 -0.193401 -0.079469 0.859229
549.687 230.139 -0.0971812 0.196276 1.05541
671.624 353.953 0.0513058 0.0273428 0.939799
859.649 381.299 0.100167 -0.198858 1.01742
838.53 211.092 -0.104857 -0.165008 0.999219
785.291 299.332 -0.0035473 -0.0838547 0.904894
617.997 370.746 0.0885807 0.110128 1.04934
788.565 577.459 0.270218 -0.0870159 0.909928
820.383 421.788 0.134876 -0.135858 0.971238
545.686 481.554 0.165005 0.144901 0.900305
748.725 46.0825 -0.282356 -0.0597124 0.985439
795.331 44.2157 -0.182465 -0.0743355 0.80562
817.945 356.042 0.0583597 -0.129101 0.957448
555.936 370.312 0.0907824 0.201238 1.07001
482.628 218.604 -0.128397 0.324499 1.11958
549.346 132.288 -0.166808 0.140151 0.925556
815.973 576.943 0.36963 -0.151057 1.039
639.076 382.468 0.0798501 0.0610844 0.937351
668.785 383.447 0.0742293 0.0272017 0.903779
481.732 245.182 -0.0860444 0.314911 1.10042
924.553 446.933 0.191926 -0.291984 1.03372
789.676 270.973 -0.0542532 -0.157512 1.20966
546.238 223.086 -0.0966149 0.18021 1.00938
926.745 160.666 -0.132148 -0.21949 0.910928
600.723 5.51767 -0.380577 0.121953 1.05788
678.14 162.017 -0.165561 0.0222541 1.0078
769.053 369.316 0.0733765 -0.077154 0.964911
811.264 414.36 0.124098 -0.123682 0.964328
858.17 85.4827 -0.168618 -0.129616 0.839798
797.799 267.07 -0.0509667 -0.14611 1.11483
728.428 258.546 -0.0917355 -0.0525512 1.30268
728.222 124.76 -0.200318 -0.0363878 0.991018
718.357 238.36 -0.150359 -0.0335205 1.3718
758.982 248.532 -0.09503 -0.10241 1.21112
755.643 213.086 -0.159788 -0.0978463 1.21853
775.564 230.063 -0.148042 -0.150992 1.29549
534.923 573.636 0.237634 0.147293 0.875192
822.482 293.581 -0.00937059 -0.152918 1.02053
501.469 142.119 -0.252292 0.308721 1.14781
561.041 142.893 -0.176377 0.147602 0.977309
602.728 86.2777 -0.216968 0.0912177 0.940434
856.049 90.4008 -0.169452 -0.131403 0.850287
915.116 247.095 -0.0614044 -0.252389 0.992837
762.888 244.795 -0.0896903 -0.0984236 1.14488
641.898 66.1281 -0.278413 0.0634593 1.01388
737.935 265.477 -0.0736132 -0.0701634 1.27703
795.646 271.093 -0.0483308 -0.152556 1.15184
779.601 235.39 -0.15017 -0.172649 1.34934
505.584 34.2114 -0.400249 0.285623 1.13153
553.567 101.09 -0.228622 0.160319 0.993123
794.378 269.688 -0.0511537 -0.151971 1.15745
774.807 239.434 -0.163601 -0.183521 1.44026
626.711 346.928 0.0419409 0.0709311 0.927755
768.604 275.546 -0.0465882 -0.119475 1.2104
663.429 422.303 0.150211 0.0479088 1.02435
525.54 440.792 0.154958 0.201156 0.982337
613.585 30.6962 -0.410805 0.127457 1.13932
913.538 482.623 0.132539 -0.162333 0.809968
731.34 287.714 -0.0142565 -0.0305496 0.859323
810.086 453.594 0.108328 -0.0843922 0.807135
620.325 598.469 0.391231 0.111739 1.03634
910.472 93.1927 -0.201011 -0.210358 0.92549
482.913 173.995 -0.256839 0.431135 1.27517
564.535 259.832 -0.0500658 0.148844 0.979843
756.748 620.27 0.368021 -0.0626047 0.973546
769.705 240.194 -0.160208 -0.168679 1.43408
815.62 582.082 0.41683 -0.165071 1.08536
560.497 142.877 -0.17544 0.147295 0.974864
723.036 237.867 -0.178596 -0.0491184 1.4763
629.339 168.608 -0.156186 0.0784902 1.00113
540.062 221.076 -0.091964 0.172407 0.974906
729.207 257.979 -0.0878261 -0.0522108 1.2708
913.456 166.745 -0.145615 -0.237768 0.971515
575.148 189.208 -0.146535 0.157674 1.04566
664.141 54.8156 -0.22865 0.0263681 0.908064
827.836 425.738 0.116591 -0.123415 0.901886
770.11 257.307 -0.0661187 -0.104591 1.11608
610.952 104.144 -0.229796 0.0983129 1.00305
698.233 108.446 -0.18656 -0.0040464 0.921986
822.732 98.878 -0.163806 -0.105158 0.852056
789.811 271.617 -0.053269 -0.158195 1.21134
782.344 297.336 -0.00541816 -0.08263 0.913557
687.214 199.967 -0.0743863 0.00272635 0.797871
625.384 349.454 0.0376069 0.0613148 0.872559
927.116 157.41 -0.138674 -0.225537 0.9218
653.186 443.159 0.130018 0.0426333 0.900447
748.306 291.13 -0.0151976 -0.0683018 1.08952
828.153 84.1098 -0.215257 -0.133097 0.935802
830.852 626.077 0.366299 -0.145349 0.961626
636.121 51.7971 -0.266854 0.0619976 0.968937
661.438 40.1317 -0.221498 0.0252099 0.872688
800.642 407.59 0.106315 -0.103668 0.929195
757.442 619.561 0.367537 -0.0634685 0.973945
488.699 150.685 -0.220816 0.30222 1.10593
717.535 231.797 -0.135761 -0.0290949 1.2552
771.691 115.543 -0.171577 -0.0717035 0.903314
556.688 142.276 -0.182205 0.15723 0.990224
671.897 338.498 0.0496652 0.0408346 1.07581
741.802 222.438 -0.183819 -0.0881004 1.36262
643.416 9.73381 -0.254567 0.0415804 0.886186
629.779 527.683 0.217477 0.0687805 0.911274
600.42 371.928 0.118687 0.180124 1.18663
575.967 318.387 0.0191221 0.167715 1.06074
787.204 275.273 -0.0515595 -0.166996 1.264
783.651 302.307 -0.000358423 -0.0871774 0.931428
706.369 505.893 0.0960952 -0.00803165 0.689403
555.528 385.711 0.0808365 0.144855 0.932509
770.102 366.823 0.0720218 -0.0795355 0.972553
780.352 369.744 0.0652308 -0.0810585 0.917305
861.406 87.0542 -0.221826 -0.173515 0.954896
625.023 464.753 0.154117 0.0716525 0.909888
815.778 332.77 0.0298924 -0.117155 0.921942
771.29 369.986 0.0695896 -0.0757439 0.940504
549.203 224.478 -0.0979815 0.18309 1.02429
502.024 334.297 0.0331533 0.228502 0.992436
560.659 324.066 0.0260765 0.18577 1.05432
808.938 355.172 0.0593351 -0.122848 0.971057
633.698 387.607 0.0755317 0.0586291 0.893857
862.706 247.322 -0.0452607 -0.136784 0.848831
597.727 146.185 -0.188198 0.118897 1.01706
812.665 357.455 0.0572556 -0.119028 0.941062
625.89 338.194 0.0326185 0.0703228 0.921786
584.451 407.867 0.118724 0.133548 0.985352
922.023 144.706 -0.145494 -0.212734 0.906867
940.908 345.35 0.045058 -0.246308 0.92932
551.661 557.59 0.311032 0.186889 1.00641
689.493 279.041 -0.0296718 0.01216 1.02802
946.995 339.477 0.0383939 -0.248194 0.922225
645.631 349.221 0.0143081 0.0186862 0.665877
482.391 483.805 0.160838 0.197963 0.888506
870.702 403.071 0.0841928 -0.147442 0.858136
711.388 460.362 0.146568 -0.0121575 0.898149
722.04 153.186 -0.200495 -0.0321502 1.07166
630.663 521.403 0.218901 0.0705716 0.925007
586.818 376.759 0.105943 0.168292 1.09532
613.692 281.238 -0.0222507 0.075851 0.899425
819.024 95.9386 -0.203614 -0.123831 0.93514
619.998 369.748 0.0909256 0.112309 1.06789
721.113 306.093 0.0039599 -0.0260594 0.994979
853.649 583.192 0.246987 -0.136658 0.867228
755.634 613.499 0.375686 -0.0634994 0.991587
658.841 454.986 0.155555 0.0421695 0.936511
953.918 283.384 -0.0171724 -0.259906 0.931678
721.808 89.9689 -0.228525 -0.0288152 0.971948
491.328 111.494 -0.240598 0.256582 1.03968
810.773 332.742 0.0323934 -0.119433 0.950249
554.375 36.1433 -0.322238 0.170406 1.02779
825.946 566.27 0.398715 -0.182946 1.09251
580.268 408.984 0.115379 0.132902 0.969437
534.542 225.209 -0.0740443 0.146905 0.899684
602.184 334.751 0.0309938 0.0996602 0.945089
703.907 159.185 -0.24132 -0.0058752 1.18735
626.393 266.965 -0.0368735 0.0684288 0.922991
852.339 569.892 0.244532 -0.140419 0.881733
714.19 323.908 0.0220931 -0.0172112 0.956754
857.403 85.999 -0.16905 -0.129631 0.841662
796.96 47.4082 -0.233568 -0.0957708 0.906378
714.709 329.169 0.0313862 -0.0183206 1.00206
816.332 333.276 0.02134 -0.0925492 0.821763
865.402 605.241 0.228738 -0.128065 0.813989
504.478 133.215 -0.230118 0.260662 1.07455
671.282 147.976 -0.166313 0.026352 0.967563
567.167 260.587 -0.0501779 0.149458 0.989428
859.196 590.876 0.23626 -0.132709 0.841842
670.07 382.855 0.0739122 0.0260808 0.904875
608.724 97.4706 -0.224428 0.0944373 0.977824
572.176 219.841 -0.105084 0.15783 1.03248
810.375 356.072 0.0581093 -0.120602 0.956384
839.009 337.508 0.024997 -0.110412 0.823963
687.262 237.979 -0.0827402 0.0149228 1.04163
826.213 119.475 -0.176738 -0.128202 0.925365
713.341 330.931 0.0285957 -0.0160766 0.944823
845.66 549.128 0.3664 -0.209369 1.08455
529.267 138.193 -0.18429 0.184891 0.983804
676.957 347.122 0.0584332 0.0314835 1.05017
564.07 320.462 0.0178696 0.154496 0.987525
648.854 221.953 -0.032354 0.00720359 0.547686
606.787 96.8472 -0.224925 0.096439 0.977476
654.925 42.9332 -0.288392 0.0443472 0.988849
612.909 107.725 -0.235455 0.100915 1.02252
561.792 113.88 -0.241322 0.172427 1.04806
708.23 475.031 0.092553 -0.00927449 0.724975
573.469 260.58 -0.0528743 0.151713 1.01574
579.072 129.002 -0.16994 0.111648 0.92622
705.82 513.113 0.0903072 -0.0077316 0.665458
891.588 561.046 0.126318 -0.101905 0.689678
920.033 296.967 -0.00716406 -0.116882 0.693009
596.721 157.473 -0.197133 0.137677 1.07407
544.14 436.314 0.149633 0.179105 0.981008
901.631 78.4117 -0.183408 -0.172493 0.860899
588.974 403.109 0.125736 0.143106 1.03001
895.896 344.336 0.046987 -0.214214 0.95824
581.358 256.013 -0.0460156 0.106102 0.903389
826.79 90.6943 -0.216965 -0.136523 0.952044
718.006 298.317 -0.00542445 -0.0199217 0.884519
489.768 132.653 -0.243615 0.296529 1.1011
822.426 322.026 0.00478472 -0.0677779 0.693691
808.639 100.217 -0.190296 -0.108568 0.91504
633.815 273.132 -0.0340919 0.0710143 0.974971
822.014 577.77 0.414337 -0.176164 1.0899
817.485 415.273 0.119483 -0.125383 0.945688
632.507 44.7327 -0.261104 0.0619159 0.947686
746.844 233.85 -0.16488 -0.103214 1.38971
646.326 350.573 0.202128 0.287855 1.8427
577.072 319.737 0.0183496 0.147328 1.00932
650.124 450.542 0.137204 0.045732 0.900894
719.042 245.907 -0.166287 -0.0388765 1.51457
645.673 111.19 -0.806748 0.252493 1.82362
858.424 569.722 0.337393 -0.195885 1.00946
940.181 344.039 0.0484487 -0.26784 0.966863
781.1 589.628 0.403473 -0.107901 1.0587
712.916 334.384 0.029784 -0.0153294 0.918753
729.252 118.417 -0.190249 -0.035449 0.952905
927.354 160.186 -0.130487 -0.216561 0.90423
631.013 457.149 0.166925 0.0758764 0.960043
597.538 388.063 0.0789847 0.0962922 0.910228
714.864 38.7695 -0.601761 -0.0311699 1.37852
784.368 376.576 0.0627362 -0.07633 0.869483
814.534 581.737 0.418048 -0.164085 1.08739
506.284 78.2592 -0.447045 0.385645 1.28877
565.071 212.765 -0.102514 0.147819 0.983266
748.569 233.802 -0.183228 -0.116898 1.45626
729.467 253.138 -0.252259 -0.100844 1.92742
838.241 292.286 -0.00935494 -0.122736 0.868307
608.912 381.6 0.0769644 0.0901457 0.930036
678.505 298.22 -0.0057908 0.0195966 0.94425
625.907 339.773 0.0344989 0.0709974 0.924993
699.894 103.889 -0.211634 -0.0050509 0.966759
715.214 18.9862 -0.270193 -0.0214155 0.923896
959.073 59.1978 -0.217963 -0.24131 0.898502
873.762 108.142 -0.139935 -0.131187 0.809875
850.171 98.915 -0.175202 -0.136005 0.879193
842.805 215.946 -0.0920663 -0.158044 0.964912
772.221 551.01 0.295451 -0.0834286 0.98797
714.078 525.235 0.215809 -0.0139872 0.909794
855.532 578.279 0.259562 -0.146985 0.891775
931.407 339.383 0.0437108 -0.260819 0.971772
867.499 390.997 0.0920043 -0.174495 0.935813
513.474 174.746 -0.192098 0.276408 1.12027
511.706 279.306 -0.0327615 0.240096 1.04005
485.845 289.227 -0.0248707 0.34075 1.14315
503.232 82.4312 -0.278242 0.242895 1.0444
497.56 22.193 -0.381969 0.270264 1.08628
608.724 98.7521 -0.223768 0.0948124 0.979216
555.435 138.956 -0.170437 0.143935 0.951582
546.636 88.5949 -0.219665 0.150453 0.949526
490.077 475.712 0.164261 0.204268 0.913827
628.9 532.386 0.222709 0.0699357 0.912167
659.813 535.874 0.215788 0.0372251 0.893454
685.983 610.378 0.376037 0.0214367 0.998734
571.121 519.529 0.283316 0.174454 1.0388
604.654 542.848 0.316287 0.131261 1.03913
552.753 386.419 0.0799569 0.144864 0.925291
