714.886 612.273 0.373496 -0.0157221 0.977747
530.96 430.644 0.197687 0.250552 1.09599
650.097 584.934 0.403421 0.0735604 1.05664
618.34 439.32 0.148039 0.0801551 0.928255
772.174 546.442 0.391117 -0.106532 1.10816
934.473 196.616 -0.0847075 -0.224743 0.90545
561.234 205.379 -0.0965304 0.149256 0.981083
781.031 107.544 -0.162314 -0.0796496 0.896267
752.404 39.9952 -0.229704 -0.0559838 0.911651
774.468 562.784 0.282035 -0.0779791 0.931338
712.873 523.111 0.217337 -0.0140912 0.894329
797.612 437.358 0.129718 -0.0894084 0.872866
849.336 561.26 0.271497 -0.150785 0.915992
889.309 392.196 0.0910269 -0.17045 0.873464
891.814 393.286 0.0896839 -0.16839 0.863513
515.88 178.709 -0.108961 0.171182 0.923441
520.164 81.1952 -0.248505 0.205641 1.01573
525.649 50.593 -0.242586 0.168549 0.949439
512.886 440.819 0.180967 0.232491 1.01766
565.278 384.269 0.106069 0.156581 0.995121
728.897 87.9851 -0.171245 -0.0319647 0.878275
822.148 356.619 0.0578198 -0.10916 0.866225
536.335 213.091 -0.0860601 0.172372 0.970447
608.323 371.426 0.0808646 0.0909364 0.938012
697.102 91.1441 -0.200993 -0.00359639 0.946739
796.41 41.8441 -0.232344 -0.0984237 0.919234
928.982 149.087 -0.126757 -0.21679 0.901503
915.218 274.489 -0.0169729 -0.252159 0.989974
945.579 32.6513 -0.176672 -0.180102 0.805703
848.6 514.623 0.22259 -0.149116 0.914269
515.915 119.906 -0.175478 0.181516 0.950941
483.081 107.368 -0.250247 0.286516 1.07679
556.271 249.779 -0.043464 0.142173 0.943821
588.874 564 0.292411 0.120458 0.950359
604.868 374.034 0.0884929 0.101395 0.963884
829.937 74.8641 -0.184127 -0.119936 0.883254
846.898 109.588 -0.145394 -0.127464 0.86002
855.372 78.6883 -0.164703 -0.130579 0.84875
899.639 68.8725 -0.195488 -0.186439 0.896326
711.818 536.802 0.202843 -0.0127026 0.846273
883.078 388.772 0.0926342 -0.173569 0.894189
508.165 272.934 -0.0266442 0.237311 1.03157
595.894 151.364 -0.19058 0.136498 1.07313
558.348 249.439 -0.0447863 0.143125 0.952165
631.775 511.468 0.233768 0.0723236 0.948115
659.797 518.154 0.223201 0.0382323 0.915433
587.801 565.68 0.290031 0.119704 0.94433
935.58 270.284 -0.0175684 -0.237872 0.925028
917.689 206.236 -0.0899613 -0.24291 0.970302
609.023 371.358 0.0904155 0.103433 0.989078
566.23 501.386 0.255887 0.166667 1.01156
833.657 69.8025 -0.204022 -0.132282 0.914071
875.192 57.3628 -0.199348 -0.159757 0.884634
846.376 558.054 0.255335 -0.141157 0.896785
738.951 595.029 0.345573 -0.0434191 0.968465
535.487 214.273 -0.0821467 0.167891 0.95776
480.017 52.7221 -0.251849 0.224512 0.968465
720.73 285.395 -0.00431388 -0.0237702 0.894131
578.21 7.94443 -0.325806 0.133081 1.00911
558.942 166.683 -0.133127 0.144479 0.965028
594.547 145.121 -0.184229 0.127459 1.03862
931.815 147.782 -0.126434 -0.217067 0.897101
787.186 610.377 0.328136 -0.0898235 0.92449
659.012 140.414 -0.163892 0.0391666 0.975865
564.893 211.288 -0.0938901 0.151659 0.998084
848.932 90.0816 -0.16883 -0.134789 0.877877
617.319 277.234 -0.0142653 0.0773227 0.928432
720.301 122.983 -0.177403 -0.0274213 0.965259
553.634 383.057 0.0900708 0.143439 0.928672
571.099 412.051 0.0713173 0.0705083 0.741406
493.713 48.4598 -0.229495 0.187457 0.923212
530.964 475.069 0.0606314 0.0507834 0.590619
648.283 443.362 0.133594 0.042154 0.874799
536.413 263.76 -0.0469509 0.244649 1.11885
839.393 60.9224 -0.197434 -0.129092 0.886472
569.912 137.995 -0.140849 0.113281 0.907373
597.633 149.798 -0.189053 0.1315 1.06453
950.226 265.407 -0.0193634 -0.226796 0.881166
611.835 369.923 0.0923755 0.105112 1.00795
693.681 67.881 -0.18415 -0.00231011 0.870564
926.979 61.9123 -0.185158 -0.195164 0.864586
729.285 55.8678 -0.214969 -0.0343875 0.910469
529.847 426.498 0.186946 0.245263 1.08374
587.308 135.531 -0.178066 0.123052 0.996758
653.606 130.241 -0.156115 0.0389932 0.930026
764.033 290.685 0.00102716 -0.0614387 0.880444
569.529 312.25 0.0232398 0.163228 1.03309
543.658 554.241 0.260199 0.155426 0.919522
899.008 460.359 0.14576 -0.172617 0.857574
800.795 434.947 0.120771 -0.0877267 0.852035
569.511 184.904 -0.164526 0.194535 1.12659
500.347 136.979 -0.251326 0.315247 1.16059
792.431 45.5008 -0.183764 -0.0783042 0.836217
513.983 255.388 -0.0451823 0.216027 1.00618
696.909 96.5493 -0.20115 -0.00309959 0.958021
584.809 355.289 0.0685951 0.124525 0.969944
491.298 68.6717 -0.25838 0.234606 1.00825
505.888 443.398 0.169965 0.220961 0.981232
887.673 389.28 0.0879371 -0.168063 0.871305
482.441 54.7701 -0.255037 0.226893 0.977343
865.135 74.8255 -0.212839 -0.171883 0.94017
599.623 144.813 -0.188209 0.123667 1.04739
686.335 272.523 -0.0221143 0.0125058 0.992035
824.539 425.201 0.115371 -0.10972 0.860178
659.016 131.393 -0.156747 0.0342425 0.934509
587.468 395.911 0.127902 0.140892 1.02438
676.756 288.591 -0.00242718 0.0186588 0.926591
791.77 585.786 0.36985 -0.11345 1.01022
696.784 84.275 -0.195073 -0.00385276 0.921454
814.359 353.778 0.0630279 -0.116312 0.920522
571.948 216.927 -0.0981127 0.161348 1.04656
672.951 367.908 0.0845928 0.028022 0.973599
712.701 532.607 0.201892 -0.0135098 0.850966
515.192 268.907 -0.035166 0.250241 1.07222
549.614 25.8525 -0.314145 0.171018 1.02066
836.724 424.909 0.181586 -0.185713 1.05603
806.81 371.947 0.0640555 -0.0874551 0.828323
527.158 271.251 -0.0357174 0.257246 1.11587
601.925 539.094 0.317201 0.129637 1.02954
607.949 322.658 0.0320588 0.0942554 0.954724
704.837 283.113 -0.00618283 -0.00937587 0.881061
956.514 156.062 -0.126967 -0.254721 0.92211
636.629 374.035 0.0820162 0.0602381 0.927855
515.524 378.369 0.079228 0.167687 0.899947
652.902 432.76 0.147688 0.0476197 0.945122
943.511 332.776 0.044459 -0.247373 0.925681
639.913 372.993 0.086344 0.0618087 0.955869
678.336 287.656 -0.00365106 0.0181571 0.941503
513.723 177.099 -0.181922 0.285735 1.14137
652.622 544.782 0.199548 0.0341768 0.830292
569.031 217.305 -0.212268 0.352001 1.44831
621.668 329.959 0.0360197 0.0695173 0.90579
618.067 438.776 0.146416 0.0797273 0.92525
610.86 440.164 0.0656454 0.0332634 0.657799
923.096 154.299 -0.132137 -0.227214 0.931957
873.485 381.252 0.0951015 -0.182837 0.938786
800.633 443.86 0.126206 -0.0863135 0.84603
574.247 137.881 -0.156294 0.122032 0.948349
755.283 20.0225 -0.218686 -0.0532713 0.864262
574.178 315.599 0.0283748 0.165135 1.0533
837.823 54.1061 -0.176559 -0.112559 0.834747
757.499 245.27 -0.0922743 -0.10538 1.23833
754.383 248.611 -0.0943962 -0.106267 1.28365
513.221 209.668 -0.0717202 0.157069 0.883839
706.816 354.841 0.0678166 -0.0101123 0.955834
880.545 463.78 0.143545 -0.151929 0.845198
703.446 290.924 0.000776453 -0.00820033 0.862209
816.992 305.046 0.0143168 -0.109692 0.885919
854.434 546.834 0.236144 -0.144029 0.883417
771.506 553.628 0.289614 -0.0790458 0.957064
795.143 431.231 0.132195 -0.0922867 0.897192
520.821 270.057 -0.0355248 0.254515 1.09411
798.536 434.486 0.126991 -0.0901091 0.872317
786.528 287.965 -0.00105734 -0.0802397 0.874641
663.029 510.638 0.228357 0.0377233 0.938812
527.471 429.789 0.18754 0.242868 1.07278
940.594 390.339 0.107826 -0.258571 0.947635
559.05 539.613 0.28654 0.16568 0.984531
651.871 434.964 0.145413 0.0468124 0.931937
626.25 428.752 0.146383 0.0776871 0.955295
937.633 485.933 0.122583 -0.152044 0.749628
671.263 146.072 -0.165396 0.0277112 0.995625
791.667 262.646 -0.0485935 -0.147245 1.15164
867.838 383.627 0.0958572 -0.174019 0.931507
711.901 325.568 0.0351264 -0.0157336 0.93583
791.23 42.4155 -0.180764 -0.0755083 0.826009
958.438 339.872 0.0496335 -0.251182 0.907275
560.414 167.202 -0.135031 0.145682 0.972559
559.641 136.754 -0.172112 0.150086 0.985117
522.874 127.187 -0.178739 0.186008 0.976056
790.822 44.3906 -0.181764 -0.0760684 0.83073
538.407 219.211 -0.088158 0.188629 1.01233
669.258 347.38 0.0559751 0.0273461 0.929644
875.967 384.813 0.0960319 -0.180207 0.926387
842.149 200.79 -0.0967526 -0.160167 0.971499
787.819 291.642 0.00216167 -0.0796457 0.865454
612.397 367.085 0.090893 0.107163 1.01854
786.794 570.218 0.275389 -0.0866954 0.910222
818.77 415.077 0.140283 -0.13569 0.972913
540.497 476.684 0.168222 0.143618 0.889909
748.62 29.9575 -0.270756 -0.0579399 0.963073
545.665 16.2903 -0.307968 0.16567 0.996781
546.047 367.397 0.0923832 0.194196 1.03077
543.176 119.567 -0.158531 0.138182 0.909966
816.187 575.611 0.369832 -0.149106 1.02583
635.852 376.692 0.0840834 0.0605289 0.924847
667.21 375.111 0.080105 0.0278993 0.910096
929.537 445.145 0.192075 -0.284908 1.00968
788.703 265.908 -0.0496766 -0.156629 1.20794
543.584 215.776 -0.090953 0.180069 1.00701
921.337 156.143 -0.128931 -0.223226 0.927632
677.258 155.663 -0.160934 0.0223559 1.01256
773.323 369.473 0.0725447 -0.0709106 0.890326
808.5 405.995 0.130818 -0.124997 0.976609
857.294 75.4076 -0.162928 -0.129018 0.839417
791.167 265.069 -0.048894 -0.156018 1.1888
727.265 256.842 -0.0909852 -0.0551318 1.35948
725.987 134.341 -0.210766 -0.0387199 1.07054
717.566 239.637 -0.155248 -0.0355171 1.46038
756.019 247.573 -0.094869 -0.108308 1.2753
751.047 218.806 -0.170091 -0.10751 1.33798
771.46 231.019 -0.151827 -0.160323 1.37082
829.278 286.335 -0.00378752 -0.143908 0.963352
491.789 129.721 -0.240743 0.300873 1.11738
562.128 138.754 -0.174394 0.151442 0.996116
596.662 69.3381 -0.206418 0.0893428 0.916221
860.086 73.6458 -0.159869 -0.128001 0.829847
897.077 246.661 -0.0590423 -0.269019 1.06397
760.329 241.895 -0.0873423 -0.101273 1.18065
635.528 43.4341 -0.261119 0.0612588 0.968933
951.621 227.558 -0.0506594 -0.220715 0.869287
736.634 261.702 -0.071072 -0.0714805 1.30239
791.137 267.724 -0.0452758 -0.158255 1.19748
773.893 238.083 -0.15753 -0.18706 1.45782
516.201 43.9054 -0.415846 0.301474 1.19133
540.221 79.4151 -0.213259 0.153993 0.947093
790.809 266.212 -0.0476945 -0.157155 1.19552
770.189 241.269 -0.170969 -0.197073 1.54134
628.757 337.743 0.0485684 0.0731201 0.957142
765.695 272.324 -0.0429224 -0.123141 1.25099
659.005 421.549 0.149453 0.0465811 0.987139
518.071 437.417 0.15662 0.197563 0.962845
615.937 34.146 -0.419218 0.132251 1.17626
911.02 471.776 0.138369 -0.163354 0.814926
730.217 278.315 -0.00807682 -0.0284057 0.818649
805.254 440.102 0.116714 -0.0858447 0.826573
620.9 586.536 0.402749 0.113455 1.05428
909.979 84.8642 -0.195526 -0.209849 0.925257
489.245 173.301 -0.259504 0.443508 1.31316
552.708 249.639 -0.0425677 0.14234 0.934705
754.141 606.968 0.379619 -0.0633944 0.991014
767.728 238.488 -0.158963 -0.172448 1.46685
813.21 573.896 0.424669 -0.166199 1.09408
556.153 132.518 -0.167725 0.145642 0.963321
722.155 239.62 -0.186178 -0.052714 1.57415
542.755 215.741 -0.0887246 0.176543 0.996548
727.036 259.827 -0.0936366 -0.0578691 1.41579
956.486 263.04 -0.0206255 -0.225676 0.869651
924.674 150.633 -0.134121 -0.226336 0.927436
570.278 180.347 -0.138787 0.155997 1.03038
662.027 42.4458 -0.220961 0.0263793 0.899748
828.285 420.56 0.120581 -0.121575 0.89068
764.589 256.816 -0.0660345 -0.113093 1.20696
607.416 93.3175 -0.22251 0.0981079 0.993079
696.109 92.8098 -0.17646 -0.00355936 0.898352
824.569 83.2355 -0.154821 -0.102307 0.833999
788.401 267.253 -0.0488988 -0.159783 1.22226
684.848 187.386 -0.0677198 0.00299344 0.786255
619.798 341.78 0.0405084 0.059001 0.843687
924.589 150.777 -0.134081 -0.226402 0.927715
653.216 431.135 0.13918 0.0444009 0.925084
742.772 288.805 -0.011806 -0.0786623 1.25324
831.58 66.8364 -0.203495 -0.128505 0.907925
826.251 611.524 0.377977 -0.147627 0.98032
633.231 39.0299 -0.258144 0.0615072 0.95697
658.581 25.9687 -0.213462 0.02557 0.862893
801.741 403.409 0.109416 -0.101449 0.910151
486.442 144.058 -0.215573 0.302678 1.1065
716.827 233.648 -0.141087 -0.0313124 1.34885
768.567 113.802 -0.17147 -0.0735625 0.930873
552.114 131.592 -0.174284 0.155016 0.976898
671.481 332.182 0.0553752 0.0413352 1.09086
740.67 218.799 -0.180358 -0.0879927 1.37069
645.507 15.6173 -0.258849 0.0437692 0.923038
634.416 503.823 0.236824 0.0735541 0.969106
594.407 369.299 0.120055 0.175211 1.15223
571.562 312.329 0.0239234 0.167133 1.04995
784.556 271.541 -0.0481278 -0.169679 1.28936
784.951 294.632 0.00472403 -0.0840619 0.903044
703.411 501.244 0.0993173 -0.00738438 0.672863
548.29 380.877 0.0842391 0.141788 0.911116
772.301 364.221 0.0731825 -0.0750749 0.922844
780.039 363.332 0.0696182 -0.0798283 0.90618
860.158 79.8725 -0.217103 -0.173548 0.957722
803.461 322.517 0.0384397 -0.128319 1.0128
773.032 366.386 0.0717148 -0.0724776 0.901987
541.108 214.357 -0.0903225 0.178408 0.996643
809.096 349.208 0.0636469 -0.120876 0.958858
632.027 379.57 0.081341 0.0592459 0.897204
864.574 237.31 -0.0391819 -0.134417 0.836393
598.764 142.774 -0.186341 0.121637 1.03692
621.331 331.5 0.0372605 0.0693662 0.903363
945.286 339.079 0.0492259 -0.24114 0.911842
721.134 144.913 -0.192948 -0.0316974 1.06095
632.358 505.923 0.231358 0.0729466 0.954842
609.529 272.523 -0.0165533 0.0750263 0.885741
818.115 87.7529 -0.198288 -0.123491 0.935633
610.175 368.9 0.0904437 0.106123 1.00442
719.71 299.567 0.00935131 -0.0259221 1.0017
753.231 600.755 0.386801 -0.0643719 1.00843
957.8 275.9 -0.0114799 -0.255272 0.917037
790.579 639.846 0.348915 -0.0907809 0.912259
811.436 326.327 0.0370857 -0.117076 0.934909
549.601 23.5381 -0.313068 0.168851 1.01539
819.039 547.991 0.421369 -0.190824 1.14056
578.745 402.066 0.121002 0.133354 0.971722
595.676 328.062 0.034856 0.0971491 0.918094
703.037 155.32 -0.238329 -0.00563858 1.19817
628.913 261.551 -0.0323808 0.0719085 0.961165
852.329 565.055 0.247688 -0.139207 0.874841
712.349 320.664 0.0245619 -0.0151296 0.84325
857.327 74.4164 -0.162586 -0.128265 0.837048
799.251 28.687 -0.22205 -0.0930566 0.882112
712.923 324.339 0.0343121 -0.0168601 0.941853
816.95 324.576 0.0262486 -0.0906339 0.808847
855.209 579.662 0.244588 -0.133395 0.850425
503.826 127.506 -0.22621 0.262691 1.08146
668.946 137.705 -0.158901 0.0264901 0.956077
556.193 250.819 -0.0426845 0.143149 0.946141
842.804 553.167 0.263084 -0.144192 0.916124
665.783 378.287 0.0766821 0.0260003 0.877176
604.526 84.3788 -0.21483 0.0928289 0.960092
565.214 209.877 -0.0974853 0.154434 1.00669
809.841 349.681 0.0629818 -0.119442 0.950264
840.365 329.05 0.0298056 -0.108073 0.810067
685.695 231.092 -0.0770741 0.0151499 1.03643
830.657 102.209 -0.165358 -0.123458 0.893093
711.794 324.47 0.0335662 -0.0155762 0.92947
844.001 543.834 0.370943 -0.208631 1.08421
526.569 129.828 -0.178793 0.185179 0.982837
675.164 341.465 0.0632287 0.0315857 1.04418
651.536 206.99 -0.0270186 0.00774451 0.576143
608.696 95.3787 -0.224865 0.0989443 1.00203
654.788 37.4365 -0.285478 0.0443668 0.99746
610.97 99.6875 -0.22974 0.101109 1.02091
560.007 106.71 -0.236188 0.172901 1.04908
707.576 438.11 0.112053 -0.0101939 0.820613
571.454 253.781 -0.0474926 0.151835 1.01517
582.017 126.353 -0.169072 0.11486 0.951781
702.933 503.896 0.0949537 -0.00718235 0.657812
894.345 556.248 0.12948 -0.0995674 0.677076
924.81 284.216 -0.0014014 -0.113972 0.678855
591.803 146.723 -0.187948 0.135202 1.05234
538.452 432.751 0.152206 0.175726 0.963976
906.147 62.8721 -0.174046 -0.168543 0.843402
586.796 397.391 0.130627 0.142889 1.02758
895.901 337.865 0.0519847 -0.212693 0.953442
588.961 251.448 -0.0426947 0.112165 0.954626
827.163 79.9977 -0.209549 -0.134671 0.943198
716.004 290.242 0.000125747 -0.019207 0.884419
829.337 618.626 0.371862 -0.145876 0.963598
823.843 310.071 0.0103159 -0.0659335 0.679616
632.263 266.158 -0.0287099 0.0714021 0.976503
819.314 569.317 0.422949 -0.177549 1.10025
815.474 407.184 0.125737 -0.126665 0.954116
481.867 96.2747 -0.41589 0.452958 1.31671
629.762 31.6896 -0.252597 0.0612796 0.936571
742.784 239.863 -0.17909 -0.115357 1.55333
643.173 349.241 0.201162 0.280429 1.7947
573.225 313.312 0.0233802 0.145917 0.998493
648.7 441.891 0.143549 0.046421 0.907033
718.279 244.684 -0.166029 -0.0398258 1.55683
642.32 100.761 -0.77973 0.245767 1.77254
854.02 558.723 0.347344 -0.198258 1.02487
940.191 337.645 0.0534337 -0.266267 0.963013
780.515 588.29 0.403195 -0.106348 1.04585
711.3 327.089 0.0350031 -0.0149196 0.914081
729.482 78.2134 -0.163853 -0.0306709 0.845041
922.353 155.21 -0.127003 -0.219771 0.9191
626.934 454.096 0.168726 0.074711 0.941846
593.524 381.769 0.0832742 0.0953642 0.89915
713.945 21.2272 -0.575493 -0.0296746 1.32929
782.349 368.256 0.068812 -0.0764207 0.874682
812.289 574.122 0.425269 -0.164898 1.0944
499.086 66.5891 -0.433332 0.378445 1.26388
554.238 199.849 -0.0929199 0.141714 0.941398
744.826 239.074 -0.197212 -0.129392 1.60803
729.119 249.016 -0.241787 -0.0981379 1.88089
840.048 283.498 -0.00391476 -0.119696 0.851012
604.516 376.065 0.0811701 0.0890871 0.915276
674.694 290.275 -0.000509611 0.019082 0.905761
623.183 332.582 0.0396628 0.0708919 0.919192
698.053 89.9755 -0.201924 -0.00458152 0.946317
714.406 9.56703 -0.26481 -0.021439 0.923952
956.55 52.642 -0.213928 -0.242495 0.904672
873.485 96.6411 -0.133855 -0.130116 0.806888
851.931 85.8522 -0.16733 -0.133746 0.866919
841.923 208.72 -0.0866731 -0.157537 0.964417
771.425 548.158 0.297144 -0.0822899 0.977291
712.364 517.33 0.221465 -0.0137826 0.911998
854.608 572.533 0.263587 -0.145949 0.887883
929.196 332.785 0.0492347 -0.261502 0.975916
867.005 384.481 0.0968606 -0.17342 0.932121
509.142 166.865 -0.185213 0.274215 1.11067
509.495 272.829 -0.0274204 0.24038 1.04026
480.133 256.364 -0.0337005 0.198446 0.905043
498.373 72.0728 -0.270689 0.241391 1.03575
506.259 28.7122 -0.392518 0.281976 1.132
603.321 83.7132 -0.212955 0.0928392 0.955158
548.545 125.789 -0.161279 0.141117 0.930953
546.696 82.721 -0.216345 0.1523 0.959355
483.211 471.551 0.166993 0.201419 0.900628
624.999 529.633 0.224576 0.0693002 0.898838
657.926 528.485 0.220879 0.0373896 0.893233
684.89 598.789 0.386398 0.0219006 1.01332
566.326 517.832 0.283819 0.171945 1.02299
596.884 549.112 0.308656 0.126404 0.998621
548.735 379.939 0.0846793 0.143938 0.917807
