627.781 616.724 0.210182 0.0226383 0.668683
819.378 465.224 0.156637 -0.0790387 0.719132
843.561 553.214 0.325341 -0.146508 0.883473
801.942 373.543 0.101993 -0.066725 0.71033
889.703 7.57181 -0.0882677 -0.114623 0.736958
917.149 613.229 0.203194 -0.113028 0.658181
914.603 246.212 0.0337416 -0.0966703 0.634575
510.781 71.6841 -0.0839608 0.117332 0.825161
613.148 491.226 0.150386 0.0290844 0.676701
589.418 595.95 0.225299 0.0492452 0.706973
708.108 592.527 0.217339 -0.0162137 0.696965
950.796 405.219 0.115013 -0.139449 0.694164
553.486 506.697 0.144946 0.0507697 0.64986
537.984 396.387 0.107634 0.0671646 0.69176
823.48 466.822 0.149012 -0.0768607 0.699406
860.324 573.327 0.313789 -0.147669 0.843122
607.843 495.242 0.14311 0.0282476 0.656638
580.528 611.753 0.210818 0.0463906 0.673818
550.395 390.058 0.113808 0.0704597 0.725421
880.943 25.5535 -0.0899691 -0.119364 0.76593
828.29 471.638 0.145213 -0.0760135 0.684597
706.97 319.286 0.0667576 -0.016449 0.669936
628.453 40.3619 -0.0722886 0.0236266 0.737212
701.283 266.402 0.0491364 -0.0135961 0.789949
729.426 309.769 0.345068 -0.548742 5.33463
941.165 20.6551 -0.0240735 -0.0709902 0.534542
660.081 82.0159 -0.0654164 0.0111016 0.787287
719.364 297.855 -0.0338863 -0.127747 4.79721
733.551 255.618 0.0375466 -0.0273008 0.648644
707.004 621.174 0.195001 -0.0153418 0.643019
905.809 496.462 0.109414 -0.0778317 0.574988
507.339 13.5804 -0.0796099 0.0814617 0.720912
642.332 386.527 0.102839 0.0154384 0.690563
929.961 471.586 0.177984 -0.158026 0.755451
778.771 270.224 0.0472266 -0.0529436 0.703633
820.167 269.82 0.0445128 -0.0655193 0.662435
642.599 559.576 0.23247 0.0252121 0.750844
641.316 316.992 0.0692997 0.0157993 0.696665
830.591 414.466 0.170491 -0.116812 0.841159
819.495 394.685 0.079866 -0.0523843 0.588449
799.334 164.974 -0.031436 -0.0957712 0.883331
725.277 289.104 -0.0637045 -0.213799 3.69606
640.839 78.4365 -0.0778577 0.0269626 0.820293
791.639 377.495 0.392271 -0.284275 1.55801
706.525 174.049 -0.165983 -0.0140994 1.40468
559.593 386.143 0.110915 0.064546 0.722794
861.215 438.932 0.14549 -0.105073 0.729147
584.764 396.337 0.0994881 0.0379657 0.662099
785.587 233.937 0.0270679 -0.0382843 0.5679
549.382 343.613 0.0665872 0.0405626 0.612629
706.942 617.608 0.192746 -0.0153221 0.642177
795.026 382.637 0.100294 -0.0590129 0.685518
642.41 389.989 0.104955 0.0155891 0.691913
537.675 321.912 0.0721128 0.0684679 0.701918
589.117 224.89 0.0232193 0.0503873 0.748505
933.412 396.127 0.121801 -0.147274 0.733105
612.766 489.366 0.147348 0.0284786 0.672094
584.268 324.248 0.0764319 0.0492547 0.720905
709.298 572.618 0.227963 -0.0171317 0.730227
573.91 138.375 0.00785967 0.00169457 0.410474
669.521 240.837 0.0325234 0.00375489 0.738576
533.876 49.5555 -0.0834851 0.0877158 0.784413
538.079 340.836 0.0795299 0.0652212 0.689886
591.601 580.282 0.22213 0.0497985 0.716107
564.519 489.525 0.142835 0.0487608 0.662531
518.167 16.5639 -0.0818783 0.0792565 0.731119
879.048 28.6861 -0.0904898 -0.120207 0.771876
723.439 263.532 0.0448262 -0.0260018 0.727344
483.246 577.555 0.10704 0.0396046 0.520821
703.564 314.168 0.0500275 -0.0144469 0.567034
535.212 341.116 0.0782863 0.064432 0.68243
542.504 355.253 0.0818355 0.0570381 0.666819
916.944 605.18 0.192981 -0.109219 0.649096
794.57 380.911 0.101105 -0.0598246 0.691929
862.922 321.754 0.0699182 -0.0894035 0.679421
956.666 532.617 0.138603 -0.108394 0.609882
705.336 577.248 0.181911 -0.0147868 0.655142
798.879 382.655 0.095505 -0.0577868 0.667056
532.666 398.215 0.103683 0.0646972 0.67478
608.574 500.138 0.135923 0.0246327 0.635973
523.636 397.549 0.0993285 0.0644664 0.660533
555.86 390.108 0.11008 0.063652 0.711855
539.927 341.464 0.0803616 0.0651484 0.692687
828.589 469.772 0.141738 -0.0747995 0.678718
707.038 621.653 0.190844 -0.0153246 0.636654
585.32 201.846 0.0165488 0.00486134 0.455261
636.969 17.0689 -0.0694437 0.0145734 0.696383
748.142 271.71 -0.0426256 -0.288606 2.39305
552.847 105.789 -0.0723881 0.101019 0.862976
797.494 371.954 0.107861 -0.0691296 0.737352
516.819 209.18 0.0164595 0.0765975 0.70413
845.248 322.098 0.0859607 -0.1085 0.782245
864.387 592.976 0.290596 -0.132591 0.792556
717.059 237.744 -0.0630998 -0.0421984 1.62695
723.189 300.401 -0.0920605 -0.326206 5.7559
834.819 22.1765 -0.0887026 -0.0904965 0.757694
855.493 269.765 0.0515562 -0.113444 0.780075
878.594 28.3688 -0.091317 -0.12048 0.773609
707.304 321.114 0.0813693 -0.0171959 0.761194
515.755 305.92 0.0905737 0.17107 0.931753
511.224 413.073 0.0978893 0.0614361 0.63268
