713.648 604.594 0.367291 -0.0159436 0.965751
529.307 420.706 0.196101 0.249398 1.09506
649.053 574.766 0.400189 0.0725704 1.05257
615.885 428.333 0.146066 0.0790865 0.923079
771.16 536.364 0.388785 -0.106586 1.10604
942.898 178.437 -0.0833107 -0.21947 0.884222
554.09 189.29 -0.0952613 0.145564 0.962095
781.826 87.597 -0.160841 -0.079084 0.88571
751.456 23.5735 -0.231176 -0.0565473 0.916238
774.225 555.743 0.276231 -0.0769351 0.916683
711.482 513.51 0.213706 -0.0144221 0.884933
850.543 553.646 0.26609 -0.148688 0.902502
890.786 380.131 0.0893871 -0.169381 0.867099
895.736 382.191 0.0870975 -0.165579 0.848435
511.83 163.876 -0.109539 0.170277 0.923333
515.517 65.2967 -0.248673 0.204615 1.01505
520.187 32.0046 -0.242133 0.167137 0.94647
562.336 373.559 0.104466 0.15498 0.990148
727.759 70.2954 -0.171583 -0.0323794 0.877888
814.107 339.884 0.060374 -0.116433 0.918925
532.992 199.706 -0.0867241 0.171498 0.970488
604.313 360.578 0.078658 0.0887838 0.924082
695.122 68.3701 -0.197047 -0.0041539 0.926321
796.548 24.0868 -0.232774 -0.0987786 0.919818
937.826 128.141 -0.12413 -0.211477 0.879438
914.476 262.775 -0.0178666 -0.253606 0.995666
945.864 14.7716 -0.178298 -0.181311 0.811324
851.761 509.226 0.215729 -0.145437 0.89148
510.677 103.336 -0.175327 0.179901 0.947562
486.924 100.956 -0.258389 0.294761 1.11002
555.712 237.498 -0.0447144 0.143006 0.954718
591.899 543.88 0.298282 0.12271 0.97448
602.945 362.443 0.0873713 0.100541 0.963128
830.682 56.7952 -0.184309 -0.120027 0.882287
847.29 92.7135 -0.146071 -0.127862 0.861352
858.279 56.6317 -0.163116 -0.129004 0.838675
910.558 39.7843 -0.189284 -0.180598 0.866077
710.206 524.312 0.200956 -0.013037 0.843941
884.866 377.066 0.0907937 -0.172358 0.886508
498.893 260.178 -0.026803 0.231355 1.00909
591.322 135.596 -0.188692 0.133944 1.05993
554.953 236.275 -0.0454866 0.142435 0.951227
625.388 510.412 0.223226 0.0692361 0.910747
655.706 515.785 0.214138 0.036275 0.88363
586.183 554.333 0.287806 0.118677 0.941887
937.501 257.031 -0.0182995 -0.237163 0.922023
919.901 192.531 -0.0902991 -0.242338 0.967296
604.102 361.769 0.0875656 0.100656 0.968239
563.861 491.77 0.252979 0.164864 1.00555
834.494 52.6499 -0.204518 -0.132727 0.914549
874.032 43.2912 -0.201808 -0.161544 0.894736
838.757 532.515 0.264266 -0.14742 0.933798
736.665 566.144 0.360764 -0.0461063 1.01579
536.595 202.973 -0.0842882 0.169721 0.974961
719.533 267.98 -0.00463169 -0.0212741 0.795289
551.242 148.741 -0.131172 0.141342 0.947108
592.831 132.306 -0.185559 0.12679 1.04322
931.014 134.142 -0.128173 -0.219222 0.905557
785.903 598.2 0.325943 -0.0899074 0.922746
656.053 123.18 -0.16246 0.0382183 0.964744
561.492 198.085 -0.0943099 0.150637 0.996166
850.335 72.0829 -0.168973 -0.134956 0.876295
617.537 265.031 -0.0154181 0.0784203 0.947378
719.213 106.941 -0.177281 -0.0277726 0.962049
549.907 371.484 0.0883406 0.141607 0.922382
567.782 396.346 0.0702253 0.0697539 0.740736
525.742 454.309 0.0595762 0.0500985 0.590425
647.304 428.835 0.133671 0.0420919 0.883221
534.593 253.31 -0.0478977 0.24466 1.12305
842.267 38.9767 -0.195667 -0.128027 0.87658
565.469 120.793 -0.1406 0.111772 0.902448
595.671 137.579 -0.190634 0.131601 1.07036
953.642 251.003 -0.0200298 -0.225218 0.874831
610.199 358.743 0.0912552 0.104431 1.00837
691.875 47.3614 -0.183268 -0.00294501 0.86463
929.147 43.76 -0.18562 -0.19539 0.865076
728.315 31.6472 -0.211307 -0.0339938 0.893717
526.297 417.54 0.184255 0.242611 1.07524
584.512 121.762 -0.179222 0.123128 1.00027
652.657 118.846 -0.159519 0.03941 0.947026
764.24 276.577 0.000357494 -0.0599945 0.85959
565.882 301.099 0.0221974 0.161265 1.0256
552.241 528.296 0.270033 0.161127 0.960508
895.854 444.889 0.146292 -0.175095 0.867897
797.469 417.182 0.122645 -0.090816 0.874762
566.387 172.727 -0.164769 0.193306 1.12458
486.809 116.512 -0.243053 0.303086 1.1213
792.315 25.9953 -0.184151 -0.0786179 0.836295
509.856 242.766 -0.0459447 0.214274 1.00262
696.168 82.9943 -0.203536 -0.00413931 0.966764
585.398 342.539 0.0685739 0.126165 0.986531
484.68 51.4861 -0.25751 0.233215 1.00445
873.871 369.613 0.0925645 -0.179987 0.930007
865.776 57.7172 -0.212548 -0.170629 0.93824
598.592 133.574 -0.190721 0.124249 1.05892
685.201 260.442 -0.0230212 0.0117756 0.993684
821.978 410.128 0.115764 -0.111487 0.871476
655.918 112.207 -0.154781 0.0329473 0.92028
580.958 388.134 0.123351 0.136461 0.996566
674.231 275.212 -0.00316881 0.0178227 0.911697
790.99 576.078 0.365956 -0.112966 1.00396
694.979 63.215 -0.192774 -0.00444335 0.908898
815.548 342.2 0.0613367 -0.115195 0.908856
570.426 205.399 -0.0993696 0.161345 1.05269
669.004 359.515 0.0802736 0.0263986 0.934609
711.692 515.735 0.203222 -0.0144522 0.861774
517.833 258.847 -0.0369019 0.254515 1.09546
542.077 3.06358 -0.309911 0.167767 1.00603
838.964 417.287 0.176713 -0.182148 1.03534
800.333 354.098 0.0662239 -0.0919403 0.868949
532.114 262.534 -0.0374564 0.264605 1.1524
605.426 518.674 0.326544 0.133912 1.06482
594.635 311.759 0.0290385 0.0873809 0.888938
703.183 269.219 -0.00696789 -0.00971287 0.878753
950.476 146.238 -0.13063 -0.260787 0.94549
635.805 361.061 0.0817454 0.0602466 0.936728
517.637 364.072 0.0796716 0.170057 0.916913
651.217 421.167 0.146268 0.0470726 0.943991
937.362 319.655 0.0444862 -0.253385 0.947603
637.576 361.644 0.0849463 0.0610928 0.951414
679.203 276.402 -0.00473188 0.0184114 0.986634
510.901 165.697 -0.182958 0.285527 1.14474
648.473 539.737 0.192956 0.0327711 0.808609
569.327 210.618 -0.215279 0.356458 1.47004
618.665 317.372 0.0348863 0.0681512 0.898358
616.844 425.937 0.146002 0.0796774 0.930022
483.824 100.608 -0.221545 0.256365 1.03877
607.525 421.784 0.0646493 0.0326821 0.658112
930.39 135.148 -0.129923 -0.222625 0.913091
876.896 371.288 0.0923605 -0.179096 0.920585
799.752 430.492 0.125099 -0.0867799 0.846346
570.29 121.893 -0.156277 0.120857 0.945223
754.619 0.0568199 -0.218813 -0.0535736 0.863641
570.889 304.782 0.0273473 0.163396 1.04692
838.996 33.4827 -0.176189 -0.112219 0.831435
755.525 238.59 -0.0960399 -0.109297 1.28108
755.528 237.09 -0.0920469 -0.104104 1.2473
509.376 194.762 -0.0724275 0.156279 0.884286
704.442 345.629 0.0639869 -0.00971924 0.9147
869.235 440.604 0.149955 -0.160053 0.889262
701.864 276.833 -5.92899e-05 -0.00864176 0.862446
816.852 291.606 0.0134205 -0.109661 0.883879
856.735 540.342 0.230116 -0.141241 0.865951
771.378 544.721 0.285225 -0.0790258 0.947516
796.499 422.597 0.12814 -0.0904257 0.876924
505.497 256.05 -0.0350991 0.242025 1.04342
798.608 422.565 0.12483 -0.0900619 0.866479
787.881 273.432 -0.00184412 -0.078513 0.854192
657.928 511.673 0.216459 0.0356143 0.894974
517.625 424.536 0.180197 0.234164 1.03777
943.621 379.63 0.10565 -0.256011 0.938047
558.107 527.043 0.285827 0.165917 0.987594
650.151 423.432 0.143768 0.0460452 0.929371
625.456 415.747 0.146538 0.0781067 0.964235
937.657 471.339 0.121236 -0.151757 0.748102
669.872 133.049 -0.166885 0.0273037 1.00141
789.23 253.991 -0.05063 -0.15108 1.18035
866.287 371.078 0.0953462 -0.175034 0.936791
710.582 313.092 0.0346275 -0.016207 0.944929
792.244 18.3832 -0.179136 -0.0749862 0.816828
948.601 325.696 0.0500657 -0.259724 0.938275
560.325 155.794 -0.137643 0.146882 0.987224
546.827 111.468 -0.165148 0.142549 0.942335
517.802 111.317 -0.178618 0.184611 0.972884
792.467 17.741 -0.178684 -0.0748396 0.815154
532.282 204.971 -0.0876851 0.185249 0.999413
667.032 335.455 0.0545208 0.0266282 0.921685
870.118 370.014 0.0976953 -0.185789 0.95322
850.443 179.585 -0.0922753 -0.151199 0.92174
787.948 277.521 0.00133051 -0.0796585 0.860131
609.815 356.555 0.0893952 0.106062 1.013
788.768 570.681 0.263767 -0.0836281 0.876619
838.846 425.521 0.120774 -0.117991 0.844032
480.178 278.466 -0.0125046 0.337958 1.13868
539.808 463.092 0.167754 0.143271 0.894121
748.589 7.7112 -0.267597 -0.0576351 0.951299
543.676 356.717 0.0913555 0.19339 1.03006
531.445 95.2628 -0.154124 0.133448 0.882398
814.663 563.747 0.36834 -0.149268 1.0264
632.779 365.715 0.0820514 0.058969 0.912759
665.489 362.667 0.0791042 0.0274432 0.910165
928.236 434.066 0.191731 -0.285782 1.0126
784.785 259.24 -0.0526443 -0.164781 1.26622
540.05 202.693 -0.0914724 0.178765 1.00504
922.538 141.396 -0.129561 -0.223257 0.928408
672.998 133.418 -0.154634 0.0212934 0.971483
773.256 357.808 0.0706991 -0.0702403 0.878818
814.567 401.84 0.122659 -0.118427 0.923449
859.176 55.0287 -0.162307 -0.128317 0.834513
788.872 256.655 -0.0507261 -0.159507 1.21567
726.463 248.885 -0.0924159 -0.0556988 1.37109
725.005 125.43 -0.21541 -0.0399832 1.09217
716.978 233.836 -0.159899 -0.0367806 1.49866
754.588 240.343 -0.0980514 -0.11156 1.30809
750.224 211.183 -0.173052 -0.10946 1.357
768.402 227.447 -0.160699 -0.169827 1.44459
829.67 273.915 -0.00460865 -0.143719 0.960276
485.92 115.329 -0.239959 0.29848 1.112
558.398 124.27 -0.174821 0.150939 0.995991
592.978 50.9263 -0.206217 0.0882613 0.913611
859.467 56.9735 -0.161345 -0.128851 0.83544
892.484 237.464 -0.0612216 -0.276169 1.09105
758.877 233.577 -0.089828 -0.103742 1.20548
631.453 21.8869 -0.258301 0.0600436 0.957527
948.383 214.492 -0.0521031 -0.224007 0.882284
735.909 252.207 -0.0703856 -0.0701192 1.28674
792.587 257.091 -0.0451287 -0.156164 1.17795
768.313 238.351 -0.174482 -0.206891 1.60355
537.878 64.9361 -0.467228 0.338251 1.33629
533.725 60.1163 -0.211849 0.152151 0.939229
788.736 257.728 -0.0493417 -0.160315 1.21971
768.464 236.219 -0.175979 -0.202839 1.58508
627.364 325.675 0.0478469 0.0727578 0.960911
759.415 268.866 -0.0501585 -0.139675 1.40858
657.127 412.072 0.146486 0.0449714 0.975288
519.29 423.832 0.157354 0.199269 0.975222
615.372 24.4008 -0.425954 0.133297 1.19513
918.814 465.241 0.133234 -0.158658 0.790453
728.834 263.002 -0.0088644 -0.0287248 0.816397
803.16 424.277 0.117051 -0.0874843 0.836822
618.893 578.691 0.396937 0.111619 1.04324
904.453 77.0428 -0.201856 -0.21625 0.953303
499.989 171.99 -0.274416 0.467215 1.38638
549.95 236.336 -0.0433649 0.141586 0.93562
753.473 600.129 0.372596 -0.0627661 0.976876
765.303 234.121 -0.166267 -0.179845 1.52812
811.774 562.943 0.422859 -0.166144 1.09364
549.568 114.429 -0.166096 0.143301 0.951345
721.436 237.605 -0.198871 -0.0563946 1.67531
726.196 253.747 -0.0969501 -0.0599514 1.45822
951.237 250.011 -0.0219701 -0.230609 0.888047
935.878 128.269 -0.130069 -0.218742 0.896482
574.707 173.369 -0.145154 0.160857 1.07059
657.972 12.3976 -0.214695 0.0245048 0.87241
829.881 410.183 0.117635 -0.120096 0.877402
763.969 247.376 -0.0671002 -0.114007 1.21287
602.902 74.4448 -0.220018 0.0960791 0.981256
694.301 74.4872 -0.176147 -0.00399905 0.894596
833.177 47.1791 -0.146836 -0.0969453 0.789508
791.082 256.091 -0.0481282 -0.156312 1.18835
682.556 169.322 -0.0681806 0.00250876 0.783877
607.82 330.75 0.0387055 0.0590564 0.810669
932.577 130.899 -0.131557 -0.221359 0.907011
651.981 419.244 0.137279 0.0431167 0.922366
741.612 280.534 -0.0128503 -0.0807789 1.28039
832.234 49.465 -0.203919 -0.128765 0.90822
630.001 20.1615 -0.25749 0.060784 0.953635
803.005 393.356 0.106192 -0.0997851 0.8931
482.956 131.688 -0.216704 0.302643 1.10998
716.046 228.162 -0.146634 -0.0323985 1.39678
767.973 98.6126 -0.172386 -0.0741147 0.933474
537.921 105.449 -0.166563 0.147121 0.932344
670.596 321.839 0.054806 0.0409922 1.09735
739.982 212.722 -0.18623 -0.0917622 1.40817
634.964 489.176 0.238858 0.0734839 0.982263
583.413 364.349 0.112081 0.163365 1.08323
572.643 301.474 0.0234235 0.16791 1.06502
783.082 263.604 -0.0497221 -0.173047 1.31194
788.238 280.555 0.00372861 -0.0811197 0.866707
701.774 475.382 0.100895 -0.00814733 0.692299
547.414 367.716 0.0837708 0.142112 0.917864
771.896 352.293 0.0716816 -0.074994 0.917293
779.593 351.217 0.068285 -0.0796339 0.901056
855.998 72.7486 -0.224292 -0.179344 0.987564
797.278 310.367 0.0392571 -0.136339 1.07218
774.119 356.785 0.0689941 -0.0702095 0.873751
536.902 200.78 -0.0904856 0.176462 0.991689
808.563 337.282 0.0626717 -0.121398 0.959894
628.685 368.061 0.0793595 0.0579412 0.886389
864.84 221.939 -0.0398862 -0.13442 0.835943
599.099 133.592 -0.191006 0.123809 1.05963
617.188 319.053 0.0358208 0.0677408 0.889835
955.862 327.81 0.046743 -0.233246 0.882229
720.211 139.841 -0.201587 -0.0336151 1.10443
629.57 498.209 0.226362 0.070835 0.939837
596.464 255.577 -0.0160449 0.070002 0.829561
609.062 357.57 0.0893506 0.104998 1.00561
718.171 289.085 0.00880654 -0.0279602 1.08328
752.848 596.001 0.377612 -0.0634239 0.988672
788.366 624.185 0.348887 -0.0912843 0.916853
811.622 314.089 0.0360868 -0.117091 0.931441
552.934 19.8092 -0.325193 0.174811 1.05385
817.549 535.497 0.418593 -0.191687 1.14358
584.241 386.076 0.124764 0.137747 1.01184
593.278 315.389 0.0339714 0.0966024 0.91832
700.75 126.724 -0.223774 -0.00609859 1.11324
630.409 250.783 -0.0342781 0.0735108 0.9916
849.665 548.817 0.248196 -0.140762 0.882487
710.493 306.553 0.0238252 -0.0153414 0.846178
859.275 54.4811 -0.162349 -0.128145 0.83377
798.727 12.0019 -0.223652 -0.0938684 0.88748
711.8 311.892 0.0340273 -0.0175944 0.956602
812.528 309.331 0.0263165 -0.0937181 0.833096
850.247 559.352 0.247936 -0.136058 0.86697
498.05 112.488 -0.225463 0.260352 1.07572
667.28 122.778 -0.159462 0.0257545 0.956521
554.392 238.047 -0.0436731 0.14299 0.951
840.855 539.737 0.262574 -0.144692 0.919116
664.498 364.459 0.0763692 0.025848 0.885232
601.671 68.4765 -0.215514 0.092272 0.961473
559.335 195.014 -0.0966115 0.151263 0.991728
815.822 340.476 0.0588479 -0.113667 0.902064
840.472 314.381 0.028798 -0.107912 0.807419
684.346 219.065 -0.0777801 0.0146156 1.03678
832.726 82.2309 -0.16387 -0.122132 0.883025
710.54 312.007 0.0326592 -0.0160581 0.928886
845.069 537.627 0.363764 -0.205423 1.06738
523.698 116.122 -0.180192 0.185349 0.987871
673.8 330.77 0.0621814 0.0309911 1.04288
644.489 176.825 -0.0276428 0.00726475 0.564667
607.055 82.5392 -0.22721 0.0991913 1.01106
652.133 18.6223 -0.284311 0.0435709 0.992644
605.368 79.1534 -0.22556 0.0984786 1.00102
552.956 87.4218 -0.232354 0.168855 1.03071
706.215 420.568 0.113327 -0.0108393 0.838353
568.872 241.708 -0.0482324 0.151014 1.01514
575.356 106.259 -0.166364 0.111928 0.934023
702.02 469.145 0.0994065 -0.0082875 0.697232
583.594 126.047 -0.182491 0.130151 1.01892
534.403 422.806 0.149598 0.173057 0.954781
924.723 21.6233 -0.163954 -0.158073 0.792087
584.991 386.771 0.129392 0.141996 1.0267
914.499 328.769 0.0473042 -0.19716 0.884017
586.951 238.681 -0.0435966 0.111749 0.957642
828.037 62.9803 -0.209589 -0.134671 0.941723
714.472 276.371 -0.000673939 -0.0193491 0.876265
825.038 598.789 0.377101 -0.148607 0.981608
639.279 258.588 -0.032341 0.0771895 1.06412
814.656 395.544 0.124723 -0.126925 0.954611
860.513 507.143 0.178748 -0.129352 0.823895
499.032 282.669 -0.0099405 0.362544 1.219
522.594 71.0848 -0.257729 0.209531 1.04222
790.921 581.952 0.356194 -0.108116 0.982893
588.434 242.07 -0.0410269 0.112518 0.965069
772.773 236.18 -0.159245 -0.20108 1.52461
498.558 259.55 -0.0276224 0.232228 1.01004
573.692 350.905 0.140945 0.306135 1.36475
526.91 307.205 0.0276779 0.188375 0.98227
857.065 174.197 -0.0845258 -0.140239 0.872473
865.547 367.407 0.0859284 -0.162949 0.908111
558.745 301.517 0.0207775 0.135657 0.936564
755.114 238.625 -0.0989761 -0.110724 1.29562
733.536 585.879 0.337365 -0.0382101 0.955698
613.489 334.89 0.0836079 0.152427 1.19239
599.032 337.547 0.0509602 0.081694 0.879133
708.045 436.111 0.155369 -0.0120909 0.922895
593.204 328.525 0.0444751 0.0907287 0.895055
828.214 95.6924 -0.167794 -0.128111 0.917699
712.587 509.087 0.213961 -0.0155424 0.893121
503.142 153.619 -0.179345 0.265583 1.09203
488.865 98.6364 -0.199272 0.222827 0.98903
622.84 417.841 0.144231 0.0778444 0.9501
886.27 49.356 -0.13981 -0.127469 0.777149
767.687 355.269 0.0780923 -0.0741632 0.939247
765.378 233.409 -0.164542 -0.177087 1.51469
508.891 54.8812 -0.381644 0.311355 1.1991
657.592 441.009 0.16533 0.0401234 0.93836
795.664 598.603 0.337979 -0.103086 0.936658
592.814 138.793 -0.190232 0.13622 1.073
802.049 87.4638 -0.169522 -0.100763 0.905083
721.477 227.51 -0.186458 -0.0508779 1.52942
695.783 90.1715 -0.181647 -0.004304 0.935853
530.272 117.766 -0.197439 0.197336 1.03058
653.751 316.12 0.0340099 0.0358944 0.896321
704.379 267.726 -0.00953523 -0.0106434 0.905694
754.292 3.84701 -0.218265 -0.0537301 0.867558
821.393 292.497 0.0145571 -0.121086 0.91113
511.407 1.77191 -0.298197 0.193049 0.987483
782.911 354.626 0.0644961 -0.0747682 0.856129
872.663 73.1936 -0.138869 -0.130165 0.810366
837.315 270.929 -0.00386004 -0.122613 0.867176
556.416 28.019 -0.331659 0.17995 1.07695
636.42 272.55 -0.0169245 0.0907127 1.10836
771.361 556.543 0.276279 -0.0738919 0.915628
597.12 593.853 0.270749 0.0854037 0.861617
500.985 59.1175 -0.294093 0.25452 1.07841
609.003 438.686 0.139785 0.0749436 0.876728
625.411 560.538 0.421335 0.118668 1.10448
588.591 336.025 0.0648673 0.132813 1.01917
816.527 337.828 0.0626657 -0.128394 0.954127
653.054 318.489 0.0361252 0.0365221 0.895932
622.042 537.805 0.40277 0.129594 1.12797
655.971 318.053 0.0375735 0.0371943 0.923024
937.189 264.332 -0.0124228 -0.248368 0.941936
854.861 295.249 0.0172078 -0.147106 0.894546
895.009 151.045 -0.151848 -0.239535 1.01875
528.314 170.366 -0.202426 0.29693 1.21335
534.057 415.111 0.136948 0.16685 0.940869
597.589 346.713 0.0831606 0.133238 1.05428
820.957 393.677 0.0652314 -0.0727602 0.714813
675.115 274.522 -0.0047133 0.0188367 0.935887
643.334 226.649 -0.0355268 0.0328058 0.816856
618.496 546.646 0.389843 0.125203 1.09323
761.806 16.6242 -0.268768 -0.0728402 0.966211
901.484 167.13 -0.103413 -0.199898 0.92132
595.432 240.3 -0.0485222 0.117235 1.00751
581.156 243.81 -0.0330016 0.103698 0.910644
633.727 268.6 -0.00958753 0.0552047 0.909043
908.22 453.906 0.138391 -0.166882 0.826423
930.947 4.81709 -0.166214 -0.155002 0.77628
702.039 498.052 0.0839668 -0.00833296 0.615675
556.419 27.6823 -0.32808 0.177691 1.07129
611.528 176.748 -0.0340812 0.0226277 0.613574
509.061 412.331 0.272544 0.440883 1.33273
850.299 561.511 0.251383 -0.136882 0.869186
681.87 257.854 -0.0201618 0.0111086 0.924007
483.284 113.539 -0.285035 0.354057 1.19194
588.284 154.54 -0.138263 0.115742 0.985678
550.259 338.829 0.0939752 0.282403 1.23086
596.075 191.054 -0.101578 0.111197 0.995362
546.642 510.586 0.232597 0.153465 0.930176
729.404 565.345 0.38315 -0.0383578 1.04524
659.199 507.512 0.223967 0.0370333 0.916273
487.097 92.6573 -0.430425 0.466215 1.36194
627.586 15.0185 -0.25393 0.0607176 0.94041
742.002 233.568 -0.182477 -0.117301 1.57726
640.614 344.182 0.195637 0.27355 1.75575
566.799 301.724 0.0219968 0.141971 0.976982
648.196 427.517 0.144038 0.0463686 0.91797
717.535 234.411 -0.161705 -0.0386338 1.51109
638.061 83.6289 -0.760223 0.238811 1.72815
856.373 554.281 0.338218 -0.193888 1.00237
945.803 326.561 0.0516256 -0.261283 0.945594
779.436 577.436 0.400706 -0.106446 1.04359
710.003 314.141 0.034507 -0.0154748 0.924621
728.28 59.2554 -0.16404 -0.0310545 0.843843
924.011 140.037 -0.127393 -0.21952 0.918494
609.217 467.487 0.148326 0.0658099 0.834466
589.069 370.415 0.0811786 0.0935176 0.887469
782.156 355.651 0.0673024 -0.076305 0.868677
810.544 562.131 0.424818 -0.16547 1.09749
490.555 48.563 -0.427755 0.372288 1.2471
545.661 182.168 -0.091302 0.137468 0.918925
743.469 235.237 -0.205543 -0.134971 1.67191
729.022 241.084 -0.237637 -0.0965864 1.84369
842.743 268.534 -0.00462889 -0.117545 0.835509
602.453 363.699 0.080096 0.0883316 0.914936
673.005 277.089 -0.00127675 0.0185878 0.906478
621.071 319.979 0.0386866 0.070106 0.918195
696.244 71.3471 -0.200694 -0.00493975 0.938879
959.468 34.802 -0.214221 -0.242415 0.90458
940.82 155.716 -0.131941 -0.270019 0.977669
850.863 110.571 -0.151667 -0.147321 0.911282
852.248 68.9911 -0.168256 -0.134327 0.869496
842.418 195.207 -0.0872124 -0.157529 0.9634
770.86 538.997 0.293193 -0.081981 0.969045
711.034 506.185 0.219153 -0.0141823 0.908057
853.561 560.053 0.261716 -0.14593 0.886553
930.881 321.297 0.048055 -0.259984 0.970813
870.978 374.589 0.0937279 -0.169829 0.912034
533.379 174.499 -0.208101 0.306432 1.24547
507.4 261.456 -0.0283807 0.240331 1.04407
489.929 52.698 -0.267833 0.237858 1.02377
502.932 14.8415 -0.395022 0.282485 1.13883
600.594 67.9295 -0.21378 0.0922904 0.957188
541.398 106.553 -0.159534 0.138517 0.918209
543.526 67.2786 -0.217451 0.151828 0.96255
480.452 459.538 0.165475 0.200136 0.899118
623.577 516.665 0.223705 0.0689439 0.90048
656.274 516.69 0.218981 0.0367167 0.890856
684.136 584.837 0.386826 0.0215028 1.01887
560.892 512.581 0.276347 0.167548 1.00095
593.268 542.596 0.302015 0.123591 0.982151
546.537 367.519 0.083659 0.143142 0.918363
