713.108 601.529 0.355597 -0.0145593 0.955372
521.794 419.934 0.182703 0.243014 1.06319
536.918 343.807 0.0910703 0.259438 1.14565
648.007 572.301 0.387218 0.0726194 1.03888
615.587 422.881 0.138704 0.0801828 0.924552
771.266 533.497 0.376067 -0.104105 1.09171
944.235 171.866 -0.0904499 -0.217801 0.882617
550.558 182.082 -0.102024 0.145474 0.955468
781.666 80.5723 -0.168442 -0.0782748 0.887519
751.663 11.4524 -0.236416 -0.0551967 0.908397
774.166 550.712 0.267323 -0.0758091 0.912692
711.082 506.824 0.206734 -0.0134266 0.88775
849.508 547.004 0.258526 -0.147685 0.902846
890.661 374.982 0.0818052 -0.168096 0.866306
894.442 376.559 0.0799133 -0.164954 0.851504
509.473 157.506 -0.116946 0.171121 0.923703
503.33 46.8261 -0.248167 0.199166 0.983077
517.172 23.3801 -0.249579 0.167911 0.947248
560.227 369.143 0.0961825 0.154747 0.983373
727.243 61.6753 -0.178498 -0.0313677 0.875878
813.506 334.484 0.0530579 -0.115696 0.921226
533.593 195.054 -0.0950909 0.174098 0.981091
599.777 357.508 0.0691745 0.0876509 0.901916
694.327 60.516 -0.204441 -0.00336589 0.926962
937.235 122.504 -0.132109 -0.211488 0.88452
919.807 256.142 -0.0248943 -0.247573 0.976293
949.809 3.90276 -0.184569 -0.179282 0.806714
855.089 509.97 0.202984 -0.140805 0.87056
506.356 94.496 -0.181762 0.179664 0.942652
491.404 100.086 -0.272631 0.302941 1.14
553.357 231.51 -0.0519897 0.143163 0.950986
590.136 541.409 0.28706 0.122205 0.963019
599.954 358.563 0.0785406 0.0999936 0.949
831.169 48.8514 -0.191683 -0.119101 0.882866
847.931 85.2723 -0.153347 -0.126831 0.861332
857.828 50.7751 -0.171447 -0.128789 0.844193
912.903 30.2718 -0.19591 -0.178958 0.863313
709.924 519.289 0.19285 -0.0120822 0.842086
885.81 372.371 0.082768 -0.17029 0.881516
494.081 254.176 -0.0340255 0.229835 0.998873
589.195 128.199 -0.195653 0.134351 1.05799
551.371 229.773 -0.0524847 0.141653 0.941807
623.982 507.057 0.213638 0.0698045 0.90305
654.962 511.894 0.205078 0.0370035 0.878018
583.392 553.98 0.275047 0.117493 0.925456
937.108 251.516 -0.0257615 -0.237056 0.925221
922.021 185.391 -0.0968688 -0.238999 0.960452
599.893 358.558 0.0779833 0.0992237 0.94595
562.028 488.417 0.242918 0.164188 0.996153
839.205 35.6897 -0.206526 -0.128231 0.891151
873.666 37.0826 -0.210219 -0.161405 0.900394
838.823 527.788 0.255235 -0.145717 0.928859
736.483 568.332 0.343591 -0.0434456 0.989083
533.852 196.544 -0.0914349 0.169954 0.971857
482.034 39.094 -0.268811 0.232519 1.00467
719.746 264.04 -0.0123213 -0.0219569 0.831422
547.999 141.056 -0.137929 0.141466 0.942622
589.41 123.423 -0.191365 0.126742 1.03468
933.663 126.162 -0.134827 -0.217136 0.901155
793.862 627.482 0.29068 -0.0815863 0.845407
654.271 114.419 -0.168659 0.0387898 0.958136
557.035 190.127 -0.100433 0.14917 0.982551
850.927 64.1125 -0.176093 -0.133639 0.875777
615.91 259.299 -0.0227977 0.078651 0.942055
718.57 100.112 -0.184939 -0.0269206 0.964237
544.656 368.329 0.0790488 0.139868 0.904812
565.383 393.379 0.0620908 0.0700695 0.734833
522.709 455.687 0.051482 0.0505539 0.585462
646.624 424.114 0.125761 0.0429327 0.881107
509.785 241.417 -0.0511162 0.223536 1.02268
844.41 27.9869 -0.201549 -0.126235 0.870369
560.644 110.439 -0.146049 0.110924 0.890164
590.817 126.507 -0.19438 0.12987 1.05025
952.855 245.574 -0.0275346 -0.225268 0.878935
605.642 355.566 0.0813192 0.102812 0.982325
690.649 36.3683 -0.189078 -0.00202524 0.857703
930.887 35.493 -0.192896 -0.194453 0.865248
727.994 17.3203 -0.215322 -0.0325356 0.87995
520.195 415.715 0.172436 0.238124 1.05103
578.178 108.697 -0.182204 0.120886 0.975994
648.817 105.65 -0.162876 0.0396546 0.923697
764.045 271.135 -0.00710996 -0.0588911 0.858044
555.805 295.816 0.0137011 0.155175 0.981342
548.396 527.492 0.257742 0.159655 0.944213
563.116 165.239 -0.171043 0.192814 1.11726
793.169 15.6738 -0.190545 -0.0773587 0.832318
503.754 236.082 -0.0528387 0.212674 0.989073
694.115 65.4791 -0.204184 -0.00292231 0.935324
584.039 337.616 0.0608768 0.126679 0.983743
491.254 53.8283 -0.273817 0.241925 1.03972
870.411 362.654 0.0867596 -0.182701 0.946862
870.39 42.5413 -0.215161 -0.16532 0.918245
595.182 124.261 -0.196034 0.123677 1.04794
683.216 253.281 -0.0298138 0.0123291 0.96452
821.47 404.718 0.108343 -0.110596 0.872362
654.683 105.055 -0.162159 0.033842 0.920699
574.147 386.681 0.111815 0.133458 0.965047
674.579 270.378 -0.010688 0.0191109 0.92996
790.589 570.825 0.356311 -0.111259 0.998662
693.854 54.9594 -0.199968 -0.00337835 0.908531
815.594 337.07 0.0536756 -0.113856 0.906513
561.407 194.635 -0.103219 0.156446 1.01455
668.219 354.39 0.0726847 0.0274845 0.934175
711.24 511.209 0.194808 -0.013348 0.85843
516.868 253.685 -0.0444101 0.256019 1.0988
544.596 3.71582 -0.325682 0.173489 1.03387
834.901 408.149 0.173871 -0.186621 1.06288
799.439 348.53 0.0591119 -0.0914263 0.873671
515.808 253.912 -0.0426165 0.25001 1.08508
604.662 514.345 0.316899 0.134021 1.05828
593.063 306.698 0.0213796 0.0876575 0.884729
702.51 263.684 -0.0144135 -0.00872558 0.876287
944.923 143.903 -0.140721 -0.265365 0.966608
634.908 356.138 0.0740466 0.061033 0.934723
516.412 359.191 0.0720596 0.170736 0.916103
648.927 419.165 0.135729 0.0471462 0.925155
943.782 314.763 0.0360212 -0.246767 0.92699
636.011 357.225 0.0766602 0.0614707 0.943144
676.886 269.945 -0.0120199 0.0186684 0.954985
487.658 145.543 -0.177636 0.26677 1.06419
655.195 510.033 0.200754 0.036136 0.873248
582.916 215.882 -0.243829 0.392213 1.61294
617.579 312.254 0.0273401 0.0690035 0.897271
614.383 423.419 0.136095 0.0792396 0.915378
605.781 420.426 0.0565521 0.0333274 0.652847
930.816 128.788 -0.137507 -0.222071 0.915383
875.074 365.166 0.0856061 -0.179691 0.928125
799.124 424.986 0.117732 -0.0858577 0.847666
573.125 120.746 -0.167736 0.12485 0.970246
569.76 299.613 0.0198373 0.163987 1.04627
834.13 36.0995 -0.188934 -0.114421 0.85783
753.969 235.464 -0.105718 -0.110967 1.31418
755.161 231.373 -0.0993531 -0.102742 1.24488
505.019 187.708 -0.0793153 0.155864 0.877573
703.796 340.85 0.0559935 -0.00869367 0.908445
854.147 421.388 0.154791 -0.172441 0.962017
701.246 271.466 -0.00752919 -0.00768258 0.862017
816.843 286.223 0.00596393 -0.108519 0.883007
856.484 535.338 0.221653 -0.139623 0.862828
772.706 545.492 0.271129 -0.0765915 0.926358
796.064 417.104 0.120698 -0.0895984 0.877865
504.022 251 -0.0422128 0.243117 1.04483
797.938 416.881 0.117579 -0.0892817 0.868632
787.995 267.899 -0.00931914 -0.0772402 0.851389
657.166 507.848 0.207343 0.0363394 0.889003
510.012 423.706 0.167639 0.228754 1.00964
943.93 374.478 0.0979187 -0.254254 0.935748
546.95 536.664 0.26337 0.158657 0.937277
649.291 418.943 0.135519 0.0467832 0.925182
622.665 413.414 0.136215 0.0776147 0.946248
943.566 471.737 0.111181 -0.147549 0.73313
668.158 123.832 -0.172528 0.0278878 0.991478
789.499 248.201 -0.0576897 -0.149245 1.17387
866.348 365.968 0.0876539 -0.173557 0.934721
710.03 307.953 0.0269241 -0.015199 0.938516
793.094 7.85624 -0.185535 -0.0736881 0.812761
949.277 320.364 0.042519 -0.257989 0.936082
557.196 148.173 -0.144332 0.146946 0.982305
543.115 102.726 -0.171595 0.14252 0.937104
510.589 99.5978 -0.182885 0.181954 0.95617
792.38 10.3414 -0.186505 -0.0741007 0.817732
529.134 198.377 -0.0947119 0.18517 0.994808
666.329 330.338 0.0469747 0.027533 0.920942
872.514 366.016 0.0888479 -0.181974 0.939715
853.794 170.546 -0.0980991 -0.147604 0.906348
783.08 273.346 -0.00602539 -0.0830955 0.906473
602.841 354.527 0.0780845 0.102713 0.97072
791.701 578.962 0.245711 -0.0790861 0.842515
840.233 422.172 0.111799 -0.115601 0.834722
545.571 452.333 0.164385 0.147635 0.917279
541.568 352.059 0.0832843 0.193149 1.0244
528.76 87.7518 -0.161459 0.134205 0.882297
816.878 565.183 0.351189 -0.144479 1.00044
630.955 361.525 0.0736425 0.0593006 0.903494
663.706 359.129 0.0701227 0.0278273 0.893784
785 253.695 -0.0596102 -0.162884 1.25924
532.548 193.499 -0.0967647 0.175186 0.981197
926.394 132.267 -0.135397 -0.219498 0.918232
670.44 120.117 -0.157734 0.0214116 0.944607
772.876 352.772 0.0631086 -0.0690366 0.87763
816.653 399.385 0.112591 -0.11479 0.904445
858.368 49.993 -0.171098 -0.128559 0.842243
789.198 250.907 -0.0577365 -0.157498 1.20804
725.715 246.418 -0.102947 -0.0569037 1.42014
724.345 120.703 -0.224953 -0.0395223 1.10392
716.403 227.605 -0.165163 -0.0354289 1.48029
753.528 236.32 -0.106768 -0.11212 1.32776
745.225 220.955 -0.205556 -0.124516 1.5552
763.477 230.798 -0.182287 -0.184682 1.5762
831.401 267.996 -0.0119711 -0.141224 0.949512
481.098 106.854 -0.246235 0.298029 1.10712
551.181 112.082 -0.180004 0.150278 0.978542
857.396 53.905 -0.171053 -0.1298 0.848231
898.583 229.392 -0.06709 -0.26793 1.06306
755.57 233.776 -0.10294 -0.109658 1.28453
629.652 12.6324 -0.265475 0.0607715 0.957312
947.239 209.212 -0.0597662 -0.224282 0.887768
733.357 254.756 -0.0858983 -0.0778382 1.44196
794.064 250.488 -0.0516922 -0.152255 1.15644
765.845 237.654 -0.189483 -0.216756 1.67926
542.058 66.8723 -0.490438 0.350806 1.38384
784.065 255.827 -0.0593418 -0.168468 1.28821
765.027 236.643 -0.193761 -0.214403 1.68182
625.595 320.74 0.0399213 0.0730783 0.953207
758.35 264.814 -0.0573604 -0.139768 1.4243
656.127 407.779 0.137897 0.0456185 0.968796
514.66 421.376 0.147206 0.196786 0.959424
614.072 17.5935 -0.43626 0.135036 1.20432
916.215 457.938 0.126635 -0.158931 0.796799
728.379 257.703 -0.0163239 -0.0277682 0.816726
804.015 420.837 0.108304 -0.0856576 0.8286
618.218 574.668 0.385876 0.111559 1.03458
904.315 70.8887 -0.21022 -0.216499 0.958975
547.664 230.413 -0.0506666 0.141847 0.932585
752.941 593.44 0.36423 -0.0616051 0.975226
765.669 228.092 -0.171634 -0.176959 1.51169
811.739 558.824 0.411245 -0.163448 1.08348
545.99 105.865 -0.172603 0.143359 0.946487
720.744 238.88 -0.219849 -0.0592275 1.7935
725.681 251.638 -0.108324 -0.0623974 1.519
949.828 244.69 -0.0295842 -0.231569 0.894743
940.521 118.641 -0.135869 -0.215105 0.88617
581.756 175.252 -0.15984 0.169869 1.12596
656.274 2.25468 -0.221467 0.0253371 0.870153
828.215 403.677 0.111177 -0.120118 0.884971
764.015 241.447 -0.074011 -0.112274 1.20489
601.041 66.3924 -0.227386 0.096754 0.981501
788.155 252.711 -0.0569548 -0.160295 1.22602
684.541 172.319 -0.0791097 0.00330016 0.827504
607.462 325.492 0.0314495 0.0607363 0.816316
934.304 123.502 -0.138639 -0.219903 0.905435
740.939 275.799 -0.0203124 -0.0804978 1.29116
832.544 41.7903 -0.211561 -0.128027 0.910108
628.181 10.6483 -0.264487 0.061396 0.952801
803.938 389.712 0.0973233 -0.0974218 0.882025
715.618 228.049 -0.161592 -0.0331116 1.47152
770.109 80.7301 -0.173121 -0.0700081 0.898327
661.693 319.646 0.0406123 0.0372519 0.968935
739.318 208.736 -0.195348 -0.0919607 1.42451
633.904 485.418 0.229275 0.0738527 0.974434
579.792 360.222 0.102657 0.162513 1.0678
569.824 296.307 0.0157673 0.167252 1.05545
782.451 258.83 -0.0571623 -0.172928 1.31853
791.716 274.44 -0.00393493 -0.0773759 0.836334
545.931 362.956 0.0759838 0.142585 0.915399
771.673 347.251 0.0640254 -0.0738047 0.915136
778.811 345.696 0.0611126 -0.0789439 0.905165
773.139 350.791 0.0621253 -0.0699952 0.882296
533.64 194.117 -0.0974713 0.176563 0.987043
811.776 333.226 0.0532331 -0.11701 0.932847
627.644 363.291 0.0715513 0.0586881 0.883689
594.092 121.79 -0.194108 0.121646 1.03674
616.368 313.888 0.0283256 0.0686954 0.890393
719.585 135.451 -0.211132 -0.0331404 1.11752
626.181 498.967 0.213121 0.0703946 0.916962
607.968 352.693 0.0816049 0.1056 1.00291
717.714 285.718 0.00237967 -0.0296551 1.18036
752.784 593.302 0.365249 -0.0615821 0.976601
554.097 17.8064 -0.33911 0.179223 1.0758
814.825 525.507 0.416085 -0.192608 1.1575
572.448 387.944 0.109538 0.130386 0.950902
592.754 310.203 0.0265912 0.097685 0.920721
630.319 245.692 -0.0418618 0.0745936 0.998138
853.44 551.633 0.233885 -0.135807 0.858942
710.217 301.222 0.0168126 -0.0147254 0.859536
858.62 49.21 -0.171012 -0.128293 0.840861
798.156 6.34605 -0.232895 -0.0938287 0.895526
711.161 306.892 0.0260254 -0.0163828 0.941341
811.743 304.091 0.0190314 -0.0931764 0.837293
849.385 553.33 0.24001 -0.134723 0.866023
491.098 101.772 -0.229831 0.257623 1.06162
666.021 115.16 -0.166464 0.0265692 0.954646
553.986 232.814 -0.0513651 0.144516 0.956177
841.57 536.508 0.252167 -0.142123 0.909757
663.914 359.249 0.0689671 0.0269169 0.886662
599.065 59.2188 -0.222042 0.0927548 0.958089
552.877 185.758 -0.102013 0.148818 0.970313
818.66 336.589 0.0499476 -0.109928 0.880962
684.177 214.518 -0.0861225 0.0155496 1.04971
832.636 75.7281 -0.171834 -0.121656 0.886725
710.006 306.819 0.0250353 -0.0150809 0.924738
649.879 5.66265 -0.288774 0.0437732 0.983048
547.156 75.39 -0.23638 0.167216 1.01592
702.887 448.499 0.0878009 -0.00797397 0.711449
565.549 235.331 -0.0552505 0.150437 1.00573
580.526 117.375 -0.188716 0.130017 1.01246
529.499 420.504 0.139307 0.17104 0.938099
927.979 11.0205 -0.170226 -0.155903 0.787334
573.105 388.588 0.113888 0.134659 0.965013
583.284 231.935 -0.0505195 0.111188 0.945334
825.833 596.438 0.364283 -0.145607 0.968424
637.611 252.891 -0.0393184 0.0775302 1.05688
817.213 394.275 0.113365 -0.120897 0.925062
487.769 276.589 -0.0170236 0.351375 1.1781
518.949 62.2633 -0.264475 0.209814 1.04021
588.516 237.131 -0.0488272 0.11447 0.973926
769.534 235.791 -0.174158 -0.210388 1.60265
556.631 296.314 0.0131766 0.135923 0.932589
753.765 235.149 -0.10833 -0.111975 1.3235
733.262 582.202 0.326596 -0.0368304 0.947128
608.561 330.917 0.0733241 0.148641 1.15557
597.285 332.754 0.0431074 0.0821446 0.874374
592.03 323.515 0.0369183 0.0915021 0.893867
828.63 88.0504 -0.17501 -0.126976 0.917393
711.984 500.819 0.208328 -0.0144278 0.90137
619.727 416.17 0.1333 0.0767761 0.928589
765.772 227.322 -0.169818 -0.174172 1.4978
795.565 594.385 0.327673 -0.101199 0.929451
589.158 129.679 -0.195612 0.135758 1.06213
720.799 227.421 -0.203034 -0.0524324 1.60744
653.465 310.801 0.0266953 0.0369871 0.901078
703.825 262.443 -0.0170673 -0.00972372 0.910948
781.997 349.005 0.0574048 -0.0741957 0.861491
876.718 61.1548 -0.144123 -0.127092 0.798449
837.398 265.455 -0.0112797 -0.121545 0.866885
555.44 22.3973 -0.342376 0.182693 1.08836
632.007 265.86 -0.0239326 0.0891048 1.0746
771.396 552.64 0.266478 -0.0724002 0.908656
598.555 584.063 0.265356 0.0872024 0.869088
495.596 48.5419 -0.299497 0.25358 1.07164
611.602 429.75 0.135248 0.077376 0.895333
620.961 566.634 0.397136 0.115048 1.06147
586.896 331.133 0.0570098 0.132984 1.01406
816.304 332.564 0.0551621 -0.127285 0.953562
653.411 313.52 0.0295382 0.0377408 0.906205
620.001 536.774 0.387446 0.128112 1.10698
656.395 312.116 0.030337 0.0387743 0.937544
937.198 258.749 -0.0198118 -0.247543 0.943059
851.779 289.845 0.0100273 -0.148414 0.909378
910.888 131.568 -0.149809 -0.223809 0.956719
521.302 160.679 -0.206008 0.291991 1.19048
532.837 410.429 0.128935 0.167223 0.938284
596.473 341.816 0.0754874 0.133761 1.05181
819.368 387.677 0.0583134 -0.0724858 0.722087
673.774 268.541 -0.0121183 0.0191362 0.920657
640.679 219.416 -0.0422904 0.0328633 0.801258
614.996 549.532 0.37012 0.122084 1.05994
902.038 160.744 -0.110816 -0.198954 0.922034
593.572 234.392 -0.0557904 0.117696 1.00423
580.274 238.418 -0.0405339 0.104796 0.913112
907.037 447.986 0.131122 -0.166161 0.828355
560.051 30.4992 -0.346689 0.185145 1.10905
651.478 218.678 -0.0499125 0.0316598 0.857711
848.533 553.365 0.245022 -0.136539 0.873528
681.159 252.2 -0.0275777 0.0118984 0.92234
584.253 145.244 -0.143745 0.114872 0.97235
545.12 334.753 0.0844784 0.277462 1.20598
594.082 184.456 -0.10867 0.111661 0.992501
545.966 505.884 0.224159 0.153811 0.927088
728.927 561.898 0.371454 -0.036684 1.03437
657.015 508.54 0.210902 0.0371714 0.894261
486.732 88.1559 -0.443241 0.47281 1.3797
625.607 5.15289 -0.260758 0.0613253 0.93893
740.663 232.29 -0.196982 -0.121224 1.64049
638.279 340.865 0.184103 0.268879 1.72017
562.213 296.507 0.014087 0.140325 0.960136
647.437 422.887 0.135965 0.0471536 0.914869
716.922 226.507 -0.164303 -0.0365553 1.46693
633.324 67.6154 -0.746238 0.232875 1.68027
859.75 555.846 0.321838 -0.187759 0.97664
946.571 321.232 0.0440339 -0.2594 0.942935
778.853 571.621 0.391385 -0.104847 1.03941
709.44 308.861 0.0270923 -0.0145123 0.926071
727.8 50.8095 -0.171068 -0.0300855 0.842533
926.474 132.174 -0.134109 -0.217502 0.914234
607.761 464.236 0.139541 0.0661963 0.827994
587.69 365.773 0.0733226 0.0940519 0.884215
782.343 350.953 0.059359 -0.07483 0.86346
811.841 561.931 0.408086 -0.160681 1.07415
484.098 36.9601 -0.431641 0.369978 1.23741
544.577 176.422 -0.098979 0.138491 0.921809
742.016 234.256 -0.22135 -0.139789 1.74264
728.809 234.899 -0.240438 -0.0937834 1.80882
839.832 263.778 -0.0121035 -0.118901 0.851373
601.171 358.967 0.0722387 0.0888464 0.911453
672.212 271.695 -0.00872074 0.0195056 0.905933
620.017 314.863 0.0311194 0.0708666 0.916673
694.907 57.5114 -0.204218 -0.00405464 0.921289
935.58 153.033 -0.141843 -0.274149 0.998244
851.013 103.953 -0.159331 -0.146684 0.913687
851.281 63.8906 -0.177014 -0.134451 0.877388
842.565 189.102 -0.0945892 -0.156579 0.963965
771.245 536.785 0.281513 -0.0799128 0.955862
710.515 505.041 0.207825 -0.0129443 0.892897
854.3 556.728 0.251615 -0.143557 0.87838
933.733 316.15 0.0401094 -0.256127 0.960648
870.965 369.439 0.0860706 -0.168458 0.910522
512.42 154.803 -0.200116 0.284422 1.1533
501.846 255.308 -0.0355 0.238051 1.03021
489.146 47.3586 -0.277864 0.241072 1.03437
498.421 4.49446 -0.401651 0.282721 1.13724
598.347 59.4551 -0.220829 0.0930158 0.956211
538.331 98.6024 -0.166513 0.138983 0.916118
540.004 58.1197 -0.224087 0.15213 0.959609
622.973 512.156 0.215087 0.0695421 0.896681
655.158 513.9 0.209089 0.0373761 0.881858
682.651 589.749 0.366482 0.0217203 0.985773
555.858 513.549 0.261766 0.1644 0.976231
593.422 536.523 0.294201 0.124424 0.981813
544.541 362.982 0.075642 0.143169 0.91353
