712.246 594.128 0.352024 -0.0152468 0.956826
520.725 414.379 0.17913 0.242327 1.06465
535.517 338.53 0.0874969 0.25875 1.1471
647.544 565.467 0.383645 0.0719319 1.04033
614.225 416.619 0.135131 0.0794953 0.926006
770.362 526.987 0.372493 -0.104793 1.09316
944.364 163.557 -0.0940233 -0.218488 0.884071
547.752 174.656 -0.105597 0.144787 0.956922
780.566 71.1167 -0.172015 -0.0789623 0.888973
750.282 0.830402 -0.23999 -0.0558842 0.90985
772.995 543.63 0.26375 -0.0764966 0.914146
709.898 500.043 0.203161 -0.0141141 0.889204
848.165 539.81 0.254952 -0.148373 0.904299
889.734 368.055 0.0782318 -0.168784 0.867759
893.493 369.55 0.0763399 -0.165641 0.852958
506.066 149.636 -0.120519 0.170433 0.925156
499.2 37.3819 -0.25174 0.198478 0.984531
513 13.3183 -0.253153 0.167223 0.948702
558.657 363.195 0.0926091 0.15406 0.984826
725.52 51.8797 -0.182071 -0.0320552 0.877332
812.538 327.826 0.0494846 -0.116384 0.922679
530.787 187.929 -0.0986643 0.17341 0.982544
598.008 351.08 0.0656012 0.0869634 0.90337
692.388 50.965 -0.208014 -0.00405338 0.928415
937.521 113.558 -0.135682 -0.212175 0.885973
919.613 249.211 -0.0284677 -0.24826 0.977747
853.782 502.906 0.19941 -0.141493 0.872013
502.53 85.761 -0.185336 0.178976 0.944106
487.69 92.2089 -0.276204 0.302253 1.14145
550.85 224.603 -0.055563 0.142475 0.95244
589.457 534.813 0.283487 0.121517 0.964473
598.351 352.378 0.0749672 0.0993061 0.950453
830.607 38.7797 -0.195256 -0.119788 0.884319
847.411 75.7035 -0.15692 -0.127518 0.862785
857.412 40.523 -0.175021 -0.129477 0.845647
913.217 19.7007 -0.199484 -0.179645 0.864766
708.605 512.296 0.189277 -0.0127697 0.843539
884.905 365.524 0.0791946 -0.170977 0.88297
491.45 247.779 -0.0375989 0.229148 1.00033
586.64 120.444 -0.199227 0.133664 1.05944
548.814 222.802 -0.056058 0.140965 0.94326
622.882 500.454 0.210064 0.069117 0.904503
653.773 505.138 0.201505 0.036316 0.879471
582.634 547.199 0.271473 0.116805 0.926909
936.935 244.255 -0.0293348 -0.237744 0.926674
922.118 177.688 -0.100442 -0.239687 0.961906
598.28 352.357 0.0744099 0.0985362 0.947404
561.213 482.315 0.239345 0.163501 0.997606
838.78 25.4067 -0.210099 -0.128919 0.892604
873.656 26.8424 -0.213793 -0.162093 0.901847
837.572 520.822 0.251661 -0.146405 0.930313
735.569 561.312 0.340017 -0.0441331 0.990537
531.037 189.39 -0.0950082 0.169266 0.97331
718.052 256.558 -0.0158947 -0.0226444 0.832876
544.897 133.017 -0.141502 0.140779 0.944075
586.797 115.498 -0.194938 0.126055 1.03614
933.953 117.362 -0.138401 -0.217824 0.902608
792.468 619.545 0.287107 -0.0822738 0.84686
652.121 105.962 -0.172233 0.0381024 0.959589
554.394 182.928 -0.104006 0.148482 0.984004
850.527 54.2617 -0.179666 -0.134326 0.87723
613.93 252.527 -0.0263711 0.0779635 0.943508
717.048 91.3992 -0.188512 -0.0276081 0.965691
542.75 362.012 0.0754755 0.139181 0.906265
562.754 386.19 0.0585174 0.069382 0.736286
518.448 448.167 0.0479087 0.0498664 0.586916
645.167 417.611 0.122188 0.0422452 0.882561
507.219 235.006 -0.0546895 0.222849 1.02413
843.985 17.4575 -0.205123 -0.126923 0.871822
557.358 101.663 -0.149622 0.110236 0.891617
588.259 118.693 -0.197953 0.129182 1.05171
952.703 237.983 -0.031108 -0.225955 0.880389
604.144 349.527 0.0777458 0.102125 0.983778
688.414 26.0526 -0.192651 -0.00271273 0.859157
931.387 25.015 -0.196469 -0.195141 0.866701
726.242 6.71324 -0.218895 -0.0332231 0.881403
519.055 410.121 0.168863 0.237437 1.05248
575.27 100.291 -0.185777 0.120199 0.977448
646.5 96.8931 -0.166449 0.0389671 0.92515
762.711 263.821 -0.0106833 -0.0595786 0.859498
553.776 289.571 0.0101278 0.154488 0.982795
547.621 521.011 0.254169 0.158968 0.945666
560.605 158.298 -0.174617 0.192126 1.11871
792.019 4.7644 -0.194118 -0.0780462 0.833772
501.026 229.463 -0.056412 0.211986 0.990527
692.205 56.0557 -0.207758 -0.0036098 0.936777
582.38 331.555 0.0573035 0.125992 0.985197
487.089 44.7297 -0.277391 0.241237 1.04117
869.599 356.14 0.0831863 -0.183389 0.948316
870.389 32.4864 -0.218734 -0.166007 0.919698
592.652 116.398 -0.199607 0.12299 1.04939
681.686 246.509 -0.0333871 0.0116416 0.965973
820.329 397.944 0.10477 -0.111284 0.873815
652.416 96.2698 -0.165732 0.0331545 0.922153
572.658 380.655 0.108242 0.132771 0.9665
672.949 263.563 -0.0142614 0.0184234 0.931413
789.488 563.707 0.352737 -0.111946 1.00012
691.849 45.2241 -0.203541 -0.00406584 0.909985
814.598 330.34 0.0501023 -0.114544 0.907966
558.896 187.64 -0.106792 0.155758 1.01601
666.791 348.036 0.0691114 0.026797 0.935629
709.967 504.306 0.191235 -0.0140355 0.859883
514.593 247.722 -0.0479834 0.255332 1.10025
834.048 402.203 0.170297 -0.187308 1.06433
798.295 341.682 0.0555386 -0.0921138 0.875124
513.504 247.892 -0.0461899 0.249323 1.08654
604.137 508.191 0.313326 0.133333 1.05973
590.972 299.96 0.0178062 0.08697 0.886183
700.868 256.486 -0.0179869 -0.00941307 0.87774
945.4 135.682 -0.144295 -0.266052 0.968061
633.372 349.832 0.0704733 0.0603455 0.936177
514.386 352.942 0.0684863 0.170048 0.917556
647.612 412.866 0.132156 0.0464587 0.926608
943.349 307.904 0.0324479 -0.247455 0.928443
634.509 350.964 0.0730868 0.0607832 0.944598
675.335 263.259 -0.0155933 0.0179809 0.956439
484.224 138.166 -0.18121 0.266083 1.06564
653.981 503.269 0.19718 0.0354485 0.874702
581.22 211.028 -0.247403 0.391526 1.61439
615.681 305.589 0.0237668 0.068316 0.898725
612.987 417.118 0.132521 0.0785521 0.916831
602.728 412.867 0.0529787 0.0326399 0.654301
931.111 120.104 -0.141081 -0.222759 0.916836
874.239 358.558 0.0820328 -0.180379 0.929578
797.859 418.123 0.114158 -0.0865452 0.84912
570.217 112.512 -0.17131 0.124163 0.9717
567.987 293.688 0.016264 0.1633 1.04773
833.53 25.6698 -0.192507 -0.115109 0.859284
753.354 229.909 -0.109292 -0.111655 1.31563
754.485 225.543 -0.102926 -0.10343 1.24634
501.633 179.972 -0.0828887 0.155177 0.879026
702.392 334.276 0.0524202 -0.00938116 0.909899
853.168 414.98 0.151218 -0.173129 0.963471
699.563 264.245 -0.0111025 -0.00837007 0.863471
815.857 279.102 0.00239058 -0.109207 0.884461
855.108 528.104 0.21808 -0.14031 0.864281
771.566 538.487 0.267556 -0.077279 0.927812
794.874 410.392 0.117124 -0.0902859 0.879318
501.538 244.785 -0.0457861 0.24243 1.04629
796.729 410.122 0.114006 -0.0899692 0.870086
786.777 260.494 -0.0128925 -0.0779277 0.852843
656.006 501.146 0.20377 0.0356519 0.890457
508.78 417.949 0.164065 0.228066 1.01109
943.217 367.839 0.0943453 -0.254941 0.937202
546.202 530.102 0.259797 0.15797 0.938731
647.977 412.643 0.131946 0.0460957 0.926636
621.35 407.246 0.132641 0.0769272 0.947701
942.173 464.129 0.107608 -0.148237 0.734583
666.244 115.664 -0.176101 0.0272003 0.992931
788.929 242.231 -0.061263 -0.149932 1.17532
865.499 359.405 0.0840805 -0.174244 0.936175
708.681 301.384 0.0233507 -0.0158864 0.93997
948.846 313.572 0.0389457 -0.258677 0.937535
554.311 140.42 -0.147905 0.146259 0.983759
539.724 94.0724 -0.175168 0.141832 0.938558
506.871 91.0066 -0.186459 0.181267 0.957624
526.346 191.362 -0.0982853 0.184483 0.996261
664.79 323.833 0.0434013 0.0268455 0.922395
871.687 359.471 0.0852746 -0.182662 0.941169
853.298 162.438 -0.101672 -0.148292 0.907802
781.989 266.307 -0.00959873 -0.083783 0.907927
601.295 348.434 0.0745111 0.102026 0.972174
790.332 571.471 0.242138 -0.0797736 0.843969
839.016 415.192 0.108226 -0.116289 0.836176
544.22 446.093 0.160812 0.146947 0.918733
539.952 346.284 0.079711 0.192461 1.02586
524.987 78.5954 -0.165032 0.133518 0.883751
815.682 558.087 0.347616 -0.145166 1.00189
629.322 355.079 0.0700691 0.0586131 0.904947
662.149 352.586 0.0665494 0.0271398 0.895237
784.494 248.093 -0.0631835 -0.163572 1.2607
529.725 186.357 -0.100338 0.174498 0.982651
926.644 123.652 -0.138971 -0.220186 0.919685
668.432 111.672 -0.161307 0.0207242 0.946061
771.648 345.991 0.0595352 -0.0697241 0.879083
815.577 392.773 0.109017 -0.115478 0.905898
857.952 39.7164 -0.174671 -0.129246 0.843697
788.663 245.092 -0.0613099 -0.158186 1.20949
725.026 241.315 -0.106521 -0.0575912 1.42159
723.173 112.895 -0.228527 -0.0402098 1.10538
715.676 222.477 -0.168736 -0.0361164 1.48175
752.922 230.817 -0.110341 -0.112807 1.32921
744.733 215.905 -0.20913 -0.125204 1.55665
763.113 225.896 -0.18586 -0.185369 1.57766
830.669 261.104 -0.0155444 -0.141911 0.950965
548.017 103.765 -0.183577 0.149591 0.979995
856.985 43.7294 -0.174627 -0.130488 0.849685
898.525 222.676 -0.0706634 -0.268617 1.06452
754.937 228.106 -0.106514 -0.110345 1.28598
626.877 2.30392 -0.269048 0.0600841 0.958765
947.238 201.343 -0.0633396 -0.22497 0.889222
732.732 249.783 -0.0894716 -0.0785256 1.44342
793.494 244.464 -0.0552655 -0.152942 1.15789
765.545 233.05 -0.193056 -0.217443 1.68071
538.714 58.8034 -0.494011 0.350119 1.38529
783.578 250.344 -0.0629151 -0.169156 1.28967
764.725 232.034 -0.197335 -0.215091 1.68327
623.945 314.408 0.0363479 0.0723908 0.95466
757.84 259.851 -0.0609337 -0.140455 1.42575
654.92 401.672 0.134324 0.0449311 0.97025
513.232 415.404 0.143633 0.196099 0.960878
611.395 8.00968 -0.439833 0.134348 1.20577
914.953 450.657 0.123062 -0.159619 0.798252
726.675 250.07 -0.0198972 -0.0284557 0.818179
802.709 413.874 0.104731 -0.0863451 0.830054
617.867 567.849 0.382303 0.110872 1.03603
904.712 61.507 -0.213793 -0.217186 0.960428
545.057 223.402 -0.0542399 0.14116 0.934039
751.952 586.092 0.360657 -0.0622926 0.976679
765.282 223.006 -0.175208 -0.177646 1.51315
810.626 551.951 0.407671 -0.164136 1.08494
542.669 97.3044 -0.176176 0.142672 0.947941
720.213 234.547 -0.223422 -0.0599149 1.79495
725.062 246.847 -0.111897 -0.0630848 1.52046
949.697 237.188 -0.0331576 -0.232257 0.896197
940.857 109.645 -0.139442 -0.215793 0.887623
579.482 168.468 -0.163413 0.169182 1.12741
827.116 396.957 0.107604 -0.120806 0.886424
763.345 235.56 -0.0775844 -0.112962 1.20634
598.187 57.249 -0.23096 0.0960665 0.982954
787.632 246.978 -0.0605282 -0.160983 1.22748
682.417 163.931 -0.082683 0.00261267 0.828958
605.235 318.445 0.0278761 0.0600488 0.81777
934.623 114.686 -0.142213 -0.22059 0.906889
740.242 270.519 -0.0238858 -0.0811853 1.29262
832.097 31.7131 -0.215134 -0.128715 0.911562
625.37 0.262909 -0.26806 0.0607085 0.954255
802.796 382.997 0.09375 -0.0981093 0.883479
714.881 222.904 -0.165165 -0.0337991 1.47297
768.924 71.3406 -0.176694 -0.0706956 0.89978
660.237 313.348 0.0370389 0.0365644 0.970389
738.694 203.217 -0.198922 -0.0926482 1.42597
632.966 479.155 0.225702 0.0731652 0.975887
578.459 354.612 0.0990837 0.161825 1.06925
568.053 290.405 0.012194 0.166565 1.05691
781.98 253.473 -0.0607356 -0.173615 1.31999
790.469 266.989 -0.00750828 -0.0780634 0.837788
544.039 356.678 0.0724104 0.141898 0.916852
770.537 340.655 0.0604521 -0.0744922 0.916589
777.675 339.033 0.0575393 -0.0796314 0.906619
771.924 344.029 0.058552 -0.0706827 0.883749
530.843 187.01 -0.101045 0.175875 0.988497
810.827 326.626 0.0496597 -0.117698 0.934301
625.935 356.749 0.0679779 0.0580006 0.885143
591.522 113.842 -0.197681 0.120959 1.03819
614.447 307.195 0.0247522 0.0680079 0.891846
718.406 127.936 -0.214705 -0.0338279 1.11897
625.102 492.449 0.209548 0.0697071 0.918416
606.521 346.742 0.0780316 0.104913 1.00436
716.803 280.123 -0.00119367 -0.0303426 1.18181
751.798 585.957 0.361676 -0.0622696 0.978055
550.518 7.9961 -0.342683 0.178536 1.07725
813.794 519.144 0.412512 -0.193295 1.15896
570.914 381.856 0.105965 0.129699 0.952356
590.805 303.684 0.0230178 0.0969975 0.922174
628.518 239.079 -0.0454351 0.0739061 0.999591
852.028 544.286 0.230312 -0.136495 0.860395
708.624 294.176 0.0132392 -0.0154129 0.86099
858.203 38.9121 -0.174586 -0.128981 0.842314
709.823 300.331 0.022452 -0.0170703 0.942795
810.585 296.816 0.0154581 -0.0938639 0.838746
847.986 545.996 0.236437 -0.13541 0.867477
487.337 93.6615 -0.233404 0.256936 1.06307
663.981 106.689 -0.170037 0.0258817 0.956099
551.506 225.945 -0.0549385 0.143829 0.95763
840.274 529.422 0.248594 -0.14281 0.911211
662.335 352.668 0.0653938 0.0262294 0.888115
596.11 49.848 -0.225616 0.0920673 0.959542
550.148 178.45 -0.105586 0.14813 0.971767
817.616 329.715 0.0463742 -0.110616 0.882415
682.742 207.796 -0.0896958 0.0148621 1.05116
832.063 66.1461 -0.175407 -0.122343 0.888179
708.618 300.171 0.0214619 -0.0157684 0.926192
543.786 66.5876 -0.239954 0.166528 1.01737
700.798 441.123 0.0842275 -0.00866146 0.712902
563.287 228.725 -0.0588239 0.14975 1.00719
577.755 109.267 -0.192289 0.12933 1.01392
528.008 414.418 0.135734 0.170353 0.939553
571.624 382.565 0.110315 0.133971 0.966467
580.975 224.971 -0.0540928 0.110501 0.946788
824.521 588.925 0.360709 -0.146294 0.969878
636.004 246.614 -0.0428918 0.0768427 1.05833
816.184 387.759 0.109792 -0.121584 0.926515
485.644 271.163 -0.0205969 0.350688 1.17955
515.188 53.3158 -0.268048 0.209127 1.04166
586.344 230.361 -0.0524006 0.113782 0.97538
769.218 231 -0.177731 -0.211076 1.6041
554.463 289.818 0.00960322 0.135235 0.934043
753.157 229.621 -0.111903 -0.112663 1.32495
732.286 574.969 0.323023 -0.0375179 0.948581
607.335 325.558 0.0697507 0.147953 1.15702
595.291 326.087 0.0395341 0.0814571 0.875827
590.045 316.919 0.033345 0.0908146 0.89532
828.093 78.8304 -0.178584 -0.127664 0.918847
710.831 494.113 0.204754 -0.0151153 0.902823
618.359 409.926 0.129727 0.0760886 0.930042
765.376 222.192 -0.173391 -0.174859 1.49926
794.338 586.893 0.3241 -0.101887 0.930905
586.617 121.964 -0.199185 0.13507 1.06358
720.173 222.587 -0.206607 -0.0531199 1.60889
651.75 304.109 0.0231219 0.0362996 0.902532
702.294 255.432 -0.0206406 -0.0104112 0.912402
780.757 342.113 0.0538314 -0.0748832 0.862944
876.293 50.813 -0.147697 -0.127779 0.799902
836.507 258.072 -0.014853 -0.122232 0.868339
551.916 12.7219 -0.34595 0.182006 1.08981
630.45 259.774 -0.027506 0.0884173 1.07606
770.223 545.537 0.262905 -0.0730877 0.910109
597.651 576.887 0.261782 0.0865149 0.870541
491.466 39.4307 -0.303071 0.252893 1.07309
610.152 423.356 0.131674 0.0766885 0.896787
620.643 559.947 0.393562 0.114361 1.06292
585.296 325.189 0.0534364 0.132296 1.01551
815.412 326.064 0.0515887 -0.127972 0.955015
651.72 306.871 0.0259649 0.0370533 0.907659
619.673 530.502 0.383872 0.127424 1.10843
654.808 305.625 0.0267637 0.0380868 0.938998
937.025 251.643 -0.0233851 -0.24823 0.944512
851.019 282.858 0.00645394 -0.149101 0.910831
911.11 123.152 -0.153382 -0.224496 0.958172
518.442 153.969 -0.209582 0.291304 1.19193
531.289 404.344 0.125361 0.166535 0.939737
595.056 336.071 0.0719141 0.133073 1.05326
817.738 380.081 0.05474 -0.0731732 0.72354
672.109 261.663 -0.0156916 0.0184487 0.922111
638.217 211.43 -0.0458637 0.0321759 0.802711
614.617 543.04 0.366547 0.121396 1.06139
901.99 152.555 -0.114389 -0.199642 0.923487
591.493 227.742 -0.0593637 0.117008 1.00569
577.88 231.343 -0.0441073 0.104108 0.914565
905.849 440.872 0.127549 -0.166848 0.829809
556.653 21.0554 -0.350262 0.184457 1.1105
649.326 211.021 -0.0534858 0.0309723 0.859165
847.145 546.051 0.241449 -0.137227 0.874981
679.503 245.194 -0.031151 0.0112109 0.923793
581.584 137.379 -0.147318 0.114185 0.973803
543.791 329.671 0.080905 0.276774 1.20743
591.737 177.203 -0.112243 0.110974 0.993954
544.983 499.483 0.220586 0.153123 0.928542
728.116 555.041 0.36788 -0.0373714 1.03582
655.876 501.852 0.207328 0.0364839 0.895715
912.28 470.545 0.289159 -0.319926 1.09504
831.163 488.375 0.2524 -0.160393 0.994009
635.252 393.192 0.148202 0.0826401 1.05041
687.101 519.693 0.0560816 -0.00475508 0.543101
539.468 296.138 0.0174692 0.175927 0.995225
836.347 256.857 -0.0157067 -0.120999 0.864658
935.38 279.451 0.00454074 -0.297182 1.02697
578.231 94.9095 -0.169273 0.102131 0.92683
602.489 423.684 0.105221 0.064467 0.816657
634.411 350.456 0.0730761 0.0614184 0.947593
681.057 243.62 -0.0352486 0.0114837 0.953706
566.838 293.683 0.0161806 0.163609 1.04477
794.213 83.8304 -0.182223 -0.100353 0.936606
522.401 187.764 -0.0790236 0.14357 0.89201
754.321 143.2 -0.265168 -0.108592 1.28171
821.642 396.486 0.102414 -0.111374 0.869956
873.024 466.37 0.121238 -0.119059 0.767554
675.773 383.908 0.208052 0.0556238 1.28481
858.728 451.176 0.134976 -0.130091 0.829651
702.909 328.629 0.0545963 -0.00929482 0.97273
583.174 618.715 0.29077 0.0970219 0.858177
880.617 67.9839 -0.132606 -0.127001 0.788876
878.809 358.806 0.0777271 -0.175131 0.906454
880.199 441.296 0.114636 -0.133516 0.795121
633.036 253.375 -0.0241726 0.0559609 0.926259
515.007 178.704 -0.0935189 0.162302 0.922022
827.879 265.621 -0.010073 -0.130358 0.921767
482.845 80.6044 -0.446814 0.472122 1.38116
740.189 227.566 -0.200555 -0.121911 1.64194
637.733 337.097 0.18053 0.268191 1.72162
560.161 290.151 0.0105136 0.139637 0.96159
646.098 416.54 0.132392 0.0464661 0.916323
716.188 221.332 -0.167877 -0.0372428 1.46838
631.242 59.7939 -0.749812 0.232188 1.68172
858.406 548.73 0.318265 -0.188447 0.978093
946.136 314.482 0.0404606 -0.260088 0.944388
777.844 564.58 0.387812 -0.105535 1.04086
708.057 302.232 0.023519 -0.0151998 0.927525
725.955 40.652 -0.174641 -0.030773 0.843986
926.714 123.536 -0.137682 -0.218189 0.915688
606.144 457.505 0.135968 0.0655088 0.829448
585.845 359.29 0.0697493 0.0933644 0.885669
781.109 344.078 0.0557856 -0.0755175 0.864914
810.718 555.005 0.404512 -0.161369 1.07561
541.598 168.756 -0.102552 0.137803 0.923263
741.598 229.758 -0.224924 -0.140477 1.74409
728.332 230.539 -0.244011 -0.0944709 1.81027
838.914 256.287 -0.0156768 -0.119588 0.852827
599.448 352.591 0.0686653 0.0881589 0.912906
670.502 264.76 -0.0122941 0.0188181 0.907387
618.206 308.315 0.0275461 0.0701791 0.918126
692.954 47.8797 -0.207791 -0.00474213 0.922742
936.01 145.098 -0.145416 -0.274836 0.999698
850.655 94.9531 -0.162904 -0.147371 0.91514
850.891 54.0438 -0.180588 -0.135139 0.878841
842.086 181.534 -0.0981626 -0.157266 0.965418
770.163 529.928 0.277939 -0.0806003 0.957315
709.344 498.288 0.204252 -0.0136318 0.894351
852.899 549.391 0.248041 -0.144245 0.879834
933.301 309.485 0.0365361 -0.256814 0.962101
870.08 362.755 0.0824972 -0.169146 0.911975
509.397 147.884 -0.203689 0.283735 1.15476
499.349 249.065 -0.0390733 0.237363 1.03166
484.898 38.112 -0.281437 0.240385 1.03582
595.382 50.0815 -0.224402 0.0923283 0.957664
534.816 89.7853 -0.170086 0.138296 0.917571
536.355 48.7782 -0.22766 0.151442 0.961063
621.868 505.508 0.211514 0.0688546 0.898134
653.989 507.146 0.205516 0.0366886 0.883312
681.964 582.575 0.362909 0.0210329 0.987226
555.124 507.244 0.258193 0.163712 0.977684
592.783 530.009 0.290628 0.123736 0.983267
542.637 356.696 0.0720687 0.142481 0.914984
