711.275 590.797 0.348084 -0.0143791 0.950034
504.252 419.159 0.166711 0.22912 1.00331
530.44 335.41 0.0844289 0.255113 1.12803
643.769 572.144 0.368447 0.0701476 1.00425
615.058 409.268 0.136032 0.0815041 0.940021
772.461 536.271 0.35244 -0.0987609 1.04001
941.792 158.453 -0.0956975 -0.218879 0.888124
543.73 167.891 -0.106164 0.144116 0.948368
778.462 66.9981 -0.174593 -0.0789189 0.895887
771.419 535.85 0.264038 -0.0763059 0.919366
709.049 490.175 0.205295 -0.0137218 0.903267
848.597 536.835 0.250866 -0.146436 0.895206
879.551 358.625 0.0804025 -0.174557 0.9014
883.746 360.32 0.07828 -0.170755 0.883238
490.535 24.4834 -0.248522 0.195519 0.965906
509.491 5.80992 -0.254006 0.16754 0.946749
556.752 358.946 0.0908952 0.154186 0.981405
725.085 2.76211 -0.164124 -0.0275525 0.777829
810.941 322.51 0.048302 -0.116009 0.924801
522.449 179.103 -0.0978533 0.169515 0.957526
593.81 347.56 0.0628322 0.085874 0.886413
690.268 37.8405 -0.20538 -0.00362691 0.909585
937.073 106.706 -0.136617 -0.210713 0.883327
928.562 241.684 -0.029282 -0.238935 0.942417
856.828 504.221 0.192621 -0.137005 0.849651
499.022 78.6151 -0.18591 0.178522 0.940096
550.03 219.876 -0.057268 0.143874 0.957022
588.505 530.134 0.281237 0.121885 0.962162
595.065 348.602 0.0726905 0.0989585 0.939125
828.261 35.5251 -0.198724 -0.120919 0.893879
846.198 69.0483 -0.158172 -0.126794 0.862365
849.487 45.1497 -0.18193 -0.133149 0.875142
911.962 13.0213 -0.200938 -0.179117 0.865384
707.828 505.955 0.188158 -0.0123615 0.844418
877.362 357.413 0.0804548 -0.175014 0.907466
577.598 105.209 -0.192852 0.128423 1.01576
543.093 215.925 -0.0566373 0.138805 0.926083
620.525 497.98 0.206446 0.069252 0.895018
649.598 511.081 0.191808 0.0354172 0.845274
578.81 547.76 0.265038 0.115416 0.910277
932.55 239.609 -0.0307862 -0.239614 0.936527
928.566 167.728 -0.0993668 -0.232192 0.93505
595.794 348.137 0.0725226 0.0986807 0.940836
559.657 478.582 0.236856 0.163444 0.993205
841.674 9.62545 -0.206473 -0.12506 0.870624
871.058 21.9076 -0.216081 -0.161829 0.906267
834.977 512.541 0.252611 -0.147168 0.93815
734.867 560.788 0.333214 -0.0426698 0.975357
531.433 185.621 -0.0972268 0.171567 0.982949
714.116 248.138 -0.0166549 -0.0186614 0.771448
550.775 134.876 -0.147712 0.146584 0.978875
581.804 106.264 -0.193399 0.124926 1.0197
931.526 112.486 -0.140294 -0.218284 0.906946
792.241 617.493 0.282462 -0.0806653 0.837515
646.525 88.3846 -0.166392 0.0367531 0.916605
546.706 173.84 -0.103097 0.145441 0.958892
842.813 59.4117 -0.187351 -0.138885 0.910737
612.432 247.519 -0.0279351 0.079254 0.946488
715.343 62.5222 -0.175646 -0.0247133 0.889549
541.815 357.076 0.0743117 0.139853 0.907119
561.23 380.095 0.0571984 0.0700233 0.735932
482.305 10.6183 -0.245942 0.190099 0.940158
517.857 439.532 0.0468376 0.0506868 0.588587
642.492 414.902 0.118885 0.042363 0.869387
500.768 229.044 -0.0551667 0.219223 1.00612
555.501 96.1222 -0.151277 0.111185 0.893638
571.609 94.0853 -0.185051 0.120555 0.971654
953.216 231.819 -0.0323723 -0.224217 0.875591
597.24 347.629 0.0729891 0.0987566 0.9465
687.541 29.7177 -0.199313 -0.00203683 0.885056
926.878 22.7727 -0.200373 -0.197413 0.878372
494.307 418.934 0.152391 0.218837 0.965117
566.692 86.4888 -0.18155 0.117467 0.947162
637.483 71.781 -0.157127 0.0370375 0.86229
762.524 257.372 -0.0121281 -0.0576575 0.842094
539.689 284.487 0.00765968 0.14919 0.935201
548.435 514.089 0.25466 0.160716 0.951778
558.24 153.192 -0.175701 0.192437 1.11667
497.559 224.516 -0.057515 0.212649 0.987391
689.343 40.0314 -0.203176 -0.00279908 0.908798
582.01 326.704 0.0566023 0.128218 0.993115
486.11 40.513 -0.280525 0.243128 1.0476
508.331 412.049 0.161232 0.228626 1.0122
864.014 349.197 0.0837853 -0.186747 0.96897
874.075 16.9286 -0.215018 -0.160862 0.896937
583.763 101.123 -0.193729 0.118933 1.00791
678.121 238.821 -0.0337978 0.0119341 0.926203
818.201 391.298 0.104293 -0.111675 0.880193
649.284 87.1493 -0.165136 0.0336015 0.911084
672.82 259.589 -0.0155372 0.0196843 0.954505
788.796 559.825 0.349201 -0.110595 0.99423
690.507 40.9223 -0.206346 -0.0036327 0.916476
814.663 325.681 0.047815 -0.111809 0.894944
550.77 178.223 -0.105387 0.151578 0.985681
664.732 343.799 0.067123 0.0274406 0.927208
709.118 500.044 0.188488 -0.0135297 0.854517
504.46 241.455 -0.0479219 0.247636 1.06521
854.658 417.994 0.145241 -0.161221 0.92541
794.807 334.695 0.0558418 -0.0939725 0.895853
603.964 503.149 0.312078 0.133729 1.06056
590.844 294.694 0.0167248 0.0883493 0.893393
700.52 252.69 -0.0196786 -0.00937248 0.912253
943.677 130.27 -0.145688 -0.265117 0.968788
634.608 343.441 0.0710129 0.0622637 0.956936
521.763 345.604 0.0701955 0.177391 0.950645
945.307 302.61 0.0305449 -0.244545 0.918803
632.43 346.717 0.0709655 0.0607992 0.936273
675.269 259.493 -0.0169851 0.0192974 0.982525
653.189 498.1 0.195478 0.0357981 0.873134
583.259 210.352 -0.255546 0.402777 1.65434
616.214 300.204 0.0229398 0.0699508 0.911748
609.744 414.605 0.129283 0.0782761 0.90374
601.342 405.708 0.0517479 0.0333348 0.654633
928.666 115.832 -0.143285 -0.224324 0.923378
874.863 354.452 0.0795705 -0.176776 0.917589
795.863 411.207 0.11363 -0.0865109 0.854611
567.953 106.726 -0.172588 0.124765 0.971242
562.976 289.193 0.0143895 0.161137 1.02896
830.121 21.9307 -0.195382 -0.114908 0.866848
751.516 227.529 -0.112656 -0.112626 1.33808
754.248 219.233 -0.101947 -0.0999372 1.21697
499.197 174.282 -0.0841609 0.155753 0.878452
701.054 329.218 0.050995 -0.00867937 0.908479
870.685 426.208 0.134308 -0.156262 0.872803
698.149 258.692 -0.0124964 -0.00772217 0.864868
814.736 273.606 0.00105248 -0.107917 0.881145
854.131 522.914 0.215921 -0.139098 0.861184
772.055 540.738 0.259236 -0.0745509 0.904721
792.267 403.465 0.11724 -0.0902931 0.888043
487.496 237.394 -0.0456681 0.233218 1.00314
794.289 403.688 0.113759 -0.0895943 0.875989
789.604 252.96 -0.0141828 -0.0732427 0.812873
659.956 478.819 0.217271 0.0389429 0.950749
492.383 422.449 0.153371 0.216672 0.957126
948.75 364.874 0.0905259 -0.248046 0.914743
539.098 533.648 0.251069 0.154534 0.912971
644.229 411.691 0.127097 0.0459151 0.903541
615.123 408.162 0.125979 0.0749913 0.912453
939.117 456.524 0.106515 -0.147578 0.73606
788.258 237.497 -0.0623068 -0.148 1.16754
874.432 358.852 0.0779574 -0.164651 0.888868
707.474 296.251 0.0221552 -0.0153439 0.945686
958.024 309.258 0.0359304 -0.248711 0.90496
554.232 137.076 -0.150627 0.148487 0.993706
532.899 83.0371 -0.173496 0.139754 0.921089
498.03 78.9587 -0.183869 0.177687 0.936216
521.577 184.884 -0.0987369 0.183224 0.985662
662.23 319.574 0.0411628 0.0270637 0.906336
873.157 355.415 0.0824788 -0.179289 0.927563
848.031 160.597 -0.105066 -0.151079 0.92866
776.593 262.87 -0.0108496 -0.0880389 0.957658
596.317 345.509 0.0711147 0.100175 0.94855
789.759 569.405 0.237915 -0.0778495 0.834192
837.821 409.597 0.106699 -0.1154 0.834638
480.282 264.435 -0.0255622 0.346272 1.16437
551.106 434.433 0.165503 0.152598 0.950942
524.834 75.0532 -0.16791 0.135629 0.892533
816.688 559.938 0.338059 -0.140522 0.979081
629.663 348.876 0.070039 0.0602837 0.918545
660.714 347.757 0.0649061 0.027568 0.891491
776.105 251.777 -0.0702837 -0.183577 1.40655
515.771 174.251 -0.0977701 0.167156 0.937778
928.164 115.356 -0.139075 -0.217102 0.91039
665.875 102.436 -0.160452 0.0209649 0.93258
768.935 339.27 0.0597271 -0.0704791 0.896583
816.14 389.363 0.106135 -0.113293 0.89332
854.365 36.9995 -0.178198 -0.130367 0.854573
786.296 241.849 -0.0633605 -0.158906 1.22409
723.631 241.162 -0.11188 -0.0590006 1.48162
721.796 107.378 -0.229653 -0.0395072 1.10404
714.754 221.896 -0.174803 -0.036386 1.52442
750.155 231.177 -0.116305 -0.117428 1.39071
742.115 220.045 -0.225283 -0.134563 1.6699
759.702 227.886 -0.197727 -0.195788 1.66743
830.241 255.781 -0.0167668 -0.14043 0.945463
545.234 97.5777 -0.184516 0.149927 0.977932
846.132 53.399 -0.184242 -0.136322 0.893676
916.726 208.534 -0.0687485 -0.247384 0.983281
750.08 232.496 -0.117114 -0.119889 1.40824
931.801 201.354 -0.0674089 -0.2363 0.934496
731.606 247.746 -0.0933331 -0.0801978 1.4768
792.783 239.869 -0.0564806 -0.151656 1.15316
765.226 229.252 -0.193446 -0.215611 1.66904
551.926 74.9612 -0.534307 0.377954 1.49431
778.916 249.799 -0.0674283 -0.177818 1.35738
763.289 229.954 -0.201108 -0.216666 1.70248
629.529 308.093 0.0377888 0.0779395 1.01496
756.697 256.736 -0.0627293 -0.140802 1.43439
499.297 418.103 0.135433 0.188578 0.918487
608.724 0.643139 -0.439905 0.134569 1.20206
910.878 442.633 0.122818 -0.15994 0.804206
725.366 245.28 -0.0215556 -0.0289403 0.839429
800.608 406.739 0.10402 -0.0862592 0.835302
615.815 566.734 0.375803 0.110173 1.023
904.323 54.3959 -0.214752 -0.215909 0.957945
545.349 219.092 -0.0558811 0.1427 0.941684
751.696 585.032 0.354003 -0.0609517 0.963298
760.332 227.582 -0.190232 -0.191828 1.63912
813.699 558.596 0.390208 -0.156961 1.04388
556.444 109.72 -0.190227 0.154328 1.02066
719.278 232.244 -0.226366 -0.0592908 1.80692
724.519 240.432 -0.109008 -0.0601437 1.45858
952.995 230.222 -0.0343248 -0.227846 0.882404
943.881 100.482 -0.139304 -0.213034 0.877147
578.886 165.01 -0.165886 0.171056 1.13556
825.377 391.236 0.106554 -0.120294 0.888008
764.329 228.186 -0.0767848 -0.108382 1.16379
590.958 39.8909 -0.225206 0.09301 0.950001
782.488 246.516 -0.0645831 -0.168818 1.29169
683.972 166.383 -0.0879039 0.00271698 0.87383
605.2 312.587 0.0270459 0.0612196 0.825231
929.775 112.393 -0.145555 -0.22413 0.921231
739.331 266.571 -0.0252663 -0.0801671 1.28699
834.495 16.7138 -0.21176 -0.125033 0.890399
803.056 379.475 0.0908518 -0.0957892 0.869901
714.294 222.087 -0.171263 -0.0348814 1.51394
768.663 59.5916 -0.174861 -0.0686598 0.883236
654.881 310.197 0.033223 0.0348836 0.916911
737.426 201.697 -0.204456 -0.0942018 1.45337
629.95 478.558 0.219309 0.0723796 0.956701
577.212 350.524 0.097712 0.162364 1.06847
571.637 286.26 0.0112175 0.169688 1.08024
780.398 250.148 -0.0626363 -0.174119 1.3297
785.692 262.847 -0.00813274 -0.0798095 0.865344
543.872 351.467 0.0715811 0.143286 0.92145
770.698 336.892 0.0579914 -0.0725293 0.899394
775.733 333.484 0.0566459 -0.0792343 0.911674
770.697 339.126 0.056979 -0.0694147 0.879198
520.741 177.187 -0.0997165 0.171068 0.95743
811.087 322.068 0.04767 -0.115689 0.923028
625.474 351.157 0.0671439 0.0588452 0.889954
583.019 99.0629 -0.192274 0.117237 0.999703
614.448 301.928 0.0239104 0.0694201 0.90134
717.037 123.698 -0.216943 -0.033309 1.12335
621.205 494.127 0.202562 0.0684267 0.894762
605.698 342.33 0.0768775 0.10526 1.00475
715.734 276.438 -0.0024544 -0.0300428 1.19498
751.859 588.278 0.351955 -0.0603162 0.956343
551.786 8.46638 -0.3503 0.182543 1.09759
821.369 534.041 0.381241 -0.178985 1.07805
567.043 378.854 0.102817 0.128146 0.937859
590.377 298.756 0.0220739 0.0986414 0.929148
620.952 229.649 -0.0458517 0.0708851 0.950407
851.225 539.808 0.227854 -0.134962 0.855849
707.47 288.785 0.0136816 -0.0152938 0.913094
853.323 38.8141 -0.179299 -0.131204 0.859656
708.785 295.228 0.0220005 -0.0168416 0.966179
846.892 539.302 0.233889 -0.13466 0.866003
662.005 99.9426 -0.170837 0.0263985 0.952608
662.296 346.104 0.0654429 0.0273722 0.903643
588.907 33.1761 -0.220567 0.0897633 0.930315
539.696 166.733 -0.103554 0.142501 0.933995
815.586 324.154 0.0456503 -0.110893 0.888264
678.209 195.649 -0.0865408 0.014939 0.989594
831.837 57.4391 -0.175957 -0.120977 0.882573
707.444 295.075 0.0201254 -0.015244 0.926192
542.589 62.5731 -0.242847 0.168458 1.02404
698.725 440.211 0.0809536 -0.00768075 0.697141
567.513 226.741 -0.0618825 0.15589 1.04056
564.826 89.2907 -0.184028 0.123061 0.958732
918.478 4.07675 -0.17958 -0.160542 0.812172
574.664 375.726 0.111694 0.137214 0.986954
579.321 219.626 -0.0556071 0.110888 0.946125
821.908 579.693 0.362 -0.146557 0.977265
634.867 242.172 -0.0445039 0.0777587 1.06143
817.654 386.297 0.105057 -0.11641 0.899789
505.575 38.9801 -0.262962 0.204438 1.01528
591.9 229.358 -0.0554352 0.119804 1.01967
766.964 230.153 -0.1835 -0.215905 1.64542
750.173 230.408 -0.118555 -0.117799 1.39287
731.464 569.255 0.321364 -0.0369614 0.947792
604.294 321.965 0.0670369 0.146161 1.13995
609.398 317.57 0.0446658 0.0912341 0.971542
581.031 313.883 0.0299814 0.0859924 0.851385
828.186 70.3272 -0.178574 -0.12613 0.911501
709.799 489.171 0.202723 -0.0144458 0.900291
614.598 408.181 0.125517 0.075155 0.910975
760.37 227.209 -0.189856 -0.190799 1.63379
719.09 224.39 -0.217948 -0.054716 1.6903
651.907 298.863 0.0224325 0.0372781 0.916064
700.457 249.57 -0.0218431 -0.00946461 0.900948
777.129 334.986 0.0540669 -0.0757493 0.883493
876.286 41.7072 -0.148311 -0.126387 0.795285
832.459 253.196 -0.016166 -0.123383 0.882167
549.034 6.19951 -0.347125 0.182672 1.08929
617.07 249.666 -0.027921 0.0811196 0.975908
769.757 543.601 0.258167 -0.0713916 0.898948
594.548 576.629 0.256493 0.0860432 0.857786
482.928 27.0799 -0.299009 0.248879 1.05331
612.766 413.702 0.134505 0.0796627 0.92185
616.621 564.125 0.380718 0.111907 1.03314
815.671 321.406 0.0494276 -0.125836 0.943756
652.409 301.636 0.0256979 0.0383198 0.927304
653.41 300.728 0.0254774 0.038819 0.939002
942.18 244.878 -0.0245887 -0.241763 0.923173
856.037 276.747 0.00423267 -0.142826 0.878163
910.17 117.242 -0.154714 -0.223729 0.957691
671.092 256.638 -0.0169227 0.0187568 0.922516
602.664 564.889 0.332166 0.111373 0.973456
890.926 423.382 0.134576 -0.177078 0.879517
640.908 199.315 -0.0530363 0.0313416 0.815953
677.707 239.271 -0.0323781 0.0116191 0.914754
577.969 130.286 -0.147711 0.114233 0.966521
655.199 495.819 0.20644 0.0371468 0.897394
930.586 482.579 0.264587 -0.294968 1.01239
831.147 485.142 0.248703 -0.158393 0.985191
491.278 398.076 0.12605 0.214619 0.954678
633.403 389.779 0.145559 0.082629 1.04186
687.133 493.267 0.0575271 -0.00426945 0.564926
545.066 291.935 0.0173257 0.181652 1.02571
935.381 274.45 0.0030935 -0.295134 1.02211
583.016 98.9886 -0.176406 0.106608 0.962647
603.438 415.441 0.105566 0.0660787 0.828165
633.03 345.672 0.0716787 0.0621209 0.946882
679.381 238.358 -0.0364594 0.0121767 0.950099
945.847 297.855 0.00558617 -0.0997759 0.619724
799.857 59.4378 -0.174049 -0.0941867 0.881488
518.515 181.159 -0.0798841 0.142967 0.885287
755.616 127.615 -0.253105 -0.102178 1.2144
868.031 455.77 0.121977 -0.120269 0.779529
669.237 388.151 0.18357 0.051735 1.16751
855.311 442.882 0.135081 -0.130725 0.837818
701.548 323.856 0.0531891 -0.00849308 0.971811
879.28 59.2506 -0.134118 -0.12558 0.786708
876.937 353.47 0.076548 -0.174229 0.906785
872.322 429.642 0.117035 -0.136298 0.816847
634.442 249.806 -0.025645 0.0579505 0.950149
503.077 167.841 -0.091676 0.156677 0.888623
831.523 258.925 -0.0115787 -0.125242 0.891056
737.893 230.509 -0.214796 -0.129485 1.75097
636.331 334.676 0.177657 0.26694 1.7096
553.236 285.255 0.00862944 0.136722 0.937073
643.463 413.935 0.128928 0.0465529 0.902612
715.152 217.017 -0.168227 -0.0363395 1.45765
628.482 52.2388 -0.745455 0.230954 1.66813
859.627 547.617 0.311923 -0.185019 0.963427
943.747 309.169 0.0393304 -0.260331 0.947399
778.175 566.104 0.377623 -0.102307 1.01839
706.777 297.016 0.0225077 -0.0145988 0.936989
724.194 34.2441 -0.176173 -0.0301472 0.845121
926.034 117.083 -0.138888 -0.217092 0.914068
620.806 428.589 0.15286 0.0741944 0.930221
594.275 349.382 0.0732658 0.0994557 0.937948
779.001 338.04 0.0551325 -0.0754891 0.872346
813.798 561.691 0.387376 -0.154423 1.0353
529.056 155.973 -0.100148 0.132754 0.884633
740.795 226.748 -0.226488 -0.139884 1.74432
727.582 227.008 -0.244098 -0.0932519 1.79891
834.979 251.359 -0.0169966 -0.121042 0.866993
600.144 346.69 0.0685002 0.0900768 0.92505
669.553 260.121 -0.0135681 0.0200735 0.919829
618.259 303.185 0.0266564 0.0713324 0.926926
690.731 37.2346 -0.206595 -0.00401291 0.910978
937.982 137.367 -0.145253 -0.270734 0.988275
849.512 88.7352 -0.164172 -0.146649 0.914754
844.614 56.2389 -0.186602 -0.138174 0.903565
841.067 175.994 -0.0993927 -0.156404 0.964201
770.565 530.865 0.270263 -0.078247 0.936624
708.169 494.112 0.201906 -0.0128265 0.889798
851.521 543.246 0.246474 -0.143526 0.879133
929.914 304.255 0.035568 -0.25785 0.96863
871.75 358.834 0.0796929 -0.165723 0.897645
501.68 139.113 -0.201361 0.278784 1.13183
486.849 242.147 -0.0394933 0.229534 0.994542
589.784 36.8517 -0.221384 0.090956 0.937808
534.018 85.6859 -0.172591 0.140086 0.92433
526.146 32.2489 -0.222516 0.147549 0.932039
621.907 497.982 0.211672 0.070025 0.90448
653.614 499.287 0.20585 0.0377459 0.890188
679.36 591.072 0.347389 0.0210393 0.950141
546.608 512.301 0.247189 0.15873 0.942989
589.755 529.56 0.284738 0.122497 0.968258
544.044 350.851 0.071778 0.144904 0.926027
