634.234 545.659 0.21945 0.0248705 0.724005
813.241 424.785 0.149949 -0.0799317 0.731339
855.871 549.396 0.285221 -0.133786 0.806745
789.408 330.644 0.10297 -0.0719795 0.77115
923.141 73.4544 -0.0399313 -0.133033 0.7334
886.161 532.141 0.217591 -0.125017 0.729355
895.825 206.868 0.0276762 -0.102199 0.674055
492.374 22.5615 -0.0916897 0.115199 0.812671
611.675 446.771 0.145172 0.0300843 0.69464
582.709 564.261 0.211733 0.048586 0.696627
705.932 531.066 0.223236 -0.0171506 0.742916
580.843 432.795 0.161947 0.0596044 0.754182
536.309 356.519 0.100869 0.068629 0.706958
816.153 423.897 0.143511 -0.0783326 0.716582
906.219 628.264 0.23635 -0.117671 0.674726
610.079 444.449 0.141277 0.029758 0.688401
580.404 564.946 0.205264 0.0473388 0.686547
545.36 353.704 0.105016 0.0703966 0.729169
857.335 20.9698 -0.106901 -0.131682 0.852849
816.584 422.393 0.144346 -0.0794928 0.720861
703.977 279.896 0.0672568 -0.0179814 0.746361
621.269 2.30619 -0.0826874 0.0249389 0.757439
699.402 235.072 0.0436738 -0.0152135 0.831849
728.363 305.343 0.357303 -0.575204 5.63925
657.642 59.2375 -0.0773147 0.0122127 0.838114
718.649 294.521 -0.0463727 -0.134479 5.32532
726.424 242.957 0.0510008 -0.0386806 0.906251
705.067 548.152 0.202512 -0.0165244 0.694629
859.629 410.488 0.124559 -0.0926134 0.684832
633.21 350.148 0.0904523 0.015072 0.674818
781.754 221.485 0.0326067 -0.0486852 0.648629
789.5 245.117 0.0516727 -0.0817647 0.831995
628.462 556.718 0.200322 0.0224639 0.685209
643.391 279.035 0.0663488 0.0167746 0.746553
836.75 391.822 0.146913 -0.105992 0.779433
801.522 339.884 0.0792584 -0.0561975 0.641568
800.099 121.054 -0.0399202 -0.0925209 0.856891
914.142 353.256 0.120075 -0.154714 0.775304
723.901 285.552 -0.0745287 -0.238032 4.1485
555.622 578.443 0.294178 0.0959439 0.793926
898.835 439.077 0.168341 -0.138046 0.750953
698.131 108.072 -0.149283 -0.0108578 1.1677
554.598 349.265 0.102387 0.0649313 0.728375
888.111 427.252 0.114503 -0.0909368 0.636048
597.204 347.353 0.102772 0.0424057 0.733002
770.148 199.93 0.0241349 -0.0437784 0.646742
555.152 298.004 0.0623013 0.0432267 0.649908
703.562 562.548 0.189765 -0.0156897 0.663044
782.236 337.088 0.101607 -0.0636764 0.747067
642.739 347.31 0.102165 0.0164831 0.729014
951.737 367.647 0.103785 -0.13638 0.684832
536.242 283.601 0.065321 0.0706902 0.722314
560.56 170.765 0.010344 0.0458866 0.684908
928.955 358.338 0.112695 -0.146614 0.7356
612.376 443.055 0.143305 0.0296923 0.694907
573.623 286.485 0.0656559 0.0485199 0.710919
705.729 528.973 0.223073 -0.0170402 0.744875
594.977 104.359 0.00228628 0.00226639 0.4713
664.693 204.496 0.0245494 0.00413671 0.756562
795.623 626.182 0.243773 -0.0637684 0.686934
543.465 301.236 0.0753281 0.0686288 0.726179
549.755 259.798 0.0642947 0.121522 0.908489
578.986 560.061 0.201594 0.0475787 0.685177
571.829 435.866 0.144016 0.0528918 0.706941
845.517 44.0584 -0.112069 -0.139804 0.908173
718.907 229.979 0.0396703 -0.0276644 0.773242
528.452 474.27 0.11774 0.045756 0.60396
781.847 335.492 0.103655 -0.0655226 0.760511
958.572 492.145 0.126861 -0.107083 0.602847
777.019 331.035 0.108219 -0.0676527 0.794813
537.406 354.489 0.10027 0.0685494 0.708788
642.484 403.358 0.178738 0.033804 0.848218
536.202 350.949 0.0988414 0.0695979 0.710625
561.353 348.801 0.107699 0.0673894 0.751077
487.189 577.19 0.253825 0.121974 0.745394
899.849 613.625 0.225338 -0.112717 0.671405
817.28 418.896 0.141929 -0.0796114 0.719882
705.438 559.035 0.191687 -0.0166037 0.668764
605.479 165.621 0.0130651 0.00635808 0.530938
626.153 567.573 0.203654 0.0232471 0.681202
865.783 316.069 0.0803919 -0.0974315 0.697212
572.523 582.379 0.197865 0.0456362 0.662003
886.636 593.274 0.257126 -0.126627 0.727331
703.64 282.833 0.07166 -0.0178209 0.769348
581.482 567.049 0.205865 0.0466393 0.685668
633.582 347.347 0.0904912 0.0155186 0.680477
795.694 582.685 0.27872 -0.0785255 0.765358
861.602 548.943 0.276316 -0.134029 0.795454
946.318 109.459 -0.00917459 -0.111156 0.645632
664.972 118.724 -0.0312556 0.00584564 0.804556
822.906 276.951 0.0673614 -0.0885528 0.754886
943.753 370.513 0.103211 -0.129688 0.678121
617.374 440.788 0.152594 0.0311948 0.719646
953.252 371.405 0.0984324 -0.126127 0.659788
919.792 423.264 0.168571 -0.161827 0.775676
818.288 277.473 0.0708887 -0.0926024 0.78471
584.628 290.047 0.0728355 0.0516929 0.751056
598.058 215.072 0.0302362 0.0394616 0.738616
819.723 383.599 0.133237 -0.0886911 0.755769
528.73 46.0551 -0.07763 0.0930062 0.812339
527.693 634.553 0.287981 0.0960092 0.736398
709.984 230.908 0.0392319 -0.0215 0.731952
558.455 279.316 0.0677007 0.0697925 0.763115
602.951 219.567 0.0327069 0.0406283 0.759307
692.21 457.541 0.108583 -0.0122049 0.594177
567.951 448.476 0.150943 0.0552898 0.70679
704.763 549.539 0.205327 -0.0163532 0.69771
598.065 217.831 0.0316925 0.0381861 0.731305
705.631 549.371 0.205405 -0.0168174 0.697962
637.824 297.828 0.087238 0.0295579 0.816722
645.662 209.059 0.0226254 0.0288153 0.875498
526.706 184.227 0.0132238 0.078807 0.744334
572.033 578.008 0.190634 0.0439301 0.654618
851.733 315.742 0.0807399 -0.0913303 0.700469
584.479 291.288 0.0735835 0.0518579 0.751231
921.299 393.303 0.110785 -0.115682 0.667871
592.675 353.128 0.100333 0.0404133 0.710197
848.973 404.673 0.136281 -0.0987344 0.726155
591.895 277.249 0.0628946 0.0422658 0.727399
491.553 401.075 0.121766 0.0904719 0.69963
827.709 318.388 0.104185 -0.108099 0.817112
571.859 630.485 0.331133 0.0838652 0.785277
856.131 420.896 0.211915 -0.155641 0.880804
861.409 498.878 0.246678 -0.138644 0.813824
846.42 251.991 0.0506582 -0.0931313 0.721786
827.901 392.188 0.124036 -0.0831975 0.712047
781.788 339.02 0.103878 -0.0641735 0.751888
843.124 402.861 0.141221 -0.100034 0.74291
706.461 221.841 0.0333924 -0.0190656 0.679768
820.559 430.847 0.13998 -0.076693 0.698073
846.343 282.75 0.0670915 -0.0940716 0.723373
601.671 217.03 0.0312814 0.039986 0.752141
632.304 286.115 0.0728158 0.0259857 0.766727
645.451 16.3065 -0.0765208 0.0122932 0.760069
878.465 583.515 0.248443 -0.120378 0.724887
906.985 365.29 0.111032 -0.126418 0.716004
664.026 256.178 0.0601122 0.0135812 0.859903
563.867 208.767 0.0268555 0.0545053 0.724766
820.831 376.799 0.129156 -0.0894508 0.756595
558.459 256.943 0.0633906 0.12966 0.954679
578.5 271.423 0.0663325 0.0662311 0.798867
844.936 277.005 0.0658785 -0.0975916 0.739843
529.977 146.912 -0.0081045 0.0797951 0.758193
936.963 468.666 0.131172 -0.110519 0.632851
522.118 303.317 0.0661007 0.0599831 0.661216
871.761 277.278 0.0553219 -0.0855245 0.64849
692.173 488.083 0.135455 -0.0115613 0.628326
851.832 410.798 0.133861 -0.0958099 0.709929
876.888 425.855 0.177594 -0.13962 0.793533
544.99 499.894 0.137023 0.045477 0.623683
798.82 154.705 -0.0371316 -0.117389 0.976079
524.833 43.9875 -0.0777498 0.0943103 0.808888
793.897 335.012 0.0985942 -0.0690688 0.738695
528.66 180.613 0.0101625 0.0828304 0.761227
847.857 285.988 0.0736164 -0.105166 0.760336
855.031 548.201 0.288625 -0.13519 0.812546
712.612 182.599 -0.0607559 -0.0322761 1.23948
723.844 285.964 -0.0755837 -0.240786 4.19955
858.396 230.414 0.0406245 -0.110682 0.761893
863.95 7.59033 -0.105077 -0.127957 0.826653
794.992 623.999 0.246564 -0.064319 0.69188
702.751 284.946 0.0714955 -0.0172482 0.75728
951.542 368.71 0.104481 -0.136587 0.685426
497.518 275.876 0.0772205 0.164023 0.896261
533.61 359.895 0.10107 0.0682957 0.700982
