628.492 555.97 0.208417 0.0251995 0.694677
815.127 421.964 0.146958 -0.0776077 0.722211
863.81 558.948 0.271249 -0.12712 0.773979
790.891 325.996 0.100637 -0.0699276 0.762016
928.826 61.5667 -0.0403881 -0.129669 0.722551
888.043 529.511 0.214793 -0.12267 0.723666
912.019 193.388 0.024185 -0.0954672 0.639055
508.989 37.702 -0.0965346 0.123871 0.862887
497.619 223.138 0.00408397 0.382761 1.28705
610.507 442.271 0.143868 0.0314614 0.69223
584.724 554.425 0.213836 0.0505373 0.704919
704.831 539.119 0.212791 -0.0151418 0.715067
574.016 433.692 0.155459 0.0591806 0.731958
536.538 350.778 0.100665 0.0701789 0.709351
816.544 418.96 0.142422 -0.0767862 0.715169
915.782 639.947 0.226582 -0.112243 0.652235
607.306 442.772 0.137841 0.0304989 0.677409
579.222 561.213 0.203586 0.0485309 0.683931
539.048 350.062 0.101666 0.0704987 0.714836
858.694 12.8 -0.107442 -0.129943 0.849938
703.051 274.178 0.0661014 -0.0161781 0.743102
697.884 228.627 0.0420062 -0.0131064 0.823675
728.134 304.625 0.353152 -0.573609 5.64675
653.782 40.2949 -0.0763632 0.0131505 0.809478
718.534 294.334 -0.0531788 -0.13944 5.46744
725.501 243.72 0.0557501 -0.0400627 0.97172
862.831 407.303 0.121961 -0.090101 0.676176
633.477 344.162 0.0903061 0.0164915 0.677335
950.347 445.383 0.153701 -0.145613 0.70323
785.144 212.373 0.0305721 -0.0461808 0.632406
790.627 238.751 0.0497384 -0.0792261 0.821086
628.45 551.478 0.199519 0.0237024 0.685096
641.148 273.061 0.06463 0.0183327 0.739198
836.739 386.55 0.146522 -0.105111 0.781242
805.923 335.858 0.0764814 -0.0540191 0.628062
795.766 125.295 -0.041339 -0.0951162 0.893391
911.589 347.596 0.120667 -0.154463 0.782156
723.754 283.307 -0.0779051 -0.229867 4.02921
543.541 592.752 0.277773 0.0927236 0.756714
912.855 445.397 0.156981 -0.128953 0.71134
696.842 90.8925 -0.144852 -0.00997611 1.11533
554.094 343.886 0.101798 0.0662775 0.728846
908.967 438.349 0.10396 -0.0832345 0.592339
594.843 342.709 0.100698 0.0432797 0.725581
770.748 193.335 0.0236362 -0.0424299 0.647009
571.365 291.165 0.0685401 0.0481346 0.698391
703.294 556.336 0.189451 -0.0141903 0.664282
784.486 332.962 0.0982015 -0.0611843 0.731881
642.818 341.391 0.102326 0.0181326 0.733958
529.425 277.303 0.0625468 0.0704371 0.706893
560.758 164.823 0.00990398 0.047564 0.688226
940.066 356.572 0.107217 -0.139985 0.710257
607.454 444.296 0.137596 0.0300553 0.675018
575.501 280.884 0.0662649 0.0506876 0.720348
705.216 531.102 0.216711 -0.0154394 0.728915
549.569 41.848 -0.00237241 0.00309481 0.403723
663.993 197.731 0.0235269 0.0054049 0.752568
796.503 627.093 0.239267 -0.0612542 0.677902
538.159 295.776 0.0728285 0.0686334 0.713495
516.183 246.65 0.0522981 0.107553 0.799447
568.145 576.157 0.18928 0.0461413 0.651086
563.292 437.865 0.137394 0.0525392 0.683235
856.55 17.296 -0.108368 -0.131501 0.859722
715.433 204.48 0.0276839 -0.0207159 0.646528
538.277 458.907 0.122423 0.0487541 0.624851
775.645 325.302 0.109629 -0.0673642 0.807683
539.439 348.307 0.101036 0.070607 0.716098
646.525 392.932 0.187361 0.0367725 0.887129
538.657 344.531 0.0995306 0.0715503 0.71834
557.559 344.504 0.105123 0.067779 0.741153
851.723 524.754 0.287191 -0.138699 0.834651
814.652 410.29 0.144812 -0.079895 0.734543
704.997 551.706 0.191899 -0.015046 0.671788
612.278 164.443 0.0143071 0.00782979 0.546184
623.09 570.967 0.197231 0.0238538 0.665912
866.766 310.327 0.0793899 -0.095734 0.695403
569.376 581.967 0.194519 0.0466024 0.654545
892.011 597.466 0.249802 -0.12247 0.711254
703.097 277.144 0.0698756 -0.0162505 0.761582
580.477 562.636 0.204546 0.0479958 0.684154
632.623 342.244 0.0886846 0.016496 0.674258
784.644 540.37 0.311695 -0.085113 0.848994
861.175 543.543 0.275551 -0.132834 0.796189
947.017 102.95 -0.00952013 -0.109698 0.646352
823.632 271.414 0.0665327 -0.0872785 0.754073
948.075 365.991 0.101151 -0.126988 0.671151
615.437 437.85 0.149924 0.0321697 0.712086
955.398 365.969 0.0973902 -0.124406 0.657719
578.997 284.208 0.0696117 0.0517194 0.732816
819.785 378.132 0.132819 -0.0877341 0.757548
708.896 223.807 0.037774 -0.0194848 0.724628
567.305 443.534 0.150094 0.0565415 0.706139
704.784 546.084 0.203453 -0.0150373 0.694399
705.358 546.2 0.203317 -0.0153374 0.694077
579.577 285.574 0.0707289 0.0520796 0.735655
594.544 346.859 0.101697 0.0424858 0.720219
855.055 404.366 0.130717 -0.0945023 0.704821
571.092 268.724 0.0535959 0.03953 0.660109
488.518 397.001 0.120062 0.0909858 0.694589
829.494 313.536 0.102029 -0.10595 0.809436
857.861 418.359 0.208443 -0.152515 0.87111
862.677 496.359 0.243556 -0.136109 0.807253
848.291 245.616 0.0493643 -0.0910401 0.716382
824.995 383.749 0.126633 -0.083764 0.72757
781.899 333.824 0.102982 -0.0627081 0.750999
844.634 398.653 0.139277 -0.0980921 0.737937
706.326 215.063 0.0325879 -0.0175825 0.678833
817.155 421.118 0.143133 -0.0768563 0.713837
846.686 276.959 0.0664826 -0.0929596 0.724521
627.158 280.173 0.0686139 0.0263972 0.740179
867.826 561.839 0.26154 -0.12422 0.758368
913.283 361.826 0.10727 -0.122354 0.701109
662.681 250.63 0.0584901 0.0147636 0.851077
555.946 198.919 0.024677 0.0544926 0.704743
837.978 384.716 0.112709 -0.0795327 0.682315
554.543 251.693 0.0614982 0.129226 0.942304
575.702 265.764 0.0646741 0.0668604 0.790992
846.638 271.144 0.0644398 -0.095468 0.734336
526.474 138.586 -0.00894516 0.0804061 0.751826
934.66 460.843 0.132237 -0.110146 0.638651
492.814 299.935 0.0567878 0.0543746 0.600694
870.202 271.71 0.0558361 -0.0850556 0.655364
693.569 486.022 0.133234 -0.0107073 0.621758
852.672 406.069 0.132702 -0.0941289 0.707761
886.123 429.035 0.168058 -0.131928 0.75997
542.943 496.809 0.135474 0.0465282 0.619654
785.206 176.312 -0.0398215 -0.134523 1.12932
524.237 38.0494 -0.0787146 0.0960385 0.81182
795.486 330.338 0.0961406 -0.0667828 0.728872
517.998 168.628 0.00819589 0.0814476 0.736667
839.132 281.518 0.0780958 -0.108995 0.799059
860.521 553.769 0.277861 -0.129729 0.788031
714.233 215.358 -0.072986 -0.0406207 1.62229
723.733 283.4 -0.0805497 -0.231145 4.05117
858.169 225.095 0.0401565 -0.109749 0.764621
863.904 2.30383 -0.106191 -0.127232 0.830217
796.06 623.469 0.24285 -0.0622683 0.684778
702.634 279.672 0.0717157 -0.0159583 0.764339
949.714 362.406 0.104821 -0.136143 0.690286
518.946 274.156 0.0851376 0.179415 0.97154
528.744 355.965 0.098364 0.068375 0.690013
