628.789 549.396 0.208409 0.0261832 0.695418
815.643 415.594 0.146951 -0.076624 0.722952
863.892 553.183 0.271242 -0.126136 0.77472
791.358 319.829 0.10063 -0.0689439 0.762757
930.41 53.3127 -0.0403953 -0.128685 0.723292
888.396 523.258 0.214785 -0.121686 0.724407
913.696 184.657 0.0241778 -0.0944835 0.639796
507.974 30.3967 -0.0965418 0.124855 0.863629
496.589 219.465 0.00407679 0.383745 1.28779
610.744 435.516 0.143861 0.0324451 0.692971
584.942 547.987 0.213829 0.051521 0.705661
705.136 532.787 0.212784 -0.0141581 0.715809
574.054 427.446 0.155452 0.0601643 0.7327
536.447 343.957 0.100658 0.0711626 0.710093
817.097 412.491 0.142415 -0.0758025 0.71591
916.292 632.681 0.226575 -0.111259 0.652977
607.588 435.795 0.137834 0.0314826 0.67815
579.495 554.504 0.203579 0.0495146 0.684672
538.949 343.315 0.101659 0.0714824 0.715578
859.696 5.47852 -0.107449 -0.128959 0.850679
703.379 267.518 0.0660943 -0.0151944 0.743843
698.012 222.618 0.041999 -0.0121227 0.824416
728.038 303.985 0.353145 -0.572626 5.64749
653.751 32.6655 -0.0763704 0.0141342 0.810219
718.421 293.623 -0.053186 -0.138457 5.46818
725.506 238.952 0.0557429 -0.039079 0.972461
863.674 400.245 0.121954 -0.0891173 0.676917
633.807 336.848 0.0902989 0.0174752 0.678076
951.053 438.816 0.153693 -0.144629 0.703971
786.344 203.559 0.0305649 -0.0451971 0.633148
791.051 232.821 0.0497312 -0.0782424 0.821828
628.777 544.775 0.199512 0.0246861 0.685837
641.278 266.319 0.0646228 0.0193164 0.739939
837.135 380.791 0.146515 -0.104127 0.781984
807.063 327.648 0.0764742 -0.0530354 0.628804
796.224 119.262 -0.0413462 -0.0941325 0.894132
912.17 341.761 0.120659 -0.153479 0.782897
723.624 282.318 -0.0779122 -0.228884 4.02995
543.672 586.864 0.277766 0.0937073 0.757456
913.486 438.937 0.156974 -0.127969 0.712081
696.674 85.726 -0.144859 -0.00899241 1.11607
554.001 337.308 0.101791 0.0672612 0.729587
910.494 429.763 0.103953 -0.0822508 0.59308
594.887 336.095 0.10069 0.0442634 0.726323
771.816 184.688 0.0236291 -0.0414462 0.64775
571.377 283.913 0.0685329 0.0491183 0.699132
703.789 549.328 0.189444 -0.0132066 0.665023
785.031 326.446 0.0981943 -0.0602006 0.732622
642.98 334.895 0.102319 0.0191163 0.734699
529.233 270.088 0.0625396 0.0714208 0.707634
560.67 156.6 0.0098968 0.0485477 0.688967
940.972 349.888 0.10721 -0.139002 0.710999
607.746 437.286 0.137589 0.031039 0.675759
575.451 273.901 0.0662577 0.0516713 0.721089
705.48 524.931 0.216704 -0.0144557 0.729657
554.128 19.7598 -0.00237959 0.00407851 0.404464
664.166 190.728 0.0235198 0.00638861 0.753309
796.908 620.222 0.239259 -0.0602705 0.678643
538.001 288.759 0.0728214 0.0696171 0.714236
515.673 240.411 0.052291 0.108536 0.800189
568.52 568.974 0.189273 0.047125 0.651827
563.442 430.96 0.137387 0.0535229 0.683976
857.516 10.1001 -0.108375 -0.130517 0.860463
716.262 195.868 0.0276768 -0.0197322 0.647269
538.61 451.046 0.122416 0.0497378 0.625593
775.956 319.619 0.109622 -0.0663804 0.808425
539.336 341.571 0.101029 0.0715907 0.716839
646.434 388.09 0.187353 0.0377562 0.88787
538.541 337.81 0.0995235 0.072534 0.719081
557.447 338.089 0.105115 0.0687627 0.741894
851.699 519.539 0.287183 -0.137716 0.835392
815.138 404.05 0.144805 -0.0789113 0.735284
705.461 544.807 0.191892 -0.0140623 0.672529
613.469 152.831 0.0143 0.00881349 0.546925
623.483 564 0.197224 0.0248375 0.666653
867.706 303.227 0.0793827 -0.0947503 0.696144
569.744 574.841 0.194512 0.0475861 0.655286
892.261 591.009 0.249795 -0.121486 0.711995
703.369 270.727 0.0698684 -0.0152668 0.762323
580.752 555.931 0.204538 0.0489795 0.684895
632.963 334.871 0.0886774 0.0174797 0.675
784.608 535.247 0.311687 -0.0841293 0.849735
861.217 537.995 0.275544 -0.13185 0.796931
948.996 93.736 -0.00952731 -0.108714 0.647093
824.286 264.928 0.0665256 -0.0862948 0.754814
949.199 358.742 0.101144 -0.126004 0.671893
615.621 431.362 0.149916 0.0331534 0.712827
956.629 358.491 0.097383 -0.123423 0.658461
578.926 277.414 0.0696046 0.0527031 0.733557
820.247 372.089 0.132812 -0.0867504 0.758289
709.328 216.621 0.0377668 -0.0185011 0.725369
567.401 436.974 0.150086 0.0575252 0.706881
705.158 539.494 0.203445 -0.0140536 0.69514
705.734 539.606 0.203309 -0.0143537 0.694818
579.501 278.826 0.0707217 0.0530633 0.736396
594.605 340.189 0.10169 0.0434695 0.72096
855.74 397.727 0.13071 -0.0935186 0.705562
571.24 260.707 0.0535887 0.0405137 0.66085
488.373 390.13 0.120055 0.0919695 0.69533
829.929 307.845 0.102022 -0.104967 0.810177
564.212 637.26 0.316234 0.0824525 0.75657
857.98 413.452 0.208436 -0.151532 0.871851
862.787 490.951 0.243549 -0.135126 0.807994
849.205 238.506 0.0493571 -0.0900564 0.717123
825.567 377.356 0.126626 -0.0827803 0.728311
782.371 327.552 0.102975 -0.0617244 0.751741
845.169 392.432 0.13927 -0.0971084 0.738678
706.94 207.113 0.0325807 -0.0165988 0.679574
817.711 414.637 0.143126 -0.0758726 0.714579
847.504 270.124 0.0664754 -0.0919759 0.725262
627.238 273.474 0.0686067 0.0273809 0.74092
867.958 555.925 0.261532 -0.123236 0.75911
914.177 355.022 0.107263 -0.12137 0.701851
662.638 244.978 0.058483 0.0157473 0.851818
555.799 191.2 0.0246698 0.0554763 0.705484
838.783 377.684 0.112702 -0.078549 0.683057
554.007 246.694 0.0614911 0.13021 0.943045
575.466 259.568 0.0646669 0.0678441 0.791734
847.427 264.414 0.0644327 -0.0944843 0.735077
525.97 131.06 -0.00895234 0.0813898 0.752567
935.748 453.284 0.13223 -0.109162 0.639392
492.971 290.813 0.0567806 0.0553583 0.601435
871.458 263.745 0.0558289 -0.0840719 0.656106
694.317 478.183 0.133227 -0.0097236 0.622499
853.336 399.474 0.132695 -0.0931452 0.708502
886.555 423.134 0.168051 -0.130944 0.760711
543.344 488.949 0.135466 0.0475119 0.620396
846.712 637.962 0.323795 -0.111191 0.757648
705.931 558.071 0.184469 -0.0140546 0.65042
694.894 227.191 0.0443019 -0.010534 0.767605
735.327 638.261 0.308083 -0.0330508 0.74365
865.653 342.363 0.100023 -0.0959399 0.700675
633.164 539.401 0.211608 0.0256249 0.709209
633.265 533.815 0.210233 0.0258929 0.712348
644.674 198.66 0.0220402 0.0316386 0.87912
620.09 421.223 0.141746 0.0295501 0.706525
782.385 329.274 0.102526 -0.0606861 0.74502
876.8 561.965 0.350221 -0.172974 0.860169
566.354 498.696 0.0941401 0.020285 0.523028
644.173 335.451 0.102927 0.0185932 0.735922
637.797 270.134 0.0621959 0.0167571 0.698548
658.256 290.664 0.0296126 -0.00516995 0.432902
551.86 263.818 0.0482132 0.0357366 0.601932
637.994 270.734 0.0625164 0.0167005 0.698819
505.842 271.882 0.0500152 0.049505 0.596809
628.279 609.022 0.384361 0.0571739 0.850512
917.514 195.143 0.0281972 -0.117868 0.700722
664.283 197.731 0.0270543 0.00715784 0.764656
623.356 625.418 0.365021 0.0543227 0.815092
596.519 599.55 0.394722 0.0920656 0.872086
750.661 566.409 0.439625 -0.0669096 0.953496
654.329 220.97 0.0403128 0.0129895 0.759763
835.925 553.663 0.418304 -0.166427 0.946513
785.351 171.976 -0.0398287 -0.13354 1.13006
523.431 30.3038 -0.0787218 0.0970223 0.812561
796.072 323.777 0.0961334 -0.0657991 0.729614
517.532 161.129 0.00818871 0.0824313 0.737408
839.672 275.595 0.0780886 -0.108011 0.7998
860.567 548.136 0.277854 -0.128745 0.788772
714.021 212.519 -0.0729932 -0.039637 1.62303
723.604 282.416 -0.0805569 -0.230161 4.05191
858.969 218.512 0.0401493 -0.108766 0.765362
796.435 616.689 0.242843 -0.0612846 0.68552
702.897 273.3 0.0717085 -0.0149746 0.76508
950.731 355.451 0.104814 -0.135159 0.691027
518.297 269.444 0.0851304 0.180399 0.972281
528.691 348.875 0.0983568 0.0693587 0.690754
