711.551 573.923 0.338779 -0.0133516 0.944901
487.119 412.009 0.14977 0.216339 0.94721
641.575 564.751 0.34974 0.0688667 0.974275
609.966 397.106 0.124246 0.0794008 0.908463
772.747 521.162 0.342946 -0.0969615 1.03344
942.038 138.552 -0.103026 -0.221012 0.902442
540.632 146.656 -0.112339 0.144301 0.9494
780.945 38.0887 -0.179137 -0.077273 0.88913
771.726 520.024 0.254776 -0.0741599 0.912221
709.099 473.263 0.197288 -0.0125725 0.8993
847.622 516.114 0.245597 -0.146214 0.901284
875.08 338.137 0.0765271 -0.178342 0.927874
877.211 338.728 0.0750943 -0.175731 0.91673
493.075 8.43987 -0.26135 0.201124 0.99547
554.325 342.661 0.0837306 0.153783 0.976118
821.441 306.547 0.0375691 -0.106325 0.861042
509.227 152.732 -0.101184 0.164822 0.926868
689.786 12.0164 -0.211913 -0.0029216 0.913796
943.654 80.8106 -0.142054 -0.208438 0.880397
929.336 223.163 -0.0355168 -0.239789 0.951767
851.932 476.695 0.192216 -0.140414 0.876753
492.239 52.829 -0.19138 0.178535 0.938082
537.036 195.16 -0.0615739 0.137921 0.915739
582.772 523.722 0.263655 0.118221 0.92782
593.735 331.196 0.0660162 0.0993822 0.937683
831.083 8.82082 -0.205045 -0.120156 0.896969
849.204 43.2163 -0.164519 -0.126058 0.865632
852.555 18.9062 -0.188665 -0.13268 0.879658
556.879 59.0767 -0.184256 0.119242 0.934866
533.562 192.177 -0.0615891 0.134788 0.899738
621.635 478.408 0.20057 0.0700366 0.899927
652.512 482.253 0.192246 0.0377569 0.875764
577.784 532.224 0.2555 0.115033 0.902506
939.271 219.116 -0.0367688 -0.235534 0.926813
941.462 140.903 -0.103145 -0.224831 0.910288
545.026 477.942 0.213681 0.153917 0.929127
843.942 510.671 0.231406 -0.137808 0.88794
735.613 548.6 0.320024 -0.0411099 0.958507
524.211 163.46 -0.102239 0.170097 0.970779
713.998 228.006 -0.0231885 -0.0184563 0.811589
551.625 117.771 -0.156575 0.150151 1.00049
566.886 67.0839 -0.188697 0.118249 0.960461
941.288 84.1356 -0.144054 -0.212973 0.892679
776.781 534.582 0.3302 -0.0943359 0.992432
643.856 59.7155 -0.170289 0.0367291 0.905391
542.945 152.617 -0.108878 0.14531 0.957101
842.832 40.1412 -0.197095 -0.141072 0.9313
609.163 227.639 -0.0339903 0.0791749 0.936514
714.983 55.174 -0.191604 -0.0250608 0.945522
534.82 340.64 0.0656345 0.137274 0.887124
558.268 359.31 0.0501 0.0701733 0.731104
957.262 292.172 0.0296456 -0.231898 0.885527
512.659 416.901 0.0395508 0.0508445 0.582883
634.849 409.661 0.102419 0.0396056 0.805573
488.303 207.259 -0.0602422 0.212629 0.975921
552.193 73.0947 -0.158184 0.11317 0.900423
568.586 72.2528 -0.191968 0.122332 0.978367
956.749 211.017 -0.0386253 -0.2235 0.878264
593.778 331.14 0.0651362 0.0978438 0.93229
492.769 402.681 0.145469 0.218885 0.963645
545.405 36.548 -0.174263 0.108512 0.873445
770.129 231.498 -0.0185472 -0.0518211 0.771647
537.466 266.094 0.00141503 0.149171 0.934624
543.656 503.478 0.241241 0.157196 0.929213
552.2 131.592 -0.179781 0.190644 1.10436
688.592 5.36867 -0.205269 -0.00250482 0.891335
575.745 310.67 0.0480869 0.124789 0.96496
498.82 400.489 0.149506 0.222711 0.982533
872.862 334.759 0.0737173 -0.17743 0.931233
573.29 67.378 -0.192537 0.114764 0.969633
677.236 218.931 -0.0399772 0.0129486 0.924599
819.399 372.821 0.0977872 -0.11079 0.88102
650.884 74.6907 -0.177886 0.0363674 0.952594
669.796 238.351 -0.0218151 0.0197346 0.916533
788.821 542.895 0.340947 -0.109067 0.991401
688.685 3.67147 -0.206989 -0.00258984 0.892195
807.177 305.004 0.0462357 -0.119844 0.963706
543.6 154.725 -0.109791 0.148882 0.968006
664.803 325.647 0.0608611 0.0281844 0.931302
708.972 475.841 0.186235 -0.0123503 0.873165
480.379 217.892 -0.0518775 0.23138 0.99339
888.665 429.721 0.114983 -0.135275 0.788893
795.792 315.677 0.0497999 -0.094151 0.902454
562.425 563.954 0.233712 0.104584 0.828424
594.176 275.768 0.0112073 0.0913895 0.919701
700.855 234.376 -0.0260567 -0.00876096 0.931345
953.31 104.749 -0.149894 -0.260486 0.956541
632.688 326.835 0.0634149 0.0620135 0.944906
510.209 330.46 0.0606429 0.171375 0.916571
951.936 283.923 0.0236745 -0.240201 0.90843
632.302 328.833 0.0648598 0.0617666 0.941013
672.492 238.825 -0.0231794 0.0194116 0.945052
531.311 154.584 -0.227317 0.327793 1.31126
656.121 473.425 0.19471 0.0369789 0.89652
506.839 141.213 -0.18828 0.281671 1.15864
616.02 281.489 0.0168282 0.0713056 0.91958
606.101 400.711 0.119149 0.0767559 0.882082
599.345 383.283 0.0446444 0.0338471 0.650213
928.362 96.6603 -0.151485 -0.226722 0.940448
885.975 339.813 0.069173 -0.167576 0.878452
795.444 390.878 0.108303 -0.0861454 0.863624
558.109 75.4693 -0.173321 0.121267 0.942104
542.524 270.543 0.00576867 0.148869 0.945501
819.463 29.2355 -0.220003 -0.126596 0.957763
747.087 226.008 -0.131591 -0.126478 1.51777
493.123 150.866 -0.0899252 0.155336 0.874195
700.185 314.135 0.0393574 -0.00764085 0.838452
885.005 418.866 0.11908 -0.145618 0.822149
699.131 240.048 -0.0187438 -0.00740991 0.895363
811.933 254.967 -0.00472875 -0.110703 0.912359
855.139 504.914 0.208189 -0.137325 0.858452
773.582 532.313 0.243984 -0.0702274 0.877415
794.642 387.464 0.108361 -0.0875842 0.873863
794.423 384.45 0.10777 -0.0888847 0.881056
783.351 235.741 -0.0206264 -0.0787196 0.882258
654.262 479.654 0.193777 0.0371229 0.883242
487.011 408.14 0.14411 0.213611 0.942824
955.77 348.069 0.0824134 -0.242955 0.901441
547.406 506.384 0.252118 0.158894 0.941418
641.829 397.393 0.117118 0.0455303 0.882961
611.904 393.409 0.116878 0.0745259 0.895913
937.043 431.902 0.101435 -0.148175 0.746341
796.049 214.526 -0.0649955 -0.136508 1.08726
876.196 340.314 0.0714383 -0.163382 0.889143
707.246 278.012 0.01533 -0.0141522 0.931898
550.402 115.432 -0.156563 0.148925 0.993988
533.866 65.2955 -0.182948 0.143586 0.943591
492.905 55.3678 -0.19055 0.17942 0.940973
532.365 174.014 -0.110052 0.194782 1.04624
657.031 302.825 0.0313951 0.026269 0.851804
880.675 339.767 0.0735233 -0.173058 0.9026
850.753 139.552 -0.111701 -0.151524 0.934239
777.879 243.952 -0.01716 -0.0864445 0.953259
605.259 325.042 0.0698179 0.105997 1.00779
776.436 499.767 0.273627 -0.0904926 0.97599
816.872 371.031 0.119133 -0.132662 0.96787
504.015 254.517 -0.0334169 0.38129 1.28262
543.777 422.757 0.153404 0.14883 0.923247
921.409 104.395 -0.216499 -0.317832 1.1169
550.607 85.4387 -0.195277 0.15417 1.01457
818.572 547.249 0.324939 -0.136998 0.963026
628.826 330.907 0.0633688 0.0609919 0.918152
662.013 328.121 0.0598906 0.0285801 0.908676
771.064 245.212 -0.0808952 -0.198709 1.53231
511.775 153.065 -0.103772 0.167414 0.938168
932.882 91.7076 -0.145154 -0.215992 0.912048
664.574 77.6086 -0.165921 0.0215414 0.930343
769.149 320.2 0.0538865 -0.0702224 0.905331
816.359 370.507 0.100178 -0.112738 0.898557
854.479 15.78 -0.187338 -0.131808 0.872294
796.313 217.599 -0.0647942 -0.143179 1.11171
723.369 230.63 -0.120273 -0.0594868 1.51986
721.795 87.1689 -0.236275 -0.0388121 1.10897
714.835 223.631 -0.204262 -0.0398869 1.74972
748.383 223.655 -0.129015 -0.124675 1.48174
743.468 203.228 -0.222513 -0.128329 1.60611
763.322 209.317 -0.192048 -0.183204 1.56968
823.061 240.481 -0.0233076 -0.147496 1.00359
533.655 65.4602 -0.18535 0.145919 0.949316
845.058 35.4193 -0.194792 -0.13895 0.918489
747.539 226.436 -0.130995 -0.128113 1.52015
939.153 179.284 -0.0729022 -0.232466 0.924953
794.275 223.362 -0.0623947 -0.149877 1.14872
764.934 219.076 -0.201844 -0.217899 1.69644
557.055 70.323 -0.566296 0.39661 1.57397
778.202 238.447 -0.0749679 -0.183491 1.39755
761.402 224.311 -0.218212 -0.231049 1.80706
640.129 291.671 0.036621 0.0835715 1.11344
756.573 244.247 -0.0686403 -0.139306 1.43957
487.253 406.749 0.123607 0.182463 0.886099
908.787 419.608 0.11818 -0.161368 0.816943
725.777 223.757 -0.0278342 -0.0279964 0.83926
799.076 384.603 0.0998595 -0.0867895 0.852673
611.427 562.328 0.353614 0.106859 0.983979
926.896 6.40388 -0.208385 -0.201822 0.900506
537.898 196.744 -0.0611839 0.139624 0.922083
753.213 577.374 0.335752 -0.0581451 0.934844
757.477 223.238 -0.209493 -0.206118 1.76652
819.775 558.694 0.361838 -0.147212 0.989502
719.075 218.961 -0.227397 -0.0569544 1.76918
723.836 230.657 -0.118478 -0.0603925 1.51229
959.479 208.822 -0.0399823 -0.223583 0.874547
938.065 85.4059 -0.150029 -0.21991 0.911204
531.864 101.355 -0.142989 0.138923 0.920502
824.999 371.813 0.101192 -0.12033 0.897133
775.121 241.193 -0.076483 -0.187909 1.44493
683.959 146.251 -0.0948918 0.00362172 0.886564
608.382 291.972 0.0222583 0.0640741 0.852007
739.463 252.719 -0.0314244 -0.0793772 1.29019
799.756 356.573 0.088559 -0.0989982 0.906078
715.029 222.881 -0.198761 -0.0401836 1.72333
768.188 41.2148 -0.185065 -0.0694408 0.907052
666.461 291.101 0.0349946 0.0413707 1.08085
730.938 236.139 -0.316678 -0.15091 2.25648
557.218 340.863 0.0802504 0.147131 0.967343
557.654 268.396 0.00341112 0.159976 1.01556
776.489 241.299 -0.0718749 -0.184831 1.41894
783.264 243.891 -0.0144597 -0.0813847 0.897189
539.112 334.607 0.0637918 0.141586 0.908547
773.664 319.789 0.0494138 -0.0693297 0.873962
764.596 315.976 0.0571953 -0.0746538 0.964465
507.631 150.101 -0.102816 0.164954 0.924255
812.289 303.931 0.0413565 -0.114502 0.92329
624.668 332.743 0.0603742 0.0592803 0.888474
575.588 70.516 -0.194269 0.11565 0.979925
611.931 282.931 0.0170273 0.0693135 0.892457
717.393 56.7602 -0.189817 -0.0272747 0.944681
618.981 481.898 0.19174 0.067563 0.876912
585.23 332.655 0.060252 0.0947041 0.892328
714.658 272.831 -0.0049403 -0.0332649 1.54037
752.388 573.485 0.340605 -0.0585667 0.945911
835.016 547.526 0.337114 -0.161116 0.976924
560.733 364.212 0.0930404 0.125269 0.913555
623.059 215.171 -0.0508058 0.0736232 0.978643
841.292 503.471 0.234778 -0.141069 0.905171
852.432 20.0032 -0.189581 -0.133723 0.883193
846.964 519.366 0.22753 -0.133993 0.868397
658.648 69.5225 -0.173021 0.0267434 0.930797
662.877 327.31 0.059617 0.0280871 0.911863
813.472 304.275 0.0405747 -0.112589 0.911621
675.402 170.808 -0.0897835 0.0154518 0.954861
833.694 33.6382 -0.1834 -0.121153 0.891557
707.607 276.657 0.0141558 -0.0145539 0.936695
523.087 16.7824 -0.234667 0.157808 0.962226
700.734 401.374 0.0809671 -0.00749214 0.750461
579.59 216.986 -0.0718127 0.168967 1.12633
551.002 51.0132 -0.182266 0.117911 0.915607
573.506 359.096 0.10333 0.135571 0.980319
825.188 571.511 0.343649 -0.140698 0.949114
821.55 369.927 0.0965417 -0.114055 0.886127
489.886 1.15046 -0.260139 0.197417 0.982033
767.836 217.779 -0.188418 -0.21409 1.6398
747.71 224.512 -0.133048 -0.126679 1.50739
729.834 514.875 0.355578 -0.0410164 1.06486
616.309 299.388 0.0419674 0.0982253 1.03467
565.946 296.191 0.0201138 0.0788349 0.787346
832.204 43.9963 -0.184333 -0.125551 0.910957
709.667 477.787 0.190407 -0.0129527 0.877688
613.507 390.762 0.11855 0.0760765 0.909624
759.799 217.784 -0.200305 -0.195333 1.67735
718.665 215.672 -0.229421 -0.0545085 1.74012
652.545 280.229 0.0166473 0.0388882 0.933097
700.129 228.834 -0.0280399 -0.00848618 0.892003
778.844 316.204 0.0472835 -0.0748533 0.880624
883.97 6.93111 -0.152409 -0.123231 0.784917
829.848 234.968 -0.0223806 -0.126275 0.910113
607.346 226.582 -0.0336311 0.077539 0.921791
591.152 568.055 0.241744 0.0837365 0.833818
613.646 556.58 0.361715 0.109279 1.00264
819.579 303.964 0.0418346 -0.122486 0.926678
653.113 283.253 0.0197934 0.0391847 0.939021
653.175 282.472 0.0192041 0.0397045 0.943798
958.408 222.001 -0.0304425 -0.231199 0.88831
596.322 564.559 0.307939 0.106042 0.925584
887.408 401.029 0.130896 -0.180153 0.899683
652.662 197.034 -0.0590544 0.034425 0.918275
677.14 220.341 -0.0379164 0.0126063 0.917037
570.653 102.525 -0.150503 0.111831 0.944794
654.248 481.153 0.196387 0.0374807 0.885474
943.282 476.368 0.245199 -0.280282 0.967777
533.643 274.037 0.00936063 0.172942 0.981068
926.765 258.981 -0.00238959 -0.306303 1.06601
580.574 76.7078 -0.183044 0.107552 0.967756
631.062 328.791 0.0644257 0.0625406 0.938536
796.332 52.8737 -0.189763 -0.100193 0.938211
512.849 158.352 -0.0857455 0.143253 0.881968
757.546 100.322 -0.250704 -0.0968892 1.17429
671.903 370.346 0.185363 0.0539804 1.21746
701.571 306.723 0.0462063 -0.00778522 0.964678
888.399 23.396 -0.137592 -0.121549 0.771578
871.824 408.227 0.111537 -0.136415 0.824938
632.599 230.46 -0.0317754 0.0583083 0.945028
506.456 150.183 -0.099977 0.161307 0.91344
823.241 243.381 -0.0167948 -0.131176 0.948088
613.487 587.321 0.403193 0.111225 1.00138
629.201 604.747 0.306673 0.0621569 0.871533
681.906 589.841 0.395614 0.0234095 0.98659
885.024 149.32 -0.0715348 -0.131123 0.798813
637.759 411.556 0.101234 0.0364479 0.79752
555.13 72.0992 -0.165042 0.11532 0.915379
549.564 218.444 -0.0427478 0.133581 0.931419
636.232 610.841 0.370457 0.0687229 0.934052
782.268 590.394 0.39341 -0.0988333 0.978999
765.377 267.045 0.00564949 -0.0689938 0.920943
544.763 547.643 0.415208 0.236911 1.08433
785.902 588.858 0.415943 -0.108988 1.00429
523.285 206.134 -0.0422333 0.119894 0.83578
614.18 586.154 0.400687 0.109984 1.00042
755.899 591.975 0.319068 -0.0562433 0.896482
613.42 280.894 0.0157415 0.0706095 0.905148
827.446 376.231 0.0896489 -0.105919 0.838473
599.856 596.962 0.31886 0.0953262 0.895924
623.521 213.391 -0.0537429 0.0746686 0.986686
680.321 592.762 0.321219 0.0178189 0.900826
531.772 191.891 -0.0612167 0.134827 0.895821
786.081 586.55 0.32725 -0.0888977 0.911564
625.348 605.453 0.310788 0.0665636 0.875595
521.901 569.969 0.362104 0.215438 0.986291
517.472 134.173 -0.0997182 0.131274 0.863935
856.154 591.237 0.283186 -0.137686 0.851436
504.96 593.777 0.337271 0.201898 0.924751
854.924 588.623 0.290602 -0.140999 0.863439
510.213 130.212 -0.131841 0.178086 0.962641
522.309 10.3297 -0.229557 0.150608 0.942844
648.569 230.498 -0.0342501 0.0467405 0.974922
743.481 201.282 -0.230072 -0.129062 1.61105
740.986 216.45 -0.263445 -0.153036 1.84658
863.116 126.201 -0.114551 -0.152086 0.904562
645.844 416.748 0.127667 0.0397519 0.863077
767.754 321.041 0.0566371 -0.0711538 0.920052
710.553 239.34 -0.0195432 -0.0174793 0.901563
687.828 17.4208 -0.192485 -0.00185808 0.88379
787.907 592.464 0.320112 -0.0875163 0.895886
822.61 276.435 0.0132169 -0.106772 0.860515
555.175 466.132 0.227407 0.163715 0.979471
664.296 325.903 0.0613938 0.0288953 0.933327
556.018 334.675 0.124672 0.289546 1.27398
829.732 565.476 0.418458 -0.178879 1.04099
808.563 570.422 0.445192 -0.15579 1.06181
770.483 578.26 0.282254 -0.0660893 0.868595
502.067 123.056 -0.16176 0.217189 1.02856
950.188 22.9568 -0.167948 -0.192245 0.842641
799.939 358.254 0.089212 -0.0982406 0.901947
577.831 77.4019 -0.180441 0.108989 0.963168
527.84 250.054 -0.0105997 0.118255 0.834812
902.663 491.261 0.411453 -0.366798 1.18038
530.452 250.44 -0.010442 0.118781 0.841513
540.284 482.253 0.207659 0.150585 0.909796
675.358 604.849 0.305184 0.0200011 0.868095
528.154 568.87 0.379668 0.219734 1.0079
862.996 275.717 0.0155161 -0.165763 0.931141
644.59 393.164 0.121712 0.0470801 0.910286
491.765 5.18082 -0.263811 0.201719 0.994452
562.596 257.9 -0.00702751 0.137618 0.972036
590.109 294.201 0.0283725 0.0964916 0.921314
668.539 284.035 0.022242 0.0274772 0.976166
494.201 405.415 0.150535 0.220869 0.969418
549.563 271.196 0.00659661 0.154427 0.977846
788.627 595.322 0.320769 -0.0876654 0.893123
775.876 270.682 0.00778275 -0.0673904 0.85082
813.964 248.804 -0.0153024 -0.143495 1.02553
518.784 500.936 0.0631983 0.0480392 0.574302
540.703 266.836 0.00215113 0.147691 0.938613
638.332 283.112 0.0221758 0.0682559 1.02346
663.998 276.694 0.0137917 0.0293119 0.949091
651.126 383.761 0.122046 0.045125 0.942502
559.098 458.285 0.229969 0.168427 1.0027
503.042 298.186 0.0510212 0.391011 1.28112
765.424 256.714 -0.003792 -0.0678255 0.912557
524.544 328.511 0.0673095 0.183855 0.974092
573.018 541.749 0.0610258 0.0261155 0.538949
490.276 59.4624 -0.203356 0.198675 0.976112
795.442 546.301 0.320903 -0.109628 0.960489
752.401 236.202 -0.102177 -0.140299 1.51003
802.983 270.534 0.00902717 -0.0988728 0.896297
568.396 89.8583 -0.158203 0.110608 0.935754
576.247 165.722 -0.0916208 0.107735 0.937723
729.05 223.471 -0.205367 -0.0942385 1.75298
698.675 259.199 -0.0617376 0.0199367 1.66688
586.269 271.213 0.00588669 0.163015 1.12299
627.473 303.837 0.0743606 0.183575 1.40334
610.499 461.539 0.160212 0.0680319 0.850146
924.204 26.1221 -0.242933 -0.248113 0.995632
662.439 272.568 0.00894729 0.025971 0.901726
767.616 322.312 0.0569938 -0.0700874 0.913854
839.956 510.143 0.241087 -0.139595 0.904231
507.793 134.86 -0.124081 0.175793 0.951507
484.581 403.241 0.13673 0.211947 0.936332
588.742 41.7365 -0.517249 0.245979 1.43099
689.871 39.5177 -0.198349 -0.00212702 0.931254
899.689 9.18159 -0.217745 -0.188139 0.922015
701.607 220.861 -0.150638 0.00185455 1.53251
845.809 34.8342 -0.192825 -0.138011 0.913448
843.97 439.928 0.146018 -0.123384 0.849178
732.049 561.52 0.303969 -0.0345755 0.919286
861.076 128.613 -0.102248 -0.13759 0.867821
648.559 414.658 0.130684 0.0392733 0.876621
512.687 286.441 0.0234835 0.213914 1.01612
736.901 224.138 -0.230384 -0.134715 1.83959
634.861 325.078 0.169246 0.264608 1.69197
548.939 266.498 0.00199557 0.135723 0.927854
643.564 395.724 0.122754 0.0474335 0.90577
715.902 229.593 -0.217378 -0.0460774 1.86573
623.475 27.3009 -0.741474 0.228456 1.64817
861.589 533.832 0.300439 -0.180993 0.950648
946.7 291.124 0.0329295 -0.258712 0.947154
782.566 567.545 0.348773 -0.0955142 0.962626
706.658 278.699 0.0160197 -0.0135764 0.933204
724.562 5.56541 -0.182086 -0.0292717 0.845921
932.227 92.1419 -0.144173 -0.214555 0.910351
624.374 406.236 0.151719 0.0774738 0.961076
585.935 334.71 0.0629745 0.0957252 0.897838
778.654 318.201 0.0496204 -0.0755121 0.885383
816.228 551.963 0.370575 -0.149397 1.01065
527.026 134.466 -0.10676 0.13395 0.891182
739.079 223.61 -0.25005 -0.150939 1.89157
727.605 215.299 -0.249025 -0.0920463 1.79315
834.584 231.706 -0.0233335 -0.122083 0.881905
599.941 328.437 0.0624469 0.0914648 0.931349
670.91 242.476 -0.0197924 0.0212399 0.947141
616.054 284.784 0.0199307 0.0716139 0.920551
689.687 6.76453 -0.210772 -0.00312687 0.903845
941.974 116.412 -0.151491 -0.270106 0.991875
852.299 64.8562 -0.170603 -0.146028 0.918654
845.305 35.1356 -0.195358 -0.139382 0.919179
859.806 139.001 -0.098113 -0.141775 0.88247
773.38 524.953 0.252286 -0.0738829 0.900702
708.477 472.335 0.198073 -0.0120028 0.902617
849.53 520.418 0.242552 -0.14401 0.889867
939.049 286.525 0.0280748 -0.250018 0.946266
875.221 341.137 0.072368 -0.162972 0.890234
482.989 210.222 -0.0548619 0.209331 0.958944
528.611 60.0338 -0.178097 0.140177 0.92246
517.591 0.432053 -0.225675 0.145854 0.921083
621.595 480.868 0.204072 0.0706116 0.901896
652.396 485.191 0.195509 0.038083 0.876738
679.147 576.938 0.335545 0.0217761 0.938278
544.217 498.356 0.23677 0.15704 0.93102
585.375 520.603 0.269133 0.119812 0.941042
539.125 334.016 0.0639011 0.143203 0.912738
