711.75 569.404 0.336925 -0.0143259 0.946761
486.848 407.362 0.147916 0.215365 0.949069
641.802 560.192 0.347886 0.0678925 0.976135
609.902 392.416 0.122392 0.0784266 0.910323
773.047 517.11 0.341093 -0.0979357 1.0353
944.676 132.02 -0.10488 -0.221986 0.904301
539.839 140.344 -0.114193 0.143327 0.951259
782.232 30.0279 -0.180991 -0.0782472 0.890989
772.063 515.677 0.252922 -0.0751341 0.914081
709.341 468.796 0.195435 -0.0135467 0.901159
848.16 511.858 0.243743 -0.147189 0.903143
876.337 333.568 0.0746733 -0.179316 0.929733
878.486 334.112 0.0732405 -0.176706 0.918589
491.559 0.464153 -0.263204 0.20015 0.997329
554.085 338.013 0.0818768 0.152809 0.977977
822.478 301.382 0.0357153 -0.107299 0.862902
508.203 146.357 -0.103038 0.163848 0.928727
690.153 3.6796 -0.213767 -0.00389581 0.915656
946.569 73.3589 -0.143908 -0.209412 0.882256
931.455 217.851 -0.0373706 -0.240764 0.953626
852.634 472.352 0.190363 -0.141388 0.878612
490.812 45.2494 -0.193234 0.17756 0.939941
536.286 189.173 -0.0634277 0.136946 0.917598
582.869 519.107 0.261802 0.117247 0.92968
593.569 326.362 0.0641624 0.0984079 0.939543
832.996 0.329609 -0.206899 -0.12113 0.898829
851.207 35.1026 -0.166373 -0.127032 0.867491
854.675 10.4863 -0.190518 -0.133654 0.881517
556.018 51.5709 -0.18611 0.118268 0.936726
532.759 186.069 -0.0634429 0.133814 0.901597
621.672 473.82 0.198716 0.0690624 0.901786
652.585 477.626 0.190392 0.0367827 0.877623
577.838 527.52 0.253646 0.114059 0.904366
941.502 213.643 -0.0386226 -0.236508 0.928673
944.083 134.443 -0.104999 -0.225806 0.912148
544.996 473.339 0.211827 0.152943 0.930986
844.499 506.371 0.229552 -0.138782 0.889799
735.851 544.241 0.31817 -0.0420841 0.960367
523.371 157.434 -0.104093 0.169123 0.972638
714.369 221.8 -0.0250423 -0.0194305 0.813449
550.89 111.371 -0.158429 0.149177 1.00235
566.146 59.8218 -0.190551 0.117275 0.96232
944.164 76.8008 -0.145908 -0.213947 0.894538
777.073 530.408 0.328346 -0.0953102 0.994291
643.761 52.0644 -0.172143 0.0357549 0.90725
542.19 146.412 -0.110732 0.144336 0.958961
844.805 32.3315 -0.198948 -0.142046 0.933159
608.946 222.102 -0.0358441 0.0782007 0.938373
715.598 47.668 -0.193458 -0.026035 0.947381
534.341 335.551 0.0637807 0.1363 0.888983
557.466 353.44 0.0482462 0.0691991 0.732963
959.309 287.15 0.0277918 -0.232873 0.887387
510.592 410.309 0.037697 0.0498703 0.584743
634.711 404.558 0.100565 0.0386314 0.807432
487.386 201.672 -0.062096 0.211655 0.97778
551.284 65.5957 -0.160038 0.112196 0.902282
567.882 65.1497 -0.193822 0.121358 0.980227
959.191 205.205 -0.0404791 -0.224474 0.880124
593.605 326.282 0.0632824 0.0968696 0.934149
492.516 398.088 0.143615 0.217911 0.965505
544.334 28.3684 -0.176116 0.107538 0.875305
770.898 225.083 -0.020401 -0.0527953 0.773506
536.913 260.804 -0.000438787 0.148197 0.936483
543.687 498.845 0.239387 0.156222 0.931073
551.553 125.791 -0.181635 0.18967 1.10622
575.505 305.838 0.0462331 0.123815 0.966819
498.614 395.97 0.147652 0.221737 0.984392
874.116 330.184 0.0718635 -0.178404 0.933093
572.612 60.1648 -0.19439 0.11379 0.971492
677.447 213.293 -0.041831 0.0119744 0.926458
820.251 368.151 0.0959333 -0.111764 0.882879
650.89 67.5013 -0.17974 0.0353932 0.954454
669.95 232.84 -0.0236689 0.0187604 0.918393
789.106 538.714 0.339093 -0.110041 0.99326
808.117 300.337 0.0443819 -0.120818 0.965565
542.865 148.598 -0.111644 0.147908 0.969865
664.945 320.822 0.0590073 0.0272101 0.933161
709.194 471.282 0.184381 -0.0133245 0.875025
889.771 424.914 0.11313 -0.136249 0.790752
796.644 310.772 0.0479461 -0.0951252 0.904313
562.321 558.982 0.231858 0.10361 0.830284
593.912 270.513 0.0093535 0.0904152 0.92156
701.224 228.927 -0.0279105 -0.00973517 0.933204
956.232 98.0372 -0.151748 -0.26146 0.9584
632.693 322.05 0.0615611 0.0610393 0.946765
509.672 325.443 0.0587891 0.170401 0.918431
953.966 278.953 0.0218207 -0.241175 0.910289
632.304 324.04 0.063006 0.0607924 0.942873
672.683 233.467 -0.0250332 0.0184374 0.946912
530.634 149.697 -0.229171 0.326819 1.31312
656.226 468.874 0.192857 0.0360047 0.898379
505.94 135.714 -0.190134 0.280696 1.1605
615.879 276.291 0.0149744 0.0703314 0.92144
605.986 395.912 0.117295 0.0757817 0.883941
598.436 377.039 0.0427906 0.0328729 0.652072
931.054 89.7526 -0.153339 -0.227697 0.942307
887.323 335.021 0.0673192 -0.16855 0.880311
796.13 386.176 0.106449 -0.0871196 0.865484
557.296 68.2308 -0.175175 0.120293 0.943963
542.023 265.343 0.00391486 0.147895 0.94736
821.22 21.3765 -0.221857 -0.12757 0.959622
747.77 222.387 -0.133445 -0.127452 1.51963
491.895 144.158 -0.091779 0.154362 0.876055
700.436 308.785 0.0375036 -0.00861506 0.840311
886.101 414.179 0.117226 -0.146592 0.824008
699.463 234.455 -0.0205976 -0.00838412 0.897222
813.034 249.672 -0.00658256 -0.111677 0.914218
855.778 500.532 0.206335 -0.138299 0.860311
773.904 527.857 0.24213 -0.0712016 0.879274
795.332 382.796 0.106508 -0.0885584 0.875722
795.117 379.804 0.105916 -0.0898589 0.882915
784.281 230.09 -0.0224802 -0.0796938 0.884118
654.348 475.056 0.191923 0.0361487 0.885101
486.716 403.47 0.142256 0.212636 0.944683
957.512 343.512 0.0805596 -0.243929 0.903301
547.475 501.784 0.250264 0.15792 0.943278
641.843 392.628 0.115264 0.0445561 0.88482
611.824 388.655 0.115024 0.0735516 0.897772
938.478 426.935 0.0995809 -0.149149 0.748201
797.132 209.645 -0.0668493 -0.137482 1.08912
877.474 335.57 0.0695845 -0.164356 0.891002
707.63 272.922 0.0134762 -0.0151265 0.933757
549.649 108.972 -0.158417 0.147951 0.995848
532.828 57.9219 -0.184802 0.142612 0.945451
491.493 47.8394 -0.192404 0.178446 0.942833
531.672 168.45 -0.111906 0.193808 1.0481
657.046 297.439 0.0295413 0.0252947 0.853663
881.975 335.091 0.0716695 -0.174032 0.904459
852.503 133.173 -0.113554 -0.152498 0.936098
778.768 238.747 -0.0190138 -0.0874188 0.955119
605.208 320.497 0.0679641 0.105022 1.00965
776.806 495.629 0.271773 -0.0914669 0.97785
817.689 366.741 0.117279 -0.133637 0.969729
503.612 250.446 -0.0352707 0.380316 1.28447
543.599 418.104 0.15155 0.147856 0.925106
924.027 98.3038 -0.218353 -0.318806 1.11876
549.801 78.6816 -0.19713 0.153195 1.01643
818.9 543.047 0.323085 -0.137973 0.964885
628.789 326.014 0.061515 0.0600177 0.920012
662.122 323.198 0.0580368 0.0276059 0.910536
771.849 241.802 -0.082749 -0.199683 1.53417
510.785 146.755 -0.105626 0.16644 0.940027
935.638 84.5854 -0.147008 -0.216966 0.913908
664.692 70.3481 -0.167774 0.0205672 0.932202
769.835 315.314 0.0520327 -0.0711966 0.90719
817.196 365.906 0.0983237 -0.113712 0.900416
856.627 7.26763 -0.189192 -0.132782 0.874153
797.387 212.839 -0.066648 -0.144153 1.11357
723.904 227.046 -0.122127 -0.060461 1.52172
722.487 80.8021 -0.238129 -0.0397863 1.11083
715.299 220.361 -0.206115 -0.0408611 1.75157
749.083 219.941 -0.130869 -0.125649 1.4836
744.158 199.532 -0.224367 -0.129304 1.60796
764.139 205.628 -0.193902 -0.184178 1.57154
824.275 235.511 -0.0251614 -0.148471 1.00545
532.62 58.1182 -0.187204 0.144945 0.951175
847.064 27.4709 -0.196646 -0.139924 0.920349
748.224 222.823 -0.132849 -0.129087 1.52201
941.571 173.368 -0.074756 -0.23344 0.926812
795.317 218.786 -0.0642485 -0.150852 1.15058
765.726 215.695 -0.203698 -0.218874 1.6983
556.187 64.7368 -0.56815 0.395636 1.57583
779.067 234.699 -0.0768217 -0.184465 1.39941
762.147 221.138 -0.220066 -0.232023 1.80892
640.248 287.387 0.0347672 0.0825973 1.1153
757.288 240.632 -0.0704941 -0.14028 1.44143
486.796 401.843 0.121753 0.181488 0.887959
910.018 414.927 0.116326 -0.162343 0.818803
726.269 217.699 -0.029688 -0.0289706 0.841119
799.795 379.824 0.0980057 -0.0877637 0.854532
611.681 557.741 0.35176 0.105885 0.985838
537.166 190.807 -0.0630377 0.138649 0.923942
753.424 572.899 0.333898 -0.0591193 0.936704
758.203 220 -0.211346 -0.207093 1.76838
820.047 554.507 0.359984 -0.148186 0.991361
719.566 215.673 -0.229251 -0.0579286 1.77104
724.375 227.059 -0.120332 -0.0613667 1.51415
940.905 78.1886 -0.151883 -0.220884 0.913064
530.869 94.3405 -0.144843 0.137949 0.922361
825.879 367.221 0.0993385 -0.121305 0.898992
775.953 237.572 -0.0783368 -0.188883 1.44679
684.207 139.636 -0.0967457 0.00264751 0.888424
608.113 286.471 0.0204045 0.0630999 0.853866
740.086 248.798 -0.0332782 -0.0803514 1.29205
800.538 351.923 0.0867052 -0.0999724 0.907937
715.498 219.565 -0.200615 -0.0411578 1.72519
769.344 33.2998 -0.186919 -0.070415 0.908912
666.685 286.716 0.0331408 0.0403965 1.08271
731.425 233.548 -0.318532 -0.151884 2.25834
556.972 336.172 0.0783966 0.146157 0.969203
557.307 263.516 0.00155731 0.159002 1.01742
777.332 237.624 -0.0737287 -0.185805 1.4208
784.181 238.398 -0.0163135 -0.0823589 0.899049
538.681 329.6 0.0619379 0.140612 0.910406
774.37 314.741 0.04756 -0.0703039 0.875821
765.27 311.342 0.0553415 -0.075628 0.966324
506.585 143.681 -0.10467 0.16398 0.926114
813.269 299.068 0.0395026 -0.115476 0.925149
624.575 327.708 0.0585204 0.058306 0.890333
574.941 63.3961 -0.196123 0.114676 0.981784
611.735 277.597 0.0151735 0.0683393 0.894317
718.03 49.2737 -0.191671 -0.0282489 0.946541
618.977 477.228 0.189886 0.0665888 0.878771
584.961 327.601 0.0583982 0.0937299 0.894187
715.106 269.612 -0.00679412 -0.0342391 1.54223
752.603 569.043 0.338751 -0.059541 0.94777
835.351 543.381 0.33526 -0.162091 0.978784
560.457 359.379 0.0911866 0.124294 0.915415
622.951 209.741 -0.0526596 0.072649 0.980502
841.849 499.223 0.232924 -0.142043 0.90703
854.549 11.6206 -0.191434 -0.134697 0.885052
847.521 515.007 0.225676 -0.134967 0.870257
658.711 62.1495 -0.174875 0.0257692 0.932657
662.993 322.399 0.0577632 0.0271129 0.913722
814.46 299.356 0.0387209 -0.113563 0.913481
675.623 164.84 -0.0916373 0.0144776 0.956721
835.566 25.5209 -0.185254 -0.122127 0.893416
707.995 271.582 0.012302 -0.0155281 0.938555
521.85 8.78227 -0.236521 0.156833 0.964085
700.817 396.007 0.0791133 -0.00846635 0.75232
579.317 212.166 -0.0736666 0.167993 1.12819
550.057 43.2884 -0.184119 0.116936 0.917466
573.37 354.547 0.101476 0.134596 0.982178
825.464 567.213 0.341795 -0.141672 0.950973
822.419 365.269 0.0946879 -0.115029 0.887987
768.657 214.298 -0.190272 -0.215064 1.64165
748.401 220.857 -0.134902 -0.127653 1.50925
730.111 510.835 0.353724 -0.0419906 1.06672
616.293 294.828 0.0401136 0.0972511 1.03652
565.291 290.284 0.01826 0.0778607 0.789206
834.041 36.1449 -0.186187 -0.126526 0.912816
709.894 473.247 0.188553 -0.013927 0.879548
613.451 386.063 0.116696 0.0751022 0.911483
760.562 214.36 -0.202159 -0.196307 1.67921
719.16 212.309 -0.231275 -0.0554827 1.74198
652.615 275.119 0.0147935 0.037914 0.934956
700.472 223.122 -0.0298937 -0.00946039 0.893863
779.59 311.173 0.0454297 -0.0758276 0.882483
831.135 229.494 -0.0242344 -0.127249 0.911972
607.1 220.957 -0.0354849 0.0765647 0.923651
591.104 563.134 0.23989 0.0827622 0.835678
613.917 552.054 0.359862 0.108305 1.0045
820.604 299.124 0.0399808 -0.12346 0.928537
653.192 278.194 0.0179396 0.0382105 0.94088
653.258 277.431 0.0173503 0.0387303 0.945657
596.484 559.84 0.306085 0.105068 0.927444
888.516 396.641 0.129042 -0.181128 0.901543
652.695 191.138 -0.0609082 0.0334508 0.920135
677.345 214.675 -0.0397703 0.0116321 0.918897
569.995 95.6626 -0.152357 0.110857 0.946653
654.337 476.563 0.194533 0.0365065 0.887333
944.203 472.473 0.243345 -0.281256 0.969636
533.16 269.023 0.00750681 0.171968 0.982928
928.641 254.498 -0.0042434 -0.307277 1.06787
579.973 69.6165 -0.184897 0.106578 0.969615
631.056 323.985 0.0625719 0.0615664 0.940395
797.775 45.297 -0.191617 -0.101167 0.940071
511.794 151.781 -0.0875994 0.142279 0.883827
758.556 94.3519 -0.252557 -0.0978634 1.17615
672.196 366.725 0.183509 0.0530062 1.21932
701.921 301.979 0.0443525 -0.00875943 0.966538
890.846 14.3428 -0.139446 -0.122523 0.773437
872.881 403.495 0.109683 -0.137389 0.826797
632.537 225.005 -0.0336292 0.0573341 0.946887
505.386 143.704 -0.101831 0.160333 0.9153
824.454 238.176 -0.0186486 -0.13215 0.949948
613.798 582.626 0.401339 0.110251 1.00324
629.304 599.842 0.304819 0.0611827 0.873392
682.128 585.246 0.39376 0.0224353 0.988449
887.043 142.253 -0.0733886 -0.132097 0.800672
637.618 406.422 0.0993799 0.0354737 0.799379
554.26 64.6712 -0.166895 0.114346 0.917239
548.966 212.764 -0.0446016 0.132607 0.933278
636.443 605.986 0.368603 0.0677487 0.935911
782.45 585.978 0.391556 -0.0998075 0.980858
766.133 261.861 0.00379568 -0.069968 0.922803
545.246 543.155 0.413354 0.235937 1.08619
786.072 584.488 0.414089 -0.109962 1.00615
522.321 199.763 -0.0440871 0.118919 0.837639
614.487 581.467 0.398833 0.10901 1.00228
756.091 587.386 0.317214 -0.0572175 0.898341
613.246 275.614 0.0138877 0.0696353 0.907007
828.342 371.37 0.087795 -0.106893 0.840332
600.002 592.07 0.317006 0.0943519 0.897783
623.421 207.982 -0.0555967 0.0736944 0.988545
680.473 588.04 0.319365 0.0168447 0.902686
530.951 185.757 -0.0630705 0.133853 0.897681
786.306 582.06 0.325396 -0.0898719 0.913424
625.46 600.544 0.308934 0.0655894 0.877455
522.275 565.186 0.36025 0.214463 0.98815
516.36 127.22 -0.101572 0.130299 0.865795
856.523 586.748 0.281332 -0.13866 0.853296
505.25 588.762 0.335417 0.200924 0.926611
855.284 584.162 0.288748 -0.141973 0.865298
509.177 123.769 -0.133694 0.177111 0.9645
521.036 2.13409 -0.23141 0.149634 0.944704
648.628 225.2 -0.0361039 0.0457663 0.976781
744.174 197.572 -0.231925 -0.130036 1.61291
741.61 213.241 -0.265299 -0.15401 1.84844
865.022 119.497 -0.116405 -0.15306 0.906421
645.854 411.957 0.125813 0.0387777 0.864937
768.433 316.231 0.0547833 -0.072128 0.921912
710.967 233.783 -0.021397 -0.0184535 0.903422
688.152 9.00791 -0.194339 -0.00283229 0.88565
788.128 587.929 0.318258 -0.0884906 0.897745
823.731 271.039 0.0113631 -0.107746 0.862374
555.232 461.706 0.225553 0.162741 0.981331
664.437 321.088 0.05954 0.0279211 0.935186
556.047 330.997 0.122818 0.288571 1.27584
829.938 561.362 0.416604 -0.179853 1.04285
808.733 566.27 0.443339 -0.156764 1.06367
770.717 573.69 0.2804 -0.0670636 0.870455
501.01 116.838 -0.163614 0.216215 1.03042
953.419 14.3862 -0.169801 -0.193219 0.844501
800.718 353.593 0.0873581 -0.0992148 0.903807
577.204 70.2977 -0.182294 0.108015 0.965028
526.999 244.069 -0.0124535 0.117281 0.836671
903.083 487.822 0.409599 -0.367772 1.18224
529.643 244.502 -0.0122958 0.117807 0.843372
540.211 477.58 0.205805 0.14961 0.911656
675.471 600.022 0.30333 0.0190269 0.869955
528.57 564.131 0.377814 0.21876 1.00976
864.396 270.727 0.0136623 -0.166737 0.933
644.647 388.511 0.119859 0.0461059 0.912145
562.203 252.753 -0.00888132 0.136644 0.973896
589.851 289.075 0.0265187 0.0955174 0.923174
668.726 279.17 0.0203882 0.026503 0.978025
493.974 400.85 0.148681 0.219895 0.971277
549.141 266.16 0.00474279 0.153453 0.979705
788.844 590.774 0.318915 -0.0886396 0.894982
776.677 265.146 0.00592893 -0.0683646 0.852679
815.087 243.995 -0.0171562 -0.144469 1.02739
516.79 494.856 0.0613445 0.047065 0.576161
540.174 261.574 0.000297319 0.146717 0.940473
638.393 278.425 0.020322 0.0672817 1.02532
664.143 271.646 0.0119379 0.0283377 0.950951
651.235 379.224 0.120193 0.0441508 0.944362
559.181 453.939 0.228116 0.167453 1.00456
502.832 294.347 0.0491674 0.390037 1.28298
766.197 251.402 -0.00564581 -0.0687997 0.914417
524.163 323.763 0.0654557 0.182881 0.975952
571.019 535.845 0.059172 0.0251413 0.540808
488.886 52.1675 -0.20521 0.197701 0.977971
795.744 542.056 0.319049 -0.110603 0.962348
753.099 232.661 -0.104031 -0.141273 1.51189
803.983 265.276 0.00717336 -0.099847 0.898157
567.69 82.7823 -0.160057 0.109634 0.937613
575.729 159.571 -0.0934746 0.106761 0.939583
729.599 220.209 -0.207221 -0.0952127 1.75484
699.046 256.1 -0.0635914 0.0189625 1.66873
586.137 266.797 0.00403287 0.162041 1.12484
627.629 300.432 0.0725068 0.1826 1.4052
610.402 456.741 0.158358 0.0670577 0.852006
927.189 18.3558 -0.244787 -0.249087 0.997491
662.536 267.247 0.00709348 0.0249968 0.903586
768.291 317.48 0.05514 -0.0710616 0.915714
840.489 505.888 0.239233 -0.140569 0.90609
506.74 128.414 -0.125935 0.174819 0.953366
484.246 398.533 0.134876 0.210973 0.938192
588.13 35.4343 -0.519102 0.245005 1.43285
690.238 31.7035 -0.200203 -0.00310123 0.933113
902.416 0.813751 -0.219598 -0.189113 0.923874
702.022 217.203 -0.152492 0.000880345 1.53437
847.823 26.8509 -0.194678 -0.138985 0.915307
844.77 435.388 0.144164 -0.124358 0.851038
732.263 557.035 0.302116 -0.0355497 0.921145
862.946 121.728 -0.104102 -0.138564 0.86968
648.597 409.925 0.12883 0.0382991 0.878481
512.2 281.644 0.0216296 0.21294 1.01798
529.665 564.866 0.382213 0.219573 1.01354
716.876 602.477 0.390852 -0.019605 0.960322
654.957 430.842 0.165231 0.0389684 0.920838
878.687 122.737 -0.104182 -0.152327 0.873139
487.387 288.457 0.0275917 0.223958 0.985597
501.552 266.72 0.00461979 0.176495 0.924597
569.953 317.275 0.0557031 0.123596 0.947124
569.932 114.276 -0.13865 0.114325 0.954731
557.611 163.004 -0.124515 0.171624 1.0721
501.253 57.0712 -0.198786 0.18413 0.974002
598.128 323.222 0.0584016 0.0886764 0.92025
799.952 579.301 0.297616 -0.0966199 0.883707
587.21 287.33 0.0237427 0.0923676 0.903252
943.086 143.58 -0.0960771 -0.222696 0.907226
602.336 544.355 0.323535 0.111959 0.97279
828.095 555.999 0.418758 -0.181342 1.05429
824.878 234.788 -0.0221199 -0.133282 0.952619
611.847 196.607 -0.0554625 0.0689264 0.912654
710.242 586.748 0.31908 -0.0124729 0.902917
887.174 108.978 -0.104414 -0.145577 0.838866
708.744 272.229 0.0132005 -0.0163424 0.951382
859.846 529.423 0.303901 -0.182761 0.960165
567.847 302.907 0.0397096 0.118927 0.929656
680.763 584.817 0.324834 0.017329 0.913085
608.888 572.735 0.337483 0.0985498 0.946807
708.431 602.585 0.306592 -0.0106341 0.869709
818.184 301.253 0.0397667 -0.114945 0.905599
586.554 5.47215 -0.233712 0.0931728 0.954364
673.86 72.8164 -0.177201 0.0141079 0.959885
526.562 263.874 -0.00322098 0.27302 1.17138
833.524 448.396 0.218937 -0.158658 0.984591
707.847 376.141 0.157009 -0.0133607 1.07634
521.084 391.748 0.109342 0.145191 0.874926
851.709 522.748 0.220358 -0.131941 0.850631
912.414 92.101 -0.164965 -0.227281 0.977538
815.366 326.574 0.0634824 -0.113758 0.909356
820.882 546.461 0.322671 -0.138475 0.95896
751.429 236.91 -0.107551 -0.148986 1.58617
768.52 214.644 -0.193639 -0.218155 1.65595
750.634 244.179 -0.105965 -0.164623 1.69151
507.422 224.322 -0.0534994 0.254565 1.09684
959.332 134.719 -0.100156 -0.229819 0.895293
582.995 205.419 -0.0541088 0.107206 0.95672
562.563 307.709 0.0419283 0.116613 0.907323
610.347 307.985 0.0445078 0.0771081 0.922619
535.209 285.404 0.0326193 0.442284 1.46606
823.912 278.215 0.0254635 -0.182111 1.10645
710.994 339.61 0.19736 -0.0185391 1.51476
910.161 286.548 0.0280862 -0.200637 0.909757
723.965 228.444 -0.122737 -0.0616263 1.54085
872.592 336.142 0.0672376 -0.154052 0.875783
573.328 192.275 -0.0623154 0.10781 0.929867
737.487 220.999 -0.232237 -0.135689 1.84145
635.095 322.298 0.167392 0.263634 1.69383
548.435 261.185 0.000141755 0.134749 0.929713
643.612 391.058 0.120901 0.0464593 0.90763
716.353 226.537 -0.219231 -0.0470516 1.86759
623.089 20.9259 -0.743328 0.227481 1.65003
862.045 529.709 0.298585 -0.181967 0.952508
948.626 286.399 0.0310757 -0.259686 0.949014
782.806 563.209 0.346919 -0.0964884 0.964485
707.038 273.62 0.0141658 -0.0145506 0.935064
934.973 85.017 -0.146027 -0.21553 0.91221
624.433 401.8 0.149866 0.0764996 0.962935
585.681 329.695 0.0611207 0.094751 0.899697
779.396 313.208 0.0477665 -0.0764863 0.887242
816.499 547.835 0.368722 -0.150371 1.01251
526.031 127.686 -0.108614 0.132975 0.893042
739.673 220.531 -0.251904 -0.151913 1.89343
728.151 212.007 -0.250879 -0.0930205 1.79501
835.916 226.049 -0.0251873 -0.123057 0.883764
599.789 323.566 0.060593 0.0904906 0.933208
671.092 237.158 -0.0216462 0.0202657 0.949
615.917 279.613 0.0180769 0.0706396 0.92241
944.723 110.023 -0.153345 -0.271081 0.993735
854.294 57.3647 -0.172457 -0.147002 0.920514
847.315 27.1862 -0.197212 -0.140356 0.921039
861.635 132.334 -0.0999668 -0.142749 0.884329
773.712 520.57 0.250432 -0.0748571 0.902562
708.721 467.878 0.19622 -0.012977 0.904476
850.07 516.128 0.240698 -0.144984 0.891726
940.943 281.754 0.026221 -0.250993 0.948126
876.489 336.403 0.0705142 -0.163947 0.892093
482.028 204.574 -0.0567157 0.208357 0.960804
527.495 52.4742 -0.17995 0.139203 0.92432
621.637 476.287 0.202219 0.0696374 0.903755
652.471 480.569 0.193655 0.0371088 0.878597
679.335 572.337 0.333691 0.0208019 0.940138
544.24 493.737 0.234917 0.156066 0.93288
585.493 516.032 0.267279 0.118838 0.942902
538.701 329.026 0.0620472 0.142229 0.914597
