628.637 533.805 0.203609 0.0269446 0.692126
816.539 395.962 0.145705 -0.0761449 0.731664
867.321 540.068 0.265407 -0.123951 0.7697
796.09 301.848 0.0950693 -0.0663771 0.749032
933.645 31.5155 -0.0432066 -0.129061 0.733784
890.315 505.455 0.212126 -0.120739 0.727431
915.638 161.574 0.0222109 -0.0947836 0.651229
505.436 7.34032 -0.0992594 0.12599 0.867385
495.685 207.995 0.0016079 0.386639 1.29701
612.153 415.36 0.141859 0.033525 0.698407
584.697 531.341 0.209748 0.0521804 0.704553
706.493 512.59 0.211532 -0.0132776 0.722934
569.091 413.605 0.148104 0.0596031 0.71738
540.623 322.918 0.10031 0.0735416 0.725603
820.925 394.877 0.138508 -0.0744858 0.713935
915.394 607.852 0.22648 -0.111435 0.662396
609.938 413.863 0.13684 0.032809 0.687727
581.544 533.792 0.201863 0.0504929 0.690267
534.222 324.386 0.0968289 0.0713023 0.70675
704.739 247.457 0.063297 -0.0141089 0.746235
699.323 202.837 0.03863 -0.0112952 0.819476
728.214 301.635 0.346592 -0.578919 5.66361
655.205 10.5685 -0.07928 0.0149302 0.817592
718.547 291.166 -0.0539943 -0.142018 5.47845
726.472 224.279 0.0534227 -0.0382497 0.979416
857.903 374.259 0.125921 -0.0922747 0.709329
636.148 314.988 0.0893585 0.0188975 0.690659
956.553 421.306 0.149893 -0.142827 0.702826
802.063 163.353 0.0228254 -0.0401645 0.582154
795.983 211.466 0.0449041 -0.0747541 0.802418
629.318 527.009 0.195907 0.025574 0.686011
643.087 246.709 0.0628825 0.0205158 0.750439
846.132 367.752 0.137539 -0.0994769 0.756991
798.581 100.775 -0.0440726 -0.0934466 0.90004
932.627 327.493 0.109001 -0.142737 0.739742
723.781 278.785 -0.0800276 -0.228983 4.02935
537.834 580.225 0.266744 0.0920364 0.740082
958.903 450.283 0.131508 -0.110765 0.629129
695.773 44.8283 -0.13883 -0.00802962 1.03932
557.831 317.18 0.101449 0.069457 0.745076
912.317 404.34 0.102611 -0.0821047 0.601858
595.264 316.57 0.0980547 0.0452458 0.729373
789.048 136.684 0.0153463 -0.0365559 0.584044
573.562 262.593 0.0664998 0.0501762 0.707137
705.59 531.672 0.185477 -0.0122908 0.664156
788.293 307.414 0.0949459 -0.0591554 0.732282
643.417 315.78 0.0991825 0.0200507 0.735192
564.771 256.398 0.0742924 0.0836901 0.821992
554.161 125.602 0.0062216 0.0479938 0.673459
945.478 330.82 0.104564 -0.138083 0.713579
607.339 418.695 0.133747 0.0318471 0.673901
580.437 254.454 0.0661375 0.0541867 0.74298
706.33 513.972 0.20876 -0.0131392 0.717156
580.78 8.1781 -0.00259936 0.00605247 0.443504
662.811 163.959 0.0192806 0.00718556 0.733496
799.601 607.413 0.232927 -0.0581954 0.672444
536.485 267.861 0.0697834 0.0703884 0.714571
493.24 214.084 0.0441815 0.10182 0.748823
571.58 545.28 0.188461 0.0483818 0.660167
717.286 159.914 0.0216312 -0.0168743 0.612468
561.966 410.46 0.133768 0.0549608 0.685201
794.155 305.753 0.0866374 -0.0558458 0.694394
544.999 320.845 0.101186 0.0737548 0.734616
647.152 372.969 0.185343 0.0388447 0.893452
537.939 318.124 0.0964601 0.0730306 0.719755
558.205 318.947 0.102904 0.0698664 0.747101
878.538 544.913 0.246499 -0.119863 0.739245
817.164 386.092 0.142065 -0.0777049 0.737801
706.395 518.977 0.193442 -0.0129314 0.687829
621.041 130.05 0.0134849 0.0104773 0.572533
625.37 541.921 0.195684 0.0259496 0.673142
870.779 282.565 0.0770813 -0.0941294 0.701513
571.606 553.48 0.192556 0.048595 0.660128
893.503 572.262 0.247577 -0.120773 0.715982
704.373 251.321 0.0669378 -0.0140171 0.763151
584.888 531.287 0.205328 0.0504772 0.697788
629.934 315.302 0.0822362 0.0178542 0.656323
784.754 518.307 0.310969 -0.0836513 0.85748
866.774 528.053 0.266869 -0.128671 0.78453
949.599 72.0893 -0.01183 -0.109679 0.661742
821.012 248.081 0.0678977 -0.0891832 0.789886
952.195 337.788 0.0990199 -0.125517 0.677657
613.112 416.735 0.143233 0.0333399 0.699997
577.566 256.878 0.0663625 0.0534529 0.732229
821.362 353.606 0.131391 -0.0864615 0.767164
710.969 190.425 0.0329009 -0.0169303 0.705442
571.92 414.052 0.151087 0.0597994 0.724103
706.324 520.638 0.200916 -0.0129667 0.698328
707.541 518.808 0.201981 -0.0136466 0.701697
580.684 258.857 0.0686182 0.0543514 0.743706
594.065 320.33 0.0987731 0.0447991 0.723276
504.571 629.071 0.231731 0.0822356 0.660985
849.365 373.033 0.135919 -0.097157 0.741971
570.488 237.211 0.0507333 0.0415466 0.662111
490.269 369.056 0.118453 0.0936764 0.703341
836.033 290.307 0.0966426 -0.102308 0.797921
564.511 622.132 0.311338 0.0824961 0.754735
864.872 475.864 0.240079 -0.133898 0.808632
845.623 221.217 0.0497594 -0.0927202 0.74796
828.564 358.728 0.123886 -0.0820095 0.731132
784.6 308.973 0.100433 -0.0608654 0.75543
845.539 372.951 0.138634 -0.0973484 0.750398
707.705 185.413 0.0306779 -0.0150991 0.68788
815.149 390.891 0.146175 -0.0773994 0.741165
850.489 250.057 0.0641011 -0.0913276 0.730465
628.911 254.518 0.0672212 0.0287237 0.751081
876.438 549.705 0.249899 -0.118789 0.739343
558.023 170.315 0.0227179 0.057348 0.717459
841.575 357.362 0.110255 -0.0776884 0.687155
480.06 263.788 0.0508172 0.0540335 0.583354
696.323 456.099 0.130661 -0.00872812 0.625982
853.69 378.899 0.132006 -0.0933026 0.720008
893.373 408.748 0.162094 -0.127944 0.751222
543.565 467.25 0.132517 0.0484568 0.622488
696.322 207.477 0.0418045 -0.00958126 0.77214
736.864 626.542 0.300888 -0.0318026 0.736737
867.996 322.228 0.0980579 -0.0955163 0.707324
591.032 623.338 0.146536 0.0210352 0.549731
632.347 520.175 0.204191 0.0266051 0.70533
637.175 168.086 0.0155766 0.030289 0.819624
620.116 402.605 0.13865 0.0306536 0.707546
784.566 310.352 0.100571 -0.0603145 0.752052
641.448 317.442 0.0960524 0.0191076 0.716294
637.123 247.748 0.0582682 0.0175429 0.692354
553.528 237.981 0.0461039 0.0371326 0.609031
647.333 254.006 0.0680811 0.0194412 0.762281
627.276 599.492 0.374792 0.0570475 0.839535
665.237 176.831 0.0243425 0.00811669 0.767324
622.339 615.298 0.356111 0.054353 0.80539
595.39 589.251 0.386032 0.0914681 0.862748
752.46 562.724 0.422072 -0.0640583 0.926717
650.033 193.157 0.0339157 0.0133956 0.723665
843.908 555.139 0.393774 -0.157634 0.904474
786.483 159.061 -0.0426079 -0.133556 1.14149
522.736 7.87535 -0.0816393 0.0984887 0.819797
796.971 304.249 0.0948535 -0.0653669 0.740579
513.019 135.889 0.00508372 0.0826044 0.7329
857.939 253.641 0.0672071 -0.0988168 0.742222
865.558 537.894 0.269466 -0.125543 0.777406
714.38 204.105 -0.0761295 -0.0390264 1.64195
723.707 278.794 -0.0831352 -0.228506 4.04383
861.906 199.098 0.0377627 -0.108373 0.771739
799.323 604.322 0.23622 -0.0592247 0.678669
704.199 254.097 0.0690342 -0.0139335 0.768314
948.365 334.193 0.104673 -0.136646 0.706843
517.343 254.626 0.0826165 0.181597 0.976321
527.996 328.331 0.0955131 0.0702327 0.692592
