713.37 560.562 0.33176 -0.0129446 0.94686
486.572 399.838 0.14236 0.215752 0.945655
643.491 551.63 0.342594 0.0691433 0.975882
610.672 384.701 0.116891 0.0793852 0.906517
774.2 508.784 0.33632 -0.0965429 1.03641
946.84 122.544 -0.110146 -0.222271 0.912689
528.576 120.136 -0.114595 0.13798 0.909305
785.215 17.3084 -0.185914 -0.0770126 0.894014
775.764 514.394 0.241396 -0.0719555 0.893037
711.182 461.095 0.189872 -0.0121256 0.898895
849.603 502.574 0.239434 -0.146082 0.905732
878.862 325.072 0.0699871 -0.177778 0.930784
883.5 326.197 0.0675028 -0.173258 0.909798
555.32 329.748 0.0773396 0.154335 0.980361
825.059 292.13 0.0311621 -0.106091 0.865579
506.117 134.735 -0.107324 0.16484 0.925647
950.503 62.1455 -0.149082 -0.208981 0.887444
935.009 208.469 -0.0420178 -0.239431 0.955244
854.371 463.206 0.186015 -0.14024 0.881263
491.023 34.5747 -0.198992 0.180484 0.947203
536.09 178.748 -0.0679541 0.137784 0.916421
581.924 515.321 0.252387 0.116706 0.915706
594.618 317.89 0.0594319 0.0997228 0.940056
855.181 22.2381 -0.171234 -0.125863 0.870233
556.953 40.7632 -0.191633 0.120272 0.943197
531.164 174.759 -0.0677665 0.134073 0.89583
622.245 467.86 0.191617 0.0696298 0.893342
654.725 468.207 0.186232 0.0382464 0.880981
579.739 518.872 0.248627 0.115262 0.904578
947.222 203.383 -0.0432105 -0.233824 0.924757
946.641 124.69 -0.110075 -0.225547 0.918852
547.008 464.597 0.207333 0.154417 0.933025
846.531 497.592 0.224739 -0.137527 0.890719
737.385 535.668 0.313069 -0.0406707 0.960557
523.5 147.499 -0.108832 0.170699 0.975292
716.758 210.363 -0.029678 -0.0176805 0.804611
533.064 81.2186 -0.152897 0.13932 0.929872
569.464 52.783 -0.198019 0.120441 0.979965
947.266 66.3653 -0.15136 -0.21399 0.901772
778.189 521.327 0.324171 -0.094059 0.997012
646.174 43.0558 -0.178526 0.0373699 0.919223
540.288 134.235 -0.114589 0.144245 0.951897
849.138 17.9918 -0.202943 -0.139969 0.931227
609.888 212.582 -0.0404712 0.0794526 0.939049
717.517 35.0734 -0.198083 -0.0246566 0.948798
535.244 326.861 0.0589379 0.137154 0.888404
559.854 343.408 0.0436521 0.070614 0.734881
514.914 399.402 0.0331245 0.0512909 0.586835
636.935 395.288 0.0959568 0.0400096 0.80912
486.038 191.818 -0.0666441 0.21251 0.976155
551.552 53.593 -0.164858 0.113712 0.904922
569.837 56.4996 -0.200367 0.124071 0.992531
593.324 318.141 0.0578782 0.0975511 0.927575
492.998 390.203 0.138615 0.219035 0.9649
549.492 22.5028 -0.184105 0.111011 0.895798
774.113 214.441 -0.025043 -0.0514828 0.775768
539.281 252.033 -0.00490875 0.150254 0.943731
542.437 493.876 0.231144 0.155638 0.919936
551.012 115.79 -0.186298 0.191066 1.10776
576.695 297.363 0.0416668 0.125332 0.969317
480.247 0.921803 -0.297244 0.248179 1.06927
496.75 389.245 0.141219 0.221097 0.975867
880.404 322.606 0.0655064 -0.173802 0.918228
572.847 48.3751 -0.199237 0.115163 0.974066
678.151 201.651 -0.0461074 0.0130552 0.909988
821.252 358.393 0.0925046 -0.111536 0.892973
650.835 53.2167 -0.183194 0.036914 0.948871
671.479 223.178 -0.0283256 0.0200043 0.91763
798.634 558.456 0.305296 -0.0994517 0.914879
812.91 291.947 0.0384887 -0.117841 0.950758
540.99 136.602 -0.115541 0.147872 0.96304
666.097 312.339 0.054154 0.0287649 0.932282
710.904 464.387 0.178101 -0.0116482 0.869697
892.456 415.313 0.108674 -0.135106 0.793353
797.907 301.763 0.0438451 -0.0941263 0.91206
564.62 549.712 0.226937 0.104862 0.830847
595.433 261.521 0.00479103 0.0920092 0.925299
703.001 219.58 -0.032556 -0.00837913 0.935293
959.844 87.6124 -0.156911 -0.261141 0.963624
634.173 313.52 0.0569897 0.0624618 0.949043
510.796 316.733 0.054195 0.171861 0.920401
953.549 270.091 0.0177367 -0.242576 0.92246
632.684 315.881 0.0576721 0.0618445 0.936957
674.075 223.967 -0.0296873 0.0196814 0.945514
531.52 142.743 -0.235641 0.331096 1.32618
657.99 460.446 0.187948 0.0373548 0.898743
494.035 117.59 -0.188132 0.270677 1.1166
617.634 267.37 0.0105003 0.0720642 0.926769
608.07 386.841 0.113007 0.0773477 0.887616
601.893 366.519 0.0381837 0.0342563 0.653849
939.95 73.9718 -0.156027 -0.222655 0.929765
891.217 326.438 0.0622455 -0.166368 0.877772
797.78 376.629 0.102522 -0.0861709 0.871629
557.658 56.8845 -0.180203 0.121986 0.9478
544.821 256.709 -0.000488326 0.150109 0.956251
823.7 10.6931 -0.22785 -0.127091 0.9677
748.134 217.097 -0.139447 -0.127282 1.54053
491.978 133.263 -0.0964631 0.155835 0.878134
702.679 299.283 0.0330442 -0.00726522 0.844512
888.86 405.076 0.11259 -0.145268 0.825591
701.243 223.571 -0.0253216 -0.00702011 0.883104
814.741 240.788 -0.0111059 -0.111504 0.92365
858.041 491.96 0.201269 -0.136679 0.860297
775.933 519.7 0.236651 -0.0695806 0.878006
797.038 373.402 0.102505 -0.0876103 0.881486
798.249 372.028 0.100237 -0.0878171 0.877666
786.831 220.414 -0.0271249 -0.0784077 0.886481
656.537 465.151 0.18822 0.0377613 0.890376
489.295 394.476 0.138371 0.215159 0.950443
543.797 499.994 0.23881 0.15557 0.921712
643.948 383.49 0.11106 0.0460629 0.889051
617.298 376.343 0.114458 0.0770515 0.92512
937.466 414.235 0.0966795 -0.149885 0.760225
799.145 201.035 -0.0715191 -0.136182 1.09109
879.742 326.621 0.0651349 -0.16337 0.894402
709.37 264.074 0.0089732 -0.0137396 0.938711
549.837 98.5615 -0.163337 0.149627 0.999385
530.596 43.4588 -0.188339 0.14303 0.940514
487.62 31.6659 -0.195118 0.177277 0.933906
531.835 159.255 -0.116718 0.195548 1.05158
658.973 288.089 0.0249264 0.0266706 0.855589
886.835 326.94 0.0661208 -0.171147 0.89773
855.377 122.961 -0.118487 -0.151604 0.940452
780.81 229.778 -0.0236509 -0.0862617 0.958861
598.129 314.574 0.0585241 0.100751 0.957265
778.131 486.883 0.267446 -0.0902178 0.980377
796.397 343.79 0.14198 -0.159028 1.17437
507.2 244.319 -0.0400789 0.387468 1.30554
545.149 409.677 0.146892 0.149229 0.926478
927.571 88.2229 -0.223423 -0.318104 1.12257
550.301 68.5211 -0.202586 0.155266 1.02259
820.27 534.548 0.317996 -0.13646 0.965051
630.666 317.183 0.0571831 0.0616068 0.924758
663.555 314.612 0.0531197 0.0288857 0.909005
771.833 237.515 -0.0888527 -0.204769 1.57413
508.083 134.437 -0.109539 0.166269 0.933049
940.817 72.2169 -0.151481 -0.215178 0.914098
665.614 56.484 -0.171636 0.021834 0.92843
771.562 306.173 0.048041 -0.0706409 0.916633
818.53 356.378 0.094746 -0.113603 0.909732
799.361 204.375 -0.0713012 -0.142803 1.1152
724.693 220.192 -0.126482 -0.0589137 1.51889
723.943 70.1666 -0.243072 -0.0384693 1.11383
715.498 212.167 -0.20708 -0.0377019 1.71893
748.888 216.509 -0.138898 -0.128179 1.53229
744.586 194.579 -0.231762 -0.129514 1.63162
765.739 197.8 -0.197099 -0.181268 1.55994
825.75 227.168 -0.0298439 -0.148104 1.01357
528.888 41.7733 -0.189819 0.144508 0.9407
853.694 9.1148 -0.198889 -0.136593 0.908996
748.513 217.85 -0.139178 -0.129438 1.54753
944.723 163.648 -0.079597 -0.232896 0.931437
797.118 210.654 -0.0689226 -0.149581 1.1528
767.393 208.229 -0.206429 -0.215318 1.68207
554.444 54.9196 -0.573676 0.397664 1.57987
780.583 227.568 -0.0813219 -0.182598 1.39707
764.131 213.136 -0.220734 -0.226284 1.77552
646.293 280.519 0.0328796 0.0863059 1.16862
763.911 224.213 -0.0698367 -0.122959 1.28898
487.906 393.359 0.116936 0.182637 0.888318
909.002 402.886 0.113927 -0.163951 0.833374
728.685 207.579 -0.0343398 -0.0276417 0.843718
801.25 370.201 0.0941108 -0.0866814 0.860977
613.316 549.489 0.346156 0.106987 0.984788
536.461 180.197 -0.0674625 0.139181 0.920797
754.994 564.104 0.328625 -0.0576674 0.936546
758.644 215.273 -0.218239 -0.208493 1.79095
822.387 548.738 0.35153 -0.145416 0.983191
719.908 212.293 -0.238846 -0.0572336 1.81516
725.017 220.401 -0.124844 -0.0595479 1.51437
951.544 60.6754 -0.154126 -0.215133 0.897677
531.213 83.3092 -0.149793 0.139674 0.926068
826.902 357.613 0.0958387 -0.121186 0.908806
775.554 233.085 -0.0844167 -0.192835 1.48558
686 129.28 -0.10163 0.00414096 0.892891
613.607 277.15 0.0169662 0.0654283 0.875323
741.189 241.682 -0.0379376 -0.0790125 1.29411
802.486 343.099 0.0823194 -0.0988527 0.911589
716.033 212.852 -0.204233 -0.0395514 1.71729
771.877 21.649 -0.192286 -0.0693507 0.914334
668.178 278.964 0.0288611 0.0419995 1.09105
731.986 228.21 -0.321334 -0.149745 2.24814
555.805 328.45 0.0726081 0.145999 0.96048
557.447 254.885 -0.00318137 0.159211 1.01469
778.515 230.947 -0.0784301 -0.184631 1.42376
786.253 229.124 -0.0209352 -0.0812824 0.904293
539.647 320.947 0.057204 0.141747 0.910863
776.72 305.526 0.0431464 -0.0694051 0.880402
771.753 305.039 0.0459314 -0.0694149 0.90773
505.988 132.569 -0.109162 0.164831 0.925719
815.218 290.264 0.0350966 -0.114528 0.929829
626.63 318.636 0.054201 0.0598893 0.89521
574.731 50.8329 -0.200441 0.115593 0.981456
613.599 268.455 0.0106735 0.0699472 0.898957
720.259 33.9332 -0.194837 -0.0268177 0.939919
621.076 468.091 0.185458 0.0680388 0.881112
715.769 263.4 -0.0114433 -0.0327119 1.53532
754.131 560.305 0.33349 -0.0580923 0.947636
838.549 538.902 0.325692 -0.158528 0.966968
562.108 350.657 0.0867067 0.125874 0.91829
620.853 197.673 -0.0566619 0.0723127 0.958556
843.916 490.336 0.228268 -0.141129 0.908596
849.066 505.653 0.221321 -0.133671 0.872582
660.302 50.6722 -0.179931 0.0270578 0.936662
664.176 313.957 0.0526074 0.0283581 0.909557
838.662 13.8449 -0.190705 -0.121368 0.899296
709.723 262.396 0.00726319 -0.0140178 0.929948
579.502 203.784 -0.0783242 0.169416 1.12992
555.254 38.2182 -0.192411 0.120745 0.940309
574.547 346.417 0.0968394 0.135983 0.983681
829.303 564.494 0.330188 -0.137687 0.93495
824.654 356.465 0.0901761 -0.113805 0.890375
769.968 207.462 -0.194335 -0.212941 1.63744
748.453 216.433 -0.141855 -0.128547 1.54292
731.337 502.881 0.34866 -0.0405791 1.06701
565.617 280.609 0.0130345 0.0773038 0.780256
837.66 23.9131 -0.191299 -0.12572 0.916665
712.141 462.182 0.185826 -0.0129181 0.88888
761.848 207.224 -0.205531 -0.19333 1.66907
719.628 206.047 -0.23578 -0.0536688 1.74261
654.326 266.313 0.010336 0.0395453 0.940582
703.084 214.716 -0.0346432 -0.00861537 0.909635
781.88 302.125 0.0408681 -0.0745481 0.88497
832.676 220.652 -0.0288275 -0.126885 0.920864
609.418 212.305 -0.0402002 0.0787529 0.933938
593.344 553.923 0.234953 0.0840363 0.836142
615.49 543.93 0.354209 0.109394 1.00333
822.691 290.349 0.0355066 -0.122428 0.932338
654.914 269.445 0.0134863 0.039746 0.945965
654.932 268.693 0.0128709 0.0402846 0.95067
598.484 550.879 0.301112 0.10633 0.927951
653.731 179.94 -0.0653142 0.0342343 0.913913
679.078 205.261 -0.0444541 0.0130511 0.922805
656.139 468.014 0.18964 0.0378809 0.88782
945.508 464.118 0.238788 -0.280039 0.971372
536.309 260.778 0.0032593 0.174983 0.994617
578.328 54.7322 -0.188083 0.106877 0.9619
632.682 315.366 0.0581091 0.063074 0.943815
803.948 23.9422 -0.19228 -0.0973622 0.918424
760.132 84.9647 -0.258139 -0.096884 1.18236
673.004 360.148 0.178234 0.0542184 1.21722
703.548 293.477 0.0397528 -0.00738931 0.968857
894.882 1.92574 -0.144762 -0.121834 0.77921
873.451 393.127 0.107012 -0.137836 0.837589
633.874 215.809 -0.0382916 0.0588303 0.95006
505.994 133.533 -0.106699 0.162222 0.91951
828.387 228.289 -0.0233671 -0.129343 0.942223
615.44 574.113 0.395539 0.111395 1.0021
683.599 577.381 0.387163 0.023684 0.985487
554.801 53.2724 -0.171979 0.116115 0.921509
542.432 199.256 -0.0491985 0.129942 0.906543
640.257 590.172 0.370515 0.0699812 0.951884
784.075 578.536 0.384388 -0.0979177 0.97673
768.313 252.745 -0.000854425 -0.0687059 0.925353
545.405 537.595 0.404042 0.234565 1.07646
788.067 578.389 0.405183 -0.107809 0.998305
523.561 189.438 -0.0487748 0.120398 0.840487
617.323 569.822 0.397099 0.111111 1.01022
614.826 266.539 0.00932873 0.0711986 0.910499
603.56 579.198 0.315357 0.0964854 0.906539
623.407 197.879 -0.0600827 0.0746721 0.983426
682.323 579.658 0.313402 0.0180734 0.900898
531.692 175.74 -0.0677795 0.135454 0.900561
789.601 579.133 0.314094 -0.0870071 0.898599
627.527 591.115 0.303729 0.066902 0.877621
514.966 114.351 -0.105799 0.130673 0.861895
860.412 582.233 0.272232 -0.135121 0.843225
510.661 575.397 0.334627 0.204372 0.937303
854.147 568.34 0.289569 -0.143409 0.88088
650.544 216.898 -0.0408727 0.0476591 0.987565
744.364 193.349 -0.24085 -0.130838 1.64622
741.678 210.74 -0.278573 -0.158364 1.90933
647.955 402.913 0.121318 0.0401363 0.867394
770.389 307.456 0.050327 -0.0709428 0.925572
712.325 223.517 -0.0261798 -0.0164325 0.89787
790.031 579.379 0.312461 -0.0869595 0.896399
547.169 461.314 0.206665 0.156346 0.938524
665.767 312.692 0.0545181 0.029114 0.93249
555.082 324.574 0.116992 0.287782 1.26773
832.233 556.551 0.406112 -0.17589 1.03111
811.739 563.825 0.429191 -0.152297 1.04434
772.446 563.906 0.27587 -0.0657341 0.872243
802.967 344.794 0.0829412 -0.0982615 0.907033
577.25 57.7642 -0.186678 0.108832 0.964708
914.219 490.831 0.384048 -0.348817 1.12945
677.521 590.135 0.298599 0.0204158 0.871205
531.35 554.699 0.373646 0.220205 1.01219
646.526 379.719 0.115522 0.0475789 0.915537
593.15 280.416 0.0226439 0.0976287 0.934749
669.068 270.111 0.0148782 0.0276808 0.965657
495.35 392.704 0.144051 0.221221 0.972739
790.241 578.998 0.316205 -0.0881915 0.90117
778.851 255.7 0.0014806 -0.0673933 0.858977
821.217 232.996 -0.0224366 -0.13882 0.999259
523.962 480.603 0.0575097 0.0488852 0.582916
540.727 252.549 -0.00435933 0.147941 0.941269
639.489 270.161 0.0156966 0.0687091 1.0273
651.861 372.063 0.114063 0.0451849 0.936406
769.149 241.496 -0.0104973 -0.0662103 0.903705
525.416 315.411 0.0609691 0.184558 0.978991
578.559 520.221 0.0553598 0.0268282 0.54769
487.904 40.2819 -0.210081 0.199352 0.980635
754.31 225.455 -0.108051 -0.138547 1.5022
806.244 256.088 0.00261152 -0.098783 0.902226
729.903 215.597 -0.214183 -0.0943725 1.77918
699.295 249.737 -0.0677725 0.0201853 1.65423
612.894 446.992 0.154396 0.0686942 0.856465
931.539 6.04265 -0.24997 -0.248285 1.00129
770.376 308.538 0.0507835 -0.0702299 0.921037
844.307 500.569 0.231113 -0.13745 0.896179
506.957 118.189 -0.130822 0.176664 0.957245
492.37 386.868 0.133902 0.217516 0.961655
691.964 20.139 -0.205569 -0.00171372 0.938473
851.394 14.6404 -0.199923 -0.138194 0.919714
734.202 551.159 0.294209 -0.0338782 0.913624
867.928 108.829 -0.108328 -0.13623 0.86611
650.644 400.785 0.124555 0.0397946 0.882089
487.933 271.868 0.0129862 0.195844 0.933558
525.447 565.213 0.365889 0.214672 0.987047
718.431 594.398 0.384297 -0.0181714 0.957533
656.801 422.126 0.16084 0.0403912 0.923508
881.138 112.941 -0.109361 -0.152085 0.880932
491.398 280.093 0.0235871 0.227992 0.998914
502.451 257.674 -2.27243e-07 0.177896 0.926857
567.997 309.03 0.0495738 0.12313 0.934198
567.696 99.8746 -0.141947 0.114025 0.943759
556.817 152.941 -0.128919 0.172494 1.07035
601.278 314.036 0.0548073 0.091191 0.932982
801.271 566.062 0.29611 -0.0970143 0.893537
589.825 278.386 0.0196059 0.0946498 0.912699
953.157 128.857 -0.100582 -0.21909 0.896175
604.069 535.945 0.318295 0.113135 0.972537
831.556 553.806 0.404615 -0.175955 1.03406
828.888 224.705 -0.0270084 -0.130859 0.945991
616.72 190.377 -0.0610632 0.0726766 0.94216
712.042 577.918 0.31356 -0.0110926 0.902237
891.875 96.7382 -0.109038 -0.144105 0.839672
710.472 263.275 0.00836317 -0.0149258 0.948328
861.151 520.859 0.299031 -0.181314 0.960905
566.061 294.384 0.0341075 0.11863 0.917945
681.573 584.086 0.311531 0.018318 0.89325
710.428 586.913 0.306866 -0.00938591 0.883474
816.937 292.048 0.0368578 -0.116312 0.930178
672.879 48.183 -0.176225 0.0149906 0.923626
525.781 256.131 -0.00794476 0.273442 1.16882
834.492 439.166 0.215632 -0.158562 0.991479
709.16 368.738 0.152281 -0.0120117 1.07702
523.414 382.551 0.105134 0.147025 0.879082
850.695 509.085 0.218878 -0.132012 0.863545
929.247 68.2172 -0.163037 -0.215435 0.935209
817.291 317.688 0.0591665 -0.112842 0.91409
821.349 535.328 0.32034 -0.138272 0.966713
752.778 229.751 -0.111315 -0.146084 1.57124
767.968 211.628 -0.203439 -0.223725 1.70718
751.858 237.596 -0.109665 -0.16171 1.67661
487.293 209.191 -0.0559453 0.238959 1.02454
586.449 197.699 -0.059314 0.110414 0.974029
565.84 298.552 0.0379765 0.119244 0.918433
608.669 299.858 0.038615 0.0772101 0.906219
533.109 279.063 0.0275556 0.439379 1.45379
826.647 270.273 0.0205323 -0.179948 1.10221
711.61 334.341 0.190379 -0.0170659 1.50007
908.261 277.359 0.024389 -0.20489 0.932283
724.506 222.536 -0.127912 -0.0601296 1.55119
874.58 326.959 0.0629331 -0.153304 0.880608
574.274 182.539 -0.0670203 0.109283 0.932612
535.54 495.684 0.216937 0.150637 0.893411
908.302 328.004 0.0559636 -0.160769 0.833553
947.258 507.656 0.306578 -0.299316 0.990062
553.129 400.419 0.139283 0.142604 0.931045
826.241 265.527 0.0113315 -0.11889 0.910095
731.839 573.631 0.292308 -0.0294973 0.881779
825.511 264.442 0.0103813 -0.118507 0.911167
642.518 207.103 -0.0431853 0.0461093 0.922135
705.938 417.153 0.0914326 -0.00813623 0.748488
546.002 40.2936 -0.17357 0.116523 0.901673
532.311 125.33 -0.114955 0.141151 0.925578
886.862 103.049 -0.110731 -0.148511 0.860494
757.149 236.179 -0.0207119 -0.0691864 1.01124
548.028 315.076 0.134418 0.487448 1.56547
504.826 135.601 -0.0900499 0.138165 0.858824
509.041 302.621 0.0205416 0.0951569 0.730957
729.283 217.04 -0.221257 -0.0950346 1.81707
555.654 457.732 0.233344 0.171874 0.996303
657.589 267.991 0.0129294 0.0420153 0.986952
659.918 194.9 -0.0362573 0.016011 0.761465
623.527 469.614 0.191247 0.0676789 0.889337
864.798 391.296 0.0992545 -0.124212 0.818251
720.415 224.335 -0.263772 -0.0676206 2.03274
762.976 224.226 -0.180421 -0.22252 1.77548
531.528 49.2181 -0.196521 0.153236 0.969258
556.168 51.7912 -0.179908 0.119745 0.937282
749.416 222.015 -0.252212 -0.205211 1.97199
713.801 454.129 0.188401 -0.0148079 0.909646
738.073 215.694 -0.237881 -0.134994 1.85194
635.511 317.141 0.162847 0.265156 1.69607
546.943 251.726 -0.00473842 0.13469 0.921679
644.107 384.312 0.114371 0.0472253 0.897445
716.801 219.328 -0.22094 -0.0449745 1.8416
622.059 9.74461 -0.74938 0.229313 1.65473
863.416 521.214 0.293577 -0.180399 0.952896
950.97 277.727 0.026587 -0.259062 0.953058
784.193 554.568 0.341703 -0.0949914 0.964422
708.839 264.58 0.00931679 -0.0131636 0.931593
940.657 72.2109 -0.150314 -0.213435 0.910988
626.101 393.44 0.145492 0.0779889 0.965737
586.559 321.091 0.056196 0.0957497 0.898215
780.913 303.962 0.0437934 -0.0757698 0.896611
822.13 550.764 0.348201 -0.142841 0.97618
526.939 117.245 -0.113552 0.13484 0.897644
740.758 213.054 -0.252929 -0.148136 1.86531
728.775 206.013 -0.255733 -0.0917231 1.79815
837.612 216.987 -0.0298265 -0.122875 0.893062
601.022 315.01 0.0559123 0.0918033 0.934212
671.567 226.695 -0.0263404 0.0212779 0.934083
617.47 270.667 0.0134899 0.0720054 0.925051
948.068 100.004 -0.158498 -0.270803 0.999081
857.749 45.615 -0.177481 -0.146008 0.924286
851.234 13.9583 -0.201879 -0.138958 0.9226
865.466 120.939 -0.104528 -0.141119 0.884984
775.689 512.568 0.244881 -0.0732617 0.901089
710.549 460.044 0.190801 -0.0115673 0.902773
852.746 508.745 0.234618 -0.142887 0.888444
941.927 273.097 0.0219284 -0.251417 0.956378
878.773 327.475 0.0660514 -0.162926 0.895351
482.157 195.177 -0.0614 0.209974 0.963316
527.644 40.7554 -0.185005 0.140938 0.928208
622.06 470.236 0.195174 0.070421 0.895697
654.753 470.73 0.189825 0.0386122 0.883289
680.601 567.082 0.324996 0.0219474 0.931037
543.826 487.915 0.227503 0.155757 0.92443
587.295 507.288 0.262551 0.120325 0.944098
538.406 320.65 0.0568921 0.142791 0.910722
