630.361 521.152 0.202789 0.0276946 0.697626
818.812 385.224 0.143423 -0.0753721 0.732615
869.232 530.589 0.262979 -0.123177 0.770802
799.346 290.42 0.0915894 -0.0647971 0.742243
938.361 14.8263 -0.0451522 -0.128375 0.73574
887.829 489.267 0.214861 -0.122628 0.74345
920.968 145.206 0.0201202 -0.0938761 0.651681
494.458 200.825 -0.000340432 0.387748 1.30085
613.115 403.774 0.140092 0.0341774 0.701381
584.856 521.669 0.207022 0.0527158 0.704598
707.859 501.089 0.210313 -0.0127047 0.727327
569.527 402.612 0.146111 0.0601889 0.719441
541.478 311.1 0.0988863 0.0744837 0.730661
608.094 405.332 0.132006 0.0328741 0.678567
579.584 527.27 0.197015 0.0507101 0.684145
533.83 312.422 0.0946461 0.0717078 0.707765
706.174 234.573 0.0606043 -0.0135541 0.743038
699.839 184.99 0.0337632 -0.0105194 0.788268
728.271 300.199 0.345285 -0.578607 5.66825
672.108 69.8982 -0.0943167 0.017569 1.01188
718.561 289.576 -0.0550221 -0.141389 5.48171
727.228 214.952 0.0515278 -0.0376491 0.982484
857.856 361.365 0.125825 -0.0927039 0.719749
638.588 302.097 0.0889639 0.0196865 0.701609
959.069 409.635 0.14822 -0.142442 0.706171
787.932 168.758 0.028314 -0.045318 0.664103
800.603 196.819 0.0413247 -0.0725695 0.787716
630.431 516.01 0.193863 0.0261818 0.68803
643.63 234.518 0.0609039 0.0211347 0.752479
855.442 360.363 0.130025 -0.0958764 0.734863
800.369 88.5192 -0.0460395 -0.0928714 0.902831
931.064 315.117 0.109261 -0.144848 0.754099
723.854 276.49 -0.0811969 -0.227991 4.02486
539.724 568.517 0.265857 0.0929339 0.744917
695.581 27.9182 -0.13929 -0.00715186 1.02808
553.485 306.297 0.0970285 0.0688249 0.733857
916.455 390.643 0.10062 -0.0814411 0.603893
592.639 305.357 0.094097 0.0452806 0.720521
791.54 120.346 0.0138047 -0.0362474 0.590936
562.946 247.514 0.0598796 0.048358 0.676083
707.313 518.989 0.184219 -0.0117434 0.668528
790.658 295.661 0.0925219 -0.0582959 0.731908
642.44 304.586 0.0954081 0.020529 0.727336
556.831 243.737 0.0691418 0.0819354 0.798075
552.772 108.927 0.00414868 0.0485088 0.673493
938.486 317.275 0.106968 -0.142141 0.73847
607.891 407.213 0.131449 0.032393 0.674798
579.456 241.973 0.0637354 0.0545988 0.741851
707.562 506.16 0.20464 -0.0123781 0.713118
662.116 147.203 0.0165874 0.00786918 0.725115
801.006 595.011 0.231642 -0.0576489 0.676315
536.483 255.368 0.0679555 0.0710913 0.717627
500.478 204.773 0.0443143 0.105362 0.77115
571.882 534.508 0.186108 0.0490477 0.661239
718.256 153.775 0.0226911 -0.0169964 0.647803
565.993 395.989 0.134553 0.0565276 0.698513
792.531 292.516 0.0890044 -0.0575628 0.721915
541.839 309.71 0.0978022 0.0737676 0.729051
615.425 398.114 0.133149 0.0312408 0.690771
535.426 306.625 0.0932558 0.0728326 0.715041
555.978 307.905 0.0997749 0.0699855 0.742878
904.193 568.843 0.220661 -0.109335 0.679538
818.63 374.228 0.141138 -0.0778092 0.74461
708.259 513.219 0.187797 -0.0123391 0.679253
640.817 151.968 0.0215577 0.0124851 0.658032
627.17 529.178 0.194617 0.026626 0.677977
871.793 270.02 0.0760401 -0.0942739 0.709467
576.022 536.288 0.193997 0.0498076 0.672053
899.589 567.349 0.2405 -0.118032 0.706771
705.311 239.008 0.0643911 -0.0132421 0.760839
585.437 521.679 0.202473 0.0507395 0.697478
634.638 300.838 0.0839132 0.0190873 0.679205
785.271 513.932 0.30428 -0.0801652 0.847387
873.619 526.354 0.257572 -0.124805 0.767787
951.684 57.6946 -0.0135799 -0.109961 0.669338
823.206 236.535 0.0658978 -0.0884983 0.791701
954.658 324.9 0.0975206 -0.125359 0.682294
614.092 405.181 0.141488 0.0339944 0.703034
712.423 177.134 0.0312191 -0.0163689 0.710319
573.904 401.835 0.150576 0.0609269 0.731888
707.695 513.662 0.196167 -0.0122051 0.692453
709.124 502.697 0.203872 -0.0132762 0.715241
582.664 247.331 0.0676773 0.0554931 0.753258
594.697 308.548 0.0970323 0.0454812 0.726568
511.729 608.54 0.234786 0.0841961 0.675383
852.875 362.938 0.132707 -0.0956243 0.73862
570.685 223.031 0.0488052 0.0421916 0.664608
490.29 357.315 0.116611 0.0943538 0.706118
841.045 279.06 0.0926857 -0.100295 0.788411
556.281 633.78 0.293481 0.0787817 0.723073
873.631 474.408 0.229266 -0.128998 0.78514
848.348 208.513 0.0477623 -0.0920546 0.749925
830.368 347.22 0.122293 -0.0815744 0.735046
786.168 297.599 0.098736 -0.0603235 0.759112
847.374 361.94 0.136947 -0.0968602 0.753796
709.226 171.288 0.0288385 -0.0145031 0.691479
816.699 379.444 0.144937 -0.0772158 0.746426
853.046 237.511 0.0622033 -0.0907775 0.733298
629.427 242.531 0.0653413 0.0293677 0.753774
876.733 537.038 0.249807 -0.119011 0.74637
558.016 156.241 0.0207147 0.0578243 0.719936
843.754 344.964 0.108635 -0.0772544 0.690984
481.382 508.682 0.218344 0.120891 0.737031
520.679 258.474 0.0615382 0.0604685 0.654294
698.299 442.115 0.129518 -0.00816917 0.631289
854.787 367.028 0.13096 -0.0930539 0.725961
895.702 398.127 0.160155 -0.127353 0.753555
545.568 453.256 0.131367 0.0492981 0.627695
696.924 192.958 0.0386977 -0.00879727 0.762365
738.124 612.18 0.301691 -0.0316011 0.744998
633.535 509.165 0.20242 0.0272368 0.708072
636.049 153.904 0.0131881 0.0306621 0.813198
620.038 391.514 0.136609 0.0316408 0.709235
786.427 298.937 0.0985777 -0.0596745 0.754151
670.038 629.047 0.331811 0.0143513 0.763533
711.432 613.494 0.346062 -0.014841 0.790083
643.541 305.371 0.095447 0.0197693 0.72543
638.178 234.69 0.0566082 0.0182226 0.696548
554.718 222.72 0.044496 0.0379109 0.613645
647.725 241.991 0.0659217 0.0200336 0.763095
626.681 596.641 0.365982 0.0563948 0.828113
665.962 163.285 0.0221821 0.0085615 0.767335
619.632 618.433 0.342414 0.0532764 0.784158
591.056 593.296 0.369716 0.0886877 0.836231
754.455 561.939 0.409418 -0.0620688 0.907743
650.645 180.071 0.0321443 0.0141655 0.72726
844.178 546.111 0.392602 -0.157015 0.907965
510.578 609.953 0.23343 0.0838176 0.672772
704.742 571.448 0.159355 -0.00974268 0.592957
480.09 429.696 0.158105 0.106339 0.713814
707.53 175.482 0.0305602 -0.0138863 0.700005
870.162 486.359 0.241077 -0.128738 0.789249
952.844 261.377 0.0833235 -0.176572 0.79803
915.728 409.258 0.147489 -0.119775 0.705858
695.577 183.79 0.0342017 -0.00835465 0.712989
526.384 600.043 0.2788 0.0986967 0.733716
540.915 22.8566 -0.0907003 0.109384 0.894656
688.764 483.233 0.075549 -0.00561154 0.47966
604.032 175.152 0.0285332 0.0432632 0.763402
570.019 167.738 0.0245065 0.0614369 0.760875
823.724 556 0.364955 -0.121802 0.866356
701.456 374.648 0.127396 -0.00998075 0.706581
818.629 290.224 0.0948374 -0.0796185 0.76044
879.385 480.643 0.222621 -0.125862 0.76628
850.989 557.997 0.385974 -0.155736 0.885499
837.727 531.766 0.422273 -0.169886 0.960277
936.825 213.672 0.0467303 -0.107441 0.666854
837.132 585.796 0.348525 -0.118237 0.815863
813.929 600.959 0.326634 -0.0895611 0.779248
845.8 581.776 0.333709 -0.120853 0.804046
732.946 625.987 0.30595 -0.0278488 0.738601
729.752 197.865 0.0410639 -0.0313414 0.832155
528.741 138.933 0.00905103 0.0833012 0.762075
811.664 524.304 0.478081 -0.162056 1.03182
539.572 256.377 0.0697765 0.0728261 0.729094
521.632 606.995 0.272996 0.0970505 0.721604
859.059 606.849 0.312461 -0.115102 0.75832
787.552 150.223 -0.0446069 -0.133141 1.14557
799.443 292.565 0.0925221 -0.0646096 0.740769
510.916 120.887 0.00303707 0.0829545 0.732806
860.539 241.387 0.0653026 -0.0982377 0.74483
869.638 532.212 0.263746 -0.123279 0.770133
714.57 198.283 -0.0782557 -0.0384813 1.64794
723.772 276.506 -0.0853337 -0.227713 4.04384
861.207 188.83 0.0369169 -0.109184 0.785285
801.933 595.316 0.23294 -0.0583892 0.677698
705.159 241.824 0.0663212 -0.0131746 0.76486
953.784 322.529 0.101931 -0.135148 0.705014
516.541 245.639 0.0806782 0.18227 0.978822
527.83 316.055 0.0935591 0.0708751 0.694817
