711.446 559.313 0.320106 -0.0123212 0.930541
638.077 557.271 0.323636 0.0670292 0.940575
607.439 378.314 0.111157 0.0791183 0.902177
772.555 501.966 0.33062 -0.0960322 1.03544
945.476 113.886 -0.115309 -0.223047 0.918149
520.756 106.995 -0.11818 0.136033 0.89791
783.531 6.86096 -0.191399 -0.0771754 0.899104
774.898 511.18 0.232702 -0.0706335 0.88152
709.03 455.513 0.18334 -0.0116473 0.893303
847.411 494.745 0.234484 -0.145726 0.906903
879.637 318.185 0.0641885 -0.175614 0.922675
882.932 318.875 0.0623296 -0.172271 0.907564
552.187 322.735 0.0721949 0.154182 0.979388
823.095 284.072 0.0264806 -0.106139 0.869118
506.038 128.1 -0.113409 0.167531 0.941298
948.231 53.8513 -0.154902 -0.210617 0.896324
933.176 200.619 -0.0469043 -0.239974 0.96043
842.326 442.492 0.193429 -0.148108 0.933107
485.956 23.1166 -0.203994 0.180743 0.949374
532.187 169.499 -0.072712 0.137361 0.916128
579.355 509.089 0.2463 0.116506 0.913151
591.031 310.808 0.05391 0.0989868 0.934423
825.423 0.674744 -0.229804 -0.128433 0.966558
853.787 12.0069 -0.176704 -0.126262 0.875557
552.618 29.3082 -0.196468 0.120472 0.94467
525.048 164.332 -0.0722775 0.133036 0.889571
617.358 465.368 0.182566 0.0688868 0.877721
652.563 460.981 0.181082 0.0384555 0.881245
576.528 513.765 0.241528 0.114569 0.898786
949.734 193.979 -0.0478657 -0.231642 0.918004
945.084 116.173 -0.115095 -0.226025 0.924081
544.515 457.89 0.201919 0.15434 0.932377
847.229 493.658 0.216321 -0.13573 0.879927
737.32 552.449 0.284653 -0.0372255 0.895996
519.354 138.183 -0.113695 0.170842 0.976461
714.574 202.032 -0.0346038 -0.01785 0.814631
529.229 71.2174 -0.158112 0.139895 0.933736
560.607 34.3293 -0.198979 0.118033 0.959159
948.76 54.8921 -0.155793 -0.213367 0.900679
782.985 539.19 0.292143 -0.0863787 0.92204
643.296 31.9943 -0.183602 0.037521 0.921821
538.755 126.818 -0.120469 0.14614 0.963778
851.195 1.62004 -0.205553 -0.138065 0.920917
608.114 204.882 -0.0454416 0.0802049 0.947533
715.422 22.8479 -0.202639 -0.0243908 0.948241
532.742 319.171 0.0543636 0.137763 0.892015
556.583 334.943 0.0389072 0.0709303 0.737321
642.731 374.594 0.10155 0.0436097 0.879013
547.47 42.6577 -0.16992 0.114047 0.907616
561.254 38.3479 -0.201395 0.121509 0.97181
590.528 310.616 0.0530972 0.0981987 0.929914
492.691 382.13 0.134853 0.220818 0.973452
764.258 212.735 -0.0297098 -0.0571934 0.860879
537.834 244.138 -0.00977231 0.14982 0.948001
539.01 488.597 0.224437 0.154632 0.914662
547.213 106.424 -0.191172 0.191217 1.10902
569.307 290.243 0.0351795 0.123168 0.949198
490.534 383.81 0.134469 0.219423 0.966624
875.152 314.047 0.0625969 -0.177598 0.938074
567.199 34.0126 -0.202502 0.114021 0.966245
676.406 194.449 -0.0511749 0.0134413 0.923519
818.543 350.262 0.0883471 -0.111761 0.899342
647.323 41.1094 -0.187543 0.0372407 0.947265
668.423 214.276 -0.0330775 0.0202071 0.911749
796.819 551.335 0.299366 -0.0988505 0.913346
813.322 284.484 0.0327204 -0.116076 0.939269
531.893 122.622 -0.118526 0.144704 0.943632
664.496 304.57 0.0499823 0.029135 0.941066
708.729 454.501 0.17503 -0.0113497 0.878802
910.107 424.518 0.0941732 -0.124764 0.738037
795.951 294.067 0.0391036 -0.0938042 0.914386
562.348 542.173 0.221732 0.104983 0.831184
957.797 218.098 -0.0205266 -0.0977381 0.626498
591.281 253.339 -0.000342317 0.0913904 0.919065
700.922 211.356 -0.0374066 -0.0081918 0.937619
956.27 80.8716 -0.163178 -0.263852 0.976525
630.218 306.651 0.0510401 0.062022 0.93804
507.179 309.285 0.0491823 0.171809 0.920361
953.074 262.307 0.0129163 -0.24149 0.921795
630.256 308.437 0.0528031 0.0621018 0.938235
671.874 216.037 -0.0344205 0.0199314 0.948709
656.086 452.249 0.18371 0.0378478 0.902846
494.594 112.204 -0.195888 0.27545 1.13755
614.86 259.452 0.00559371 0.0722955 0.927792
606.08 378.956 0.10862 0.0779082 0.891953
598.512 357.619 0.0335215 0.0345596 0.65692
941.921 61.9982 -0.160057 -0.221083 0.92595
884.048 317.153 0.0598659 -0.170899 0.902157
795.274 368.475 0.0982121 -0.0861346 0.876553
554.076 46.6967 -0.185567 0.122579 0.952193
540.855 248.859 -0.00534261 0.149771 0.95436
807.375 39.8611 -0.25872 -0.143432 1.09219
487.485 123.472 -0.101394 0.156162 0.880339
700.429 291.142 0.0283743 -0.00707211 0.848164
872.373 386.718 0.116765 -0.154133 0.87975
699.287 215.63 -0.0301347 -0.00700105 0.891368
813.099 232.805 -0.0158953 -0.11157 0.927087
855.595 483.673 0.196748 -0.136603 0.86279
774.22 512.867 0.230938 -0.0691678 0.87642
796.203 367.11 0.0964283 -0.0864471 0.87439
796.558 364.401 0.095492 -0.0878065 0.879494
785.045 212.033 -0.0319511 -0.0783502 0.889507
653.408 461.419 0.180345 0.0374212 0.878982
484.196 388.529 0.132145 0.213863 0.944516
539.002 495.773 0.230831 0.154419 0.912784
641.35 376.702 0.105646 0.0460234 0.886648
616.939 367.193 0.111706 0.0785289 0.940558
933.454 404.612 0.092744 -0.150814 0.766901
797.895 193.549 -0.0764466 -0.136287 1.09477
877.703 318.827 0.0605436 -0.163453 0.897845
707.212 256.199 0.00406806 -0.0133776 0.938704
545.726 88.3841 -0.168157 0.149744 1.00038
526.63 32.9612 -0.193773 0.143728 0.944967
527.427 150.077 -0.121386 0.195246 1.05033
656.535 279.989 0.0201479 0.0269105 0.858071
880.402 318.041 0.0634946 -0.174889 0.919292
853.907 114.499 -0.123797 -0.152363 0.946734
778.332 222.457 -0.0283968 -0.0866037 0.968808
594.031 307.588 0.0528192 0.100062 0.949522
776.586 487.975 0.253685 -0.0846737 0.951636
793.815 337.515 0.138022 -0.15779 1.1799
492.525 234.604 -0.0446024 0.371531 1.25243
537.266 406.588 0.138102 0.146179 0.906781
927.138 79.9345 -0.229044 -0.319297 1.12863
547.108 59.0915 -0.208246 0.156067 1.02835
818.709 527.821 0.311752 -0.135695 0.962677
627.846 309.814 0.0521633 0.0618284 0.924076
661.752 306.676 0.0488745 0.0293583 0.917188
770.067 233.351 -0.0948544 -0.208378 1.60315
504.338 125.143 -0.114649 0.166779 0.936569
940.08 62.8122 -0.156831 -0.216034 0.919225
662.596 43.4882 -0.175599 0.0217317 0.924188
770.103 298.758 0.0427653 -0.0698168 0.912475
817.319 349.272 0.0893514 -0.112794 0.907337
798.244 196.915 -0.0761843 -0.142768 1.11781
723.276 219.268 -0.136349 -0.0617765 1.59698
722.323 60.3648 -0.248151 -0.0383549 1.11639
714.461 207.854 -0.214373 -0.0378149 1.74168
747.582 211.724 -0.145175 -0.12954 1.55171
743.938 187.207 -0.234777 -0.127907 1.6186
765.303 190.89 -0.201159 -0.180192 1.55374
838.31 212.316 -0.0341259 -0.135061 0.929089
522.477 28.4112 -0.193742 0.144056 0.936862
747.072 213.642 -0.146048 -0.131555 1.57501
944.962 154.481 -0.0842129 -0.23198 0.930904
796.051 203.407 -0.0737986 -0.149527 1.15526
765.754 204.847 -0.215279 -0.220175 1.71858
550.318 44.8779 -0.57883 0.397864 1.58174
779.312 221.774 -0.0865091 -0.183189 1.4056
764.355 206.05 -0.223394 -0.223739 1.75449
644.254 273.889 0.0279209 0.0864444 1.16855
763.38 216.545 -0.0744345 -0.121557 1.27834
907.36 395.316 0.108829 -0.163236 0.833356
726.409 202.969 -0.0396809 -0.0295131 0.887306
798.653 361.446 0.0903428 -0.0874453 0.869794
607.464 552.766 0.329364 0.103997 0.955184
531.868 170.852 -0.0721744 0.138987 0.919496
753.731 561.101 0.318691 -0.0565167 0.924727
757.108 212.187 -0.227273 -0.213071 1.83087
818.992 537.999 0.351341 -0.146786 0.994368
719.059 207.132 -0.244545 -0.0576366 1.82247
723.764 216.615 -0.132229 -0.0607707 1.55033
948.081 53.5208 -0.160593 -0.217761 0.910314
526.802 72.4097 -0.154575 0.13952 0.926784
824.66 349.732 0.0915942 -0.121581 0.9142
771.699 231.2 -0.0921135 -0.201804 1.55728
683.239 118.679 -0.106316 0.0044307 0.891443
609.336 268.769 0.0114585 0.0651677 0.868835
740.003 235.18 -0.042789 -0.0787616 1.2947
800.691 335.521 0.0776038 -0.0987471 0.91392
714.966 206.247 -0.207781 -0.0390475 1.70547
770.079 11.652 -0.197973 -0.0695498 0.920381
655.536 269.761 0.0161575 0.0364808 0.93993
731.455 222.848 -0.323848 -0.148375 2.23163
549.617 322.432 0.066444 0.143968 0.94669
553.253 247.214 -0.00802473 0.158399 1.00993
777.642 224.893 -0.0833307 -0.184605 1.42636
783.597 222.02 -0.0254893 -0.0825849 0.919018
534.654 313.892 0.0516297 0.140698 0.90451
771.368 296.42 0.0414663 -0.072112 0.919759
769.265 296.852 0.0421399 -0.0705789 0.922487
504.97 125.332 -0.114871 0.166842 0.937985
813.704 282.565 0.0302878 -0.114442 0.931841
623.784 311.101 0.049236 0.0601159 0.895135
565.471 30.1533 -0.200146 0.111912 0.954227
718.083 22.8496 -0.199866 -0.0265623 0.942416
617.101 463.742 0.178089 0.0677674 0.872012
714.454 254.037 -0.0173273 -0.0304051 1.43215
752.664 555.826 0.324862 -0.0571418 0.939294
839.703 537.771 0.31359 -0.155005 0.94853
559.437 343.296 0.081843 0.126134 0.919757
617.426 188.459 -0.0614726 0.0721024 0.955094
844.485 487.238 0.219019 -0.138231 0.894759
844.677 494.366 0.219384 -0.1348 0.883829
657.79 40.6389 -0.185342 0.0272931 0.941506
661.432 306.445 0.0476082 0.0288165 0.90919
835.383 7.1734 -0.197909 -0.122776 0.913731
707.741 254.973 0.00297754 -0.0139526 0.945365
576.591 196.081 -0.0832027 0.169558 1.13099
555.404 33.1189 -0.199583 0.122425 0.958219
569.692 340.364 0.0904093 0.13457 0.972785
828.945 560.555 0.321188 -0.135949 0.925347
821.911 347.796 0.0865349 -0.115207 0.900977
766.954 206.207 -0.205693 -0.220802 1.7032
746.853 212.9 -0.149556 -0.131684 1.58037
729.791 496.386 0.342702 -0.0401786 1.06536
557.218 272.863 0.00747004 0.0759606 0.76514
834.359 16.8215 -0.198179 -0.126663 0.929805
709.841 456.998 0.178862 -0.0123062 0.881697
760.567 202.854 -0.212491 -0.195461 1.69053
718.694 199.85 -0.240072 -0.053513 1.73826
652.092 258.554 0.00556248 0.0399123 0.944217
701.057 204.487 -0.0394562 -0.00863449 0.895183
780.116 294.297 0.0359941 -0.0742555 0.885951
831.087 212.355 -0.0337797 -0.126894 0.924159
607.241 204.349 -0.0451053 0.0792977 0.939877
568.098 599.403 0.199802 0.0749346 0.74149
609.416 547.997 0.336057 0.105966 0.970236
821.399 282.713 0.0306669 -0.122239 0.93331
651.509 261.364 0.00808439 0.0396986 0.937304
652.577 260.94 0.00801009 0.040616 0.952826
592.017 553.008 0.287019 0.104116 0.903789
652.702 171.778 -0.0706729 0.0338134 0.922346
676.785 197.214 -0.0493476 0.0134596 0.928381
653.4 462.765 0.182894 0.037808 0.881459
933.765 449.438 0.2432 -0.289556 1.00552
531.088 252.947 -0.00180036 0.1737 0.987529
572.678 41.0324 -0.191622 0.106338 0.955444
629.808 308.161 0.0527408 0.0628204 0.939844
798.135 25.592 -0.203632 -0.100833 0.955896
761.721 60.1212 -0.250302 -0.0907856 1.12051
673.908 351.203 0.182199 0.0565856 1.27069
701.779 286.032 0.034936 -0.00734867 0.970702
871.754 385.3 0.102181 -0.13773 0.839034
630.094 206.6 -0.0430414 0.0585007 0.942259
502.157 124.144 -0.111877 0.162858 0.923231
827.23 219.677 -0.0284388 -0.128338 0.940749
612.233 571.19 0.384971 0.110453 0.989902
681.84 573.504 0.377129 0.0233657 0.97515
552.972 45.5136 -0.178555 0.117672 0.933586
536.842 189.949 -0.053531 0.128912 0.900231
637.824 586.522 0.360768 0.0692382 0.941943
782.001 571.024 0.379359 -0.0972982 0.976639
766.757 244.847 -0.00558183 -0.0683688 0.925146
549.359 523.81 0.409904 0.240534 1.10289
788.121 578.792 0.389919 -0.104815 0.976259
523.44 182.329 -0.0535863 0.122139 0.853819
614.509 566.316 0.38736 0.110217 0.999645
599.777 576.341 0.305644 0.0956136 0.89558
617.944 186.822 -0.0643905 0.0733674 0.9643
680.21 573.293 0.306974 0.0183936 0.897975
527.684 166.621 -0.0726581 0.135756 0.902177
787.03 570.033 0.30991 -0.0866669 0.901505
625.078 587.811 0.2959 0.0660374 0.869639
508.172 102.562 -0.109718 0.129673 0.856276
853.384 565.217 0.275276 -0.138004 0.864035
508.276 568.397 0.328548 0.204522 0.936065
848.011 552.719 0.291562 -0.14603 0.899948
647.764 208.743 -0.0456869 0.0481121 0.988003
744.277 179.293 -0.239314 -0.122542 1.57267
739.865 209.395 -0.293393 -0.162954 1.98013
646.792 393.646 0.117971 0.0406289 0.877677
768.351 299.807 0.0457019 -0.0707824 0.929325
710.369 215.339 -0.0309157 -0.0164017 0.901126
787.917 571.182 0.307285 -0.0865975 0.89699
545.83 453.281 0.202451 0.157194 0.942981
663.51 305.335 0.0493272 0.0290065 0.93017
832.882 555.315 0.391721 -0.171545 1.011
813.191 565.387 0.410688 -0.147648 1.01599
800.634 336.766 0.0784495 -0.0983561 0.912367
576.55 52.4774 -0.194167 0.111116 0.983511
923.722 495.211 0.359982 -0.3323 1.07898
534.019 542.71 0.375348 0.223498 1.0284
643.136 373.987 0.108854 0.0472715 0.905732
590.594 272.74 0.0179032 0.098117 0.937872
666.967 262.542 0.0101343 0.027969 0.968834
491.726 386.304 0.138475 0.220564 0.970343
787.969 571.162 0.310878 -0.0875386 0.901148
776.836 247.448 -0.00326924 -0.0673928 0.862798
819.263 225.675 -0.0271638 -0.139319 1.00609
520.431 471.197 0.0530155 0.0493084 0.586598
537.565 244.62 -0.00922176 0.148326 0.943465
648.661 365.719 0.107993 0.0454318 0.930306
767.284 233.372 -0.0153102 -0.0661507 0.90706
522.307 308.192 0.0559993 0.184678 0.9797
752.931 220.283 -0.113708 -0.13923 1.51655
728.495 215.09 -0.227353 -0.098562 1.86175
697.905 243.74 -0.0723476 0.0202457 1.64056
620.484 424.935 0.163059 0.0732829 0.919186
768.546 300.899 0.0460856 -0.0701415 0.923887
844.545 496.622 0.223322 -0.135707 0.886531
489.123 380.096 0.128696 0.217464 0.961316
689.649 9.92767 -0.21123 -0.00153677 0.944163
732.475 544.152 0.288314 -0.0336162 0.912148
866.232 99.5513 -0.113383 -0.136328 0.870544
484.219 264.046 0.00809164 0.196134 0.934996
523.463 558.755 0.359588 0.214252 0.984882
480.735 272.349 0.0173911 0.222892 0.976901
501.978 250.267 -0.00438441 0.179813 0.937916
562.802 301.67 0.0436131 0.1221 0.925247
597.224 306.819 0.0491409 0.0907498 0.926367
798.74 556.864 0.292147 -0.0969412 0.897061
953.656 118.956 -0.10527 -0.218559 0.896287
833.645 555.24 0.386543 -0.170418 1.00555
613.022 180.891 -0.0657837 0.0724519 0.938134
710.464 571.045 0.30739 -0.0110745 0.900177
889.493 88.1982 -0.114401 -0.144987 0.847327
708.656 255.537 0.00356869 -0.0148756 0.949881
863.072 519.177 0.287342 -0.177566 0.942776
562.286 286.73 0.0288868 0.118048 0.914673
708.655 586.509 0.294822 -0.0091729 0.867051
817.33 284.414 0.0310696 -0.114634 0.919536
671.487 43.9724 -0.183759 0.015388 0.944281
834.115 433.375 0.208882 -0.15745 0.985488
849.324 501.952 0.213714 -0.131883 0.863065
928.337 58.96 -0.168449 -0.216244 0.940697
819.984 528.779 0.31385 -0.13754 0.963733
765.899 208.888 -0.21353 -0.229738 1.75452
583.512 189.389 -0.0642393 0.110805 0.976666
561.312 291.058 0.0324314 0.117964 0.910989
606.063 292.109 0.0337874 0.0775151 0.908243
908.02 269.635 0.0194339 -0.203797 0.930318
723.27 218.535 -0.134745 -0.0609812 1.58205
572.138 174.437 -0.0720867 0.109897 0.939159
535.693 485.768 0.214228 0.15216 0.90256
904.69 319.83 0.0517573 -0.160899 0.839426
940.164 495.558 0.307477 -0.304367 1.00761
550.573 393.39 0.13432 0.142791 0.931831
824.582 257.613 0.00658571 -0.11896 0.913312
729.96 566.484 0.286404 -0.0291722 0.880354
823.88 256.506 0.00560857 -0.118517 0.914096
641.84 200.556 -0.0481045 0.0468712 0.939726
703.097 408.148 0.0873247 -0.00775418 0.753744
548.236 38.0795 -0.182732 0.120044 0.929569
959.837 591.173 0.0954369 -0.0876302 0.585161
500.826 126.062 -0.095098 0.138788 0.862448
506.392 293.706 0.0158954 0.0957006 0.735663
728.331 211.679 -0.22635 -0.094578 1.8197
552.124 452.624 0.226237 0.170658 0.989327
655.806 260.495 0.00818079 0.0422539 0.992294
658.262 187.468 -0.0409706 0.0163923 0.775696
620.333 464.84 0.184132 0.0670903 0.881529
862.659 383.198 0.0946549 -0.124219 0.8209
719.591 218.952 -0.267675 -0.0671625 2.02556
762.882 217.766 -0.183826 -0.220005 1.75857
517.942 25.7968 -0.195055 0.147153 0.935175
552.559 41.5278 -0.185305 0.120364 0.941827
750.824 211.051 -0.246046 -0.19493 1.87197
711.961 449.293 0.181066 -0.0145037 0.900771
628.616 586.473 0.291035 0.061915 0.865453
691.402 528.824 0.235978 0.00486811 0.864432
884.388 247.304 -0.00342203 -0.126241 0.794394
653.335 324.885 0.0761053 0.0455732 0.976837
490.531 157.662 -0.121019 0.254897 1.07951
708.785 349.165 0.165327 -0.0135387 1.21803
542.238 313.205 0.0551456 0.144919 0.932745
564.085 300.964 0.0432002 0.121533 0.927231
529.839 217.731 -0.0292749 0.12698 0.874709
831.024 210.918 -0.0346618 -0.125417 0.919461
660.586 110.823 -0.115617 0.0234171 0.902829
694.428 272.269 0.00789725 -0.00419486 0.757731
779.542 294.467 0.0374408 -0.0758558 0.897984
504.181 250.088 -0.00457524 0.180573 0.943929
573.468 241.02 -0.0162806 0.148432 1.04784
595.394 279.144 0.0221747 0.0863761 0.908522
605.438 202.122 -0.0467484 0.0800842 0.936417
756.458 567.922 0.313489 -0.0574285 0.909511
647.897 176.352 -0.0653598 0.0370879 0.913059
629.336 577.861 0.305539 0.0666747 0.892483
826.103 353.23 0.0806293 -0.106637 0.856918
546.1 319.514 0.0621853 0.143994 0.938538
831.952 190.571 -0.070957 -0.165155 1.04555
534.876 345.138 0.134281 0.256981 1.14521
699.563 324.234 0.0429272 -0.0064297 0.785979
580.74 247.133 -0.00606623 0.102901 0.927489
876.109 231.063 -0.0140379 -0.131221 0.824893
610.707 321.644 0.0666018 0.0834114 0.945668
643.444 320.363 0.0637768 0.0489794 0.932577
954.335 117.183 -0.106374 -0.218474 0.895269
742.764 238.382 -0.0925196 -0.131421 1.66713
608.641 64.2061 -0.172906 0.0751168 0.957959
622.837 273.325 0.0270098 0.129188 1.20258
701.673 314.062 0.0528386 -0.00740316 0.893762
616.579 296.188 0.070349 0.161243 1.26515
566.562 131.281 -0.108363 0.110984 0.934405
595.74 225.66 -0.0302121 0.107589 1.00245
772.127 509.138 0.231653 -0.0683478 0.883098
707.883 365.192 0.147484 -0.0122099 1.06412
658.496 379.287 0.144197 0.0454124 0.999992
741.908 205.811 -0.15029 -0.108214 1.51238
699.205 328.924 0.416957 0.111093 2.57446
659.638 45.6723 -0.187395 0.0270445 0.95572
492.213 297.099 0.046681 0.23268 1.01147
709.328 247.763 -0.00367636 -0.0149663 0.893188
538.449 462.798 0.195047 0.150871 0.909828
490.812 308.285 0.0870072 0.386095 1.24428
819.96 352.832 0.087494 -0.109549 0.886372
579.543 244.024 -0.00871821 0.100933 0.917443
825.963 532.532 0.349826 -0.157737 1.00127
639.182 164.2 -0.06448 0.0356213 0.847826
737.045 211.76 -0.245618 -0.136659 1.87748
633.797 312.511 0.156958 0.264109 1.68937
543.814 243.696 -0.00959296 0.135089 0.92405
641.685 377.207 0.109239 0.0473608 0.897068
715.814 212.929 -0.224047 -0.0443422 1.82561
861.668 514.141 0.287849 -0.17963 0.951683
783.685 552.437 0.330451 -0.093042 0.949368
706.909 256.792 0.00458169 -0.0130616 0.935715
940.918 61.7656 -0.155139 -0.213318 0.912635
625.601 384.768 0.142637 0.0789632 0.978414
582.338 313.977 0.0507104 0.0952631 0.892483
778.872 296.103 0.0391702 -0.0757536 0.900711
823.077 550.497 0.334678 -0.139203 0.955424
526.392 110.427 -0.119866 0.13727 0.913061
740.257 206.553 -0.255739 -0.146535 1.84923
727.922 200.185 -0.260318 -0.0914329 1.79698
834.876 209.181 -0.0346931 -0.123684 0.902156
597.297 307.806 0.0504734 0.0915336 0.929433
669.176 218.407 -0.0312025 0.0214922 0.935104
615.534 262.972 0.00893147 0.0727254 0.932018
953.765 85.7341 -0.160801 -0.264938 0.982083
856.507 35.9456 -0.182975 -0.146504 0.929824
849.421 5.02743 -0.208078 -0.139907 0.931293
863.953 111.955 -0.10966 -0.141537 0.889981
774.363 507.499 0.2376 -0.0723201 0.894456
708.458 454.595 0.184075 -0.011143 0.89653
850.176 500.467 0.230065 -0.142643 0.890791
945.426 265.262 0.0164415 -0.247276 0.943677
876.637 319.663 0.0614968 -0.163059 0.899131
522.769 29.0361 -0.189829 0.141068 0.929337
619.09 464.238 0.189006 0.070469 0.891952
652.535 463.772 0.184496 0.0387829 0.88274
678.606 561.453 0.317695 0.0220664 0.926097
538.022 485.153 0.218273 0.153391 0.910396
584.433 501.935 0.255571 0.119686 0.938749
535.236 313.186 0.0520252 0.142985 0.911669
