625.788 508.513 0.203161 0.0288028 0.706106
813.088 375.723 0.142052 -0.0749037 0.737079
863.874 521.81 0.260925 -0.12244 0.772438
792.934 281.223 0.0910944 -0.0648569 0.7531
936.189 1.1858 -0.0472978 -0.127065 0.734402
882.152 480.235 0.212974 -0.121905 0.745545
920.746 130.391 0.0172197 -0.0917007 0.644185
498.213 198.27 -0.00156029 0.401388 1.34456
607.038 394.177 0.138114 0.0350794 0.703417
579.933 510.616 0.206353 0.0539107 0.710074
702.398 491.286 0.208929 -0.011894 0.73088
565.026 392.196 0.145373 0.0614603 0.72622
531.778 301.643 0.0951588 0.0744919 0.723781
602.322 395.194 0.13016 0.0336076 0.681203
573.504 517.495 0.195155 0.0516429 0.686318
529.474 302.153 0.0936798 0.0731688 0.715384
700.897 224.555 0.0583871 -0.0127618 0.744245
694.548 172.601 0.0305382 -0.00960283 0.77888
727.641 299.207 0.345461 -0.590136 5.75828
679.327 114.182 -0.108321 0.0209169 1.22444
717.932 288.259 -0.0578107 -0.140646 5.50231
723.315 209.352 0.0508278 -0.0375305 1.00121
856.781 354.489 0.120739 -0.0900703 0.707636
633.318 292.024 0.0879704 0.0207736 0.709093
952.414 399.896 0.146725 -0.142118 0.709967
775.431 169.381 0.0307162 -0.047921 0.712131
791.608 193.623 0.0426365 -0.0754572 0.824395
625.727 503.456 0.19401 0.0272342 0.696041
639.171 225.342 0.0596027 0.0220106 0.760654
515.647 582.312 0.239239 0.0868352 0.697011
853.314 352.716 0.12542 -0.0935947 0.725832
795.392 82.7522 -0.0484448 -0.0933507 0.916322
925.584 306.403 0.107465 -0.144175 0.756886
723.117 273.341 -0.0832997 -0.221799 3.93085
533.029 561.311 0.262546 0.0935088 0.743502
951.072 422.684 0.130332 -0.111932 0.644202
690.394 0.0849152 -0.137202 -0.0060533 0.985534
546.791 296.6 0.0947638 0.0696395 0.734694
914.449 382.257 0.0967913 -0.0795436 0.597813
583.905 295.748 0.090006 0.0452807 0.711522
785.319 105.843 0.01149 -0.0352338 0.59065
560.593 237.648 0.059701 0.0502798 0.69154
701.074 505.098 0.184972 -0.0108983 0.678328
785.768 286.162 0.0903675 -0.0575935 0.733517
634.735 295.067 0.0909618 0.0209702 0.716654
957.583 312.731 0.0959502 -0.131376 0.690727
545.552 232.395 0.0646755 0.0810976 0.782772
548.2 99.0193 0.00241398 0.0497858 0.68215
931.768 308.338 0.105651 -0.141859 0.743491
603.697 394.972 0.131763 0.0337259 0.685701
569.095 230.251 0.0596823 0.0544714 0.729668
702.13 492.988 0.205828 -0.0117053 0.724051
657.08 138.375 0.0150204 0.00881961 0.734447
794.511 584.485 0.230032 -0.0568061 0.678907
529.709 244.984 0.06588 0.0720206 0.719555
488.871 192.394 0.0410001 0.104655 0.761645
565.929 523.983 0.184517 0.049966 0.664169
710.693 136.462 0.0192016 -0.0152181 0.633321
557.226 388.087 0.130631 0.0567169 0.69278
786.332 282.992 0.0878755 -0.0571131 0.729007
531.402 300.234 0.0936576 0.0735011 0.719999
602.925 394.471 0.124638 0.031049 0.667368
527.889 296.662 0.0907707 0.0735315 0.714722
549.313 298.343 0.0974482 0.0707666 0.743417
889.809 547.124 0.226405 -0.111831 0.701249
814.558 366.568 0.137429 -0.0760342 0.739296
702.358 499.696 0.188517 -0.0116086 0.688995
632.298 136.59 0.0185844 0.0131986 0.650832
622.35 516.361 0.194753 0.0277005 0.685785
867.946 260.084 0.0733275 -0.0929138 0.707371
573.545 519.948 0.196475 0.0516968 0.686285
892.017 555.742 0.239993 -0.117821 0.712094
699.907 228.993 0.061812 -0.012286 0.759133
579.587 511.986 0.200698 0.0516844 0.699876
631.851 290.087 0.0846547 0.0200524 0.69657
792.558 540.288 0.267215 -0.0718472 0.76353
870.603 520.535 0.252555 -0.122987 0.762149
948.2 44.605 -0.01579 -0.108916 0.669521
818.548 227.642 0.0638934 -0.0877736 0.794261
941.613 314.176 0.0983534 -0.127232 0.698337
608.176 395.459 0.139682 0.0349326 0.705721
953.862 313.457 0.0928182 -0.123099 0.676133
706.711 165.286 0.0287251 -0.0154244 0.708672
570.281 391.009 0.150624 0.062471 0.741644
703.465 490.629 0.204211 -0.01247 0.723783
576.273 237.365 0.0654862 0.0564029 0.754459
590.725 298.769 0.0968719 0.0471304 0.738017
505.225 599.772 0.232069 0.0846659 0.67556
563.173 211.431 0.0465949 0.0430438 0.665572
837.193 270.175 0.0900123 -0.0990496 0.786906
550.017 626.001 0.2904 0.0794382 0.722457
868.866 466.483 0.22667 -0.127929 0.785236
843.839 198.738 0.0455843 -0.0911903 0.751193
825.365 338.197 0.120052 -0.0806706 0.736067
782.058 288.471 0.0956684 -0.0591619 0.755696
845.015 354.303 0.132574 -0.0948983 0.745946
703.413 161.47 0.0272444 -0.0137378 0.697597
813.412 371.942 0.140743 -0.0755953 0.739698
844.184 229.621 0.062202 -0.0920435 0.750527
623.68 232.725 0.063273 0.0302608 0.755811
870.104 526.02 0.249394 -0.119099 0.752231
553.607 146.826 0.0191542 0.0591672 0.728383
835.406 334.209 0.108806 -0.0776116 0.702927
952.363 395.001 0.144391 -0.14228 0.710872
513.049 247.091 0.0594642 0.0613936 0.656191
692.776 426.565 0.131401 -0.00769687 0.647112
849.472 357.914 0.12895 -0.0922658 0.727875
890.748 389.54 0.157925 -0.126465 0.754682
543.46 438.197 0.132506 0.0509624 0.640718
691.533 182.387 0.0363196 -0.00791159 0.76174
732.728 602.856 0.299705 -0.0307591 0.746688
628.468 497.878 0.202031 0.0283368 0.714433
627.971 139.721 0.0100703 0.0312362 0.800127
614.856 381.289 0.135514 0.0326615 0.714787
782.984 289.779 0.094487 -0.0580178 0.745209
664.121 624.327 0.326076 0.0151736 0.757853
706.2 612.491 0.336985 -0.0136616 0.777641
636.265 295.744 0.091744 0.020455 0.718837
542.928 209.716 0.041808 0.0389967 0.610521
647.466 237.058 0.0699583 0.0222445 0.808861
621.098 591.607 0.360494 0.056758 0.822879
660.442 152.911 0.0200571 0.00945455 0.76925
612.507 616.721 0.333978 0.0532359 0.77322
583.321 592.032 0.360392 0.0880893 0.823382
751.142 561.247 0.397814 -0.0599642 0.890521
644.525 169.037 0.0299192 0.0150336 0.72802
855.637 568.739 0.349362 -0.1411 0.828506
502.833 602.33 0.230226 0.0843767 0.671566
698.012 546.82 0.163632 -0.00916 0.612843
857.847 468.297 0.250117 -0.133767 0.821647
955.608 251.674 0.078642 -0.171859 0.78307
893.675 389.848 0.157035 -0.127137 0.751861
698.762 404.901 0.154675 -0.010424 0.728112
520.37 591.746 0.276192 0.0994125 0.734097
596.69 163.115 0.0258285 0.0438199 0.759381
563.192 156.594 0.0222322 0.0622005 0.761068
694.732 368.184 0.121563 -0.00869021 0.692227
813.488 281.252 0.0928682 -0.0787532 0.762726
810.149 596.916 0.320177 -0.0876391 0.771677
840.76 573.65 0.330955 -0.119798 0.804201
727.451 615.347 0.304872 -0.0270785 0.742159
725.046 186.836 0.037945 -0.0298398 0.823109
810.938 524.949 0.461351 -0.1567 1.00501
516.119 597.614 0.27115 0.0980015 0.723624
854.455 599.896 0.308389 -0.113627 0.755714
873.713 135.289 0.00541401 -0.129104 0.823425
936.219 353.293 0.206388 -0.271866 0.968345
875.779 491.798 0.224981 -0.121057 0.752174
655.887 549.311 0.04976 -0.0024298 0.401231
627.591 236.5 0.0670545 0.0308652 0.776456
591.58 155.873 0.0226842 0.0440832 0.746636
644.623 57.1704 -0.0346708 0.018629 0.792364
585.804 162.853 0.0277644 0.0354038 0.679807
624.371 112.028 0.0124488 0.0115642 0.603698
554.945 395.665 0.135663 0.0589009 0.696069
611.137 389.581 0.139768 0.0346858 0.714196
654.552 177.223 0.0329228 0.0141898 0.782337
622.105 124.62 0.00623007 0.0287719 0.756934
795.583 597.332 0.222045 -0.0539232 0.66006
700.362 212.495 0.0506203 -0.0123196 0.715973
634.47 251.07 0.0763796 0.027873 0.782596
938.498 441.648 0.31077 -0.283811 0.961154
706.494 589.019 0.362677 -0.0142795 0.825337
605.952 349.919 0.0147113 -0.00061488 0.342554
682.067 230.545 0.0532414 -0.00457272 0.65194
736.118 616.689 0.288294 -0.031213 0.723513
575.343 128.609 0.00756817 0.0550373 0.762905
813.804 360.615 0.233537 -0.153279 1.02521
852.669 261.535 0.0755751 -0.088717 0.718919
624.32 235.077 0.0646544 0.0300981 0.756832
817.133 516.305 0.463424 -0.170608 1.02163
782.219 149.227 -0.047253 -0.136661 1.18304
794.24 283.242 0.0907878 -0.0640893 0.74462
509.168 113.829 0.00162476 0.0855053 0.748193
856.285 231.723 0.0629589 -0.097221 0.744955
865.964 526.151 0.259184 -0.121444 0.765496
712.792 200.505 -0.083194 -0.0399492 1.74147
722.983 274.033 -0.0874926 -0.224366 4.0021
858.614 178.138 0.0341788 -0.107519 0.78091
796.318 587.528 0.229663 -0.057236 0.676247
699.934 231.81 0.0636565 -0.0123013 0.762787
951.479 313.453 0.09875 -0.133318 0.701258
513.99 238.542 0.0797068 0.185126 0.990697
523.434 305.524 0.0926844 0.0724689 0.70285
