624.844 502.576 0.201427 0.0286391 0.706609
812.414 370.047 0.140318 -0.0750674 0.737582
862.969 516.334 0.25919 -0.122603 0.77294
792.371 275.367 0.0893603 -0.0650207 0.753603
881.328 474.686 0.21124 -0.122069 0.746047
920.705 122.781 0.0154855 -0.0918645 0.644687
496.972 194.206 -0.00329446 0.401225 1.34506
605.942 388.181 0.13638 0.0349157 0.703919
578.991 504.685 0.204618 0.0537469 0.710577
701.53 485.561 0.207195 -0.0120578 0.731383
563.92 386.35 0.143638 0.0612966 0.726723
530.411 295.504 0.0934246 0.0743282 0.724284
601.146 389.019 0.128426 0.0334439 0.681705
572.482 511.392 0.193421 0.0514792 0.686821
528.077 295.949 0.0919456 0.0730051 0.715887
700.06 218.298 0.0566529 -0.0129255 0.744747
693.751 166.258 0.028804 -0.00976657 0.779383
727.618 298.368 0.343727 -0.5903 5.75878
678.815 109.168 -0.110055 0.0207531 1.22494
717.883 287.301 -0.0595448 -0.14081 5.50281
722.884 204.473 0.0490937 -0.0376942 1.00171
856.175 348.564 0.119005 -0.090234 0.708139
632.202 285.784 0.0862362 0.0206099 0.709595
951.838 394.121 0.144991 -0.142282 0.71047
774.848 162.568 0.028982 -0.0480848 0.712634
791.257 187.782 0.0409023 -0.075621 0.824898
624.747 497.456 0.192276 0.0270705 0.696544
638.142 219.173 0.0578686 0.0218469 0.761156
514.801 576.122 0.237505 0.0866714 0.697514
852.731 346.926 0.123686 -0.0937584 0.726334
795.326 76.4976 -0.050179 -0.0935144 0.916825
925.297 300.746 0.105731 -0.144338 0.757389
723.07 271.984 -0.0850339 -0.221963 3.93135
532.313 555.452 0.260812 0.0933451 0.744005
950.366 416.397 0.128598 -0.112095 0.644704
545.49 290.534 0.0930297 0.0694758 0.735196
913.696 375.434 0.0950571 -0.0797074 0.598315
582.651 289.516 0.0882718 0.0451169 0.712024
784.46 97.3921 0.00975585 -0.0353975 0.591152
559.112 230.956 0.0579669 0.050116 0.692042
700.076 498.999 0.183238 -0.0110621 0.678831
785.146 280.175 0.0886334 -0.0577572 0.73402
633.645 288.902 0.0892276 0.0208065 0.717156
957.273 306.592 0.094216 -0.13154 0.691229
544.231 226.366 0.0629413 0.0809339 0.783275
546.412 91.2662 0.000679806 0.049622 0.682653
931.475 302.592 0.103917 -0.142023 0.743993
602.539 388.835 0.130029 0.0335621 0.686204
567.741 223.835 0.0579481 0.0543076 0.730171
701.248 487.216 0.204094 -0.011869 0.724553
656.02 131.435 0.0132862 0.00865587 0.734949
793.459 578.266 0.228298 -0.0569698 0.67941
528.207 238.546 0.0641459 0.0718569 0.720058
487.185 185.936 0.0392659 0.104492 0.762147
564.823 517.713 0.182783 0.0498022 0.664672
709.608 128.657 0.0174674 -0.0153819 0.633823
555.989 381.972 0.128897 0.0565532 0.693282
785.707 276.957 0.0861413 -0.0572768 0.72951
530.02 294.059 0.0919234 0.0733374 0.720502
601.7 388.179 0.122904 0.0308852 0.667871
526.474 290.429 0.0890365 0.0733678 0.715224
548.045 292.351 0.095714 0.0706028 0.74392
888.788 541.177 0.224671 -0.111994 0.701752
813.904 360.892 0.135695 -0.0761979 0.739799
701.389 493.679 0.186783 -0.0117724 0.689498
630.888 128.908 0.0168502 0.0130349 0.651334
621.347 510.273 0.193018 0.0275368 0.686287
867.556 253.818 0.0715933 -0.0930775 0.707874
572.527 513.842 0.194741 0.0515331 0.686787
890.977 549.839 0.238258 -0.117984 0.712597
699.096 222.87 0.0600778 -0.0124498 0.759636
578.611 505.985 0.198964 0.0515206 0.700379
630.694 283.734 0.0829206 0.0198886 0.697073
791.678 534.687 0.26548 -0.0720109 0.764033
869.691 515.008 0.250821 -0.123151 0.762651
948.582 36.5295 -0.0175242 -0.109079 0.670023
818.201 221.83 0.0621593 -0.0879373 0.794764
941.271 308.098 0.0966192 -0.127396 0.69884
607.09 389.484 0.137948 0.0347689 0.706223
953.522 307.192 0.091084 -0.123263 0.676635
705.824 158.373 0.0269909 -0.0155881 0.709175
569.227 385.276 0.14889 0.0623073 0.742146
702.582 484.859 0.202476 -0.0126337 0.724286
575.015 231.181 0.0637521 0.0562392 0.754962
589.565 292.761 0.0951378 0.0469666 0.73852
504.324 593.398 0.230335 0.0845021 0.676062
561.577 204.357 0.0448607 0.0428801 0.666075
836.817 264.537 0.0882781 -0.0992133 0.787408
549.355 619.785 0.288666 0.0792745 0.722959
868.101 461.188 0.224936 -0.128092 0.785738
843.564 192.465 0.0438501 -0.091354 0.751696
824.771 332.433 0.118318 -0.0808344 0.736569
781.462 282.659 0.0939342 -0.0593256 0.756199
844.442 348.663 0.130839 -0.095062 0.746449
702.484 154.436 0.0255102 -0.0139016 0.6981
812.749 366.279 0.139008 -0.075759 0.740201
843.851 223.526 0.0604678 -0.0922072 0.751029
622.591 226.553 0.0615388 0.0300971 0.756313
869.175 520.423 0.24766 -0.119262 0.752733
552.046 139.837 0.01742 0.0590035 0.728886
834.785 328.178 0.107071 -0.0777753 0.70343
951.804 389.226 0.142656 -0.142443 0.711375
511.278 240.104 0.0577301 0.0612298 0.656693
691.669 420.194 0.129667 -0.00786061 0.647615
848.876 352.151 0.127216 -0.0924296 0.728377
890.169 384.049 0.15619 -0.126628 0.755184
542.071 431.72 0.130772 0.0507987 0.641221
690.693 175.99 0.0345854 -0.00807532 0.762242
731.847 596.91 0.297971 -0.0309228 0.747191
627.54 492.009 0.200297 0.0281731 0.714936
626.894 133.229 0.0083361 0.0310724 0.80063
613.793 375.361 0.133779 0.0324978 0.715289
782.371 283.895 0.0927528 -0.0581815 0.745711
663.385 618.303 0.324342 0.0150099 0.758355
705.419 606.623 0.335251 -0.0138253 0.778144
635.186 289.599 0.0900098 0.0202913 0.719339
541.016 202.073 0.0400738 0.038833 0.611024
646.563 231.29 0.0682241 0.0220807 0.809363
620.566 586.012 0.35876 0.0565942 0.823382
659.473 146.337 0.018323 0.00929081 0.769753
611.901 610.79 0.332244 0.0530722 0.773723
582.864 586.427 0.358658 0.0879256 0.823885
750.422 556.101 0.39608 -0.0601279 0.891023
643.41 162.265 0.028185 0.0148698 0.728523
854.641 563.348 0.347628 -0.141264 0.829009
501.918 595.924 0.228492 0.084213 0.672069
696.793 540.185 0.161897 -0.00932374 0.613346
857.098 463.199 0.248383 -0.133931 0.822149
955.6 245.993 0.0769078 -0.172023 0.783572
893.096 384.339 0.155301 -0.1273 0.752363
697.885 399.15 0.152941 -0.0105877 0.728615
519.705 585.728 0.274458 0.0992488 0.7346
595.421 156.505 0.0240944 0.0436561 0.759883
561.763 149.926 0.020498 0.0620368 0.761571
693.759 362.087 0.119829 -0.00885394 0.692729
812.995 275.478 0.091134 -0.0789169 0.763229
809.167 591.132 0.318443 -0.0878029 0.77218
839.778 568.129 0.329221 -0.119962 0.804703
726.566 609.318 0.303137 -0.0272422 0.742661
724.442 180.899 0.0362108 -0.0300035 0.823612
810.168 520.39 0.459617 -0.156864 1.00551
515.43 591.517 0.269416 0.0978377 0.724127
853.373 594.038 0.306655 -0.113791 0.756217
873.805 129.072 0.00367983 -0.129268 0.823928
935.889 348.974 0.204653 -0.27203 0.968847
874.931 486.273 0.223247 -0.121221 0.752677
652.276 540.933 0.0480259 -0.00259353 0.401734
626.561 230.5 0.0653203 0.0307015 0.776958
590.253 149.114 0.0209501 0.0439195 0.747138
643.557 49.9017 -0.036405 0.0184653 0.792866
584.29 155.602 0.0260302 0.0352401 0.68031
622.718 103.671 0.0107146 0.0114005 0.604201
553.729 389.59 0.133929 0.0587371 0.696571
610.075 383.662 0.138034 0.034522 0.714698
653.593 170.911 0.0311887 0.0140261 0.78284
620.91 117.712 0.0044959 0.0286082 0.757436
794.481 590.96 0.220311 -0.0540869 0.660562
699.462 205.945 0.0488861 -0.0124834 0.716476
633.488 245.193 0.0746455 0.0277092 0.783099
937.782 437.281 0.309036 -0.283975 0.961657
705.79 583.469 0.360943 -0.0144432 0.825839
599.19 340.688 0.0129771 -0.000778616 0.343057
680.921 223.524 0.0515072 -0.00473646 0.652442
735.184 610.569 0.28656 -0.0313767 0.724016
573.931 121.744 0.00583399 0.0548735 0.763408
813.395 356.482 0.231803 -0.153443 1.02572
852.25 255.361 0.073841 -0.0888807 0.719421
623.237 228.927 0.0629203 0.0299344 0.757335
816.368 511.843 0.46169 -0.170772 1.02213
574.703 415.971 0.0958536 0.0247179 0.569588
638.311 228.841 0.0612496 0.0193289 0.736194
664.875 213.95 0.0338038 -0.00288392 0.517861
527.217 211.472 0.0503884 0.067938 0.708194
842.38 260.139 0.0815203 -0.0941966 0.757436
622.964 502.377 0.194678 0.0280031 0.695969
630.024 491.644 0.206066 0.0282248 0.724706
786.651 206.454 0.0505272 -0.0583154 0.738843
861.765 214.118 0.0519739 -0.0859345 0.696243
942.151 402.005 0.12577 -0.111823 0.653166
957.111 307.016 0.0809717 -0.106236 0.633568
591.872 152.046 0.021872 0.0450891 0.757904
675.539 146.686 -0.0111669 0.0125028 1.01592
520.452 81.8548 -0.0167253 0.0861689 0.777828
634.705 246.718 0.0813633 0.0347058 0.84272
500.31 521.124 0.301629 0.15326 0.833355
865.243 349.959 0.121654 -0.0967282 0.714106
480.274 78.3519 -0.00556736 0.0790037 0.69266
782.209 144.542 -0.0489871 -0.136825 1.18354
793.664 277.333 0.0890536 -0.064253 0.745123
507.361 106.693 -0.000109408 0.0853416 0.748695
855.979 225.604 0.0612247 -0.0973847 0.745457
865.044 520.627 0.257449 -0.121608 0.765999
712.59 197.276 -0.0849281 -0.040113 1.74197
722.936 272.699 -0.0892268 -0.22453 4.0026
858.484 171.953 0.0324447 -0.107683 0.781413
795.256 581.284 0.227929 -0.0573997 0.676749
699.129 225.73 0.0619223 -0.0124651 0.76329
951.166 307.402 0.0970158 -0.133481 0.70176
512.846 233.663 0.0779726 0.184963 0.991199
521.986 299.228 0.0909502 0.0723052 0.703352
