708.377 551.221 0.315519 -0.0128054 0.921242
634.851 546.577 0.321693 0.0662 0.938211
606.609 363.799 0.113126 0.0795544 0.918746
769.986 491.334 0.330229 -0.0968342 1.03711
948.548 96.3787 -0.114896 -0.221418 0.909744
518.917 93.7385 -0.119814 0.136962 0.911091
771.711 497.09 0.233456 -0.0720381 0.887017
705.959 444.519 0.181513 -0.0123821 0.889287
843.791 481.974 0.234727 -0.146758 0.910518
880.503 306.591 0.0625209 -0.174263 0.91241
877.354 305.823 0.0633933 -0.175821 0.923155
548.203 311.174 0.0714769 0.15304 0.978716
820.973 270.461 0.0258543 -0.106685 0.868574
502.522 113.814 -0.114247 0.166982 0.94683
933.595 187.394 -0.0473242 -0.23993 0.957974
839.446 430.682 0.193117 -0.149022 0.935271
524.244 152.637 -0.072708 0.134702 0.906145
575.88 497.345 0.245296 0.115765 0.913007
586.632 298.516 0.0529767 0.0976908 0.931226
547.298 10.7145 -0.1964 0.118767 0.942993
519.106 148.28 -0.0725945 0.131548 0.887578
614.287 452.302 0.182335 0.0681707 0.880273
650.747 444.942 0.183733 0.0381298 0.895477
572.953 502 0.240365 0.113638 0.898083
951.302 179.5 -0.0482302 -0.230816 0.912688
945.515 100.612 -0.115219 -0.225681 0.922167
541.202 446.269 0.201163 0.153373 0.932819
842.397 478.42 0.218305 -0.137858 0.889808
734.236 539.175 0.284661 -0.0380903 0.898845
514.088 123.479 -0.114068 0.169805 0.976616
711.06 185.545 -0.0350843 -0.0185775 0.813267
523.456 54.1443 -0.158394 0.138872 0.933674
556.151 18.3863 -0.199978 0.117769 0.963593
948.057 39.3669 -0.156739 -0.215177 0.905086
779.795 526.289 0.292302 -0.0873681 0.925323
638.668 13.3142 -0.18353 0.0369443 0.920043
530.265 108.767 -0.119717 0.143407 0.951525
605.295 192.063 -0.0460508 0.0799681 0.955041
529.568 305.675 0.0542615 0.137875 0.897914
550.24 318.384 0.0380975 0.0698434 0.735699
639.199 361.291 0.101464 0.0433261 0.88312
542.005 24.7539 -0.170314 0.113164 0.908495
551.038 12.6196 -0.197505 0.117351 0.948512
957.791 173.803 -0.0506276 -0.226752 0.896161
586.82 298.15 0.0525443 0.0972807 0.930476
487.986 371.241 0.133627 0.218908 0.970622
632.331 2.74496 -0.17887 0.0382663 0.89296
759.5 200.972 -0.0301206 -0.0598912 0.889845
531.135 230.718 -0.0104074 0.148929 0.943452
535.185 477.395 0.22306 0.153246 0.912893
542.899 93.0185 -0.191632 0.190378 1.11042
562.725 277.893 0.033838 0.120961 0.93827
485.411 372.926 0.132959 0.217214 0.962612
868.41 301.338 0.0642169 -0.182364 0.960561
559.429 12.1444 -0.200653 0.111696 0.954373
673.146 180.11 -0.0516185 0.0125315 0.922317
816.764 338.143 0.087336 -0.11224 0.896966
642.191 17.4813 -0.184939 0.0353365 0.930112
665.138 200.53 -0.0335643 0.0195071 0.914464
793.931 539.581 0.298201 -0.0994886 0.912959
811.037 272.307 0.032304 -0.116659 0.94027
526.51 106.765 -0.118757 0.143239 0.942491
661.606 292.226 0.0498666 0.0286061 0.946539
705.589 442.032 0.17439 -0.0121112 0.87956
871.262 379.195 0.114447 -0.148744 0.861605
792.307 281.395 0.039339 -0.0952356 0.924206
586.382 483.596 0.26053 0.120338 0.960318
954.07 195.49 -0.0210174 -0.0985986 0.628497
585.854 239.632 -0.00108567 0.0898755 0.912622
954.316 67.8497 -0.164148 -0.265372 0.98283
625.695 294.585 0.0496897 0.0605591 0.929621
502.092 296.557 0.0484479 0.170515 0.919145
953.004 249.567 0.0122341 -0.240991 0.918922
625.764 296.372 0.0514194 0.0606547 0.930029
667.942 201.055 -0.0349606 0.0186177 0.934222
653.046 439.583 0.183647 0.0372644 0.905982
494.389 103.195 -0.199264 0.279661 1.15874
609.831 245.943 0.00466906 0.0707124 0.919558
605.618 363.786 0.111142 0.0787912 0.91185
591.564 338.496 0.0327118 0.0336225 0.655471
946.619 41.7035 -0.158805 -0.219046 0.91463
878.937 304.162 0.0605886 -0.173628 0.914626
791.797 354.628 0.0989408 -0.0879652 0.885884
545.863 24.9962 -0.183786 0.119891 0.939852
536.799 235.932 -0.00588656 0.148907 0.955844
807.278 22.5047 -0.257085 -0.142576 1.08425
481.281 106.765 -0.101815 0.15521 0.880943
697.042 276.958 0.0278484 -0.00785814 0.849242
696.152 201.503 -0.0306147 -0.00778626 0.893472
816.16 216.877 -0.0169406 -0.107746 0.892555
847.772 463.71 0.202545 -0.141443 0.88755
770.575 498.141 0.232134 -0.0704089 0.883408
791.992 353.035 0.0980566 -0.0885252 0.887886
793.589 351.609 0.0951162 -0.0885127 0.881319
782.703 197.824 -0.0324332 -0.0790803 0.890268
652.323 443.296 0.185107 0.0374547 0.901455
958.988 315.249 0.0700457 -0.241678 0.902507
536.608 483.055 0.231017 0.153882 0.916185
637.767 364.058 0.105108 0.0453457 0.887522
614.012 354.963 0.111543 0.078069 0.944538
922.759 384.866 0.0955651 -0.155718 0.788013
796.325 182.512 -0.076965 -0.137292 1.09784
875.079 306.14 0.0602205 -0.164419 0.900623
704.38 243.486 0.00362572 -0.0141543 0.941243
540.796 73.0511 -0.168525 0.148822 1.00105
519.978 14.1917 -0.193593 0.142394 0.94265
522.467 136.552 -0.121698 0.194066 1.04978
652.718 265.845 0.0195495 0.0260694 0.85773
878.044 305.919 0.0630059 -0.175118 0.919932
852.602 100.081 -0.124337 -0.153278 0.94894
774.288 212.498 -0.0287696 -0.0903927 0.99867
590.664 295.366 0.0523664 0.0993093 0.951444
778.194 487.373 0.241475 -0.0830947 0.914904
791.68 328.477 0.138386 -0.159382 1.18684
485.786 224.033 -0.0449007 0.366774 1.24083
533.723 394.262 0.137615 0.145326 0.908121
926.344 68.575 -0.23049 -0.32176 1.13585
543.739 45.4905 -0.209824 0.156173 1.03606
813.703 512.046 0.316284 -0.138207 0.977711
624.586 297.284 0.0517417 0.0609795 0.925732
657.72 294.279 0.0475875 0.0283555 0.90961
768.026 228.895 -0.0970937 -0.216737 1.65058
500.598 110.915 -0.115568 0.166748 0.942881
940.06 46.8769 -0.15737 -0.217006 0.920942
658.927 25.8295 -0.175789 0.0208998 0.923959
767.419 285.994 0.0425678 -0.0710533 0.917514
815.208 337.15 0.0885367 -0.113334 0.906388
796.748 186.166 -0.0767016 -0.143771 1.12079
721.907 214.113 -0.1387 -0.0634714 1.6306
720.39 47.0265 -0.249062 -0.0392578 1.12019
713.382 200.467 -0.214117 -0.0386165 1.73778
745.528 207.828 -0.149212 -0.13464 1.6037
741.55 187.407 -0.246769 -0.136434 1.71266
768.61 171.591 -0.1888 -0.166655 1.44104
839.754 197.218 -0.0345478 -0.133609 0.914013
513.69 6.20354 -0.192253 0.141214 0.926701
745.741 207.268 -0.147405 -0.133497 1.59144
958.057 132.447 -0.0822604 -0.22187 0.891751
794.578 193.196 -0.0743285 -0.150612 1.15883
765.015 197.841 -0.215566 -0.220639 1.72011
546.277 32.8541 -0.580035 0.397568 1.58547
780.377 210.308 -0.0850881 -0.17761 1.36386
764.778 196.376 -0.219497 -0.219131 1.71776
628.405 260.167 0.020513 0.0777964 1.04118
756.81 218.983 -0.0796293 -0.137782 1.42946
902.412 380.653 0.10945 -0.16516 0.841027
723.284 191.228 -0.0403611 -0.0311434 0.910478
795.508 348.176 0.0900858 -0.0883353 0.873036
604.194 542.535 0.327119 0.102833 0.952012
529.101 157.247 -0.0729454 0.138941 0.927452
750.625 548.231 0.318735 -0.0573288 0.927499
757.474 203.173 -0.224008 -0.210047 1.79617
815.622 525.767 0.351949 -0.147939 0.998662
718.106 201.14 -0.24618 -0.0589125 1.83509
722.529 209.666 -0.133176 -0.0619448 1.56097
951.404 33.922 -0.159741 -0.21631 0.902575
521.153 55.4678 -0.154951 0.138606 0.927417
822.23 337.477 0.0910848 -0.122441 0.915739
770.089 225.238 -0.0933696 -0.205799 1.58055
679.224 100.238 -0.105945 0.00370292 0.883108
738.465 226.5 -0.0432631 -0.079743 1.29901
797.401 322.801 0.0778222 -0.100101 0.921078
713.833 198.743 -0.20775 -0.0397522 1.7027
652.17 257.003 0.0155336 0.0356251 0.939434
730.56 218.316 -0.327405 -0.1497 2.25401
537.929 311.683 0.0624077 0.138275 0.916267
538.718 232.268 -0.00979914 0.151348 0.967545
776.535 217.044 -0.0838617 -0.185796 1.43069
779.448 210.439 -0.0257732 -0.0850476 0.939179
529.869 300.954 0.0508988 0.139538 0.90358
768.683 283.829 0.0411256 -0.0730282 0.922932
766.427 284.28 0.0419473 -0.0716233 0.927544
500.46 110.706 -0.115634 0.166688 0.9425
812.374 270.031 0.0293454 -0.11452 0.927326
621.312 297.847 0.0493863 0.0595447 0.90267
613.444 451.554 0.177054 0.0667928 0.871173
713.383 243.244 -0.0186765 -0.031274 1.37292
749.77 545.258 0.322784 -0.0574676 0.93657
836.179 525.092 0.313983 -0.156217 0.952366
555.484 330.911 0.0811954 0.125176 0.920072
614.741 175.656 -0.0620984 0.0715706 0.962104
843.816 478.156 0.215521 -0.137663 0.885549
654.161 22.7987 -0.185442 0.0263271 0.940433
657.822 293.74 0.0467624 0.0279242 0.906608
705.033 241.75 0.00205934 -0.0147837 0.935851
573.149 184.785 -0.0836588 0.168692 1.13215
543.115 5.27719 -0.19526 0.118445 0.93174
557.385 331.731 0.084744 0.128377 0.933705
825.286 546.9 0.321938 -0.137361 0.930072
819.125 335.178 0.0862697 -0.116225 0.904083
765.244 201.745 -0.209728 -0.22668 1.74068
745.128 208.073 -0.152665 -0.135563 1.61859
727.46 486.135 0.342252 -0.0409644 1.06687
551.669 256.04 0.00690705 0.0751166 0.765825
706.826 443.059 0.179535 -0.0131868 0.888071
759.3 197.575 -0.215976 -0.200023 1.71847
717.867 192.302 -0.239975 -0.0549876 1.73522
698.012 190.524 -0.0399415 -0.00945069 0.899082
775.882 280.887 0.0369576 -0.0766985 0.905331
826.634 200.668 -0.0341015 -0.129294 0.939235
605.409 192.063 -0.0456943 0.0792175 0.952192
553.811 605.411 0.18918 0.0710491 0.711101
606.128 538.408 0.33323 0.104526 0.965608
819.177 270.315 0.0301679 -0.122949 0.934667
649.158 249.062 0.00814468 0.0392917 0.94802
650.21 248.741 0.007898 0.0400902 0.962136
587.903 542.909 0.284278 0.102745 0.898921
657.577 174.292 -0.0743075 0.0371084 1.02612
674.349 184.634 -0.049906 0.0126015 0.938552
913.118 426.145 0.262371 -0.311278 1.07772
521.597 239.492 -0.00297842 0.169194 0.968056
563.353 16.6449 -0.188838 0.103508 0.936756
627.14 295.675 0.0528941 0.0627517 0.948232
797.206 4.32819 -0.201725 -0.0994421 0.944894
763.158 30.5206 -0.24022 -0.0870083 1.0683
669.144 345.899 0.170611 0.0529689 1.20916
698.821 273.981 0.0335878 -0.00803887 0.960734
868.54 371.717 0.101827 -0.138493 0.841206
626.168 192.598 -0.0434421 0.0573048 0.939364
491.048 104.316 -0.110758 0.158878 0.907275
826.805 205.991 -0.0288859 -0.128257 0.934535
608.942 562.706 0.380329 0.108397 0.982144
679.873 560.095 0.378433 0.02228 0.980752
545.661 25.1074 -0.177724 0.115796 0.926312
531.162 174.774 -0.0539454 0.127729 0.898675
633.782 578.13 0.355705 0.068117 0.933262
779.957 562.702 0.37403 -0.0970281 0.967748
765.016 231.277 -0.00632539 -0.0686919 0.918883
544.263 517.68 0.402606 0.236585 1.08831
784.327 565.101 0.3918 -0.105725 0.982709
519.256 167.094 -0.0541157 0.121858 0.858724
610.754 558.636 0.381389 0.10809 0.989307
598.127 562.178 0.306311 0.094588 0.899979
614.861 173.717 -0.0649326 0.0726213 0.96831
541.196 163.445 -0.0765409 0.146214 0.975329
782.511 552.999 0.314276 -0.0884263 0.91437
620.478 579.079 0.290651 0.0644287 0.860145
506.506 89.3226 -0.111342 0.131319 0.871475
849.797 551.813 0.274685 -0.138774 0.86548
512.334 547.971 0.3369 0.208556 0.959557
845.491 541.649 0.289146 -0.146014 0.896804
643.26 194.3 -0.0460153 0.04655 0.974759
742.95 172.474 -0.242293 -0.124291 1.58969
739.496 203.667 -0.293529 -0.165891 1.98652
643.003 381.262 0.116833 0.0397432 0.875827
766.345 287.541 0.0447789 -0.0712538 0.925418
784.14 555.92 0.308907 -0.0879906 0.904088
543.311 441.281 0.20231 0.156457 0.945794
659.393 293.153 0.0477829 0.0279248 0.920019
831.803 548.743 0.384898 -0.169599 0.997916
811.462 557.754 0.404925 -0.146571 1.00602
797.273 324.154 0.0786087 -0.0994252 0.9185
914.767 479.904 0.369296 -0.34095 1.1055
532.412 531.341 0.375454 0.223009 1.0312
641.114 360.307 0.110004 0.0469192 0.917289
668.72 254.614 0.014618 0.0295393 1.04587
484.185 376.458 0.135814 0.217192 0.959637
782.931 550.581 0.318282 -0.0904829 0.922372
769.051 237.175 -0.00116094 -0.0731556 0.924018
821.836 210.612 -0.0282127 -0.135827 0.977196
512.782 448.164 0.0525637 0.0485308 0.588447
529.044 230.365 -0.010186 0.144717 0.928163
645.659 353.685 0.107608 0.0446187 0.93214
514.48 296.729 0.0542158 0.18128 0.966808
750.682 216.521 -0.117269 -0.146065 1.57538
727.599 210.42 -0.23054 -0.10148 1.8919
692.733 225.669 -0.0677844 0.0176318 1.44103
616.642 414.556 0.160894 0.071468 0.912627
765.854 288.596 0.0463406 -0.0716294 0.930995
840.715 483.112 0.223825 -0.136956 0.891199
729.373 530.521 0.288986 -0.0344585 0.916865
865.044 82.5233 -0.113511 -0.136294 0.86918
559.062 289.074 0.0433101 0.121467 0.927407
591.1 294.708 0.0474195 0.0884769 0.913289
796.103 546.018 0.289535 -0.0971216 0.89333
953.236 103.769 -0.105753 -0.21944 0.897841
832.36 547.839 0.380853 -0.169098 0.994925
610.183 167.692 -0.0664646 0.0719724 0.945067
707.129 554.52 0.310489 -0.0115207 0.910824
882.835 77.7641 -0.116331 -0.149091 0.867874
705.871 242.994 0.00311436 -0.0156356 0.951805
860.252 507.892 0.286367 -0.178089 0.942697
555.347 273.6 0.027479 0.115582 0.903478
815.08 271.807 0.0306744 -0.115714 0.922069
668.69 30.3295 -0.18499 0.0146926 0.952979
843.76 485.259 0.216572 -0.134471 0.875825
905.055 257.471 0.0192669 -0.204401 0.933899
566.539 159.719 -0.0723162 0.109178 0.936922
935.036 482.853 0.309427 -0.307557 1.01635
699.4 389.204 0.0897938 -0.00872109 0.770587
542.786 20.3782 -0.1831 0.119176 0.930302
947.267 559.639 0.0971348 -0.0898727 0.596424
727.482 204.14 -0.225347 -0.0945979 1.80805
545.054 445.074 0.221464 0.16786 0.97467
655.673 172.664 -0.0416091 0.0159488 0.794197
617.322 451.791 0.183961 0.0663873 0.884304
508.45 3.16 -0.19336 0.144369 0.924203
750.863 202.699 -0.24402 -0.193641 1.84707
706.929 341.008 0.163039 -0.0144216 1.20928
562.28 288.311 0.0436973 0.122118 0.938246
530.444 205.363 -0.0290936 0.128094 0.892602
690.488 255.581 0.00763826 -0.00506012 0.762103
567.417 228.275 -0.0172076 0.145423 1.03477
601.351 187.985 -0.0472278 0.0788871 0.935071
753.165 553.011 0.31533 -0.0586972 0.916764
644.749 162.345 -0.065978 0.0363533 0.917678
819.52 337.459 0.0837555 -0.111043 0.883635
874.378 215.736 -0.0145612 -0.131421 0.82382
741.614 232.44 -0.0934624 -0.133656 1.68393
604.601 48.2182 -0.173459 0.0743761 0.959937
614.604 287.61 0.0701559 0.160805 1.26952
557.464 111.525 -0.107125 0.107788 0.915814
603.885 219.85 -0.0306215 0.115172 1.08242
769.249 496.346 0.231192 -0.0693968 0.884767
706.72 235.91 -0.00313669 -0.0163978 0.929014
534.118 451.111 0.19395 0.150202 0.909071
493.315 299.26 0.0890278 0.39473 1.27302
815.648 339.124 0.088513 -0.111626 0.898309
636.348 150.734 -0.0654991 0.035784 0.863054
944.268 477.41 0.279866 -0.295499 0.983766
608.508 316.569 0.142477 0.214646 1.37365
714.103 581.151 0.368778 -0.0184567 0.939768
745.703 574.277 0.378548 -0.0553324 0.957743
644.068 362.806 0.103539 0.039579 0.885498
600.576 251.065 0.00937936 0.0857317 0.946558
560.561 118.243 -0.100736 0.104358 0.911685
851.956 373.686 0.126918 -0.152239 0.916669
869.485 358.632 0.130895 -0.195426 0.980333
850.772 447.486 0.178918 -0.13793 0.872075
711.812 333.191 0.302213 -0.0236102 1.85461
714.631 579.576 0.370454 -0.019112 0.94355
650.372 352.773 0.11375 0.043789 0.958841
741.69 223.396 -0.163944 -0.155935 1.84299
955.791 256.642 0.0191974 -0.253288 0.934112
638.143 38.2829 -0.169373 0.0395825 0.931216
752.784 556.849 0.30644 -0.0564215 0.901166
608.566 245.805 0.00453414 0.0720136 0.920381
929.206 464.037 0.300929 -0.316946 1.04449
600.295 38.604 -0.16922 0.0718073 0.931117
762.344 253.861 0.00862394 -0.131347 1.31948
811.393 245.238 0.00665356 -0.115547 0.93731
850.689 361.495 0.122513 -0.16004 0.942514
643.46 259.068 0.0145203 0.122001 1.35533
738.893 239.594 -0.109709 -0.150357 1.88599
522.173 511.016 0.0288585 0.0237769 0.484981
571.152 189.888 -0.0444283 0.102866 0.923267
700.469 361.498 0.112461 -0.00854065 0.917969
871.217 362.707 0.132713 -0.19339 0.970795
848.943 389.989 0.109006 -0.117104 0.820527
558.576 113.505 -0.109087 0.110898 0.928782
852.134 231.612 -0.00510753 -0.14915 0.923696
920.893 257.417 0.0218822 -0.268037 1.02199
811.334 270.115 0.0295035 -0.113933 0.928838
951.204 107.413 -0.113195 -0.237959 0.934539
690.107 368.814 0.0423085 -0.00554343 0.641713
585.793 175.133 -0.0749812 0.118628 1.0304
633.27 214.257 -0.0156169 0.0240331 0.738604
800.16 320.778 0.0730683 -0.0990654 0.905511
616.157 205.073 -0.0759245 0.142023 1.25087
597.861 208.097 -0.0302226 0.0850151 0.942958
658.992 237.077 -0.0025041 0.0263702 0.918659
823.787 544.976 0.32342 -0.137177 0.934613
817.946 240.476 0.00243018 -0.110434 0.895095
821.077 514.215 0.398153 -0.18137 1.07376
822.012 515.899 0.395587 -0.180509 1.06745
578.978 493.964 0.248338 0.116032 0.923202
736.118 206.113 -0.247748 -0.138461 1.89271
632.331 306.467 0.156543 0.2633 1.69097
538.857 230.08 -0.0101443 0.133961 0.923056
639.586 363.103 0.110681 0.0473281 0.910274
714.869 201.935 -0.217613 -0.0443859 1.76247
862.42 508.384 0.281045 -0.176906 0.934522
780.689 539.85 0.330589 -0.0941437 0.952459
704.32 244.289 0.00436667 -0.0140881 0.943485
937.146 49.4391 -0.157109 -0.216858 0.925315
617.816 378.337 0.13544 0.0753187 0.943319
580.2 300.468 0.0509828 0.0952479 0.901836
775.459 283.048 0.0397357 -0.0779184 0.914686
820.028 538.521 0.334323 -0.140154 0.957147
518.784 91.8169 -0.119407 0.134636 0.904938
739.86 198.052 -0.252808 -0.145169 1.82367
726.993 193.62 -0.261416 -0.0925639 1.80388
830.274 197.174 -0.0351229 -0.126553 0.918575
592.452 295.459 0.0492534 0.0898991 0.923122
666.153 205.188 -0.0316719 0.0207053 0.938159
612.606 250.196 0.00865116 0.0723365 0.937997
953.094 72.0939 -0.161611 -0.266453 0.986232
855.639 19.3394 -0.183461 -0.147323 0.931384
865.692 92.5558 -0.108834 -0.139884 0.877442
771.628 496.429 0.235875 -0.0727484 0.891774
705.69 440.625 0.18521 -0.0121613 0.904533
846.239 486.786 0.230746 -0.144059 0.896065
945.701 252.995 0.0157783 -0.24648 0.9396
871.841 306.524 0.0621763 -0.165875 0.911452
519.491 14.2871 -0.191666 0.141346 0.938667
616.999 450.267 0.189978 0.0699256 0.899073
650.495 448.366 0.186698 0.0383857 0.894744
676.047 548.12 0.318175 0.0212826 0.930066
533.376 474.446 0.216308 0.151857 0.906598
577.434 496.749 0.248391 0.116194 0.91868
534.256 299.9 0.0525852 0.143797 0.924071
