626.677 485.362 0.20511 0.0295917 0.718273
813.211 357.765 0.140077 -0.0741885 0.73743
860.329 501.466 0.263023 -0.123408 0.783867
794.248 261.976 0.0878989 -0.0633616 0.745669
879.798 460.973 0.213242 -0.122286 0.753062
924.247 103.22 0.0154953 -0.090847 0.644186
496.012 187.524 -0.0030722 0.403443 1.35168
607.6 373.091 0.138699 0.0358703 0.713705
578.939 491.854 0.205027 0.0543649 0.712671
701.823 471.505 0.208949 -0.011622 0.737695
959.99 292.45 0.09378 -0.12978 0.689355
561.669 374.495 0.142371 0.0614057 0.722766
527.31 281.736 0.0925511 0.0742966 0.72017
603.163 372.859 0.131059 0.0345269 0.69277
572.136 497.955 0.193679 0.0521846 0.688618
528.454 281.923 0.0927813 0.073946 0.720867
700.576 204.555 0.0570342 -0.0125357 0.747668
692.541 148.169 0.0275311 -0.00857051 0.764651
727.672 297.156 0.344989 -0.596299 5.76486
678.035 98.9206 -0.109635 0.0213696 1.22137
717.773 285.855 -0.060531 -0.140373 5.50661
722.729 195.157 0.0493873 -0.0370804 1.00523
850.97 332.381 0.123783 -0.0924626 0.730595
628.712 270.996 0.0829425 0.0206429 0.692518
952.733 380.978 0.145217 -0.141624 0.712277
775.415 147.159 0.0292492 -0.0474452 0.715081
790.827 177.095 0.0419411 -0.0759573 0.835412
625.576 481.241 0.194971 0.0281804 0.705395
639.559 207.098 0.0593768 0.0225768 0.773277
515.089 562.235 0.238344 0.0875647 0.700717
900.749 351.179 0.0976673 -0.0788957 0.614915
795.881 64.2829 -0.0500636 -0.0929411 0.919544
925.701 288.36 0.106381 -0.144044 0.760827
723.04 269.911 -0.0862863 -0.223468 3.93837
531.352 544.939 0.259956 0.093528 0.743098
951.066 400.902 0.129064 -0.111579 0.647349
542.402 277.014 0.0921565 0.0695752 0.730841
915.906 358.032 0.0950767 -0.0788987 0.599132
584.453 275.409 0.0899977 0.0462055 0.722028
792.798 62.8832 0.00804462 -0.0337298 0.571762
556.944 215.059 0.0576174 0.0502425 0.688885
700.739 482.024 0.186021 -0.0107383 0.687955
785.462 266.694 0.088646 -0.0567873 0.734526
632.103 274.95 0.0882873 0.0213229 0.712277
957.478 291.922 0.094771 -0.131257 0.695157
542.844 213.248 0.0630656 0.081596 0.784542
542.827 70.6088 0.000576627 0.0498793 0.678554
942.219 289.879 0.099873 -0.136976 0.724471
603.355 373.408 0.131764 0.034653 0.693982
563.546 207.724 0.056646 0.0540544 0.72076
701.065 475.559 0.203718 -0.0111114 0.724495
655.574 115.806 0.0134549 0.0093675 0.736416
793.557 565.651 0.22802 -0.056058 0.679867
534.324 623.93 0.272372 0.0788077 0.695226
525.807 223.588 0.0639094 0.0722582 0.718866
492.949 175.166 0.0410879 0.107288 0.780473
569.956 494.82 0.188889 0.0518809 0.683536
710.83 113.892 0.0186546 -0.0153048 0.6472
555.627 367.643 0.129414 0.0574362 0.696426
944.036 396.856 0.126622 -0.10786 0.645692
786.49 263.18 0.0855917 -0.0560144 0.726815
529.145 280.262 0.0922545 0.0740255 0.722532
603.267 371.061 0.125835 0.0324067 0.680412
529.931 276.379 0.0911089 0.0748268 0.727139
545.691 278.987 0.0950382 0.070758 0.741048
881.987 519.126 0.232146 -0.114293 0.721963
813.209 347.622 0.137123 -0.0760185 0.746609
701.746 480.737 0.186558 -0.0112508 0.690059
631.07 111.576 0.0172987 0.0138252 0.656409
871.131 238.591 0.0705014 -0.0911211 0.701589
576.404 494.389 0.199531 0.0530304 0.701353
889.591 535.516 0.239949 -0.117832 0.717852
699.099 208.938 0.05992 -0.0117888 0.758793
582.869 485.715 0.20506 0.0534709 0.71871
629.367 268.791 0.0817609 0.0201908 0.691424
789.042 522.236 0.267204 -0.0702455 0.768901
871.787 506.591 0.248182 -0.121193 0.757122
930.785 39.4813 -0.0158405 -0.114507 0.70903
814.574 212.106 0.0650249 -0.0894641 0.817547
939.994 293.705 0.0977634 -0.127565 0.705459
608.477 374.264 0.140497 0.0359913 0.716916
954.351 292.258 0.0914777 -0.122659 0.679265
706.529 141.008 0.0267615 -0.0150285 0.704463
568.151 373.028 0.148709 0.0628698 0.742379
702.415 472.086 0.203088 -0.011902 0.727069
572.109 216.438 0.0628513 0.0562743 0.749076
586.177 279.243 0.0931426 0.0467474 0.728586
506.122 576.972 0.232311 0.0856663 0.682
572.753 194.088 0.0495004 0.0457178 0.703341
842.918 250.479 0.0843625 -0.0950633 0.764894
548.531 609.854 0.287223 0.0792546 0.72103
867.718 449.643 0.225783 -0.127748 0.789306
846.536 176.793 0.0431587 -0.0896142 0.745681
827.802 320.422 0.116016 -0.0786967 0.726813
782.629 269.626 0.0929972 -0.058041 0.751497
844.079 336.374 0.132027 -0.0946917 0.751083
700.948 136.41 0.0252127 -0.0124005 0.693474
813.507 353.917 0.13893 -0.0750047 0.740713
844.397 209.983 0.0607432 -0.0914981 0.753428
620.66 211.028 0.0602725 0.03043 0.750342
871.853 512.749 0.244359 -0.117029 0.745462
552.546 125.664 0.0179629 0.0600082 0.735445
832.7 313.419 0.108939 -0.0777681 0.713538
951.129 375.478 0.14367 -0.142388 0.716189
510.693 223.417 0.0583307 0.0625979 0.661776
691.06 402.572 0.131661 -0.00685107 0.656297
890.582 371.956 0.156525 -0.126039 0.757393
547.544 411.646 0.134619 0.0522873 0.656202
731.915 584.65 0.298561 -0.0304404 0.749685
626.643 480.27 0.199596 0.0288747 0.714182
624.706 115.907 0.00793178 0.0310718 0.790737
609.459 364.933 0.130103 0.0327256 0.701281
781.928 270.917 0.0934995 -0.057458 0.750186
663.723 605.584 0.325458 0.0155215 0.761855
705.349 596.325 0.334615 -0.013215 0.778139
633.815 275.764 0.0896052 0.0210636 0.717381
558.942 193.45 0.0469121 0.0428262 0.660122
649.785 222.615 0.0726921 0.0237708 0.845133
618.518 581.568 0.35264 0.0563056 0.812562
658.008 129.048 0.0177679 0.00991084 0.761858
610.272 604.018 0.328598 0.0532319 0.767586
580.184 582.286 0.35245 0.0869176 0.812678
751.06 553.061 0.387807 -0.0583304 0.876046
644.463 150.092 0.0295 0.0156627 0.739665
857.282 558.404 0.341656 -0.138414 0.81824
500.416 583.761 0.227624 0.0845864 0.671345
701.09 474.611 0.206837 -0.0111529 0.730768
856.553 452.315 0.249444 -0.133662 0.826133
958.024 233.269 0.0767424 -0.17086 0.783114
893.252 372.083 0.15586 -0.126848 0.755338
694.996 394.652 0.139198 -0.00849193 0.684123
497.395 252.762 0.112567 0.239383 1.05921
558.387 133.478 0.0201995 0.0623504 0.757043
693.705 348.023 0.120024 -0.00813731 0.694432
813.564 262.702 0.0912985 -0.0782052 0.764826
809.149 580.494 0.317933 -0.0869595 0.772504
726.443 597.639 0.303129 -0.0265548 0.743923
724.562 167.429 0.035995 -0.0291767 0.821614
813.72 520.608 0.44465 -0.151847 0.977551
588.978 133.783 0.0210415 0.0445739 0.747788
609.095 50.3411 0.0054075 0.0118348 0.564425
550.957 377.215 0.132575 0.0588368 0.692048
650.234 151.329 0.0292067 0.0144945 0.762147
620.079 102.499 0.00469912 0.0293073 0.758842
792.661 568.985 0.224569 -0.0543722 0.673028
699.529 191.299 0.049289 -0.0118219 0.719703
705.473 573.558 0.360507 -0.013681 0.826384
569.15 102.506 0.00530703 0.0548427 0.753247
854.219 240.886 0.0733926 -0.0875483 0.717095
621.655 214.734 0.0624969 0.0305441 0.75453
575.842 395.713 0.0970409 0.0255704 0.574822
638.749 215.412 0.062182 0.0201085 0.743287
666.23 189.202 0.0345909 -0.00222624 0.523262
624.24 485.906 0.197389 0.0289237 0.704964
630.613 477.129 0.207919 0.0290988 0.731381
787.27 192.162 0.0506812 -0.0575974 0.740358
862.659 198.947 0.0523134 -0.0853454 0.698893
957.729 290.259 0.0815573 -0.105893 0.637248
589.203 134.529 0.0212742 0.0448394 0.749805
674.657 135.085 -0.0111409 0.0131608 1.01112
518.378 66.294 -0.0165381 0.0868267 0.77899
633.848 235.108 0.0813293 0.0353669 0.842841
499.573 511.357 0.301401 0.153757 0.834
865.687 336.466 0.12209 -0.0961877 0.716823
495.375 77.1258 -0.00310068 0.0831577 0.727248
782.129 136.912 -0.0489669 -0.136854 1.19107
794.471 264.025 0.0889765 -0.0634668 0.745374
503.1 88.4751 -0.000299342 0.0852482 0.744325
857.649 211.523 0.0611019 -0.0963889 0.744932
864.167 508.094 0.258808 -0.121404 0.770604
712.365 192.571 -0.0852091 -0.0396768 1.75326
722.824 270.596 -0.0895837 -0.223729 4.00105
859.937 157.915 0.0324318 -0.106521 0.780926
795.06 566.951 0.228682 -0.0568012 0.679738
698.868 210.999 0.0608391 -0.0116305 0.755297
949.796 293.161 0.0983302 -0.13399 0.709073
512.18 224.46 0.0784914 0.186263 0.996003
524.064 284.701 0.0926242 0.0738242 0.712875
