626.519 479.187 0.205478 0.0297487 0.719039
813.218 351.089 0.140445 -0.0740315 0.738196
860.518 495.681 0.263391 -0.123251 0.784633
794.077 254.963 0.0882667 -0.0632047 0.746435
880.012 454.725 0.21361 -0.122129 0.753828
924.508 92.8687 0.0158632 -0.0906901 0.644952
494.698 184.442 -0.00270438 0.4036 1.35245
607.065 366.499 0.139066 0.0360272 0.714471
578.703 485.705 0.205395 0.0545219 0.713437
701.78 465.424 0.209317 -0.011465 0.738461
561.017 368.135 0.142738 0.0615627 0.723532
526.215 274.92 0.0929189 0.0744535 0.720936
602.589 365.922 0.131427 0.0346839 0.693536
571.866 491.457 0.194047 0.0523415 0.689384
527.365 275.117 0.0931491 0.0741029 0.721633
699.956 197.367 0.057402 -0.0123788 0.748434
691.77 140.826 0.0278989 -0.00841357 0.765417
727.599 296.542 0.345357 -0.596142 5.76563
677.193 94.4153 -0.109268 0.0215265 1.22214
717.654 285.173 -0.0601631 -0.140216 5.50737
722.252 190.328 0.0497552 -0.0369234 1.006
851.053 325.419 0.124151 -0.0923057 0.731361
627.936 263.454 0.0833104 0.0207999 0.693284
953.109 373.76 0.145585 -0.141467 0.713043
774.999 138.896 0.029617 -0.0472883 0.715847
790.538 170.66 0.0423089 -0.0758004 0.836178
625.388 474.866 0.195339 0.0283373 0.706161
638.714 200.394 0.0597446 0.0227337 0.774043
514.974 556.164 0.238712 0.0877217 0.701483
901.09 341.897 0.0980351 -0.0787387 0.615681
795.485 57.7039 -0.0496958 -0.0927842 0.92031
925.958 281.475 0.106749 -0.143888 0.761593
722.886 268.904 -0.0859185 -0.223311 3.93914
531.286 539.384 0.260324 0.0936849 0.743865
951.535 392.562 0.129431 -0.111422 0.648115
541.361 270.313 0.0925243 0.0697322 0.731607
916.328 348.32 0.0954446 -0.0787418 0.599898
583.553 268.484 0.0903655 0.0463624 0.722794
792.332 50.1353 0.00841245 -0.0335729 0.572528
555.7 207.201 0.0579852 0.0503995 0.689651
700.688 475.226 0.186389 -0.0105814 0.688721
785.267 259.558 0.0890139 -0.0566304 0.735292
631.368 267.776 0.0886552 0.0214798 0.713043
957.888 283.97 0.0951388 -0.1311 0.695923
541.636 206.9 0.0634335 0.0817529 0.785308
541.027 61.3844 0.00094445 0.0500363 0.67932
942.553 282.439 0.100241 -0.136819 0.725237
602.785 366.494 0.132132 0.0348099 0.694748
562.344 200.373 0.0570138 0.0542113 0.721526
701.022 469.307 0.204086 -0.0109545 0.725261
654.54 107.845 0.0138227 0.00952444 0.737182
793.801 558.713 0.228388 -0.0559011 0.680633
534.453 617.789 0.27274 0.0789646 0.695992
524.495 216.382 0.0642772 0.0724151 0.719632
491.38 168.583 0.0414557 0.107445 0.781239
569.663 488.233 0.189256 0.0520379 0.684302
710.019 104.065 0.0190224 -0.0151478 0.647966
554.894 360.833 0.129782 0.0575932 0.697192
944.488 388.475 0.12699 -0.107704 0.646458
786.293 255.9 0.0859595 -0.0558575 0.727581
528.055 273.472 0.0926223 0.0741825 0.723298
602.672 363.889 0.126203 0.0325636 0.681178
528.837 269.638 0.0914767 0.0749837 0.727905
544.682 272.447 0.095406 0.0709149 0.741814
882.259 512.574 0.232513 -0.114136 0.722729
813.202 341.033 0.137491 -0.0758616 0.747375
701.696 473.968 0.186926 -0.0110939 0.690825
629.846 102.082 0.0176666 0.0139821 0.657175
871.217 230.582 0.0708693 -0.0909641 0.702355
576.154 488.079 0.199898 0.0531873 0.702119
889.882 528.916 0.240317 -0.117675 0.718618
698.488 201.944 0.0602878 -0.0116319 0.759559
582.631 479.632 0.205427 0.0536279 0.719476
628.587 261.214 0.0821287 0.0203478 0.69219
789.201 516.449 0.267572 -0.0700886 0.769667
872.009 500.489 0.24855 -0.121036 0.757888
931.02 29.9223 -0.0154727 -0.11435 0.709796
814.414 205.671 0.0653927 -0.0893071 0.818313
940.339 285.976 0.0981312 -0.127408 0.706225
607.952 367.725 0.140865 0.0361483 0.717682
954.769 284.014 0.0918455 -0.122502 0.680031
705.781 132.624 0.0271293 -0.0148716 0.705229
567.538 366.939 0.149077 0.0630268 0.743145
702.368 465.859 0.203456 -0.0117451 0.727835
571 209.576 0.0632191 0.0564312 0.749842
585.303 272.443 0.0935104 0.0469044 0.729352
506.002 570.652 0.232679 0.0858233 0.682766
571.529 186.321 0.0498682 0.0458747 0.704107
842.897 243.583 0.0847303 -0.0949063 0.76566
548.68 604.025 0.287591 0.0794116 0.721796
867.885 443.819 0.226151 -0.127591 0.790072
846.464 169.127 0.0435265 -0.0894573 0.746447
827.81 313.385 0.116384 -0.0785398 0.727579
782.43 262.763 0.093365 -0.057884 0.752263
844.14 329.74 0.132395 -0.0945347 0.751849
700.158 127.792 0.0255805 -0.0122436 0.69424
813.509 347.271 0.139298 -0.0748477 0.741479
844.346 202.666 0.0611111 -0.0913412 0.754194
619.734 204.064 0.0606403 0.030587 0.751108
872.088 506.514 0.244727 -0.116872 0.746228
551.035 117.943 0.0183307 0.0601652 0.736211
832.718 306.125 0.109307 -0.0776112 0.714304
951.497 368.303 0.144038 -0.142231 0.716955
509.23 215.142 0.0586985 0.0627548 0.662542
690.79 394.908 0.132029 -0.00669413 0.657063
890.775 365.472 0.156893 -0.125882 0.758159
546.864 404.287 0.134987 0.0524442 0.656968
732.138 578.789 0.298929 -0.0302835 0.750451
626.466 474.023 0.199964 0.0290316 0.714948
623.553 108.768 0.0082996 0.0312287 0.791503
608.891 358.094 0.130471 0.0328825 0.702047
781.729 264.044 0.0938673 -0.057301 0.750952
663.979 599.985 0.325826 0.0156784 0.762621
705.6 590.809 0.334983 -0.0130581 0.778905
633.093 268.677 0.089973 0.0212205 0.718147
557.599 184.833 0.0472799 0.0429832 0.660888
649.06 216.828 0.0730599 0.0239278 0.845899
618.751 576.554 0.353008 0.0564626 0.813328
657.033 121.573 0.0181357 0.0100678 0.762624
610.516 598.588 0.328966 0.0533888 0.768352
580.413 577.351 0.352818 0.0870745 0.813444
751.25 548.287 0.388175 -0.0581734 0.876812
643.467 142.479 0.0298679 0.0158197 0.740431
857.472 552.967 0.342024 -0.138257 0.819006
500.285 577.287 0.227992 0.0847433 0.672111
701.049 468.444 0.207205 -0.010996 0.731534
856.687 446.892 0.249812 -0.133505 0.8269
958.368 226.305 0.0771102 -0.170703 0.78388
893.451 365.567 0.156228 -0.126692 0.756104
694.738 387.487 0.139566 -0.00833499 0.684889
496.36 248.983 0.112935 0.23954 1.05998
556.949 126.139 0.0205673 0.0625073 0.757809
693.347 340.83 0.120392 -0.00798037 0.695198
813.458 255.929 0.0916664 -0.0780483 0.765592
809.385 574.72 0.318301 -0.0868026 0.77327
726.687 591.722 0.303497 -0.0263978 0.744689
723.99 160.888 0.0363628 -0.0290198 0.82238
813.825 516.344 0.445018 -0.15169 0.978317
587.68 126.257 0.0214093 0.0447308 0.748554
607.478 37.4797 0.00577532 0.0119917 0.565191
550.235 370.38 0.132943 0.0589937 0.692814
649.281 144.047 0.0295745 0.0146514 0.762913
618.848 94.825 0.00506695 0.0294642 0.759608
792.911 561.941 0.224937 -0.0542153 0.673795
698.863 183.578 0.0496568 -0.011665 0.720469
705.697 568.487 0.360875 -0.013524 0.82715
567.66 94.8356 0.00567485 0.0549996 0.754013
854.239 233.19 0.0737604 -0.0873914 0.717861
620.746 207.853 0.0628647 0.0307011 0.755296
575.038 386.071 0.0974087 0.0257273 0.575589
637.904 208.341 0.0625499 0.0202655 0.744053
665.243 175.684 0.0349587 -0.0020693 0.524028
624.063 479.538 0.197757 0.0290806 0.70573
630.454 471.112 0.208287 0.0292557 0.732147
786.976 184.628 0.051049 -0.0574405 0.741124
862.681 190.634 0.0526812 -0.0851885 0.699659
958.214 281.082 0.0819251 -0.105736 0.638014
587.91 127.039 0.021642 0.0449963 0.750571
673.858 129.939 -0.0107731 0.0133178 1.01189
516.516 58.7486 -0.0161702 0.0869837 0.779756
633.099 229.404 0.0816971 0.0355238 0.843607
499.504 506.774 0.301769 0.153914 0.834766
865.822 329.282 0.122457 -0.0960308 0.717589
493.388 68.948 -0.00273286 0.0833147 0.728014
892.045 536.438 0.310955 -0.15633 0.800408
949.31 284.695 0.0891168 -0.113997 0.665747
783.25 540.963 0.399909 -0.0939114 0.897052
867.026 231.764 0.0727288 -0.0925615 0.714208
524.682 310.495 0.149461 0.134205 0.881824
941.371 283.427 0.0918965 -0.117348 0.681906
551.8 260.586 0.109476 0.110812 0.890898
586.684 85.8244 0.0104534 0.0320384 0.674744
689.714 247.145 0.0838608 -0.00647686 0.749951
945.7 453.029 0.334864 -0.284965 0.946044
895.157 393.829 0.151784 -0.108218 0.702769
701.638 154.106 0.0349052 -0.0137245 0.764512
635.497 271.775 0.0944028 0.021876 0.734675
509.892 253.146 0.12117 0.247142 1.10401
943.923 468.186 0.370754 -0.301961 0.967706
874.097 348.116 0.128069 -0.0963508 0.70365
781.819 132.453 -0.0485991 -0.136697 1.19184
794.303 257.019 0.0893444 -0.0633098 0.74614
501.213 80.6585 6.8482e-05 0.0854051 0.745091
857.65 204.069 0.0614697 -0.096232 0.745698
864.373 502.164 0.259176 -0.121247 0.77137
711.942 189.918 -0.0848413 -0.0395199 1.75402
722.671 269.606 -0.0892159 -0.223573 4.00182
859.9 150.582 0.0327996 -0.106364 0.781692
795.307 560.011 0.22905 -0.0566442 0.680504
698.259 203.969 0.0612069 -0.0114735 0.756064
950.168 285.473 0.0986981 -0.133833 0.709839
511.038 220.128 0.0788592 0.186419 0.996769
522.957 277.788 0.0929921 0.0739811 0.713641
