706.804 538.935 0.312741 -0.0125394 0.919116
633.374 533.004 0.320688 0.0661224 0.940746
603.175 349.332 0.112112 0.079417 0.919336
769.612 482.12 0.324705 -0.0953577 1.02673
949.635 75.7899 -0.115501 -0.22163 0.914656
770.338 482.284 0.232594 -0.0718694 0.889641
704.084 429.139 0.181474 -0.0122531 0.894677
841.595 465.628 0.235722 -0.147573 0.919434
880.825 290.486 0.061598 -0.173383 0.912592
876.65 289.844 0.0629309 -0.175883 0.927774
543.166 297.191 0.0703978 0.152341 0.976935
820.252 252.69 0.0252323 -0.106267 0.870145
934.154 170.099 -0.047929 -0.24036 0.96302
838.994 417.058 0.191652 -0.148252 0.934989
515.896 132.003 -0.0728089 0.13382 0.902326
573.03 484.314 0.243712 0.115452 0.913236
580.603 283.329 0.0512639 0.0963092 0.921718
516.172 130.605 -0.0734376 0.132739 0.900312
611.438 438.642 0.180663 0.0675917 0.879054
648.662 429.908 0.183643 0.0383717 0.900597
571.135 487.08 0.240417 0.114008 0.90353
947.529 163.006 -0.0489135 -0.23371 0.929105
946.03 80.9988 -0.11594 -0.226407 0.928845
531.926 437.856 0.194868 0.15028 0.913749
839.083 461.858 0.219378 -0.137566 0.898602
731.786 509.056 0.299727 -0.0400302 0.946194
507.311 104.643 -0.114398 0.169651 0.978423
708.814 169.015 -0.0356196 -0.0193588 0.84476
535.024 55.0907 -0.168468 0.149579 1.00693
553.302 2.66918 -0.203409 0.120333 0.984124
949.29 16.9893 -0.157377 -0.215239 0.910006
784.236 535.677 0.269361 -0.08071 0.865853
524.469 89.7844 -0.120355 0.143876 0.956716
602.783 176.194 -0.046699 0.0806877 0.967229
536.024 288.972 0.0576178 0.14353 0.939506
599.928 287.005 0.0614919 0.0945214 0.982345
958.445 239.579 0.0177476 -0.236593 0.906936
637.201 345.141 0.1016 0.0433975 0.890764
953.52 157.108 -0.0513864 -0.230112 0.913922
581.275 282.894 0.0509854 0.0959635 0.922714
486.808 356.958 0.134488 0.220794 0.982266
756.765 185.368 -0.0306039 -0.0617689 0.916025
528.613 215.195 -0.0105855 0.149914 0.954567
533.607 462.146 0.223846 0.154418 0.921115
536.348 74.8134 -0.191602 0.189875 1.11012
568.704 263.275 0.0365527 0.126383 0.986523
862.557 285.838 0.0663349 -0.187666 0.991182
669.706 161.092 -0.051989 0.0125925 0.920614
815.916 322.281 0.0865969 -0.111928 0.898979
662.21 182.974 -0.0340367 0.0196132 0.919926
792.299 523.842 0.298589 -0.0997603 0.919179
806.709 257.057 0.0333144 -0.118484 0.964181
519.481 86.1271 -0.118946 0.142649 0.942608
658.04 276.978 0.0480705 0.0280347 0.935655
703.905 425.165 0.175474 -0.0121878 0.889939
869.231 362.005 0.114779 -0.149447 0.870004
791.536 265.218 0.038544 -0.0947996 0.924207
580.07 476.266 0.253318 0.118045 0.942286
581.852 222.857 -0.00150909 0.0902543 0.917556
957.485 46.216 -0.164053 -0.263818 0.982104
622.621 279.08 0.0490551 0.0603104 0.93156
496.492 281.079 0.0477552 0.170182 0.920222
955.683 232.232 0.0114844 -0.239787 0.917518
623.429 280.836 0.0514485 0.0611471 0.939417
663.853 181.516 -0.035398 0.0182769 0.921442
651.088 424.224 0.184079 0.0377087 0.913392
514.733 111.247 -0.217665 0.310178 1.28406
603.68 228.223 0.00350363 0.0692549 0.906381
606.205 346.711 0.11409 0.0806187 0.93644
587.34 313.277 0.0326787 0.0339656 0.662603
950.251 17.3114 -0.158812 -0.218097 0.914007
875.652 287.841 0.0613864 -0.17599 0.93054
790.567 338.749 0.0981935 -0.0876749 0.8881
539.344 2.64067 -0.184337 0.120109 0.943899
529.598 219.407 -0.00654982 0.148074 0.951326
494.051 100.2 -0.106477 0.163815 0.938033
694.666 259.34 0.0286463 -0.00768779 0.868962
693.422 184.664 -0.0310173 -0.00746813 0.907878
814.91 198.847 -0.0174377 -0.10779 0.89778
845.476 446.755 0.203573 -0.142393 0.897141
769.302 483.301 0.231346 -0.0703521 0.886089
790.183 336.506 0.0984372 -0.0892015 0.897327
792.425 335.569 0.0945084 -0.0883854 0.884111
781.548 178.77 -0.0329149 -0.0786266 0.890738
651.762 424.976 0.18898 0.0383476 0.922239
956.555 298.723 0.0703312 -0.242976 0.912382
535.609 467.232 0.232292 0.15536 0.926296
635.056 348.315 0.104938 0.0457289 0.893056
607.001 342.981 0.107494 0.0767858 0.924615
920.233 365.094 0.095891 -0.156598 0.796923
796.193 166.502 -0.0772136 -0.136201 1.09402
874.214 289.743 0.0599175 -0.164569 0.905727
702.408 227.225 0.0031565 -0.0143631 0.945823
534.499 53.2716 -0.168938 0.148899 1.00408
495.803 103.003 -0.115644 0.179926 0.977473
649.513 248.026 0.0191347 0.0262416 0.861945
877.32 289.979 0.0625786 -0.174941 0.924013
853.166 79.2642 -0.124552 -0.15262 0.949424
772.296 197.635 -0.0292436 -0.0911259 1.01142
588.456 280.356 0.0524076 0.0998576 0.960958
782.119 482.018 0.231464 -0.082321 0.887727
826.651 331.48 0.0960741 -0.123034 0.903634
521.853 226.65 -0.0478746 0.427004 1.44883
531.407 379.104 0.137812 0.145986 0.915477
930.738 47.7865 -0.229214 -0.318564 1.12879
540.756 30.0994 -0.212906 0.158491 1.05415
812.455 498.695 0.315421 -0.137933 0.98036
622.201 281.7 0.0517574 0.0614037 0.934541
654.614 278.271 0.0469115 0.0284942 0.911089
769.491 216.602 -0.0984751 -0.213286 1.61416
495.616 93.3426 -0.115842 0.16747 0.950987
944.632 21.0706 -0.156627 -0.214371 0.915296
655.433 6.06304 -0.177524 0.02133 0.935452
766.833 269.793 0.0410966 -0.0700178 0.909248
815.512 322.478 0.0863701 -0.111071 0.897072
797.026 170.036 -0.0768078 -0.142092 1.11274
720.496 205.784 -0.140475 -0.0634305 1.64938
718.175 25.8144 -0.24808 -0.0387992 1.11584
712.623 199.077 -0.226477 -0.0413696 1.84932
743.779 201.217 -0.152868 -0.137823 1.64768
739.982 180.967 -0.252278 -0.139096 1.75407
774.492 141.27 -0.174203 -0.149889 1.3045
841.012 177.72 -0.0349671 -0.131813 0.907275
743.955 201.58 -0.152016 -0.138502 1.64844
940.478 124.874 -0.085825 -0.23632 0.950859
794.393 178.474 -0.0746642 -0.149562 1.15555
763.694 190.557 -0.219485 -0.224532 1.75123
538.74 14.7648 -0.577638 0.395494 1.58013
779.203 199.685 -0.0861925 -0.178689 1.37614
761.536 194.156 -0.230871 -0.23172 1.81586
614.42 242.341 0.0158695 0.072619 0.964021
751.906 218.244 -0.0852679 -0.151515 1.5728
481.883 356.418 0.113353 0.184738 0.908431
889.896 358.128 0.115895 -0.172447 0.883588
720.9 174.566 -0.0409437 -0.0313875 0.924564
793.206 331.01 0.0909858 -0.0893311 0.885815
602.519 529.273 0.326101 0.102878 0.954542
521.024 136.968 -0.0729808 0.137434 0.921904
749.533 535.586 0.31621 -0.0569791 0.926113
757.845 190.995 -0.220019 -0.20445 1.75631
815.502 515.255 0.347462 -0.146299 0.992375
717.143 190.101 -0.243767 -0.0587903 1.80957
720.985 202.521 -0.136405 -0.0627382 1.60089
949.746 14.3181 -0.161539 -0.218163 0.915297
514.92 35.0808 -0.155868 0.139592 0.934581
821.943 322.405 0.0899107 -0.121476 0.913923
769.171 216.158 -0.0943291 -0.206402 1.59015
677.665 84.1375 -0.107605 0.00321465 0.903654
737.495 213.601 -0.0437424 -0.0785179 1.28523
794.082 306.442 0.0795707 -0.102048 0.942925
712.64 191.353 -0.211415 -0.0403473 1.73267
657.951 246.084 0.0204451 0.0398217 1.04887
729.87 210.473 -0.326783 -0.148757 2.24365
523.348 297.767 0.0580579 0.132618 0.882815
536.605 217.566 -0.00980024 0.152852 0.980801
775.986 206.14 -0.0844433 -0.185305 1.4313
777.962 193.757 -0.0261995 -0.0854432 0.946357
527.234 285.054 0.0510654 0.140617 0.913371
769.323 267.524 0.0384123 -0.070677 0.899416
764.43 268.345 0.0417502 -0.0716505 0.935137
492.255 89.9466 -0.115603 0.165795 0.941107
811.931 253.625 0.028553 -0.113841 0.926742
617.942 281.798 0.048789 0.0594952 0.904956
614.947 430.091 0.182883 0.0689322 0.900394
748.625 533.555 0.319401 -0.0568058 0.932947
835.343 512.283 0.311784 -0.155195 0.951639
550.669 316.158 0.0801997 0.124742 0.919382
609.455 156.886 -0.0625041 0.0713017 0.958064
843.522 465.018 0.213052 -0.136017 0.882082
655.735 277.579 0.04709 0.0283842 0.919297
702.745 224.781 0.0012983 -0.0147041 0.932841
521.117 134.869 -0.0744595 0.136862 0.921022
550.283 317.83 0.0824226 0.12661 0.923188
826.375 537.467 0.315658 -0.13533 0.919309
812.316 317.412 0.0902095 -0.119473 0.940091
764.479 193.154 -0.21168 -0.2281 1.75334
744.181 198.738 -0.153828 -0.136037 1.62658
726.377 477.578 0.336118 -0.0402078 1.05487
547.084 235.379 0.00664873 0.0750105 0.770138
704.37 428.314 0.178817 -0.0125402 0.890696
758.355 189.116 -0.218046 -0.20151 1.73405
716.843 182.948 -0.241064 -0.0557478 1.74054
694.225 170.634 -0.0403188 -0.00858344 0.893134
775.055 264.163 0.0358733 -0.0760697 0.902525
827.648 181.791 -0.0347339 -0.12796 0.933277
549.145 589.492 0.187376 0.0707785 0.710399
604.591 525.366 0.332222 0.104467 0.968132
819.418 253.932 0.0290662 -0.121527 0.929633
647.993 234.343 0.00858901 0.0400787 0.969927
646.112 232.292 0.00687141 0.0397407 0.954203
588.939 522.388 0.289722 0.105095 0.919107
663.369 176.378 -0.0791802 0.0413086 1.15421
671.167 166.807 -0.0503613 0.0128177 0.940984
902.608 407.902 0.273549 -0.323389 1.12366
515.949 223.751 -0.00349962 0.168827 0.968878
931.943 213.418 -0.0148199 -0.304892 1.07073
624.416 280.559 0.0528082 0.063427 0.956298
667.331 335.393 0.169526 0.052965 1.21017
696.592 258.731 0.033197 -0.00791445 0.965413
857.955 349.217 0.108055 -0.145331 0.885836
480.131 81.1188 -0.110363 0.157619 0.901368
823.341 190.779 -0.0293306 -0.130737 0.956098
609.468 546.225 0.38422 0.109254 0.995424
538.448 1.53627 -0.177932 0.115779 0.928114
632.603 563.02 0.356517 0.0686748 0.939572
778.914 550.81 0.370985 -0.0961192 0.965485
538.348 512.09 0.392633 0.231725 1.06898
782.788 551.072 0.391741 -0.105587 0.987063
606.861 552.422 0.372358 0.105884 0.973119
599.4 542.18 0.31222 0.0961188 0.918759
611.021 156.68 -0.0655647 0.0730219 0.973668
516.765 132.38 -0.0736047 0.135137 0.907555
781.648 539.907 0.311869 -0.0879835 0.913381
609.834 592.996 0.26767 0.0596323 0.806164
499.091 66.8666 -0.111522 0.13085 0.873002
850.466 538.781 0.271713 -0.138143 0.862343
513.22 531.777 0.340002 0.210761 0.972114
849.605 538.417 0.277119 -0.140117 0.869684
640.119 177.685 -0.0464423 0.0464289 0.977962
739.847 172.571 -0.256585 -0.131533 1.70005
739.077 191.972 -0.287685 -0.160417 1.93914
639.648 366.332 0.11554 0.0397679 0.87478
764.957 271.565 0.04406 -0.0709163 0.926646
783.352 542.279 0.306913 -0.0878154 0.904125
542.759 426.701 0.203449 0.156905 0.955298
656.873 277.357 0.0481583 0.0288373 0.932936
830.709 535.793 0.383351 -0.169144 0.999232
810.197 545.295 0.402845 -0.145635 1.0062
795.994 308.627 0.0782499 -0.0993587 0.922517
640.336 343.858 0.112039 0.0477573 0.93663
782.326 542.269 0.310817 -0.0877796 0.908869
767.02 221.015 -0.001229 -0.0735955 0.934352
822.389 193.107 -0.0288786 -0.134513 0.972303
498.282 429.269 0.0503598 0.0477397 0.579775
522.689 213.223 -0.0107762 0.143616 0.925862
642.005 339.742 0.105582 0.0444111 0.926585
510.129 282.203 0.0537256 0.181418 0.97047
749.24 209.048 -0.119726 -0.1494 1.60997
726.576 204.53 -0.235319 -0.104118 1.93374
688.896 208.829 -0.0666917 0.0169657 1.36112
764.501 272.786 0.0455783 -0.071218 0.931522
836.604 463.377 0.228012 -0.139477 0.910791
727.374 510.918 0.294099 -0.034689 0.935932
864.315 61.7999 -0.11456 -0.137442 0.878203
499.366 239.781 0.0108734 0.213251 1.02205
586.493 278.902 0.0464307 0.0880022 0.91145
832.62 538.418 0.374571 -0.166332 0.985317
605.862 148.795 -0.0668922 0.0712113 0.943885
703.053 225.922 0.00207989 -0.0149857 0.941904
541.668 256.372 0.0244901 0.111002 0.871286
666.937 18.5528 -0.189201 0.0150894 0.98281
838.734 464.154 0.221504 -0.137219 0.898271
904.67 240.973 0.0187475 -0.204406 0.938631
563.853 143.727 -0.073191 0.110789 0.951778
934.658 470.681 0.307634 -0.305904 1.01575
696.851 367.049 0.0920534 -0.00850459 0.790865
726.25 200.378 -0.233875 -0.0990558 1.88438
658.552 166.624 -0.0393413 0.0169774 0.858888
613.4 439.328 0.181227 0.0658967 0.878821
750.507 192.644 -0.242854 -0.191598 1.83281
526.325 188.158 -0.0292998 0.12892 0.900688
574.95 220.251 -0.0154032 0.155621 1.10505
596.112 169.37 -0.0474095 0.0780216 0.930544
753.042 544.927 0.308066 -0.0578227 0.903277
639.701 141.823 -0.0662132 0.0364472 0.912356
817.869 320.995 0.0839856 -0.111616 0.891585
879.051 55.72 -0.105692 -0.133855 0.837267
740.144 224.891 -0.0948319 -0.134301 1.70768
767.346 481.131 0.230656 -0.0689357 0.888522
635.709 136.537 -0.0675226 0.037636 0.897965
744.219 558.752 0.379971 -0.0554527 0.965349
713.528 565.335 0.370124 -0.0192125 0.947269
740.843 214.874 -0.16454 -0.155073 1.84208
751.222 544.186 0.303787 -0.0555499 0.899192
930.747 453.684 0.296556 -0.312644 1.03617
596.672 19.2758 -0.170697 0.0722335 0.942128
765.597 236.337 0.00286633 -0.120277 1.22155
810.651 228.686 0.00611746 -0.115539 0.940523
861.137 352.116 0.112195 -0.15024 0.891248
920.554 242.681 0.0213533 -0.268245 1.02739
813.68 253.247 0.0275203 -0.111129 0.910102
576.368 154.887 -0.0744919 0.116364 1.00829
795.448 303.872 0.0758969 -0.101663 0.935539
822.119 529.646 0.32362 -0.137473 0.940327
503.886 357.556 0.246018 0.440483 1.34552
632.792 564.376 0.357249 0.0683243 0.938524
530.439 311.854 0.116113 0.260224 1.16577
844.207 447.02 0.206223 -0.142831 0.901641
590.766 356.914 0.0999548 0.0731094 0.85049
596.789 541.125 0.464266 0.16016 1.08926
688.999 238.757 0.0111788 -0.00512236 0.80466
658.068 231.777 0.00684132 0.026476 0.936739
693.452 373.815 0.0813103 -0.00697772 0.740809
653.481 223.536 -0.000636648 0.030556 0.93839
515.125 29.2828 -0.158484 0.137403 0.930272
750.158 208.112 -0.118281 -0.149543 1.59402
492.988 215.743 -0.0196036 0.245263 1.07444
523.166 85.106 -0.121313 0.141235 0.947576
693.637 349.437 0.0777312 -0.00685325 0.780489
677.019 537.132 0.31808 0.0185979 0.929499
676.446 539.917 0.312249 0.0182821 0.918508
500.82 356.126 0.13189 0.201947 0.975075
756.488 559.354 0.291035 -0.056237 0.864681
680.063 172.445 -0.0443977 0.00459332 0.933755
762.641 203.423 -0.0160642 -0.0679986 0.923763
783.484 190.397 -0.0280092 -0.0884847 0.935281
850.108 305.124 0.0766591 -0.151157 0.926691
763.569 214.356 -0.0065335 -0.0684214 0.920483
735.257 198.419 -0.250938 -0.140106 1.91056
732.169 227.084 -0.093164 -0.108681 1.73216
596.859 177.739 -0.0701806 0.125123 1.11414
587.908 6.54749 -0.167473 0.07267 0.913051
645.763 339.001 0.106225 0.0416332 0.931912
544.834 14.3023 -0.171763 0.113661 0.935484
690.066 375.351 0.0689726 -0.00587171 0.696653
536.256 528.894 0.375186 0.208438 1.01757
576.804 227.428 0.00167427 0.102191 0.94322
705.125 184.811 -0.0319053 -0.0173912 0.918611
770.592 201.837 -0.111805 -0.18918 1.50519
685.214 262.37 0.018214 -0.00452702 0.713254
648.95 262.668 0.0420176 0.121468 1.42421
662.932 276.606 0.0503143 0.0262949 0.964561
586.709 191.765 -0.0173039 0.0519403 0.774167
801.631 306.913 0.0707642 -0.0963132 0.887042
619.262 426.612 0.19076 0.0701202 0.924265
534.544 371.737 0.126784 0.137144 0.902569
692.594 378.913 0.0762718 -0.00679773 0.715033
835.159 536.395 0.309514 -0.14211 0.913006
811.252 546.883 0.399346 -0.145061 0.999982
759.317 237.428 -0.104304 -0.263129 1.96961
876.37 219.203 -2.19084e-05 -0.155465 0.886076
670.069 573.006 0.36089 0.0273749 0.929336
706.789 536.148 0.3151 -0.0125405 0.925919
938.208 297.995 0.0789741 -0.263337 0.975914
673.289 153.459 -0.0704532 0.0133944 0.986732
519.474 213.008 -0.0103257 0.141309 0.913225
944.967 297.461 0.0763353 -0.261389 0.961115
588.764 249.628 0.0214139 0.0856027 0.916536
544.394 27.5529 -0.156246 0.110702 0.921923
669.888 570.529 0.36386 0.0282124 0.935709
843.218 346.852 0.128977 -0.162452 0.971693
706.098 543.995 0.310254 -0.0117918 0.909185
694.077 172.81 -0.0379931 -0.00849195 0.887696
727.246 227.852 -0.129474 -0.103733 1.89787
857.846 358.709 0.122389 -0.153059 0.905744
659.169 222.988 -0.0050525 0.0346288 1.02641
609.385 246.333 0.00827976 0.187551 1.35239
669.908 281.145 0.00404601 -0.00278378 0.54482
721.149 225.594 -0.124984 -0.0744138 1.84358
530.749 211.865 -0.0110895 0.131398 0.9124
883.949 290.081 0.0593227 -0.169882 0.897788
818.807 298.273 0.0638706 -0.110852 0.887905
610.811 122.686 -0.0557412 0.037578 0.782119
941.008 304.74 0.0837244 -0.257761 0.960776
484.229 354.274 0.129198 0.218434 0.974053
614.416 362.535 0.135196 0.0776677 0.95361
657.209 11.6163 -0.179321 0.0211007 0.948811
735.002 199.16 -0.25104 -0.139938 1.91857
628.07 298.916 0.151058 0.256826 1.65244
534.471 213.393 -0.010589 0.134071 0.927774
637.422 347.636 0.110812 0.0476325 0.917842
713.268 185.57 -0.208788 -0.041841 1.67528
863.649 497.95 0.276057 -0.1741 0.925186
780.047 528.548 0.326787 -0.0932045 0.947824
701.862 227.762 0.0036994 -0.0138418 0.943308
939.709 26.0772 -0.157214 -0.215799 0.925681
615.372 364.07 0.135114 0.0755027 0.947987
577.735 284.402 0.0511741 0.0961798 0.912197
774.215 266.684 0.0389346 -0.0774475 0.915061
818.365 523.374 0.33475 -0.140629 0.963547
512.065 70.7591 -0.11988 0.134734 0.908385
739.905 183.689 -0.245306 -0.139484 1.7588
726.085 181.473 -0.257512 -0.0904989 1.77062
831.225 177.876 -0.0356468 -0.125258 0.913318
588.178 279.868 0.0482864 0.0893302 0.921757
663.148 188.079 -0.0321855 0.0208674 0.942433
606.888 233.262 0.00755629 0.0714366 0.928053
947.149 60.1498 -0.166039 -0.275033 1.01782
865.462 70.8487 -0.109439 -0.139825 0.88186
769.976 481.535 0.235212 -0.072415 0.895023
703.934 425.649 0.184994 -0.012108 0.909393
844.559 471.12 0.230716 -0.144181 0.901475
946.049 236.471 0.01523 -0.246561 0.943817
870.939 290.374 0.0618667 -0.16604 0.916658
615.823 434.046 0.191125 0.0704316 0.909431
648.004 434.306 0.185498 0.0384304 0.895609
674.191 536.108 0.315328 0.0213284 0.927748
534.242 456.818 0.219421 0.154222 0.923222
574.747 483.514 0.247134 0.116108 0.919927
529.276 284.539 0.0518468 0.143443 0.924919
