704.611 536.853 0.307233 -0.0124653 0.910456
630.362 531.007 0.315216 0.0654796 0.932127
597.923 345.796 0.107661 0.0780874 0.904922
767.785 477.521 0.322304 -0.0953177 1.02583
949.266 67.3431 -0.117071 -0.220195 0.910203
767.673 475.964 0.231233 -0.0720006 0.892337
701.615 424.419 0.178697 -0.0122294 0.892241
840.936 462.577 0.230945 -0.146178 0.910768
879.187 284.879 0.0591659 -0.172697 0.909855
877.955 284.487 0.0593004 -0.173232 0.913841
539.642 292.331 0.0680915 0.151841 0.974587
819.3 246.307 0.0224616 -0.105109 0.861167
937.153 161.637 -0.0497592 -0.236379 0.947833
841.276 416.82 0.183304 -0.144152 0.910056
513.74 126.952 -0.0751802 0.135021 0.909777
568.89 482.163 0.238699 0.114058 0.904068
577.872 277.942 0.0493313 0.096459 0.923592
512.656 124.252 -0.0755305 0.132658 0.901835
609.89 431.939 0.179863 0.0678875 0.884728
645.804 425.699 0.180469 0.0381359 0.896519
567.647 483.865 0.236479 0.113094 0.897815
945.249 156.871 -0.0509414 -0.233507 0.929651
944.916 73.8201 -0.117981 -0.226575 0.928496
528.975 433.313 0.192355 0.149922 0.91234
837.821 458.266 0.21525 -0.136329 0.891792
729.821 504.97 0.296335 -0.0399306 0.942733
503.184 98.1404 -0.116355 0.16952 0.978537
705.623 161.207 -0.0377463 -0.0192477 0.839034
504.657 15.9219 -0.157516 0.135175 0.913235
949.27 7.33828 -0.158703 -0.213916 0.905351
777.276 512.906 0.282893 -0.084827 0.910143
519.544 81.9635 -0.121954 0.14293 0.952992
599.005 169.791 -0.048667 0.0802997 0.963625
531.3 283.928 0.0548994 0.142112 0.932714
598.122 281.965 0.0608189 0.0972609 0.996615
635.175 339.352 0.0999767 0.0432634 0.894374
577.125 277.558 0.0483727 0.0953057 0.917383
480.154 353.469 0.130506 0.218514 0.971494
754.083 179.838 -0.0326741 -0.0622177 0.920695
522.518 208.463 -0.0128983 0.146979 0.942024
532.283 456.452 0.222667 0.154692 0.924427
532.623 68.5494 -0.193436 0.189782 1.11038
567.038 258.391 0.034984 0.127051 0.992759
860.207 280.588 0.0646451 -0.189059 0.995698
666.844 155.359 -0.0541133 0.0126703 0.923937
815.658 317.63 0.08263 -0.11027 0.885808
659.074 176.563 -0.0360827 0.0194812 0.917739
784.479 499.934 0.317031 -0.106189 0.975577
807.548 250.743 0.029448 -0.115131 0.939425
514.162 78.457 -0.120737 0.142443 0.940212
654.501 271.562 0.0449013 0.027416 0.923629
701.746 419.419 0.173757 -0.0124497 0.891833
908.314 384.409 0.0888959 -0.124049 0.732144
791.465 259.21 0.0350768 -0.09344 0.907969
576.078 474.248 0.24818 0.116582 0.93247
570.174 214.062 -0.00486692 0.0867281 0.880512
959.17 36.1806 -0.164761 -0.26116 0.973031
618.57 273.744 0.0463616 0.0600158 0.9248
492.127 275.779 0.0454291 0.169553 0.917635
953.85 226.302 0.00938063 -0.239459 0.916875
620.031 275.55 0.048844 0.0605251 0.933783
661.728 177.272 -0.0374708 0.0186427 0.934546
647.785 421.274 0.179579 0.0371992 0.903733
600.747 222.492 0.00147082 0.0692721 0.907907
603.002 341.879 0.11175 0.0806822 0.934877
579.967 307.185 0.0295089 0.0334629 0.654178
947.141 11.0665 -0.161298 -0.218766 0.917804
873.253 282.236 0.0595569 -0.176946 0.933547
788.564 333.485 0.0955485 -0.0873947 0.884911
533.798 216.331 -0.00771045 0.152225 0.979926
489.918 93.5867 -0.108499 0.163733 0.938708
692.472 254.055 0.0284545 -0.00780108 0.894471
690.547 178.04 -0.0330846 -0.00757147 0.904689
812.505 192.681 -0.0195288 -0.107828 0.89812
843.224 441.372 0.201271 -0.142323 0.896657
767.165 478.162 0.228771 -0.070363 0.88488
788.163 331.491 0.0955215 -0.0884829 0.892152
790.726 330.385 0.0916758 -0.0880798 0.879567
779.435 171.734 -0.0350129 -0.0782325 0.886503
648.347 422.589 0.183865 0.0376701 0.910156
954.661 292.999 0.0681896 -0.243226 0.912537
530.781 464.882 0.227518 0.153792 0.917374
633.672 341.875 0.104543 0.0462063 0.903775
602.857 338.942 0.103706 0.075459 0.913775
903.963 353.443 0.101086 -0.164513 0.83615
794.478 160.964 -0.0790573 -0.135971 1.09256
875.449 284.274 0.0562776 -0.162005 0.891875
699.662 220.74 0.000647817 -0.0143071 0.934889
530.485 46.3648 -0.170874 0.148825 1.00448
491.424 96.3298 -0.117565 0.179669 0.977055
645.813 241.786 0.0166868 0.0260265 0.856837
875.447 284.427 0.0603609 -0.174774 0.923068
851.97 71.1695 -0.126141 -0.151884 0.945351
773.243 186.3 -0.0314781 -0.0860287 0.963145
582.758 275.224 0.0490403 0.0983743 0.94658
779.224 476.988 0.228901 -0.081577 0.886373
822.606 325.118 0.0953332 -0.124309 0.913535
524.886 225.219 -0.0497779 0.437077 1.48348
528.093 374.367 0.135361 0.145629 0.913906
930.108 40.9349 -0.230677 -0.317859 1.12702
537.689 24.3519 -0.21546 0.158995 1.05846
816.253 506.422 0.297258 -0.131729 0.937099
619.199 276.419 0.0495277 0.0611272 0.932702
652.356 272.759 0.0452553 0.0285104 0.91594
767.257 214.812 -0.100041 -0.214984 1.63488
490.688 86.0874 -0.117701 0.167075 0.949472
945.323 10.4394 -0.157562 -0.212196 0.907822
765.026 264.029 0.038145 -0.0691123 0.899198
814.071 317.258 0.0833564 -0.110303 0.891119
719.206 199.67 -0.139682 -0.0620959 1.61442
715.778 18.9823 -0.249851 -0.038793 1.11592
711.522 195.919 -0.227771 -0.0418882 1.8503
742.386 198.127 -0.154597 -0.137971 1.65269
739.148 175.468 -0.250778 -0.137376 1.73174
773.634 134.457 -0.174502 -0.148291 1.29161
836.406 172.955 -0.0371223 -0.133061 0.917994
742.135 201.025 -0.156249 -0.142061 1.68753
938.225 118.961 -0.0879962 -0.237055 0.953328
792.829 173.272 -0.0764541 -0.149261 1.1537
760.384 193.442 -0.229904 -0.235676 1.83474
535.108 8.48337 -0.579132 0.395551 1.58114
777.592 195.988 -0.088005 -0.179177 1.38021
758.782 195.72 -0.239926 -0.240675 1.8845
610.596 236.631 0.0134957 0.0721841 0.958289
750.09 216.365 -0.0876378 -0.153968 1.59725
482.48 349.875 0.113242 0.187774 0.921062
883.989 350.841 0.116107 -0.175123 0.897031
718.221 168.238 -0.0429985 -0.031381 0.923606
790.227 324.415 0.0904919 -0.0912321 0.897351
600.502 524.866 0.323361 0.102506 0.952977
515.815 129.6 -0.0748478 0.136647 0.917913
747.777 532.395 0.311676 -0.0566917 0.920013
756.182 189.149 -0.223419 -0.20645 1.77622
815.464 514.755 0.339321 -0.144013 0.977011
715.927 188.237 -0.247236 -0.0594144 1.82902
719.407 202.016 -0.140437 -0.063815 1.64095
948.527 5.92169 -0.163292 -0.217523 0.913781
509.397 26.3252 -0.157412 0.139002 0.931518
820.169 317.156 0.0874653 -0.121195 0.911306
767.77 213.224 -0.0961123 -0.207577 1.59795
674.724 76.7637 -0.109479 0.00291465 0.902703
735.778 209.58 -0.0455139 -0.0786576 1.28762
792.769 301.358 0.0766612 -0.101514 0.93645
711.381 189.039 -0.214205 -0.0406766 1.74707
645.752 235.518 0.0130159 0.0363137 0.943301
729.016 208.458 -0.329626 -0.150459 2.25767
540.216 290.428 0.0640542 0.144095 0.957197
536.121 213.158 -0.0114778 0.154065 0.991223
774.678 202.193 -0.0860457 -0.185132 1.43058
774.83 188.935 -0.0281208 -0.0860953 0.954452
524.417 279.708 0.0490801 0.140411 0.914296
767.584 261.66 0.0355394 -0.0699223 0.890202
764.218 262.457 0.0373431 -0.0694747 0.906555
487.652 82.9774 -0.117496 0.165565 0.940698
810.074 247.889 0.026287 -0.11345 0.92381
614.659 276.335 0.0465107 0.0592747 0.90286
614.351 422.297 0.183665 0.0697318 0.91234
746.932 529.68 0.31556 -0.0567814 0.92867
830.437 502.092 0.315393 -0.157587 0.967145
547.514 311.055 0.0779854 0.124354 0.918379
607.03 151.461 -0.0646371 0.0713021 0.961932
843.182 462.644 0.207768 -0.134202 0.871212
653.224 272.129 0.0453104 0.0284855 0.922736
699.915 218.334 -0.00111493 -0.0146008 0.923853
517.353 128.541 -0.076535 0.13686 0.922021
547.151 312.689 0.0802463 0.126429 0.922774
825.533 535.408 0.309769 -0.133816 0.909785
810.133 312.107 0.0880696 -0.119443 0.93992
761.302 195.417 -0.220599 -0.238109 1.82867
742.976 194.848 -0.154935 -0.135541 1.62233
724.622 472.953 0.334109 -0.040274 1.05499
543.864 228.596 0.00454723 0.0745799 0.771001
702.116 424.474 0.175078 -0.0127286 0.884355
757.157 185.884 -0.219473 -0.2016 1.7364
715.573 180.934 -0.244591 -0.056354 1.75874
691.606 165.295 -0.0424228 -0.00877704 0.899618
773.547 258.203 0.0329862 -0.0753353 0.893134
829.543 172.164 -0.0369188 -0.124883 0.91035
544.195 586.391 0.183488 0.0701762 0.705599
602.018 522.222 0.328084 0.10373 0.96291
818.869 247.846 0.0262188 -0.12026 0.919478
640.553 225.569 0.0042695 0.038221 0.92537
641.057 225.216 0.00382901 0.0387653 0.932761
589.191 512.811 0.292313 0.106665 0.932251
660.547 172.952 -0.0813281 0.043361 1.16532
667.81 159.071 -0.0522147 0.0124465 0.931203
903.157 404.925 0.268137 -0.319833 1.11174
515.421 219.424 -0.00502865 0.171216 0.980927
931.891 207.724 -0.0169205 -0.303055 1.06487
621.171 275.365 0.0503324 0.0629734 0.9519
669.624 329.012 0.182098 0.0564976 1.29164
694.203 253.615 0.0314638 -0.00797579 0.968968
857.591 344.444 0.104568 -0.144172 0.877961
823.586 182.426 -0.0314519 -0.127469 0.936944
607.958 541.308 0.382224 0.109073 0.995626
630.867 558.351 0.353817 0.0682284 0.938205
776.804 545.225 0.369175 -0.0961871 0.966087
531.003 514.843 0.379434 0.225579 1.04245
781.967 550.506 0.383448 -0.104063 0.973328
605.022 547.773 0.369874 0.105714 0.972246
596.55 538.935 0.308195 0.0955335 0.913872
606.684 149.44 -0.0673628 0.0725324 0.966832
512.98 125.954 -0.0757091 0.135134 0.908675
780.071 537.89 0.306072 -0.0868279 0.904099
606.529 590.609 0.263181 0.0589109 0.800098
499.482 64.0029 -0.11475 0.132725 0.887174
851.731 538.835 0.263963 -0.136218 0.847688
513.534 523.857 0.342074 0.213763 0.982415
638.125 173.092 -0.0486357 0.0468017 0.986835
738.366 171.489 -0.261807 -0.134228 1.72858
736.706 191.813 -0.294843 -0.160189 1.98322
635.976 361.832 0.112272 0.0395259 0.868544
763.493 265.896 0.0410242 -0.0702076 0.915911
781.762 539.595 0.301888 -0.0870074 0.896696
539.378 422.858 0.200374 0.156156 0.951415
654.56 272.022 0.0466944 0.0291804 0.939737
830.832 535.783 0.373884 -0.165927 0.982561
809.787 544.424 0.394404 -0.143563 0.992466
793.834 303.378 0.0761634 -0.099301 0.921672
637.547 339.043 0.109554 0.0475222 0.934171
781.583 541.443 0.303627 -0.0867969 0.896355
773.792 204.575 -0.00781265 -0.0651024 0.829586
819.351 188.157 -0.0306506 -0.134809 0.976759
488.296 424.941 0.0470492 0.0471399 0.573669
518.945 207.427 -0.012842 0.143449 0.925627
638.452 335.431 0.101958 0.0437593 0.917007
508.82 277.198 0.0522499 0.182373 0.976788
747.156 208.243 -0.123135 -0.152728 1.64733
725.461 200.233 -0.234587 -0.102664 1.91515
687.633 206.112 -0.0688192 0.0169621 1.37727
762.521 267.282 0.0431108 -0.0709084 0.926835
832.939 455.838 0.228254 -0.140798 0.918797
725.188 510.815 0.286316 -0.0337903 0.920407
862.306 53.9696 -0.116533 -0.137284 0.877437
495.321 234.631 0.00876627 0.212567 1.01963
584.433 273.421 0.0448187 0.0885145 0.917027
831.549 535.191 0.369487 -0.165238 0.978585
603.073 143.372 -0.0690383 0.0715769 0.948148
700.441 219.974 -0.000127047 -0.0150282 0.938381
539.008 250.651 0.0226367 0.111396 0.874814
663.921 12.3544 -0.191361 0.0151548 0.985774
835.841 457.713 0.220428 -0.137888 0.901813
901.456 235.442 0.016857 -0.206259 0.945005
561.346 138.414 -0.0753288 0.111109 0.956288
937.976 470.318 0.29841 -0.299377 0.995338
696.863 355.555 0.107411 -0.00983744 0.865719
724.408 207.981 -0.253793 -0.107797 2.05769
655.882 161.444 -0.0414079 0.0171812 0.867036
747.816 194.67 -0.253193 -0.198574 1.90826
520.625 181.297 -0.0313392 0.128023 0.894881
575.627 217.525 -0.0165766 0.158796 1.12672
593.226 163.912 -0.0494506 0.0784396 0.934407
751.112 539.939 0.30544 -0.0579438 0.901925
636.204 135.043 -0.0681595 0.0363671 0.910863
818.904 316.948 0.0785864 -0.10831 0.868368
865.069 62.9033 -0.112009 -0.141332 0.882473
738.508 223.842 -0.0976977 -0.137553 1.74589
764.808 475.002 0.229054 -0.0690643 0.890528
634.752 134.625 -0.0692987 0.0380854 0.914931
742.048 554.473 0.376562 -0.0549239 0.962431
711.954 560.151 0.367676 -0.0196336 0.946621
739.78 211.333 -0.166032 -0.154407 1.83715
749.298 541.551 0.298747 -0.0550047 0.891795
930.726 450.507 0.291692 -0.309824 1.02749
591.052 7.75267 -0.171084 0.0713171 0.932161
763.964 231.594 0.000640396 -0.119411 1.21667
808.986 222.672 0.00387733 -0.114911 0.936064
860.324 347.201 0.109237 -0.149624 0.886057
922.829 236.556 0.0184338 -0.264273 1.01254
812.881 247.069 0.0246355 -0.109519 0.898672
570.947 147.031 -0.0759706 0.114771 0.996692
794.353 298.823 0.0726641 -0.100698 0.92622
822.788 530.606 0.314282 -0.134854 0.922048
631.091 559.461 0.354866 0.0679783 0.937826
526.32 308.052 0.113102 0.258232 1.15764
686.236 233.026 0.00981423 -0.00528599 0.8131
654.773 225.679 0.0045014 0.0260053 0.928851
694.095 360.187 0.0967605 -0.008385 0.816504
649.705 215.909 -0.00358389 0.028715 0.916214
749.784 201.64 -0.117898 -0.14583 1.55619
518.019 77.1824 -0.122977 0.140536 0.944151
690.647 342.654 0.0758829 -0.00696259 0.783224
674.306 535.344 0.309457 0.0181948 0.916705
500.209 350.747 0.131219 0.203618 0.98304
753.577 550.183 0.292325 -0.0567559 0.872925
677.372 166.824 -0.0463486 0.00451668 0.936041
761.422 208.087 -0.00875811 -0.0682823 0.91743
734.245 194.339 -0.250599 -0.13882 1.89731
731.389 220.991 -0.0924234 -0.105068 1.67931
593.31 171.943 -0.0718421 0.124381 1.10885
642.686 333.889 0.104125 0.0420608 0.932022
542.367 10.7365 -0.175686 0.11593 0.947397
573.583 221.796 -0.000421744 0.102025 0.943014
702.517 178.378 -0.0339469 -0.0175513 0.916168
660.336 271.393 0.0481863 0.0262069 0.964045
583.423 184.751 -0.0195242 0.0520156 0.77731
799.228 301.161 0.0687999 -0.0966411 0.888463
616.785 421.412 0.1889 0.0703859 0.925416
529.332 367.873 0.123275 0.135878 0.89476
689.619 370.002 0.0761326 -0.00699948 0.725763
833.07 531.346 0.30681 -0.141855 0.911459
810.415 544.877 0.392674 -0.143556 0.989914
759.478 232.623 -0.104648 -0.25759 1.92696
873.45 213.533 -0.00181909 -0.155982 0.888964
667.644 569.051 0.357252 0.0275324 0.925898
704.836 532.663 0.310974 -0.0126863 0.920866
945.685 293.045 0.0732356 -0.255756 0.947285
670.434 147.225 -0.0723512 0.013311 0.985089
517.66 207.84 -0.0120517 0.141379 0.917636
942.767 292.204 0.0744236 -0.261476 0.961663
581.008 242.975 0.0177946 0.0829127 0.892096
540.98 21.1794 -0.158549 0.110947 0.925311
667.761 566.525 0.360288 0.028089 0.932402
704.163 536.949 0.310089 -0.0119781 0.91381
691.406 164.075 -0.0400208 -0.00901053 0.873646
725.916 226.137 -0.133096 -0.10474 1.92604
854.764 353.046 0.121208 -0.153767 0.909669
656.472 217.628 -0.00711359 0.034494 1.0243
606.484 242.187 0.00634959 0.1863 1.34415
664.602 268.185 0.00182295 -0.00290875 0.550435
720.159 221.775 -0.12541 -0.074344 1.82801
527.508 206.069 -0.0131737 0.131469 0.913885
882.799 284.44 0.0566981 -0.168821 0.893101
816.38 292.413 0.0616552 -0.110862 0.888143
939.697 299.394 0.0812455 -0.256994 0.958373
481.385 349.688 0.127246 0.218394 0.974398
611.838 357.686 0.132989 0.0775644 0.953187
653.811 3.49569 -0.181172 0.0210025 0.948119
734.066 194.973 -0.250451 -0.138739 1.90331
626.988 296.16 0.150135 0.25758 1.65785
528.867 206.866 -0.0128475 0.132633 0.919855
634.037 343.163 0.107632 0.047185 0.911257
711.874 181.876 -0.210061 -0.0417731 1.67436
862.278 493.932 0.272217 -0.173107 0.920353
778.749 526.722 0.320618 -0.0920748 0.937557
699.092 221.614 0.00136611 -0.0137639 0.936617
939.08 17.2481 -0.158747 -0.214812 0.922441
614.206 358.166 0.134667 0.0760896 0.956941
567.227 279.398 0.0459519 0.0927883 0.879878
772.795 260.87 0.0359333 -0.0764831 0.903898
817.896 521.95 0.327934 -0.138866 0.951608
508.217 64.1539 -0.122117 0.135026 0.910761
738.767 179.86 -0.246182 -0.139084 1.75507
724.838 177.804 -0.258684 -0.0903489 1.76913
830.622 170.234 -0.0377152 -0.123999 0.904266
584.682 274.486 0.0459482 0.0889302 0.91912
660.214 181.823 -0.034232 0.0206236 0.939968
602.021 226.861 0.00497564 0.0703977 0.916874
955.585 43.2492 -0.163481 -0.264884 0.98453
864.528 61.8204 -0.111105 -0.1391 0.87715
768.408 478.67 0.230456 -0.0717913 0.886705
701.332 423.617 0.179386 -0.0119642 0.895368
843.645 467.675 0.22635 -0.143031 0.894259
946.246 230.332 0.0127992 -0.244591 0.937139
875.773 285.271 0.0566146 -0.160747 0.887935
613.09 429.438 0.188485 0.0702237 0.907542
644.415 431.742 0.18065 0.0379016 0.884901
672.073 531.629 0.312343 0.0212069 0.925624
532.728 451.213 0.218123 0.154537 0.92626
571.696 479.772 0.243725 0.115469 0.915933
525.835 279.276 0.0497081 0.143173 0.924228
