618.722 461.201 0.204648 0.0298287 0.718164
804.775 331.875 0.141323 -0.0744253 0.74359
853.195 478.172 0.263538 -0.123257 0.786366
786.145 235.83 0.0882088 -0.0631987 0.748657
878.126 441.932 0.207456 -0.119063 0.737366
916.213 65.6152 0.0154154 -0.0902972 0.643898
487.99 174.189 -0.00301973 0.404191 1.35442
597.654 347.761 0.137996 0.0361304 0.71205
572.726 465.012 0.20699 0.0550317 0.719437
694.579 447.707 0.208678 -0.0113346 0.738081
952.006 262.951 0.0938384 -0.129425 0.690687
552.652 349.327 0.142594 0.0617861 0.724756
512.322 254.682 0.0907938 0.0736032 0.711668
596.071 344.358 0.133367 0.0352592 0.703256
564.043 471.975 0.193599 0.0522633 0.68965
515.221 255.068 0.0918292 0.0738389 0.7169
691.36 177.533 0.0571211 -0.0120975 0.749316
682.943 118.731 0.027056 -0.00813462 0.760516
726.879 294.826 0.353297 -0.596589 5.76382
671.12 80.2279 -0.109167 0.0224124 1.21835
716.788 283.007 -0.0600713 -0.140174 5.50839
716.208 167.873 0.0453262 -0.0340313 0.952447
845.62 306.684 0.121915 -0.0909488 0.723412
618.449 242.414 0.0832093 0.0210687 0.69475
951.995 356.629 0.14141 -0.137779 0.698571
765.852 120.565 0.0303006 -0.0484228 0.728529
784.469 151.745 0.0413841 -0.0751296 0.831594
615.926 458.442 0.192738 0.0283634 0.700005
630.298 181.48 0.0594444 0.0228915 0.774755
507.821 536.967 0.238719 0.0880063 0.702815
908.987 323.016 0.090663 -0.0742249 0.584015
789.479 40.0371 -0.0500357 -0.0926686 0.921193
924.122 262.649 0.103809 -0.140565 0.747819
721.706 265.788 -0.085767 -0.2234 3.93951
521.756 525.755 0.25691 0.0928387 0.736887
914.24 357.869 0.14404 -0.121864 0.70513
535.032 251.354 0.0936444 0.0705687 0.740108
861.281 309.854 0.119043 -0.0937753 0.705726
575.445 248.811 0.0905979 0.0466081 0.726482
779.208 19.8904 0.00836782 -0.0336501 0.576357
551.419 188.178 0.0600006 0.0518506 0.707686
693.169 451.175 0.189581 -0.0107027 0.699732
776.759 240.372 0.0896211 -0.056965 0.74118
623.915 248.041 0.0898515 0.0218546 0.721911
955.378 262.665 0.0928063 -0.12871 0.685727
536.765 190.308 0.0645076 0.0828204 0.797364
534.365 42.7109 0.00131204 0.0510563 0.692611
943.239 262.16 0.0965377 -0.132858 0.707709
595.6 345.355 0.133573 0.0353575 0.702355
549.081 177.448 0.0554191 0.053629 0.712488
694.015 446.711 0.207924 -0.0110179 0.737895
645.571 86.5132 0.0136075 0.00957954 0.739189
785.588 537.711 0.228278 -0.0557697 0.68168
527.457 598.703 0.27235 0.0790938 0.696353
513.815 195.416 0.0637401 0.0723213 0.718708
480.232 148.551 0.0408467 0.106902 0.778582
566.057 462.725 0.193577 0.0531153 0.698461
699.42 67.8899 0.0169618 -0.0146022 0.628424
545.675 341.102 0.129348 0.0576177 0.69713
935.25 365.491 0.126649 -0.107529 0.646945
779.229 235.176 0.0839816 -0.0546313 0.718166
517.214 253.603 0.091782 0.0740731 0.721075
593.255 343.116 0.126019 0.0329028 0.682272
514.483 249.463 0.0893511 0.0744181 0.718506
532.171 252.873 0.0933662 0.0701386 0.733126
870.323 488.374 0.236262 -0.115548 0.734336
808.178 324.081 0.133626 -0.0737684 0.732678
693.533 452.693 0.187689 -0.0108875 0.694721
618.635 76.5601 0.0173644 0.0141909 0.658494
865.089 208.356 0.069682 -0.0901438 0.697475
567.903 469.214 0.199516 0.0534579 0.702424
881.12 508.687 0.240753 -0.117729 0.720945
577.636 457.272 0.208941 0.0548555 0.731006
618.023 239.42 0.0807507 0.0202507 0.686764
782.505 501.99 0.264885 -0.0688149 0.763852
864.914 483.097 0.247661 -0.12051 0.756967
922.929 6.11135 -0.0157634 -0.114339 0.71118
807.98 187.904 0.0648837 -0.0889945 0.817367
935.014 265.139 0.0966799 -0.126096 0.701024
600.112 348.281 0.141315 0.0365068 0.721181
946.217 262.062 0.0915444 -0.122368 0.680703
696.43 114.293 0.0279623 -0.0148493 0.717687
559.279 348.972 0.148784 0.0632303 0.743758
694.468 451.287 0.19943 -0.0113189 0.717474
560.284 189.239 0.0623692 0.0563444 0.746332
578.112 253.814 0.0946708 0.0474697 0.736453
498.803 550.184 0.233001 0.0862755 0.684857
563.531 166.176 0.0504421 0.0464998 0.711791
835.018 225.145 0.0847748 -0.0949754 0.76838
550.366 569.853 0.299897 0.0831106 0.74944
866.01 431.563 0.219609 -0.124413 0.772716
838.808 148.813 0.0432395 -0.0893392 0.747293
821.062 294.068 0.115153 -0.0779404 0.723948
775.51 243.478 0.0922945 -0.0574813 0.74871
837.176 311.505 0.131605 -0.0940256 0.750244
690.562 105.885 0.0256096 -0.0121143 0.698377
806.258 328.945 0.138389 -0.0743055 0.739495
840.288 180.319 0.0590062 -0.089497 0.741628
612.409 185.776 0.0612893 0.0309707 0.759071
862.701 485.584 0.247041 -0.117868 0.753432
542.887 99.0584 0.0185927 0.0611732 0.74472
826.676 286.149 0.107342 -0.0765884 0.707195
939.217 347.262 0.146019 -0.143993 0.726464
511.023 197.586 0.0629108 0.0659787 0.692054
889.809 349.473 0.151874 -0.122835 0.741263
537.596 382.442 0.135012 0.0527239 0.658797
725.722 561.427 0.298075 -0.0301836 0.7498
619.045 454.786 0.200219 0.0292921 0.717122
619.11 94.7626 0.0088642 0.0312135 0.809659
599.608 338.705 0.12951 0.0328383 0.699904
774.424 244.882 0.0931175 -0.0569744 0.749184
657.576 583.459 0.3249 0.0159454 0.7617
699.208 575.446 0.333109 -0.0126392 0.776173
623.956 248.789 0.089727 0.0214625 0.718599
547.698 161.992 0.0475229 0.0433968 0.665199
641.839 200.452 0.0729114 0.0241109 0.847609
613.206 560.683 0.352931 0.0568555 0.814242
606.678 576.401 0.333454 0.0541815 0.778529
574.855 561.865 0.35248 0.087429 0.813873
746.549 538.195 0.381623 -0.0571603 0.864872
631.81 115.218 0.0278335 0.0154204 0.723622
854.346 541.885 0.335406 -0.136084 0.806533
489.702 560.686 0.225577 0.0842459 0.667513
848.815 429.477 0.251633 -0.134478 0.833741
951.487 207.97 0.076823 -0.170767 0.784961
890.776 349.03 0.152419 -0.124269 0.743563
685.933 366.913 0.139431 -0.0080836 0.686022
490.302 237.351 0.11315 0.239706 1.06245
806.102 237.394 0.0913724 -0.0779058 0.766282
802.619 556.676 0.31906 -0.0870117 0.775356
720.079 573.831 0.302879 -0.0262207 0.744591
716.659 143.004 0.0361302 -0.0288878 0.823601
809.34 504.361 0.442551 -0.150976 0.974636
579.863 108.376 0.021835 0.0456854 0.758443
597.039 14.5088 0.00688659 0.0122242 0.576418
543.151 349.27 0.13426 0.0598693 0.699925
641.134 125.601 0.0298071 0.0149454 0.769049
608.657 72.9099 0.00469039 0.0297701 0.758836
699.99 556.196 0.356562 -0.0132291 0.819725
559.446 76.028 0.00569949 0.0557666 0.761751
846.933 212.244 0.0730978 -0.0869281 0.716106
614.114 190.271 0.0639555 0.0312274 0.766619
630.054 189.93 0.0633002 0.0207511 0.752195
616.007 460.481 0.197514 0.0293913 0.706452
623.682 452.369 0.208656 0.0293562 0.734706
855.828 309.222 0.123586 -0.0966399 0.724265
480.525 44.9208 -0.0031189 0.0833875 0.727
877.692 510.559 0.322641 -0.161368 0.825965
939.461 262.155 0.0892172 -0.114209 0.668286
779.095 530.772 0.393495 -0.0924774 0.885388
860.269 210.345 0.0717691 -0.0917801 0.710615
932.306 261.631 0.0918144 -0.117413 0.683654
525.378 241.269 0.0989344 0.10345 0.828804
581.665 71.4849 0.0116704 0.0335192 0.698488
681.635 228.214 0.0838165 -0.00633587 0.752041
692.752 134.93 0.0348794 -0.013251 0.767723
627.048 252.486 0.0942974 0.0220757 0.736357
502.005 241.42 0.12011 0.246167 1.09945
938.896 455.675 0.368591 -0.300372 0.964015
865.687 327.764 0.12799 -0.096359 0.705187
777.486 120.378 -0.0489724 -0.13677 1.19426
786.186 238.048 0.089548 -0.0634441 0.749749
491.848 60.3098 -4.36343e-05 0.0860874 0.750151
849.988 184.241 0.0612151 -0.0961381 0.746726
853.744 479.553 0.264397 -0.123583 0.785967
708.855 182.151 -0.085309 -0.0394307 1.75739
721.496 266.495 -0.0897406 -0.223361 4.00171
854.713 129.457 0.0319474 -0.105588 0.776691
786.984 539.359 0.228714 -0.0563598 0.680969
690.33 185.697 0.0617452 -0.011449 0.763008
939.274 265.083 0.0995683 -0.134951 0.716499
503.711 206.762 0.0785963 0.186686 0.997901
515.467 257.945 0.0936946 0.0747249 0.719752
