702.927 529.9 0.306759 -0.0124207 0.909672
629.045 524.446 0.314742 0.0655243 0.931342
594.502 340.303 0.105951 0.0775456 0.896871
766.031 471.618 0.32183 -0.0952731 1.02505
946.889 60.0164 -0.117545 -0.22015 0.909418
765.97 470.399 0.229271 -0.0716281 0.886904
699.576 418.555 0.177303 -0.0121695 0.887979
839.815 457.609 0.228323 -0.144966 0.902987
876.682 278.364 0.0586918 -0.172652 0.909071
875.467 278.009 0.0588263 -0.173187 0.913056
537.545 286.736 0.0676175 0.151885 0.973803
816.703 239.337 0.0219875 -0.105065 0.860382
934.809 155.106 -0.0502333 -0.236334 0.947048
838.862 410.181 0.18283 -0.144108 0.909271
510.631 120.12 -0.0756542 0.135066 0.908993
567.091 475.949 0.237871 0.114146 0.902399
575.62 271.864 0.0488573 0.0965036 0.922808
509.513 117.34 -0.0760045 0.132702 0.901051
608.102 425.432 0.179389 0.0679321 0.883944
643.963 419.256 0.179995 0.0381806 0.895735
566.207 477.392 0.236005 0.113139 0.89703
942.833 150.174 -0.0514155 -0.233463 0.928867
942.611 66.6755 -0.118455 -0.22653 0.927711
527.41 427.209 0.191881 0.149967 0.911556
835.366 451.303 0.214776 -0.136284 0.891008
728.06 498.419 0.295861 -0.0398859 0.941949
500.006 91.5751 -0.116829 0.169565 0.977753
702.827 153.824 -0.0382203 -0.0192031 0.838249
500.975 8.20648 -0.15799 0.13522 0.912451
775.202 505.936 0.282419 -0.0847823 0.909359
516.32 75.1018 -0.122428 0.142975 0.952207
596.459 163.587 -0.049141 0.0803444 0.962841
529.051 277.991 0.0544254 0.142157 0.931929
596.089 276.443 0.0603449 0.0973056 0.995831
633.062 333.011 0.0995027 0.0433081 0.89359
574.853 271.425 0.0478986 0.0953503 0.916598
751.67 173.266 -0.0331482 -0.062173 0.919911
519.904 202.345 -0.0133723 0.147024 0.941239
530.871 450.386 0.222193 0.154737 0.923642
529.582 62.3537 -0.19391 0.189826 1.10959
564.859 252.808 0.03451 0.127096 0.991974
858.019 274.778 0.064171 -0.189014 0.994914
663.886 147.601 -0.0544987 0.0125884 0.917144
813.278 310.885 0.0821531 -0.110376 0.885385
656.546 170.01 -0.0365568 0.0195258 0.916954
782.544 493.529 0.316557 -0.106145 0.974793
805.262 244.51 0.028974 -0.115086 0.938641
510.875 71.4831 -0.121211 0.142488 0.939427
652.264 265.389 0.0444273 0.0274607 0.922844
699.736 412.849 0.173283 -0.0124051 0.891048
904.829 375.598 0.0884218 -0.124005 0.73136
789.093 252.738 0.0346028 -0.0933953 0.907184
574.695 468.1 0.247706 0.116626 0.931685
567.524 207.404 -0.00534097 0.0867728 0.879728
957.12 29.072 -0.165235 -0.261115 0.972246
616.332 267.624 0.0458875 0.0600604 0.924016
489.741 269.735 0.0449551 0.169598 0.91685
951.266 219.703 0.00890658 -0.239414 0.916091
617.827 269.508 0.04837 0.0605697 0.932998
659.257 170.855 -0.0379449 0.0186873 0.933761
645.95 414.906 0.179105 0.0372439 0.902949
598.257 216.09 0.000996776 0.0693167 0.907122
601.045 335.947 0.111276 0.0807268 0.934093
576.496 297.358 0.0290348 0.0335076 0.653393
944.87 3.39087 -0.161772 -0.218722 0.91702
786.216 326.745 0.0950739 -0.0874535 0.884507
531.328 210.521 -0.00818449 0.152269 0.979141
486.598 86.7302 -0.108973 0.163777 0.937923
690.095 247.546 0.0279804 -0.00775641 0.893686
687.931 171.418 -0.0335814 -0.00743901 0.904457
810.031 185.929 -0.0200028 -0.107783 0.897335
840.76 434.517 0.200797 -0.142279 0.895873
765.012 471.182 0.228297 -0.0703183 0.884095
785.806 324.926 0.0950475 -0.0884383 0.891367
788.315 323.695 0.0912018 -0.0880352 0.878783
776.896 164.817 -0.035487 -0.0781878 0.885718
646.538 416.275 0.183391 0.0377148 0.909371
952.616 286.37 0.0674759 -0.242935 0.910337
529.391 458.731 0.227044 0.153837 0.91659
631.6 335.625 0.104069 0.046251 0.90299
600.824 332.825 0.103232 0.0755036 0.91299
901.057 346.116 0.100612 -0.164469 0.835366
792.568 155.399 -0.0795314 -0.135927 1.09177
872.588 277.572 0.0558198 -0.161844 0.891442
697.343 214.48 0.00017377 -0.0142624 0.934105
527.216 39.476 -0.171348 0.14887 1.00369
488.18 89.7427 -0.118039 0.179713 0.976271
643.257 234.921 0.0162127 0.0260712 0.856053
872.997 278.032 0.0598869 -0.174729 0.922283
849.659 64.1369 -0.126615 -0.151839 0.944567
770.988 180.075 -0.0319521 -0.0859841 0.96236
777.024 470.003 0.228427 -0.0815323 0.885588
820.244 318.708 0.0948592 -0.124265 0.91275
522.886 221.551 -0.050252 0.437121 1.4827
526.237 368.358 0.134887 0.145674 0.913121
928.551 34.6259 -0.231151 -0.317814 1.12624
534.414 17.4801 -0.215934 0.159039 1.05767
815.935 503.403 0.292244 -0.130078 0.924179
616.319 270.303 0.0485883 0.0608923 0.927404
649.608 266.418 0.0441404 0.0282158 0.908582
766.119 211.296 -0.100515 -0.214939 1.6341
487.348 79.2416 -0.118175 0.16712 0.948687
942.93 2.66859 -0.158077 -0.212126 0.907104
762.652 257.512 0.037671 -0.0690676 0.898414
811.644 310.653 0.0828823 -0.110258 0.890335
717.928 196.024 -0.140156 -0.0620512 1.61364
713.514 12.3286 -0.250325 -0.0387483 1.11513
710.367 192.621 -0.228245 -0.0418435 1.84952
741.198 194.537 -0.155071 -0.137926 1.65191
737.981 171.822 -0.251252 -0.137331 1.73096
772.054 129.512 -0.174976 -0.148246 1.29083
833.995 166.284 -0.0375964 -0.133016 0.91721
740.977 197.518 -0.156723 -0.142016 1.68674
935.961 112.268 -0.0884702 -0.237011 0.952543
791.059 168.072 -0.0769281 -0.149216 1.15291
759.372 190.1 -0.230378 -0.235631 1.83396
531.786 2.29816 -0.579606 0.395595 1.58036
776.188 191.745 -0.0884791 -0.179132 1.37942
757.8 192.464 -0.2404 -0.24063 1.88371
608.309 230.683 0.0130217 0.0722288 0.957505
748.893 212.789 -0.0881119 -0.153923 1.59646
480.502 343.995 0.112768 0.187818 0.920278
881.391 344.173 0.115633 -0.175078 0.896246
715.769 161.659 -0.0434725 -0.0313363 0.922821
787.878 317.898 0.0900178 -0.0911875 0.896567
599.336 518.574 0.322887 0.102551 0.952193
511.348 121.685 -0.0751144 0.135766 0.911997
745.908 525.447 0.311202 -0.056647 0.919228
755.115 185.688 -0.223893 -0.206405 1.77543
813.374 508.188 0.338847 -0.143968 0.976226
714.761 184.842 -0.24771 -0.0593697 1.82823
718.155 198.437 -0.140911 -0.0637704 1.64017
505.819 18.8276 -0.157887 0.139047 0.930734
818.758 310.901 0.0862739 -0.120736 0.905929
766.599 209.624 -0.0965864 -0.207532 1.59716
671.91 69.4806 -0.109953 0.00295932 0.901918
734.206 205.137 -0.0459879 -0.0786129 1.28684
790.529 295.181 0.0761872 -0.101469 0.935666
710.151 185.535 -0.214679 -0.040632 1.74629
643.459 229.42 0.0125419 0.0363583 0.942517
728.136 205.697 -0.3301 -0.150414 2.25688
538.07 284.695 0.0635801 0.14414 0.956412
773.337 198.13 -0.0865197 -0.185087 1.42979
772.551 182.656 -0.0285949 -0.0860506 0.953667
522.091 273.61 0.0486061 0.140456 0.913512
765.171 255.052 0.0350654 -0.0698777 0.889417
761.87 256.005 0.0368691 -0.06943 0.90577
484.269 76.0484 -0.11797 0.16561 0.939914
807.731 241.517 0.025813 -0.113405 0.923025
611.942 269.98 0.0457322 0.0591092 0.899251
612.614 416.064 0.183191 0.0697764 0.911556
745.09 522.821 0.315086 -0.0567367 0.927886
828.237 495.509 0.314918 -0.157543 0.96636
545.37 305.026 0.0775114 0.124398 0.917595
604.432 145.134 -0.0651111 0.0713467 0.961147
840.632 455.455 0.207294 -0.134157 0.870428
650.987 265.951 0.0448364 0.0285302 0.921951
697.555 211.975 -0.00158897 -0.0145562 0.923068
514.29 121.814 -0.077009 0.136904 0.921236
543.574 306.918 0.0789995 0.125735 0.916446
823.211 528.17 0.309295 -0.133772 0.909001
807.879 305.942 0.0875955 -0.119398 0.939136
760.29 192.083 -0.221073 -0.238064 1.82788
741.76 191.177 -0.155409 -0.135496 1.62154
723.115 467.346 0.333635 -0.0402293 1.0542
540.83 220.762 0.00407318 0.0746246 0.770216
700.09 417.818 0.174604 -0.012684 0.883571
756.061 182.336 -0.219947 -0.201555 1.73562
714.349 177.375 -0.245065 -0.0563094 1.75795
689.035 158.516 -0.0428968 -0.00873237 0.898834
771.136 251.611 0.0325122 -0.0752906 0.89235
827.103 165.43 -0.0373929 -0.124838 0.909565
542.274 577.015 0.183014 0.0702209 0.704814
599.874 517.953 0.325217 0.103138 0.95607
816.028 241.586 0.0259907 -0.120799 0.922425
638.791 219.698 0.00403253 0.0384072 0.929449
638.959 219.17 0.00343509 0.0389456 0.934601
587.942 506.453 0.291839 0.106709 0.931466
658.551 167.851 -0.0818022 0.0434057 1.16453
665.396 152.501 -0.0527005 0.0123899 0.930341
901.74 400.06 0.266585 -0.318671 1.10717
512.922 213.649 -0.00550269 0.171261 0.980143
929.85 202.149 -0.0173946 -0.303011 1.06408
619.017 269.468 0.0498583 0.0630181 0.951115
668.298 325 0.181624 0.0565423 1.29085
692.058 247.725 0.0309898 -0.00793112 0.968184
855.009 337.637 0.104094 -0.144128 0.877177
821.248 175.955 -0.0319259 -0.127424 0.93616
605.418 538.16 0.377676 0.10835 0.98568
629.272 553.119 0.351666 0.067901 0.933561
774.927 538.449 0.368701 -0.0961424 0.965303
528.04 511.899 0.375066 0.22362 1.03238
780.082 543.722 0.382974 -0.104018 0.972543
603.997 541.459 0.3694 0.105759 0.971461
595.322 532.257 0.307721 0.0955782 0.913088
604.089 143.135 -0.0678369 0.0725771 0.966047
509.861 119.108 -0.0761831 0.135178 0.907891
777.99 530.696 0.305598 -0.0867832 0.903315
604.973 582.435 0.262707 0.0589556 0.799313
495.963 56.5289 -0.115224 0.132769 0.88639
849.055 530.952 0.263489 -0.136174 0.846904
512.707 517.994 0.3416 0.213808 0.981631
635.735 167.045 -0.0491097 0.0468464 0.98605
737.19 167.802 -0.262281 -0.134183 1.72779
735.708 188.638 -0.295317 -0.160144 1.98243
632.363 356.579 0.109978 0.0392392 0.857746
761.316 259.459 0.0404243 -0.0701581 0.914248
779.649 532.323 0.301414 -0.0869627 0.895911
537.87 417.092 0.1999 0.1562 0.950631
652.374 265.986 0.0462204 0.0292251 0.938952
828.664 529.055 0.37341 -0.165883 0.981777
807.774 537.74 0.39393 -0.143519 0.991682
792.589 297.244 0.0745214 -0.0983862 0.912458
635.559 333.057 0.10908 0.0475668 0.933386
779.472 534.155 0.303153 -0.0867523 0.895571
771.048 197.203 -0.00828669 -0.0650577 0.828802
817.149 182.011 -0.0311246 -0.134764 0.975974
484.556 412.867 0.0465751 0.0471846 0.572885
516.28 201.176 -0.0133161 0.143494 0.924842
506.603 271.614 0.0517758 0.182418 0.976003
745.986 204.714 -0.123609 -0.152684 1.64654
724.399 197.054 -0.235061 -0.10262 1.91437
686.072 201.958 -0.0692932 0.0170068 1.37648
760.819 260.847 0.0421189 -0.0706531 0.920868
723.397 509.642 0.279725 -0.0329182 0.902931
859.72 46.2954 -0.117007 -0.137239 0.876652
492.915 229.201 0.00829223 0.212612 1.01885
582.149 267.268 0.0443447 0.0885592 0.916242
829.367 528.44 0.369013 -0.165194 0.977801
600.402 136.899 -0.0695124 0.0716216 0.947363
698.131 213.739 -0.000601094 -0.0149836 0.937596
536.453 244.092 0.0221627 0.111441 0.87403
661.129 5.05362 -0.191835 0.0151995 0.984989
833.428 450.848 0.219953 -0.137843 0.901028
899.806 228.886 0.0161584 -0.205702 0.941674
558.549 131.985 -0.0758028 0.111154 0.955503
932.492 461.879 0.301126 -0.301892 1.00353
694.618 348.84 0.106937 -0.00979277 0.864935
723.427 205.032 -0.254267 -0.107752 2.05691
653.137 154.371 -0.041882 0.0172259 0.866252
746.816 191.435 -0.253667 -0.198529 1.90748
517.765 174.659 -0.0318132 0.128068 0.894096
573.513 212.552 -0.0170507 0.158841 1.12594
590.573 157.463 -0.0499247 0.0784843 0.933623
749.179 532.783 0.304965 -0.0578991 0.901141
633.486 128.222 -0.0686335 0.0364118 0.910078
816.378 310.112 0.0781124 -0.108266 0.867583
862.509 55.3315 -0.112483 -0.141287 0.881689
737.413 220.595 -0.0981718 -0.137508 1.74511
762.681 468.094 0.22858 -0.0690196 0.889743
632.042 127.835 -0.0697727 0.0381301 0.914146
740.37 547.688 0.376088 -0.0548792 0.961647
710.313 555.079 0.365086 -0.019427 0.941097
738.732 208.139 -0.166506 -0.154362 1.83636
747.343 534.301 0.298273 -0.05496 0.891011
928.121 444.423 0.291218 -0.309779 1.02671
587.794 0.0883293 -0.171558 0.0713618 0.931377
762.335 226.964 0.000166349 -0.119366 1.21589
806.67 216.342 0.00340329 -0.114866 0.93528
857.763 340.467 0.108763 -0.149579 0.885273
958.522 435.053 0.209235 -0.258842 0.903842
920.609 230.736 0.0179597 -0.264228 1.01175
810.442 240.47 0.0241615 -0.109474 0.897888
568.298 140.922 -0.0764446 0.114815 0.995907
792.075 292.556 0.0721901 -0.100653 0.925435
820.609 523.828 0.313344 -0.134584 0.920231
629.308 554.489 0.352415 0.0677179 0.932506
524.604 303.616 0.112628 0.258276 1.15686
683.483 225.615 0.00934018 -0.00524132 0.812316
652.332 219.4 0.00400782 0.0261185 0.928011
691.658 352.92 0.0962864 -0.00834033 0.81572
647.276 209.516 -0.00405793 0.0287596 0.915429
748.533 197.883 -0.118372 -0.145785 1.55541
514.75 70.2234 -0.123451 0.140581 0.943366
688.011 334.973 0.0754088 -0.00691792 0.782439
672.774 528.526 0.308983 0.0182395 0.915921
498.401 345.346 0.130745 0.203663 0.982256
751.546 542.693 0.291851 -0.0567112 0.872141
674.901 160.358 -0.0468226 0.00456135 0.935256
759.04 201.592 -0.00923216 -0.0682377 0.916646
733.195 191.087 -0.251073 -0.138775 1.89653
730.228 217.611 -0.0928974 -0.105023 1.67853
591.024 166.606 -0.0723161 0.124426 1.10806
640.671 327.876 0.103651 0.0421055 0.931238
538.912 3.18481 -0.17616 0.115975 0.946612
571.142 215.704 -0.000895791 0.102069 0.942229
700.261 172.202 -0.0341713 -0.0176869 0.916092
658.218 265.542 0.0477123 0.0262516 0.963261
580.292 176.82 -0.0199982 0.0520602 0.776525
615.084 415.291 0.188426 0.0704306 0.924631
521.962 364.064 0.119393 0.133285 0.876218
808.393 538.172 0.3922 -0.143511 0.98913
758.545 229.697 -0.105122 -0.257546 1.92618
666.271 562.081 0.356778 0.0275771 0.925113
703.176 525.823 0.3105 -0.0126416 0.920081
943.801 286.73 0.0725376 -0.25557 0.945142
668.033 141.003 -0.0728253 0.0133556 0.984305
511.262 200.278 -0.0128406 0.139598 0.9049
578.525 236.518 0.0173205 0.0829574 0.891312
537.526 13.5957 -0.159023 0.110991 0.924527
665.965 563.752 0.355118 0.0274867 0.921168
702.492 530.025 0.309615 -0.0119335 0.913026
688.739 157.056 -0.0404949 -0.00896586 0.872862
724.905 223.177 -0.13357 -0.104695 1.92525
852.303 346.533 0.120733 -0.153723 0.908884
719.071 218.649 -0.125884 -0.0742993 1.82723
524.83 199.708 -0.0136477 0.131514 0.913101
880.223 277.766 0.056224 -0.168776 0.892317
606.174 354.769 0.12806 0.0754942 0.927314
672.829 548.424 0.359188 0.0222363 0.946051
522.575 450.958 0.207516 0.149789 0.896029
666.625 562.38 0.357441 0.0272553 0.925408
759.259 505.353 0.279456 -0.0685425 0.90707
527.694 322.079 0.0978634 0.152227 0.942511
940.621 67.2633 -0.117717 -0.224374 0.926802
571.364 215.842 -0.000998158 0.103565 0.947961
581.085 514.867 0.281399 0.105262 0.904875
527.248 426.489 0.190742 0.14965 0.910691
793.051 210.286 -0.00234432 -0.102916 0.938911
598.178 217.884 0.00244064 0.0697236 0.908198
827.39 163.64 -0.0382166 -0.123706 0.904865
647.742 62.2702 -0.119623 0.0229813 0.915484
495.777 126.413 -0.0572122 0.118604 0.835944
806.398 283.541 0.0649633 -0.115614 0.932426
803.236 219.012 0.0052583 -0.116235 0.953785
914.23 461.575 0.357167 -0.333872 1.08517
950.008 94.4135 -0.0894008 -0.220351 0.900564
622.117 535.677 0.304673 0.0667759 0.903213
516.576 514.56 0.348862 0.217294 0.996255
669.803 156.004 -0.0589608 0.0121957 0.98506
694.029 316.312 0.0829615 -0.00979435 0.877895
574.883 270.167 0.0469059 0.0956147 0.917911
636.745 524.746 0.0133526 -0.00198428 0.42409
586.42 580.886 0.306774 0.0882406 0.851884
498.709 77.1925 -0.102154 0.133753 0.890236
818.279 269.46 0.0496203 -0.119564 0.907572
565.9 480.133 0.232414 0.109959 0.8868
647.457 204.832 -0.0067368 0.0256022 0.890168
848.372 416.349 0.167478 -0.136416 0.862328
637.46 215.747 0.000904366 0.0379925 0.919236
671.34 246.2 0.00597025 0.0818276 1.58365
523.418 428.758 0.187689 0.148448 0.899796
700.325 411.925 0.176087 -0.0128751 0.899295
733.018 191.734 -0.250925 -0.138694 1.90252
625.837 293.171 0.149661 0.257625 1.65706
523.233 199.356 -0.0136384 0.130971 0.908232
631.387 337.389 0.106342 0.0469879 0.905722
710.582 178.196 -0.210535 -0.0417285 1.67357
859.959 487.009 0.271554 -0.173105 0.919233
777.217 521.613 0.318095 -0.0915085 0.931628
696.706 214.713 0.000555888 -0.0137129 0.928753
938.277 7.89165 -0.158658 -0.213711 0.917283
610.665 353.564 0.132047 0.0752318 0.944737
567.986 272.813 0.0466892 0.0941151 0.892062
770.467 254.327 0.0354325 -0.0765254 0.903445
816.072 515.869 0.32648 -0.138482 0.948476
502.815 54.8285 -0.122037 0.134144 0.903893
737.622 176.288 -0.246656 -0.13904 1.75429
723.65 174.232 -0.259158 -0.0903043 1.76835
828.178 163.238 -0.038197 -0.123634 0.902307
581.804 268.278 0.0451429 0.0886632 0.91526
657.769 175.471 -0.0347061 0.0206682 0.939183
599.595 220.489 0.00445258 0.0703863 0.915931
953.566 36.2656 -0.163955 -0.264839 0.983746
861.943 54.196 -0.111579 -0.139055 0.876365
766.689 473.225 0.228334 -0.0713347 0.88078
699.446 416.598 0.179304 -0.0119993 0.896431
842.388 462.301 0.224036 -0.142081 0.887585
945.164 223.554 0.0120511 -0.24343 0.932158
873.998 278.522 0.0557493 -0.160164 0.884084
609.628 425.441 0.185354 0.0695597 0.89648
642.436 425.43 0.179793 0.0378616 0.882806
670.304 526.113 0.310474 0.0212102 0.92137
531.294 445.178 0.217649 0.154582 0.925476
569.179 474.752 0.24176 0.115048 0.910596
522.701 273.214 0.0489087 0.14274 0.920492
