616.867 454.993 0.203769 0.0301146 0.715165
804.038 323.399 0.141844 -0.0739794 0.744509
850.932 468.481 0.267034 -0.12399 0.794812
785.689 226.26 0.0880308 -0.0623902 0.745543
877.955 433.814 0.207855 -0.118558 0.73798
916.663 50.5677 0.0157772 -0.0895688 0.642806
485.831 170.433 -0.00245797 0.405039 1.35702
595.024 339.812 0.137666 0.0364506 0.70969
569.722 459.726 0.205425 0.0550491 0.714548
693.54 442.38 0.206726 -0.0107677 0.731926
953.903 252.237 0.0935979 -0.128112 0.687567
548.95 341.999 0.141756 0.0617888 0.720491
508.475 245.566 0.0908346 0.0737869 0.710082
595.508 335.089 0.135393 0.0361368 0.710138
563.954 462.315 0.195564 0.0530842 0.694762
507.479 245.364 0.090119 0.0729747 0.705963
689.375 167.037 0.0570386 -0.0115815 0.745646
680.431 107.748 0.0272978 -0.00752593 0.758008
726.647 294.092 0.356484 -0.59465 5.76144
668.334 73.6241 -0.108376 0.02399 1.21659
716.505 282.123 -0.0599915 -0.139912 5.5101
714.722 153.224 0.0424131 -0.0320779 0.91679
847.579 297.911 0.120208 -0.0890393 0.714458
616.373 232.468 0.0834035 0.0212759 0.693997
952.575 347.166 0.141577 -0.137053 0.698176
763.2 113.903 0.0318963 -0.0488761 0.740693
785.986 136.197 0.0394082 -0.0716157 0.805617
613.839 452.112 0.191739 0.0286353 0.696542
627.594 172.336 0.0597231 0.0233988 0.773594
500.439 537.714 0.233559 0.0865679 0.689679
908.932 309.707 0.0910612 -0.0737224 0.584534
788.075 31.4605 -0.0494976 -0.0923145 0.922611
935.625 251.641 0.0992425 -0.135083 0.722987
721.329 264.469 -0.0855064 -0.223164 3.94022
521.956 517.59 0.258652 0.0936423 0.740862
900.179 344.411 0.153102 -0.12686 0.737639
532.698 242.941 0.0942043 0.0709945 0.741288
859.559 300.179 0.120432 -0.0938743 0.710313
576.779 241.133 0.0935542 0.0479836 0.740771
777.453 2.40705 0.00884014 -0.033188 0.576596
544.726 175.94 0.058949 0.0513338 0.697237
692.725 445.268 0.187758 -0.0104759 0.693872
775.799 231.051 0.0898948 -0.0563856 0.740677
622.957 239.486 0.0914008 0.0224528 0.728424
955.776 251.996 0.0930853 -0.127867 0.685183
520.839 175.387 0.0605426 0.0797779 0.762239
529.934 30.2202 0.00179813 0.0514745 0.692316
951.279 251.028 0.0939684 -0.129275 0.692936
592.212 337.505 0.13263 0.0355687 0.697533
547.29 168.363 0.056331 0.0542579 0.716292
693.155 440.521 0.206869 -0.0105571 0.734337
642.555 74.0085 0.0137961 0.00990342 0.735616
785.15 528.032 0.229511 -0.0555908 0.684469
526.114 592.546 0.272085 0.0793184 0.695671
507.901 184.732 0.0633227 0.0721589 0.71326
489.157 147.439 0.0442656 0.111201 0.807761
563.756 456.15 0.192962 0.0532621 0.696142
699.786 66.2674 0.0194687 -0.0155925 0.652533
542.186 332.999 0.12884 0.0576541 0.693972
778.806 225.043 0.0839217 -0.0540465 0.715893
514.566 244.878 0.0923283 0.0745533 0.722157
593.906 333.163 0.127975 0.0332175 0.689186
510.523 240.351 0.08929 0.0744874 0.716326
529.286 244.233 0.0936729 0.0704378 0.732945
867.378 476.772 0.240242 -0.11669 0.744312
808.833 315.395 0.133108 -0.0732353 0.729731
693.262 444.423 0.187997 -0.0107451 0.69516
615.59 63.9278 0.0178946 0.0146329 0.659194
865.702 197.042 0.0696364 -0.089248 0.694817
566.549 461.738 0.199831 0.0537997 0.702783
881.607 501.279 0.240522 -0.116952 0.720015
576.483 450.087 0.209337 0.055198 0.731644
614.163 228.558 0.0797748 0.0203966 0.679337
776.202 485.512 0.275929 -0.0688473 0.790119
864.767 475.857 0.247749 -0.119711 0.756756
941.794 254.149 0.094499 -0.123071 0.688347
946.207 251.35 0.0919551 -0.121654 0.68077
694.25 103.542 0.0285039 -0.0143598 0.718509
553.538 342.753 0.146222 0.0627346 0.732859
693.572 447.299 0.195972 -0.0108386 0.706927
556.466 179.346 0.0623018 0.0563995 0.743112
575.069 244.855 0.0944122 0.0474831 0.733324
498.746 541.4 0.234355 0.0869324 0.687916
564.041 158.447 0.0520448 0.0472229 0.721274
835.282 215.529 0.0845281 -0.0938896 0.764617
544.124 572.146 0.293123 0.0820876 0.73473
865.955 424.126 0.219792 -0.12381 0.772739
838.887 137.468 0.0433138 -0.0883237 0.743946
820.545 284.877 0.115499 -0.077442 0.724082
774.491 234.393 0.092671 -0.0569615 0.748823
836.427 302.885 0.132211 -0.0936241 0.751545
688.68 94.2325 0.0260506 -0.0118042 0.698602
804.533 319.914 0.140334 -0.074563 0.746258
842.49 167.469 0.0578519 -0.0872566 0.729897
608.834 175.585 0.0610206 0.0312346 0.75414
860.921 475.977 0.249585 -0.118249 0.759517
528.141 78.4959 0.0171701 0.0603868 0.720069
824.496 276.614 0.109019 -0.0767363 0.713458
510.265 188.786 0.0644045 0.067618 0.700601
889.9 340.925 0.152055 -0.122185 0.740966
725.216 559.622 0.294019 -0.0289922 0.740825
618.297 447.016 0.200775 0.029572 0.718238
619.506 89.9944 0.0100801 0.0315513 0.82269
596.823 330.515 0.128941 0.0330257 0.696437
774.053 235.501 0.0930304 -0.0564609 0.747006
699.182 563.648 0.33864 -0.0123555 0.787248
621.406 239.226 0.0894692 0.0216726 0.715462
640.787 193.3 0.0737183 0.0242435 0.850919
612.939 554.333 0.353859 0.0574299 0.816068
746.492 533.181 0.380843 -0.0565485 0.863309
629.448 104.978 0.0284159 0.0158381 0.725136
855.785 537.838 0.332655 -0.13437 0.800741
489.335 551.826 0.226737 0.0848783 0.67008
861.223 435.743 0.232545 -0.124143 0.780457
948.612 199.768 0.0782676 -0.17203 0.792452
899.606 343.535 0.146364 -0.119198 0.719438
684.255 358.545 0.139011 -0.00748856 0.683395
488.97 232.825 0.114073 0.24078 1.06646
805.427 228.531 0.0919008 -0.0776641 0.767426
802.325 548.892 0.320216 -0.0868165 0.777696
720.195 579.244 0.29292 -0.0249196 0.723582
809.352 499.416 0.44223 -0.150328 0.974067
576.564 98.0522 0.022234 0.0460016 0.757665
601.487 21.0537 0.0104852 0.0131833 0.60268
537.333 342.211 0.132259 0.0594492 0.690986
640.215 119.554 0.0312905 0.0155933 0.780418
607.544 66.2758 0.00567759 0.0305201 0.767997
699.716 550.861 0.35605 -0.012749 0.818662
551.828 60.0379 0.00547432 0.0552421 0.749001
609.588 179.091 0.0628721 0.0312008 0.755958
628.891 182.23 0.0647294 0.0213907 0.759492
614.35 454.08 0.196661 0.0295338 0.703476
619.974 449.58 0.204593 0.0293895 0.72233
857.755 300.394 0.122174 -0.0949467 0.716788
876.415 502.224 0.324995 -0.161851 0.831096
779.696 527.832 0.389786 -0.0910636 0.878006
858.82 200.528 0.0727163 -0.0917071 0.713909
506.123 228.759 0.0911529 0.097952 0.783046
582.978 66.6813 0.0132366 0.034355 0.713023
678.647 216.214 0.0802349 -0.00576055 0.727775
691.155 125.826 0.0355267 -0.0129943 0.770143
625.602 243.824 0.0950668 0.0224346 0.738709
864.76 318.234 0.128822 -0.0960935 0.707336
937.387 151.926 0.0502455 -0.109074 0.668041
574.259 247.506 0.0953821 0.0474778 0.730813
638.612 407.154 0.061796 -0.00137833 0.438535
527.377 85.654 0.0126432 0.00141692 0.338465
838.466 542.032 0.31608 -0.113036 0.778427
841.134 150.676 0.049878 -0.0870291 0.73322
838.854 540.073 0.317436 -0.11443 0.78189
818.037 282.041 0.116625 -0.0788919 0.736128
858.66 479.914 0.360257 -0.178138 0.906612
807.206 319.295 0.135752 -0.0728378 0.731539
844.649 138.546 0.0403774 -0.111666 0.81699
923.563 548.976 0.191959 -0.0958589 0.615158
814.294 318.118 0.124936 -0.068593 0.695825
840.384 210.627 0.0803546 -0.0918468 0.746969
540.24 568.939 0.295181 0.0860863 0.739877
593.64 369.985 0.201677 0.0645096 0.834058
933.009 479.628 0.160895 -0.0954089 0.611112
842.827 544.371 0.313318 -0.114348 0.772862
842.347 165.382 0.0568105 -0.0864757 0.72738
812.707 229.401 0.0908596 -0.0787901 0.753562
645.166 79.5678 0.0148172 0.00959271 0.747938
517.885 161.842 0.0534203 0.0708742 0.728594
811.356 319.972 0.132325 -0.0721286 0.718283
634.324 39.1646 0.00692283 0.00901472 0.680766
679.252 116.11 0.0300365 -0.00650511 0.775643
524.392 177.746 0.0618452 0.078685 0.764588
679.022 126.496 0.0358151 -0.00633325 0.770187
681.8 290.362 0.117394 -0.0064442 0.725767
684.11 289.551 0.124136 -0.00713498 0.757303
688.212 170.403 0.0588157 -0.0109272 0.752265
512.243 92.9085 0.0241318 0.0651034 0.708952
597.308 129.716 0.0354989 0.042388 0.79512
860.493 302.491 0.120975 -0.0936585 0.707864
861.155 420.655 0.610116 -0.443575 1.36425
776.346 114.867 -0.0484431 -0.13658 1.19698
785.36 228.807 0.0897842 -0.062845 0.749026
484.725 46.2643 6.15865e-05 0.0854588 0.743338
847.834 175.565 0.0624472 -0.0965296 0.753011
847.744 464.719 0.274298 -0.12717 0.810585
707.887 178.976 -0.0848482 -0.0391283 1.76149
721.118 265.21 -0.089159 -0.222969 4.00203
853.374 120.056 0.0326228 -0.105223 0.778691
786.919 531.731 0.22852 -0.0557398 0.680191
688.49 175.786 0.0617387 -0.0109911 0.760075
936.819 255.447 0.100948 -0.135279 0.72162
501.457 201.284 0.0791671 0.187147 0.999308
511.956 249.056 0.0937692 0.0748582 0.718366
