701.805 524.756 0.305233 -0.0123676 0.907508
627.489 519.945 0.313033 0.065261 0.928683
591.981 333.919 0.105789 0.0775771 0.898077
765.25 466.764 0.320246 -0.0948711 1.02237
946.203 49.0452 -0.117506 -0.219453 0.908059
764.604 463.614 0.229108 -0.0715966 0.888109
697.866 411.983 0.177141 -0.0121381 0.889184
838.508 450.638 0.22816 -0.144935 0.904192
875.18 270.613 0.0583803 -0.172334 0.909372
875.023 270.289 0.0580837 -0.172149 0.909305
532.538 280.946 0.0665246 0.150655 0.966914
816.392 230.316 0.0210102 -0.103636 0.850774
936.961 144.45 -0.0502792 -0.23349 0.937135
840.426 406.08 0.178858 -0.141761 0.895449
506.097 111.93 -0.0758114 0.134793 0.909693
565.44 470.204 0.237708 0.114177 0.903605
571.547 265.24 0.0481972 0.0961036 0.919315
503.312 107.897 -0.0759678 0.131847 0.89722
606.194 418.91 0.17939 0.0681382 0.886148
641.499 414.3 0.178235 0.0378781 0.890692
563.849 472.463 0.234825 0.112759 0.895177
941.88 140.998 -0.0515672 -0.23283 0.928193
942.453 55.5817 -0.11829 -0.225514 0.924927
524.31 422.338 0.190761 0.149395 0.909266
833.296 442.831 0.216024 -0.137256 0.897338
727.057 503.444 0.283174 -0.0378432 0.908372
494.038 82.7517 -0.116687 0.168883 0.975035
699.531 143.679 -0.0384359 -0.0190551 0.834575
774.289 500.155 0.28123 -0.0845044 0.907846
508.502 63.6895 -0.121667 0.141333 0.943025
578.098 143.755 -0.0484108 0.0757141 0.894248
526.68 271.731 0.0545344 0.142773 0.936445
589.298 269.087 0.0572475 0.0972208 0.981136
631.865 325.502 0.10028 0.0434875 0.90231
570.187 264.711 0.046927 0.0944123 0.909659
749.118 165.069 -0.0333492 -0.0619929 0.920438
516.276 195.569 -0.0135522 0.147012 0.94277
528.299 445.647 0.221144 0.154165 0.921899
525.391 55.3046 -0.194226 0.190021 1.11189
562.292 246.856 0.0344512 0.127358 0.995058
863.479 267.345 0.0603343 -0.182141 0.96107
660.695 139.516 -0.0546613 0.0126198 0.918349
811.478 303.371 0.0819904 -0.110345 0.88659
653.092 161.425 -0.0367578 0.0193987 0.913749
787.555 506.778 0.293375 -0.0990463 0.91333
803.801 236.906 0.0285386 -0.114637 0.936563
505.938 62.9173 -0.121369 0.142357 0.940249
650.188 258.582 0.0446004 0.0275289 0.928365
697.926 407.289 0.171834 -0.0123414 0.887165
923.798 379.51 0.0797013 -0.115331 0.684058
787.28 245.031 0.0342505 -0.0931671 0.906545
572.528 463.317 0.246556 0.116266 0.929916
572.372 203.447 -0.00431423 0.0901015 0.916871
955.037 19.2766 -0.165219 -0.260263 0.973219
613.18 260.834 0.0454372 0.0599146 0.922673
482.516 263.273 0.043802 0.167687 0.90768
948.684 211.659 0.00888539 -0.240077 0.920303
614.052 262.753 0.047449 0.0600237 0.926544
655.424 161.874 -0.0381322 0.018638 0.926942
643.576 409.808 0.177504 0.036982 0.898501
594.556 208.575 0.000692133 0.0691984 0.906169
598.22 330.102 0.110567 0.0803929 0.932128
565.996 288.998 0.0270732 0.0327631 0.638279
784.372 319.413 0.0949112 -0.0874221 0.885713
526.981 203.801 -0.00845918 0.15181 0.977283
480.925 78.0279 -0.109016 0.163447 0.937257
687.394 239.828 0.0273882 -0.00775839 0.889588
684.991 163.388 -0.0337441 -0.00740756 0.905662
808.019 177.372 -0.0202377 -0.107637 0.897581
839.727 427.784 0.200106 -0.141987 0.895382
763.99 465.835 0.226527 -0.0698393 0.880242
783.822 317.3 0.0953926 -0.0890204 0.896396
785.846 315.707 0.0920631 -0.0889101 0.887121
775.375 154.382 -0.0357104 -0.0772164 0.876898
645.095 409.665 0.183741 0.0377227 0.912742
951.244 278.466 0.0673132 -0.242904 0.911543
530.658 450.015 0.230473 0.156272 0.930208
628.801 329.342 0.103395 0.0461843 0.901271
597.465 326.969 0.102108 0.0749045 0.908323
902.488 337.41 0.0977715 -0.162692 0.827651
790.676 148.501 -0.0797157 -0.135939 1.0933
870.926 269.698 0.0556571 -0.161812 0.892647
694.783 207.089 -4.27514e-05 -0.0142412 0.935136
522.125 30.745 -0.17138 0.148722 1.0039
482.342 81.1793 -0.117978 0.179182 0.974575
638.629 226.259 0.0152134 0.0257545 0.845035
872.243 270.429 0.0592958 -0.173966 0.919845
847.904 54.1401 -0.126626 -0.151502 0.943956
769.02 171.932 -0.0321682 -0.0856375 0.960282
775.916 463.83 0.227403 -0.0812676 0.884238
818.845 311.537 0.0943722 -0.123983 0.912177
527.167 220.791 -0.0507997 0.450254 1.52849
522.793 362.914 0.134082 0.145185 0.911265
925.531 28.252 -0.232627 -0.319948 1.13503
531.269 11.4565 -0.217319 0.160068 1.0659
814.789 496.698 0.292081 -0.130046 0.925385
613.573 263.675 0.0484257 0.0609237 0.92861
646.959 259.448 0.0439778 0.0282473 0.909788
765.244 206.461 -0.100162 -0.213494 1.62542
481.286 70.2023 -0.118118 0.166619 0.946981
760.566 249.916 0.0375302 -0.0692274 0.900617
809.775 302.926 0.083072 -0.110974 0.894743
716.378 190.77 -0.139477 -0.0614521 1.60253
710.623 6.47249 -0.252061 -0.0390398 1.12455
708.941 188.968 -0.228197 -0.0417895 1.85156
739.249 193.608 -0.15806 -0.141405 1.69383
736.674 166.573 -0.250072 -0.136404 1.72218
770.259 123.525 -0.175204 -0.14833 1.29297
829.838 159.83 -0.037887 -0.134856 0.930853
738.89 197.345 -0.160382 -0.146248 1.73912
936.232 102.026 -0.0883994 -0.235825 0.948727
789.268 161.758 -0.0771146 -0.14929 1.15492
756.618 191.341 -0.23775 -0.244991 1.90477
774.345 187.479 -0.0888964 -0.18022 1.38903
756.471 189.299 -0.240892 -0.241509 1.89269
604.862 223.744 0.0126358 0.0720027 0.955469
747.77 208.014 -0.0878566 -0.15295 1.58895
881.899 337.383 0.114122 -0.173622 0.889976
712.998 152.394 -0.0436247 -0.0310544 0.917324
787.411 311.312 0.0880516 -0.089912 0.885768
597.6 514.377 0.321096 0.10212 0.949315
506.719 113.692 -0.075277 0.135798 0.913203
745.033 520.188 0.309621 -0.0564319 0.916924
754.064 180.904 -0.223062 -0.205314 1.76834
812.244 501.776 0.338709 -0.143874 0.977613
713.441 183.623 -0.251595 -0.0604937 1.86306
716.599 196.647 -0.142848 -0.0645405 1.67094
498.985 7.80207 -0.157509 0.138419 0.927599
817.036 303.587 0.0861113 -0.120705 0.907134
764.048 208.284 -0.098202 -0.213009 1.63892
667.937 58.3899 -0.109676 0.00295679 0.897572
732.343 201.086 -0.0462205 -0.0794172 1.30077
789.851 288.317 0.0747601 -0.100374 0.927036
708.822 183.747 -0.217448 -0.0412788 1.77438
640.084 222.015 0.0120186 0.036187 0.938356
726.926 204.187 -0.33404 -0.152382 2.28831
532.573 278.745 0.0622774 0.142403 0.947264
771.858 193.5 -0.0867128 -0.185393 1.43353
770.788 174.549 -0.0288065 -0.0859802 0.952132
517.948 267.149 0.0480967 0.139788 0.911369
759.295 249.654 0.0404344 -0.0765245 0.96027
759.792 248.487 0.0367759 -0.0697064 0.908839
806.022 233.836 0.0255281 -0.113204 0.922775
609.066 263.073 0.0455696 0.0591406 0.900456
609.276 411.777 0.180917 0.0692667 0.904369
744.213 517.61 0.3135 -0.0565132 0.925573
828.957 492.454 0.310334 -0.155517 0.955769
537.704 299.337 0.0752403 0.122771 0.903185
599.752 135.999 -0.0650791 0.0706309 0.954311
839.167 447.659 0.20742 -0.134512 0.873016
648.203 259.008 0.044403 0.0284266 0.920645
694.842 204.377 -0.0018319 -0.014447 0.923373
508.898 113.218 -0.0771065 0.136533 0.919799
540.625 300.718 0.0788368 0.125767 0.917652
822.099 521.405 0.308866 -0.133579 0.90968
806.424 298.989 0.0871437 -0.119117 0.938522
759.263 187.741 -0.220538 -0.237237 1.82373
739.74 189.771 -0.157989 -0.138087 1.65705
722.155 462.61 0.332395 -0.0400836 1.05248
536.288 211.764 0.00382709 0.074551 0.770659
698.492 411.699 0.173718 -0.0127855 0.882107
755.036 177.202 -0.218836 -0.200143 1.72614
712.934 175.545 -0.248153 -0.0571481 1.78503
685.939 149.889 -0.0430858 -0.00868396 0.898191
768.911 243.915 0.0324053 -0.0753927 0.894802
825.399 156.56 -0.0375932 -0.124564 0.908787
533.802 580.304 0.177738 0.0687265 0.690281
598.814 512.487 0.325054 0.103169 0.957276
814.142 233.98 0.025828 -0.120768 0.92363
635.879 212.577 0.00386987 0.0384386 0.930655
636.061 212.094 0.00327243 0.0389771 0.935806
582.278 508.176 0.283626 0.10432 0.910562
655.916 161.742 -0.0818109 0.0434043 1.16427
662.287 144.604 -0.0528631 0.0124214 0.931546
900.614 394.254 0.266423 -0.318639 1.10837
508.359 207.042 -0.00578445 0.170737 0.978213
929.347 194.738 -0.017617 -0.302149 1.06253
615.512 262.885 0.0490056 0.062436 0.945301
666.901 320.873 0.181364 0.0565305 1.2915
689.601 240.788 0.0304979 -0.00787971 0.965405
853.691 330.097 0.103644 -0.14384 0.876937
819.51 167.552 -0.0321305 -0.127112 0.935478
604.613 532.823 0.377514 0.108381 0.986885
628.382 547.276 0.351503 0.0679325 0.934766
774.359 533.422 0.366827 -0.0957682 0.962662
527.121 507.283 0.374904 0.223651 1.03359
602.24 537.775 0.366951 0.105355 0.967494
593.72 527.486 0.306492 0.0952785 0.911534
598.811 133.348 -0.0677003 0.071682 0.956049
502.612 108.804 -0.0759279 0.133488 0.8999
777.511 526.815 0.302283 -0.0858577 0.896665
494.37 51.0469 -0.116291 0.134326 0.898083
845.856 520.388 0.266429 -0.13726 0.856015
507.668 517.563 0.335565 0.210486 0.968372
630.725 157.009 -0.0489465 0.0458159 0.968851
735.692 164.44 -0.263648 -0.135125 1.73916
734.306 186.397 -0.297083 -0.161479 2.00167
629.952 349.699 0.109815 0.0392706 0.858952
759.219 252.098 0.0402616 -0.0701266 0.915453
778.601 526.217 0.300385 -0.0865977 0.89508
533.69 413.324 0.19748 0.154806 0.943339
648.466 258.891 0.0444752 0.0284734 0.923073
828.405 524.025 0.371209 -0.165116 0.978419
807.496 532.998 0.391468 -0.142803 0.987923
790.752 290.014 0.0743587 -0.0983547 0.913664
633.018 326.994 0.10845 0.0474437 0.931935
778.372 527.802 0.302536 -0.0864971 0.895588
768.892 187.599 -0.00865934 -0.0646813 0.825655
815.41 174.192 -0.0312957 -0.134526 0.975831
511.482 193.86 -0.0136041 0.143175 0.923418
501.937 265.726 0.0511258 0.181509 0.972345
744.889 199.696 -0.123056 -0.151441 1.63593
723.142 191.8 -0.232928 -0.101241 1.89342
682.726 193.357 -0.0673465 0.0165586 1.33098
758.746 253.567 0.0419562 -0.0706216 0.922073
722.208 503.187 0.279562 -0.0328867 0.904136
857.62 35.6114 -0.117112 -0.1371 0.877108
487.954 223.051 0.0078643 0.211675 1.01545
578.676 260.53 0.0439266 0.088363 0.915169
829.056 523.318 0.366937 -0.164451 0.974688
596.095 128.216 -0.069544 0.0712185 0.944111
695.577 206.06 -0.00094182 -0.0149836 0.93545
532.316 236.795 0.0218304 0.111239 0.873519
827.796 438.975 0.228553 -0.141849 0.927504
898.282 221.085 0.0159958 -0.20567 0.942879
552.102 121.991 -0.0755353 0.109777 0.945696
931.27 455.27 0.300964 -0.30186 1.00473
692.419 341.855 0.106418 -0.00975859 0.864515
722.241 200.737 -0.252306 -0.106722 2.04188
650.395 147.051 -0.042071 0.0173653 0.873774
743.912 196.083 -0.267356 -0.211926 2.03026
511.41 165.845 -0.0320558 0.126793 0.88777
570.359 207.038 -0.0172299 0.158993 1.1265
586.328 149.045 -0.0500446 0.0779286 0.93034
748.247 526.897 0.303663 -0.0577426 0.899914
629.717 119.506 -0.0687626 0.0363714 0.909607
814.786 302.435 0.0777486 -0.108082 0.867415
848.886 62.3528 -0.11761 -0.150152 0.936301
736.005 218.212 -0.0990611 -0.139559 1.76906
761.409 461.376 0.228249 -0.0690299 0.890615
494.378 84.1536 -0.228854 0.315144 1.26928
628.115 118.873 -0.0698773 0.0380405 0.912524
739.677 542.853 0.374185 -0.0546641 0.958985
709.454 548.882 0.364923 -0.0193955 0.942302
738.096 200.686 -0.1637 -0.149577 1.78559
746.304 527.89 0.297841 -0.0549206 0.891485
927.85 438.637 0.289893 -0.308703 1.02449
761.323 220.326 -0.000729412 -0.117947 1.20399
805.331 208.204 0.00300161 -0.114273 0.931889
856.244 332.965 0.108573 -0.149534 0.886274
958.051 427.989 0.208408 -0.258235 0.902895
919.842 223.319 0.0176547 -0.263602 1.01084
808.623 232.47 0.0238559 -0.10929 0.897917
561.285 130.495 -0.0759389 0.112734 0.980559
790.432 285.434 0.0718424 -0.100482 0.925243
819.505 517.031 0.313182 -0.134552 0.921436
628.422 548.635 0.352253 0.0677493 0.933712
520.83 299.304 0.11161 0.2569 1.15178
649.498 212.216 0.00384516 0.02615 0.929217
689.286 345.295 0.0958851 -0.00832437 0.815937
644.147 201.942 -0.00429403 0.028739 0.915069
747.478 192.108 -0.117697 -0.144179 1.54106
506.185 58.0713 -0.12248 0.138768 0.932498
685.378 326.671 0.0750889 -0.00690533 0.783117
671.59 523.243 0.30791 0.0181757 0.914768
494.763 340.388 0.129993 0.203074 0.980318
750.22 535.28 0.29232 -0.0566797 0.874783
756.81 193.494 -0.00950337 -0.0680514 0.916055
732.046 186.034 -0.249196 -0.137374 1.88071
728.531 218.851 -0.0948968 -0.110638 1.7592
588.754 161.775 -0.0729079 0.126227 1.11866
638.124 321.711 0.103029 0.0420119 0.929821
567.375 208.638 -0.00119334 0.101838 0.941333
697.447 164.266 -0.0343339 -0.0176555 0.917298
655.51 258.879 0.0469678 0.0258794 0.958284
575.915 167.204 -0.0202697 0.0520344 0.777249
612.088 410.661 0.186614 0.0701406 0.919393
519.159 357.874 0.119231 0.133317 0.877423
808.023 533.203 0.390119 -0.142903 0.986122
664.936 555.395 0.357267 0.0282723 0.927815
701.991 520.309 0.309439 -0.0125016 0.919106
942.471 279.206 0.072375 -0.255539 0.946347
507.224 193.133 -0.0130032 0.139629 0.906106
574.729 229.168 0.0169827 0.0827932 0.890439
665.098 557.608 0.354956 0.0275181 0.922374
701.19 523.27 0.310081 -0.0116542 0.915673
685.675 150.042 -0.0407786 -0.00877536 0.882866
850.738 339.329 0.120709 -0.15381 0.910493
525.656 194.025 -0.0135507 0.132678 0.927526
878.37 269.829 0.0560789 -0.16878 0.894072
520.561 445.309 0.207353 0.149821 0.897235
665.765 556.267 0.357278 0.0272868 0.926613
758.081 498.77 0.279294 -0.068511 0.908276
523.732 316.495 0.0970535 0.151573 0.93958
939.444 57.047 -0.117754 -0.223909 0.926604
567.193 208.668 -0.00135532 0.10314 0.945151
579.76 509.092 0.281236 0.105293 0.906081
524.046 421.677 0.18957 0.149049 0.908138
791.223 202.401 -0.0026117 -0.102603 0.937879
594.913 210.662 0.00227798 0.069755 0.909403
825.287 155.092 -0.0383793 -0.123675 0.90607
643.942 53.1164 -0.119786 0.0230128 0.916689
489.344 116.664 -0.0573349 0.11812 0.833572
804.842 276.364 0.064589 -0.115341 0.931854
802.029 211.016 0.00479635 -0.115593 0.949665
916.763 458.745 0.350568 -0.32812 1.0696
948.695 84.4268 -0.0895356 -0.22008 0.900993
620.505 531.01 0.303086 0.0665085 0.900833
511.185 514.404 0.342369 0.213989 0.981872
664.144 141.522 -0.0583557 0.0118583 0.948089
691.728 309.264 0.0826746 -0.00975686 0.878154
574.608 263.67 0.0477586 0.0965881 0.930711
636.177 486.437 0.0167277 -0.00234935 0.439599
585.438 574.068 0.307354 0.0885553 0.85443
492.237 67.1739 -0.102089 0.133223 0.887767
816.741 261.8 0.0491923 -0.11922 0.906664
563.38 475.315 0.231058 0.109506 0.884386
643.98 196.646 -0.0070814 0.0255322 0.88783
847.38 409.231 0.166669 -0.136054 0.861354
634.402 208.395 0.000625607 0.0382174 0.921358
672.02 245.611 0.00797673 0.0857808 1.65191
521.247 423.083 0.187526 0.148479 0.901002
699.812 403.324 0.178109 -0.0138858 0.910223
481.804 210.824 -0.0356186 0.388454 1.29676
746.151 548.603 0.348996 -0.0581424 0.923166
856.662 428.522 0.159531 -0.126291 0.811153
544.111 254.74 0.0385851 0.119746 0.920959
846.223 340.359 0.122314 -0.150636 0.913203
885.951 46.0978 -0.0852123 -0.127707 0.792388
483.645 190.464 -0.013859 0.148597 0.883968
575.635 260.311 0.0526535 0.356303 1.56589
841.354 512.51 0.28274 -0.144614 0.888024
575.271 226.307 0.0145685 0.0969164 0.944254
655.162 163.788 -0.0368242 0.0191148 0.928874
544.001 286.126 0.106576 0.297662 1.30293
572.394 211.079 0.000834417 0.0988736 0.946122
508.688 283.808 0.0850583 0.254629 1.12218
656.147 637.583 0.335823 0.0255642 0.817035
558.421 490.33 0.258997 0.123046 0.904394
660.479 579.41 0.332415 0.0265774 0.871918
711.69 560.608 0.353641 -0.0213407 0.914383
637.659 155.499 -0.0426567 0.0328662 0.92071
796.855 194.434 -0.00638582 -0.0962565 0.886281
552.871 87.6288 -0.105902 0.109091 0.954658
701.873 304.728 0.154974 -0.0148278 1.32107
628.528 68.7629 -0.106472 0.0351803 0.910157
702.561 303.766 0.156704 -0.0159265 1.34501
759.604 502.322 0.277535 -0.0688853 0.90044
488.181 230.206 0.0126866 0.0959724 0.753363
531.313 283.792 0.0943231 0.271908 1.21546
571.42 173.405 -0.0337802 0.100457 0.95906
683.504 211.763 0.005402 -0.00572971 0.876417
703.732 324.906 0.210263 -0.0166634 1.36967
555.461 191.36 -0.0131067 0.0977676 0.898103
703.472 325.629 0.209686 -0.0161866 1.36008
719.559 509.731 0.295002 -0.0305627 0.915166
523.059 526.261 0.355908 0.200048 0.978024
548.141 18.4333 -0.167559 0.112763 0.971286
731.866 186.784 -0.249106 -0.137363 1.88754
626.664 290.552 0.153383 0.262828 1.69163
519.293 192.197 -0.0138011 0.131003 0.909438
629.054 330.938 0.106179 0.0470193 0.906927
709.264 177.435 -0.214624 -0.0427641 1.71331
858.746 480.081 0.271392 -0.173074 0.920439
776.16 515.114 0.317932 -0.0914771 0.932834
694.119 207.343 0.000393227 -0.0136815 0.929958
608.486 347.657 0.131885 0.0752633 0.945943
564.836 266.008 0.0465266 0.0941465 0.893268
768.36 246.779 0.0352698 -0.076494 0.90465
815.007 509.32 0.326318 -0.138451 0.949682
497.554 45.8442 -0.1222 0.134175 0.905098
735.835 175.324 -0.251103 -0.142009 1.79213
722.11 173.367 -0.263874 -0.0922471 1.8066
826.07 154.655 -0.0383596 -0.123602 0.903513
578.798 261.635 0.0449803 0.0886946 0.916466
654.53 167.504 -0.0349104 0.0206476 0.937838
596.385 213.369 0.00428992 0.0704177 0.917136
953.083 25.6144 -0.163774 -0.264003 0.982215
859.86 43.551 -0.111718 -0.13888 0.876767
765.315 466.379 0.228171 -0.0713033 0.881985
697.757 410.106 0.179141 -0.0119678 0.897636
841.058 455.178 0.223874 -0.14205 0.88879
943.777 215.464 0.0118885 -0.243398 0.933363
959.309 320.249 0.101142 -0.241456 0.891292
872.324 270.566 0.0555866 -0.160132 0.88529
607.728 419.355 0.185191 0.0695911 0.897686
640.582 419.067 0.17963 0.0378931 0.884011
669.229 520.038 0.310312 0.0212417 0.922575
526.782 441.94 0.214835 0.153109 0.917458
567.562 469.071 0.241597 0.11508 0.911801
519.38 266.876 0.048746 0.142772 0.921697
