613.079 445.826 0.203289 0.0305278 0.717359
798.295 313.038 0.143022 -0.0741196 0.754124
848.84 461.438 0.264272 -0.122494 0.791187
780.083 217.144 0.0890106 -0.0628897 0.757248
871.495 421.872 0.209925 -0.119327 0.747701
909.109 38.4405 0.0154051 -0.0899316 0.649605
492.457 171.911 -0.001808 0.422122 1.41345
589.992 330.205 0.136708 0.0368201 0.710494
567.285 448.606 0.206976 0.0561206 0.722604
690.065 430.686 0.209122 -0.0104163 0.742447
946.04 240.869 0.0941199 -0.128876 0.695787
498.114 234.606 0.0885483 0.0735101 0.703309
624.996 314.423 0.17825 0.0444663 0.886552
561.167 451.273 0.196628 0.0539566 0.701399
496.195 234.187 0.0876451 0.0727801 0.698312
684.407 155.525 0.0559318 -0.0111694 0.74431
675.704 99.9089 0.0273426 -0.00714317 0.769119
727.031 289.134 0.306616 -0.520722 5.06879
716.029 280.747 -0.0582177 -0.144905 5.48527
710.489 137.135 0.0388092 -0.0302952 0.888417
845.565 287.409 0.117341 -0.0870034 0.706856
613.487 223.53 0.0855358 0.0224986 0.711313
947.342 336.289 0.141012 -0.136112 0.700152
758.401 101.716 0.0310123 -0.0482408 0.740835
780.496 129.172 0.0397775 -0.072299 0.818544
607.444 445.907 0.187858 0.0287834 0.689173
612.57 149.796 0.0527349 0.0228105 0.726725
489.225 536.918 0.227309 0.0854461 0.677637
875.642 292.489 0.10078 -0.0776719 0.630601
781.285 32.6021 -0.0507344 -0.0949666 0.95295
932.059 240.339 0.0983226 -0.134639 0.724335
720.451 270.658 -0.0942822 -0.260046 4.55181
520.742 506.684 0.260799 0.0950463 0.749192
904.168 336.872 0.146035 -0.121213 0.715835
527.766 233.376 0.0938896 0.0718474 0.745638
853.078 289.259 0.121518 -0.0945773 0.719916
586.377 236.874 0.103392 0.0522452 0.800982
542.155 167.438 0.0598501 0.0529215 0.710707
688.99 433.139 0.188742 -0.0101727 0.701193
771.278 220.697 0.0894762 -0.0561842 0.744779
618.56 229.848 0.091545 0.0230973 0.734707
951.959 240.323 0.0923384 -0.127252 0.686175
511.871 163.524 0.0587942 0.0796272 0.757188
528.24 25.1849 0.00180629 0.0531437 0.708815
936.223 241.123 0.0973749 -0.132964 0.715646
588.618 327.002 0.133134 0.0362129 0.704112
543.248 159.328 0.0566193 0.0555165 0.725518
690.56 426.045 0.212427 -0.0106603 0.754353
638.586 68.4711 0.0140661 0.0106294 0.751897
588.615 222.138 0.0617219 0.398927 1.78268
781.076 516.82 0.229809 -0.0553173 0.68834
519.165 588.553 0.268336 0.0792903 0.690503
500.624 173.852 0.0625296 0.0727971 0.714418
485.278 139.625 0.0442318 0.11263 0.815612
560.837 445.677 0.193416 0.0538028 0.701194
687.855 16.2896 0.0136918 -0.0124592 0.596355
539.079 322.409 0.129612 0.0586648 0.701817
775.308 213.375 0.0824543 -0.0534986 0.713727
508.466 234.95 0.0917273 0.0753147 0.724569
587.818 322.97 0.127608 0.0343234 0.692164
499.521 229.27 0.0869961 0.0745723 0.709608
523.283 234.517 0.092989 0.0710145 0.73457
863.618 466.411 0.24041 -0.116844 0.748238
803.968 304.841 0.133702 -0.0735601 0.737233
689.567 428.058 0.193998 -0.0104145 0.716807
607.573 49.44 0.0170731 0.0153243 0.659465
562.274 452.102 0.198889 0.0542682 0.704606
876.2 488.846 0.241725 -0.117341 0.726828
569.069 445.453 0.204465 0.0547066 0.721421
608.473 217.738 0.0798829 0.0214604 0.686137
772.829 471.441 0.281838 -0.0710453 0.808142
860.054 464.953 0.248787 -0.119987 0.762918
933.016 242.973 0.0954163 -0.124111 0.698512
935.442 240.184 0.0933942 -0.123129 0.693828
689.581 93.6509 0.0282689 -0.0143162 0.725622
552.414 332.664 0.148337 0.0639931 0.745246
690.416 433.054 0.199873 -0.0107567 0.722351
551.477 169.868 0.0621103 0.0573185 0.748626
569.753 235.103 0.093978 0.0482122 0.736512
498.267 528.135 0.236836 0.0884431 0.697387
559.905 149.208 0.0521427 0.048163 0.729592
828.065 207.703 0.0863113 -0.0953766 0.780691
541.282 561.098 0.295021 0.0840585 0.741751
864.183 416.924 0.217096 -0.122099 0.767931
830.695 130.205 0.0440059 -0.0895338 0.760009
814.936 274.275 0.116212 -0.0778683 0.732971
769.029 225.114 0.0934292 -0.0570819 0.758871
830.475 292.836 0.133236 -0.0940172 0.760874
800.715 310.308 0.139146 -0.0737246 0.745942
835.966 157.672 0.0579394 -0.0873953 0.738071
602.785 164.851 0.0600711 0.0317886 0.754424
856.41 465.193 0.250686 -0.118619 0.765702
519.348 64.2439 0.0159275 0.0606747 0.718321
818.835 266.238 0.109776 -0.0771074 0.721749
958.837 333.064 0.133765 -0.133082 0.68276
486.962 166.677 0.0580647 0.0685207 0.681832
882.057 329.853 0.154589 -0.123933 0.754777
722.279 547.507 0.296168 -0.028983 0.748531
616.797 435.152 0.203601 0.030093 0.729609
612.948 76.931 0.00911296 0.0315087 0.816028
595.581 319.231 0.131469 0.0338772 0.711312
769.931 225.266 0.0925284 -0.0563384 0.750428
696.664 551.655 0.342095 -0.0120308 0.797032
615.425 228.346 0.0882253 0.0221471 0.714758
619.227 162.166 0.0587704 0.0223838 0.748013
611.591 543.794 0.357175 0.0585321 0.825317
744.066 524.732 0.381976 -0.056502 0.867991
622.197 91.2661 0.0271472 0.016496 0.723109
853.976 531.415 0.330146 -0.133165 0.797797
487.526 539.978 0.22789 0.0858439 0.676187
944.847 339.719 0.14494 -0.138119 0.70659
849.221 417.826 0.24631 -0.13137 0.821459
939.49 191.901 0.0795171 -0.174658 0.807433
892.671 332.193 0.147823 -0.120274 0.729385
680.497 346.393 0.140572 -0.00730445 0.694106
799.684 219.765 0.0929623 -0.0784128 0.779618
800.26 542.47 0.317028 -0.0857807 0.774145
718.208 553.444 0.306349 -0.0266165 0.755041
804.014 485.461 0.45666 -0.155291 1.00485
570.797 87.928 0.021722 0.046789 0.761972
587.777 317.914 0.180029 0.0755494 0.884749
636.734 113.142 0.0318414 0.0160999 0.793214
605.059 63.4509 0.00605876 0.0320692 0.78956
697.248 544.645 0.353844 -0.0123947 0.816902
542.897 45.6875 0.00448455 0.0554507 0.745157
604.941 169.582 0.0626076 0.0318235 0.761399
624.451 172.893 0.064559 0.0219245 0.765413
609.313 446.581 0.194386 0.029735 0.700486
614.472 443.129 0.201508 0.0296309 0.716962
852.033 289.738 0.12263 -0.0951307 0.72351
868.199 487.469 0.333187 -0.165345 0.852284
776.523 517.207 0.394244 -0.0919412 0.88922
852.852 190.158 0.0727952 -0.091784 0.720222
585.223 69.8512 0.0150456 0.0364274 0.747581
668.962 198.574 0.0725705 -0.00425378 0.688442
686.829 118.603 0.03584 -0.0128682 0.783181
620.817 233.93 0.0945696 0.022929 0.741821
857.768 307.222 0.129951 -0.096433 0.716374
928.183 141.487 0.050662 -0.110139 0.678495
568.432 237.629 0.0947273 0.0482 0.73278
833.635 529.343 0.319456 -0.114011 0.788585
810.313 272.263 0.119733 -0.0804422 0.755396
854.625 470.707 0.362592 -0.179109 0.91478
801.561 308.813 0.136975 -0.0731579 0.741173
842.973 125.482 0.0386626 -0.1098 0.809357
807.472 306.516 0.127105 -0.0694727 0.709566
833.729 201.725 0.0813258 -0.0927891 0.759056
538.769 558.142 0.296911 0.0871618 0.746585
917.714 457.088 0.166084 -0.0978497 0.63091
839.308 535.316 0.312493 -0.113535 0.774351
959.204 345.969 0.109076 -0.0943093 0.594687
835.714 156.076 0.0571606 -0.087041 0.737334
806.986 220.144 0.0915864 -0.0792734 0.763633
643.786 81.3093 0.0163665 0.0104086 0.782198
513.533 152.102 0.0531849 0.0715554 0.734431
632.616 39.3085 0.00768208 0.00957463 0.708022
675.04 109.038 0.0302522 -0.0062533 0.788579
951.644 230.718 0.078982 -0.102123 0.628178
528.954 174.59 0.0652393 0.0820963 0.795175
674.896 119.504 0.0361929 -0.00609247 0.783983
677.69 280.377 0.118261 -0.00607915 0.734712
680.192 280.185 0.124963 -0.00677084 0.766059
683.51 162.591 0.05959 -0.0104826 0.765877
507.234 82.9878 0.0238197 0.0660951 0.715789
592.326 120.372 0.0350003 0.0430767 0.799857
850.155 291.449 0.124555 -0.0954742 0.727766
851.749 409.999 0.640625 -0.465586 1.43033
656.313 560.266 0.332675 0.0170525 0.780179
930.158 239.51 0.0908839 -0.115282 0.680651
636.065 101.797 0.0338007 -0.00068989 0.522935
518.517 155.946 0.0550438 0.0722172 0.744705
629.506 103.778 0.0300439 0.0165198 0.757438
783.716 493.028 0.263811 -0.0694373 0.757422
550.008 207.537 0.0848217 0.0723476 0.798148
839.196 291.198 0.126231 -0.0919192 0.735677
841.638 185.533 0.0732281 -0.099714 0.769763
614.014 438.465 0.196868 0.0291426 0.713417
784.611 525.671 0.222626 -0.0541321 0.6714
769.335 541.867 0.294033 -0.059472 0.749388
783.683 210.058 0.0826638 -0.0602045 0.730311
525.946 69.5891 0.0166224 0.0612553 0.731775
618.932 228.982 0.0907433 0.0225295 0.731774
640.04 78.3119 0.0173306 0.0109087 0.762636
508.51 535.376 0.274062 0.101076 0.740139
816.166 490.167 0.432928 -0.159085 0.969513
922.892 435.117 0.386843 -0.311889 1.00814
772.225 112.289 -0.0494365 -0.138807 1.22084
779.168 220.014 0.0912215 -0.0634419 0.763435
842.227 166.065 0.0625172 -0.0970109 0.760924
843.549 454.498 0.27629 -0.128096 0.818674
707.455 192.868 -0.0919109 -0.0443445 1.98971
720.322 259.569 -0.0862129 -0.208406 3.7586
847.796 110.669 0.0322716 -0.105541 0.786
783.434 522.383 0.227322 -0.0551484 0.680423
684.082 167.918 0.0624879 -0.0106677 0.773265
932.706 244.471 0.100168 -0.134523 0.722854
495.406 193.891 0.0780359 0.187061 0.997486
503.243 238.543 0.0920204 0.0749331 0.714739
