612.484 438.742 0.203303 0.0306885 0.717469
797.579 305.973 0.143036 -0.0739589 0.754235
848.241 455.011 0.264286 -0.122333 0.791297
779.247 209.752 0.0890245 -0.0627291 0.757358
870.84 414.846 0.209939 -0.119166 0.747812
908.279 27.8327 0.0154189 -0.0897709 0.649715
490.957 168.449 -0.00179413 0.422282 1.41356
589.036 322.786 0.136722 0.0369807 0.710605
566.704 441.673 0.20699 0.0562812 0.722714
689.474 423.853 0.209136 -0.0102556 0.742557
945.373 232.403 0.0941338 -0.128715 0.695897
496.663 226.777 0.0885622 0.0736708 0.703419
624.262 309.066 0.178264 0.044627 0.886662
560.549 444.008 0.196642 0.0541173 0.701509
494.73 226.269 0.0876589 0.0729408 0.698422
683.245 147.709 0.0559457 -0.0110087 0.744421
674.431 92.08 0.0273564 -0.0069825 0.769229
726.899 288.302 0.30663 -0.520562 5.0689
715.861 279.92 -0.0582038 -0.144744 5.48538
709.514 130.808 0.0388231 -0.0301345 0.888528
844.811 279.454 0.117355 -0.0868427 0.706966
612.272 215.649 0.0855496 0.0226593 0.711423
946.649 328.247 0.141026 -0.135951 0.700262
757.345 93.4154 0.0310262 -0.0480802 0.740945
779.635 122.034 0.0397914 -0.0721383 0.818654
606.793 438.354 0.187872 0.028944 0.689283
611.177 141.752 0.0527487 0.0229711 0.726835
488.861 529.381 0.227323 0.0856068 0.677747
874.807 282.921 0.100794 -0.0775112 0.630712
780.459 25.8636 -0.0507205 -0.0948059 0.95306
931.412 232.38 0.0983364 -0.134479 0.724445
720.261 269.631 -0.0942683 -0.259885 4.55192
520.433 500.226 0.260813 0.095207 0.749302
903.477 329.156 0.146049 -0.121052 0.715945
526.441 226.194 0.0939034 0.0720081 0.745749
852.35 281.522 0.121532 -0.0944166 0.720026
585.26 230.375 0.103406 0.0524059 0.801093
540.594 159.315 0.059864 0.0530822 0.710817
688.339 425.665 0.188756 -0.010012 0.701303
770.414 213.152 0.08949 -0.0560235 0.74489
617.407 222.375 0.0915589 0.023258 0.734818
951.286 231.667 0.0923523 -0.127091 0.686285
510.267 156.135 0.0588081 0.0797879 0.757298
526.164 16.0196 0.00182015 0.0533043 0.708925
935.57 233.019 0.0973888 -0.132803 0.715757
587.639 319.464 0.133148 0.0363736 0.704222
541.684 151.401 0.0566331 0.0556772 0.725628
689.976 419.373 0.212441 -0.0104996 0.754463
637.098 60.2103 0.01408 0.0107901 0.752007
587.739 219.612 0.0617358 0.399088 1.78279
780.495 509.033 0.229823 -0.0551566 0.688451
519.022 581.153 0.26835 0.079451 0.690614
498.973 165.878 0.0625435 0.0729578 0.714529
483.547 132.841 0.0442456 0.112791 0.815722
560.201 438.402 0.19343 0.0539635 0.701304
686.158 4.30584 0.0137057 -0.0122985 0.596466
538.013 314.878 0.129625 0.0588255 0.701928
774.398 205.295 0.0824682 -0.0533379 0.713838
507.073 227.472 0.0917412 0.0754754 0.72468
586.804 315.204 0.127622 0.0344841 0.692275
498.063 221.523 0.08701 0.074733 0.709719
521.937 227.178 0.0930028 0.0711751 0.73468
862.977 459.426 0.240423 -0.116684 0.748348
803.228 297.494 0.133716 -0.0733995 0.737343
688.931 420.835 0.194012 -0.0102538 0.716918
605.799 39.4382 0.0170869 0.015485 0.659575
561.666 444.89 0.198903 0.0544289 0.704716
875.534 481.537 0.241739 -0.11718 0.726939
568.476 438.496 0.204479 0.0548672 0.721531
607.19 209.375 0.0798968 0.0216211 0.686247
772.333 465.314 0.281851 -0.0708846 0.808252
859.426 458.167 0.248801 -0.119827 0.763028
932.337 234.582 0.0954301 -0.12395 0.698623
934.76 231.691 0.0934081 -0.122968 0.693938
688.284 85.1291 0.0282827 -0.0141556 0.725732
551.477 325.851 0.148351 0.0641538 0.745357
689.799 425.924 0.199887 -0.010596 0.722462
550 162.35 0.0621242 0.0574792 0.748736
568.515 227.742 0.0939919 0.0483729 0.736623
497.922 520.931 0.23685 0.0886038 0.697497
558.362 141.263 0.0521566 0.0483237 0.729702
827.333 200.524 0.0863251 -0.0952159 0.780801
541.15 554.458 0.295035 0.0842192 0.741862
863.547 410.175 0.21711 -0.121938 0.768042
829.89 122.296 0.0440197 -0.0893731 0.76012
814.175 266.736 0.116226 -0.0777077 0.733081
768.185 217.797 0.0934431 -0.0569212 0.758981
829.777 285.757 0.13325 -0.0938565 0.760984
799.988 303.113 0.139159 -0.073564 0.746053
835.16 149.609 0.0579533 -0.0872346 0.738181
601.442 157.329 0.060085 0.0319493 0.754534
855.787 458.448 0.2507 -0.118458 0.765812
517.377 55.5595 0.0159413 0.0608354 0.718431
818.058 258.483 0.10979 -0.0769468 0.721859
958.132 324.678 0.133778 -0.132921 0.68287
485.198 158.079 0.0580786 0.0686814 0.681942
881.397 322.74 0.154603 -0.123773 0.754888
721.893 540.683 0.296182 -0.0288223 0.748641
616.195 428.241 0.203615 0.0302537 0.729719
611.453 69.5598 0.00912683 0.0316694 0.816139
594.601 311.782 0.131482 0.0340379 0.711423
769.078 217.828 0.0925423 -0.0561778 0.750539
696.391 545.426 0.342109 -0.0118701 0.797142
614.232 220.546 0.0882392 0.0223078 0.714868
617.913 154.517 0.0587843 0.0225445 0.748123
611.475 538.005 0.357189 0.0586927 0.825427
743.73 519.139 0.38199 -0.0563414 0.868101
620.675 82.7565 0.0271611 0.0166566 0.723219
853.383 524.979 0.33016 -0.133004 0.797907
487.171 532.417 0.227904 0.0860046 0.676297
944.158 331.802 0.144953 -0.137958 0.7067
848.63 411.722 0.246323 -0.13121 0.82157
938.969 184.84 0.079531 -0.174497 0.807543
891.99 324.696 0.147837 -0.120113 0.729495
679.649 338.619 0.140585 -0.00714378 0.694216
798.911 212.666 0.0929762 -0.0782521 0.779728
799.764 535.84 0.317042 -0.08562 0.774256
717.847 546.699 0.306362 -0.0264558 0.755152
803.586 480.774 0.456674 -0.15513 1.00496
569.135 80.0237 0.0217358 0.0469496 0.762083
587.008 312.6 0.180043 0.07571 0.88486
635.395 105.753 0.0318552 0.0162606 0.793324
603.475 55.6773 0.00607263 0.0322299 0.78967
696.983 538.631 0.353858 -0.012234 0.817012
540.981 37.246 0.00449841 0.0556113 0.745267
603.625 162.185 0.0626215 0.0319841 0.761509
623.201 165.549 0.0645728 0.0220852 0.765523
608.687 439.225 0.1944 0.0298957 0.700597
613.869 436.034 0.201522 0.0297916 0.717073
851.308 282.062 0.122644 -0.0949701 0.723621
867.598 481.611 0.333201 -0.165185 0.852394
776.127 511.745 0.394258 -0.0917805 0.88933
852.074 181.976 0.0728091 -0.0916234 0.720332
583.544 61.5933 0.0150595 0.0365881 0.747691
667.771 190.083 0.0725844 -0.00409311 0.688553
685.646 111.076 0.0358539 -0.0127076 0.783291
619.689 226.583 0.0945835 0.0230897 0.741931
857.047 299.484 0.129965 -0.0962724 0.716484
927.474 132.184 0.0506758 -0.109978 0.678605
567.193 230.223 0.0947411 0.0483607 0.732891
833.078 522.845 0.31947 -0.11385 0.788695
809.573 265.055 0.119747 -0.0802815 0.755506
854.067 465.398 0.362606 -0.178948 0.914891
800.827 301.542 0.136989 -0.0729972 0.741283
842.26 118.151 0.0386765 -0.10964 0.809467
806.701 298.724 0.127119 -0.0693121 0.709676
832.975 194.218 0.0813397 -0.0926284 0.759166
538.64 551.574 0.296925 0.0873225 0.746696
916.937 447.901 0.166098 -0.097689 0.63102
838.735 528.638 0.312507 -0.113374 0.774461
958.389 335.493 0.10909 -0.0941487 0.594797
834.905 147.992 0.0571745 -0.0868803 0.737444
806.207 212.825 0.0916003 -0.0791127 0.763743
642.38 73.5448 0.0163804 0.0105693 0.782308
511.867 144.303 0.0531988 0.0717161 0.734542
630.98 30.1418 0.00769595 0.0097353 0.708132
673.807 101.523 0.030266 -0.00609263 0.788689
950.884 220.727 0.0789959 -0.101962 0.628288
527.478 167.746 0.0652531 0.082257 0.795286
673.68 112.005 0.0362068 -0.0059318 0.784093
676.763 273.059 0.118275 -0.00591848 0.734823
679.311 273.318 0.124977 -0.00661017 0.766169
682.388 155.126 0.0596038 -0.0103219 0.765988
505.282 74.4164 0.0238336 0.0662558 0.715899
590.87 113.16 0.0350142 0.0432374 0.799968
849.434 283.85 0.124569 -0.0953135 0.727876
851.274 406.906 0.640639 -0.465425 1.43044
656.103 553.905 0.332689 0.0172132 0.780289
929.451 230.769 0.0908977 -0.115122 0.680761
634.151 87.5703 0.0338145 -0.000529219 0.523046
516.892 148.321 0.0550577 0.0723778 0.744816
628.082 95.8654 0.0300578 0.0166805 0.757549
783.185 486.279 0.263825 -0.0692766 0.757532
548.707 200.895 0.0848356 0.0725083 0.798258
838.476 283.735 0.126245 -0.0917585 0.735787
840.903 178.077 0.073242 -0.0995533 0.769873
613.391 431.308 0.196882 0.0293033 0.713527
784.014 517.571 0.22264 -0.0539714 0.67151
768.869 534.987 0.294047 -0.0593113 0.749499
782.809 202.223 0.0826777 -0.0600438 0.730422
524.032 61.1534 0.0166363 0.061416 0.731885
617.773 221.458 0.0907572 0.0226901 0.731884
638.594 70.2736 0.0173445 0.0110694 0.762746
508.301 528.798 0.274075 0.101237 0.740249
815.702 485.246 0.432942 -0.158924 0.969623
922.24 430.349 0.386857 -0.311728 1.00825
771.629 107.521 -0.0494226 -0.138647 1.22095
778.341 212.724 0.0912353 -0.0632812 0.763545
841.471 158.377 0.062531 -0.0968502 0.761034
842.97 448.381 0.276304 -0.127936 0.818784
706.934 190.232 -0.0918971 -0.0441839 1.98982
720.089 258.305 -0.0861991 -0.208246 3.75871
847.058 102.954 0.0322855 -0.105381 0.78611
782.847 514.451 0.227336 -0.0549878 0.680534
682.981 160.584 0.0625017 -0.0105071 0.773375
932.057 236.506 0.100182 -0.134362 0.722965
494.025 188.969 0.0780498 0.187221 0.997597
501.836 230.927 0.0920343 0.0750937 0.714849
