615.068 430.711 0.202907 0.0312124 0.72209
798.555 299.61 0.140769 -0.0735716 0.753359
851.173 451.293 0.25875 -0.120533 0.782212
779.96 203.313 0.0869795 -0.0624535 0.757604
875.845 411.682 0.203375 -0.116524 0.734382
903.439 26.5803 0.0142303 -0.0912486 0.6613
488.62 163.888 -0.00395945 0.420265 1.40525
590.669 316.341 0.134989 0.037418 0.71191
569.011 434.626 0.205694 0.05684 0.724716
690.464 418.456 0.205877 -0.00978557 0.738899
943.217 225.654 0.0931954 -0.129807 0.702055
501.325 221.464 0.0879459 0.0749694 0.711433
625.038 303.965 0.176277 0.0450097 0.886742
562.834 436.522 0.195521 0.0548908 0.704079
501.629 221.329 0.0877143 0.074408 0.710082
683.689 140.539 0.0535539 -0.0105901 0.742162
675.34 86.2937 0.0254151 -0.00684963 0.77157
726.982 287.039 0.306541 -0.5161 5.02586
715.806 278.83 -0.0586963 -0.144214 5.48368
709.781 123.273 0.0361919 -0.0295439 0.882203
845.136 272.538 0.115712 -0.086832 0.708894
614.04 209.823 0.0842304 0.023172 0.715767
946.965 320.947 0.139177 -0.135883 0.701099
759.073 81.1305 0.0276987 -0.0466508 0.727545
780.28 115.196 0.0375649 -0.0716675 0.817269
608.636 431.284 0.1861 0.0293565 0.690042
612.521 136.176 0.0510444 0.0234046 0.730068
491.892 521.709 0.225713 0.0861544 0.678726
873.593 274.986 0.0998707 -0.0779285 0.635908
780.805 18.9368 -0.0527936 -0.094391 0.952146
936.357 224.417 0.0945714 -0.132461 0.715749
720.226 268.087 -0.0934829 -0.258275 4.5289
522.459 494.005 0.25873 0.0955664 0.749009
903.802 322.088 0.144301 -0.121021 0.717095
526.797 220.154 0.0916734 0.0724337 0.744929
850.465 274.733 0.121506 -0.095413 0.72901
561.774 214.593 0.0859125 0.0478067 0.715712
540.596 152.539 0.0575657 0.0534842 0.709525
689.41 421.331 0.184116 -0.00953844 0.693539
770.749 207.028 0.0878684 -0.0558632 0.747414
617.986 215.84 0.0890848 0.0234969 0.732726
945.872 225.443 0.092557 -0.129382 0.698307
491.997 138.321 0.0511457 0.0756904 0.714482
531.834 17.2163 0.000480756 0.0548478 0.723309
933.126 226.681 0.0965453 -0.133638 0.721887
589.545 312.881 0.131677 0.0368771 0.706595
543.898 146.296 0.055119 0.056407 0.730091
690.858 414.816 0.208142 -0.00999856 0.747769
637.332 52.4324 0.0117921 0.0110252 0.750027
588.428 217.592 0.0606127 0.402215 1.79464
782.013 501.052 0.228142 -0.0551543 0.689315
527.191 566.105 0.271772 0.0808186 0.702392
504.017 162.55 0.0621555 0.0750529 0.726396
564.255 429.529 0.193695 0.0548133 0.708015
687.731 3.14854 0.0123842 -0.0122671 0.606139
540.22 308.381 0.128098 0.059416 0.70419
774.33 199.362 0.0812618 -0.0533539 0.718836
509.383 221.762 0.0902279 0.0761967 0.727793
589.103 308.431 0.126404 0.0350108 0.695735
498.453 215.031 0.0845081 0.0747118 0.707495
523.078 221.207 0.0910138 0.071622 0.735232
864.87 453.884 0.236959 -0.115771 0.744489
803.896 290.853 0.132028 -0.0733601 0.738992
689.989 416.529 0.189311 -0.00980071 0.708949
609.222 38.6811 0.0159352 0.0160992 0.671329
563.172 438.336 0.196873 0.0549685 0.70468
876.707 474.862 0.239282 -0.116731 0.725736
571.07 430.806 0.203884 0.0557308 0.725579
608.631 203.268 0.0783868 0.0222113 0.689528
773.991 461.373 0.276867 -0.0698384 0.800807
861.447 452.958 0.245043 -0.118782 0.758415
931.772 227.73 0.093824 -0.123928 0.700707
688.974 77.9516 0.0261005 -0.0138793 0.725346
553.255 319.777 0.146699 0.0646641 0.746908
691.156 418.594 0.198722 -0.0102833 0.724934
551.528 156.818 0.0603672 0.0580051 0.751287
569.564 221.652 0.091948 0.0487186 0.736841
498.255 516.226 0.233213 0.0886021 0.693448
560.056 135.869 0.0504659 0.0489059 0.733064
828.323 193.849 0.0840248 -0.0947706 0.779538
542.04 549.657 0.291304 0.084255 0.738078
865.202 404.384 0.214036 -0.121157 0.764873
830.425 115.651 0.0419942 -0.0891861 0.760857
815.09 260.115 0.113985 -0.0772592 0.732203
768.5 211.939 0.092096 -0.0569897 0.763136
832.492 279.343 0.129215 -0.0923545 0.752365
800.905 296.655 0.137002 -0.0732285 0.745639
602.087 150.835 0.0578605 0.0321652 0.753774
858.365 453.686 0.2463 -0.117274 0.759683
519.973 51.5081 0.0142452 0.0616463 0.723837
818.669 251.78 0.107937 -0.0767934 0.722961
497.727 157.738 0.0593242 0.0714024 0.705233
882.783 316.3 0.152122 -0.123264 0.753185
723.32 536.786 0.291385 -0.0281855 0.742449
620.752 417.622 0.206617 0.0310112 0.744386
613.768 70.1459 0.00809527 0.0332198 0.833573
596.289 305.318 0.129903 0.0345222 0.713418
769.509 211.869 0.0911165 -0.0562222 0.754119
697.366 542.528 0.336194 -0.0112455 0.789002
618.953 148.758 0.0569727 0.0229552 0.750371
612.325 534.498 0.352003 0.0583949 0.818827
745.353 518.482 0.372569 -0.0548538 0.852963
621.41 76.407 0.0251351 0.0170174 0.724365
855.701 520.989 0.325054 -0.131551 0.791203
492.732 521.871 0.228419 0.0872341 0.682366
945.01 324.635 0.142829 -0.137697 0.706545
864.205 419.331 0.223231 -0.120333 0.762364
943.826 176.466 0.0760166 -0.17129 0.796306
894.08 318.246 0.144851 -0.119164 0.725835
799.884 206.061 0.0905875 -0.0777356 0.777897
801.861 532.341 0.311612 -0.084409 0.766849
719.196 542.862 0.301468 -0.0258103 0.748893
808.925 485.287 0.434463 -0.148181 0.964584
566.814 310.907 0.154852 0.0681956 0.793115
635.515 99.3407 0.0297257 0.0167073 0.79299
600.761 43.1631 0.00321234 0.0321477 0.776526
698.132 534.682 0.349028 -0.0117744 0.811106
550.258 43.9765 0.00388348 0.0581268 0.773321
602.662 154.557 0.0597372 0.032292 0.755799
609.972 432.754 0.192186 0.0303655 0.700016
614.527 430.879 0.198081 0.0300413 0.71291
851.097 275.273 0.121293 -0.095103 0.726804
873.395 481.584 0.322307 -0.160933 0.83243
778.308 510.483 0.385267 -0.0899149 0.875104
852.036 175.635 0.0712215 -0.0919561 0.723914
669.062 183.944 0.0710598 -0.00381031 0.692249
686.151 104.805 0.0338052 -0.0124012 0.783808
620.687 220.636 0.0928512 0.0236013 0.743791
568.764 224.283 0.0930738 0.0489271 0.735335
811.232 258.414 0.116817 -0.0795777 0.751546
857.967 463.809 0.353309 -0.175262 0.898387
802.164 295.071 0.134387 -0.0725136 0.739109
842.128 112.655 0.0370415 -0.109574 0.811784
806.146 291.574 0.126852 -0.0699153 0.717343
917.238 438.689 0.164749 -0.0980061 0.633222
841.311 525.172 0.306913 -0.111849 0.766648
512.953 138.292 0.0511856 0.072119 0.73541
632.215 25.3067 0.00582431 0.0100947 0.712539
674.207 95.023 0.0281444 -0.00575895 0.788571
674.113 105.478 0.0340645 -0.00559921 0.783863
850.803 277.063 0.122153 -0.0949012 0.726464
656.398 552.626 0.325274 0.0174874 0.769168
928.835 223.642 0.0892368 -0.115097 0.682948
638.871 85.8939 0.0334633 -0.000273971 0.53623
515.635 141.031 0.0524297 0.0725731 0.741144
627.809 87.7027 0.0275649 0.0169507 0.753349
785.659 483.807 0.257397 -0.0678378 0.746659
549.014 195.06 0.0826152 0.0728308 0.797367
841.572 171.489 0.0711731 -0.0992904 0.770029
614.242 425.441 0.194151 0.0297457 0.711423
782.934 500.766 0.230308 -0.0562142 0.6926
770.399 529.748 0.290465 -0.05869 0.745851
783.388 195.748 0.0808247 -0.0598835 0.73191
527.821 58.482 0.0151531 0.0624269 0.740509
616.467 213.519 0.0864322 0.0226036 0.719672
638.937 64.1766 0.0153378 0.0115232 0.764026
506.677 527.327 0.267585 0.100037 0.729898
819.111 485.011 0.420908 -0.155137 0.949127
772.726 99.0331 -0.0512472 -0.136431 1.20522
779.497 205.794 0.0885319 -0.0626065 0.759904
842.497 151.328 0.0602773 -0.0964088 0.759888
845.088 443.945 0.271754 -0.126549 0.812188
706.737 186.553 -0.0934082 -0.0436115 1.98197
720.038 256.45 -0.087121 -0.20704 3.74495
848.719 94.7512 0.029839 -0.104555 0.782363
783.89 506.178 0.225867 -0.054816 0.681842
683.187 153.366 0.0599103 -0.0100002 0.769508
946.792 226.679 0.0926621 -0.128522 0.695285
492.563 183.649 0.0754277 0.186719 0.992614
504.269 225.116 0.0905261 0.0758237 0.717984
