703.194 506.637 0.305355 -0.0124745 0.909306
629.073 502.652 0.313415 0.0653428 0.931152
590.729 315.941 0.10553 0.0773447 0.8979
766.135 451.245 0.320009 -0.0948317 1.0231
947.635 22.4829 -0.117522 -0.219666 0.910559
765.766 445.614 0.228233 -0.0714836 0.886712
697.997 395.403 0.174811 -0.0120607 0.881132
840.949 434.126 0.225351 -0.143204 0.896197
877.121 249.862 0.057957 -0.171615 0.906605
876.919 249.518 0.057641 -0.171342 0.906414
514.263 263.61 0.0602866 0.141527 0.910917
817.389 206.917 0.0206609 -0.102977 0.846892
938.71 121.201 -0.05019 -0.233156 0.937752
842.601 387.929 0.177272 -0.140891 0.890571
500.627 89.9735 -0.075704 0.134574 0.910251
564.923 454.86 0.235831 0.113341 0.899039
569.421 246.96 0.0482952 0.0964099 0.921723
496.126 84.3341 -0.0757111 0.131259 0.893951
606.876 400.341 0.18026 0.0684139 0.891124
641.079 397.144 0.177171 0.0377695 0.887876
563.913 456.27 0.2337 0.11219 0.893016
946.772 115.333 -0.0513434 -0.2303 0.92012
949.951 24.1701 -0.117304 -0.223113 0.913405
526.082 404.691 0.192095 0.149999 0.915907
834.873 424.82 0.214835 -0.136604 0.894617
728.115 484.128 0.284628 -0.0380883 0.913909
485.968 59.8806 -0.11606 0.167616 0.969681
697.567 118.67 -0.0384174 -0.0190982 0.835099
775.464 482.274 0.280647 -0.0843999 0.907727
500.631 39.2046 -0.121062 0.140306 0.938309
576.895 124.125 -0.0485311 0.076262 0.905605
522.922 254.187 0.0540875 0.142143 0.933308
588.833 252.445 0.0579521 0.0985628 0.992309
631.354 307.054 0.10061 0.043502 0.905818
568.671 246.203 0.0471695 0.0945963 0.91353
748.324 142.384 -0.0332995 -0.061612 0.916506
510.698 175.99 -0.0136725 0.145904 0.937715
530.164 428.486 0.222283 0.154524 0.927322
519.919 36.4407 -0.194356 0.1902 1.11494
559.777 230.174 0.0344018 0.127137 0.995327
870.229 247.047 0.0574194 -0.176319 0.933736
657.59 116.048 -0.054457 0.012471 0.912545
812.11 283.082 0.0816487 -0.109955 0.885421
650.395 139.542 -0.0367253 0.019319 0.912268
787.915 486.534 0.295596 -0.0997497 0.92087
809.236 213.592 0.0257859 -0.110198 0.90082
497.942 38.2925 -0.120641 0.141172 0.935082
648.68 239.881 0.0446467 0.0276401 0.930093
697.701 390.859 0.169206 -0.0120054 0.877638
929.242 352.24 0.0782925 -0.113948 0.677566
787.125 224.506 0.0343078 -0.0932318 0.908273
571.742 449.163 0.243878 0.114917 0.922685
569.376 183.754 -0.00430623 0.08997 0.917759
610.505 242.006 0.0449477 0.0595692 0.918443
950.648 189.569 0.00888513 -0.239649 0.920489
611.741 244.048 0.0469305 0.0593986 0.922294
653.377 141.828 -0.0381267 0.0188082 0.933046
643.604 392.266 0.177201 0.0368922 0.898665
592.908 189.355 0.000982836 0.069761 0.913583
596.457 313.166 0.109846 0.0799885 0.929032
559.987 257.82 0.0262164 0.032318 0.631679
784.446 299.406 0.0950829 -0.0875553 0.888169
523.458 186.097 -0.00843287 0.151799 0.978458
686.661 220.044 0.0280804 -0.00797887 0.89963
682.989 141.287 -0.0337174 -0.0074478 0.90516
807.787 155.084 -0.0201886 -0.107892 0.900134
842.89 411.141 0.196969 -0.140158 0.885176
764.79 446.855 0.226531 -0.0698327 0.881714
783.62 297.548 0.0958146 -0.089238 0.900483
785.027 295.547 0.0931158 -0.0893915 0.895146
775.193 129.604 -0.0356814 -0.0767109 0.872487
644.316 394.062 0.18121 0.0371736 0.904049
953.052 257.495 0.0672496 -0.242804 0.912333
540.291 426.829 0.240277 0.161328 0.964763
627.676 311.208 0.103004 0.0459943 0.900166
595.971 309.324 0.101413 0.0741693 0.905212
897.946 313.396 0.100809 -0.166394 0.847044
790.341 129.851 -0.0796049 -0.135882 1.09407
872.902 248.422 0.0551168 -0.160734 0.888733
693.185 186.757 -0.000152737 -0.0141371 0.932915
498.555 80.6902 -0.124147 0.192918 1.04931
635.651 203.551 0.0147518 0.0254866 0.838885
876.803 249.573 0.0575581 -0.170627 0.904915
848.083 28.9255 -0.126526 -0.151484 0.945122
768.404 151.233 -0.0321219 -0.0856016 0.96095
769.691 426.803 0.250921 -0.0881185 0.962833
815.717 291.453 0.0975674 -0.126831 0.935328
534.337 215.747 -0.0513706 0.470537 1.59889
520.547 346.506 0.133185 0.144326 0.908026
926.513 6.60269 -0.233244 -0.321176 1.14071
815.958 478.963 0.291526 -0.129867 0.925316
611.44 245.166 0.0481408 0.0606647 0.926932
645.113 239.999 0.0435566 0.0279788 0.906374
765.785 192.986 -0.0988071 -0.209254 1.59843
759.679 229.846 0.0380643 -0.0696568 0.908002
808.581 282.584 0.084681 -0.112718 0.908066
715.472 174.027 -0.135908 -0.0600521 1.54924
707.41 172.786 -0.220702 -0.0406765 1.78185
738.829 180.832 -0.156327 -0.139565 1.67419
736.093 151.79 -0.24612 -0.133859 1.69365
769.19 108.437 -0.17586 -0.149225 1.30169
821.526 147.626 -0.0381356 -0.143015 0.986081
737.121 192.966 -0.165871 -0.152834 1.82072
940.376 75.7225 -0.0877979 -0.233492 0.941904
788.717 145.071 -0.0771249 -0.149696 1.15919
753.999 188.427 -0.247896 -0.257409 2.00432
774.222 173.458 -0.0885732 -0.179637 1.38612
753.339 188.4 -0.254492 -0.25786 2.0206
603.201 206.028 0.0130021 0.0727903 0.962872
747.488 196.216 -0.0874957 -0.152594 1.58371
883.908 317.425 0.113413 -0.172785 0.887204
711.314 128.453 -0.043504 -0.0307308 0.908987
788.63 291.519 0.0865611 -0.08877 0.877103
598.713 499.216 0.319746 0.101562 0.94723
501.377 91.9511 -0.0751723 0.135594 0.913957
746.025 501.654 0.310234 -0.0564419 0.91995
754.232 166.938 -0.219544 -0.20149 1.7385
813.757 485.979 0.336951 -0.143248 0.974564
712.216 171.907 -0.249323 -0.0598791 1.84718
715.658 186.05 -0.142736 -0.0648261 1.67471
819.33 283.956 0.0844992 -0.1193 0.897343
764.227 195.967 -0.0973653 -0.210664 1.62399
664.251 31.0935 -0.109207 0.0029094 0.893046
731.408 188.288 -0.0461913 -0.0800896 1.31194
790.62 269.034 0.074128 -0.0999101 0.923321
707.68 174.029 -0.218137 -0.0415333 1.78553
636.23 201.305 0.0112242 0.0356774 0.923956
725.962 199.321 -0.34103 -0.156421 2.34985
527.158 261.462 0.0609544 0.140323 0.93617
770.863 182.038 -0.0871076 -0.187415 1.45
770.531 153.218 -0.0288052 -0.0858085 0.950202
515.106 248.983 0.0480193 0.13955 0.911716
758.984 230.839 0.0404183 -0.0764993 0.960988
760.283 227.614 0.0359809 -0.0690662 0.900025
805.617 213.693 0.0257867 -0.113452 0.92667
607.207 243.907 0.0455757 0.0591332 0.90166
609.875 394.035 0.181358 0.0691857 0.90767
745.294 499.306 0.314112 -0.0566237 0.928601
830.708 476.522 0.308155 -0.154487 0.951312
536.99 281.296 0.0757132 0.123013 0.908049
594.974 113.28 -0.064691 0.0695439 0.94585
840.038 427.982 0.207366 -0.134469 0.874286
693.341 183.636 -0.00194426 -0.0144558 0.921316
547.99 130.379 -0.0846901 0.16217 1.09345
540.692 283.047 0.0796659 0.126386 0.92531
821.397 499.823 0.312473 -0.134674 0.920107
821.117 281.468 0.0749975 -0.107853 0.85025
759.561 174.709 -0.217425 -0.23337 1.79686
739.068 178.319 -0.157618 -0.137986 1.65634
723.047 447.557 0.332829 -0.0401708 1.05509
533.192 187.497 0.00403356 0.0752433 0.775521
698.651 394.495 0.171907 -0.0127128 0.876164
755.499 161.183 -0.213528 -0.193973 1.68043
711.606 162.761 -0.245541 -0.056434 1.76612
684.477 129.062 -0.0430699 -0.00901402 0.906289
768.346 223.357 0.0326947 -0.0756935 0.899179
825.394 133.83 -0.0375137 -0.124605 0.910275
581.207 476.897 0.227641 0.0846778 0.849209
600.11 496.776 0.32457 0.103074 0.957485
814.084 213.663 0.025974 -0.120985 0.926376
633.751 193.119 0.0039133 0.0384634 0.931958
633.871 192.634 0.00326271 0.0389074 0.936076
584.054 490.782 0.284048 0.104263 0.913177
653.28 144.775 -0.0814951 0.0431665 1.1599
659.622 122.308 -0.0527414 0.0122285 0.928512
902.338 379.719 0.265063 -0.317152 1.10481
505.166 189.811 -0.00567299 0.171058 0.981157
930.866 175.863 -0.0175435 -0.302094 1.06383
613.113 244.697 0.0484896 0.0619175 0.940915
666 309.594 0.179743 0.0562791 1.28328
688.443 222.339 0.0304219 -0.00792818 0.965186
855.418 309.85 0.102859 -0.14295 0.873455
605.315 519.312 0.374356 0.107725 0.981187
629.846 531.425 0.350063 0.0676148 0.932875
775.691 516.001 0.367041 -0.0960944 0.964497
526.431 496.108 0.370135 0.221021 1.0236
603.828 522.147 0.366362 0.105313 0.967534
595.073 510.845 0.30593 0.0950969 0.911488
592.687 109.691 -0.0672527 0.070924 0.944232
495.448 85.1495 -0.0756294 0.132565 0.895853
778.873 509.41 0.300718 -0.0853413 0.894176
490.859 30.3303 -0.116835 0.135491 0.907665
846.907 500.138 0.266448 -0.137269 0.857402
510.493 501.581 0.336732 0.21094 0.972468
626.515 134.996 -0.048735 0.0452901 0.958735
735.366 146.763 -0.25632 -0.130609 1.68494
733.331 177.413 -0.297642 -0.161702 2.01242
629.378 330.257 0.109827 0.0391853 0.860494
759.258 231.884 0.0399469 -0.07 0.913144
779.928 509.173 0.298544 -0.0858614 0.891669
525.536 402.14 0.190404 0.151105 0.917951
646.317 239.616 0.0437272 0.0280751 0.916074
829.079 506.109 0.372201 -0.165683 0.982062
808.707 516.276 0.391008 -0.142802 0.988301
790.903 270.473 0.074311 -0.0982348 0.914245
631.895 309.674 0.107982 0.0472512 0.930358
779.223 507.462 0.30447 -0.0871491 0.901679
766.005 168.064 -0.00740565 -0.0672495 0.854945
817.996 149.31 -0.0321014 -0.131296 0.956695
509.157 175.374 -0.0134316 0.143965 0.929804
498.543 249.21 0.0508841 0.180904 0.971001
744.677 186.65 -0.121701 -0.149255 1.61525
722.796 165.083 -0.213482 -0.0912245 1.70483
758.494 233.816 0.0419599 -0.0707001 0.923119
723.547 487.126 0.277161 -0.0328172 0.899021
857.619 8.09542 -0.117108 -0.137206 0.879142
483.417 206.553 0.0077082 0.210625 1.01284
578.297 242.308 0.0446377 0.0889844 0.924259
828.986 503.975 0.370093 -0.165857 0.983167
592.587 107.487 -0.0695148 0.0713113 0.946385
694.029 185.873 -0.00098075 -0.0149043 0.934345
539.027 219.682 0.0243509 0.115716 0.90927
828.65 420.718 0.228677 -0.142086 0.929396
898.85 200.505 0.0161309 -0.206268 0.946482
545.899 99.4164 -0.0752142 0.109003 0.940077
934.292 440.034 0.297876 -0.298785 0.997107
691.841 322.893 0.104897 -0.00973483 0.857058
742.704 189.891 -0.271789 -0.216704 2.07764
500.956 141.293 -0.0321531 0.124203 0.871314
561.132 187.766 -0.0180952 0.153625 1.09136
583.22 129.09 -0.050027 0.0784023 0.935004
748.905 505.369 0.307496 -0.0583168 0.910689
627.308 99.2103 -0.0689515 0.0368609 0.918863
820.09 281.822 0.0733266 -0.103964 0.838399
823.171 83.8478 -0.132545 -0.177438 1.10114
735.371 209.493 -0.0994751 -0.141534 1.78802
762.191 442.817 0.228115 -0.0689647 0.891651
497.248 77.0057 -0.234437 0.324765 1.31037
626.286 98.411 -0.0701439 0.0379843 0.921328
710.855 531.164 0.365351 -0.0193054 0.94463
737.916 187.348 -0.161194 -0.146393 1.74941
747.887 511.125 0.295637 -0.0546786 0.887385
928.861 421.967 0.289747 -0.308931 1.02561
761.379 204.478 -0.001116 -0.116829 1.19479
805.66 187.247 0.00293186 -0.11429 0.931837
950.928 404.077 0.215358 -0.265431 0.927894
808.382 211.422 0.0240116 -0.109662 0.901703
556.459 109.506 -0.0756454 0.111616 0.97643
793.027 265.734 0.0691715 -0.0981591 0.90544
820.967 499.546 0.312077 -0.134196 0.920051
629.852 532.958 0.350543 0.0673611 0.931233
517.465 286.775 0.110567 0.254975 1.14501
646.715 191.483 0.00347057 0.0257792 0.921004
688.582 324.261 0.0952763 -0.00821263 0.81372
744.358 189.138 -0.122546 -0.152378 1.64198
497.878 32.815 -0.121775 0.137644 0.927041
684.859 303.459 0.0753234 -0.00698419 0.786186
672.892 506.386 0.307077 0.0180484 0.914045
492.35 325.468 0.129353 0.20225 0.978033
751.241 514.911 0.293774 -0.0569072 0.879636
731.827 169.703 -0.240976 -0.132239 1.81122
727.784 209.542 -0.094862 -0.111046 1.76826
585.742 146.108 -0.0731073 0.127325 1.12441
636.794 304.303 0.102308 0.0417431 0.926417
562.027 188.505 -0.00153681 0.100382 0.931019
695.623 142.436 -0.0343245 -0.0176325 0.916837
655.587 241.579 0.0482054 0.0260681 0.974021
572.813 141.741 -0.0202529 0.0520654 0.780372
612.344 393.325 0.187082 0.0704128 0.922777
514.99 340.959 0.117291 0.131525 0.868717
703.426 503.023 0.308954 -0.0126866 0.919318
512.954 180.87 -0.0097452 0.145365 0.939909
571.6 209.011 0.0168212 0.0825796 0.889657
666.506 543.349 0.350841 0.026899 0.914689
702.315 504.253 0.311833 -0.0114647 0.921253
683.818 125.438 -0.0407044 -0.0091757 0.876253
853.405 320.526 0.118691 -0.151725 0.901258
528.342 177.899 -0.0130483 0.13592 0.951577
879.098 248.728 0.0561348 -0.168836 0.895829
667.37 539.714 0.356098 0.0271389 0.925377
759.238 480.897 0.278871 -0.0685007 0.90856
562.505 188.82 -0.00166684 0.10169 0.936751
580.726 493.029 0.280097 0.10466 0.904322
521.132 406.775 0.187304 0.147879 0.900825
592.696 190.982 0.00232941 0.0698693 0.912761
825.666 131.721 -0.0383022 -0.123355 0.905133
639.495 26.9359 -0.119202 0.0230006 0.913108
802.288 190.636 0.00476107 -0.115432 0.948989
918.478 443.799 0.348693 -0.326571 1.06607
511.099 502.175 0.338675 0.211234 0.973913
661.712 120.453 -0.0582805 0.0117965 0.948916
571.13 245.356 0.0471146 0.0956545 0.924735
587.245 556.178 0.306384 0.0880778 0.853559
632.593 188.788 0.000731196 0.0381532 0.924368
670.902 236.208 0.00845011 0.0856742 1.65137
519.545 407.418 0.186087 0.147521 0.896806
700.056 386.536 0.176629 -0.0138923 0.905417
746.828 525.963 0.355283 -0.0590049 0.938261
857.49 406.346 0.159648 -0.1264 0.81314
543.826 237.066 0.0394255 0.12076 0.930667
885.62 16.7014 -0.0852551 -0.128207 0.796622
842.434 493.316 0.282613 -0.144586 0.889055
570.395 206.731 0.0138505 0.0959035 0.935231
652.708 142.528 -0.0367695 0.0189531 0.927908
539.714 274.873 0.104612 0.293826 1.28809
505.092 270.525 0.0842917 0.252994 1.11687
658.56 616.521 0.335804 0.0254757 0.818388
558.201 474.804 0.257304 0.122511 0.900973
713.638 549.097 0.344845 -0.0213665 0.897511
634.944 134.206 -0.0426244 0.0327805 0.92148
548.092 65.954 -0.105823 0.108916 0.955828
701.433 293.244 0.153774 -0.0147187 1.31353
624.675 44.5425 -0.106375 0.035087 0.910909
760.735 484.285 0.277026 -0.0687982 0.900532
484.948 205.357 0.012736 0.09605 0.756173
528.152 271.781 0.0935637 0.270178 1.20952
567.842 153.971 -0.0337592 0.100227 0.959033
682.601 191.147 0.00574063 -0.00601407 0.885849
703.472 314.285 0.208126 -0.0165128 1.35915
552.133 170.96 -0.0130969 0.0976477 0.899284
703.233 314.939 0.207863 -0.0160605 1.351
720.754 492.459 0.294325 -0.0305482 0.914817
523.157 514.023 0.352091 0.197512 0.969968
524.239 426.505 0.209526 0.150235 0.906617
709.711 544.221 0.347294 -0.0176355 0.906731
893.077 383.483 0.293822 -0.333909 1.15303
840.475 410.345 0.201563 -0.141861 0.896391
780.132 521.731 0.380864 -0.102817 0.970737
638.903 305.783 0.108325 0.043479 0.949816
685.683 208.756 0.0182482 -0.00645288 0.942025
625.089 308.397 0.138207 0.0868272 1.091
572.796 186.913 -0.00262717 0.0909591 0.931109
780.649 522.032 0.38036 -0.103211 0.969671
686.916 210.326 0.0191478 -0.00698494 0.962835
543.271 281.75 0.0798721 0.1276 0.935215
787.118 238.807 0.0460676 -0.0925273 0.904197
675.294 520.113 0.366116 0.0217366 0.964854
624.846 508.021 0.301266 0.0645614 0.907477
883.216 314.338 0.114006 -0.178072 0.901079
824.914 505.008 0.308303 -0.134138 0.906892
588.555 285.462 0.078609 0.0756136 0.893207
624.912 200.515 0.00656936 0.0575173 0.996182
482.128 33.2524 -0.0704353 0.087394 0.755507
878.117 244.664 0.0529537 -0.16899 0.898726
704.107 291.892 0.167084 -0.0188409 1.43778
567.602 470.172 0.277004 0.127594 0.938576
706.231 574.984 0.400993 -0.0126287 0.922723
746.345 529.526 0.350903 -0.0573425 0.928226
584.358 523.019 0.283974 0.0918155 0.86697
813.311 551.77 0.411701 -0.139667 0.956148
623.761 514.382 0.299001 0.0633296 0.895479
731.416 489.192 0.274484 -0.0398431 0.891567
788.266 481.5 0.300436 -0.103422 0.935642
705.191 294.189 0.194833 -0.0187766 1.61244
778.765 455.112 0.221522 -0.0781338 0.858695
802.006 185.809 -0.000216108 -0.117362 0.958415
814.951 157.997 -0.0194051 -0.117477 0.914479
731.741 169.27 -0.239206 -0.131074 1.80335
628.991 283.256 0.159166 0.270444 1.74259
513.169 171.33 -0.0139914 0.129945 0.903479
627.985 312.965 0.105794 0.0468348 0.905981
708.468 172.153 -0.221016 -0.0445103 1.77761
860.113 461.96 0.270819 -0.172937 0.920258
777.121 497.067 0.318201 -0.0915214 0.934975
692.739 187.115 0.000355866 -0.0137588 0.929684
607.185 331.279 0.131102 0.074884 0.943076
562.775 246.968 0.0465315 0.0939737 0.89453
768.226 226.22 0.0351524 -0.0763652 0.904088
815.856 491.695 0.326286 -0.138338 0.951
489.55 20.2128 -0.121743 0.133481 0.902204
734.216 171.261 -0.260221 -0.148378 1.87105
720.932 169.962 -0.274193 -0.0967378 1.8915
826.527 131.132 -0.0383018 -0.123298 0.902442
577.069 243.194 0.0451406 0.0888148 0.919461
652.055 146.661 -0.0348663 0.0205634 0.937179
594.018 193.932 0.00436892 0.0704936 0.919558
859.922 16.277 -0.11172 -0.138997 0.878821
765.995 446.609 0.229074 -0.0716485 0.886437
698.089 391.41 0.179866 -0.0119712 0.901995
843.291 437.526 0.221949 -0.141103 0.883865
946.44 193.59 0.0117548 -0.242364 0.93128
873.523 249.178 0.0554174 -0.159787 0.884931
606.725 403.252 0.183405 0.0690014 0.892066
641.397 400.127 0.180604 0.0379034 0.889355
670.507 502.954 0.309969 0.0212281 0.923138
526.166 426.44 0.213743 0.152346 0.915029
566.612 454.453 0.239051 0.113988 0.905146
515.895 248.914 0.0484312 0.142031 0.919421
