615.909 419.998 0.202671 0.0312936 0.722243
799.178 288.715 0.140533 -0.0734904 0.753512
851.86 441.348 0.258514 -0.120452 0.782364
780.412 191.858 0.0867439 -0.0623723 0.757756
876.622 400.678 0.20314 -0.116443 0.734534
904.448 10.469 0.0139948 -0.0911674 0.661453
487.306 158.545 -0.00419501 0.420347 1.40541
591.033 305.029 0.134754 0.0374992 0.712063
569.887 424.073 0.205458 0.0569212 0.724868
691.234 407.941 0.205642 -0.0097044 0.739052
944.284 212.722 0.0929599 -0.129726 0.702207
501.042 209.716 0.0877103 0.0750506 0.711586
625.281 295.695 0.176042 0.0450909 0.886895
563.727 425.494 0.195285 0.054972 0.704232
501.348 209.544 0.0874788 0.0744892 0.710234
683.659 128.384 0.0533184 -0.0105089 0.742315
675.079 74.1738 0.0251795 -0.00676845 0.771723
726.988 285.678 0.306305 -0.516019 5.02601
715.736 277.489 -0.0589319 -0.144133 5.48383
709.691 113.257 0.0359563 -0.0294627 0.882356
845.901 260.344 0.115476 -0.0867508 0.709047
614.023 197.841 0.0839948 0.0232531 0.71592
947.95 308.631 0.138941 -0.135802 0.701252
759.272 67.8167 0.0274631 -0.0465696 0.727698
780.561 103.972 0.0373294 -0.0715863 0.817422
609.5 419.793 0.185865 0.0294376 0.690195
612.198 123.865 0.0508088 0.0234858 0.730221
493.3 510.218 0.225477 0.0862356 0.678879
874.564 260.54 0.0996351 -0.0778474 0.636061
780.902 8.14938 -0.0530292 -0.0943099 0.952299
937.384 211.839 0.0943358 -0.13238 0.715902
720.166 266.409 -0.0937184 -0.258194 4.52905
523.699 484.084 0.258494 0.0956475 0.749162
904.677 310.273 0.144065 -0.12094 0.717248
526.542 209.132 0.0914379 0.0725148 0.745082
851.214 263.033 0.12127 -0.0953319 0.729163
561.622 202.764 0.0856769 0.0478879 0.715864
540.09 140.054 0.0573302 0.0535654 0.709678
690.235 409.747 0.18388 -0.00945727 0.693692
771.185 195.409 0.0876329 -0.055782 0.747567
617.984 204.305 0.0888493 0.0235781 0.732879
946.953 212.404 0.0923214 -0.129301 0.69846
491.225 125.933 0.0509101 0.0757716 0.714634
530.609 3.55463 0.000245195 0.054929 0.723462
934.132 214.278 0.0963097 -0.133557 0.72204
589.897 301.419 0.131441 0.0369583 0.706747
543.346 134.245 0.0548835 0.0564882 0.730244
691.609 404.481 0.207906 -0.00991738 0.747921
636.791 39.5587 0.0115566 0.0111063 0.75018
587.782 213.694 0.0603771 0.402296 1.79479
782.961 489.277 0.227906 -0.0550731 0.689468
528.798 555.065 0.271536 0.0808998 0.702545
503.405 150.659 0.0619199 0.0751341 0.726549
565.113 418.583 0.193459 0.0548945 0.708168
540.479 296.938 0.127863 0.0594971 0.704343
774.8 187.01 0.0810263 -0.0532727 0.718989
509.107 210.399 0.0899924 0.0762779 0.727945
589.446 296.66 0.126168 0.035092 0.695887
498.131 203.137 0.0842725 0.074793 0.707648
522.828 209.983 0.0907782 0.0717032 0.735385
865.618 443.191 0.236723 -0.115689 0.744641
804.538 279.583 0.131792 -0.0732789 0.739145
690.783 405.323 0.189075 -0.00971954 0.709102
608.608 23.7232 0.0156997 0.0161804 0.671482
564.073 427.325 0.196637 0.0550497 0.704833
877.481 463.76 0.239046 -0.11665 0.725889
571.927 420.262 0.203648 0.055812 0.725732
608.606 190.55 0.0781513 0.0222924 0.689681
774.73 451.903 0.276632 -0.0697572 0.80096
862.169 442.551 0.244808 -0.1187 0.758568
932.802 214.805 0.0935884 -0.123847 0.70086
688.814 64.7146 0.0258649 -0.0137981 0.725499
553.559 309.377 0.146464 0.0647453 0.747061
691.939 407.769 0.198486 -0.0102021 0.725087
551.027 145.326 0.0601316 0.0580863 0.751439
569.443 210.365 0.0917124 0.0487998 0.736994
499.631 505.105 0.232977 0.0886832 0.693601
559.514 123.746 0.0502303 0.0489871 0.733217
828.913 182.64 0.0837892 -0.0946894 0.779691
543.544 539.39 0.291068 0.0843361 0.738231
865.924 394.016 0.213801 -0.121076 0.765026
830.99 103.286 0.0417587 -0.0891049 0.761009
815.739 248.465 0.11375 -0.077178 0.732355
768.92 200.696 0.0918605 -0.0569085 0.763289
833.171 268.231 0.128979 -0.0922734 0.752518
801.539 285.573 0.136766 -0.0731474 0.745792
601.75 139.222 0.0576249 0.0322463 0.753927
859.087 443.31 0.246065 -0.117193 0.759836
518.854 38.3206 0.0140096 0.0617275 0.72399
819.332 239.846 0.107702 -0.0767123 0.723114
497.096 145.289 0.0590886 0.0714835 0.705386
883.566 305.314 0.151886 -0.123183 0.753338
724.344 526.285 0.29115 -0.0281043 0.742602
621.527 407.365 0.206381 0.0310923 0.744539
613.06 59.0445 0.00785971 0.033301 0.833725
596.614 293.973 0.129667 0.0346034 0.713571
769.941 200.436 0.0908809 -0.056141 0.754272
698.424 532.888 0.335958 -0.0111643 0.789155
618.678 137.013 0.0567371 0.0230364 0.750524
613.588 525.501 0.351767 0.0584761 0.81898
746.175 509.744 0.372333 -0.0547726 0.853115
620.91 63.2884 0.0248995 0.0170986 0.724518
856.346 511.137 0.324819 -0.13147 0.791356
494.141 510.474 0.228183 0.0873152 0.682519
945.976 312.484 0.142593 -0.137616 0.706698
864.928 408.948 0.222996 -0.120252 0.762517
944.858 165.141 0.0757811 -0.171209 0.796459
894.924 306.64 0.144616 -0.119082 0.725988
800.386 194.991 0.0903519 -0.0776545 0.77805
802.671 522.154 0.311377 -0.0843278 0.767002
720.235 532.48 0.301232 -0.0257291 0.749045
809.432 477.75 0.434228 -0.1481 0.964737
567.065 301.349 0.154617 0.0682768 0.793268
635.077 87.8662 0.0294902 0.0167884 0.793143
599.947 30.7875 0.00297678 0.0322289 0.776679
699.153 525.406 0.348792 -0.0116932 0.811259
549.176 31.6737 0.00364792 0.0582079 0.773473
602.34 143.022 0.0595016 0.0323732 0.755951
610.836 421.522 0.19195 0.0304467 0.700168
615.375 419.952 0.197845 0.0301224 0.713063
851.851 263.523 0.121057 -0.0950218 0.726957
873.953 472.394 0.322072 -0.160852 0.832583
779.007 501.982 0.385032 -0.0898337 0.875257
852.761 163.018 0.0709859 -0.0918749 0.724067
669.168 171 0.0708242 -0.00372914 0.692401
685.984 93.1048 0.0335696 -0.01232 0.783961
620.699 209.383 0.0926156 0.0236824 0.743944
568.655 212.983 0.0928382 0.0490082 0.735488
811.846 247.191 0.116582 -0.0794965 0.751699
858.46 455.529 0.353073 -0.175181 0.89854
802.807 283.833 0.134151 -0.0724324 0.739262
842.716 101.165 0.036806 -0.109493 0.811937
806.823 279.797 0.126616 -0.0698341 0.717496
918.274 424.869 0.164514 -0.097925 0.633374
842.035 514.92 0.306678 -0.111768 0.766801
512.232 126.356 0.05095 0.0722002 0.735563
631.606 11.2486 0.00558875 0.0101758 0.712692
673.948 83.3266 0.0279088 -0.00567778 0.788724
673.891 93.8145 0.033829 -0.00551804 0.784016
851.558 265.317 0.121917 -0.0948201 0.726617
657.612 542.703 0.325039 0.0175686 0.769321
929.885 210.201 0.0890012 -0.115016 0.683101
638.885 65.3302 0.0332278 -0.000192799 0.536383
514.931 129.246 0.0521942 0.0726543 0.741297
627.341 75.3452 0.0273293 0.0170319 0.753502
786.485 473.326 0.257162 -0.0677566 0.746812
548.642 184.827 0.0823796 0.072912 0.797519
842.209 159.858 0.0709375 -0.0992092 0.770181
615.069 414.468 0.193915 0.0298269 0.711575
783.875 489.072 0.230073 -0.056133 0.692753
771.306 519.236 0.290229 -0.0586089 0.746004
783.868 183.656 0.0805891 -0.0598023 0.732063
526.747 45.7411 0.0149175 0.0625081 0.740662
616.467 201.658 0.0861966 0.0226848 0.719824
638.426 51.7305 0.0151022 0.0116043 0.764179
508.13 517.008 0.26735 0.100118 0.730051
819.609 477.307 0.420673 -0.155056 0.94928
689.8 296.574 0.179221 -0.00953398 0.889778
573.859 290.619 0.148654 0.0641964 0.797195
845.926 88.153 0.0311653 -0.10645 0.795836
660.574 119.297 0.0496828 -0.00188443 0.661784
806.948 208.98 0.0951042 -0.0750148 0.746893
837.738 128.854 0.0550274 -0.0875605 0.738803
844.851 116.579 0.049967 -0.0831044 0.709439
565.811 164.965 0.0710268 0.0609175 0.795386
767.246 158.701 0.0696485 -0.068801 0.851676
806.383 278.73 0.129688 -0.0727817 0.732316
928.625 403.129 0.342801 -0.292675 0.976341
885.895 470.303 0.233494 -0.115749 0.710817
508.458 517.191 0.268262 0.100377 0.73107
669.675 167.307 0.0713652 -0.00310332 0.729569
609.572 533.649 0.338355 0.0565401 0.795396
772.827 91.2251 -0.0514827 -0.13635 1.20538
779.948 194.409 0.0882963 -0.0625254 0.760056
843.138 139.293 0.0600417 -0.0963276 0.76004
845.732 434.514 0.271519 -0.126468 0.81234
706.489 182.295 -0.0936437 -0.0435303 1.98212
719.963 254.391 -0.0873565 -0.206959 3.74511
849.349 82.5214 0.0296034 -0.104474 0.782516
784.857 494.205 0.225631 -0.0547348 0.681995
683.162 141.913 0.0596748 -0.00991907 0.76966
947.88 213.567 0.0924266 -0.128441 0.695438
491.761 176.019 0.0751921 0.186801 0.992767
504.007 213.554 0.0902905 0.0759049 0.718137
