700.998 500.722 0.307098 -0.0121319 0.915871
627.015 497.283 0.31489 0.0658058 0.937063
587.454 309.846 0.106094 0.077683 0.902205
764.559 446.897 0.320347 -0.0946415 1.02605
945.466 14.4496 -0.11758 -0.220611 0.918135
764.554 441.857 0.226774 -0.0710319 0.883789
695.687 389.302 0.175833 -0.0119683 0.886849
838.476 427.604 0.227154 -0.14379 0.903954
873.149 243.143 0.0590719 -0.173056 0.919379
508.036 257.043 0.060009 0.14089 0.908411
813.583 200.184 0.021835 -0.104327 0.861597
937.589 113.468 -0.0498643 -0.233372 0.942207
841.292 382.293 0.177438 -0.140671 0.892825
493.534 79.0678 -0.0750624 0.133305 0.906633
562.226 449.482 0.236853 0.113869 0.904191
564.655 240.177 0.0482172 0.0960806 0.920425
490.322 75.0269 -0.0754151 0.131605 0.896968
602.993 395.629 0.17984 0.0685926 0.891014
637.532 392.881 0.175978 0.037658 0.884667
562.467 449.437 0.236271 0.11329 0.903235
947.017 106.39 -0.0509555 -0.229522 0.920731
949.827 14.2767 -0.117046 -0.223246 0.916469
522.47 399.723 0.192444 0.15022 0.918931
834.083 420.441 0.213859 -0.135606 0.892911
726.166 479.233 0.285064 -0.0379392 0.917105
480.773 51.2376 -0.115854 0.167975 0.973662
694.081 113.247 -0.038059 -0.0187993 0.853276
778.216 492.289 0.264862 -0.0800366 0.865416
495.026 29.4906 -0.120698 0.14038 0.940916
574.487 117.474 -0.0483222 0.0769397 0.916403
523.453 248.509 0.0561454 0.145171 0.953701
586.328 246.596 0.0583822 0.0980959 0.996108
629.026 300.774 0.101619 0.0437045 0.913124
563.801 239.351 0.0471371 0.0944542 0.912733
745.772 135.064 -0.0329724 -0.0616792 0.923165
509.192 170.182 -0.0130753 0.147495 0.950682
524.054 425.805 0.22003 0.153332 0.921244
515.115 28.0802 -0.194074 0.190343 1.1177
556.026 224.038 0.0347062 0.127327 0.998275
873.098 239.521 0.0557558 -0.171787 0.916818
654.387 108.058 -0.054181 0.0126895 0.917659
808.315 276.355 0.0837801 -0.111282 0.901027
647.17 131.996 -0.0364003 0.019656 0.918125
786.165 481.388 0.296277 -0.0996913 0.924707
807.099 206.559 0.026313 -0.110374 0.906406
490.06 26.1746 -0.119734 0.140346 0.931397
645.488 233.153 0.0448033 0.0276877 0.931028
695.178 386.809 0.167442 -0.0118771 0.871887
882.977 322.405 0.098309 -0.134 0.793783
784.765 217.724 0.0349267 -0.0933547 0.914569
568.588 444.662 0.244029 0.115052 0.925042
565.54 176.483 -0.0039393 0.0902867 0.922066
606.581 235.127 0.0449454 0.059324 0.917481
949.723 182.297 0.00928231 -0.239784 0.924362
609.625 237.919 0.0481242 0.0603247 0.934597
649.992 133.947 -0.0378113 0.0190887 0.936176
640.465 386.918 0.177542 0.0373904 0.901608
588.009 181.164 0.00107973 0.0694318 0.910834
591.967 307.805 0.108862 0.0791706 0.92382
555.281 245.989 0.0269751 0.0326834 0.63846
782.534 293.008 0.0952492 -0.0871667 0.889882
509.719 174.796 -0.00911416 0.147343 0.950132
682.978 210.672 0.0266362 -0.0078255 0.879386
680.197 134.532 -0.0333422 -0.0072678 0.914897
805.187 148.008 -0.0197624 -0.10835 0.908346
840.954 404.863 0.19809 -0.140624 0.891064
763.687 441.845 0.226402 -0.0701749 0.883225
781.01 290.922 0.0975165 -0.0901953 0.912464
782.299 288.892 0.0947881 -0.0902447 0.906947
772.697 121.511 -0.0353445 -0.0768207 0.878317
641.862 388.078 0.182558 0.0376626 0.911012
952.412 250.751 0.0675223 -0.242268 0.914482
535.696 423.55 0.238989 0.16061 0.962107
623.192 305.607 0.101788 0.0456441 0.893527
595.238 302.569 0.104146 0.0757551 0.923609
902.377 307.724 0.0982287 -0.162817 0.832635
788.625 123.542 -0.0793867 -0.136015 1.09918
870.784 241.532 0.0558254 -0.161213 0.895056
690.642 180.468 0.000466231 -0.0140432 0.942987
632.384 195.772 0.0152806 0.0257468 0.84492
876.724 242.499 0.0573862 -0.169471 0.903008
846.453 20.0145 -0.126362 -0.151599 0.94964
765.964 145.289 -0.0317564 -0.0863725 0.972219
767.812 421.517 0.251979 -0.0881644 0.968123
814.105 285.325 0.0980401 -0.126915 0.939231
531.652 212.134 -0.0511997 0.471253 1.60366
516.348 341.102 0.133308 0.144191 0.90979
813.485 472.356 0.294137 -0.130532 0.934325
608.607 238.855 0.0489115 0.061277 0.934493
641.677 233.07 0.0437654 0.0281985 0.908038
767.631 181.429 -0.0952492 -0.197437 1.51804
757.48 223.013 0.0385977 -0.0697575 0.913243
806.928 276.153 0.0850298 -0.112593 0.910968
713.93 168.259 -0.134771 -0.0593181 1.53838
705.856 167.002 -0.21827 -0.0400055 1.76386
738.078 174.221 -0.154011 -0.137106 1.64842
735.061 145.404 -0.243516 -0.132153 1.67777
767.787 102.492 -0.175601 -0.149101 1.30475
819.171 141.473 -0.0378284 -0.14379 0.995193
736.367 187.441 -0.163694 -0.150597 1.7975
943.066 63.7451 -0.0867195 -0.230008 0.933683
787.257 139.026 -0.0768431 -0.149615 1.16263
749.28 198.743 -0.271645 -0.284845 2.22164
772.961 168.803 -0.0883067 -0.179619 1.39
750.938 191.035 -0.264952 -0.269965 2.11326
588.362 193.292 0.0104155 0.0708612 0.914483
748.952 181.444 -0.0832253 -0.140423 1.46813
884.535 311.598 0.11238 -0.170764 0.882083
708.557 120.312 -0.0431858 -0.0306023 0.912902
787.27 285.044 0.0857539 -0.0875131 0.872252
595.236 496.63 0.317973 0.101203 0.944716
495.72 82.6404 -0.0747708 0.135398 0.915524
744.133 496.75 0.310775 -0.0562568 0.923393
753.679 160.839 -0.217038 -0.198774 1.72001
811.642 480.337 0.338847 -0.143518 0.981421
710.955 168.629 -0.249645 -0.0599298 1.85531
714.372 185.136 -0.145069 -0.0660066 1.71338
817.321 277.4 0.084961 -0.119083 0.90119
763.691 190.392 -0.0962424 -0.207206 1.60607
661.062 21.9229 -0.109079 0.00294033 0.898503
729.824 183.23 -0.0459045 -0.0798328 1.3133
788.338 262.681 0.0748328 -0.0999214 0.929112
706.329 170.295 -0.217979 -0.0414223 1.78943
634.892 195.961 0.0123687 0.0364409 0.943052
725.043 196.842 -0.341446 -0.156719 2.3585
519.788 254.825 0.0599267 0.13837 0.927003
769.641 177.7 -0.0868874 -0.187445 1.45423
770.793 140.922 -0.0287361 -0.0836352 0.928878
510.557 242.366 0.048326 0.139624 0.914298
757.986 223.233 0.0395127 -0.0751392 0.948693
757.519 221.218 0.0371032 -0.0697378 0.912802
803.729 206.811 0.0262201 -0.113506 0.931103
603.557 237.089 0.0459183 0.0593778 0.904645
605.541 390.251 0.179732 0.0687484 0.902593
743.453 496.158 0.312618 -0.0559068 0.926752
832.965 477.603 0.300609 -0.15099 0.933089
532.022 275.015 0.0756997 0.122963 0.908499
587.434 100.301 -0.0638729 0.0683966 0.930254
836.926 420.956 0.209493 -0.134954 0.883331
690.548 176.741 -0.00146089 -0.014239 0.927911
545.791 125.237 -0.0847902 0.163632 1.10506
534.991 277.008 0.0791983 0.125727 0.922037
819.034 493.27 0.314885 -0.135278 0.928292
819.613 274.393 0.0751377 -0.10748 0.851652
760.883 162.837 -0.208508 -0.221546 1.71393
738.024 173.569 -0.156799 -0.137348 1.65143
721.376 443.645 0.332783 -0.0399347 1.05699
535.916 181.206 0.00559199 0.0768754 0.799091
696.163 388.555 0.172662 -0.0124979 0.880781
754.886 154.99 -0.211264 -0.191541 1.66431
710.241 158.762 -0.245239 -0.0562912 1.76898
680.982 119.63 -0.0427436 -0.00863873 0.904894
766.361 216.092 0.0329535 -0.0754644 0.901071
821.914 128.091 -0.0371136 -0.125975 0.924186
578.251 471.383 0.228386 0.0850035 0.853395
597.105 493.524 0.323647 0.102922 0.957186
811.774 207.011 0.0265779 -0.121093 0.932544
630.474 186.252 0.00436271 0.0389271 0.937189
630.988 185.914 0.00374919 0.039179 0.942243
581.362 486.181 0.284499 0.104454 0.916426
649.805 132.768 -0.0800105 0.0398959 1.12995
656.683 115.304 -0.0524842 0.0125583 0.936619
897.989 373.71 0.269884 -0.321951 1.12393
498.558 182.058 -0.00563323 0.169846 0.977002
929.451 169.996 -0.0171498 -0.302877 1.06991
609.142 237.962 0.0482987 0.061479 0.938173
663.786 305.868 0.178761 0.0561358 1.27896
685.291 215.587 0.0305433 -0.00731522 0.965608
854.058 303.376 0.103015 -0.142421 0.87513
601.445 518.369 0.370245 0.106885 0.974136
627.531 527.229 0.350256 0.0677853 0.935482
520.649 495.543 0.365439 0.218757 1.01458
600.673 519.512 0.364661 0.105148 0.965899
592.721 505.66 0.307207 0.0956648 0.916732
590.427 103.735 -0.0672901 0.0718175 0.956798
491.385 76.9305 -0.0754589 0.133036 0.902272
778.091 507.584 0.297247 -0.0843063 0.887791
841.131 488.361 0.274266 -0.140126 0.879692
501.972 504.1 0.328238 0.205364 0.953635
622.098 125.421 -0.0482575 0.0448302 0.952988
734.218 138.768 -0.251677 -0.127195 1.65623
732.68 175.595 -0.301026 -0.166092 2.03832
625.118 324.671 0.109011 0.0390334 0.856565
756.384 225.662 0.0411133 -0.0704315 0.9253
778.115 504.378 0.298688 -0.0855322 0.894085
516.26 400.58 0.185841 0.148209 0.902219
643.034 232.704 0.043836 0.0280847 0.916699
807.264 512.125 0.390925 -0.142349 0.990252
788.922 263.983 0.0748865 -0.0983629 0.919199
627.161 304.385 0.106356 0.0469423 0.921148
776.583 500.393 0.307575 -0.0873774 0.911356
763.368 160.264 -0.00692789 -0.0673744 0.861432
815.2 143.737 -0.0317603 -0.132965 0.970369
506.441 169.017 -0.0129241 0.145309 0.939739
494.115 243.145 0.0511955 0.181099 0.973926
744.827 176.491 -0.118071 -0.143133 1.5532
721.504 159.501 -0.211666 -0.0902382 1.69297
755.912 227.686 0.0431408 -0.0713664 0.935401
721.791 484.49 0.274805 -0.0325464 0.894636
574.654 235.731 0.0450257 0.0892626 0.927996
950.181 21.7099 -0.108706 -0.219301 0.907394
828.149 501.162 0.367855 -0.164245 0.980117
588.152 98.3709 -0.0691056 0.0711125 0.946315
827.278 415.654 0.228842 -0.141851 0.931718
541.427 91.113 -0.0749508 0.109313 0.943937
931.597 434.049 0.300197 -0.300507 1.0058
742.635 182.553 -0.264243 -0.210485 2.02044
496.163 133.036 -0.0318317 0.124669 0.876051
556.682 181.141 -0.0179026 0.152992 1.08945
577.83 119.453 -0.049679 0.0779914 0.931524
747.501 503.616 0.304048 -0.0574983 0.904259
624.146 91.958 -0.0688235 0.0373753 0.927216
817.952 274.542 0.0739243 -0.104046 0.843209
819.821 80.6782 -0.133793 -0.180143 1.12114
733.96 207.649 -0.10001 -0.142991 1.81419
760.557 439.097 0.226729 -0.068204 0.888787
482.384 59.9457 -0.227819 0.313995 1.26875
623.672 91.9761 -0.0701351 0.0385164 0.932661
709.18 528.707 0.363119 -0.0192509 0.941803
745.806 505.791 0.296471 -0.0544696 0.891518
928.255 417.527 0.289523 -0.30828 1.02684
760.532 197.418 -0.00157302 -0.114846 1.18109
803.873 179.997 0.00328559 -0.11414 0.935062
806.211 204.411 0.0245541 -0.109861 0.907501
552.973 102.552 -0.0755757 0.11249 0.983987
818.607 493.053 0.314415 -0.134741 0.928053
627.402 529.219 0.350163 0.0673979 0.932532
644.375 185.265 0.0041978 0.0261408 0.932089
685.243 317.898 0.0947054 -0.00792611 0.811007
742.881 188.513 -0.124592 -0.157255 1.68442
491.424 21.795 -0.121123 0.13709 0.926766
487.891 320.404 0.129386 0.20205 0.979443
749.074 508.044 0.296243 -0.0571154 0.887879
730.831 163.762 -0.23816 -0.13037 1.79147
726.717 204.691 -0.093888 -0.109483 1.75009
581.777 139.176 -0.0727081 0.12716 1.12412
632.095 299.007 0.100155 0.0409248 0.913156
556.617 180.66 -0.00135213 0.100156 0.929193
692.416 135.237 -0.0339608 -0.0171637 0.923778
650.604 234.431 0.0469723 0.0261089 0.957436
608.628 389.379 0.185775 0.0698327 0.919004
513.113 334.315 0.118756 0.132338 0.877795
701.396 498.928 0.308647 -0.0125132 0.920559
507.776 173.277 -0.00946185 0.144914 0.940404
573.955 204.949 0.019177 0.0859641 0.92331
664.603 537.325 0.353113 0.0273174 0.921862
700.066 500.058 0.311632 -0.0110671 0.922836
680.748 120.17 -0.0404226 -0.00868515 0.893832
858.789 315.719 0.113233 -0.146578 0.874632
523.877 170.711 -0.012732 0.136128 0.954664
876.093 242.093 0.0572183 -0.169923 0.905491
758.234 478.231 0.27636 -0.0680337 0.903744
555.432 179.529 -0.0019483 0.0997367 0.924801
574.495 494.36 0.273612 0.102163 0.888917
514.614 403.462 0.185355 0.146643 0.894952
588.652 183.425 0.00261527 0.0699089 0.914529
822.998 124.627 -0.0379433 -0.123836 0.91338
635.188 14.8527 -0.1186 0.0229586 0.911368
800.553 183.394 0.00501327 -0.115044 0.951108
917.906 439.554 0.34843 -0.326319 1.0676
655.499 104.358 -0.0573342 0.0117832 0.919659
567.859 239.005 0.0478265 0.096624 0.932014
587.256 547.447 0.311481 0.0887666 0.866656
630.215 182.422 0.00136218 0.0385135 0.934346
669.768 233.431 0.0088611 0.0864729 1.66702
514.454 403.246 0.18523 0.146843 0.895145
745.37 522.26 0.354384 -0.0588326 0.938497
854.907 398.959 0.161028 -0.126914 0.820158
538.962 230.24 0.0394712 0.120534 0.930761
842.072 488.88 0.28185 -0.144554 0.889301
566.634 199.978 0.0142933 0.0963614 0.939696
649.695 135.137 -0.0364473 0.019163 0.933612
658.533 600.18 0.347535 0.0261848 0.843263
555.075 470.198 0.257607 0.122684 0.903821
711.766 544.191 0.345514 -0.0212856 0.901092
631.58 126.414 -0.0423151 0.0330301 0.926074
540.474 53.2433 -0.104799 0.10778 0.947453
699.697 289.375 0.153033 -0.0144529 1.30938
701.843 310.866 0.206694 -0.0162139 1.3528
549.287 164.027 -0.0126475 0.0983624 0.90803
718.798 487.363 0.295061 -0.0304365 0.918817
520.87 509.6 0.353089 0.197967 0.974538
519.928 422.22 0.209157 0.149986 0.907039
707.972 538.44 0.348958 -0.0177006 0.912651
892.891 379.682 0.292892 -0.332628 1.15184
839.484 405.239 0.201227 -0.14137 0.896985
636.089 300.053 0.108723 0.0436802 0.953309
683 201.99 0.0186455 -0.00628808 0.94644
622.174 303.779 0.137937 0.0867412 1.0906
568.96 179.746 -0.0022915 0.0912592 0.935074
684.29 203.711 0.0195071 -0.00681524 0.966736
784.93 232 0.0466389 -0.0926488 0.909744
672.439 521.041 0.359417 0.0214801 0.951728
620.157 508.834 0.295432 0.0635518 0.89472
881.389 307.913 0.114766 -0.178466 0.906522
822.668 499.065 0.309929 -0.134244 0.912913
585.22 279.017 0.0791494 0.0759425 0.897795
621.654 193.912 0.00683136 0.0576868 0.998697
879.797 237.068 0.0520227 -0.16607 0.88899
702.886 288.869 0.173213 -0.0184411 1.48262
564.449 466.119 0.276859 0.127592 0.940177
704.468 568.462 0.404225 -0.0125106 0.931021
744.653 524.793 0.35147 -0.0572871 0.93158
813.799 552.501 0.403953 -0.136995 0.943661
620.053 512.654 0.295978 0.0628724 0.890117
730.763 492.14 0.265266 -0.03917 0.869391
786.754 476.848 0.30053 -0.103247 0.937978
703.753 291.091 0.192864 -0.0183895 1.5992
774.783 447.958 0.223872 -0.0773186 0.867864
800.067 179.005 0.000179134 -0.117429 0.963279
811.397 152.332 -0.0188662 -0.118929 0.92973
666.373 541.937 0.328309 0.0215435 0.887734
777.615 524.383 0.351226 -0.0922903 0.929426
587.897 281.089 0.127534 0.201465 1.29365
792.615 167.491 -0.00482811 -0.0978124 0.906267
813.039 178.916 0.0034577 -0.119014 0.922542
678.467 300.023 0.0699718 -0.00605006 0.748422
544.389 214.525 0.0258925 0.123632 0.958114
779.441 506.304 0.294663 -0.0852374 0.886136
753.897 168.232 -0.00729706 -0.0693273 0.931105
753.381 166.387 -0.00821598 -0.0680901 0.924887
811.201 150.533 -0.0212188 -0.120511 0.936702
955.521 97.3471 -0.0533331 -0.224744 0.900209
773.284 485.077 0.282526 -0.0820546 0.900858
840.292 489.108 0.279136 -0.141452 0.885386
590.801 480.252 0.300237 0.104993 0.947989
562.622 183.625 0.000472207 0.0981786 0.939009
607.707 548.267 0.445505 0.114848 1.007
633.079 538.204 0.353604 0.0602161 0.923485
605.757 514.016 0.375166 0.10536 0.98655
834.747 537.44 0.344062 -0.143532 0.899763
670.695 538.361 0.315799 0.0161919 0.877482
654.596 513.101 0.282843 0.0281599 0.870036
805.893 533.757 0.425876 -0.142469 0.993011
878.355 136.48 -0.0189255 -0.143632 0.843872
682.618 330.832 0.0891548 -0.00736608 0.756738
692.018 246.018 0.0643197 -0.0106466 1.06559
597.124 247.974 0.0643434 0.115952 1.10335
581.929 217.877 0.0299169 0.0734783 0.895915
606.324 394.867 0.182192 0.0673201 0.897953
554.057 140.806 -0.0335518 0.0995574 0.93184
627.393 238.604 0.051952 0.106376 1.24634
650.213 133.299 -0.0391717 0.0193282 0.941177
887 322.468 0.0969978 -0.134437 0.788246
689.98 283.785 0.0845048 -0.0107727 0.887463
535.763 280.14 0.0826202 0.127223 0.926894
692.828 133.082 -0.0341905 -0.0175729 0.91481
954.63 15.2517 -0.108809 -0.216004 0.895156
697.739 244.029 0.0622111 -0.0128381 1.37375
730.763 162.981 -0.236052 -0.128968 1.78038
627.065 280.421 0.158854 0.269931 1.74097
508.827 163.932 -0.0136227 0.130652 0.908909
624.968 306.909 0.106312 0.0471015 0.910002
707.088 168.077 -0.220582 -0.0443155 1.77838
859.361 457.582 0.270229 -0.172298 0.920442
775.68 492.766 0.318 -0.0913182 0.936511
690.211 180.687 0.00094777 -0.0136966 0.93897
601.177 327.022 0.128348 0.0738616 0.929335
559.117 240.198 0.0470253 0.0943481 0.899211
765.329 219.786 0.0361575 -0.0767553 0.915067
813.906 486.3 0.327572 -0.13839 0.956304
482.231 8.31312 -0.1211 0.133107 0.901497
733.107 167.566 -0.260048 -0.148274 1.87424
719.733 166.375 -0.274172 -0.0966869 1.89587
823.599 124.392 -0.0379341 -0.124037 0.912334
573.501 236.622 0.0455869 0.0891391 0.92367
648.587 138.734 -0.0345493 0.0208444 0.939495
590.748 187.09 0.00486189 0.0710314 0.925978
856.882 8.83043 -0.112048 -0.140077 0.889085
763.813 440.657 0.230228 -0.0716231 0.891974
695.946 384.511 0.182371 -0.0118969 0.913707
840.741 430.871 0.223745 -0.141651 0.891587
945.013 186.641 0.0122254 -0.242777 0.936399
958.228 292.647 0.102199 -0.242262 0.89973
871.489 242.228 0.0560532 -0.160034 0.890463
602.967 398.779 0.182707 0.0688418 0.890905
639.709 392.969 0.183343 0.0384829 0.9018
668.079 499.598 0.308902 0.0213193 0.922407
521.501 422.561 0.212922 0.151798 0.913868
563.047 450.258 0.238751 0.113899 0.90605
510.991 242.329 0.0486619 0.1422 0.921423
