611.28 415.086 0.198433 0.0316149 0.716577
797.276 282.133 0.136126 -0.0720369 0.744892
855.966 442.249 0.246141 -0.116093 0.756964
778.993 182.846 0.0827183 -0.0613617 0.748158
880.248 399.457 0.193588 -0.112068 0.713041
900.771 1.51602 0.0116972 -0.0908105 0.661671
483.529 153.415 -0.00650105 0.420441 1.40434
588.583 297.935 0.133517 0.0380265 0.716202
567.455 416.908 0.20399 0.0574475 0.727105
687.896 402.006 0.202552 -0.00918653 0.736645
942.386 204.85 0.0902156 -0.129159 0.700252
500.796 203.86 0.0871835 0.0765419 0.721109
622.412 290.02 0.173655 0.0454699 0.886463
558.382 420.538 0.191188 0.0551105 0.698954
498.798 202.918 0.0859843 0.0753873 0.714507
680.006 121.642 0.0513707 -0.0101192 0.745045
671.533 72.5857 0.0242448 -0.00606151 0.787024
726.552 284.163 0.295372 -0.515215 5.02753
715.29 276.222 -0.0610961 -0.143946 5.48366
707.429 106.931 0.0337596 -0.0297189 0.884949
844.041 252.925 0.1121 -0.085813 0.704391
607.397 188.894 0.080054 0.0236863 0.706713
942.548 300.852 0.137858 -0.136826 0.706283
757.92 46.4865 0.0225967 -0.0437923 0.699709
776.42 100.199 0.0360742 -0.0722823 0.827976
605.951 412.763 0.183796 0.0299921 0.690778
608.279 116.455 0.0486353 0.0239261 0.73127
489.362 504.016 0.222725 0.0865499 0.67766
870.5 252.697 0.0974161 -0.0775047 0.636397
778.387 0.413017 -0.0553477 -0.0939132 0.952204
930.28 205.743 0.0935908 -0.133516 0.723667
719.656 264.842 -0.0947131 -0.257812 4.52368
518.665 479.928 0.254006 0.0954714 0.74375
943.119 311.989 0.119392 -0.104517 0.632123
521.417 201.904 0.0888781 0.0729963 0.743595
846.41 256.246 0.12016 -0.0956584 0.734306
562.198 197.983 0.0862121 0.0494387 0.73155
532.449 130.175 0.0540594 0.0536215 0.702706
685.597 406.805 0.177315 -0.00851492 0.68083
769.822 185.319 0.0824942 -0.0540371 0.731603
612.466 195.672 0.0849488 0.0236963 0.724187
944.828 204.6 0.0895665 -0.128455 0.696106
924.931 208.837 0.0966577 -0.136153 0.735837
581.76 295.31 0.125408 0.0367466 0.691911
543.155 130.359 0.0542518 0.0578599 0.742487
687.93 402.075 0.199916 -0.00926621 0.731321
631.557 28.228 0.00883158 0.0115323 0.744376
585.73 210.134 0.058189 0.402949 1.796
780.754 484.865 0.22318 -0.054244 0.68344
522.414 553.34 0.265377 0.0804218 0.694053
498.57 143.464 0.0598078 0.0760032 0.727672
560.609 412.772 0.190316 0.05527 0.705554
534.228 290.295 0.124257 0.0595718 0.698962
771.921 179.071 0.0783051 -0.052848 0.716856
512.104 205.642 0.0907319 0.0781906 0.744332
589.618 289.014 0.126818 0.0356993 0.707943
493.511 195.662 0.0818489 0.0750462 0.706991
520.624 203.663 0.0894454 0.0726591 0.740625
862.662 437.096 0.233768 -0.11482 0.742693
797.041 272.919 0.13524 -0.0755356 0.763099
685.977 402.119 0.182751 -0.00861496 0.696816
607.294 24.3319 0.0148132 0.0170695 0.687781
559.323 421.976 0.192915 0.0551765 0.700701
876.524 459.302 0.234026 -0.115127 0.719018
563.38 418.797 0.195502 0.0550603 0.708902
602.705 182.637 0.075495 0.0231381 0.687495
776.226 443.988 0.274754 -0.0730366 0.803406
859.593 436.292 0.241962 -0.118199 0.757076
928.519 207.585 0.0915927 -0.123696 0.702396
684.429 53.1639 0.0228966 -0.0131794 0.718573
549.49 302.967 0.143697 0.0649187 0.745143
688.818 398.725 0.199518 -0.00979962 0.734651
545.651 136.891 0.0573462 0.0582086 0.747941
564.041 202.573 0.0885646 0.0489404 0.732463
494.663 500.344 0.229112 0.0885883 0.68968
552.63 113.936 0.0471456 0.0491705 0.726844
831.357 170.568 0.0774259 -0.0908209 0.754799
541.729 531.494 0.290121 0.0851455 0.740934
864.47 388.933 0.209261 -0.119356 0.758279
824.796 100.704 0.0410234 -0.0907046 0.775437
812.177 241.546 0.111717 -0.0769166 0.73354
765.478 194.189 0.0900366 -0.0567453 0.765724
830.249 261.404 0.126475 -0.0917776 0.751621
800.332 278.93 0.131342 -0.0711586 0.732904
596.639 129.979 0.0545179 0.0323008 0.748069
861.268 442.654 0.236351 -0.113498 0.740721
519.48 34.4181 0.0123665 0.0621449 0.733468
818.253 231.896 0.103607 -0.0755156 0.714833
502.416 143.683 0.0599254 0.0739226 0.726648
878.862 298.503 0.150673 -0.123378 0.75728
721.767 524.881 0.283695 -0.0272371 0.731373
617.362 402.245 0.202397 0.0313761 0.739466
604.209 43.6368 0.00460269 0.0338988 0.814789
594.2 286.921 0.12831 0.0350125 0.717424
695.672 530.492 0.329174 -0.0106364 0.779898
614.565 129.254 0.0543198 0.0234262 0.749738
608.551 525.629 0.342017 0.0578718 0.803759
744.417 510.538 0.360565 -0.0527506 0.833905
617.508 57.7451 0.0231875 0.0176994 0.73004
856.795 509.965 0.316106 -0.128648 0.777745
492.062 501.963 0.227249 0.0883872 0.68575
938.464 304.654 0.142738 -0.139467 0.715868
866.206 405.736 0.215515 -0.117491 0.748115
945.939 156.047 0.0720747 -0.168278 0.786576
894.196 300.133 0.140438 -0.117294 0.718735
797.59 187.838 0.0878077 -0.0771258 0.776575
802.374 523.093 0.30103 -0.0817209 0.749948
717.499 517.685 0.307401 -0.0262578 0.766569
810.227 478.297 0.419703 -0.143687 0.940322
563.102 295.192 0.151774 0.0685038 0.791028
630.172 77.131 0.0264446 0.0169991 0.785213
595.515 21.9731 0.000616096 0.0325759 0.775745
696.352 521.298 0.343922 -0.0110367 0.805852
545.186 24.1542 0.00145556 0.0586954 0.775142
597.087 134.107 0.0564897 0.0326258 0.750774
606.088 416.867 0.187382 0.0305334 0.693502
611.627 413.353 0.195468 0.0307432 0.712787
848.58 256.559 0.118626 -0.0944193 0.726182
877.883 473.621 0.308932 -0.155626 0.808375
777.849 500.696 0.375612 -0.0877223 0.86081
848.898 155.973 0.0689648 -0.0917072 0.725807
670.065 175.672 0.0778967 -0.00390372 0.750127
683.786 89.5378 0.0324818 -0.0126231 0.79368
617.575 202.978 0.0910903 0.0242796 0.748026
564.498 205.978 0.0905945 0.0495337 0.735618
810.634 239.552 0.111906 -0.0776453 0.740529
849.572 442.817 0.364107 -0.18093 0.928314
800.753 277.08 0.129956 -0.0710269 0.731349
839.062 94.6057 0.0347795 -0.109041 0.813469
801.341 272.749 0.126818 -0.0705578 0.727968
913.463 416.231 0.162842 -0.0979699 0.635295
842.029 514.008 0.298155 -0.109121 0.753322
486.52 242.972 0.11965 0.117123 0.805735
506.33 118.072 0.0484207 0.0726768 0.733769
633.634 22.0205 0.00547683 0.010687 0.748707
671.064 87.1317 0.0317542 -0.00548772 0.786852
847.212 258.264 0.120369 -0.0949412 0.730214
653.401 541.854 0.317007 0.0180181 0.757536
925.18 202.997 0.0872171 -0.115158 0.685691
635.456 61.8243 0.032392 8.051e-05 0.546496
511.001 122.133 0.0501118 0.0732168 0.742842
623.554 68.3138 0.0252392 0.0175337 0.755786
783.567 469.62 0.251926 -0.0660326 0.7393
536.159 173.289 0.0762883 0.0715459 0.773231
607.925 412.458 0.186479 0.0299231 0.696325
784.134 493.509 0.215513 -0.0527222 0.665242
780.953 175.44 0.0775276 -0.0588778 0.727489
521.993 37.7658 0.0126593 0.0631508 0.741742
612.01 194.056 0.0835826 0.0231358 0.718218
634.34 43.4442 0.0127799 0.0120144 0.763904
503.905 512.016 0.263832 0.100234 0.727054
686.848 290.946 0.175144 -0.00903082 0.882505
570.04 284.426 0.145927 0.0644397 0.795266
843.981 79.696 0.0286057 -0.105967 0.793611
656.822 112.79 0.0480535 -0.00154231 0.666524
803.687 201.923 0.0928228 -0.0746322 0.747001
834.288 121.492 0.0528218 -0.0872596 0.739553
840.792 109.502 0.0479659 -0.0830183 0.71172
561.974 158.947 0.0693313 0.0622778 0.799482
764.638 151.572 0.0670892 -0.0682012 0.849179
929.891 399.73 0.335099 -0.287956 0.962548
504.303 512.112 0.264676 0.100447 0.728065
663.966 154.886 0.0658983 -0.00247218 0.709683
604.23 534.072 0.328831 0.0560071 0.780485
679.854 132.302 0.0561514 -0.00967831 0.771995
850.163 75.0159 0.0326644 -0.0900411 0.724734
837.308 258.516 0.121289 -0.0909181 0.734551
561.211 2.19851 0.00613752 0.0349632 0.691885
844.697 156.962 0.0686029 -0.0854064 0.710058
915.132 309.729 0.139433 -0.120122 0.698341
574.878 283.454 0.10895 0.0317179 0.649643
685.299 410.449 0.19157 -0.00802065 0.705235
528.615 46.0871 0.0141146 0.0643479 0.75816
841.17 150.715 0.0655975 -0.0824115 0.705376
647.944 280.311 0.0758178 -0.0012472 0.526702
621.709 58.1236 0.0220395 0.0169145 0.742578
576.458 159.272 0.0672393 0.0851446 0.939799
576.996 325.985 0.125941 0.0323102 0.649697
524.876 328.449 0.129762 0.0551791 0.660307
541.434 131.047 0.0545916 0.0576243 0.737674
663.968 152.363 0.0642159 -0.00289082 0.696578
611.027 310.245 0.220153 0.0782018 0.985682
855.451 155.135 0.0679132 -0.0904459 0.710321
919.557 83.01 0.0382531 -0.11179 0.694571
771.057 84.8772 -0.0537777 -0.135766 1.20362
776.646 187.36 0.0859772 -0.0620578 0.759871
841.434 130.406 0.057035 -0.0952854 0.755028
848.624 434.565 0.259635 -0.12203 0.788101
705.141 178.501 -0.0958998 -0.0431545 1.98113
719.332 252.48 -0.0895666 -0.20661 3.74359
846.33 75.3688 0.0273788 -0.104516 0.784121
782.683 489.561 0.221096 -0.0540064 0.676481
679.353 134.372 0.057269 -0.00939054 0.768771
947.391 205.28 0.0890557 -0.126973 0.690034
487.684 169.918 0.0727688 0.187001 0.991616
499.098 206.195 0.0877846 0.0762161 0.717023
