699.397 495.72 0.302302 -0.0119513 0.913219
624.554 494.147 0.308034 0.0653873 0.929037
584.372 304.33 0.101792 0.077585 0.898628
771.73 471.838 0.273679 -0.0827596 0.904924
946.82 4.09433 -0.120804 -0.21921 0.913393
762.812 437.085 0.221854 -0.0702942 0.879917
693.636 384.391 0.171076 -0.011662 0.882691
837.392 422.642 0.222274 -0.142998 0.900239
958.485 341.857 0.14953 -0.251167 0.903044
872.818 236.847 0.0548901 -0.171906 0.914801
505.205 251.148 0.0563616 0.141026 0.908534
813.062 192.772 0.0176494 -0.103132 0.854207
938.001 105.507 -0.053488 -0.232152 0.938615
841.55 378.122 0.171289 -0.138961 0.88315
486.725 68.9083 -0.0782762 0.132147 0.898507
559.126 445.322 0.231524 0.113515 0.899106
561.112 234.029 0.0442306 0.095866 0.916688
483.349 64.7152 -0.0786544 0.130511 0.888979
600.085 390.945 0.175014 0.0685446 0.886553
634.125 389.408 0.169454 0.0373969 0.873439
557.075 448.112 0.227848 0.111481 0.888012
946.354 98.9656 -0.0545354 -0.228683 0.91959
948.973 6.12984 -0.120602 -0.22277 0.916748
520.865 394.148 0.189011 0.150482 0.92004
833.043 415.354 0.20913 -0.135015 0.889558
724.751 476.931 0.277135 -0.0373085 0.905571
691.418 107.859 -0.0416558 -0.0184168 0.860795
769.836 462.662 0.288138 -0.0874055 0.941341
489.627 19.7838 -0.123996 0.139994 0.937463
572.734 111.574 -0.0520449 0.0774562 0.921947
516.995 242.232 0.0513007 0.143701 0.941731
585.439 241.719 0.0561768 0.100867 1.0105
957.983 180.205 0.0107104 -0.231034 0.895088
630.176 294.219 0.101739 0.0449247 0.937469
559.826 233.048 0.0429846 0.0941454 0.90763
742.956 129.737 -0.0365884 -0.0614735 0.930723
497.586 159.521 -0.0173809 0.143572 0.924724
519.202 422.752 0.213411 0.151775 0.911074
511.382 20.1804 -0.197753 0.190617 1.11844
553.468 218.24 0.0310711 0.127506 0.998476
879.072 231.59 0.0487666 -0.16534 0.886225
651.264 99.4686 -0.0577197 0.0128896 0.912591
806.41 270.436 0.0802592 -0.111128 0.902098
644.282 124.231 -0.0400362 0.01976 0.914624
784.884 476.833 0.290866 -0.0990037 0.920277
805.618 200.04 0.02252 -0.109815 0.904621
483.674 15.6421 -0.122848 0.139799 0.926017
643.243 227.214 0.0412285 0.0279762 0.931766
693.471 381.773 0.162725 -0.0118957 0.867901
872.439 313.137 0.0990341 -0.137771 0.819947
781.015 213.291 0.0329176 -0.0952471 0.934617
555.44 452.707 0.225116 0.108795 0.875748
562.17 169.667 -0.00764538 0.0902238 0.920017
602.556 228.569 0.0405073 0.0590613 0.90909
950.18 175.225 0.00541849 -0.238055 0.919636
605.606 231.429 0.0436035 0.0600473 0.925542
647.835 128.268 -0.0414066 0.0196073 0.941744
636.739 384.182 0.169875 0.0368209 0.885564
584.408 174.191 -0.00271027 0.0695182 0.907731
588.624 302.45 0.104233 0.078877 0.91815
551.315 239.139 0.0233242 0.0328833 0.638573
780.433 287.006 0.0921053 -0.0873404 0.893396
680.933 204.692 0.0232951 -0.00764359 0.883739
677.91 127.792 -0.0369485 -0.00704932 0.915821
802.842 142.109 -0.0233071 -0.108613 0.913089
839.628 399.677 0.193531 -0.139812 0.888033
779.459 285.177 0.093566 -0.0897664 0.910588
781.051 283.172 0.0904615 -0.0895827 0.902488
770.858 114.205 -0.038984 -0.0765382 0.877967
638.912 384.576 0.175938 0.0371275 0.899309
951.633 244.628 0.0637016 -0.241885 0.913519
621.509 299.713 0.0985988 0.0459112 0.896562
591.94 297.152 0.0995505 0.0754545 0.917911
899.842 301.396 0.0950012 -0.163168 0.835324
787.395 117.002 -0.0830102 -0.135726 1.09898
870.063 235.218 0.051808 -0.16032 0.89178
688.379 173.972 -0.00320889 -0.0136986 0.942342
640.601 198.381 0.0168029 0.0281372 0.927828
875.664 236.313 0.0535733 -0.169027 0.901712
845.388 11.6924 -0.129961 -0.151312 0.949559
764.386 138.464 -0.0353966 -0.0860396 0.971241
766.18 416.089 0.248147 -0.0879051 0.967875
810.736 279.546 0.0955981 -0.127266 0.947563
529.597 207.869 -0.0548414 0.471996 1.60596
511.788 336.417 0.128221 0.143005 0.902333
812.506 468.018 0.28834 -0.129565 0.928853
605.02 232.506 0.0445858 0.0610403 0.927524
638.992 226.747 0.0397974 0.028284 0.904837
768.706 171.415 -0.0969966 -0.190337 1.46834
755.887 216.486 0.0345531 -0.0690909 0.908605
805.129 270.272 0.0815214 -0.112535 0.912149
713.034 166.202 -0.140203 -0.0607142 1.56614
705.25 163.71 -0.223666 -0.0414783 1.77957
737.074 170.249 -0.158189 -0.137701 1.6564
734.611 138.092 -0.245062 -0.131406 1.66008
766.683 96.3392 -0.179321 -0.148966 1.30578
817.175 135.802 -0.0415029 -0.144271 1.00016
735.482 183.417 -0.16748 -0.150754 1.80136
949.436 49.2654 -0.0892698 -0.224179 0.913091
786.069 132.977 -0.0804957 -0.14943 1.16315
748.97 194.31 -0.271522 -0.282311 2.20429
772.22 163.045 -0.0918307 -0.178849 1.38594
748.051 196.502 -0.286335 -0.290721 2.26796
579.217 182.944 0.0050537 0.0688579 0.8847
747.671 178.476 -0.0878814 -0.1429 1.48923
888.016 306.858 0.105358 -0.166632 0.863228
706.395 113.311 -0.0468246 -0.0303964 0.913465
784.933 278.967 0.0828457 -0.0878744 0.877351
591.713 494.891 0.309429 0.099973 0.932355
742.744 492.236 0.305319 -0.0558768 0.919053
751.963 159.436 -0.224243 -0.202069 1.75399
810.624 475.936 0.333062 -0.142605 0.97635
709.864 162.982 -0.252042 -0.0593581 1.84421
713.479 183.838 -0.150826 -0.0673909 1.75065
814.86 271.489 0.0820312 -0.119563 0.906341
762.129 187.652 -0.100611 -0.209586 1.62712
658.154 13.6603 -0.112717 0.00330343 0.899046
728.546 177.941 -0.0495437 -0.0795938 1.31308
787.817 256.568 0.0698669 -0.0985493 0.91882
705.175 164.998 -0.220951 -0.0410653 1.78274
632.358 189.523 0.00863874 0.0365669 0.941655
724.358 192.994 -0.344987 -0.156471 2.35685
516.444 248.952 0.0561611 0.138616 0.926115
768.681 172.823 -0.0905734 -0.187374 1.45551
767.382 137.535 -0.032205 -0.0847323 0.946026
505.21 236.003 0.0439261 0.138501 0.906618
756.399 216.457 0.0350623 -0.0735778 0.938209
755.563 214.986 0.0334012 -0.0693747 0.912707
801.866 200.826 0.0227329 -0.113455 0.932931
599.345 230.482 0.041409 0.0591127 0.896024
602.38 386.535 0.173642 0.0677525 0.892787
742.12 492.503 0.306102 -0.0553047 0.919717
832.028 472.881 0.29523 -0.150271 0.92886
529.433 269.236 0.0720809 0.123145 0.908781
584.939 93.3419 -0.0676148 0.0685425 0.932114
832.422 412.152 0.209471 -0.136612 0.896386
544.031 119.878 -0.0886664 0.164693 1.11122
530.568 271.292 0.0746507 0.124865 0.915273
818.417 489.739 0.307972 -0.133892 0.920359
818.058 268.246 0.0712632 -0.10705 0.850261
760.232 157.515 -0.211693 -0.220492 1.70915
736.998 170.018 -0.161313 -0.138428 1.66379
719.987 439.119 0.327769 -0.0395836 1.0535
517.163 169.838 0.000139229 0.0769424 0.770501
694.439 382.591 0.169294 -0.0124155 0.882239
752.884 154.425 -0.219215 -0.195602 1.70531
709.078 152.732 -0.247629 -0.0557203 1.7579
679.41 113.469 -0.0463545 -0.00892331 0.908916
764.594 209.622 0.0291152 -0.074933 0.898879
821.517 119.696 -0.040853 -0.125012 0.918501
576.777 465.183 0.225091 0.0852809 0.854743
594.619 489.779 0.317533 0.102541 0.951134
809.912 201.057 0.0231046 -0.121158 0.93481
627.954 179.707 0.000672232 0.0389622 0.935748
628.475 179.375 4.59515e-05 0.039234 0.940898
578.445 483.041 0.277923 0.103509 0.908553
633.013 94.6611 -0.079037 0.0359761 0.986903
653.586 107.047 -0.0560655 0.0128813 0.932101
892.673 367.045 0.271482 -0.327478 1.14308
482.373 169.969 -0.0108129 0.163437 0.938641
928.933 163.847 -0.0208285 -0.302358 1.06914
605.276 231.407 0.0436849 0.0608922 0.928292
660.455 301.576 0.169326 0.0552135 1.24687
683.123 209.264 0.0266462 -0.00706737 0.962417
851.697 297.248 0.099833 -0.142731 0.878262
598.618 515.491 0.362657 0.106343 0.965418
624.712 525.202 0.341732 0.0672157 0.924589
516.088 493.91 0.355967 0.215753 1.00096
598.275 515.948 0.358082 0.104738 0.959398
589.114 503.112 0.29963 0.0951753 0.90718
585.937 94.5649 -0.070752 0.0715827 0.949594
482.947 64.9299 -0.0783182 0.130514 0.888195
775.821 501.978 0.293106 -0.0834619 0.886648
839.774 483.405 0.269302 -0.139308 0.876316
495.476 504.119 0.31722 0.201225 0.935869
617.515 115.137 -0.0517076 0.0441922 0.93833
733.468 131.199 -0.252908 -0.125623 1.63806
731.843 172.158 -0.306168 -0.166879 2.04964
620.623 320.106 0.102997 0.0387436 0.843379
754.893 219.229 0.0370855 -0.0699119 0.921189
776.244 499.195 0.293893 -0.0847724 0.891507
510.197 397.307 0.179135 0.146773 0.890849
639.507 225.855 0.0391232 0.0279154 0.905676
806.681 508.697 0.383241 -0.141025 0.981741
787.865 257.841 0.0704475 -0.0976049 0.914058
958.853 286.436 0.0976548 -0.241669 0.896216
775.53 497.941 0.299532 -0.0858312 0.900611
758.469 160.694 -0.00882339 -0.0704433 0.90133
813.507 137.377 -0.0354017 -0.13284 0.971929
500.94 161.416 -0.016744 0.144483 0.933202
489.948 237.226 0.0472032 0.180527 0.970072
743.211 175.048 -0.123521 -0.146236 1.58763
720.428 155.936 -0.21675 -0.09071 1.70623
754.942 220.678 0.0383831 -0.0703259 0.924019
720.146 479.642 0.269876 -0.0322527 0.891391
572.235 229.793 0.0414402 0.0894731 0.928695
948.037 14.9914 -0.112617 -0.219827 0.911327
827.227 497.054 0.361347 -0.16288 0.973856
582.312 87.0831 -0.0722148 0.0701115 0.931607
826.545 411.248 0.223294 -0.140655 0.925529
534.282 79.8642 -0.0780813 0.108003 0.930669
927.985 427.317 0.298695 -0.302389 1.01215
741.501 180.736 -0.272314 -0.213921 2.05462
485.995 121.799 -0.0356779 0.122255 0.858807
541.419 166.001 -0.023527 0.144282 1.02955
574.81 112.419 -0.0532643 0.0781676 0.931643
745.497 496.542 0.301786 -0.0574065 0.907809
620.839 82.9869 -0.0721267 0.0370671 0.921311
816.578 268.391 0.069907 -0.103486 0.840698
817.323 76.822 -0.138611 -0.182046 1.13419
733.976 197.18 -0.100361 -0.13529 1.72346
758.543 433.037 0.223344 -0.0679581 0.889923
480.172 55.1239 -0.232546 0.31733 1.27848
622.493 88.2964 -0.0741988 0.0394962 0.946225
707.484 527.114 0.353763 -0.0187228 0.929273
744.18 499.885 0.292627 -0.0543412 0.891222
928.091 413.418 0.283421 -0.305284 1.01936
758.032 195.494 -0.00368708 -0.117864 1.21122
802.357 173.401 -0.000389911 -0.113554 0.933538
803.838 198.481 0.0211546 -0.109921 0.911333
559.645 108.025 -0.0782001 0.116911 1.02525
816.802 487.24 0.310455 -0.134419 0.92756
624.818 526.656 0.342311 0.0669099 0.923205
641.478 177.976 0.000176921 0.0261302 0.926825
683.202 311.383 0.091648 -0.00777724 0.814942
741.094 190.954 -0.132811 -0.16688 1.7704
482.064 7.62476 -0.123425 0.135081 0.912607
481.835 315.838 0.123775 0.199668 0.967978
747.945 502.121 0.292456 -0.0574656 0.887607
729.482 166.983 -0.251745 -0.13731 1.87808
725.711 201.696 -0.0980095 -0.110391 1.76702
628.634 293.594 0.094982 0.0407634 0.903852
556.59 176.013 -0.00433053 0.101247 0.940027
689.412 126.486 -0.03764 -0.0163952 0.915337
647.25 227.893 0.0424832 0.0265238 0.949855
604.102 386.744 0.178114 0.0687564 0.903012
511.66 328.479 0.115599 0.132696 0.880368
699.717 493.946 0.303828 -0.0122435 0.917866
502.546 165.795 -0.0133299 0.14412 0.934378
571.317 198.752 0.0155637 0.0861666 0.923758
662.711 534.267 0.345802 0.0271165 0.913901
698.555 495.477 0.306422 -0.0109769 0.919026
678.884 114.609 -0.044124 -0.00866029 0.900947
520.233 163.989 -0.0164068 0.136039 0.953024
875.929 235.735 0.0530691 -0.16903 0.901234
756.834 473.342 0.271442 -0.0677028 0.90049
550.811 172.231 -0.00582398 0.0995327 0.919332
572.398 489.433 0.269024 0.102059 0.886582
512.359 398.133 0.181502 0.146688 0.894388
585.43 176.692 -0.00109409 0.0699678 0.912477
822.162 116.728 -0.0416541 -0.123205 0.910178
632.473 7.46634 -0.122546 0.0233505 0.914569
798.961 177.119 0.00139449 -0.114822 0.951452
920.052 436.926 0.338443 -0.321098 1.05154
653.089 97.4505 -0.0609872 0.0120108 0.921185
565.236 233.052 0.04416 0.0967729 0.93193
583.565 546.683 0.302616 0.0873969 0.854531
627.521 175.752 -0.00235206 0.0386159 0.932484
667.37 227.884 0.00501555 0.0849921 1.63522
512.206 397.902 0.181385 0.146902 0.894631
744.091 517.626 0.348962 -0.0585656 0.934561
851.953 391.861 0.15833 -0.127407 0.824394
536.041 224.2 0.0357797 0.120577 0.930209
839.264 481.995 0.279206 -0.144516 0.89206
557.006 189.63 0.008437 0.0935238 0.91079
645.996 125.419 -0.0401852 0.0190533 0.921099
552.449 466.09 0.252196 0.121934 0.89887
710.454 536.907 0.343561 -0.021418 0.904471
629.047 119.575 -0.0459519 0.0332578 0.926964
534.929 42.9426 -0.107839 0.107129 0.940358
698.3 284.907 0.148857 -0.0140818 1.30648
700.042 306.966 0.196153 -0.0154902 1.3158
546.42 157.47 -0.0162628 0.0985876 0.908874
516.467 507.761 0.344333 0.195643 0.962694
516.047 418.241 0.203692 0.149111 0.90075
706.437 534.811 0.342292 -0.0174768 0.906099
838.875 400.683 0.195628 -0.140029 0.890484
680.842 195.463 0.0148111 -0.0061224 0.943709
613.973 299.441 0.125814 0.0834146 1.04151
670.505 518.399 0.351464 0.0213729 0.942119
617.536 505.354 0.289102 0.0633418 0.888082
609.884 180.709 0.000419896 0.0564156 0.945319
876.147 231.365 0.0492941 -0.167781 0.898238
701.486 284.857 0.166685 -0.017996 1.45736
556.439 468.277 0.263477 0.124041 0.912587
703.061 562.211 0.400895 -0.0123505 0.931335
743.518 521.92 0.343447 -0.0565972 0.922173
811.839 545.206 0.401775 -0.137584 0.946497
617.99 507.96 0.291081 0.0628999 0.887027
729.082 486.3 0.261525 -0.0390395 0.869171
773.042 442.001 0.220128 -0.0772193 0.86794
802.694 168.494 -0.00443026 -0.11371 0.933302
809.758 145.746 -0.0224986 -0.11874 0.930408
664.684 537.251 0.323147 0.0215597 0.884307
776.7 521.164 0.343689 -0.0912846 0.920997
581.252 275.828 0.118778 0.195586 1.25619
790.641 161.232 -0.0083821 -0.0978113 0.908589
810.734 173.394 0.000134584 -0.119744 0.928826
677.088 292.782 0.0681464 -0.00616204 0.759937
540.837 208.206 0.0220418 0.123361 0.95504
777.856 501.193 0.289856 -0.0847296 0.883398
751.297 164.3 -0.0101506 -0.0701525 0.945039
749.192 166.759 -0.0103669 -0.0710824 0.968004
811.454 140.941 -0.0251743 -0.117935 0.921904
956.224 88.8895 -0.0569527 -0.223527 0.896523
771.765 479.881 0.277955 -0.0816875 0.898572
837.996 482.878 0.275842 -0.141231 0.886238
587.875 478.154 0.291918 0.103 0.935765
559.834 177.337 -0.00310014 0.0983455 0.939246
603.116 550.413 0.428972 0.112153 0.982725
630.896 534.981 0.346546 0.0598248 0.916102
601.784 513.6 0.363656 0.103781 0.969302
833.684 532.768 0.338384 -0.142755 0.895405
669.517 531.377 0.313805 0.0163044 0.880582
652.333 510.745 0.275543 0.0277753 0.860655
805.661 531.417 0.416354 -0.140698 0.981346
875.654 130.224 -0.0225147 -0.14412 0.848304
680.643 323.452 0.0865743 -0.00728399 0.763489
689.999 240.112 0.0597513 -0.0103474 1.05594
593.188 242.085 0.0595225 0.11477 1.09074
579.455 211.706 0.0263363 0.0737034 0.896883
603.562 389.955 0.177657 0.0674807 0.894698
550.705 133.772 -0.0371508 0.0995732 0.930816
624.034 232.898 0.0473463 0.105793 1.23246
648.466 128.19 -0.0427213 0.019749 0.949093
883.272 315.392 0.0942645 -0.13527 0.794102
688.029 277.844 0.0810531 -0.0106252 0.889111
532.726 274.435 0.0786978 0.127098 0.925133
690.049 124.244 -0.0379218 -0.0170005 0.906771
953.785 7.11594 -0.112493 -0.215824 0.895885
695.954 238.53 0.0572482 -0.0122033 1.35435
510.672 264.914 0.0900173 0.260973 1.16094
777.743 514.503 0.373938 -0.101545 0.964711
930.479 417.324 0.278787 -0.296867 1.00195
483.865 10.7186 -0.120717 0.133362 0.910783
813.04 231.02 0.0481094 -0.11836 0.911161
578.958 320.549 0.0579172 0.0298209 0.662759
813.787 240.322 0.0557434 -0.118511 0.908539
945.045 21.711 -0.116372 -0.230483 0.935755
696.684 296.164 0.154561 -0.012672 1.2049
812.504 169.136 -0.00249362 -0.11842 0.91814
667.492 503.449 0.294434 0.0180011 0.894119
640.392 175.041 -0.00450357 0.0302761 0.955509
512.082 244.743 0.0521432 0.139945 0.921474
496.496 260.41 0.0800217 0.251945 1.11187
740.023 540.606 0.330702 -0.0491096 0.883517
685.617 407.35 0.120421 -0.00897994 0.723294
738.946 522.423 0.358636 -0.0533136 0.938964
704.149 546.424 0.424882 -0.0133337 0.976112
808.847 536.382 0.418124 -0.143035 0.975425
701.978 572.692 0.386683 -0.0113908 0.90475
545.789 160.52 -0.0138956 0.0990921 0.908018
834.221 419.32 0.208981 -0.133632 0.881835
651.93 82.5627 -0.0747849 0.0131726 0.932885
526.365 29.6815 -0.114524 0.110044 0.931554
569.006 148.677 -0.0239759 0.0833266 0.921648
526.876 30.2291 -0.114166 0.109724 0.931654
679.166 184.95 0.00758401 -0.00619154 0.909179
956.489 316.454 0.127566 -0.250717 0.909346
514.521 61.1913 -0.0478961 0.0639778 0.739673
680.34 327.357 0.0883037 -0.00707215 0.761432
688.501 169.785 -0.00496954 -0.0141945 0.921698
645.319 139.989 -0.0307376 0.0214849 0.932765
905.02 308.425 0.095549 -0.158508 0.815744
805.647 137.484 -0.0244579 -0.106609 0.895245
729.207 168.933 -0.253013 -0.138158 1.89746
625.749 276.887 0.155049 0.269843 1.73971
503.156 156.131 -0.0174499 0.13001 0.902609
621.826 301.575 0.10148 0.0468999 0.902955
705.993 163.411 -0.224235 -0.0441258 1.77878
858.627 453.18 0.264541 -0.170969 0.914869
774.052 488.004 0.312823 -0.0905046 0.932898
687.802 173.091 -0.00305294 -0.0133752 0.930951
596.43 322.623 0.121837 0.072769 0.914155
556.354 234.145 0.0433587 0.0944344 0.898881
763.822 213.211 0.0321246 -0.0760907 0.91072
812.986 482.389 0.321141 -0.137087 0.949549
732.251 163.124 -0.263857 -0.148192 1.87586
718.792 161.998 -0.278093 -0.0966135 1.89834
822.402 116.785 -0.0416329 -0.123442 0.91033
570.128 230.438 0.0416266 0.0889704 0.920208
645.582 130.836 -0.038207 0.0209571 0.93447
587.402 180.182 0.00104401 0.0708439 0.922233
762.047 435.005 0.22631 -0.0713515 0.89143
694.124 379.074 0.178488 -0.0116813 0.913015
840.089 426.526 0.218115 -0.140388 0.885351
945.196 179.777 0.00835771 -0.241565 0.932906
956.025 286.619 0.0987931 -0.242573 0.901707
868.26 236.396 0.0530994 -0.160913 0.897043
600.164 394.011 0.177957 0.0688119 0.886875
637.491 387.893 0.179017 0.0386023 0.899312
665.643 497.243 0.301118 0.0214219 0.911986
517.765 418.609 0.207391 0.150774 0.907419
559.376 446.98 0.232414 0.112967 0.897731
505.16 235.907 0.0441047 0.140776 0.91202
