699.316 494.077 0.301594 -0.0117319 0.910971
623.786 493.614 0.306062 0.0651079 0.923528
584.206 301.564 0.102073 0.0776134 0.898979
771.866 469.24 0.27396 -0.0827313 0.905275
947.308 0.0154114 -0.120523 -0.219182 0.913744
762.937 434.357 0.222135 -0.0702659 0.880268
693.679 381.646 0.171357 -0.0116337 0.883043
957.826 338.699 0.15043 -0.252061 0.906242
873.046 233.819 0.0551711 -0.171878 0.915152
504.839 248.331 0.0566426 0.141054 0.908885
813.192 189.308 0.0179304 -0.103103 0.854558
938.411 102.052 -0.053207 -0.232124 0.938966
841.724 375.292 0.17157 -0.138933 0.883501
485.985 65.3459 -0.0779952 0.132175 0.898859
559.152 442.796 0.231805 0.113544 0.899457
560.81 231.169 0.0445116 0.0958944 0.917039
482.591 61.0854 -0.0783734 0.130539 0.889331
600.054 388.278 0.175295 0.0685729 0.886905
634.119 386.656 0.169735 0.0374253 0.873791
557.099 445.539 0.228129 0.111509 0.888364
946.789 95.3899 -0.0542544 -0.228655 0.919942
949.467 2.0763 -0.120321 -0.222742 0.917099
520.786 391.681 0.189292 0.150511 0.920392
833.207 412.611 0.209411 -0.134986 0.88991
724.876 474.362 0.277416 -0.0372802 0.905922
691.239 104.157 -0.0413748 -0.0183885 0.861146
769.962 460.206 0.288419 -0.0873771 0.941692
488.802 16.158 -0.123715 0.140023 0.937814
572.276 108.272 -0.0517639 0.0774845 0.922298
516.638 239.534 0.0515817 0.143729 0.942082
585.199 239.252 0.0564578 0.100896 1.01086
958.399 176.84 0.0109914 -0.231005 0.895439
630.063 291.583 0.10202 0.044953 0.93782
559.52 230.142 0.0432655 0.0941737 0.907981
742.909 126.46 -0.0363074 -0.0614452 0.931075
497.038 156.472 -0.0171 0.1436 0.925075
519.171 420.279 0.213692 0.151803 0.911426
510.593 17.1438 -0.197472 0.190645 1.11879
553.138 215.674 0.0313521 0.127534 0.998828
879.319 228.4 0.0490476 -0.165312 0.886577
650.979 96.0257 -0.0574387 0.0129179 0.912942
806.534 267.481 0.0805402 -0.1111 0.902449
644.006 120.91 -0.0397552 0.0197883 0.914975
785.022 474.292 0.291147 -0.0989754 0.920628
805.728 196.876 0.022801 -0.109787 0.904972
482.826 11.9467 -0.122567 0.139827 0.926369
643.074 224.357 0.0415095 0.0280045 0.932118
693.511 378.95 0.163006 -0.0118674 0.868252
872.679 309.8 0.0993151 -0.137743 0.820299
781.08 210.327 0.0331985 -0.0952188 0.934968
555.466 450.081 0.225397 0.108824 0.876099
561.773 166.599 -0.00736438 0.0902521 0.920368
602.317 225.633 0.0407883 0.0590896 0.909442
950.578 171.964 0.00569949 -0.238026 0.919987
605.378 228.578 0.0438845 0.0600756 0.925894
647.571 125.086 -0.0411256 0.0196356 0.942095
636.731 381.481 0.170156 0.0368492 0.885916
584.062 171.07 -0.00242928 0.0695465 0.908082
588.465 299.77 0.104514 0.0789053 0.918502
550.922 233.926 0.0236052 0.0329116 0.638925
780.523 284.066 0.0923863 -0.0873121 0.893747
680.81 201.506 0.0235761 -0.00761528 0.884091
677.714 124.474 -0.0366675 -0.00702101 0.916173
802.935 138.768 -0.0230261 -0.108584 0.913441
839.797 396.904 0.193812 -0.139784 0.888385
779.545 282.317 0.093847 -0.0897381 0.910939
781.14 280.267 0.0907425 -0.0895544 0.902839
770.872 110.584 -0.038703 -0.0765099 0.878318
638.909 381.94 0.176219 0.0371558 0.899661
951.99 241.575 0.0639826 -0.241857 0.91387
621.387 296.906 0.0988798 0.0459395 0.896913
591.778 294.456 0.0998315 0.0754828 0.918263
899.572 298.108 0.0955055 -0.163216 0.836752
787.441 114.238 -0.0827292 -0.135698 1.09933
870.292 232.073 0.0520889 -0.160291 0.892131
688.244 170.953 -0.0029279 -0.0136703 0.942694
640.396 195.412 0.0170839 0.0281655 0.928179
875.9 233.218 0.0538543 -0.168999 0.902064
845.578 7.87163 -0.12968 -0.151283 0.949911
764.389 135.383 -0.0351156 -0.0860113 0.971593
766.287 413.705 0.248428 -0.0878768 0.968226
810.86 276.819 0.0958791 -0.127238 0.947914
529.202 206.452 -0.0545604 0.472025 1.60631
508.205 334.874 0.126587 0.141502 0.892536
812.646 465.493 0.288621 -0.129537 0.929204
604.792 229.667 0.0448668 0.0610686 0.927875
638.815 223.764 0.0400784 0.0283124 0.905188
768.724 169.567 -0.0967156 -0.190308 1.46869
755.909 213.425 0.034834 -0.0690626 0.908956
805.248 267.365 0.0818024 -0.112507 0.912501
712.932 164.473 -0.139922 -0.0606859 1.56649
705.125 162.153 -0.223385 -0.0414499 1.77992
737.025 168.607 -0.157908 -0.137673 1.65675
734.541 136.306 -0.244781 -0.131378 1.66043
766.674 93.9238 -0.17904 -0.148938 1.30613
817.294 132.791 -0.0412219 -0.144242 1.00051
735.437 181.944 -0.167199 -0.150726 1.80171
949.907 45.4198 -0.0889888 -0.224151 0.913443
786.115 130.445 -0.0802147 -0.149402 1.1635
748.96 193.088 -0.271241 -0.282283 2.20465
772.243 161.053 -0.0915497 -0.178821 1.38629
748.041 195.314 -0.286054 -0.290692 2.26831
578.871 179.74 0.00533469 0.0688862 0.885052
747.648 176.694 -0.0876004 -0.142872 1.48958
888.263 303.754 0.105639 -0.166604 0.863579
706.254 109.903 -0.0465436 -0.0303681 0.913817
785.029 275.921 0.0831267 -0.0878461 0.877702
591.839 492.501 0.30971 0.100001 0.932707
742.88 489.715 0.3056 -0.0558485 0.919405
751.944 157.812 -0.223962 -0.202041 1.75434
810.751 473.584 0.333343 -0.142577 0.976702
709.748 161.461 -0.251761 -0.0593298 1.84456
713.388 182.344 -0.150545 -0.0673626 1.75101
814.677 268.587 0.0826649 -0.119894 0.909024
762.138 186.042 -0.10033 -0.209558 1.62747
657.804 9.72672 -0.112436 0.00333174 0.899398
728.486 175.922 -0.0492627 -0.0795655 1.31343
787.906 253.663 0.0701479 -0.098521 0.919172
705.051 163.449 -0.22067 -0.041037 1.78309
632.128 186.588 0.00891973 0.0365952 0.942006
724.293 191.835 -0.344706 -0.156443 2.3572
516.096 246.205 0.0564421 0.138644 0.926466
768.699 170.965 -0.0902924 -0.187345 1.45586
767.393 134.345 -0.031924 -0.084704 0.946378
504.815 233.131 0.0442071 0.13853 0.906969
755.584 211.94 0.0336821 -0.0693463 0.913059
802.464 197.302 0.0226943 -0.112747 0.928676
598.949 227.454 0.0416074 0.0590053 0.895144
602.346 383.89 0.173923 0.0677808 0.893138
742.35 490.722 0.305507 -0.0551326 0.917788
832.173 470.348 0.295511 -0.150243 0.929211
529.137 266.459 0.0723619 0.123174 0.909132
584.484 89.9994 -0.0673338 0.0685709 0.932466
832.583 409.438 0.209752 -0.136584 0.896737
543.514 117.3 -0.0883854 0.164721 1.11157
530.279 268.55 0.0749317 0.124893 0.915624
818.208 265.002 0.0715442 -0.107022 0.850612
760.231 155.844 -0.211412 -0.220464 1.7095
736.949 168.381 -0.161032 -0.138399 1.66414
720.082 437.043 0.32805 -0.0395553 1.05385
516.648 165.862 0.00042022 0.0769707 0.770852
694.481 379.841 0.169575 -0.0123872 0.88259
752.865 152.742 -0.218934 -0.195574 1.70566
708.954 151.106 -0.247348 -0.055692 1.75826
679.206 110.055 -0.0460735 -0.00889501 0.909267
764.63 206.485 0.0293962 -0.0749047 0.899231
821.649 116.276 -0.040572 -0.124984 0.918853
576.824 462.451 0.225372 0.0853092 0.855095
593.302 489.763 0.314864 0.101856 0.943859
810.027 198.036 0.0233856 -0.121129 0.935161
627.589 176.678 0.000951584 0.0390276 0.935683
628.226 176.402 0.000326943 0.0392623 0.94125
578.542 480.564 0.278204 0.103537 0.908905
632.677 91.5242 -0.078756 0.0360044 0.987254
653.314 103.728 -0.0557845 0.0129097 0.932453
892.816 365.055 0.271763 -0.327449 1.14343
481.816 167.032 -0.0105319 0.163465 0.938993
929.279 161.114 -0.0205475 -0.30233 1.06949
605.047 228.568 0.0439659 0.0609205 0.928643
660.401 299.835 0.169607 0.0552418 1.24722
683.008 206.458 0.0269272 -0.00703907 0.962768
851.892 294.22 0.100114 -0.142703 0.878613
598.785 513.207 0.362938 0.106371 0.965769
624.877 522.759 0.342013 0.067244 0.92494
516.243 491.79 0.356248 0.215781 1.00131
598.441 513.644 0.358363 0.104767 0.959749
589.242 500.625 0.299911 0.0952036 0.907531
585.486 91.3041 -0.070471 0.071611 0.949946
482.189 61.2973 -0.0780372 0.130542 0.888546
775.971 499.307 0.293387 -0.0834336 0.886999
839.94 480.65 0.269583 -0.13928 0.876667
495.615 501.792 0.317501 0.201253 0.936221
617.166 111.901 -0.0514266 0.0442205 0.938682
733.392 129.362 -0.252627 -0.125594 1.63841
731.785 170.777 -0.305887 -0.166851 2.04999
620.517 317.062 0.103278 0.0387719 0.84373
754.914 216.238 0.0373665 -0.0698835 0.92154
776.392 496.544 0.294174 -0.0847441 0.891858
510.103 394.718 0.179416 0.146802 0.891201
639.33 222.873 0.0394042 0.0279438 0.906027
806.807 506.356 0.383522 -0.140996 0.982092
787.955 254.917 0.0707284 -0.0975766 0.914409
959.198 283.414 0.0979358 -0.24164 0.896567
775.676 495.329 0.299813 -0.0858029 0.900963
758.473 157.394 -0.0085424 -0.070415 0.901681
813.619 134.267 -0.0351207 -0.132812 0.97228
500.404 158.411 -0.016463 0.144511 0.933553
489.543 234.646 0.0474842 0.180556 0.970423
743.178 173.36 -0.12324 -0.146208 1.58798
720.333 154.28 -0.216469 -0.0906817 1.70658
720.272 477.016 0.270157 -0.0322244 0.891743
571.948 226.969 0.0417212 0.0895014 0.929047
948.523 10.9607 -0.112336 -0.219799 0.911678
827.353 494.682 0.361628 -0.162852 0.974207
581.843 83.7111 -0.0719338 0.0701398 0.931958
826.693 408.663 0.223575 -0.140626 0.925881
533.681 76.4813 -0.0778004 0.108032 0.93102
928.14 425.004 0.298976 -0.302361 1.0125
741.469 179.392 -0.272033 -0.213893 2.05497
485.347 118.258 -0.0353969 0.122284 0.859159
540.979 163.368 -0.023246 0.14431 1.0299
574.358 109.165 -0.0529834 0.0781959 0.931995
745.637 493.975 0.302067 -0.0573782 0.908161
620.461 79.527 -0.0718457 0.0370955 0.921663
816.728 265.092 0.070188 -0.103458 0.841049
817.439 73.9416 -0.13833 -0.182018 1.13454
733.934 195.706 -0.10008 -0.135262 1.72381
758.662 430.353 0.223625 -0.0679298 0.890274
622.124 84.972 -0.0739178 0.0395245 0.946576
707.642 524.643 0.354044 -0.0186945 0.929625
744.324 497.25 0.292908 -0.0543129 0.891573
928.254 411.119 0.283701 -0.305255 1.01971
758.037 193.332 -0.00340609 -0.117836 1.21157
802.453 170.278 -0.00010892 -0.113526 0.933889
803.943 195.345 0.0214356 -0.109892 0.911685
559.148 105.127 -0.0779191 0.116939 1.0256
816.944 484.712 0.310736 -0.13439 0.927911
624.984 524.207 0.342592 0.0669382 0.923556
641.253 174.928 0.000457913 0.0261585 0.927176
683.172 308.108 0.091929 -0.00774893 0.815294
741.063 189.487 -0.13253 -0.166851 1.77075
481.197 3.82507 -0.123144 0.135109 0.912959
481.58 313.456 0.124056 0.199697 0.968329
748.091 499.469 0.292737 -0.0574373 0.887958
729.415 165.489 -0.251464 -0.137281 1.87843
725.655 200.278 -0.0977285 -0.110363 1.76737
628.515 290.804 0.095263 0.0407918 0.904203
556.193 173.064 -0.00404954 0.101276 0.940379
689.242 123.153 -0.0373591 -0.0163669 0.915689
647.09 225.116 0.0427642 0.0265522 0.950206
604.072 384.146 0.178395 0.0687847 0.903364
511.436 325.715 0.11588 0.132725 0.88072
699.85 491.444 0.304109 -0.0122152 0.918217
502.021 162.812 -0.0130489 0.144149 0.93473
570.982 195.803 0.0158447 0.0861949 0.92411
662.879 531.76 0.346083 0.0271448 0.914252
698.688 492.98 0.306703 -0.0109486 0.919377
678.68 111.16 -0.043843 -0.00863198 0.901299
519.743 161.071 -0.0161259 0.136068 0.953375
876.166 232.636 0.0533501 -0.169001 0.901586
756.968 470.734 0.271723 -0.0676745 0.900841
550.395 169.177 -0.00554299 0.099561 0.919683
572.494 486.867 0.269305 0.102087 0.886933
512.27 395.561 0.181783 0.146717 0.894739
585.09 173.602 -0.0008131 0.0699961 0.912829
822.295 113.255 -0.0413731 -0.123176 0.91053
632.041 3.58957 -0.122265 0.0233788 0.91492
799.05 174.09 0.00167548 -0.114793 0.951803
920.178 434.736 0.338724 -0.321069 1.05189
652.806 94.0383 -0.0607062 0.0120391 0.921536
564.943 230.256 0.044441 0.0968012 0.932281
583.735 543.965 0.302897 0.0874252 0.854883
627.266 172.73 -0.00207106 0.0386442 0.932835
667.239 226.482 0.00529654 0.0850204 1.63557
512.446 395.228 0.181849 0.146924 0.895605
744.238 515.158 0.349243 -0.0585373 0.934913
852.158 388.728 0.158611 -0.127378 0.824745
535.683 221.384 0.0360607 0.120605 0.93056
839.424 479.31 0.279487 -0.144487 0.892411
556.629 186.595 0.00871799 0.0935521 0.911141
645.725 122.133 -0.0399042 0.0190816 0.921451
552.506 463.579 0.252477 0.121962 0.899221
710.618 534.338 0.343842 -0.0213897 0.904822
628.73 116.301 -0.0456709 0.0332861 0.927316
534.269 39.423 -0.107558 0.107157 0.94071
698.269 283.219 0.149138 -0.0140535 1.30683
700.03 305.336 0.196434 -0.0154619 1.31615
544.761 153.665 -0.0160102 0.0981758 0.90482
514.84 507.29 0.342133 0.194634 0.957261
516.001 415.72 0.203973 0.149139 0.901102
706.6 532.25 0.342573 -0.0174485 0.906451
839.043 397.923 0.195909 -0.140001 0.890836
680.711 192.532 0.0150921 -0.00609409 0.944061
613.857 297.212 0.126095 0.0834429 1.04186
670.661 515.996 0.351745 0.0214012 0.94247
617.664 502.773 0.289383 0.0633701 0.888433
609.6 177.771 0.000700887 0.0564439 0.94567
876.386 228.237 0.0495751 -0.167753 0.89859
701.457 283.39 0.166966 -0.0179677 1.45771
556.508 465.823 0.263758 0.12407 0.912939
703.246 559.723 0.401176 -0.0123222 0.931687
811.974 542.726 0.402056 -0.137556 0.946848
618.122 505.374 0.291362 0.0629282 0.887379
729.217 483.571 0.261806 -0.0390112 0.869523
773.177 439.213 0.220409 -0.077191 0.868292
802.79 165.352 -0.00414927 -0.113682 0.933654
809.866 142.497 -0.0222176 -0.118712 0.930759
663.786 539.261 0.318232 0.0214216 0.873024
776.848 518.628 0.34397 -0.0912563 0.921349
790.713 157.952 -0.00810111 -0.097783 0.908941
810.848 170.245 0.000415575 -0.119716 0.929177
677.03 289.054 0.0684274 -0.00613374 0.760289
778.007 498.507 0.290137 -0.0847013 0.883749
751.284 161.221 -0.00986959 -0.0701242 0.945391
749.175 163.786 -0.0100859 -0.0710541 0.968355
811.565 137.633 -0.0248933 -0.117907 0.922256
956.692 85.1503 -0.0566717 -0.223499 0.896875
587.976 475.778 0.292199 0.103028 0.936117
603.341 548.151 0.429253 0.112181 0.983076
631.071 532.499 0.346827 0.0598531 0.916454
601.95 511.328 0.363937 0.10381 0.969654
833.836 530.099 0.338665 -0.142727 0.895756
669.678 528.734 0.314086 0.0163327 0.880933
652.468 508.022 0.275824 0.0278036 0.861006
805.787 529.06 0.416635 -0.14067 0.981697
680.089 320.558 0.0861971 -0.00705584 0.759651
603.534 387.324 0.177938 0.067509 0.895049
623.847 230.978 0.0476273 0.105821 1.23281
648.203 125.039 -0.0424403 0.0197773 0.949444
532.447 271.746 0.0789788 0.127126 0.925484
689.878 120.859 -0.0376408 -0.0169722 0.907122
695.88 236.802 0.0575292 -0.0121749 1.3547
510.38 262.989 0.0902983 0.261002 1.16129
778.589 515.625 0.369305 -0.100035 0.954157
930.648 414.97 0.279068 -0.296839 1.0023
483.009 6.92556 -0.120436 0.13339 0.911135
813.168 227.988 0.0483904 -0.118331 0.911513
578.735 315.943 0.0581982 0.0298492 0.66311
813.917 237.306 0.0560244 -0.118482 0.908891
945.52 17.8285 -0.116091 -0.230455 0.936106
696.661 294.307 0.154842 -0.0126437 1.20525
812.622 165.921 -0.00221263 -0.118391 0.918491
667.626 500.868 0.294715 0.0180294 0.89447
640.162 172.109 -0.00422258 0.0303044 0.95586
511.718 241.964 0.0524242 0.139973 0.921825
496.17 258.357 0.0803027 0.251973 1.11222
740.336 538.656 0.330343 -0.049065 0.882254
739.095 519.972 0.358917 -0.0532853 0.939315
704.322 544.092 0.425163 -0.0133054 0.976463
808.974 534.001 0.418405 -0.143006 0.975777
702.17 570.102 0.386964 -0.0113625 0.905102
545.344 157.369 -0.0136146 0.0991204 0.90837
834.387 416.545 0.209262 -0.133604 0.882187
651.629 79.1365 -0.0745039 0.0132009 0.933237
525.661 26.0601 -0.114243 0.110073 0.931905
568.593 145.532 -0.0236949 0.0833549 0.922
526.174 26.6107 -0.113885 0.109752 0.932006
679.023 181.823 0.007865 -0.00616323 0.909531
956.802 313.569 0.127847 -0.250688 0.909698
513.827 56.4654 -0.0476151 0.0640061 0.740025
680.317 323.734 0.0885847 -0.00704385 0.761784
688.364 166.656 -0.00468855 -0.0141662 0.922049
645.061 136.817 -0.0304566 0.0215132 0.933116
905.31 305.032 0.09583 -0.158479 0.816096
805.747 134.034 -0.0241769 -0.106581 0.895597
729.14 167.46 -0.252732 -0.13813 1.89781
625.632 275.737 0.15533 0.269872 1.74006
499.527 151.196 -0.017389 0.128277 0.892784
621.548 298.878 0.101627 0.0468951 0.902329
705.87 161.852 -0.223954 -0.0440975 1.77913
859.254 451.253 0.263995 -0.170388 0.912737
774.626 487.208 0.310984 -0.0898846 0.92778
687.665 170.018 -0.00277195 -0.0133469 0.931302
594.728 320.567 0.120647 0.0722599 0.906539
556.042 231.201 0.0436397 0.0944627 0.899233
763.929 210.154 0.0324138 -0.0761116 0.910997
813.973 481.719 0.319006 -0.136122 0.943745
732.188 161.609 -0.263576 -0.148164 1.87621
718.697 160.5 -0.277812 -0.0965852 1.8987
822.365 113.478 -0.04131 -0.123398 0.91112
569.259 227.457 0.0417243 0.0889099 0.918536
645.316 127.634 -0.037926 0.0209854 0.934821
586.576 176.84 0.0012382 0.0706908 0.920099
762.169 432.329 0.226591 -0.0713232 0.891781
693.758 378.023 0.176465 -0.011419 0.903923
840.258 423.772 0.218396 -0.14036 0.885702
945.579 176.597 0.0086387 -0.241537 0.933257
956.044 283.577 0.0992912 -0.243132 0.903482
867.785 233.468 0.0537048 -0.16137 0.900143
599.721 391.775 0.177719 0.0687059 0.885129
636.756 386.334 0.177887 0.0384222 0.893924
665.467 495.71 0.300299 0.0214758 0.909454
517.724 416.117 0.207672 0.150802 0.90777
558.257 445.608 0.231378 0.112561 0.893849
504.827 233.088 0.0444032 0.140696 0.912222
