700.632 490.569 0.300141 -0.0116142 0.91078
625.254 490.157 0.304609 0.0652256 0.923337
584.72 298.495 0.100087 0.0774798 0.89537
773.28 466.455 0.271709 -0.0824065 0.902811
764.34 431.308 0.220214 -0.0700134 0.878496
694.994 378.025 0.170294 -0.0114897 0.88436
959.195 335.242 0.148978 -0.251944 0.906051
874.469 230.258 0.0537657 -0.171926 0.915371
505.838 245.08 0.0551587 0.141165 0.908386
814.572 185.535 0.0165351 -0.103068 0.85499
940.285 97.9084 -0.0546895 -0.232263 0.939118
844.088 372.704 0.168849 -0.137989 0.878159
486.736 61.3953 -0.0793977 0.13213 0.89838
558.909 441.391 0.228105 0.112776 0.891981
561.333 227.776 0.0429089 0.0960082 0.915254
484.402 57.9572 -0.0799029 0.13086 0.891537
600.752 385.748 0.172852 0.0683647 0.882643
635.477 383.13 0.168536 0.0377192 0.874533
558.479 442.385 0.226414 0.111519 0.887304
950.003 90.1589 -0.0556359 -0.227673 0.916189
522.796 388.07 0.188461 0.151209 0.922654
833.89 408.583 0.208802 -0.135303 0.892541
726.205 472.016 0.274656 -0.0369955 0.902076
692.511 100.65 -0.0427847 -0.0182999 0.862828
769.955 453.108 0.292261 -0.0887189 0.956273
488.872 11.6279 -0.125079 0.139999 0.936567
573.061 104.491 -0.0532075 0.0776111 0.921913
515.765 236.083 0.0494824 0.142593 0.934738
586.161 236.324 0.0551957 0.101619 1.01286
630.975 288.457 0.100276 0.0449839 0.935681
561.623 227.098 0.0422573 0.0948975 0.912523
744.017 122.968 -0.0377462 -0.0614202 0.932428
502.968 155.548 -0.0181277 0.145678 0.939325
520.815 416.882 0.212443 0.152167 0.911925
510.763 13.3687 -0.198946 0.190789 1.11879
554.07 212.592 0.029916 0.127665 0.998755
880.055 224.859 0.0479425 -0.166243 0.890463
652.08 92.2585 -0.0588917 0.0130133 0.913297
808.353 264.014 0.0786851 -0.110626 0.899157
645.158 117.386 -0.041184 0.0199079 0.915804
786.604 472.073 0.288211 -0.0984027 0.916366
806.843 193.511 0.0215471 -0.110171 0.907623
484.389 8.51692 -0.124149 0.139852 0.927934
643.328 220.631 0.0395689 0.0281605 0.926242
694.806 374.831 0.162525 -0.0116581 0.872047
874.059 306.036 0.0979879 -0.137737 0.820687
782.889 206.387 0.0313848 -0.094701 0.930215
554.253 449.083 0.221245 0.108424 0.867433
562.815 163.185 -0.00879439 0.09042 0.92058
603.436 222.274 0.0393574 0.0592403 0.909416
951.003 168.639 0.00446273 -0.238704 0.923079
605.203 224.825 0.0418053 0.0598658 0.918883
648.318 120.634 -0.0425511 0.0195772 0.938359
638.171 377.707 0.16934 0.0372791 0.888305
585.346 167.791 -0.00380358 0.0698248 0.909457
588.297 296.852 0.102061 0.0786357 0.912031
553.481 229.489 0.0222713 0.0330797 0.639779
781.812 280.642 0.0909797 -0.087208 0.893676
682.088 198.107 0.0222695 -0.0075053 0.885306
678.811 120.796 -0.0380874 -0.006899 0.916381
803.751 135.728 -0.0244009 -0.109031 0.917526
841.319 393.745 0.192002 -0.139449 0.886833
780.773 278.957 0.092431 -0.0895905 0.910758
783.022 276.981 0.0883609 -0.088684 0.896167
772.188 106.669 -0.0401428 -0.0764549 0.87876
640.177 378.623 0.174901 0.0373947 0.899862
954.905 237.77 0.0621418 -0.240997 0.910464
622.677 293.637 0.0974621 0.0460263 0.896726
592.853 291.286 0.0983254 0.0755941 0.917561
901.107 294.386 0.0940527 -0.163099 0.836561
788.518 110.677 -0.0841774 -0.135615 1.09931
871.701 228.457 0.0506922 -0.16026 0.892276
689.225 167.357 -0.00438178 -0.0134738 0.941993
641.831 192.539 0.015947 0.0285813 0.932942
876.352 229.864 0.0529619 -0.170259 0.907316
847.551 2.36795 -0.130924 -0.150822 0.947619
765.75 131.172 -0.0365773 -0.085668 0.968912
767.39 410.521 0.247009 -0.0877714 0.968125
811.689 273.505 0.0948618 -0.127533 0.950619
529.542 204.414 -0.0560183 0.472266 1.60663
509.611 331.647 0.125134 0.141619 0.892345
814.564 463.666 0.285039 -0.128557 0.923251
605.812 226.364 0.0434121 0.0611854 0.927397
639.631 220.105 0.038322 0.0282452 0.90137
769.127 167.743 -0.0984979 -0.191341 1.47675
757.049 209.93 0.0334364 -0.0688921 0.909118
806.568 263.965 0.0803747 -0.112382 0.912192
713.537 163.796 -0.142491 -0.0613663 1.58408
705.681 161.336 -0.226611 -0.0418107 1.79659
737.747 164.949 -0.158493 -0.136594 1.64505
734.955 134.978 -0.247744 -0.132283 1.67208
767.528 90.5092 -0.180491 -0.148851 1.30603
818.308 129.454 -0.0426662 -0.144421 1.00223
736.162 178.059 -0.167141 -0.148979 1.78231
951.456 41.2428 -0.0904678 -0.224329 0.914408
787.116 127.089 -0.0816589 -0.149315 1.16347
750.003 188.813 -0.268309 -0.277331 2.16752
772.853 158.669 -0.0931715 -0.179284 1.39017
747.766 196.5 -0.293958 -0.298488 2.32421
582.617 177.355 0.00436123 0.0689998 0.893267
748.038 175.266 -0.0894239 -0.14397 1.50112
889.564 300.155 0.104336 -0.166648 0.864032
707.406 106.082 -0.0479875 -0.0302698 0.913973
786.578 272.408 0.0817531 -0.0879709 0.877899
592.236 490.99 0.305924 0.0995123 0.926467
744.297 487.87 0.30219 -0.0553863 0.914119
751.99 157.677 -0.22796 -0.204841 1.77827
813.64 474.051 0.326417 -0.140345 0.962511
710.228 160.381 -0.254921 -0.0597596 1.85869
713.776 178.572 -0.150579 -0.0665193 1.73284
815.988 265.125 0.0812121 -0.119776 0.908834
763.241 182.381 -0.101219 -0.207651 1.61361
658.463 5.14057 -0.11378 0.00365098 0.898693
729.205 173.066 -0.050701 -0.0794338 1.31295
789.503 250.163 0.0683952 -0.0981522 0.91644
705.498 161.471 -0.222663 -0.0410805 1.78768
633.013 183.056 0.00742476 0.0367099 0.94098
724.626 190.067 -0.346959 -0.156704 2.36103
517.04 243.015 0.0549634 0.1387 0.925772
769.431 168.279 -0.0917428 -0.187291 1.45604
768.651 130.403 -0.0333289 -0.0844355 0.945086
506.529 229.974 0.0429392 0.138852 0.908419
756.94 208.392 0.0322347 -0.069316 0.912858
803.769 193.7 0.0212415 -0.112629 0.928485
600.098 224.036 0.0401546 0.059123 0.894954
603.011 381.25 0.171652 0.0677445 0.889487
743.567 487.236 0.304054 -0.0550149 0.917598
834.032 468.106 0.292512 -0.14949 0.924863
530.196 263.252 0.0708962 0.123293 0.908651
587.578 89.7342 -0.0692612 0.0699655 0.945849
834.445 406.479 0.207644 -0.136319 0.894291
544.466 114.523 -0.0899309 0.165169 1.11366
530.888 265.338 0.0732383 0.124776 0.913529
819.673 261.35 0.0700918 -0.106892 0.850319
760.145 155.855 -0.215397 -0.22376 1.73447
737.73 164.241 -0.161293 -0.136911 1.64776
721.111 434.108 0.326542 -0.0394286 1.05348
526.597 165.866 0.000332698 0.0798973 0.795494
695.425 376.507 0.168127 -0.0119458 0.882343
752.809 153.121 -0.223377 -0.19889 1.73376
709.523 150.982 -0.251526 -0.0564088 1.78111
680.104 105.282 -0.0474879 -0.00873363 0.905479
766.02 202.711 0.027817 -0.0745778 0.89717
822.942 112.352 -0.0419972 -0.124822 0.918886
578.24 459.206 0.223656 0.0853647 0.854015
594.814 486.38 0.313412 0.101974 0.943668
812.078 193.991 0.0216504 -0.120628 0.931014
628.602 173.2 -0.000501234 0.0391453 0.935493
628.929 172.59 -0.00122311 0.0392525 0.938496
579.347 478.21 0.275489 0.103307 0.905223
631.098 82.2268 -0.0797421 0.0354874 0.967521
654.299 99.9632 -0.0572112 0.0130383 0.932411
895.658 363.101 0.267616 -0.324486 1.13359
481.271 163.051 -0.0121234 0.162891 0.934825
930.701 157.626 -0.0219741 -0.302328 1.06967
605.693 225.072 0.0422475 0.0607873 0.925422
660.42 297.377 0.165806 0.0548003 1.23408
683.963 202.911 0.0253349 -0.006888 0.960635
853.265 290.688 0.098699 -0.142623 0.878567
598.652 512.873 0.357078 0.105406 0.955696
625.512 521.304 0.337863 0.0669742 0.918669
514.448 491.927 0.34945 0.213223 0.988519
597.306 515.31 0.349782 0.103076 0.943542
588.465 501.313 0.293377 0.0939007 0.894696
585.716 86.7836 -0.0718723 0.0715778 0.947135
484.942 58.7261 -0.0796462 0.130918 0.892501
777.986 498.459 0.288647 -0.0825033 0.878681
842.665 479.469 0.265306 -0.137932 0.868965
487.37 508.398 0.303538 0.194488 0.905386
619.304 110.208 -0.0530804 0.0448176 0.947625
734.189 123.685 -0.251174 -0.12375 1.61645
732.153 169.149 -0.308591 -0.167518 2.05825
621.964 313.536 0.101951 0.0389611 0.844212
756.104 212.877 0.0360664 -0.0699408 0.922918
778.061 494.012 0.291501 -0.0844589 0.888547
513.487 390.344 0.179525 0.147995 0.896995
640.148 219.363 0.037841 0.0281606 0.904494
809.104 505.983 0.377229 -0.139343 0.971511
789.08 251.551 0.0695035 -0.0976379 0.915695
777.851 494.985 0.294291 -0.0847124 0.890813
759.615 154.071 -0.00983699 -0.0704695 0.903545
814.252 131.245 -0.0365083 -0.133026 0.975586
499.88 154.146 -0.0180024 0.143508 0.928015
489.457 231.394 0.0457347 0.180028 0.966838
743.423 172.781 -0.12572 -0.148058 1.60768
720.799 153.512 -0.219693 -0.0915747 1.72336
721.561 476.73 0.264996 -0.0315923 0.88135
571.238 223.22 0.0396324 0.0891136 0.92168
950.995 5.41433 -0.113557 -0.21898 0.909554
829.908 494.197 0.355559 -0.160899 0.96367
582.128 79.2184 -0.0732999 0.070138 0.92948
828.269 405.784 0.221522 -0.140235 0.923555
534.407 72.7121 -0.0792357 0.108177 0.930947
930.5 422.74 0.295731 -0.300729 1.00733
741.987 176.974 -0.272569 -0.213366 2.0505
486.952 114.767 -0.036772 0.122257 0.859707
538.91 158.253 -0.0249756 0.142756 1.01785
575.297 105.66 -0.0543974 0.0783944 0.932411
747.397 493.096 0.297242 -0.0568237 0.899638
620.964 74.7025 -0.0731802 0.0370687 0.918444
819.074 261.368 0.0680554 -0.102723 0.83605
818.001 71.4038 -0.140258 -0.182813 1.13974
734.938 189.984 -0.10001 -0.131596 1.68013
760.036 427.374 0.221655 -0.0676584 0.888325
622.903 80.9862 -0.0753271 0.0396294 0.945844
745.78 495.022 0.289821 -0.0539256 0.887304
928.251 407.534 0.28331 -0.306016 1.02272
803.762 166.592 -0.00154902 -0.11339 0.933631
807.928 189.918 0.0189652 -0.108029 0.895478
557.211 98.8267 -0.0788562 0.115635 1.01319
818.83 482.788 0.307246 -0.133525 0.922587
625.598 522.897 0.338288 0.0666196 0.916927
642.221 171.357 -0.00101227 0.0263054 0.926678
684.647 304.349 0.0907095 -0.00761223 0.816505
741.615 187.411 -0.13413 -0.167255 1.77334
749.386 497.966 0.288899 -0.0566288 0.881739
729.637 166.365 -0.257073 -0.140037 1.91511
726.245 196.659 -0.0984859 -0.109012 1.74761
630.525 287.232 0.0950428 0.0415208 0.912232
556.993 169.611 -0.00551131 0.101374 0.939781
690.069 119.519 -0.0387718 -0.016017 0.916106
646.715 221.574 0.040958 0.0274924 0.94581
604.645 381.348 0.176304 0.0690259 0.900588
512.629 322.458 0.114358 0.132887 0.880239
701.047 488.776 0.301713 -0.0120078 0.915542
503.177 159.468 -0.0144579 0.14405 0.934581
571.916 192.386 0.0143774 0.0863026 0.923638
663.807 530.254 0.342037 0.027145 0.908296
699.894 490.892 0.303491 -0.0107764 0.914759
680.238 106.908 -0.0452797 -0.00890027 0.899741
520.363 157.587 -0.0175887 0.136076 0.952419
877.807 229.003 0.0519346 -0.169233 0.901869
758.532 468.518 0.268746 -0.0672682 0.896408
550.365 165.203 -0.00712466 0.0994509 0.916221
573.266 484.486 0.266544 0.101872 0.883225
513.296 392.594 0.179961 0.146643 0.893073
585.79 169.89 -0.00230409 0.0699711 0.910966
823.566 109.527 -0.0428182 -0.123284 0.911642
633.393 0.420017 -0.124086 0.0235212 0.918088
800.474 170.274 0.00015505 -0.114531 0.950434
926.837 435.894 0.328267 -0.313072 1.02827
654.955 92.0135 -0.0623256 0.0118342 0.928499
565.499 226.86 0.042783 0.0966582 0.929749
586.031 539.336 0.302499 0.0877234 0.856818
627.918 168.798 -0.00363183 0.0386076 0.929591
666.882 223.209 0.00349643 0.0840314 1.61416
513.998 391.966 0.180396 0.147042 0.895414
745.763 515.101 0.34306 -0.0576031 0.924206
853.559 385.011 0.157228 -0.127334 0.824796
536.442 218.052 0.0345318 0.120684 0.929601
841.272 476.832 0.276693 -0.143797 0.888713
557.634 183.209 0.0073005 0.0937285 0.91111
646.73 118.456 -0.0413334 0.01923 0.921521
553.272 461.097 0.249936 0.121693 0.895826
712.214 532.814 0.339997 -0.0214309 0.899125
629.739 112.649 -0.0471133 0.0334173 0.927518
534.544 34.9575 -0.108883 0.107085 0.939146
698.701 280.634 0.145484 -0.0137186 1.2914
700.443 303.103 0.191597 -0.0150615 1.29766
545.713 150.101 -0.017463 0.0982935 0.904629
516.62 503.88 0.340681 0.194752 0.957071
516.817 412.99 0.201877 0.148899 0.898536
681.72 188.976 0.0135827 -0.00594203 0.943071
614.086 294.39 0.12367 0.0831559 1.03608
671.54 514.618 0.34748 0.0214391 0.935884
617.892 501.38 0.285456 0.0633795 0.88199
607.851 172.948 -0.00128385 0.0571507 0.936469
878.277 224.499 0.0479691 -0.167274 0.896653
556.957 463.639 0.260712 0.123666 0.908352
704.278 560.582 0.393371 -0.0119643 0.919455
814.875 543.771 0.393612 -0.135415 0.93323
619.12 502.238 0.289449 0.0633094 0.885976
730.616 480.72 0.259584 -0.0387867 0.867153
804.091 161.662 -0.00558466 -0.113566 0.933524
665.293 535.475 0.316779 0.0215394 0.872833
778.086 515.677 0.34169 -0.090877 0.919315
791.193 155.349 -0.00930248 -0.0984351 0.915739
678.971 284.994 0.0675119 -0.00610532 0.763413
779.214 495.035 0.288574 -0.0844982 0.883211
751.686 159.059 -0.0108567 -0.0702375 0.952592
750.341 160.049 -0.0115654 -0.0708235 0.967077
813.753 132.061 -0.0265012 -0.11634 0.913889
959.576 80.1976 -0.0581087 -0.223133 0.894951
588.387 473.944 0.28863 0.102597 0.930403
601.837 550.924 0.417751 0.110199 0.964049
601.768 511.051 0.357581 0.102742 0.958861
652.53 507.198 0.271374 0.0282701 0.853239
604.65 384.259 0.176195 0.0676003 0.893657
628.37 230.152 0.0480657 0.107332 1.26559
649.123 121.343 -0.0438647 0.0199061 0.949037
690.88 117.271 -0.039037 -0.0167489 0.907795
696.158 233.333 0.0547851 -0.0118244 1.33678
508.399 259.916 0.0872696 0.258433 1.14925
779.655 512.144 0.367852 -0.0999173 0.953966
933.448 412.891 0.275585 -0.294885 0.99596
483.596 2.84742 -0.121929 0.13359 0.911315
813.926 224.742 0.047426 -0.119048 0.916293
582.405 310.756 0.0576377 0.0302282 0.66816
815.169 233.793 0.0546215 -0.118405 0.90911
947.518 12.9899 -0.117537 -0.230273 0.935789
696.613 291.586 0.146295 -0.0120755 1.1643
813.917 162.214 -0.00364635 -0.118304 0.918641
667.044 504.009 0.285285 0.0182616 0.874677
641.027 168.543 -0.00569412 0.0304164 0.954775
519.548 239.909 0.0533455 0.142876 0.94246
494.473 255.257 0.0776529 0.249937 1.10249
741.63 534.891 0.32889 -0.0489473 0.882063
740.487 518.466 0.354704 -0.0527972 0.933054
705.266 545.973 0.414996 -0.012921 0.959915
812.136 535.861 0.408087 -0.1403 0.95873
631.047 18.8852 -0.0662405 0.0113098 0.759307
702.315 583.634 0.364192 -0.0102949 0.864733
546.435 153.949 -0.0150438 0.0993393 0.908842
836.417 413.99 0.20674 -0.132935 0.878187
652.667 75.1053 -0.0759281 0.0132229 0.93276
526.238 21.9622 -0.11569 0.110198 0.931738
568.627 141.006 -0.0251958 0.0827596 0.916527
526.768 22.5306 -0.115335 0.109879 0.931876
680.187 178.352 0.00646433 -0.00603818 0.910099
958.274 310.113 0.126391 -0.250555 0.909406
480.926 55.8103 -0.0378855 0.0608927 0.675414
490.004 32.2165 -0.0483016 0.0606372 0.690267
682.061 319.478 0.0875861 -0.00692984 0.764277
689.443 162.77 -0.0061969 -0.0140411 0.920066
646.021 133.161 -0.0319014 0.0216634 0.932927
805.558 132.451 -0.0254546 -0.107986 0.90705
839.681 367.285 0.171155 -0.14036 0.896791
661.869 323.811 0.208451 0.0523644 1.21098
944.14 311.371 0.13561 -0.257687 0.942059
925.549 436.358 0.329762 -0.312325 1.02958
687.168 202.183 0.021168 -0.00748913 1.05944
557.709 181.188 0.00590353 0.0925894 0.907978
604.123 113.715 -0.0510064 0.0584527 0.949658
679.345 281.473 0.0657941 -0.00636598 0.764814
642.544 171.246 -0.00114141 0.0260978 0.92732
687.025 300.98 0.0889808 -0.00925477 0.818815
809.979 192.76 0.0210989 -0.111631 0.903071
642.672 556.204 0.504439 0.0795914 1.03284
496.257 519.579 0.388576 0.242338 0.990078
498.181 301.057 0.0961234 0.140939 0.878423
503.22 514.829 0.400342 0.246612 1.01065
596.376 485.616 0.313978 0.100844 0.945553
893.797 153.715 0.000603147 -0.128093 0.774879
518.783 507.263 0.429705 0.254158 1.05559
884.618 119.32 -0.0198508 -0.130703 0.799458
937.72 284.252 0.11512 -0.269806 0.977277
940.458 284.293 0.112604 -0.263999 0.963213
808.265 265.075 0.0798161 -0.111009 0.90088
804.329 136.595 -0.0237499 -0.109573 0.917734
764.46 461.303 0.284721 -0.0784566 0.931055
499.987 51.0998 -0.0604984 0.0872219 0.794822
792.989 246.062 0.0627366 -0.0961121 0.893239
699.611 308.929 0.176209 -0.015434 1.17359
693.466 310.978 0.139675 -0.0104841 1.00281
489.075 65.0575 -0.0788262 0.133604 0.905776
675.108 206.176 0.0250824 -0.00563429 0.775697
911.727 174.263 0.00918275 -0.194269 0.901269
666.183 180.353 0.0100937 -0.00379812 0.711234
729.331 168.711 -0.258904 -0.141245 1.93957
626.023 273.923 0.153772 0.269832 1.7389
500.464 147.637 -0.0188419 0.128395 0.892594
622.787 295.59 0.100174 0.0470128 0.902138
706.268 159.348 -0.225318 -0.0439863 1.77821
860.364 447.822 0.262542 -0.17027 0.912546
775.767 483.755 0.309531 -0.0897669 0.927589
688.854 166.586 -0.00417596 -0.01329 0.931984
596.002 317.328 0.119194 0.0723776 0.906349
557.816 228.05 0.0424957 0.094981 0.902044
765.197 206.582 0.030961 -0.0759939 0.910806
815.026 478.321 0.317553 -0.136004 0.943554
732.656 159.174 -0.264989 -0.148053 1.87582
719.103 158.132 -0.279284 -0.096502 1.89877
823.806 109.425 -0.0427628 -0.12328 0.910929
570.345 224.141 0.0402715 0.0890276 0.918346
645.92 123.33 -0.0393794 0.0211188 0.931817
587.579 173.36 -0.000214618 0.0708085 0.919908
763.586 429.44 0.224498 -0.0710256 0.889463
695.038 374.717 0.175012 -0.0113013 0.903732
841.24 419.997 0.217342 -0.140478 0.886813
947.862 172.537 0.00711584 -0.240848 0.931133
957.547 280.019 0.0978384 -0.243014 0.903291
869.228 229.839 0.052252 -0.161252 0.899953
601.149 388.441 0.176266 0.0688236 0.884939
638.114 383.017 0.176435 0.0385399 0.893733
666.861 492.198 0.298846 0.0215936 0.909264
517.962 413.809 0.205019 0.150234 0.903288
559.841 442.225 0.229926 0.112679 0.893658
505.93 229.823 0.0429503 0.140813 0.912032
