611.644 403.088 0.189358 0.0333117 0.71523
801.18 266.231 0.128239 -0.0703927 0.746707
861.552 430.024 0.236187 -0.113534 0.754081
782.265 164.436 0.0748678 -0.0595156 0.749329
861.212 368.806 0.210846 -0.123097 0.788947
589.771 282.928 0.127012 0.0400138 0.723292
567.41 405.113 0.194989 0.0587857 0.726008
690.232 389.029 0.194011 -0.00755894 0.736873
947.558 186.533 0.083351 -0.12836 0.706832
499.592 187.597 0.079958 0.0783454 0.726025
621.917 276.789 0.164875 0.0467916 0.884589
558.738 408.449 0.182375 0.0563499 0.69846
499.8 187.49 0.0797594 0.0778068 0.724587
681.354 104.851 0.0448634 -0.00869837 0.75614
670.856 47.6381 0.0157909 -0.00428952 0.780109
726.505 280.983 0.289583 -0.516969 5.04883
715.026 272.819 -0.0684213 -0.142378 5.48181
708.375 105.499 0.031376 -0.0306113 0.946849
847.873 235.779 0.105257 -0.0847202 0.71087
609.775 172.897 0.0740067 0.0253179 0.718183
917.567 281.906 0.148012 -0.149385 0.776529
758.025 36.1445 0.0173828 -0.0440774 0.727826
781.784 71.7144 0.0262083 -0.068089 0.805873
608.608 397.873 0.17763 0.0318248 0.697968
610.682 101.766 0.0428556 0.0258331 0.748266
492.635 489.828 0.216433 0.0885283 0.683849
873.976 234.761 0.0914297 -0.0768761 0.646393
921.946 192.554 0.0926486 -0.139375 0.760872
719.446 257.182 -0.0992629 -0.242922 4.2855
512.04 475.748 0.238261 0.0947255 0.727116
941.938 292.733 0.115575 -0.105631 0.64966
521.621 186.165 0.0820963 0.0748838 0.75106
854.428 238.926 0.110045 -0.0924842 0.726082
559.592 179.503 0.0770364 0.0499446 0.725809
532.096 112.034 0.0468971 0.0551636 0.708445
688.443 388.436 0.174787 -0.00688855 0.698671
772.506 167.658 0.0754211 -0.0526784 0.737621
612.976 178.972 0.0779506 0.0254865 0.730381
947.338 187.11 0.083678 -0.128529 0.707379
929.906 190.983 0.0895937 -0.135133 0.741412
581.526 280.266 0.116277 0.0376505 0.688964
540.426 110.954 0.0463531 0.0592021 0.743238
690.635 387.406 0.193706 -0.0078132 0.738262
634.848 19.5489 0.00328207 0.0133447 0.77362
587.086 204.28 0.053176 0.41415 1.8423
785.215 473.152 0.213841 -0.052041 0.681996
517.329 551.643 0.250085 0.080319 0.680265
495.277 124.059 0.0516585 0.0765546 0.726689
561.186 400.113 0.182196 0.0568106 0.706892
774.936 161.307 0.0714015 -0.0517073 0.72378
506.122 187.969 0.0815009 0.0789837 0.738315
592.184 273.647 0.121105 0.03758 0.718433
496.228 180.559 0.0761454 0.0777138 0.720339
518.286 187.023 0.0816336 0.0741842 0.742442
868.366 424.316 0.224305 -0.112499 0.740958
801.89 257.046 0.126662 -0.0738664 0.761744
688.82 386.884 0.176451 -0.00707378 0.703794
608.345 5.11566 0.00785277 0.0186594 0.697809
562.767 406.782 0.187506 0.057205 0.709952
883.496 447.43 0.223795 -0.112451 0.715472
565.222 405.38 0.18822 0.0565899 0.712748
606.006 166.425 0.0695404 0.0245827 0.69986
773.688 418.801 0.286676 -0.0763707 0.854424
865.469 423.954 0.231856 -0.115624 0.753873
685.295 41.1086 0.0173825 -0.0116482 0.741518
544.339 289.383 0.132646 0.0655802 0.734627
543.09 117.983 0.049527 0.0596384 0.749174
564.065 186.313 0.0815245 0.0506924 0.738278
493.753 490.925 0.219156 0.0892987 0.686852
550.209 93.9707 0.0393766 0.0506512 0.728326
836.96 150.272 0.0687305 -0.0883116 0.751609
872.508 376.901 0.197684 -0.115931 0.749693
829.968 77.9337 0.0327926 -0.0882568 0.772452
816.016 224.649 0.104463 -0.0756619 0.738193
768.939 175.827 0.0816256 -0.0548367 0.763954
833.71 245.068 0.119519 -0.0906793 0.757538
803.602 262.805 0.124509 -0.0700018 0.739038
596.468 112.315 0.0474359 0.0340491 0.754586
868.527 431.9 0.224731 -0.110093 0.73339
519.837 17.0752 0.00546202 0.0643086 0.745428
820.411 215.401 0.0979059 -0.0749791 0.726567
956.301 279.312 0.124775 -0.133302 0.698318
884.109 282.754 0.14266 -0.121534 0.758635
725.236 515.701 0.272205 -0.0252746 0.72599
613.287 395.377 0.186619 0.0326235 0.718491
598.548 11.8834 -0.00429177 0.0342188 0.795658
594.076 271.877 0.120427 0.0367012 0.719089
697.866 529.235 0.309161 -0.00856888 0.757831
613.309 109.696 0.0465397 0.0247119 0.747096
604.453 527.403 0.318581 0.057535 0.774803
748.69 508.251 0.339108 -0.0492394 0.809236
618.991 42.3133 0.0169029 0.0195357 0.745331
866.452 504.807 0.298429 -0.123574 0.760062
489.751 493.227 0.216648 0.0892168 0.681546
952.692 289.155 0.130979 -0.134464 0.703173
954.118 135.643 0.0638324 -0.166988 0.78797
900.027 283.812 0.132594 -0.115597 0.720835
803.244 168.064 0.078501 -0.0748862 0.770233
809.4 517.919 0.284447 -0.0779449 0.734624
720.597 508.872 0.295253 -0.0242996 0.759908
821.405 482.354 0.381373 -0.1322 0.883317
628.378 54.852 0.0184616 0.0186201 0.783375
698.315 522.536 0.320063 -0.00889897 0.776201
597.373 116.68 0.0494621 0.0342657 0.758062
609.658 400.922 0.18244 0.0324398 0.704195
614.803 398.137 0.189924 0.0324791 0.721787
852.327 239.78 0.111859 -0.0934891 0.732896
887.14 466.663 0.292441 -0.149832 0.791557
785.623 504.061 0.34518 -0.0810744 0.818381
853.042 137.048 0.0617235 -0.0903028 0.730644
672.171 159.586 0.0715129 -0.00276265 0.759215
683.631 66.6228 0.0242123 -0.0107232 0.789001
617.602 186.179 0.0834999 0.0258733 0.750883
563.004 188.752 0.0824169 0.0508192 0.735758
815.658 222.169 0.103349 -0.0756515 0.739152
798.069 378.843 0.556486 -0.271673 1.37597
803.13 261.068 0.124086 -0.0701827 0.741186
846.554 68.4368 0.0256903 -0.104978 0.800955
806.039 256.233 0.119338 -0.0696119 0.731822
916.797 398.923 0.157081 -0.0970786 0.643534
849.429 506.653 0.283693 -0.105197 0.741891
849.922 241.734 0.114258 -0.0943351 0.739713
654.082 537.345 0.300813 0.0194428 0.743509
623.829 50.4725 0.0183325 0.0192884 0.765724
788.317 458.469 0.241528 -0.063923 0.735566
536.821 158.083 0.0699476 0.0738785 0.784169
609.896 399.238 0.178566 0.0313213 0.698322
783.29 159.144 0.0716769 -0.0584459 0.740268
517.171 14.3419 0.00484688 0.0644935 0.741713
613.43 177.725 0.0770862 0.0248653 0.7273
847.851 58.6747 0.021038 -0.104326 0.797115
841.941 97.6801 0.0439277 -0.084639 0.732941
555.291 137.736 0.0593947 0.0626226 0.785514
600.851 534.548 0.307764 0.0559287 0.756269
680.407 111.416 0.0477079 -0.00805793 0.768604
516.618 43.1746 -0.00187318 0.101101 0.870299
841.502 144.702 0.0655472 -0.0874446 0.74019
581.094 266.01 0.106227 0.0347096 0.674021
842.681 134.324 0.0599927 -0.0826073 0.720833
622.293 38.3699 0.0147984 0.0182073 0.749296
531.171 312.008 0.125506 0.0574243 0.675568
847.593 188.548 0.087666 -0.0934302 0.74622
618.688 120.931 0.0517092 0.0242705 0.764069
610.778 403.235 0.186507 0.03285 0.709581
849.237 131.017 0.0596985 -0.0990375 0.76838
640.271 238.868 0.0540486 0.00156254 0.494446
724.443 519.684 0.268778 -0.0243252 0.71854
826.188 490.74 0.305849 -0.103254 0.785244
846.53 203.139 0.0961828 -0.0955064 0.753837
924.465 383.175 0.338803 -0.29606 0.994549
690.324 259.478 0.16848 -0.00920089 0.966342
833.411 107.408 0.0478187 -0.0870019 0.757637
560.587 29.9458 0.00920191 0.048949 0.760494
657.512 228.509 0.069243 -0.000329615 0.565723
533.031 206.29 0.0947964 0.0755037 0.769918
848.198 463.872 0.446032 -0.203956 0.981708
832.454 109.643 0.0487659 -0.088225 0.764166
931.482 189.914 0.0854577 -0.123613 0.712925
811.67 106.924 0.0467779 -0.0802388 0.77826
840.666 54.5143 0.0255908 -0.0820506 0.728753
890.507 451.32 0.227099 -0.116977 0.716393
545.971 275.491 0.123671 0.0622031 0.728062
685.515 403.957 0.170221 -0.00543414 0.673782
683.748 314.126 0.152404 -0.00560104 0.744901
871.21 374.78 0.200444 -0.118297 0.758241
845.153 475.108 0.349596 -0.143688 0.854789
852.071 201.16 0.0925 -0.0925103 0.733882
811.455 500.635 0.288877 -0.0843805 0.755599
861.5 498.278 0.299012 -0.12272 0.767397
686.863 277.047 0.160714 -0.00704788 0.859021
805.854 172.783 0.0819411 -0.0790059 0.781956
600.227 173.791 0.0820575 0.0963639 1.07704
524.681 631.742 0.283576 0.0768482 0.66387
762.176 613.01 0.287938 -0.0397759 0.670892
514.575 602.505 0.245833 0.0714281 0.643316
808.411 573.835 0.256397 -0.0604992 0.662018
846.282 132.782 0.0590659 -0.0822436 0.713348
636.865 221.752 0.0474205 0.00156798 0.478862
549.627 162.613 0.0749879 0.0935298 0.885797
773.69 61.3317 -0.0610356 -0.131106 1.18113
779.838 169.479 0.0783665 -0.0605502 0.762747
845.299 111.143 0.0497315 -0.0939498 0.759945
853.936 422.649 0.249441 -0.119437 0.784515
704.196 165.85 -0.102544 -0.0408484 1.95415
719.054 246.305 -0.0963011 -0.202064 3.69336
849.571 55.5154 0.020168 -0.103396 0.790782
787.116 475.847 0.213209 -0.0523995 0.678811
680.307 115.687 0.0497542 -0.00790208 0.772269
941.736 189.929 0.0862139 -0.130515 0.717507
480.317 153.526 0.0638986 0.186394 0.983226
500.773 191.058 0.0818403 0.0787664 0.728485
