610.398 399.871 0.189273 0.0333276 0.715115
799.953 263.12 0.128154 -0.0703768 0.746592
860.293 427.071 0.236103 -0.113518 0.753966
781.033 161.152 0.0747831 -0.0594997 0.749214
860.044 366.039 0.210761 -0.123081 0.788832
588.432 279.633 0.126928 0.0400297 0.723177
566.192 401.969 0.194904 0.0588016 0.725893
689.028 385.956 0.193926 -0.00754304 0.736757
946.224 183.074 0.0832664 -0.128344 0.706716
498.076 184.101 0.0798733 0.0783613 0.72591
620.915 274.318 0.164791 0.0468075 0.884474
557.441 405.11 0.182291 0.0563658 0.698345
498.28 183.984 0.0796747 0.0778227 0.724472
680.046 101.411 0.0447788 -0.00868247 0.756025
669.561 44.1508 0.0157063 -0.00427361 0.779993
726.381 280.592 0.289498 -0.516953 5.04871
714.894 272.412 -0.068506 -0.142363 5.4817
707.433 102.865 0.0312913 -0.0305954 0.946734
846.547 232.395 0.105172 -0.0847043 0.710755
608.343 169.357 0.0739221 0.0253338 0.718068
916.374 279.021 0.147927 -0.149369 0.776414
756.696 32.3726 0.0172982 -0.0440615 0.727711
780.677 68.4963 0.0261236 -0.068073 0.805758
607.305 394.526 0.177545 0.0318407 0.697853
609.272 98.2347 0.042771 0.025849 0.748151
491.385 486.408 0.216349 0.0885442 0.683734
872.423 230.837 0.091345 -0.0768602 0.646277
920.762 189.454 0.0925639 -0.13936 0.760757
719.284 256.653 -0.0993476 -0.242906 4.28539
510.907 472.64 0.238176 0.0947414 0.727001
940.36 288.933 0.11549 -0.105615 0.649545
520.189 182.834 0.0820117 0.0748997 0.750945
853.144 235.656 0.109961 -0.0924683 0.725967
558.135 176.01 0.0769518 0.0499605 0.725694
530.491 108.232 0.0468125 0.0551795 0.70833
687.13 385.095 0.174702 -0.00687264 0.698556
771.239 164.303 0.0753364 -0.0526625 0.737505
611.584 175.53 0.0778659 0.0255024 0.730266
946.004 183.656 0.0835933 -0.128514 0.707264
928.671 187.764 0.089509 -0.135117 0.741296
580.079 276.709 0.116192 0.0376664 0.688849
538.919 107.383 0.0462684 0.059218 0.743123
689.434 384.34 0.193621 -0.00779729 0.738146
633.47 15.9106 0.00319741 0.0133606 0.773505
586.43 202.999 0.0530913 0.414166 1.84218
783.832 469.703 0.213756 -0.0520251 0.681881
516.15 548.186 0.250001 0.0803349 0.68015
493.68 120.399 0.0515738 0.0765705 0.726574
559.907 396.831 0.182111 0.0568265 0.706777
773.631 157.848 0.0713169 -0.0516914 0.723665
504.643 184.557 0.0814162 0.0789996 0.738199
590.825 270.303 0.121021 0.0375959 0.718318
494.685 177.006 0.0760608 0.0777297 0.720223
516.831 183.64 0.0815489 0.0742001 0.742327
867.072 421.285 0.224221 -0.112483 0.740843
800.7 254.013 0.126578 -0.0738505 0.761629
687.522 383.58 0.176366 -0.00705787 0.703678
606.725 0.946522 0.00776812 0.0186753 0.697693
561.504 403.527 0.187421 0.057221 0.709837
882.116 444.229 0.22371 -0.112435 0.715356
563.967 402.145 0.188136 0.0566058 0.712633
604.513 162.735 0.0694557 0.0245986 0.699745
772.698 416.338 0.286591 -0.0763548 0.854309
864.207 421 0.231771 -0.115608 0.753757
683.924 37.394 0.0172978 -0.0116323 0.741402
543.007 286.164 0.132561 0.0655961 0.734512
541.607 114.469 0.0494423 0.0596543 0.749059
562.651 182.92 0.0814399 0.0507084 0.738163
492.516 487.529 0.219072 0.0893146 0.686736
548.663 90.2608 0.039292 0.0506672 0.728211
835.756 146.995 0.0686458 -0.0882957 0.751494
871.244 373.917 0.197599 -0.115915 0.749578
828.822 74.5919 0.0327079 -0.0882409 0.772337
814.767 221.425 0.104379 -0.075646 0.738077
767.739 172.649 0.081541 -0.0548208 0.763839
832.51 242.003 0.119435 -0.0906634 0.757423
802.355 259.641 0.124425 -0.0699859 0.738922
595.063 108.844 0.0473513 0.0340651 0.754471
867.213 428.821 0.224646 -0.110077 0.733275
518.202 13.2008 0.00537736 0.0643245 0.745313
819.13 212.085 0.0978212 -0.0749632 0.726452
954.888 275.923 0.12469 -0.133286 0.698203
882.89 279.759 0.142575 -0.121518 0.758519
724.046 512.553 0.272121 -0.0252587 0.725874
612.043 392.178 0.186534 0.0326394 0.718376
597.149 8.30196 -0.00437643 0.0342347 0.795542
592.718 268.535 0.120342 0.0367172 0.718974
696.788 526.27 0.309076 -0.00855297 0.757715
611.905 106.181 0.046455 0.0247278 0.746981
603.484 524.549 0.318497 0.0575509 0.774688
747.662 505.551 0.339023 -0.0492235 0.80912
617.541 38.5856 0.0168182 0.0195516 0.745216
865.177 501.846 0.298345 -0.123558 0.759947
488.499 489.79 0.216564 0.0892327 0.681431
951.289 285.812 0.130895 -0.134448 0.703058
953.031 132.595 0.0637477 -0.166972 0.787855
898.705 280.578 0.13251 -0.115581 0.72072
802.073 164.92 0.0784163 -0.0748703 0.770118
808.143 514.81 0.284363 -0.077929 0.734508
719.494 505.93 0.295168 -0.0242837 0.759793
820.402 479.959 0.381289 -0.132184 0.883202
627.035 51.3791 0.0183769 0.018636 0.78326
697.276 519.674 0.319978 -0.00888306 0.776086
595.981 113.242 0.0493775 0.0342816 0.757947
608.377 397.624 0.182355 0.0324557 0.70408
613.571 394.963 0.189839 0.032495 0.721672
851.062 236.557 0.111774 -0.0934732 0.73278
885.911 463.894 0.292357 -0.149816 0.791442
784.568 501.398 0.345096 -0.0810585 0.818266
851.788 133.616 0.0616388 -0.0902869 0.730528
670.89 156.302 0.0714283 -0.00274675 0.759099
682.381 63.2489 0.0241276 -0.0107073 0.788885
616.271 182.885 0.0834153 0.0258892 0.750768
561.586 185.348 0.0823322 0.0508351 0.735643
814.412 218.947 0.103264 -0.0756356 0.739037
797.495 377.517 0.556401 -0.271657 1.37586
801.888 257.915 0.124001 -0.0701668 0.741071
845.488 65.2242 0.0256056 -0.104962 0.80084
804.772 253.013 0.119253 -0.069596 0.731707
915.176 395.133 0.156996 -0.0970627 0.643419
848.139 503.592 0.283608 -0.105181 0.741776
848.675 238.558 0.114173 -0.0943192 0.739598
653.012 534.301 0.300728 0.0194587 0.743394
622.439 46.89 0.0182478 0.0193043 0.765609
787.081 455.4 0.241443 -0.0639071 0.735451
535.445 154.873 0.069863 0.0738944 0.784053
608.596 395.895 0.178481 0.0313372 0.698207
782.035 155.792 0.0715923 -0.05843 0.740153
515.52 10.4344 0.00476222 0.0645094 0.741598
612.03 174.26 0.0770015 0.0248812 0.727185
846.779 55.4155 0.0209533 -0.10431 0.797
840.695 94.1625 0.043843 -0.0846231 0.732826
553.92 134.486 0.05931 0.0626386 0.785399
599.846 531.59 0.30768 0.0559446 0.756154
679.131 108.064 0.0476232 -0.00804202 0.768489
515.208 39.9573 -0.00195783 0.101117 0.870184
840.27 141.344 0.0654625 -0.0874287 0.740075
579.585 262.305 0.106142 0.0347255 0.673906
841.395 130.815 0.059908 -0.0825914 0.720718
620.854 34.6544 0.0147138 0.0182232 0.749181
529.683 308.376 0.125421 0.0574402 0.675453
846.373 185.321 0.0875814 -0.0934143 0.746105
617.339 117.55 0.0516246 0.0242864 0.763954
609.515 399.978 0.186422 0.0328659 0.709466
848.084 127.8 0.0596139 -0.0990216 0.768265
637.669 232.406 0.053964 0.00157845 0.494331
723.236 516.485 0.268693 -0.0243092 0.718425
825.021 487.928 0.305764 -0.103238 0.785129
845.326 199.987 0.0960982 -0.0954905 0.753722
923.494 381.18 0.338718 -0.296044 0.994434
689.456 257.271 0.168395 -0.00918498 0.966227
832.226 104.063 0.047734 -0.086986 0.757522
559.068 26.2268 0.00911725 0.0489649 0.760379
655.506 223.497 0.0691584 -0.000313709 0.565608
531.676 203.121 0.0947117 0.0755196 0.769803
847.27 461.787 0.445948 -0.20394 0.981593
831.285 106.341 0.0486812 -0.0882091 0.764051
930.167 186.499 0.0853731 -0.123598 0.71281
810.524 103.682 0.0466932 -0.0802229 0.778145
839.411 50.8519 0.0255061 -0.0820347 0.728638
889.121 448.125 0.227015 -0.116962 0.716278
544.608 272.205 0.123586 0.062219 0.727947
684.13 400.425 0.170137 -0.00541824 0.673667
682.523 311.037 0.152319 -0.00558514 0.744786
869.967 371.846 0.20036 -0.118281 0.758125
844.08 472.612 0.349511 -0.143672 0.854674
850.815 197.879 0.0924154 -0.0924944 0.733767
810.245 497.662 0.288792 -0.0843646 0.755484
860.249 495.364 0.298928 -0.122704 0.767281
685.852 274.492 0.16063 -0.00703197 0.858906
804.712 169.715 0.0818564 -0.07899 0.781841
599.311 171.627 0.0819728 0.0963798 1.07693
523.546 628.094 0.283492 0.0768641 0.663754
760.816 609.373 0.287854 -0.03976 0.670777
513.32 598.704 0.245748 0.071444 0.643201
806.952 570.163 0.256312 -0.0604833 0.661903
844.974 129.219 0.0589812 -0.0822277 0.713232
634.066 214.81 0.0473358 0.00158388 0.478747
548.435 159.865 0.0749033 0.0935457 0.885682
773.063 59.0739 -0.0611202 -0.13109 1.18101
778.639 166.285 0.0782818 -0.0605343 0.762632
844.125 107.827 0.0496468 -0.0939339 0.75983
852.75 419.864 0.249356 -0.119421 0.784399
703.779 164.547 -0.102629 -0.0408325 1.95404
718.864 245.683 -0.0963858 -0.202048 3.69324
848.486 52.2165 0.0200833 -0.10338 0.790667
785.722 472.372 0.213124 -0.0523836 0.678696
679.041 112.368 0.0496695 -0.00788618 0.772153
940.433 186.552 0.0861292 -0.130499 0.717392
499.268 187.588 0.0817556 0.0787823 0.72837
