700.864 485.11 0.299472 -0.0115667 0.910825
625.075 484.78 0.304154 0.0650845 0.923938
583.659 290.996 0.100489 0.0778226 0.899047
774.196 461.486 0.269989 -0.0818017 0.899791
764.448 424.254 0.220607 -0.0697988 0.881413
694.616 371.431 0.16978 -0.0112309 0.883805
875.707 221.644 0.0538455 -0.171648 0.916593
505.718 237.626 0.0560012 0.142214 0.916731
815.677 175.085 0.0164348 -0.102395 0.853152
940.635 88.6255 -0.0545061 -0.232993 0.944931
845.972 366.217 0.16749 -0.136697 0.874184
483.131 50.718 -0.079177 0.132229 0.900319
557.678 435.587 0.227686 0.112732 0.892391
559.74 219.858 0.0431491 0.0961851 0.918107
480.163 46.4932 -0.0796119 0.130623 0.891707
599.403 379.545 0.172178 0.0681967 0.881457
635.207 375.791 0.16916 0.0378797 0.878572
556.788 437.091 0.225406 0.111187 0.885743
950.927 80.0895 -0.055426 -0.22802 0.920508
521.805 381.682 0.188884 0.151654 0.925953
832.822 399.458 0.211974 -0.136986 0.90513
726.422 465.822 0.274632 -0.036833 0.903755
691.106 90.1459 -0.0425872 -0.0178805 0.866145
772.749 459.705 0.275704 -0.0825004 0.911221
566.38 91.2845 -0.0528839 0.0777682 0.911103
511.855 228.175 0.0490459 0.141668 0.930674
584.337 229.462 0.0553447 0.102074 1.01467
630.038 281.32 0.100409 0.0450955 0.937557
560.455 219.257 0.042652 0.0952124 0.917007
743.614 112.753 -0.0375123 -0.06095 0.931721
498.116 145.724 -0.0180944 0.144569 0.934431
520.713 410.318 0.213259 0.152425 0.916327
552.266 205.39 0.0301172 0.127778 1.00094
877.318 217.067 0.0496963 -0.169458 0.908404
650.689 82.2205 -0.0586996 0.0131466 0.91597
808.782 255.809 0.078722 -0.110206 0.900202
643.79 107.818 -0.0409813 0.020052 0.918566
787.128 465.941 0.28814 -0.0981821 0.917888
807.627 184.092 0.0214991 -0.109542 0.906361
642.445 212.698 0.0399022 0.0283171 0.929913
694.591 367.165 0.16336 -0.0114912 0.876978
871.179 296.271 0.100547 -0.139755 0.836023
785.761 195.365 0.0297103 -0.0924285 0.909888
553.507 442.569 0.221413 0.108561 0.869708
560.852 154.476 -0.00859099 0.0905938 0.923254
602.692 214.365 0.0398574 0.0595374 0.915131
950.743 160.136 0.00496337 -0.239979 0.930575
602.775 216.246 0.0413549 0.0594585 0.91436
646.716 110.688 -0.0423333 0.0196435 0.938078
638.079 370.618 0.169786 0.0371822 0.89164
584.123 159.385 -0.00346846 0.0701334 0.914459
585.651 289.799 0.101246 0.0784345 0.908196
547.52 215.489 0.0215793 0.032847 0.634219
781.639 272.569 0.091838 -0.087584 0.900283
681.33 189.273 0.022551 -0.00737792 0.888694
677.667 111.176 -0.03787 -0.00668986 0.918853
803.778 126.458 -0.0241572 -0.109172 0.921674
842.795 387.531 0.190864 -0.138279 0.884067
781.158 271.169 0.0920648 -0.08888 0.909188
783.722 268.952 0.0877819 -0.0879478 0.893298
772.274 95.4675 -0.0399469 -0.0761214 0.878903
639.944 371.413 0.175795 0.0376887 0.904982
957.02 229.013 0.0621948 -0.240743 0.911736
622.252 286.001 0.0982701 0.0463562 0.902777
589.363 284.29 0.0967059 0.0748866 0.908445
898.947 285.08 0.0959699 -0.164947 0.848937
788.093 103.656 -0.0841233 -0.136187 1.10697
872.27 219.725 0.051042 -0.160363 0.895855
688.434 158.434 -0.00422975 -0.0133818 0.942762
640.805 184.353 0.0162299 0.0287464 0.936454
875.981 221.639 0.0538134 -0.171612 0.915923
765.564 122.237 -0.0363404 -0.0855754 0.971636
767.64 404.402 0.247258 -0.0876355 0.970492
811.657 266.052 0.0955191 -0.12782 0.955931
528.742 200.863 -0.05572 0.474217 1.6153
506.789 324.943 0.124634 0.14125 0.891206
815.736 458.378 0.283693 -0.127834 0.921389
604.502 218.485 0.0436365 0.0613304 0.929923
638.443 211.64 0.0384272 0.028326 0.90274
768.775 163.165 -0.0983856 -0.192167 1.486
756.641 201.436 0.033746 -0.0686409 0.91242
806.542 255.983 0.081048 -0.112796 0.918016
713.085 159.986 -0.14277 -0.0617363 1.59719
705.308 158.834 -0.228279 -0.0422743 1.81961
737.569 159.11 -0.157471 -0.135709 1.63831
734.46 131.022 -0.2486 -0.133056 1.68478
767.078 84.4331 -0.180784 -0.149419 1.31404
818.253 121.243 -0.0424359 -0.144724 1.00738
736.068 172.156 -0.165596 -0.147408 1.76778
948.356 34.83 -0.0911426 -0.228308 0.931387
786.953 120.098 -0.0814652 -0.149534 1.16832
751.495 178.376 -0.257168 -0.264136 2.07189
772.602 153.39 -0.0929788 -0.179735 1.39668
746.136 199.306 -0.306627 -0.313501 2.44086
591.356 174.53 0.00692773 0.0701797 0.935768
747.511 171.534 -0.0894388 -0.145202 1.51673
891.203 291.826 0.104179 -0.166081 0.86425
706.603 95.8861 -0.0477775 -0.0301164 0.915547
786.93 264.06 0.0818684 -0.0878138 0.879637
591.848 485.733 0.30545 0.099306 0.927017
744.789 482.793 0.300951 -0.0550296 0.912697
751.346 155.099 -0.229699 -0.207258 1.80162
815.138 469.683 0.324209 -0.139438 0.958645
709.797 157.419 -0.256221 -0.0602316 1.87648
713.394 168.195 -0.145873 -0.064795 1.671
816.444 257.07 0.0813742 -0.119524 0.910664
763.43 176.853 -0.100535 -0.206466 1.60781
728.729 168.308 -0.050453 -0.0799114 1.32447
789.682 242.098 0.0687386 -0.0982308 0.919911
705.001 157.633 -0.222955 -0.0411858 1.79717
629.467 171.978 0.00662995 0.0359858 0.924181
724.296 187.037 -0.347136 -0.157096 2.36933
513.741 235.248 0.0547175 0.13832 0.924199
769.275 163.095 -0.0914539 -0.187468 1.46054
767.78 122.693 -0.0329723 -0.0847892 0.954368
504.142 222.036 0.0430771 0.138836 0.91004
756.987 199.489 0.0321999 -0.0689062 0.912164
804.599 184.396 0.0211084 -0.111842 0.92617
598.797 215.768 0.0404275 0.0593067 0.898032
603.539 373.087 0.173813 0.0686302 0.899886
743.915 480.854 0.304469 -0.0549837 0.920438
834.374 461.412 0.293142 -0.149477 0.92827
528.237 255.691 0.0710373 0.123413 0.910628
586.66 81.9077 -0.0691921 0.0705743 0.954453
835.398 399.784 0.207393 -0.135942 0.894982
542.982 107.79 -0.0898627 0.165867 1.11992
529.272 257.878 0.0735495 0.125146 0.916868
820.539 252.378 0.0700057 -0.106475 0.850581
759.662 152.361 -0.216229 -0.225372 1.74955
737.545 158.441 -0.160282 -0.136061 1.64143
723.012 468.048 0.267931 -0.0329549 0.890757
524.533 155.447 0.000576921 0.0801863 0.799332
695.278 369.045 0.168834 -0.011832 0.886779
752.36 149.499 -0.224089 -0.200178 1.74753
709.051 147.634 -0.252642 -0.0567776 1.79648
678.883 92.4147 -0.0472441 -0.00881167 0.897638
765.682 194.163 0.0282684 -0.0746536 0.90242
823.216 102.17 -0.041754 -0.124387 0.920479
577.776 452.36 0.224012 0.0855604 0.85687
594.25 481.41 0.312699 0.101797 0.943605
812.303 185.532 0.0219837 -0.120818 0.93495
627.843 165.262 -8.93734e-05 0.0393266 0.941448
628.042 164.733 -0.000823487 0.0396264 0.94501
578.6 472.746 0.275031 0.103231 0.905725
627.879 68.9001 -0.0792286 0.0352104 0.957789
652.943 90.2658 -0.0569852 0.013172 0.934858
931.142 150.162 -0.0216522 -0.303118 1.07516
604.405 217.245 0.0425769 0.0611506 0.929117
650.207 289.083 0.13808 0.0499363 1.10575
683.183 194.215 0.0250714 -0.00692457 0.956878
853.846 282.406 0.0990197 -0.142601 0.881595
598.129 508.356 0.355856 0.105125 0.954785
515.883 485.069 0.352408 0.214812 0.997341
596.967 510.785 0.348486 0.102516 0.942447
587.329 497.485 0.290881 0.0929121 0.8903
580.943 73.0308 -0.0712864 0.070567 0.935675
480.113 46.888 -0.07934 0.130667 0.891627
777.975 491.006 0.289895 -0.0824236 0.883527
844.171 473.166 0.264544 -0.137673 0.868934
485.735 503.785 0.302248 0.193711 0.904227
618.382 102.543 -0.0530502 0.0455065 0.957156
734.086 113.891 -0.247495 -0.121314 1.59026
731.753 166.115 -0.309646 -0.16851 2.073
620.945 305.415 0.102159 0.0391864 0.846815
755.855 204.563 0.0363593 -0.0698002 0.926074
778.445 487.382 0.291787 -0.0843099 0.891085
516.084 381.744 0.183039 0.150419 0.912055
639.451 211.243 0.0382813 0.0283157 0.909598
808.844 497.846 0.380981 -0.140682 0.981571
789.23 243.421 0.0695109 -0.09708 0.916274
778.983 491.33 0.290874 -0.083505 0.884285
759.291 145.01 -0.00951534 -0.0704873 0.907784
816.157 119.548 -0.0363924 -0.13107 0.965927
498.419 145.851 -0.0176873 0.143358 0.932006
486.9 224.152 0.0458331 0.179913 0.968072
742.993 168.96 -0.125842 -0.148959 1.62028
720.324 150.409 -0.22092 -0.0923905 1.74169
721.764 470.11 0.265229 -0.0314707 0.883784
569.322 215.235 0.0397851 0.0893804 0.923732
830.249 487.383 0.356969 -0.161549 0.968776
579.332 68.0353 -0.0729333 0.0697701 0.92783
828.398 398.751 0.222308 -0.140285 0.927759
532.385 63.3982 -0.0791048 0.108444 0.935459
932.11 417.094 0.295062 -0.299859 1.00711
741.559 174.325 -0.273606 -0.215039 2.06907
483.956 104.654 -0.0365726 0.122445 0.862457
535.197 149.481 -0.0249419 0.142175 1.01438
573.758 96.8845 -0.0542118 0.0787262 0.937507
747.505 485.941 0.298515 -0.0567725 0.904523
618.711 63.1794 -0.0728863 0.0369527 0.917059
819.467 252.25 0.0683477 -0.102644 0.838905
817.304 64.9912 -0.14073 -0.184121 1.15059
734.93 183.465 -0.0989254 -0.129552 1.65883
759.422 417.978 0.225196 -0.0683089 0.90164
615.622 59.079 -0.0735836 0.0378999 0.908621
746.011 488.198 0.290459 -0.0538161 0.890676
931.345 403.049 0.280702 -0.302688 1.01591
803.614 157.963 -0.00122946 -0.113424 0.93805
807.826 181.001 0.0192987 -0.108061 0.899849
552.474 87.2866 -0.0781728 0.11435 1.00414
819.523 476.651 0.307165 -0.133312 0.924171
625.513 517.04 0.338391 0.0668341 0.919087
640.389 162.169 -0.000935655 0.0265557 0.925893
684.797 294.783 0.0930254 -0.00763868 0.831456
740.381 187.357 -0.1365 -0.171451 1.82872
750.108 491.755 0.28857 -0.056695 0.882856
729.081 165.095 -0.260409 -0.142586 1.95174
726.006 191.11 -0.0976256 -0.107798 1.73282
631.458 279.595 0.09784 0.0426559 0.931171
557.916 163.078 -0.00484946 0.102678 0.954072
688.991 108.881 -0.0385774 -0.0158199 0.914642
645.781 214.057 0.0414547 0.0277703 0.94978
603.002 375.501 0.175332 0.0688832 0.89812
511.917 315.033 0.114974 0.133202 0.884829
701.024 482.841 0.30169 -0.0116978 0.917244
500.185 150.853 -0.0142927 0.144321 0.936505
663.682 525.928 0.340121 0.0270582 0.905931
700.03 485.251 0.302999 -0.0106377 0.915383
679.592 97.9541 -0.0451328 -0.00897055 0.906721
517.611 149.005 -0.0174254 0.136035 0.953622
878.214 220.457 0.0524294 -0.169917 0.907238
758.911 462.727 0.268026 -0.066815 0.896196
547.724 156.215 -0.00698694 0.0995695 0.917268
572.718 478.512 0.266549 0.101939 0.884927
512.154 386.071 0.18021 0.146808 0.895598
584.56 161.585 -0.00196229 0.0704165 0.916486
823.074 100.591 -0.0426104 -0.123776 0.918795
801.007 161.165 0.000271987 -0.114125 0.950425
928.526 430.554 0.327205 -0.311987 1.02738
955.72 17.9975 -0.0932339 -0.217028 0.900882
655.652 89.0276 -0.0627314 0.0124239 0.956394
563.81 219.064 0.0429738 0.0967761 0.932007
583.745 535.831 0.299126 0.0874906 0.85169
625.663 159.176 -0.00367313 0.0386006 0.926252
665.174 217.431 0.00303426 0.082786 1.59013
512.714 385.545 0.180529 0.147137 0.897493
746.353 511.074 0.340308 -0.0569778 0.92009
855.971 377.289 0.155707 -0.126597 0.822084
535.414 210.58 0.03508 0.121365 0.935658
836.571 463.441 0.285914 -0.146781 0.914511
554.661 174.099 0.00726857 0.0936481 0.910176
644.743 107.906 -0.0411478 0.0194304 0.919953
552.566 455.116 0.24995 0.121731 0.897605
712.491 528.778 0.336825 -0.0211391 0.894816
627.308 101.675 -0.0468308 0.033408 0.924012
531.718 24.3633 -0.108653 0.107068 0.941382
698.318 275.863 0.145282 -0.0135632 1.29003
700.078 298.588 0.190629 -0.014843 1.29326
542.608 140.442 -0.0173661 0.0982489 0.904442
514.947 499.932 0.338886 0.193926 0.954713
514.931 407.37 0.201238 0.148415 0.897795
617.932 494.393 0.28659 0.0638307 0.886578
606.948 163.316 -0.001602 0.0558613 0.934545
879.296 215.625 0.0480862 -0.166645 0.897594
554.325 460.065 0.257954 0.122617 0.902132
704.573 555.429 0.392092 -0.0117748 0.91923
816.622 540.248 0.389452 -0.134087 0.927571
619.483 494.788 0.291187 0.063787 0.892054
729.569 467.191 0.268461 -0.0390912 0.892318
805.234 151.638 -0.0055629 -0.112833 0.930239
665.64 529.236 0.316765 0.0214497 0.87474
777.146 503.95 0.349669 -0.0927349 0.938818
791.126 146.408 -0.009009 -0.0986282 0.920352
779.866 489.049 0.28803 -0.0841799 0.883654
750.978 152.415 -0.0100197 -0.0709999 0.965361
587.71 469.234 0.28723 0.101842 0.928547
600.892 548.132 0.413622 0.109182 0.958384
599.342 509.394 0.35135 0.101565 0.947746
653.518 512.79 0.257408 0.0236992 0.821742
603.315 378.146 0.175535 0.0674916 0.892506
648.09 112.952 -0.0436504 0.0201341 0.954794
694.951 226.205 0.0525672 -0.0112439 1.30724
780.283 506.655 0.367476 -0.0997161 0.954908
931.729 405.671 0.280047 -0.298343 1.00836
814.057 216.437 0.0478221 -0.119174 0.920417
694.839 284.286 0.134828 -0.0112291 1.1116
667.35 497.253 0.285862 0.0182479 0.877922
517.544 232.454 0.0534781 0.142942 0.944587
702.861 570.297 0.372405 -0.0102245 0.882392
835.663 405.547 0.208763 -0.133556 0.886572
651.168 65.0711 -0.0757398 0.0134166 0.935529
523.821 11.8212 -0.11566 0.110453 0.936075
566.726 132.012 -0.0249987 0.0829791 0.919732
688.653 153.669 -0.00601 -0.0139466 0.921852
805.542 122.981 -0.0252261 -0.108078 0.911169
841.24 360.657 0.170229 -0.139459 0.894463
662.314 318.696 0.212148 0.0533149 1.22915
945.187 303.883 0.135983 -0.257805 0.945122
926.857 430.823 0.329299 -0.311711 1.03008
686.48 195.12 0.021373 -0.00736718 1.06143
556.071 172.813 0.0062369 0.0928444 0.911671
600.804 101.946 -0.0506984 0.0577541 0.941715
641.499 162.854 -0.000807237 0.0262519 0.931119
686.66 292.208 0.0896227 -0.00916745 0.823453
814.013 180.946 0.019776 -0.10942 0.885687
642.249 553.373 0.499971 0.0791603 1.02745
493.943 516.732 0.38514 0.240381 0.98484
496.634 293.604 0.096487 0.141158 0.881572
503.006 510.1 0.400246 0.246424 1.01227
594.477 482.755 0.309482 0.0995604 0.937016
892.87 143.698 0.00150033 -0.129094 0.783487
515.874 505.238 0.424344 0.251669 1.04691
887.18 105.567 -0.0200151 -0.129506 0.796605
933.692 277.729 0.118392 -0.272341 0.992979
808.783 256.422 0.0789855 -0.109739 0.898312
804.382 127.257 -0.0235034 -0.109626 0.921437
764.491 456.329 0.283476 -0.0773104 0.929081
496.603 38.6208 -0.060367 0.0874174 0.797553
793.14 237.657 0.0630537 -0.0960859 0.896425
699.31 303.845 0.175894 -0.0152896 1.1729
693.136 304.622 0.139865 -0.0103668 1.00496
486.17 54.8775 -0.0786807 0.133706 0.908859
674.283 195.476 0.0253255 -0.00551759 0.779239
912.327 165.022 0.00950687 -0.194272 0.904983
707.522 524.518 0.338916 -0.0164625 0.903108
894.679 213.852 0.0447652 -0.159465 0.851491
789.788 476.173 0.273823 -0.0927626 0.881863
813.893 213.293 0.0453425 -0.120236 0.925189
514.691 384.352 0.180905 0.146855 0.900902
553.353 159.105 -0.00513696 0.0968562 0.92244
680.64 186.613 0.0199347 -0.00624658 0.914179
628.523 303.554 0.109932 0.0397759 0.88678
641.601 29.176 -0.0783503 0.0127903 0.857429
569.043 183.288 0.0142772 0.0852275 0.918364
602.371 549.347 0.414104 0.107194 0.957039
526.497 495.292 0.447274 0.262877 1.09101
743.427 128.522 -0.0339997 -0.0666631 0.986367
836.847 73.586 -0.0752936 -0.150685 0.972576
817.124 223.838 0.0530804 -0.11699 0.901963
851.715 38.9493 -0.0796067 -0.137694 0.89576
679.912 184.707 0.0187616 -0.00604397 0.90341
926.46 175.394 0.0126335 -0.259342 1.0039
561.626 192.071 0.0201037 0.0999743 0.945794
681.087 273.506 0.0706319 -0.00703302 0.787109
670.319 274.084 0.170509 0.252422 2.4123
681.886 189.747 0.0223921 -0.00709954 0.915854
773.302 115.507 -0.0345408 -0.0855385 0.930448
728.795 167.293 -0.262056 -0.143656 1.97463
626.182 271.043 0.155605 0.271934 1.75396
496.412 137.487 -0.0187494 0.127615 0.890337
621.884 288.104 0.100531 0.0472829 0.905461
705.838 156.312 -0.226509 -0.0443241 1.79614
860.24 440.171 0.264106 -0.170923 0.918794
776.11 477.605 0.30969 -0.0895406 0.929749
688.047 157.971 -0.00392316 -0.0131459 0.935445
596.025 309.874 0.120351 0.0728351 0.913863
556.347 220.022 0.0427991 0.0952153 0.905516
765.259 197.759 0.0310476 -0.0757156 0.911622
815.74 472.41 0.3174 -0.135804 0.944939
732.186 156.143 -0.266353 -0.149206 1.89336
718.645 155.07 -0.280667 -0.0971793 1.91561
823.661 100.072 -0.0425377 -0.123593 0.916427
568.689 216.183 0.0404847 0.0891971 0.920834
644.823 114.371 -0.0391608 0.0212137 0.9359
586.299 165.057 9.30056e-05 0.0711088 0.924554
694.671 368.831 0.173642 -0.0110914 0.899677
842.075 413.159 0.21727 -0.140169 0.888207
948.681 163.634 0.00746327 -0.241043 0.935116
958.57 271.75 0.0982602 -0.243301 0.906949
869.816 221.212 0.0525831 -0.161333 0.903397
600.707 381.3 0.176909 0.0691436 0.889085
637.24 376.571 0.176081 0.0386699 0.893898
666.978 485.908 0.299253 0.0217017 0.912106
514.767 409.028 0.203282 0.149257 0.898787
559.62 435.467 0.230685 0.113048 0.897824
504.213 222.038 0.0432421 0.140918 0.915229
