608.7 395.422 0.189194 0.0333866 0.715209
798.304 258.492 0.128075 -0.0703178 0.746686
858.82 422.759 0.236023 -0.113459 0.75406
779.252 156.195 0.0747036 -0.0594406 0.749308
858.627 361.942 0.210682 -0.123022 0.788926
586.451 274.979 0.126848 0.0400887 0.723271
564.5 397.674 0.194825 0.0588606 0.725987
687.445 381.615 0.193847 -0.007484 0.736851
944.498 177.692 0.0831868 -0.128285 0.70681
495.654 179.162 0.0797937 0.0784204 0.726004
619.437 270.832 0.164711 0.0468665 0.884568
555.63 400.547 0.182211 0.0564248 0.698439
495.853 179.03 0.0795951 0.0778818 0.724566
677.998 96.284 0.0446992 -0.00862343 0.756119
667.458 38.9206 0.0156267 -0.00421458 0.780087
726.174 280.021 0.289419 -0.516894 5.04881
714.664 271.832 -0.0685855 -0.142304 5.48179
705.913 98.931 0.0312117 -0.0305364 0.946828
844.781 227.285 0.105093 -0.0846453 0.710849
606.127 164.216 0.0738425 0.0253928 0.718162
914.885 274.612 0.147848 -0.14931 0.776508
754.622 26.5948 0.0172186 -0.0440024 0.727805
778.963 63.5662 0.0260441 -0.068014 0.805852
605.519 389.888 0.177466 0.0318997 0.697947
607.011 93.0459 0.0426914 0.025908 0.748245
489.669 481.88 0.216269 0.0886032 0.683828
870.392 224.894 0.0912655 -0.0768012 0.646371
919.205 184.641 0.0924843 -0.1393 0.760851
718.998 255.886 -0.0994272 -0.242847 4.28548
509.366 468.518 0.238096 0.0948004 0.727095
938.427 283.167 0.115411 -0.105556 0.649639
517.91 178.116 0.0819321 0.0749587 0.751039
851.443 230.71 0.109881 -0.0924093 0.726061
555.845 171.001 0.0768722 0.0500196 0.725788
527.885 102.731 0.0467329 0.0552386 0.708424
685.394 380.371 0.174623 -0.00681361 0.69865
769.405 159.254 0.0752569 -0.0526035 0.737599
609.436 170.537 0.0777864 0.0255615 0.73036
944.281 178.283 0.0835137 -0.128454 0.707358
927.057 182.763 0.0894294 -0.135058 0.74139
577.931 271.676 0.116113 0.0377255 0.688943
536.463 102.222 0.0461888 0.059277 0.743217
687.853 380.009 0.193542 -0.00773826 0.73824
631.187 10.4713 0.00311783 0.0134196 0.773599
585.359 201.27 0.0530118 0.414225 1.84228
782.183 464.807 0.213677 -0.0519661 0.681975
514.624 543.635 0.249921 0.080394 0.680244
491.066 115.164 0.0514942 0.0766295 0.726668
558.114 392.339 0.182032 0.0568855 0.706871
771.742 152.634 0.0712373 -0.0516324 0.723759
502.284 179.737 0.0813366 0.0790587 0.738293
588.807 265.567 0.120941 0.0376549 0.718412
492.212 171.979 0.0759812 0.0777888 0.720317
514.515 178.848 0.0814694 0.0742591 0.742421
865.554 416.85 0.224141 -0.112424 0.740937
799.091 249.491 0.126498 -0.0737915 0.761723
685.805 378.908 0.176287 -0.00699884 0.703772
559.744 399.079 0.187341 0.05728 0.709931
880.524 439.559 0.223631 -0.112376 0.71545
562.218 397.72 0.188056 0.0566649 0.712727
602.198 157.367 0.0693762 0.0246577 0.699839
771.503 412.811 0.286512 -0.0762958 0.854403
862.728 416.679 0.231691 -0.115549 0.753851
681.721 31.7929 0.0172183 -0.0115732 0.741496
541.003 281.676 0.132482 0.0656552 0.734606
539.197 109.397 0.0493627 0.0597133 0.749153
560.435 178.061 0.0813603 0.0507674 0.738257
490.819 483.034 0.218992 0.0893737 0.68683
546.14 84.8634 0.0392124 0.0507262 0.728305
834.051 141.975 0.0685662 -0.0882367 0.751588
869.722 369.502 0.19752 -0.115856 0.749672
827.11 69.4218 0.0326283 -0.0881818 0.772431
813.06 216.574 0.104299 -0.075587 0.738171
766 167.876 0.0814614 -0.0547617 0.763933
830.903 237.386 0.119355 -0.0906044 0.757517
800.678 254.929 0.124345 -0.0699268 0.739016
592.808 103.771 0.0472717 0.0341241 0.754565
865.677 424.323 0.224567 -0.110018 0.733369
515.439 7.5296 0.00529779 0.0643836 0.745407
817.377 207.086 0.0977416 -0.0749041 0.726546
953.158 270.73 0.12461 -0.133227 0.698297
881.343 275.225 0.142496 -0.121459 0.758613
722.651 508.186 0.272041 -0.0251997 0.725968
610.343 387.746 0.186455 0.0326984 0.71847
594.795 2.98952 -0.004456 0.0342938 0.795636
590.702 263.798 0.120263 0.0367762 0.719068
695.54 522.2 0.308996 -0.00849394 0.757809
609.665 101.021 0.0463755 0.0247868 0.747075
602.314 520.731 0.318417 0.0576099 0.774782
746.494 501.782 0.338944 -0.0491644 0.809214
615.164 33.0424 0.0167386 0.0196106 0.74531
863.761 497.586 0.298265 -0.123499 0.760041
486.778 485.242 0.216484 0.0892917 0.681525
949.578 280.7 0.130815 -0.134389 0.703152
951.571 127.775 0.0636682 -0.166913 0.787949
897.042 275.678 0.13243 -0.115522 0.720814
800.398 160.153 0.0783367 -0.0748113 0.770212
806.726 510.412 0.284283 -0.07787 0.734602
718.204 501.852 0.295088 -0.0242247 0.759887
819.284 476.524 0.381209 -0.132125 0.883296
624.834 46.2254 0.0182973 0.0186951 0.783354
696.073 515.742 0.319898 -0.00882403 0.77618
593.75 108.222 0.0492979 0.0343406 0.758041
606.626 393.058 0.182276 0.0325147 0.704174
611.892 390.568 0.189759 0.032554 0.721766
849.384 231.683 0.111695 -0.0934141 0.732874
884.527 459.85 0.292277 -0.149757 0.791536
783.383 497.64 0.345016 -0.0809994 0.81836
850.021 128.333 0.0615593 -0.0902279 0.730622
668.932 151.464 0.0713487 -0.00268771 0.759193
680.374 58.1907 0.0240481 -0.0106483 0.788979
614.222 178.115 0.0833357 0.0259482 0.750862
559.364 180.476 0.0822526 0.0508942 0.735737
812.705 214.097 0.103185 -0.0755766 0.739131
796.813 375.562 0.556322 -0.271598 1.37595
800.217 253.219 0.123921 -0.0701078 0.741165
843.888 60.2251 0.0255261 -0.104903 0.800934
803.066 248.21 0.119174 -0.069537 0.731801
913.264 389.528 0.156916 -0.0970037 0.643513
846.694 499.208 0.283529 -0.105122 0.74187
847.021 233.758 0.114094 -0.0942602 0.739692
651.746 530.173 0.300649 0.0195177 0.743488
620.161 41.5703 0.0181682 0.0193633 0.765703
785.612 451.027 0.241364 -0.063848 0.735545
533.232 150.298 0.0697834 0.0739535 0.784147
606.815 391.262 0.178401 0.0313962 0.698301
780.218 150.728 0.0715127 -0.058371 0.740247
512.728 4.71325 0.00468265 0.0645684 0.741692
609.868 169.231 0.0769219 0.0249403 0.727279
845.162 50.3368 0.0208737 -0.104251 0.797094
838.885 88.7277 0.0437635 -0.084564 0.73292
551.709 129.815 0.0592304 0.0626976 0.785493
598.628 527.635 0.3076 0.0560036 0.756248
677.133 103.077 0.0475436 -0.00798299 0.768583
512.812 35.3226 -0.00203741 0.101176 0.870278
838.527 136.191 0.0653829 -0.0873697 0.740169
577.33 257.04 0.106062 0.0347846 0.674
839.573 125.424 0.0598285 -0.0825324 0.720812
618.493 29.1235 0.0146342 0.0182822 0.749275
527.461 303.321 0.125342 0.0574992 0.675547
844.695 180.399 0.0875018 -0.0933552 0.746199
615.193 112.595 0.051545 0.0243455 0.764048
607.794 395.473 0.186343 0.032925 0.70956
846.436 122.84 0.0595343 -0.0989626 0.768359
633.894 222.944 0.0538844 0.00163748 0.494425
721.819 512.052 0.268613 -0.0242502 0.718519
823.703 483.908 0.305685 -0.103179 0.785223
843.685 195.189 0.0960186 -0.0954314 0.753816
922.366 378.136 0.338638 -0.295985 0.994528
688.196 254.088 0.168316 -0.00912595 0.966321
830.498 98.9085 0.0476545 -0.0869269 0.757616
556.527 20.7569 0.00903768 0.049024 0.760473
652.591 216.166 0.0690788 -0.000254677 0.565702
529.542 198.648 0.0946321 0.0755786 0.769897
846.239 458.75 0.445868 -0.203881 0.981687
829.579 101.254 0.0486016 -0.08815 0.764145
928.453 181.205 0.0852935 -0.123538 0.712904
808.824 98.7072 0.0466136 -0.0801639 0.778239
837.545 45.1611 0.0254266 -0.0819757 0.728732
887.529 443.458 0.226935 -0.116902 0.716372
542.545 267.605 0.123507 0.062278 0.728041
682.308 395.445 0.170057 -0.0053592 0.673761
680.824 306.612 0.152239 -0.0055261 0.74488
868.469 367.503 0.20028 -0.118222 0.758219
842.877 469.004 0.349432 -0.143613 0.854768
849.11 192.883 0.0923358 -0.0924354 0.733861
808.87 493.437 0.288712 -0.0843056 0.755578
858.853 491.168 0.298848 -0.122645 0.767375
684.412 270.813 0.16055 -0.00697294 0.859
803.081 165.062 0.0817768 -0.0789309 0.781934
597.834 168.558 0.0818932 0.0964388 1.07702
522.175 623.343 0.283412 0.0769232 0.663848
759.325 604.372 0.287774 -0.0397009 0.670871
511.731 593.727 0.245669 0.0715031 0.643295
514.358 637.484 0.264573 0.0715304 0.638113
805.327 565.026 0.256233 -0.0604243 0.661997
843.127 123.741 0.0589016 -0.0821686 0.713326
629.987 204.605 0.0472562 0.00164292 0.478841
546.509 155.973 0.0748237 0.0936047 0.885776
771.97 55.6191 -0.0611998 -0.131031 1.1811
776.906 161.47 0.0782023 -0.0604753 0.762726
842.428 102.705 0.0495673 -0.0938749 0.759924
851.358 415.795 0.249276 -0.119362 0.784493
703.042 162.647 -0.102708 -0.0407734 1.95413
718.528 244.781 -0.0964653 -0.201989 3.69334
846.852 47.0726 0.0200038 -0.103321 0.790761
784.062 467.44 0.213045 -0.0523245 0.67879
677.062 107.432 0.0495899 -0.00782715 0.772247
938.744 181.301 0.0860497 -0.13044 0.717486
496.868 182.688 0.081676 0.0788414 0.728464
