608.651 393.047 0.188776 0.0332859 0.714492
798.046 256.737 0.127657 -0.0704184 0.745968
858.155 420.853 0.235605 -0.11356 0.753343
779.192 154.509 0.0742858 -0.0595413 0.748591
858.104 360.257 0.210264 -0.123123 0.788209
586.575 272.804 0.12643 0.0399881 0.722553
564.555 395.266 0.194407 0.05876 0.725269
687.233 379.467 0.193429 -0.00758465 0.736134
944.06 176.138 0.082769 -0.128386 0.706093
496.035 176.963 0.079376 0.0783197 0.725286
619.511 269.111 0.164293 0.0467659 0.883851
555.703 398.014 0.181793 0.0563241 0.697722
496.235 176.828 0.0791774 0.0777811 0.723849
678.177 94.4832 0.0442814 -0.00872408 0.755402
667.73 37.147 0.0152089 -0.00431522 0.77937
726.224 279.718 0.289001 -0.516995 5.04809
714.716 271.502 -0.0690033 -0.142404 5.48108
706.109 97.4432 0.030794 -0.030637 0.946111
844.448 225.533 0.104675 -0.0847459 0.710132
606.331 162.18 0.0734247 0.0252922 0.717445
914.409 273.101 0.14743 -0.14941 0.775791
754.778 24.8783 0.0168008 -0.0441031 0.727088
779.091 62.005 0.0256263 -0.0681147 0.805134
605.48 387.454 0.177048 0.031799 0.69723
607.292 91.1215 0.0422737 0.0258074 0.747527
489.851 478.988 0.215851 0.0885026 0.68311
869.91 222.967 0.0908477 -0.0769018 0.645654
918.881 183.18 0.0920666 -0.139401 0.760134
719.075 255.471 -0.0998449 -0.242947 4.28476
509.5 465.869 0.237679 0.0946998 0.726378
937.686 281.26 0.114993 -0.105656 0.648922
518.243 176.014 0.0815144 0.074858 0.750322
851.11 229.011 0.109463 -0.0925099 0.725344
556.129 168.902 0.0764545 0.0499189 0.725071
528.286 100.597 0.0463151 0.0551379 0.707706
685.171 378.083 0.174205 -0.00691426 0.697933
769.347 157.524 0.0748391 -0.0527041 0.736882
609.628 168.533 0.0773686 0.0254608 0.729643
943.843 176.729 0.083096 -0.128555 0.70664
926.697 181.268 0.0890117 -0.135158 0.740673
578.077 269.379 0.115695 0.0376248 0.688226
536.837 100.175 0.0457711 0.0591764 0.7425
687.643 377.87 0.193124 -0.0078389 0.737523
631.531 8.6281 0.00270008 0.013319 0.772882
585.43 200.222 0.052594 0.414125 1.84156
781.578 462.405 0.213259 -0.0520667 0.681258
514.69 540.591 0.249503 0.0802933 0.679527
491.506 113.007 0.0510765 0.0765289 0.72595
558.189 389.861 0.181614 0.0567848 0.706154
771.678 150.878 0.0708195 -0.051733 0.723041
502.648 177.579 0.0809189 0.078958 0.737576
588.936 263.394 0.120523 0.0375543 0.717694
492.608 169.767 0.0755634 0.0776881 0.7196
514.857 176.72 0.0810516 0.0741585 0.741704
864.871 414.921 0.223724 -0.112524 0.74022
798.858 247.788 0.12608 -0.0738921 0.761006
685.586 376.644 0.175869 -0.00709949 0.703055
559.809 396.601 0.186924 0.0571793 0.709213
879.735 437.509 0.223213 -0.112476 0.714733
562.278 395.259 0.187638 0.0565642 0.712009
602.416 155.284 0.0689584 0.024557 0.699122
771.114 411.076 0.286094 -0.0763964 0.853686
862.064 414.79 0.231274 -0.11565 0.753134
681.973 29.9848 0.0168005 -0.0116739 0.740779
541.212 279.456 0.132064 0.0655545 0.733889
539.559 107.364 0.048945 0.0596127 0.748436
560.702 175.995 0.0809425 0.0506667 0.737539
490.997 480.155 0.218574 0.089273 0.686113
546.522 82.8093 0.0387946 0.0506255 0.727588
833.93 140.388 0.0681485 -0.0883373 0.750871
869.126 367.702 0.197102 -0.115957 0.748955
827.145 67.8849 0.0322106 -0.0882825 0.771714
812.835 214.864 0.103881 -0.0756876 0.737454
765.954 166.196 0.0810437 -0.0548624 0.763216
830.629 235.734 0.118937 -0.090705 0.7568
800.414 253.16 0.123927 -0.0700275 0.738299
593.097 101.834 0.0468539 0.0340234 0.753848
864.972 422.352 0.224149 -0.110119 0.732652
515.925 5.47117 0.00488004 0.0642829 0.74469
817.148 205.36 0.0973239 -0.0750048 0.725829
952.501 269.048 0.124193 -0.133328 0.697579
880.909 273.612 0.142078 -0.121559 0.757896
722.177 505.76 0.271623 -0.0253003 0.725251
610.298 385.402 0.186037 0.0325978 0.717752
595.183 1.11303 -0.00487375 0.0341931 0.794919
590.829 261.633 0.119845 0.0366755 0.718351
695.136 519.81 0.308579 -0.00859459 0.757092
609.933 99.0961 0.0459577 0.0246862 0.746357
602.167 518.258 0.317999 0.0575092 0.774064
746.007 499.688 0.338526 -0.0492651 0.808497
615.501 31.1373 0.0163209 0.01951 0.744592
862.948 495.53 0.297847 -0.1236 0.759324
486.966 482.327 0.216066 0.0891911 0.680808
948.918 279.015 0.130397 -0.134489 0.702435
951.354 126.449 0.0632504 -0.167014 0.787232
896.529 273.976 0.132013 -0.115622 0.720097
800.315 158.544 0.077919 -0.0749119 0.769494
806.024 508.143 0.283866 -0.0779706 0.733885
717.768 499.559 0.294671 -0.0243253 0.75917
818.691 474.798 0.380791 -0.132226 0.882579
625.145 44.3915 0.0178796 0.0185944 0.782637
695.684 513.432 0.319481 -0.00892467 0.775462
594.032 106.291 0.0488801 0.03424 0.757324
606.582 390.643 0.181858 0.0324141 0.703457
611.841 388.232 0.189342 0.0324534 0.721049
849.061 229.999 0.111277 -0.0935148 0.732157
883.759 458.02 0.291859 -0.149858 0.790819
782.813 495.64 0.344598 -0.0811001 0.817643
849.874 126.731 0.0611415 -0.0903285 0.729905
669.055 149.632 0.0709309 -0.00278836 0.758476
680.609 56.4521 0.0236303 -0.0107489 0.788262
614.399 176.162 0.0829179 0.0258476 0.750145
559.631 178.4 0.0818349 0.0507935 0.73502
812.486 212.391 0.102767 -0.0756772 0.738413
796.557 374.653 0.555904 -0.271699 1.37523
799.959 251.457 0.123504 -0.0702084 0.740448
843.947 58.7569 0.0251083 -0.105003 0.800216
802.801 246.431 0.118756 -0.0696376 0.731084
912.377 387.333 0.156499 -0.0971043 0.642796
845.909 497.057 0.283111 -0.105223 0.741152
846.706 232.086 0.113676 -0.0943608 0.738975
651.447 527.641 0.300231 0.0194171 0.74277
620.482 39.7034 0.0177505 0.0192626 0.764986
785.064 448.879 0.240946 -0.0639487 0.734828
533.553 148.308 0.0693657 0.0738528 0.78343
606.771 388.828 0.177984 0.0312956 0.697583
780.156 149.026 0.0710949 -0.0584716 0.73953
513.221 2.64553 0.00426489 0.0644678 0.740975
610.06 167.221 0.0765042 0.0248396 0.726562
845.234 48.8634 0.020456 -0.104352 0.796377
838.826 87.1335 0.0433457 -0.0846647 0.732203
552.023 127.864 0.0588127 0.0625969 0.784776
598.481 525.074 0.307182 0.055903 0.75553
677.309 101.297 0.0471259 -0.00808364 0.767866
513.21 33.4138 -0.00245516 0.101075 0.869561
838.396 134.589 0.0649652 -0.0874703 0.739451
577.493 254.712 0.105645 0.0346839 0.673283
839.436 123.785 0.0594107 -0.082633 0.720095
618.83 27.2297 0.0142164 0.0181815 0.748558
527.692 300.845 0.124924 0.0573986 0.67483
844.485 178.79 0.087084 -0.0934559 0.745482
615.44 110.707 0.0511273 0.0242448 0.76333
607.745 393.075 0.185925 0.0328243 0.708842
846.348 121.315 0.0591166 -0.0990632 0.767641
633.84 219.839 0.0534666 0.00153683 0.493708
721.338 509.584 0.268196 -0.0243509 0.717801
823.036 481.907 0.305267 -0.103279 0.784506
843.458 193.586 0.0956009 -0.0955321 0.753099
921.815 376.976 0.338221 -0.296086 0.993811
688.205 252.624 0.167898 -0.0092266 0.965603
830.462 97.3456 0.0472367 -0.0870276 0.756898
556.945 18.7831 0.00861993 0.0489233 0.759756
652.569 213.56 0.068661 -0.000355324 0.564985
529.833 196.594 0.0942144 0.075478 0.769179
845.653 457.304 0.44545 -0.203982 0.980969
829.548 99.7012 0.0481839 -0.0882507 0.763427
928.048 179.639 0.0848757 -0.123639 0.712187
808.838 97.1485 0.0461959 -0.0802645 0.777522
837.557 43.5705 0.0250088 -0.0820763 0.728015
886.716 441.414 0.226517 -0.117003 0.715655
542.764 265.388 0.123089 0.0621774 0.727324
682.06 393.017 0.169639 -0.00545985 0.673044
680.725 304.606 0.151822 -0.00562675 0.744162
867.888 365.732 0.199862 -0.118322 0.757502
842.229 467.263 0.349014 -0.143714 0.854051
848.856 191.24 0.091918 -0.092536 0.733144
808.206 491.292 0.288295 -0.0844062 0.754861
858.071 489.146 0.29843 -0.122746 0.766658
684.386 269.141 0.160132 -0.00707359 0.858282
802.997 163.48 0.0813591 -0.0790316 0.781217
598.016 167.08 0.0814755 0.0963382 1.0763
522.155 619.97 0.282994 0.0768225 0.663131
758.566 601.466 0.287356 -0.0398016 0.670154
511.765 590.33 0.245251 0.0714024 0.642578
514.348 633.908 0.264155 0.0714297 0.637395
804.476 562.277 0.255815 -0.0605249 0.66128
842.977 122.091 0.0584839 -0.0822693 0.712609
629.943 201.431 0.0468385 0.00154227 0.478123
546.779 154.179 0.0744059 0.0935041 0.885058
772.27 54.3414 -0.0616175 -0.131131 1.18039
776.851 159.808 0.0777845 -0.0605759 0.762009
842.372 101.164 0.0491495 -0.0939755 0.759206
850.747 413.988 0.248859 -0.119462 0.783776
703.213 161.721 -0.103126 -0.0408741 1.95341
718.617 244.299 -0.0968831 -0.202089 3.69262
846.921 45.5925 0.019586 -0.103422 0.790043
783.445 465.019 0.212627 -0.0524252 0.678073
677.233 105.657 0.0491722 -0.00792779 0.77153
938.328 179.763 0.0856319 -0.130541 0.716769
497.243 180.494 0.0812583 0.0787407 0.727746
