700.476 481.792 0.299873 -0.0116239 0.911929
624.554 481.41 0.304555 0.0650273 0.925042
583.085 286.697 0.10089 0.0777654 0.900151
773.989 458.175 0.27039 -0.0818589 0.900894
764.293 420.711 0.221008 -0.069856 0.882517
694.349 367.595 0.170181 -0.0112881 0.884908
876.376 217.562 0.0542468 -0.171705 0.917697
504.849 233.008 0.0564025 0.142157 0.917835
816.224 170.087 0.0168361 -0.102452 0.854255
941.985 83.8798 -0.0541048 -0.233051 0.946034
846.173 362.545 0.167891 -0.136754 0.875288
482.082 44.5173 -0.0787757 0.132172 0.901423
556.992 431.81 0.228087 0.112674 0.893495
559.101 215.23 0.0435504 0.0961279 0.91921
598.836 375.568 0.172579 0.0681395 0.882561
634.751 371.838 0.169561 0.0378225 0.879676
556.091 433.276 0.225807 0.11113 0.886847
952.367 75.123 -0.0550248 -0.228077 0.921612
521.049 377.87 0.189285 0.151597 0.927057
832.885 396.097 0.212375 -0.137043 0.906233
726.11 462.467 0.275034 -0.0368902 0.904859
691.174 84.3748 -0.0421859 -0.0179377 0.867248
772.54 456.454 0.276105 -0.0825576 0.912325
565.798 85.6644 -0.0524826 0.0777109 0.912206
511.022 223.603 0.0494472 0.141611 0.931778
583.851 225.51 0.055746 0.102016 1.01577
629.664 277.303 0.10081 0.0450382 0.938661
559.818 214.619 0.0430532 0.0951552 0.91811
743.929 107.768 -0.037111 -0.0610072 0.932824
497.2 140.583 -0.0176931 0.144512 0.935535
519.952 406.547 0.21366 0.152368 0.917431
551.647 201.162 0.0305184 0.127721 1.00204
878.009 212.901 0.0500976 -0.169515 0.909507
650.564 76.7087 -0.0582983 0.0130894 0.917074
809.109 251.704 0.0791233 -0.110264 0.901306
643.605 102.525 -0.04058 0.0199948 0.91967
786.932 462.763 0.288542 -0.0982394 0.918992
808.106 179.57 0.0219004 -0.1096 0.907464
642.169 208.246 0.0403035 0.0282599 0.931016
694.327 363.264 0.163762 -0.0115484 0.878081
871.673 291.997 0.100948 -0.139812 0.837127
786.12 190.909 0.0301115 -0.0924857 0.910992
552.783 438.66 0.221814 0.108504 0.870812
560.232 149.433 -0.0081897 0.0905366 0.924358
602.238 209.755 0.0402587 0.0594801 0.916234
951.909 155.864 0.00536465 -0.240036 0.931679
602.32 211.644 0.0417562 0.0594012 0.915463
646.55 105.558 -0.041932 0.0195863 0.939182
637.643 366.738 0.170187 0.0371249 0.892744
583.609 154.357 -0.00306718 0.0700762 0.915563
585.092 285.561 0.101647 0.0783773 0.909299
546.457 207.166 0.0219806 0.0327898 0.635323
781.828 268.515 0.0922392 -0.0876412 0.901386
681.234 184.435 0.0229523 -0.00743514 0.889797
677.651 105.971 -0.0374688 -0.00674708 0.919957
804.362 121.616 -0.023756 -0.109229 0.922777
842.927 384.008 0.191266 -0.138336 0.885171
781.347 267.168 0.092466 -0.0889372 0.910291
783.927 264.831 0.0881832 -0.088005 0.894402
772.764 89.9928 -0.0395456 -0.0761787 0.880007
639.521 367.627 0.176196 0.0376315 0.906086
957.989 225.084 0.0625961 -0.2408 0.91284
621.828 281.767 0.0986714 0.046299 0.903881
588.82 280.03 0.0971072 0.0748294 0.909548
899.567 280.901 0.0963712 -0.165004 0.850041
788.644 99.605 -0.0837221 -0.136244 1.10807
872.94 215.477 0.0514433 -0.16042 0.896959
688.42 153.774 -0.00382847 -0.0134391 0.943865
640.547 179.753 0.0166312 0.0286891 0.937558
876.651 217.553 0.0542147 -0.171669 0.917027
765.97 117.621 -0.0359391 -0.0856327 0.97274
767.519 401.313 0.247659 -0.0876927 0.971596
811.958 262.374 0.0959204 -0.127877 0.957034
528.171 198.28 -0.0553187 0.47416 1.6164
505.926 320.634 0.125035 0.141193 0.89231
815.61 455.249 0.284095 -0.127891 0.922492
604.061 214.005 0.0440378 0.0612732 0.931026
638.139 206.985 0.0388285 0.0282688 0.903843
769.131 160.538 -0.0979843 -0.192224 1.48711
756.863 196.987 0.0341472 -0.0686981 0.913523
713.23 157.416 -0.142369 -0.0617935 1.59829
705.43 156.504 -0.227878 -0.0423315 1.82072
737.816 156.632 -0.15707 -0.135766 1.63942
734.744 128.381 -0.248199 -0.133113 1.68588
767.578 80.8398 -0.180382 -0.149477 1.31514
818.909 116.915 -0.0420346 -0.144781 1.00849
736.292 169.922 -0.165195 -0.147465 1.76888
949.927 29.5409 -0.0907413 -0.228365 0.932491
787.465 116.404 -0.0810639 -0.149591 1.16943
751.779 176.475 -0.256767 -0.264194 2.07299
772.991 150.53 -0.0925776 -0.179792 1.39778
746.37 197.751 -0.306225 -0.313558 2.44196
590.881 169.771 0.00732901 0.0701225 0.936872
747.769 168.981 -0.0890375 -0.145259 1.51783
891.762 287.796 0.10458 -0.166138 0.865354
706.755 90.584 -0.0473762 -0.0301736 0.916651
787.159 259.815 0.0822697 -0.087871 0.88074
591.268 482.327 0.305852 0.0992487 0.928121
744.484 479.551 0.301352 -0.0550868 0.9138
751.663 152.802 -0.229298 -0.207315 1.80273
814.967 466.761 0.32461 -0.139495 0.959749
709.941 155.138 -0.255819 -0.0602888 1.87759
713.532 165.783 -0.145472 -0.0648522 1.6721
816.795 253.06 0.0817755 -0.119582 0.911767
763.743 174.502 -0.100134 -0.206523 1.60891
728.911 165.316 -0.0500517 -0.0799686 1.32557
789.96 238.017 0.0691399 -0.098288 0.921014
705.122 155.271 -0.222554 -0.041243 1.79828
629.163 167.188 0.00703123 0.0359286 0.925285
724.466 185.323 -0.346734 -0.157153 2.37043
512.912 230.68 0.0551187 0.138263 0.925303
769.632 160.423 -0.0910526 -0.187525 1.46164
768.196 117.978 -0.032571 -0.0848464 0.955471
503.256 217.27 0.0434784 0.138778 0.911143
757.214 195.027 0.0326012 -0.0689634 0.913267
805.061 180.011 0.0215096 -0.111899 0.927274
598.316 211.037 0.0408288 0.0592495 0.899136
603.002 369.214 0.174214 0.0685729 0.90099
743.612 477.648 0.30487 -0.0550409 0.921541
834.271 458.356 0.293543 -0.149534 0.929374
527.46 251.179 0.0714386 0.123356 0.911732
586.208 76.5445 -0.0687908 0.0705171 0.955556
835.473 396.365 0.207794 -0.135999 0.896086
542.356 103.397 -0.0894614 0.16581 1.12103
528.505 253.424 0.0739508 0.125089 0.917971
820.935 247.885 0.070407 -0.106532 0.851685
760.016 150.004 -0.215828 -0.225429 1.75065
737.793 155.962 -0.15988 -0.136119 1.64253
722.687 464.617 0.268332 -0.0330122 0.891861
523.628 149.259 0.000978202 0.0801291 0.800436
695.017 365.221 0.169235 -0.0118892 0.887882
752.69 147.105 -0.223688 -0.200236 1.74863
709.202 145.201 -0.25224 -0.0568348 1.79758
765.957 189.609 0.0286697 -0.0747108 0.903524
823.95 97.1605 -0.0413528 -0.124444 0.921582
577.1 448.432 0.224413 0.0855032 0.857974
593.69 478.083 0.313101 0.10174 0.944709
812.794 181.227 0.022385 -0.120875 0.936053
627.543 160.538 0.000311907 0.0392694 0.942552
627.745 160.029 -0.000422206 0.0395691 0.946114
577.974 469.178 0.275432 0.103174 0.906828
627.655 63.5199 -0.0788273 0.0351532 0.958892
652.827 84.959 -0.0565839 0.0131148 0.935961
932.201 146.577 -0.0212509 -0.303175 1.07627
603.964 212.753 0.0429781 0.0610934 0.93022
649.953 285.964 0.138481 0.049879 1.10685
683.106 189.886 0.0254726 -0.00698179 0.957981
854.284 278.394 0.099421 -0.142658 0.882698
597.58 505.122 0.356257 0.105067 0.955888
515.249 481.861 0.35281 0.214755 0.998445
596.405 507.497 0.348888 0.102459 0.943551
586.701 493.894 0.291283 0.0928549 0.891404
580.457 67.4573 -0.0708851 0.0705098 0.936779
777.72 487.67 0.290296 -0.0824808 0.884631
844.094 469.808 0.264945 -0.137731 0.870038
484.928 500.12 0.302649 0.193654 0.90533
618.084 97.4239 -0.052649 0.0454493 0.95826
734.393 110.99 -0.247094 -0.121371 1.59136
731.98 164.09 -0.309245 -0.168568 2.0741
620.469 300.857 0.102561 0.0391292 0.847919
756.068 200.228 0.0367605 -0.0698574 0.927177
778.196 484.083 0.292189 -0.0843672 0.892188
515.294 377.837 0.18344 0.150362 0.913159
639.155 206.637 0.0386826 0.0282585 0.910702
808.586 495.05 0.381383 -0.140739 0.982674
778.729 488 0.291276 -0.0835623 0.885389
759.626 140.131 -0.00911406 -0.0705445 0.908888
816.811 114.965 -0.0359911 -0.131128 0.96703
497.502 140.695 -0.0172861 0.1433 0.93311
485.991 219.746 0.0462344 0.179856 0.969175
743.243 166.537 -0.125441 -0.149016 1.62139
720.518 147.96 -0.220518 -0.0924477 1.7428
721.433 466.639 0.26563 -0.0315279 0.884888
568.729 210.632 0.0401863 0.0893232 0.924835
830.049 484.557 0.35737 -0.161606 0.96988
578.836 62.3612 -0.072532 0.0697128 0.928933
828.442 395.516 0.22271 -0.140343 0.928863
531.635 57.654 -0.0787035 0.108387 0.936562
932.254 414.477 0.295463 -0.299917 1.00821
741.811 172.376 -0.273205 -0.215096 2.07017
482.895 98.6062 -0.0361713 0.122388 0.86356
534.504 144.91 -0.0245406 0.142118 1.01548
573.226 91.5113 -0.0538105 0.078669 0.93861
747.201 482.665 0.298916 -0.0568297 0.905626
618.429 57.4553 -0.072485 0.0368955 0.918163
819.863 247.653 0.0687489 -0.102701 0.840008
818.086 60.8377 -0.140329 -0.184178 1.1517
735.126 181.179 -0.0985242 -0.129609 1.65993
759.264 414.535 0.225597 -0.0683661 0.902744
615.322 53.2508 -0.0731824 0.0378427 0.909725
745.7 484.846 0.29086 -0.0538734 0.89178
931.533 400.435 0.281104 -0.302745 1.01701
804.127 153.469 -0.000828177 -0.113482 0.939154
808.313 176.41 0.0197 -0.108118 0.900953
551.86 82.2039 -0.0777715 0.114293 1.00524
819.358 473.579 0.307566 -0.133369 0.925274
624.972 513.693 0.338792 0.0667769 0.920191
640.144 157.339 -0.000534374 0.0264984 0.926997
684.573 290.142 0.0934267 -0.0076959 0.832559
740.597 185.299 -0.136099 -0.171509 1.82982
749.8 488.371 0.288971 -0.0567522 0.88396
729.296 162.969 -0.260008 -0.142643 1.95284
726.16 188.95 -0.0972243 -0.107856 1.73393
631.087 275.531 0.0982413 0.0425987 0.932274
557.299 158.298 -0.00444818 0.102621 0.955175
689.035 103.647 -0.0381761 -0.0158771 0.915746
645.524 209.749 0.041856 0.0277131 0.950884
602.461 371.626 0.175733 0.068826 0.899223
511.061 310.637 0.115375 0.133145 0.885933
700.641 479.554 0.302092 -0.011755 0.918348
499.281 145.768 -0.0138914 0.144263 0.937609
663.185 522.585 0.340522 0.027001 0.907035
699.642 481.957 0.3034 -0.0106949 0.916487
679.599 92.5561 -0.0447315 -0.00902777 0.907824
516.803 144.048 -0.0170242 0.135978 0.954726
878.901 216.306 0.0528307 -0.169974 0.908342
758.67 459.374 0.268427 -0.0668722 0.897299
547.038 151.12 -0.00658566 0.0995123 0.918371
572.057 474.827 0.26695 0.101882 0.886031
511.334 382.069 0.180611 0.146751 0.896702
584.049 156.587 -0.00156101 0.0703593 0.91759
823.811 95.5562 -0.0422091 -0.123834 0.919898
801.5 156.77 0.000673268 -0.114182 0.951529
928.597 428.044 0.327606 -0.312045 1.02849
957.398 12.3429 -0.0928326 -0.217085 0.901986
655.557 83.8576 -0.0623302 0.0123667 0.957498
563.198 214.532 0.0433751 0.0967189 0.933111
583.058 532.069 0.299528 0.0874334 0.852794
625.352 154.301 -0.00327185 0.0385434 0.927355
665.083 215.142 0.00343554 0.0827288 1.59124
511.898 381.554 0.180931 0.14708 0.898597
746.002 507.916 0.34071 -0.0570351 0.921194
856.21 373.274 0.156108 -0.126654 0.823188
534.683 205.968 0.0354813 0.121308 0.936761
836.474 460.319 0.286316 -0.146838 0.915615
554.001 169.095 0.00766985 0.0935908 0.91128
644.564 102.625 -0.0407465 0.0193732 0.921056
551.873 451.417 0.250351 0.121674 0.898709
712.061 525.458 0.337226 -0.0211963 0.89592
627.045 96.3416 -0.0464295 0.0333507 0.925116
530.969 18.307 -0.108251 0.107011 0.942486
699.983 296.173 0.19103 -0.0149002 1.29436
541.89 135.125 -0.0169649 0.0981917 0.905546
514.267 496.558 0.339287 0.193869 0.955816
514.129 403.465 0.20164 0.148357 0.898899
617.363 490.824 0.286991 0.0637735 0.887682
606.549 158.495 -0.00120072 0.0558041 0.935649
880.005 211.375 0.0484875 -0.166702 0.898698
553.642 456.408 0.258355 0.12256 0.903236
704.102 552.234 0.392493 -0.011832 0.920333
816.295 537.26 0.389853 -0.134144 0.928674
618.921 491.254 0.291588 0.0637298 0.893158
729.259 463.778 0.268863 -0.0391484 0.893422
805.77 147.048 -0.00516162 -0.11289 0.931342
665.127 525.732 0.317167 0.0213925 0.875844
776.85 500.922 0.35007 -0.0927921 0.939922
791.607 141.686 -0.00860772 -0.0986854 0.921456
779.619 485.712 0.288431 -0.0842371 0.884758
751.262 147.963 -0.00961838 -0.0710571 0.966465
587.126 465.798 0.287632 0.101785 0.929651
600.342 544.941 0.414023 0.109125 0.959487
598.788 506.133 0.351752 0.101508 0.94885
652.962 508.895 0.25781 0.023642 0.822846
602.769 374.245 0.175936 0.0674344 0.893609
647.934 107.953 -0.0432491 0.0200769 0.955898
694.93 223.471 0.0529685 -0.0113011 1.30835
779.981 503.709 0.367878 -0.0997733 0.956012
931.914 403.031 0.280448 -0.2984 1.00946
814.488 212.241 0.0482234 -0.119232 0.92152
694.726 281.243 0.13523 -0.0112863 1.1127
666.871 493.717 0.286263 0.0181907 0.879026
516.747 228.008 0.0538794 0.142885 0.945691
702.359 566.93 0.372807 -0.0102818 0.883496
651.066 59.5518 -0.0753385 0.0133594 0.936633
523.023 5.59694 -0.115259 0.110396 0.937179
566.138 126.784 -0.0245974 0.0829219 0.920836
688.642 148.833 -0.00560872 -0.0140039 0.922955
806.143 118.039 -0.0248248 -0.108136 0.912273
841.43 357.095 0.17063 -0.139516 0.895567
662.098 316.125 0.212549 0.0532577 1.23025
926.921 428.322 0.3297 -0.311769 1.03119
555.419 167.813 0.00663818 0.0927872 0.912775
600.411 96.6901 -0.0502971 0.0576969 0.942819
641.26 158.067 -0.000405956 0.0261947 0.932223
814.531 176.257 0.0201773 -0.109477 0.88679
641.779 550.484 0.500373 0.0791031 1.02855
493.287 513.468 0.385541 0.240324 0.985944
495.71 289.045 0.0968883 0.141101 0.882676
502.394 506.95 0.400648 0.246367 1.01337
593.911 479.398 0.309883 0.0995032 0.938119
515.316 502.227 0.424745 0.251612 1.04801
888.28 99.583 -0.0196138 -0.129564 0.797709
934.353 274.527 0.118793 -0.272399 0.994082
809.109 252.308 0.0793868 -0.109797 0.899415
804.967 122.42 -0.0231021 -0.109683 0.92254
764.269 453.153 0.283877 -0.0773676 0.930185
495.543 31.3561 -0.0599657 0.0873602 0.798657
793.445 233.389 0.063455 -0.0961431 0.897529
699.194 301.11 0.176295 -0.0153468 1.17401
692.976 301.205 0.140266 -0.010424 1.00606
485.145 48.7849 -0.0782794 0.133649 0.909963
913.321 160.538 0.00990815 -0.194329 0.906087
895.485 209.248 0.0451665 -0.159522 0.852595
789.587 472.815 0.274225 -0.0928198 0.882967
680.551 181.944 0.020336 -0.0063038 0.915282
628.101 299.311 0.110333 0.0397187 0.887883
641.454 22.6985 -0.077949 0.0127331 0.858533
568.453 178.432 0.0146785 0.0851703 0.919468
525.99 492.432 0.447675 0.26282 1.09211
743.718 124.003 -0.0335984 -0.0667204 0.987471
837.71 68.7063 -0.0748923 -0.150743 0.97368
852.754 33.2614 -0.0792054 -0.137751 0.896863
927.438 171.629 0.0130348 -0.259399 1.005
680.856 268.295 0.0710332 -0.00709024 0.788213
670.237 272.809 0.170911 0.252364 2.4134
681.8 185.114 0.0227934 -0.00715676 0.916958
773.759 110.586 -0.0341395 -0.0855957 0.931551
729.005 165.201 -0.261655 -0.143714 1.97573
625.97 269.173 0.156006 0.271877 1.75506
495.45 131.958 -0.0183482 0.127557 0.891441
621.459 283.899 0.100932 0.0472257 0.906565
705.965 153.941 -0.226108 -0.0443813 1.79725
860.25 437.057 0.264507 -0.17098 0.919898
775.868 474.494 0.310091 -0.0895979 0.930853
688.031 153.259 -0.00352187 -0.0132031 0.936548
595.5 305.795 0.120752 0.0727779 0.914967
555.684 215.3 0.0432004 0.095158 0.90662
765.525 193.295 0.0314489 -0.0757729 0.912726
815.569 469.429 0.317801 -0.135861 0.946043
732.425 153.906 -0.265952 -0.149263 1.89447
718.831 152.82 -0.280266 -0.0972366 1.91672
824.402 95.0173 -0.0421364 -0.12365 0.91753
568.09 211.565 0.040886 0.0891399 0.921938
644.643 109.253 -0.0387595 0.0211565 0.937004
585.799 160.145 0.000494286 0.0710516 0.925658
694.411 365.092 0.174043 -0.0111486 0.900781
842.137 409.752 0.217671 -0.140226 0.889311
949.824 159.415 0.00786455 -0.2411 0.93622
959.399 268.041 0.0986615 -0.243358 0.908053
870.468 217.024 0.0529844 -0.16139 0.904501
600.149 377.383 0.17731 0.0690863 0.890189
636.799 372.729 0.176482 0.0386127 0.895002
666.526 482.544 0.299654 0.0216445 0.913209
513.967 405.135 0.203684 0.1492 0.89989
558.945 431.726 0.231086 0.112991 0.898928
503.332 217.309 0.0436434 0.140861 0.916333
