700.77 481.08 0.298957 -0.0121395 0.911627
624.995 480.213 0.304143 0.0643222 0.926014
582.499 285.267 0.0997383 0.0768101 0.896887
774.587 457.454 0.269527 -0.0823281 0.900662
764.816 419.648 0.220455 -0.0703909 0.88312
694.899 366.235 0.169741 -0.0119647 0.885999
880.312 215.103 0.0526173 -0.170415 0.908161
504.998 231.279 0.0559076 0.141545 0.918643
817.425 167.958 0.0162473 -0.102909 0.853918
945.899 79.9096 -0.0545142 -0.23205 0.940374
845.847 360.587 0.168671 -0.138138 0.881227
484.5 43.9939 -0.0794209 0.132055 0.90749
557.023 430.887 0.227152 0.111735 0.892832
559.271 213.502 0.0430765 0.0956267 0.920172
599.338 374.198 0.172093 0.0673558 0.883372
635.663 369.672 0.170274 0.0374754 0.885374
555.944 432.364 0.224849 0.110322 0.886142
955.105 72.0693 -0.0554711 -0.227972 0.919629
522.609 375.978 0.189706 0.151237 0.931283
832.571 394.069 0.213386 -0.13835 0.912196
726.601 461.615 0.274279 -0.0374911 0.904931
692.055 81.3341 -0.0427044 -0.0187155 0.865873
776.414 465.46 0.263555 -0.0801183 0.87943
565.561 82.8066 -0.0529767 0.0769561 0.911043
510.099 221.63 0.0485685 0.139983 0.927936
584.711 224.101 0.0554464 0.10132 1.01826
622.443 276.511 0.0924774 0.0425463 0.888944
561.62 213.37 0.0431359 0.0951314 0.92512
745.161 104.574 -0.0376493 -0.0615053 0.929294
502.561 141.457 -0.0177214 0.1457 0.950734
522.468 403.72 0.215289 0.152889 0.9256
551.855 199.493 0.0300223 0.12709 1.00266
874.587 212.871 0.0515269 -0.174064 0.929527
651.322 74.6593 -0.058815 0.0123621 0.918677
810.084 250.163 0.0786232 -0.110979 0.902197
643.821 99.5337 -0.0410475 0.019232 0.917081
787.874 463.308 0.286168 -0.0980843 0.914611
809.488 177.492 0.0212556 -0.110071 0.906317
642.941 206.893 0.0401516 0.0278576 0.935851
695.067 361.586 0.163787 -0.0123561 0.881094
872.624 290.418 0.100629 -0.140799 0.839148
789.909 186.584 0.027928 -0.0914603 0.892076
553.015 437.336 0.22131 0.107874 0.871592
561.108 147.854 -0.00860033 0.0900438 0.927299
603.003 208.277 0.0400396 0.0591853 0.920246
953.563 154.025 0.00486255 -0.240563 0.932168
602.574 209.787 0.0411518 0.0586101 0.915071
646.915 103.04 -0.0424022 0.0188937 0.938194
638.125 364.92 0.170463 0.0368708 0.89672
583.75 152.142 -0.00360624 0.0692244 0.914815
583.354 284.252 0.0995759 0.0769659 0.900491
490.039 211.905 0.0114689 0.0271151 0.539944
783.014 267.038 0.091071 -0.0877513 0.897799
681.097 180.364 0.0212152 -0.00801488 0.8744
678.274 103.909 -0.0379587 -0.007378 0.921008
805.419 119.522 -0.0242598 -0.109807 0.923267
843.904 382.995 0.190592 -0.138876 0.885348
782.264 265.695 0.0917469 -0.0893892 0.909621
784.481 263.341 0.0879764 -0.0888034 0.897132
773.795 87.4093 -0.0400529 -0.0766874 0.879746
640.09 365.85 0.176514 0.0373076 0.910124
959.414 223.556 0.0620945 -0.241424 0.913697
621.744 280.299 0.097611 0.0454447 0.901146
589.528 278.456 0.0967101 0.074022 0.910951
897.544 279.18 0.0975309 -0.167539 0.860665
789.359 98.2848 -0.0842812 -0.137143 1.11116
872.969 214.215 0.0514308 -0.161948 0.902405
689.021 151.95 -0.00431684 -0.0140553 0.945025
641.013 178.043 0.0161816 0.0281404 0.939005
876.81 216.299 0.0541704 -0.173218 0.922173
766.889 115.479 -0.036432 -0.0861627 0.972703
768.112 400.302 0.247133 -0.0883065 0.972255
812.394 261.031 0.0958591 -0.128913 0.96082
529.418 197.775 -0.0557269 0.475592 1.62411
505.08 319.34 0.123991 0.140144 0.89024
816.252 454.311 0.283593 -0.128507 0.923252
604.642 212.404 0.0436619 0.0606958 0.932948
638.301 205.051 0.0381719 0.0276306 0.902788
770.113 158.481 -0.0981031 -0.19184 1.48082
757.245 195.771 0.0340419 -0.069614 0.91895
713.7 155.13 -0.142113 -0.0619415 1.58925
705.888 155.429 -0.228161 -0.0428937 1.82151
738.534 154.261 -0.156654 -0.135355 1.62926
735.42 126.021 -0.247459 -0.132946 1.67803
762.398 106.889 -0.197491 -0.169211 1.46776
819.357 115.914 -0.0425439 -0.146013 1.01344
737.03 167.135 -0.164238 -0.146364 1.75118
948.941 29.9244 -0.0917145 -0.231115 0.941275
788.121 115.249 -0.0816188 -0.150554 1.17294
753.716 169.585 -0.249706 -0.254824 1.99925
773.842 148.865 -0.0928755 -0.180017 1.39596
745.746 201.015 -0.312377 -0.322168 2.5144
594.338 170.728 0.00790191 0.0710033 0.95561
748.309 168.114 -0.0894617 -0.146101 1.52132
892.972 286.377 0.104038 -0.166748 0.865996
707.438 88.2946 -0.0478716 -0.0307702 0.917142
788.302 258.224 0.0815124 -0.0884166 0.879891
591.543 481.167 0.305353 0.0986319 0.92887
744.87 478.582 0.300818 -0.0556032 0.914482
752.391 151.01 -0.228917 -0.207073 1.79689
815.736 466.148 0.323701 -0.139977 0.959473
710.36 153.398 -0.25528 -0.0605915 1.87137
713.89 161.375 -0.144047 -0.0640511 1.64151
818.115 251.483 0.0808391 -0.119696 0.909445
757.928 192.318 -0.108931 -0.237269 1.83293
729.454 164.783 -0.0505292 -0.0809897 1.3328
790.319 236.671 0.0691459 -0.099364 0.925898
705.57 154.023 -0.222685 -0.0417636 1.79749
629.587 165.288 0.00652724 0.0352972 0.925984
724.86 184.669 -0.347018 -0.157767 2.37346
513.84 229.072 0.0547895 0.137463 0.927191
770.201 159.51 -0.091564 -0.188497 1.46529
769.798 114.265 -0.033183 -0.0849075 0.949043
503.967 215.613 0.0431319 0.138205 0.913122
758.511 192.706 0.0316897 -0.0693245 0.909057
806.421 177.876 0.0208204 -0.112203 0.925369
598.684 209.265 0.0403445 0.0586178 0.900003
603.259 367.643 0.174067 0.068332 0.903239
744.057 477.111 0.303794 -0.0554685 0.920819
834.714 457.421 0.293136 -0.149981 0.930339
527.642 249.51 0.0709383 0.122711 0.912439
586.329 73.9799 -0.0692442 0.069791 0.955119
836.521 395.485 0.206975 -0.136501 0.8958
543.528 102.545 -0.0901149 0.165862 1.12628
529.684 251.854 0.0738965 0.124938 0.922171
822.18 246.207 0.0696626 -0.106906 0.85076
761.043 147.301 -0.214732 -0.224052 1.73708
737.353 160.679 -0.164004 -0.140636 1.6981
723.146 463.445 0.267945 -0.033646 0.89296
520.453 145.417 2.88375e-05 0.0789014 0.793295
695.673 363.784 0.168916 -0.012648 0.889466
753.612 144.414 -0.2225 -0.199082 1.73538
709.579 142.365 -0.250762 -0.0568492 1.78287
766.63 188.017 0.0282918 -0.0754467 0.905823
824.357 95.9608 -0.0418562 -0.125482 0.925944
577.186 447.323 0.223697 0.0848245 0.858114
593.458 477.895 0.31135 0.100698 0.942196
813.6 179.546 0.0219225 -0.121375 0.936947
627.139 157.964 -0.000364888 0.0386885 0.938982
627.602 157.639 -0.00104622 0.0389407 0.943655
578.659 467.084 0.275991 0.103082 0.910543
627.671 60.1784 -0.0792148 0.0344179 0.956311
653.357 82.738 -0.057065 0.0124841 0.936633
933.009 145.322 -0.0216867 -0.3044 1.07924
603.963 210.803 0.042235 0.0601645 0.9281
649.607 284.718 0.136267 0.0487166 1.09737
683.702 188.253 0.0250313 -0.00761826 0.959287
854.448 276.896 0.0994741 -0.143792 0.886886
597.358 505.016 0.354344 0.104044 0.95341
515.052 480.975 0.351779 0.214014 0.997945
595.884 507.658 0.346624 0.101508 0.940307
585.223 495.734 0.287094 0.0911449 0.883092
580.191 64.2478 -0.0712801 0.0696431 0.934592
482.322 41.6331 -0.079975 0.131993 0.903845
778.134 485.904 0.290737 -0.0834296 0.887763
844.663 468.49 0.264872 -0.138621 0.871969
483.175 500.406 0.300136 0.192174 0.901279
619.176 96.6714 -0.0532407 0.0451736 0.964513
735.209 106.612 -0.245133 -0.120287 1.57283
732.373 164.029 -0.310745 -0.169977 2.08567
624.004 298.002 0.10535 0.0392086 0.867722
756.823 198.627 0.0363421 -0.0705744 0.928778
779.034 483.811 0.290847 -0.0848418 0.890808
519.167 374.781 0.185884 0.151342 0.925034
639.295 204.655 0.0379746 0.0275725 0.90906
809.666 495.374 0.378983 -0.140748 0.979293
779.265 486.711 0.29119 -0.0843629 0.887145
763.26 130.31 -0.0111649 -0.0682387 0.873917
818.991 111.142 -0.0365702 -0.130597 0.960055
495.783 137.43 -0.0178559 0.141195 0.92691
480.865 216.824 0.0442786 0.175809 0.953411
744.023 164.264 -0.125239 -0.148521 1.6112
721.032 146.324 -0.220379 -0.0927384 1.73913
721.969 465.843 0.26477 -0.03217 0.884705
568.548 208.692 0.0395019 0.0884477 0.923402
831.49 484.678 0.355221 -0.161876 0.966982
578.69 59.3542 -0.0729041 0.0689037 0.927419
829.321 394.556 0.222064 -0.140933 0.92916
533.845 57.5428 -0.0794877 0.108525 0.944358
932.836 413.838 0.295014 -0.299934 1.00874
742.758 168.594 -0.269656 -0.21177 2.03569
482.212 95.6999 -0.0366163 0.121267 0.861937
535.186 143.523 -0.0249838 0.141992 1.01873
573.504 89.3017 -0.054292 0.0780269 0.939252
748.097 484.06 0.295344 -0.0569625 0.898742
620.181 58.0013 -0.0731862 0.0365866 0.927527
820.761 246.003 0.0682937 -0.10338 0.841184
817.799 61.8161 -0.141835 -0.186694 1.16403
735.78 179.131 -0.0985492 -0.12926 1.64995
759.836 413.438 0.225072 -0.0689735 0.903467
615.919 51.1479 -0.0737018 0.0372332 0.9114
746.414 484.78 0.289132 -0.0543728 0.889531
934.178 400.305 0.278955 -0.302224 1.01293
804.662 152.48 -0.00113696 -0.114999 0.945186
809.642 174.38 0.0190999 -0.108681 0.900381
550.537 78.2146 -0.0779895 0.112835 0.999007
820.189 473 0.306621 -0.133847 0.92491
624.982 513.395 0.337255 0.0659525 0.918593
640.612 155.424 -0.00102826 0.025868 0.927755
685.146 288.487 0.0929996 -0.00835036 0.833876
750.293 486.727 0.289219 -0.0575984 0.886612
729.78 162.014 -0.260322 -0.143226 1.95422
726.71 186.821 -0.0971586 -0.10747 1.72099
630.552 273.729 0.0970385 0.0423592 0.930421
550.411 151.344 -0.00603128 0.0985985 0.925906
690.228 101.924 -0.0386608 -0.0169176 0.918226
644.547 206.681 0.0400157 0.0264248 0.935573
603.511 369.443 0.176479 0.0687347 0.90513
511.402 309.025 0.115072 0.132779 0.887678
700.795 479.948 0.299812 -0.0121536 0.914503
499.518 143.857 -0.0143584 0.143667 0.938663
663.5 521.703 0.339814 0.0263502 0.907309
700.057 481.054 0.302723 -0.0113271 0.91679
680.473 89.6946 -0.0453127 -0.00990381 0.906809
516.895 142.056 -0.017514 0.135315 0.955238
878.701 215.135 0.0529186 -0.171807 0.914887
759.31 459.464 0.266527 -0.0670389 0.894214
548.826 149.978 -0.00687798 0.0990836 0.923695
572.205 473.735 0.266307 0.101216 0.886381
511.269 380.778 0.179927 0.146027 0.896778
584.854 155.06 -0.00194478 0.0699314 0.920827
825.152 92.9412 -0.0426939 -0.124126 0.918903
802.744 154.724 0.000123516 -0.114717 0.950914
929.694 427.455 0.326795 -0.312353 1.02839
956.139 12.819 -0.0937067 -0.219422 0.910222
656.111 81.7472 -0.062812 0.0117451 0.958421
563.551 212.8 0.042873 0.0959176 0.933544
584.363 529.299 0.30094 0.087114 0.857635
625.637 152.329 -0.00377779 0.0379946 0.927885
664.569 212.644 0.00233034 0.0810919 1.57068
511.972 380.201 0.18034 0.146401 0.899034
746.518 507.708 0.339207 -0.057464 0.919705
857.029 371.934 0.155676 -0.127331 0.824359
534.906 204.231 0.0350079 0.12069 0.937589
837.583 460.03 0.285016 -0.147103 0.914191
555.649 168.349 0.00764874 0.0939343 0.918903
645.443 102.394 -0.0412517 0.0192481 0.929426
551.891 450.391 0.249553 0.120924 0.898599
712.427 527.37 0.332885 -0.0216184 0.888612
627.533 94.2156 -0.0469338 0.0327313 0.926143
532.396 17.3437 -0.108996 0.106742 0.947242
700.355 295.191 0.189878 -0.0154286 1.29136
542.39 133.192 -0.0174717 0.097647 0.907289
515.478 494.471 0.340089 0.193756 0.95952
515.448 401.551 0.2025 0.148538 0.903618
617.677 490.755 0.285323 0.0624753 0.885318
609.535 158.537 -0.00116908 0.0552486 0.948103
880.841 209.764 0.0479883 -0.166864 0.899078
555.42 453.8 0.259656 0.122372 0.90901
704.1 553.66 0.388618 -0.012101 0.914748
819.757 543.663 0.378997 -0.131578 0.909502
617.141 494.526 0.285751 0.0621716 0.880692
729.763 462.69 0.268512 -0.039812 0.894455
805.348 147.087 -0.00530019 -0.114987 0.943083
665.411 525.057 0.3162 0.0207177 0.875556
778.078 503.876 0.344088 -0.0917289 0.928482
792.539 139.743 -0.00910141 -0.099275 0.922179
780.271 484.818 0.287816 -0.0848942 0.885249
587.284 465.119 0.286477 0.100741 0.928605
599.812 545.633 0.410962 0.107903 0.955213
597.759 507.478 0.347672 0.0999706 0.941677
652.361 524.438 0.239218 0.0191235 0.781662
603.989 372.272 0.176327 0.0668501 0.898004
648.399 105.808 -0.043734 0.0194505 0.956304
695.207 221.459 0.0517653 -0.0119313 1.29472
781.441 505.49 0.36348 -0.0996368 0.948192
932.917 402.159 0.279969 -0.299163 1.01038
694.901 279.922 0.132301 -0.0118094 1.09865
666.813 493.815 0.28434 0.0176237 0.876277
518.037 226.659 0.053873 0.143043 0.950706
702.666 566.402 0.37173 -0.0108622 0.883148
651.693 57.6559 -0.0758957 0.0127907 0.938803
523.453 3.99893 -0.115984 0.110446 0.940516
689.368 147.647 -0.0059448 -0.0146639 0.927834
842.358 355.966 0.170088 -0.140124 0.89613
928.69 428.155 0.327951 -0.311337 1.02868
599.681 93.054 -0.0507227 0.0568126 0.937879
813.106 176.263 0.0206069 -0.111386 0.900042
642.057 548.737 0.501421 0.0790701 1.03177
492.337 513.641 0.383184 0.238527 0.982366
499.203 508.867 0.39463 0.243113 1.00272
514.548 502.258 0.422241 0.249838 1.04432
889.848 96.9238 -0.0202305 -0.130176 0.798293
933.485 273.855 0.120013 -0.275099 1.00191
809.989 250.765 0.0788816 -0.11043 0.900295
806.605 119.156 -0.023693 -0.109458 0.917738
792.651 232.582 0.0646092 -0.0982475 0.911543
487.402 48.3911 -0.0790774 0.133983 0.916949
896.52 207.604 0.0447388 -0.160097 0.853691
789.226 469.466 0.27855 -0.0948649 0.89413
681.381 180.864 0.0202863 -0.00700715 0.919882
628.446 297.714 0.110039 0.0393186 0.889949
566.792 175.245 0.013612 0.0834714 0.910799
526.464 491.392 0.44774 0.262274 1.09324
744.902 122.04 -0.0339187 -0.0675864 0.987096
838.455 67.4556 -0.0755557 -0.152049 0.977873
857.377 25.3222 -0.0789852 -0.135965 0.883121
929.199 169.848 0.0124997 -0.259634 1.00444
681.566 266.593 0.0700491 -0.00790943 0.785809
670.325 272.161 0.170402 0.251296 2.4073
682.326 182.782 0.022015 -0.0078771 0.913573
774.626 108.674 -0.0346295 -0.0862835 0.932974
663.634 519.179 0.342925 0.0269744 0.914276
502.869 3.33574 -0.0272012 -0.000405653 0.36876
824.813 476.076 0.374716 -0.167983 1.00613
589.955 77.9392 -0.0524406 0.0552299 0.895148
608.748 214.023 0.0136675 0.206577 1.48808
679.337 265.446 0.0656722 -0.00724453 0.763773
684.883 287.121 0.0842843 -0.0090999 0.795641
668.088 487.987 0.294986 0.0185622 0.898561
848.155 410.69 0.222336 -0.147734 0.895738
591.664 487.734 0.298373 0.0928841 0.909271
845.691 409.577 0.223426 -0.147034 0.900082
703.693 288.269 0.20244 -0.0206369 1.46426
588.766 512.672 0.5833 0.215669 1.17849
544.466 516.409 0.453425 0.216093 1.04932
789.316 240.554 0.0720547 -0.0976354 0.921637
938.916 457.912 0.348541 -0.306164 0.995641
815.051 209.265 0.0468531 -0.121992 0.931685
629.037 527.185 0.333335 0.0577764 0.895149
493.946 514.687 0.384898 0.237024 0.982497
688.378 430.148 0.22551 -0.00404278 0.880405
785.247 459.863 0.286797 -0.0969046 0.921309
956.86 21.5462 -0.0861612 -0.217596 0.904464
832.155 352.826 0.187556 -0.149459 0.951703
680.151 270.269 0.0716669 -0.0070657 0.78289
759.504 458.824 0.269962 -0.0680957 0.900334
637.823 204.037 0.03733 0.0274798 0.898907
750.729 269.338 0.178401 -0.264031 2.07077
653.196 76.8018 -0.0601151 0.0119155 0.931047
688.424 270.334 0.127301 0.183965 2.82118
905.199 285.501 0.0965354 -0.16097 0.832359
764.388 418.675 0.22389 -0.0712604 0.891221
690.819 431.411 0.221544 -0.00641304 0.871019
820.617 457.348 0.328175 -0.152355 0.980827
719.111 472.467 0.281026 -0.029874 0.898467
535.492 21.0418 -0.0845997 0.0850806 0.877915
687.483 129.454 -0.0128838 -0.0142338 0.871129
690.242 132.951 -0.0124201 -0.0160373 0.888552
729.547 163.385 -0.26086 -0.143537 1.96703
626.925 268.632 0.156809 0.272871 1.76611
495.452 129.608 -0.0188251 0.126479 0.890926
621.355 282.475 0.0998582 0.0463595 0.903685
706.563 154.365 -0.228051 -0.0453831 1.81333
860.656 435.831 0.264434 -0.171743 0.921911
776.637 474.175 0.308714 -0.0900296 0.92941
688.717 151.635 -0.00395367 -0.0138711 0.938872
596.004 304.231 0.120599 0.0724372 0.917614
556.778 213.802 0.0430318 0.0949093 0.910856
766.378 191.483 0.0309049 -0.0763388 0.912937
816.242 468.547 0.317261 -0.136522 0.946723
732.81 154.35 -0.268216 -0.151153 1.91129
719.313 153.193 -0.28254 -0.0986335 1.93283
825.661 92.5736 -0.0426534 -0.124104 0.917367
568.627 209.972 0.0405551 0.0888439 0.924639
645.131 107.289 -0.0392433 0.0205933 0.938263
585.413 157.753 -0.000125445 0.0703167 0.923579
694.945 364.128 0.173015 -0.0118427 0.899435
842.515 408.351 0.217664 -0.141045 0.891726
951.903 157.363 0.00727287 -0.241281 0.935449
872.46 215.129 0.0521362 -0.161529 0.90229
599.294 377.156 0.17525 0.06798 0.884728
637.004 371.787 0.175397 0.0377831 0.893458
666.993 481.46 0.299139 0.0209168 0.913935
514.296 403.655 0.203333 0.148696 0.901199
559.415 430.207 0.230875 0.112486 0.900625
503.467 215.539 0.0431502 0.140141 0.916866
