609.056 387.175 0.184694 0.033779 0.714178
800.52 250.23 0.123982 -0.0699895 0.746828
854.382 410.862 0.238926 -0.115758 0.77167
780.699 148.091 0.0715395 -0.0592665 0.754378
871.77 361.442 0.193744 -0.116424 0.751599
587.437 265.777 0.123207 0.0407262 0.725005
562.314 391.057 0.188065 0.0588751 0.718579
687.298 377.043 0.184639 -0.00656366 0.722195
947.705 169.344 0.0794384 -0.128298 0.708682
495.569 168.386 0.0754876 0.0786228 0.724735
620.021 262.815 0.160535 0.0472155 0.884195
556.139 391.615 0.17811 0.0568494 0.698582
500.715 170.49 0.0774905 0.079487 0.735062
679.93 86.6531 0.0410014 -0.00813126 0.758753
669.785 24.6138 0.0110217 -0.00406109 0.774335
726.464 278.259 0.286643 -0.517248 5.04876
714.882 269.932 -0.0719911 -0.142141 5.48197
707.7 90.2763 0.0274079 -0.0302443 0.949373
840.096 220.89 0.106959 -0.0879156 0.737071
608.617 154.135 0.0699662 0.0254321 0.719466
916.548 267.282 0.144265 -0.149274 0.7785
784.403 46.1618 0.0202573 -0.0660434 0.789582
605.036 382.697 0.171504 0.032085 0.692661
610.944 86.988 0.0404031 0.0268138 0.761946
873.421 216.061 0.0873942 -0.0765045 0.647432
928.264 173.966 0.0857649 -0.135831 0.747198
719.36 253.166 -0.102332 -0.241858 4.2674
505.024 464.027 0.229608 0.0939333 0.71672
953.367 276.621 0.106568 -0.101989 0.632078
519.7 168.405 0.0784253 0.0755995 0.754191
860.083 221.002 0.101708 -0.0894044 0.708253
553.677 158.321 0.0708098 0.0494554 0.714889
525.148 87.4362 0.0412191 0.0547533 0.698741
686.339 371.686 0.170942 -0.00635107 0.700013
769.8 153.023 0.0736521 -0.0531473 0.751282
610.549 159.937 0.0733099 0.02579 0.728362
945.238 170.779 0.0806141 -0.129334 0.713443
488.738 84.772 0.0391959 0.0800113 0.736693
933.888 173.064 0.084069 -0.133514 0.735288
576.132 262.283 0.108582 0.0369613 0.675753
538.266 91.7834 0.0424415 0.0597809 0.745694
688.294 372.333 0.188891 -0.00708573 0.736697
585.271 195.766 0.0492765 0.415045 1.84479
784.793 461.494 0.205699 -0.0506657 0.672561
503.296 552.431 0.233846 0.0775491 0.654365
498.879 108.446 0.0495344 0.0781049 0.741076
554.525 386.957 0.173751 0.0563871 0.694854
773.25 144.019 0.0678142 -0.0511397 0.72705
503.646 169.561 0.0775421 0.0794878 0.73994
582.153 256.453 0.109527 0.0364867 0.688879
495.752 162.357 0.0728797 0.0784588 0.725745
866.856 410.24 0.219426 -0.111527 0.739386
805.522 240.184 0.11647 -0.0703938 0.737229
687.283 371.889 0.170111 -0.0068153 0.69799
559.568 390.89 0.182497 0.0575233 0.707907
881.246 432.057 0.219828 -0.112046 0.716323
562.982 388.475 0.184569 0.0573507 0.71456
605.746 147.919 0.0661429 0.0247846 0.704909
779.509 429.898 0.246161 -0.0645998 0.76429
861.754 407.87 0.229982 -0.116107 0.760125
684.989 20.8811 0.0133022 -0.0115445 0.743337
540.526 272.41 0.127689 0.0658729 0.732021
539.32 97.7337 0.0450712 0.0600343 0.747627
560.597 167.635 0.0770495 0.05123 0.737038
487.822 476.9 0.212441 0.0891652 0.680983
547.667 73.8773 0.0353387 0.0511961 0.729812
836.616 133.137 0.0647838 -0.0880338 0.753657
872.467 363.196 0.191969 -0.114604 0.745487
830.626 58.9407 0.0285155 -0.0875498 0.771844
815.487 207.874 0.100002 -0.0748882 0.737258
769.124 157.395 0.076333 -0.0538932 0.758408
833.656 229.084 0.11479 -0.0898056 0.755481
801.43 246.882 0.122232 -0.0704797 0.747119
594.211 93.503 0.04346 0.0347214 0.756376
867.854 418.346 0.219031 -0.108905 0.729769
522.188 3.62585 0.00259521 0.0662512 0.761566
823.479 196.311 0.0902595 -0.0722417 0.710426
937.305 262.68 0.12992 -0.140298 0.734205
891.716 267.715 0.132572 -0.117115 0.736818
723.584 503.526 0.264666 -0.0246953 0.719199
610.983 378.816 0.182907 0.0333567 0.720155
592.431 254.547 0.117397 0.0376035 0.724012
609.602 86.84 0.0410885 0.0248293 0.738399
600.205 517.25 0.309216 0.057393 0.76454
746.861 497.469 0.330994 -0.0480502 0.801542
617.633 22.4243 0.012925 0.0199776 0.748264
864.565 490.78 0.293708 -0.123133 0.759298
486.637 476.286 0.21212 0.089692 0.681053
953.837 272.909 0.126157 -0.133712 0.701502
957.904 117.706 0.0588841 -0.165514 0.783686
899.262 267.826 0.128591 -0.115273 0.721904
806.083 149.323 0.0731019 -0.0749158 0.765195
807.201 503.445 0.279554 -0.0772627 0.733463
718.476 487.87 0.298155 -0.0246432 0.774917
826.019 482.369 0.358104 -0.125388 0.844886
625.162 32.1624 0.0137567 0.0191903 0.777608
696.027 513.252 0.309951 -0.00827506 0.764484
597.101 100.688 0.046599 0.0351486 0.767704
606.172 385.49 0.17697 0.0329578 0.700719
611.172 384.349 0.182675 0.032425 0.713252
849.938 223.949 0.109241 -0.0940001 0.739935
887.104 455.301 0.285224 -0.147981 0.785071
785.45 496.711 0.332806 -0.0787287 0.802238
853.115 119.396 0.0578209 -0.0902916 0.733091
671.065 141.353 0.0670926 -0.00253197 0.757579
683.05 46.4259 0.019791 -0.0105452 0.787631
614.583 167.493 0.0785304 0.0263005 0.747021
560.775 170.432 0.0783479 0.0512441 0.736829
796.002 370.463 0.557604 -0.273677 1.38785
802.698 244.854 0.119586 -0.0696612 0.740298
848.891 47.5891 0.0208689 -0.103476 0.795218
806.216 239.682 0.113959 -0.0685328 0.727073
920.797 385.421 0.149653 -0.0949714 0.634182
850.606 498.053 0.27314 -0.102456 0.728704
844.541 228.673 0.11503 -0.0962929 0.756939
650.576 526.65 0.291733 0.019891 0.734119
620.725 27.4847 0.0136481 0.0197868 0.760765
788.374 445.661 0.234458 -0.0633648 0.729193
539.004 143.42 0.0680345 0.0754148 0.798743
606.962 383.548 0.173058 0.031562 0.694845
782.729 141.38 0.0675347 -0.0579301 0.740797
610.817 158.592 0.0724318 0.0252393 0.725122
847.967 41.4863 0.0171627 -0.104235 0.800487
838.848 83.3748 0.0413908 -0.0857247 0.74562
558.103 124.45 0.0578756 0.0645013 0.804777
594.951 527.267 0.295765 0.0555357 0.740564
678.633 90.397 0.042624 -0.00739708 0.762234
523.626 36.4155 -0.00442887 0.105042 0.903
837.008 131.236 0.0639609 -0.088969 0.756612
580.097 247.47 0.103995 0.0358663 0.682173
841.463 117.573 0.0567179 -0.0830038 0.727004
621.288 20.2774 0.0111649 0.0188291 0.755524
530.387 293.21 0.122417 0.0580662 0.679955
847.783 171.575 0.083408 -0.0929708 0.746229
616.005 101.933 0.0474651 0.0249961 0.763689
608.692 386.395 0.182872 0.0334858 0.711446
640.819 210.522 0.0527605 0.0018558 0.508317
722.283 507.685 0.261225 -0.0234651 0.711573
826.057 480.381 0.296828 -0.101333 0.775561
845.998 186.872 0.0922821 -0.0952343 0.755588
931.632 376.192 0.32262 -0.286155 0.964956
689.646 247.121 0.166275 -0.009155 0.975658
837.003 85.5745 0.0422969 -0.0855094 0.748117
654.935 205.933 0.0651214 0.000255863 0.566354
931.044 172.982 0.0816229 -0.123389 0.714965
881.216 430.932 0.229085 -0.11832 0.731822
543.544 258.082 0.119987 0.0631028 0.730564
684.269 382.972 0.170353 -0.00527842 0.686707
682.09 298.12 0.148476 -0.0051575 0.746101
870.109 360.474 0.196031 -0.117734 0.757823
846.344 466.857 0.337828 -0.14046 0.839749
810.082 487.872 0.282605 -0.0833943 0.751432
860.74 486.294 0.292188 -0.121326 0.762117
685.248 262.917 0.155891 -0.006485 0.856681
594.41 156.189 0.0747042 0.0949153 1.05273
523.959 610.833 0.281387 0.0778021 0.667634
763.748 620.179 0.265055 -0.0370089 0.639208
513.052 582.754 0.242732 0.0721646 0.645488
514.627 627.176 0.260592 0.0720702 0.638637
807.044 566.292 0.245653 -0.0578022 0.649291
844.927 115.765 0.0557317 -0.0824553 0.718983
643.469 191.81 0.0506424 0.0013717 0.513763
537.462 139.276 0.0661035 0.0907114 0.852969
774.472 46.2169 -0.0651525 -0.130455 1.17981
780.754 149.937 0.0723546 -0.0590416 0.752751
845.843 92.9383 0.0454957 -0.0933448 0.759828
852.352 409.179 0.244787 -0.11867 0.78353
703.799 156.74 -0.106509 -0.040377 1.95223
718.938 241.862 -0.100069 -0.201559 3.69056
849.617 38.4087 0.0163375 -0.103431 0.794724
784.764 460.134 0.208518 -0.0516091 0.677828
678.513 95.1317 0.0447465 -0.00722812 0.766555
942.359 172.826 0.0821422 -0.130419 0.718742
498.956 172.926 0.0783401 0.0796662 0.732374
