700.412 478.447 0.296154 -0.0121093 0.910335
624.387 477.133 0.301532 0.0644232 0.925237
583.389 281.41 0.0982139 0.0773428 0.901361
774.47 455.388 0.266397 -0.0819509 0.898354
764.775 417.245 0.217743 -0.0700974 0.881673
694.775 363.543 0.166874 -0.0117557 0.883548
881.418 212.338 0.0504262 -0.170162 0.908202
505.405 227.15 0.0538576 0.141872 0.920284
818.741 164.527 0.0140379 -0.102729 0.853828
947.126 77.3426 -0.0566656 -0.232324 0.942923
844.866 357.204 0.167896 -0.138946 0.887221
485.152 38.7994 -0.0815822 0.132127 0.908479
556.752 427.04 0.225152 0.112083 0.893823
559.181 209.308 0.0407333 0.0953586 0.918502
481.086 33.6532 -0.0820471 0.130591 0.898151
599.382 370.4 0.1703 0.0677213 0.885306
635.256 366.887 0.167202 0.0373516 0.882113
553.072 431.13 0.219817 0.109453 0.877292
956.379 69.5666 -0.0576227 -0.228386 0.922402
521.653 372.726 0.186743 0.150713 0.928536
832.577 391.431 0.211357 -0.138437 0.913071
726.239 458.873 0.271778 -0.0373203 0.904356
694.6 79.3843 -0.044903 -0.0195706 0.874498
775.928 462.271 0.261755 -0.0800918 0.880816
566.621 78.5848 -0.0552114 0.0772604 0.913666
510.562 217.554 0.0465399 0.140303 0.929659
584.084 220.059 0.0528352 0.10105 1.01434
621.873 272.949 0.0897026 0.0426587 0.885586
559.954 208.689 0.040253 0.0945828 0.918203
745.947 101.92 -0.0398314 -0.0616058 0.934838
497.803 133.864 -0.020285 0.143419 0.936002
523.123 399.569 0.213768 0.153152 0.928146
551.863 195.444 0.0278063 0.127147 1.00247
876.491 209.811 0.0489468 -0.172737 0.925194
652.652 71.0401 -0.061063 0.0124418 0.92216
810.237 247.374 0.0769689 -0.111306 0.906205
644.528 95.0667 -0.0432244 0.0193981 0.917131
787.502 461.363 0.283055 -0.0974152 0.912301
810.611 174.112 0.0190081 -0.109702 0.905641
643.729 203.249 0.0380397 0.0277211 0.936531
695.154 359.217 0.160367 -0.012324 0.876296
878.791 288.603 0.0951693 -0.137693 0.821526
790.909 184.138 0.0262958 -0.0929854 0.90053
535.414 452.783 0.200532 0.100119 0.811788
560.985 143.174 -0.0108391 0.0900733 0.926084
602.128 203.662 0.0371646 0.058643 0.91268
955.512 151.216 0.00267825 -0.240367 0.932056
604.178 206.481 0.0395834 0.0590378 0.921979
647.703 99.1902 -0.044583 0.0192087 0.940401
637.345 362.834 0.166291 0.036425 0.888869
584.331 147.988 -0.00576601 0.0694218 0.916047
583.474 280.504 0.0974912 0.0772325 0.901504
499.145 205.62 0.0102122 0.0274502 0.549687
783.549 264.067 0.0890698 -0.0878031 0.899278
681.973 176.978 0.0192651 -0.00793236 0.877829
679.365 100.396 -0.0401191 -0.00728753 0.924076
807.039 115.438 -0.0264602 -0.109321 0.921317
843.693 380.22 0.18881 -0.138991 0.887094
782.697 262.74 0.0899627 -0.0896493 0.912604
784.6 260.422 0.0866391 -0.0893464 0.902947
775.271 83.3418 -0.0422283 -0.0765474 0.879873
640.158 362.235 0.174861 0.03763 0.912587
959.809 221.354 0.0602199 -0.241976 0.916395
621.183 276.929 0.0941389 0.0447383 0.893124
589.278 274.783 0.0943163 0.0741127 0.909956
892.139 276.115 0.0989327 -0.171915 0.882355
790.267 95.9097 -0.0866113 -0.137675 1.11651
874.835 211.161 0.048909 -0.160998 0.899068
689.721 147.679 -0.00658897 -0.0139072 0.942703
629.23 159.788 0.00801895 0.0255273 0.844478
879.217 213.105 0.0513495 -0.171464 0.915809
760.735 131.706 -0.0377566 -0.0936385 1.06779
772.923 416.006 0.218048 -0.0775166 0.883802
812.091 258.428 0.0946791 -0.129725 0.967843
532.919 196.591 -0.0580926 0.48351 1.65082
506.992 314.907 0.122895 0.14106 0.896237
816.246 452.216 0.280639 -0.128151 0.921538
605.179 208.675 0.0416078 0.0609037 0.934643
639.083 201.575 0.0362945 0.0279111 0.906459
771.052 155.733 -0.100118 -0.191616 1.48044
758.37 192.212 0.0317011 -0.0694437 0.917234
714.359 151.789 -0.143882 -0.0616396 1.58525
706.499 152.653 -0.230069 -0.04276 1.8212
738.684 155.975 -0.161477 -0.138597 1.66977
736.387 122.31 -0.248752 -0.132346 1.6726
763.095 108.938 -0.203246 -0.174914 1.50108
817.001 118.313 -0.0448063 -0.150037 1.04124
738.318 160.233 -0.163127 -0.142333 1.70717
950.48 27.2908 -0.0939984 -0.231651 0.944346
788.52 113.993 -0.0841068 -0.151841 1.18378
756.7 158.189 -0.241064 -0.240885 1.8964
774.871 145.915 -0.0949041 -0.17975 1.39526
747.439 194.354 -0.301678 -0.308453 2.41756
598.77 171.202 0.00736426 0.0746121 0.986889
749.013 165.767 -0.0915645 -0.146236 1.52428
892.663 283.722 0.102508 -0.167383 0.86998
708.562 83.9555 -0.0500422 -0.0306349 0.917032
789.02 255.212 0.0789923 -0.0878339 0.877731
590.706 477.993 0.302665 0.0988354 0.927943
744.429 475.788 0.298443 -0.0554423 0.914293
753.346 147.994 -0.230455 -0.206441 1.79302
814.616 462.428 0.323252 -0.140492 0.964161
710.96 149.922 -0.256331 -0.0601952 1.86376
714.394 154.487 -0.143724 -0.0623046 1.60402
818.895 248.603 0.0785949 -0.119484 0.909344
764.104 173.986 -0.103658 -0.211147 1.64135
730.022 163.61 -0.0527294 -0.0817836 1.34748
790.651 233.861 0.0673922 -0.0995915 0.929527
706.162 150.937 -0.224334 -0.0415586 1.79449
630.302 161.484 0.00441121 0.0354643 0.927679
725.408 183.052 -0.349625 -0.158159 2.38132
515.902 225.299 0.0532833 0.13856 0.934151
770.312 158.956 -0.0942598 -0.190767 1.48361
769.591 114.85 -0.0352345 -0.0866626 0.968471
504.864 211.527 0.0411814 0.138705 0.916068
759.194 189.322 0.0294967 -0.0689751 0.908858
807.136 175.116 0.018877 -0.112553 0.928897
599.437 205.565 0.0384177 0.0589729 0.903056
604.39 363.033 0.173739 0.0691118 0.911133
743.676 474.921 0.300658 -0.0551575 0.918669
834.513 455.083 0.290677 -0.149815 0.929914
528.063 245.498 0.0689217 0.123032 0.91418
583.807 63.8886 -0.0709171 0.0683265 0.937826
834.487 391.09 0.207547 -0.137721 0.905744
546.678 101.187 -0.0928966 0.168105 1.14104
530.619 247.92 0.0721265 0.125558 0.925881
870.923 31.7071 -0.363714 -0.428328 1.52922
823.527 243.151 0.067109 -0.106411 0.84835
762.12 144.115 -0.216193 -0.223229 1.73219
738.8 152.584 -0.162477 -0.136078 1.6477
515.683 138.967 -0.00266778 0.0794382 0.786074
696.114 360.178 0.167451 -0.0128506 0.892774
754.648 141.122 -0.223821 -0.198263 1.72997
710.208 138.471 -0.251695 -0.0564068 1.77396
767.037 185.483 0.0266458 -0.0759276 0.912751
825.324 93.2316 -0.0440187 -0.12583 0.929761
577.176 443.254 0.221941 0.0851028 0.859798
592.698 474.916 0.30845 0.100673 0.940687
814.139 176.892 0.0200117 -0.121694 0.940757
627.968 154.261 -0.00246012 0.038872 0.941362
628.572 154.199 -0.00307561 0.0392262 0.947516
576.876 466.019 0.270826 0.101917 0.902508
640.837 87.8181 -0.085022 0.0389598 1.07023
654.291 78.6302 -0.0592635 0.0126724 0.938181
933.021 143.762 -0.0236961 -0.306039 1.08563
603.945 206.861 0.039974 0.0604079 0.92769
649.419 281.652 0.133477 0.0486974 1.09397
683.175 182.068 0.0213425 -0.00710527 0.940331
854.509 274.182 0.0977797 -0.144167 0.890107
596.142 502.67 0.350394 0.103828 0.949809
513.627 478.011 0.348225 0.213721 0.995125
594.922 504.495 0.343765 0.101747 0.93922
584.337 492.362 0.284493 0.0914079 0.88248
581.435 60.1655 -0.0736284 0.069948 0.937878
481.347 35.794 -0.0822417 0.132741 0.903725
777.859 482.721 0.288884 -0.083666 0.888937
844.28 465.765 0.26285 -0.138657 0.872693
488.979 490.011 0.305681 0.197126 0.920821
620.312 93.0203 -0.0555604 0.0454784 0.968426
736.798 95.9465 -0.241566 -0.116411 1.52757
732.773 164.917 -0.317608 -0.173231 2.12598
624.468 294.266 0.103512 0.0394316 0.870176
757.662 195.251 0.0341066 -0.0703641 0.928377
778.326 481.048 0.288565 -0.0844547 0.890864
518.962 370.947 0.183768 0.15162 0.925728
640.485 201.292 0.0361902 0.0276594 0.913898
809.952 494.723 0.373493 -0.139581 0.972481
778.501 483.052 0.289964 -0.0844487 0.889858
764.127 127.549 -0.0131506 -0.0684933 0.878621
820.358 107.819 -0.0388384 -0.130778 0.961809
495.77 132.609 -0.0200376 0.141155 0.926676
481.177 212.602 0.0421788 0.176152 0.954919
744.859 161.259 -0.127073 -0.148047 1.60789
721.776 142.782 -0.221729 -0.0922471 1.73281
721.713 461.487 0.265 -0.0324082 0.890557
830.985 482.223 0.352835 -0.161722 0.966874
579.604 54.7076 -0.0751344 0.0690359 0.928791
829.096 391.915 0.220169 -0.140931 0.930382
535.08 53.4517 -0.0818254 0.109081 0.948035
935.154 413.19 0.289877 -0.297538 1.00095
744.907 157.773 -0.260935 -0.201115 1.93869
482.514 90.3356 -0.0387836 0.120981 0.861489
538.507 141.524 -0.0268849 0.14386 1.03185
573.993 84.4596 -0.0564377 0.0780204 0.939044
747.348 480.89 0.293407 -0.0566478 0.899692
622.016 55.6291 -0.0755756 0.0370274 0.935182
821.138 243.046 0.0664669 -0.103614 0.84416
812.047 74.5949 -0.15018 -0.198027 1.233
736.993 172.586 -0.0991777 -0.125659 1.60813
761.157 413.629 0.218831 -0.0682383 0.89043
617.13 47.0241 -0.0759915 0.0374414 0.914107
746.093 483.525 0.284745 -0.0537869 0.884417
938.294 400.645 0.272212 -0.297889 0.999161
806.185 148.65 -0.0033864 -0.114351 0.942241
809.121 172.467 0.017564 -0.109573 0.910178
552.624 75.6455 -0.0806466 0.114237 1.0082
624.007 510.971 0.333606 0.0658675 0.915674
641.43 151.751 -0.00310523 0.0260331 0.929929
685.722 285.095 0.0907465 -0.00839727 0.833704
750.244 484.105 0.286539 -0.0577187 0.885722
730.5 159.259 -0.261922 -0.142879 1.95153
727.529 180.913 -0.0979631 -0.104686 1.68113
629.826 270.228 0.0939159 0.0423421 0.924791
550.048 146.553 -0.008294 0.0985774 0.924154
691.864 98.3403 -0.0408575 -0.0172817 0.921094
644.487 201.58 0.0366362 0.0261863 0.92965
602.71 366.92 0.172949 0.0681685 0.899801
512.638 304.925 0.113598 0.133261 0.891434
700.129 478.034 0.296153 -0.0118375 0.91098
499.087 139.059 -0.0166322 0.144083 0.938735
662.698 519.372 0.33627 0.0263886 0.904645
699.571 478.52 0.299692 -0.0111846 0.915053
681.6 87.1677 -0.0475466 -0.00969429 0.913756
517.007 137.464 -0.0197083 0.135419 0.955479
879.436 212.496 0.0508407 -0.171472 0.91546
759.253 457.981 0.262535 -0.0664905 0.88962
549.678 145.942 -0.00896049 0.099386 0.926069
571.53 470.639 0.263499 0.101057 0.884951
511.281 376.798 0.177948 0.14631 0.897917
585.734 151.242 -0.00400337 0.070241 0.923562
826.05 90.2518 -0.0448633 -0.12446 0.922909
804.256 151.201 -0.00207894 -0.114553 0.94986
929.631 425.403 0.324557 -0.312715 1.02882
956.35 12.5611 -0.096586 -0.222599 0.920151
657.298 79.5777 -0.0651594 0.0122862 0.96676
565.367 209.353 0.0413053 0.096782 0.941046
577.822 533.616 0.2888 0.085976 0.83703
662.997 206.87 -0.000995912 0.0790577 1.52824
510.896 376.667 0.177662 0.146442 0.89754
746.729 508.818 0.331397 -0.0567499 0.907606
856.56 368.731 0.154208 -0.127707 0.827618
535.353 200.214 0.0329469 0.120959 0.939121
841.017 462.391 0.27609 -0.144453 0.896862
559.794 166.479 0.00645665 0.0952091 0.933462
646.607 98.8926 -0.0434319 0.019419 0.933103
551.356 446.869 0.247097 0.120976 0.898209
711.326 526.441 0.327387 -0.0209184 0.882299
628.557 90.2733 -0.0491386 0.0329233 0.928579
533.434 12.6466 -0.111398 0.10715 0.949869
700.194 292.668 0.18468 -0.0150499 1.27518
544.18 129.734 -0.019552 0.0984509 0.913385
514.332 491.371 0.336797 0.193407 0.957287
514.886 397.77 0.200205 0.148817 0.903693
617.52 487.055 0.283345 0.062472 0.88615
609.462 154.006 -0.00343625 0.0552667 0.945531
882.944 206.676 0.0455015 -0.166308 0.896505
552.696 452.707 0.254253 0.121284 0.900076
703.213 552.76 0.383013 -0.0118525 0.90864
818.287 539.346 0.378718 -0.132011 0.913584
615.073 494.943 0.278888 0.0612621 0.869497
729.425 459.793 0.266143 -0.0396837 0.894318
807.441 142.538 -0.00764624 -0.113864 0.936366
665.921 517.653 0.318822 0.0209012 0.886468
777.836 502.787 0.339401 -0.090887 0.923255
794.938 134.445 -0.0115816 -0.0981528 0.913434
780.289 483.129 0.284119 -0.0844979 0.881857
584.905 463.964 0.28082 0.100134 0.92001
597.964 544.322 0.405092 0.107368 0.948644
593.579 509.574 0.336663 0.0984147 0.923413
653.307 525.686 0.232543 0.0172331 0.771267
602.935 369.541 0.173064 0.0667895 0.893956
648.408 99.6388 -0.0458433 0.0194021 0.94872
695.275 217.621 0.0486055 -0.0116203 1.28079
933.531 400.781 0.276847 -0.297941 1.00759
694.9 276.924 0.128081 -0.0116547 1.08645
517.492 222.414 0.0514785 0.142852 0.949106
526.018 0.835152 -0.118689 0.111071 0.947122
492.284 32.4669 -0.040219 0.0618396 0.705716
690.289 144.586 -0.00795233 -0.0145763 0.932513
841.761 352.843 0.169058 -0.140839 0.901025
928.474 426.337 0.325417 -0.310851 1.02814
598.62 85.5867 -0.0528397 0.0561681 0.92788
814.949 172.53 0.0181827 -0.111035 0.897325
640.692 547.341 0.495593 0.0788455 1.02562
490.521 511.004 0.378817 0.237588 0.978167
497.197 506.536 0.389755 0.241866 0.997457
511.339 500.931 0.415017 0.247862 1.03472
887.383 99.1814 -0.0209868 -0.132615 0.812525
929.332 272.467 0.121296 -0.279678 1.01882
808.639 114.298 -0.0259857 -0.108532 0.912679
792.074 230.237 0.0637648 -0.0992072 0.922217
488.504 43.8075 -0.0814507 0.134581 0.920084
787.082 462.831 0.283747 -0.0967412 0.910992
628.957 294.114 0.108034 0.0393176 0.891373
567.14 171.119 0.0114701 0.0837837 0.911985
519.872 494.09 0.43224 0.255381 1.0663
746.339 115.205 -0.0367046 -0.0664955 0.975986
838.986 65.7595 -0.0780257 -0.153118 0.985412
858.135 23.4677 -0.0814483 -0.136834 0.889471
930.277 167.415 0.0104118 -0.259689 1.00584
682.579 262.887 0.0679677 -0.0080816 0.787068
682.704 178.853 0.0197228 -0.00757577 0.912204
662.914 516.362 0.340029 0.0270928 0.913002
525.634 5.86512 -0.0287213 -0.000482534 0.378327
825.064 475.138 0.369732 -0.166664 1.00011
591.531 74.5562 -0.0546243 0.0556131 0.899956
680.33 261.675 0.0645513 -0.00722239 0.77084
667.722 486.127 0.289716 0.0180221 0.892667
850.829 411.706 0.21527 -0.144359 0.880327
845.347 406.823 0.22163 -0.147127 0.901647
702.668 285.382 0.18887 -0.0187587 1.39508
582.8 517.779 0.559783 0.209082 1.14181
542.984 514.168 0.448649 0.215086 1.04444
789.734 237.697 0.0702297 -0.0978057 0.924598
942.064 458.396 0.340987 -0.302223 0.983974
815.642 206.472 0.0449037 -0.122174 0.934286
628.196 524.224 0.330282 0.0578404 0.893701
488.642 514.959 0.375346 0.233784 0.968121
688.195 426.563 0.223803 -0.00390864 0.882301
784.726 456.751 0.285096 -0.0969364 0.922937
957.552 19.7132 -0.0885857 -0.218684 0.909767
832.258 350.333 0.185476 -0.149383 0.952364
680.272 266.754 0.0690321 -0.00682177 0.780374
759.332 456.629 0.267005 -0.067825 0.8984
637.688 199.645 0.0346341 0.0273455 0.893554
752.371 265.992 0.168535 -0.253912 1.99571
654.805 74.5879 -0.0625056 0.0121673 0.939448
902.918 282.243 0.096114 -0.163472 0.843692
764.545 416.789 0.220535 -0.07082 0.887651
690.633 427.708 0.21997 -0.00627351 0.87332
819.88 455.286 0.325557 -0.151438 0.979734
718.701 469.557 0.278654 -0.0297273 0.898284
537.156 16.9385 -0.086998 0.0855377 0.881906
691.724 131.92 -0.0141895 -0.0162399 0.903708
816.963 207.108 0.0449961 -0.118641 0.916781
817.045 145.455 -0.00371058 -0.118287 0.9216
687.076 264.629 0.088286 -0.00824405 0.908492
687.091 186.395 0.0191013 -0.00740498 1.06322
662.973 490.771 0.276211 0.019787 0.868438
655.663 302.644 0.250732 0.119735 1.52049
696.156 215.847 0.0392028 -0.0112764 1.37037
839.667 401.782 0.220037 -0.144164 0.908813
821.759 473.611 0.300867 -0.132705 0.915246
817.503 142.562 -0.00580769 -0.118308 0.92053
641.557 151.274 -0.00336636 0.0257771 0.928788
514.005 474.488 0.345525 0.214199 0.99801
625.571 195.122 0.00294694 0.118653 1.32043
526.721 40.0415 -0.0835747 0.105868 0.92043
842.364 467.383 0.267229 -0.138534 0.876755
492.02 283.033 0.09211 0.138962 0.873827
510.512 284.367 0.102876 0.146883 0.92516
822.018 517.242 0.423412 -0.162045 0.989302
677.505 198.459 0.0316746 -0.00655811 0.794055
868.601 278.437 0.090885 -0.135479 0.835641
623.107 118.321 -0.0103276 -0.00224284 0.49022
642.902 249.066 0.103935 0.123284 1.44855
693.14 297.264 0.13674 -0.0104492 1.00147
859.784 364.367 0.14836 -0.127472 0.820956
675.383 273.65 0.0594501 -0.00610626 0.710018
955.743 250.118 0.0855583 -0.246157 0.924239
730.285 160.279 -0.261994 -0.142865 1.96013
629.066 267.224 0.158723 0.278415 1.80128
497.266 125.891 -0.0209121 0.127554 0.896667
621.487 278.894 0.0977468 0.0465973 0.904504
707.599 156.952 -0.235755 -0.0467541 1.8681
860.792 433.8 0.261724 -0.171391 0.920673
776.301 471.677 0.306124 -0.0898426 0.928691
689.254 147.021 -0.006301 -0.0136137 0.934716
598.576 300.025 0.120942 0.0735927 0.931546
556.898 209.702 0.0408284 0.0950328 0.911061
767.305 188.069 0.0286757 -0.0760579 0.91211
816.076 466.681 0.314076 -0.13594 0.944435
732.989 157.896 -0.278178 -0.156472 1.97795
719.965 156.774 -0.293056 -0.102132 2.00073
826.444 90.3114 -0.0448356 -0.12481 0.923022
569.911 206.372 0.0387973 0.0894261 0.929751
646.576 104.188 -0.0413945 0.0206726 0.943428
586.109 153.794 -0.00222505 0.0705649 0.925466
694.996 360.945 0.170968 -0.0117438 0.900285
842.358 405.769 0.215576 -0.140955 0.89235
952.024 155.412 0.00535489 -0.242372 0.940236
874.491 212.035 0.0495797 -0.160725 0.898969
599.286 373.42 0.173354 0.0682889 0.886258
637.021 368.233 0.173539 0.038024 0.895076
666.29 479 0.295973 0.021067 0.911706
515.245 399.03 0.202217 0.149484 0.905393
559.073 426.461 0.228777 0.112789 0.901306
503.442 211.256 0.0409564 0.140219 0.917042
