608.897 382.087 0.186132 0.0340692 0.717195
802.965 244.743 0.12542 -0.0696993 0.749845
856.249 407.997 0.240364 -0.115468 0.774687
783.468 141.154 0.0729776 -0.0589763 0.757396
874.239 357.84 0.195182 -0.116134 0.754616
587.565 259.099 0.124645 0.0410164 0.728022
561.642 385.856 0.189503 0.0591653 0.721596
687.978 372.327 0.186077 -0.00627346 0.725212
952.615 162.678 0.0808764 -0.128008 0.711699
495.051 159.803 0.0769257 0.078913 0.727752
620.261 258.222 0.161973 0.0475057 0.887212
555.425 386.078 0.179548 0.0571396 0.701599
500.246 162.165 0.0789286 0.0797772 0.738079
681.857 78.3615 0.0424394 -0.00784107 0.76177
671.848 15.5824 0.0124597 -0.00377089 0.777352
726.704 277.898 0.288081 -0.516958 5.05178
715.128 269.51 -0.0705531 -0.141851 5.48499
709.434 84.5949 0.028846 -0.0299541 0.95239
843.205 215.018 0.108397 -0.0876254 0.740088
609.506 145.781 0.0714042 0.0257223 0.722483
919.89 263.052 0.145703 -0.148983 0.781517
787.613 38.2953 0.0216953 -0.0657532 0.792599
604.907 377.179 0.172942 0.0323752 0.695678
612.063 78.4221 0.0418412 0.027104 0.764963
877.761 208.293 0.0888322 -0.0762143 0.650449
932.574 168.014 0.087203 -0.135541 0.750215
719.708 252.594 -0.100894 -0.241568 4.27042
503.479 459.425 0.231046 0.0942235 0.719737
958.559 269.844 0.108006 -0.101699 0.635095
519.446 160.487 0.0798633 0.0758897 0.757208
863.631 214.694 0.103146 -0.0891142 0.71127
553.9 149.665 0.0722478 0.0497456 0.717906
525.339 77.1079 0.0426572 0.0550435 0.701758
687.128 366.544 0.17238 -0.00606088 0.70303
772.435 146.052 0.0750901 -0.0528571 0.754299
611.41 151.862 0.0747479 0.0260802 0.731379
950.062 164.222 0.0820521 -0.129044 0.71646
488.458 75.0812 0.0406339 0.0803015 0.73971
938.365 166.913 0.0855071 -0.133224 0.738305
576.254 254.513 0.11002 0.0372515 0.67877
538.542 82.629 0.0438795 0.0600711 0.748711
688.955 367.77 0.190329 -0.00679553 0.739714
585.389 193.396 0.0507146 0.415335 1.84781
786.318 457.58 0.207137 -0.0503755 0.675578
501.392 548.01 0.235284 0.0778393 0.657382
498.627 99.2701 0.0509724 0.0783951 0.744093
553.818 381.286 0.175189 0.0566773 0.697871
776.106 136.471 0.0692522 -0.0508495 0.730067
503.212 161.327 0.0789801 0.079778 0.742957
582.341 248.913 0.110965 0.0367769 0.691896
495.259 153.702 0.0743178 0.078749 0.728762
869.05 407.054 0.220864 -0.111237 0.742403
808.135 234.422 0.117908 -0.0701037 0.740246
688.09 366.72 0.171549 -0.00652511 0.701007
558.881 385.51 0.183935 0.0578135 0.710924
883.613 428.906 0.221266 -0.111755 0.71934
562.333 383.183 0.186007 0.0576409 0.717577
606.668 139.137 0.067581 0.0250748 0.707926
780.62 426.803 0.247599 -0.0643096 0.767307
863.777 404.88 0.23142 -0.115816 0.763142
687.36 11.2506 0.0147402 -0.0112543 0.746354
540.099 265.716 0.129127 0.0661631 0.735038
539.582 88.7157 0.0465092 0.0603245 0.750644
560.827 159.598 0.0784875 0.0515202 0.740055
486.042 471.861 0.213879 0.0894554 0.684
548.152 64.1545 0.0367768 0.0514863 0.732829
840.107 126.235 0.0662218 -0.0877436 0.756674
874.974 359.539 0.193407 -0.114314 0.748504
834.38 51.1922 0.0299535 -0.0872596 0.774861
818.4 201.693 0.10144 -0.0745981 0.740275
771.692 150.609 0.0777711 -0.0536031 0.761425
836.528 223.599 0.116228 -0.0895154 0.758498
803.902 241.357 0.12367 -0.0701895 0.750136
595.118 84.8539 0.044898 0.0350116 0.759393
870.073 415.14 0.220469 -0.108615 0.732786
826.733 189.488 0.0916975 -0.0719515 0.713443
941.23 257.835 0.131358 -0.140008 0.737222
895.097 262.759 0.13401 -0.116824 0.739835
723.974 500.481 0.266104 -0.0244051 0.722216
610.868 373.718 0.184345 0.0336469 0.723172
592.667 247.716 0.118835 0.0378937 0.727029
610.761 77.8117 0.0425265 0.0251195 0.741416
599.298 514.205 0.310654 0.0576832 0.767557
747.169 495.246 0.332432 -0.0477601 0.804559
619.16 12.5922 0.014363 0.0202678 0.751281
866.087 488.706 0.295147 -0.122842 0.762315
484.847 471.234 0.213558 0.0899822 0.68407
958.186 267.711 0.127595 -0.133422 0.704519
902.843 262.658 0.130029 -0.114982 0.724921
809.071 142.712 0.07454 -0.0746256 0.768212
808.293 500.966 0.280992 -0.0769725 0.73648
718.691 485.198 0.299593 -0.024353 0.777934
826.861 480.69 0.359542 -0.125097 0.847903
626.661 23.0922 0.0151948 0.0194805 0.780625
695.953 510.633 0.311389 -0.00798486 0.767501
597.988 92.368 0.048037 0.0354388 0.770721
606.022 380.152 0.178408 0.033248 0.703736
611.05 379.22 0.184113 0.0327152 0.716269
853.117 218.218 0.110679 -0.0937099 0.742952
888.893 453.208 0.286662 -0.147691 0.788088
786.065 494.673 0.334244 -0.0784385 0.805255
857.017 111.976 0.0592589 -0.0900014 0.736108
672.623 133.833 0.0685306 -0.00224177 0.760596
685.118 38.0362 0.021229 -0.010255 0.790648
615.411 159.901 0.0799685 0.0265907 0.750038
560.996 162.434 0.0797859 0.0515343 0.739846
796.382 369.571 0.559043 -0.273387 1.39087
805.235 239.196 0.121024 -0.069371 0.743315
852.79 40.152 0.022307 -0.103185 0.798235
808.902 233.741 0.115398 -0.0682426 0.73009
924.792 380.304 0.151091 -0.0946812 0.637199
852.159 495.676 0.274578 -0.102166 0.731721
847.524 223.259 0.116468 -0.0960027 0.759956
650.123 523.662 0.293171 0.0201812 0.737136
622.233 18.0022 0.0150862 0.020077 0.763782
789.658 442.386 0.235896 -0.0630746 0.73221
539.035 135.941 0.0694725 0.0757049 0.80176
606.845 378.089 0.174496 0.0318522 0.697862
785.632 134.104 0.0689727 -0.0576399 0.743814
611.696 150.433 0.0738698 0.0255295 0.728139
851.864 34.0363 0.0186008 -0.103945 0.803504
842.713 75.562 0.0428289 -0.0854345 0.748637
558.409 116.881 0.0593137 0.0647915 0.807794
593.986 524.078 0.297204 0.0558259 0.743581
680.514 82.2208 0.0440621 -0.00710689 0.765251
523.879 28.6829 -0.00299084 0.105332 0.906017
840.496 124.36 0.0653989 -0.0886788 0.759629
580.317 239.633 0.105433 0.0361565 0.68519
845.281 109.944 0.0581559 -0.0827136 0.730021
622.85 10.5765 0.0126029 0.0191193 0.758541
529.815 285.784 0.123855 0.0583564 0.682972
851.215 165.175 0.084846 -0.0926806 0.749246
617.11 93.654 0.0489031 0.0252863 0.766706
608.539 381.252 0.18431 0.033776 0.714463
643.465 194.765 0.0541985 0.00214599 0.511334
722.673 504.591 0.262663 -0.0231749 0.71459
827.222 478.163 0.298266 -0.101042 0.778578
849.258 180.847 0.0937201 -0.0949441 0.758605
933.458 374.781 0.324058 -0.285865 0.967973
690.423 243.373 0.167713 -0.00886481 0.978675
840.816 77.8359 0.0437349 -0.0852192 0.751134
657.073 193.821 0.0665595 0.000546058 0.569371
935.671 166.421 0.083061 -0.123099 0.717982
883.469 427.97 0.230523 -0.11803 0.734839
543.212 251.175 0.121425 0.063393 0.733581
685.038 377.744 0.171791 -0.00498823 0.689725
683.029 292.694 0.149914 -0.00486731 0.749118
872.527 356.931 0.197469 -0.117444 0.76084
847.454 465.104 0.339266 -0.14017 0.842766
811.192 485.425 0.284043 -0.0831041 0.754449
862.241 484.181 0.293626 -0.121036 0.765134
686.103 258.389 0.157329 -0.00619481 0.859698
594.784 151.485 0.0761422 0.0952055 1.05574
522.04 607.4 0.282825 0.0780923 0.670651
764.378 617.645 0.266493 -0.0367187 0.642225
511.139 578.623 0.24417 0.0724548 0.648505
512.557 623.496 0.26203 0.0723604 0.641654
808.372 563.46 0.247091 -0.057512 0.652308
848.857 107.955 0.0571698 -0.0821651 0.722
646.175 176.043 0.0520804 0.00166189 0.51678
537.468 132.441 0.0675416 0.0910016 0.855986
670.347 231.051 0.0986935 -0.00132049 0.66634
561.809 508.694 0.322115 0.0891856 0.787731
704.632 287.624 0.37817 -0.0248708 1.64334
668.271 101.085 0.0528519 -0.000591675 0.763962
647.912 228.222 0.062058 0.00174386 0.518631
533.194 259.168 0.122062 0.0652499 0.720469
501.812 72.2522 0.0391577 0.076434 0.748084
678.515 271.958 0.123811 -0.00361515 0.69735
670.093 16.4617 0.0133664 -0.00292416 0.77353
546.863 257.992 0.129039 0.0662682 0.750489
779.461 448.956 0.213776 -0.0501461 0.693023
850.597 63.5637 0.0388412 -0.0818911 0.722479
483.342 172.167 0.0931282 0.26179 1.1334
679.97 56.2673 0.0343683 -0.0072258 0.732322
931.489 388.54 0.348925 -0.294642 0.978453
880.727 429.903 0.239582 -0.121599 0.746943
863.733 106.592 0.0565936 -0.0872872 0.716533
570.45 119.555 0.0557305 0.0861862 0.935109
548.363 629.476 0.359734 0.0868236 0.723532
516.22 536.339 0.23674 0.0738391 0.666308
499.111 634.251 0.425195 0.145855 0.772921
808.906 580.617 0.312424 -0.0722254 0.706768
853.615 616.159 0.347713 -0.102621 0.711464
501.873 629.908 0.428291 0.146432 0.778579
851.548 514.548 0.29706 -0.106479 0.741218
853.437 602.738 0.376193 -0.115239 0.744168
844.373 593.539 0.368717 -0.10868 0.745482
798.757 530.17 0.280108 -0.0659576 0.711568
862.65 531.047 0.278354 -0.100852 0.706638
828.492 546.205 0.23511 -0.0651707 0.648918
509.308 631.299 0.263051 0.0730824 0.638579
642.104 570.306 0.248353 0.0167455 0.654314
895.405 523.575 0.245237 -0.104071 0.673405
860.51 590.176 0.378593 -0.124345 0.755608
509.471 626.269 0.257399 0.0715851 0.635775
885.232 510.689 0.259045 -0.109275 0.699474
899.676 528.041 0.240712 -0.102701 0.66493
651.35 568.697 0.258432 0.0136692 0.665899
535.04 81.4249 0.0436251 0.0595625 0.739496
680.723 79.3714 0.0428635 -0.0072602 0.762487
511.69 472.951 0.430653 0.21346 0.960735
776.679 41.789 -0.0637145 -0.130165 1.18283
783.522 142.999 0.0737927 -0.0587514 0.755768
849.641 85.5771 0.0469337 -0.0930546 0.762845
854.144 406.409 0.246225 -0.11838 0.786547
704.647 154.723 -0.105071 -0.0400868 1.95525
719.349 241.156 -0.0986306 -0.201269 3.69357
853.582 30.8259 0.0177755 -0.103141 0.797741
786.258 456.289 0.209956 -0.0513189 0.680845
680.355 87.1049 0.0461845 -0.00693792 0.769572
947.085 166.394 0.0835803 -0.130129 0.721759
498.457 164.578 0.0797781 0.0799564 0.735391
