609.009 377.45 0.185967 0.0338201 0.717146
803.342 240.434 0.125256 -0.0699484 0.749797
856.298 404.304 0.2402 -0.115717 0.774638
784.015 136.518 0.0728132 -0.0592254 0.757347
874.416 353.949 0.195018 -0.116383 0.754567
587.758 254.293 0.124481 0.0407673 0.727973
561.762 381.188 0.189339 0.0589162 0.721547
688.097 367.887 0.185912 -0.00652254 0.725164
953.368 157.957 0.0807121 -0.128257 0.711651
495.209 154.543 0.0767613 0.0786639 0.727703
620.475 254.603 0.161808 0.0472567 0.887163
555.538 381.199 0.179383 0.0568905 0.70155
500.409 157.019 0.0787642 0.0795281 0.73803
682.329 73.3426 0.0422751 -0.00809015 0.761721
672.375 10.361 0.0122954 -0.00401997 0.777303
726.829 277.335 0.287916 -0.517207 5.05173
715.236 268.916 -0.0707174 -0.1421 5.48494
709.943 80.7435 0.0286816 -0.0302032 0.952342
843.685 210.591 0.108233 -0.0878745 0.740039
609.8 140.589 0.0712398 0.0254732 0.722434
920.342 259.237 0.145538 -0.149232 0.781468
788.359 33.461 0.021531 -0.0660023 0.79255
605.017 372.307 0.172778 0.0321261 0.695629
612.416 73.3304 0.0416768 0.026855 0.764914
878.275 202.896 0.0886678 -0.0764634 0.650401
933.294 163.644 0.0870386 -0.13579 0.750166
719.866 251.816 -0.101058 -0.241817 4.27037
503.611 454.693 0.230882 0.0939744 0.719689
959.01 264.548 0.107841 -0.101948 0.635046
519.629 155.533 0.079699 0.0756406 0.757159
864.131 210.02 0.102982 -0.0893633 0.711221
554.125 144.36 0.0720835 0.0494965 0.717857
525.559 71.2988 0.0424928 0.0547944 0.70171
687.25 361.871 0.172215 -0.00630996 0.702982
772.956 141.393 0.0749258 -0.0531061 0.75425
611.702 146.781 0.0745836 0.0258311 0.731331
950.809 159.552 0.0818877 -0.129293 0.716411
488.62 69.5832 0.0404695 0.0800524 0.739661
939.094 162.442 0.0853427 -0.133473 0.738257
576.433 249.148 0.109855 0.0370024 0.678721
538.776 77.3155 0.0437151 0.0598221 0.748662
689.081 363.458 0.190165 -0.00704462 0.739665
585.44 191.473 0.0505502 0.415086 1.84776
786.29 452.876 0.206973 -0.0506246 0.67553
501.47 542.602 0.23512 0.0775902 0.657334
498.799 93.9306 0.0508081 0.078146 0.744045
553.932 376.358 0.175025 0.0564282 0.697822
776.645 131.562 0.0690879 -0.0510986 0.730019
503.378 156.227 0.0788158 0.0795289 0.742908
582.531 243.695 0.110801 0.0365278 0.691848
495.418 148.43 0.0741534 0.0784999 0.728714
869.108 403.119 0.220699 -0.111486 0.742354
808.537 230.005 0.117743 -0.0703527 0.740197
688.211 362.029 0.171385 -0.00677419 0.700958
558.997 380.732 0.18377 0.0575644 0.710875
883.622 424.806 0.221102 -0.112005 0.719291
562.452 378.474 0.185843 0.0573919 0.717528
606.964 133.768 0.0674166 0.0248257 0.707877
780.644 422.939 0.247434 -0.0645587 0.767259
863.837 401.106 0.231256 -0.116065 0.763094
687.925 5.78136 0.0145759 -0.0115034 0.746306
540.265 260.918 0.128963 0.065914 0.734989
539.815 83.4472 0.0463449 0.0600754 0.750595
561.056 154.551 0.0783231 0.0512711 0.740006
486.16 466.739 0.213714 0.0892064 0.683951
548.411 58.6294 0.0366124 0.0512373 0.73278
840.775 121.614 0.0660574 -0.0879927 0.756626
875.148 355.6 0.193243 -0.114563 0.748455
835.2 46.3595 0.0297892 -0.0875087 0.774812
818.878 197.186 0.101276 -0.0748471 0.740226
772.205 146.026 0.0776067 -0.0538521 0.761376
836.985 219.351 0.116064 -0.0897645 0.758449
804.287 237.042 0.123506 -0.0704386 0.750087
595.438 79.7215 0.0447337 0.0347625 0.759345
870.114 411.129 0.220304 -0.108864 0.732737
827.241 184.694 0.0915332 -0.0722006 0.713395
941.716 253.668 0.131193 -0.140257 0.737174
895.523 258.558 0.133846 -0.117073 0.739786
723.909 496.158 0.265939 -0.0246542 0.722167
610.987 369.132 0.184181 0.0333978 0.723123
592.871 242.877 0.118671 0.0376446 0.726981
611.113 72.5158 0.0423621 0.0248704 0.741368
599.348 510.026 0.310489 0.0574341 0.767508
747.086 491.595 0.332267 -0.0480091 0.80451
619.582 7.07756 0.0141986 0.0200187 0.751233
865.939 484.971 0.294982 -0.123091 0.762266
484.966 466.111 0.213393 0.0897331 0.684022
958.658 263.278 0.127431 -0.133671 0.704471
903.275 258.329 0.129864 -0.115231 0.724873
809.657 138.208 0.0743756 -0.0748746 0.768163
808.163 496.918 0.280828 -0.0772216 0.736431
718.651 481.32 0.299429 -0.0246021 0.777885
826.728 477.448 0.359378 -0.125346 0.847854
627.086 17.8726 0.0150304 0.0192314 0.780577
695.9 506.628 0.311225 -0.00823394 0.767453
598.306 87.3646 0.0478727 0.0351897 0.770673
606.132 375.372 0.178244 0.032999 0.703687
611.164 374.574 0.183949 0.0324661 0.71622
853.602 213.843 0.110515 -0.093959 0.742903
888.816 449.699 0.286498 -0.14794 0.788039
785.948 491.097 0.334079 -0.0786876 0.805207
857.739 107.139 0.0590946 -0.0902505 0.73606
673.015 129.031 0.0683663 -0.00249085 0.760548
685.646 33.0461 0.0210647 -0.0105041 0.7906
615.702 155.025 0.0798041 0.0263416 0.74999
561.223 157.395 0.0796216 0.0512852 0.739797
796.423 367.899 0.558878 -0.273636 1.39082
805.625 234.816 0.120859 -0.0696201 0.743267
853.681 35.4557 0.0221426 -0.103435 0.798186
809.305 229.229 0.115233 -0.0684916 0.730041
924.94 375.242 0.150927 -0.0949303 0.63715
852.014 491.665 0.274414 -0.102415 0.731673
847.994 219.039 0.116304 -0.0962518 0.759908
650.1 519.33 0.293007 0.0199321 0.737088
622.656 12.6215 0.0149218 0.0198279 0.763733
789.653 438.255 0.235732 -0.0633237 0.732161
539.242 131.267 0.0693082 0.0754559 0.801711
606.954 373.245 0.174331 0.0316031 0.697814
786.193 129.326 0.0688084 -0.057889 0.743765
611.99 145.316 0.0737055 0.0252804 0.728091
852.769 29.342 0.0184364 -0.104194 0.803455
843.491 70.6496 0.0426645 -0.0856836 0.748588
558.649 112.2 0.0591493 0.0645424 0.807745
594.027 519.698 0.297039 0.0555768 0.743532
680.98 77.2459 0.0438977 -0.00735597 0.765203
524.058 24.0894 -0.00315519 0.105083 0.905968
841.17 119.756 0.0652346 -0.0889279 0.75958
580.51 234.309 0.105269 0.0359074 0.685141
845.986 105.025 0.0579916 -0.0829627 0.729973
623.281 5.11604 0.0124386 0.0188702 0.758492
529.956 280.474 0.12369 0.0581073 0.682924
851.816 160.665 0.0846817 -0.0929297 0.749198
617.458 88.6518 0.0487388 0.0250372 0.766658
608.651 376.587 0.184145 0.0335269 0.714415
643.604 185.942 0.0540342 0.00189691 0.511285
722.602 500.196 0.262498 -0.023424 0.714541
827.117 474.481 0.298102 -0.101292 0.778529
849.823 176.472 0.0935557 -0.0951932 0.758557
933.559 372.263 0.323894 -0.286114 0.967924
690.694 240.244 0.167549 -0.00911389 0.978626
841.586 72.9527 0.0435706 -0.0854683 0.751086
657.312 186.609 0.0663951 0.000296975 0.569322
936.39 161.752 0.0828966 -0.123348 0.717933
883.477 424.012 0.230358 -0.118279 0.73479
543.384 246.331 0.121261 0.063144 0.733533
685.144 372.942 0.171627 -0.00523731 0.689676
683.244 288.315 0.14975 -0.00511639 0.749069
872.706 353.088 0.197304 -0.117693 0.760791
847.346 461.874 0.339102 -0.140419 0.842717
811.087 481.532 0.283878 -0.0833532 0.7544
862.105 480.461 0.293462 -0.121285 0.765085
686.361 254.719 0.157165 -0.00644389 0.85965
595.008 148.163 0.0759779 0.0949564 1.0557
522.102 602.128 0.282661 0.0778433 0.670602
764.087 612.478 0.266329 -0.0369678 0.642176
511.193 573.106 0.244006 0.0722057 0.648457
512.596 617.853 0.261866 0.0721113 0.641605
808.134 558.535 0.246926 -0.0577611 0.652259
849.569 102.957 0.0570054 -0.0824142 0.721952
646.347 167.338 0.0519161 0.00141281 0.516731
537.664 128.099 0.0673772 0.0907525 0.855937
670.612 225.613 0.0985292 -0.00156957 0.666291
561.915 504.594 0.321951 0.0889366 0.787682
704.801 286.026 0.378006 -0.0251199 1.6433
668.694 96.1661 0.0526875 -0.000840757 0.763913
648.035 219.76 0.0618937 0.00149478 0.518582
533.357 254.202 0.121898 0.0650008 0.720421
501.994 66.8346 0.0389934 0.0761849 0.748036
678.747 267.014 0.123647 -0.00386424 0.697301
670.616 11.214 0.0132021 -0.00317325 0.773482
547.037 253.324 0.128875 0.0660191 0.75044
779.45 444.429 0.213612 -0.0503952 0.692974
851.407 58.3697 0.0386768 -0.0821401 0.722431
483.406 169.001 0.0929639 0.261541 1.13335
680.464 50.888 0.0342039 -0.00747489 0.732274
931.539 386.075 0.34876 -0.294891 0.978404
880.728 426.048 0.239417 -0.121848 0.746894
864.473 101.556 0.0564292 -0.0875363 0.716485
570.679 115.606 0.0555661 0.0859371 0.935061
548.43 624.701 0.359569 0.0865746 0.723484
516.293 531.067 0.236576 0.07359 0.666259
499.331 629.715 0.425031 0.145606 0.772873
808.62 576.259 0.31226 -0.0724745 0.70672
853.189 611.877 0.347549 -0.10287 0.711415
502.091 625.424 0.428127 0.146183 0.778531
851.354 510.613 0.296896 -0.106728 0.741169
853.024 598.741 0.376029 -0.115488 0.74412
843.995 589.55 0.368552 -0.108929 0.745433
798.582 525.875 0.279943 -0.0662067 0.71152
862.422 526.82 0.278189 -0.101101 0.706589
828.274 541.278 0.234946 -0.0654198 0.648869
509.347 625.602 0.262886 0.0728334 0.63853
642.016 565.101 0.248189 0.0164965 0.654266
895.189 519.062 0.245072 -0.10432 0.673356
860.112 586.297 0.378429 -0.124594 0.755559
509.507 620.543 0.257234 0.071336 0.635727
885.043 506.435 0.25888 -0.109524 0.699425
899.45 523.438 0.240547 -0.10295 0.664882
651.259 563.646 0.258268 0.0134201 0.665851
535.27 76.0196 0.0434607 0.0593134 0.739448
681.193 74.3614 0.0426991 -0.00750928 0.762439
511.934 469.678 0.430488 0.213211 0.960686
777.425 38.4345 -0.0638788 -0.130414 1.18278
784.065 138.356 0.0736283 -0.0590004 0.75572
850.416 80.8393 0.0467694 -0.0933037 0.762797
854.195 402.799 0.24606 -0.118629 0.786498
704.965 152.798 -0.105236 -0.0403359 1.9552
719.531 240.245 -0.098795 -0.201518 3.69352
854.496 26.078 0.0176112 -0.10339 0.797692
786.232 451.645 0.209791 -0.051568 0.680797
680.815 82.1864 0.0460201 -0.007187 0.769524
947.823 161.78 0.0834159 -0.130378 0.72171
498.618 159.413 0.0796137 0.0797073 0.735342
