701.535 468.139 0.296754 -0.0126117 0.915492
624.982 467.967 0.300304 0.0640478 0.925676
584.783 270.112 0.0975771 0.0769973 0.903686
775.15 444.78 0.26779 -0.0828031 0.905936
766.329 407.878 0.216909 -0.0703576 0.882995
696.308 353.46 0.165977 -0.0120778 0.884558
886.187 201.462 0.0493993 -0.169794 0.906773
506.724 215.223 0.0532996 0.141728 0.923592
821.165 153.491 0.0139617 -0.104276 0.86448
953.04 65.1836 -0.0573549 -0.232762 0.945147
842.153 344.484 0.173826 -0.143989 0.915834
486.875 24.0914 -0.0823928 0.131986 0.912605
557.228 416.991 0.223869 0.111466 0.893795
559.513 196.868 0.0396603 0.0945553 0.916544
481.808 17.6523 -0.0827382 0.130064 0.899631
600.661 359.667 0.169742 0.0673833 0.887672
636.671 356.244 0.16669 0.037018 0.884687
554.646 419.667 0.219986 0.109532 0.881955
522.293 362.51 0.185651 0.149872 0.92879
834.335 382.535 0.210875 -0.13883 0.915571
727.34 449.538 0.27121 -0.0376787 0.906506
696.466 62.1929 -0.0456007 -0.0190946 0.867752
782.52 465.03 0.247652 -0.0779162 0.845262
568.704 64.1109 -0.0558695 0.0763154 0.914847
512.744 205.906 0.0462103 0.140462 0.935446
585.573 209.677 0.0522345 0.100812 1.01768
623.056 261.504 0.088779 0.042362 0.886098
560.842 196.433 0.0393589 0.0938751 0.918006
748.665 91.7796 -0.0405661 -0.0626007 0.946904
499.017 120.844 -0.0209592 0.143098 0.938797
525.596 388.281 0.214632 0.153686 0.935449
552.924 184.325 0.0270904 0.126784 1.00439
882.832 198.375 0.0471819 -0.170755 0.9164
655.316 57.3325 -0.0618124 0.0120075 0.924948
813.717 236.82 0.075917 -0.111338 0.905336
646.869 80.9837 -0.0439522 0.0188378 0.917394
788.614 452.851 0.282121 -0.0974969 0.913349
813.597 163.254 0.0186376 -0.110698 0.911989
645.072 191.332 0.0369579 0.0272704 0.934168
696.741 348.896 0.159623 -0.0126491 0.877925
864.535 275.714 0.106763 -0.150734 0.891943
793.042 174.042 0.0264528 -0.0944569 0.912374
535.716 441.545 0.199275 0.0995473 0.811823
562.552 130.379 -0.0115362 0.0897617 0.928794
604.849 192.343 0.037014 0.0586537 0.920923
605.957 194.799 0.0389836 0.0587423 0.925096
650.072 86.3537 -0.0453115 0.0188808 0.943526
638.202 352.889 0.164718 0.0359385 0.887146
587.29 136.439 -0.00620342 0.0696042 0.924949
586.009 269.157 0.0977209 0.0773229 0.909179
786.318 253.571 0.0882204 -0.0880108 0.9001
684.502 164.566 0.0186498 -0.00833401 0.881045
682.008 86.6062 -0.0408648 -0.00771603 0.92408
811.576 102.275 -0.0272182 -0.109398 0.920216
845.693 370.832 0.188444 -0.139566 0.890099
785.713 252.409 0.0889671 -0.0899024 0.912414
787.178 249.984 0.0859853 -0.0896129 0.904963
779.153 69.8846 -0.0429429 -0.0770852 0.88313
641.299 352.279 0.173862 0.0372387 0.913305
622.921 265.682 0.0931594 0.0438902 0.893116
590.602 263.574 0.0935975 0.0737323 0.911822
895.299 266.067 0.0984851 -0.172575 0.885611
793.688 85.6035 -0.0873893 -0.138286 1.11994
878.537 200.493 0.0483271 -0.161562 0.901963
691.457 133.147 -0.00777679 -0.0138278 0.931794
482.901 20.414 -0.130675 0.190966 1.05021
631.314 145.93 0.00727168 0.0251369 0.846002
884.795 201.991 0.0499119 -0.170135 0.910305
763.805 121.053 -0.0384684 -0.0939578 1.06899
776.45 411.39 0.211202 -0.0759434 0.865447
814.765 249.045 0.0941276 -0.130249 0.970614
533.253 189.624 -0.0588772 0.483384 1.65335
509.693 303.134 0.123189 0.141447 0.903331
816.989 442.73 0.281404 -0.129083 0.927273
605.85 196.449 0.0403274 0.0599928 0.93037
640.705 189.393 0.0354069 0.0275109 0.906402
773.471 148.543 -0.100857 -0.192196 1.48374
761.184 181.395 0.031349 -0.070303 0.923372
716.187 144.607 -0.144649 -0.0620504 1.58805
708.1 146.113 -0.230896 -0.0431712 1.82421
740.957 147.176 -0.160957 -0.137452 1.65442
738.564 114.906 -0.249615 -0.132847 1.67582
766.13 100.987 -0.204414 -0.176631 1.50581
820.446 108.139 -0.0455135 -0.150876 1.04597
740.522 151.751 -0.162611 -0.141199 1.69202
956.332 14.739 -0.0949374 -0.232786 0.948821
791.726 104.477 -0.0848588 -0.152417 1.18688
759.415 149.519 -0.239006 -0.237858 1.8728
777.49 138.123 -0.0956308 -0.180263 1.39806
750.82 182.2 -0.285609 -0.290893 2.28838
590.693 152.593 0.00413773 0.0729994 0.947186
751.134 158.779 -0.0922858 -0.146709 1.52709
895.307 273.514 0.102364 -0.168379 0.874887
711.674 70.4965 -0.0507669 -0.0310477 0.919251
791.604 244.349 0.0785263 -0.088259 0.881062
745.117 465.849 0.299039 -0.0558255 0.919403
755.475 141.525 -0.231311 -0.207021 1.79652
815.064 453.689 0.32385 -0.141106 0.96915
712.597 143.447 -0.257179 -0.0606172 1.86691
716.15 145.688 -0.143544 -0.0620668 1.59214
822.022 238.243 0.0779656 -0.120072 0.911885
766.839 165.871 -0.103744 -0.209326 1.62696
732.144 155.658 -0.0534463 -0.0822079 1.34986
793.92 223.174 0.0660898 -0.0991647 0.926249
707.78 144.262 -0.22512 -0.0419592 1.79712
632.315 149.295 0.0037203 0.0351098 0.93031
726.815 178.138 -0.350476 -0.158623 2.38494
517.631 213.669 0.0528072 0.138438 0.938363
772.68 151.894 -0.0950286 -0.191438 1.48747
773.644 102.214 -0.0359394 -0.0870652 0.967324
507.287 199.706 0.0409365 0.139243 0.923134
761.9 178.025 0.0289332 -0.0693355 0.912322
810.984 163.526 0.0180099 -0.112632 0.928461
601.246 193.543 0.037814 0.0586797 0.906201
604.026 353.911 0.17094 0.0681205 0.904416
744.442 464.338 0.302188 -0.0558777 0.926189
835.796 446.455 0.290463 -0.150576 0.933028
529.349 233.744 0.0683289 0.122816 0.917111
589.033 56.4466 -0.0724973 0.0701497 0.961643
835.647 381.521 0.208017 -0.138627 0.91155
547.749 90.0727 -0.0936847 0.167889 1.14398
533.705 236.661 0.0723066 0.126025 0.934712
873.68 25.8387 -0.368296 -0.43403 1.54934
826.814 231.749 0.0665444 -0.106948 0.851137
764.422 137.362 -0.216953 -0.22372 1.73485
741.123 143.512 -0.161909 -0.134898 1.63185
517.858 123.482 -0.00328159 0.0792665 0.790141
697.688 349.992 0.166935 -0.0131942 0.895366
756.877 134.298 -0.224582 -0.198739 1.73279
711.945 131.557 -0.252551 -0.056829 1.77711
769.854 174.328 0.026134 -0.0764372 0.916872
829.811 80.653 -0.0447558 -0.12643 0.932088
578.548 431.943 0.221822 0.0849247 0.863396
593.648 464.975 0.30822 0.100575 0.943751
817.571 165.971 0.0193456 -0.122073 0.942974
630.108 142.288 -0.00312142 0.0384971 0.944709
629.837 141.272 -0.00398945 0.038751 0.945317
577.873 455.648 0.270376 0.101677 0.905043
642.712 75.6663 -0.0857231 0.0385321 1.07109
656.416 64.2423 -0.0599464 0.0123223 0.937446
937.092 134.968 -0.0243204 -0.307389 1.09059
604.904 194.701 0.0388862 0.0596582 0.925374
650.729 273.071 0.132776 0.0483359 1.09582
684.826 168.21 0.0194383 -0.00739744 0.927859
857.473 264.057 0.0973105 -0.144765 0.893229
512.413 470.201 0.344528 0.212026 0.990005
595.038 495.522 0.342004 0.101426 0.938808
584.654 481.989 0.283652 0.0914761 0.88415
583.137 45.8452 -0.0743711 0.0695501 0.93971
483.69 21.0736 -0.0830265 0.132251 0.908056
778.926 473.598 0.288129 -0.0839575 0.8907
846.266 457.597 0.261039 -0.138416 0.871674
489.399 479.543 0.304709 0.197026 0.92232
621.361 78.0067 -0.0561463 0.0446465 0.962901
739.503 84.4895 -0.240219 -0.115461 1.51342
734.42 159.597 -0.318876 -0.174023 2.1328
626.123 282.737 0.102944 0.0391301 0.873004
760.742 183.906 0.0332611 -0.0706973 0.928793
779.252 471.506 0.288377 -0.0848874 0.894058
519.887 360.402 0.182999 0.151153 0.927471
642.075 189.185 0.0352705 0.0272523 0.913565
810.902 487.174 0.372101 -0.139698 0.972863
779.533 472.966 0.290471 -0.0853208 0.894751
767.562 114.918 -0.0137839 -0.069048 0.882322
822.742 98.9091 -0.03952 -0.133117 0.97604
493.654 117.479 -0.0209889 0.139908 0.921172
482.17 200.829 0.0415265 0.175984 0.957818
746.92 154.419 -0.127801 -0.148477 1.61037
723.636 135.955 -0.222596 -0.0927262 1.73635
722.826 452.378 0.263868 -0.0326851 0.891169
831.608 473.947 0.352804 -0.16228 0.970255
581.776 41.3399 -0.0760151 0.0691262 0.934186
830.893 383.248 0.219637 -0.141391 0.932748
536.265 39.0479 -0.0825857 0.108785 0.950183
941.144 407.849 0.285002 -0.295267 0.991578
747.199 149.614 -0.259141 -0.199194 1.91945
485.112 76.3263 -0.0394549 0.121185 0.867655
541.082 131.103 -0.0274826 0.144337 1.04029
575.736 70.8662 -0.0571755 0.0776732 0.941626
748.289 471.324 0.293205 -0.0570595 0.902808
624.52 42.012 -0.0763683 0.0366607 0.938917
824.24 231.582 0.0660127 -0.104241 0.847785
815.099 66.2311 -0.151592 -0.19976 1.24275
739.207 163.824 -0.099206 -0.124415 1.59048
762.606 403.924 0.218604 -0.0687168 0.893714
624.38 44.9895 -0.0781453 0.0388082 0.953034
747.07 473.741 0.284496 -0.0541932 0.887457
935.777 391.086 0.276743 -0.303552 1.01715
809.912 136.886 -0.00412304 -0.114362 0.942456
813.5 160.567 0.016718 -0.110007 0.909826
553.944 62.6076 -0.0813564 0.113842 1.01037
624.588 501.791 0.332085 0.0653327 0.915751
643.561 139.489 -0.00379953 0.0256635 0.932493
687.729 273.231 0.0900103 -0.00871981 0.835238
480.57 284.147 0.119716 0.199003 0.973977
751.476 476.034 0.284127 -0.0577231 0.883424
732.246 153.275 -0.262822 -0.1434 1.95526
729.377 172.914 -0.0981226 -0.103889 1.6657
631.296 259.381 0.0931253 0.0419687 0.926274
551.09 133.494 -0.00904642 0.0982825 0.925764
695.167 86.6147 -0.0415754 -0.0180294 0.928704
646.141 189.829 0.0357885 0.0257997 0.929787
603.773 356.613 0.172123 0.0677378 0.900974
511.055 293.701 0.111615 0.131969 0.886331
701.098 468.72 0.295508 -0.0122103 0.9129
499.012 125.583 -0.0174709 0.143878 0.939371
663.354 510.004 0.335176 0.0260418 0.905663
700.467 469.412 0.298707 -0.0115066 0.916263
683.844 72.9414 -0.0482682 -0.00972108 0.913756
517.974 124.673 -0.0204385 0.135093 0.957594
884.447 201.596 0.0496581 -0.170611 0.912227
760.516 448.554 0.262034 -0.0669374 0.891998
549.94 132.305 -0.00982313 0.0987771 0.924719
577.438 455.417 0.272492 0.103311 0.908653
512.669 365.629 0.177674 0.14622 0.901395
587.554 138.721 -0.00467666 0.0699377 0.926648
830.634 77.4336 -0.0456008 -0.125012 0.924952
807.942 139.734 -0.00282731 -0.114884 0.951283
656.46 54.6061 -0.0649853 0.0113919 0.930276
563.142 195.235 0.0385049 0.0948509 0.928217
575.907 525.75 0.284029 0.0852303 0.830459
663.687 199.3 -0.00193557 0.0781964 1.51941
512.146 365.544 0.177293 0.14631 0.900656
747.532 499.846 0.330469 -0.0570324 0.909038
858.89 358.253 0.153905 -0.128333 0.830935
536.623 188.326 0.032295 0.12069 0.941824
843.259 454.938 0.273786 -0.144054 0.894421
561.239 154.039 0.00573453 0.094784 0.935628
648.854 85.659 -0.044164 0.0190957 0.935219
550.429 437.782 0.24435 0.120157 0.894486
712.209 515 0.328826 -0.0214674 0.888901
631.371 77.9863 -0.049924 0.032663 0.935198
701.345 285.804 0.182686 -0.0152896 1.26998
545.72 116.442 -0.0202296 0.0980424 0.915854
514.974 481.567 0.335784 0.193025 0.958566
516.752 386.399 0.200525 0.149183 0.90916
617.981 477.622 0.281829 0.0620508 0.885887
611.147 142.042 -0.00409655 0.0552295 0.949081
886.178 196.256 0.0452292 -0.167753 0.902643
554.265 441.768 0.254352 0.121134 0.904145
703.424 543.535 0.381729 -0.0118465 0.90966
819.312 531.775 0.376303 -0.131803 0.912322
616.196 483.997 0.278803 0.061041 0.872939
730.557 450.174 0.265718 -0.0400784 0.896949
813.605 128.202 -0.00877111 -0.11287 0.924832
666.69 507.724 0.318115 0.0205823 0.888416
778.658 494.156 0.33856 -0.0911651 0.924845
798.634 122.328 -0.0122675 -0.098611 0.915845
780.613 471.901 0.285993 -0.0853699 0.89015
589.782 449.723 0.2867 0.101013 0.938961
597.456 536.384 0.401392 0.106703 0.945163
594.281 499.894 0.335626 0.0979656 0.924632
653.55 516.726 0.228999 0.0167336 0.766631
604.191 358.976 0.172486 0.0664456 0.89623
650.728 86.7008 -0.0465705 0.0190151 0.950992
697.087 210.536 0.0484161 -0.0121529 1.29034
933.746 393.063 0.27795 -0.299587 1.01461
696.333 268.385 0.126841 -0.0118832 1.08512
513.84 209.362 0.0491004 0.140407 0.936559
505.474 23.3826 -0.0408499 0.0637935 0.732294
693.006 133.048 -0.00853214 -0.0150697 0.937919
843.059 342.966 0.169796 -0.142199 0.908623
930.642 419.874 0.32392 -0.310706 1.02809
597.89 67.9195 -0.053496 0.0552505 0.917304
814.139 164.855 0.0193541 -0.114041 0.923383
642.039 535.776 0.500189 0.079363 1.03666
489.807 502.216 0.375771 0.236427 0.975591
496.395 497.641 0.386669 0.241156 0.995338
511.604 492.371 0.412881 0.24673 1.03371
894.734 82.8316 -0.0220471 -0.13211 0.809153
935.89 263.926 0.118453 -0.276863 1.00993
812.708 101.738 -0.0266927 -0.108934 0.9146
794.896 219.791 0.0632115 -0.0996909 0.925154
488.676 28.0165 -0.0821274 0.134065 0.920582
788.232 453.86 0.283347 -0.0971946 0.913528
630.778 282.967 0.107866 0.0391676 0.896198
567.668 157.833 0.0105068 0.083142 0.910503
519.252 486.674 0.428286 0.253347 1.06157
747.104 119.5 -0.0342609 -0.0714275 1.03739
841.276 57.5866 -0.0792834 -0.156001 1.00153
865.496 5.79243 -0.0818357 -0.136074 0.884117
938.064 156.122 0.00920932 -0.25765 0.998131
684.92 249.675 0.0671301 -0.0084717 0.788079
684.822 166.191 0.0187098 -0.00789228 0.90967
663.446 506.879 0.339277 0.0269466 0.914722
826.092 467.997 0.368284 -0.166605 1.00025
668.765 476.006 0.28945 0.0176514 0.895647
850.779 400.838 0.21736 -0.146134 0.890964
703.197 278.498 0.180945 -0.0182313 1.35467
583.91 509.172 0.560101 0.209001 1.14548
545.521 503 0.452194 0.216737 1.05453
947.957 454.513 0.333766 -0.297571 0.971102
492.427 501.727 0.379383 0.236607 0.980386
785.714 447.712 0.285032 -0.0974107 0.926335
834.788 341.678 0.18492 -0.150308 0.954817
683.12 253.266 0.0690173 -0.00737876 0.787092
760.444 447.406 0.266505 -0.0681338 0.900657
656.826 59.7551 -0.0630731 0.0117966 0.937203
903.737 271.397 0.0970804 -0.165969 0.855196
766.237 407.733 0.219412 -0.0710667 0.888006
820.82 447.362 0.325215 -0.151844 0.982302
694.643 121.46 -0.0146091 -0.0167419 0.917032
820.218 196.339 0.0443684 -0.119126 0.919469
820.876 133.68 -0.00442187 -0.118704 0.923759
689.381 253.817 0.0878508 -0.00884864 0.912157
689.465 176.703 0.0185051 -0.0081312 1.06717
664.458 478.903 0.277625 0.0194715 0.87558
657.266 297.069 0.254135 0.121712 1.54246
697.51 207.906 0.0378632 -0.0115481 1.36336
841.218 392.786 0.219807 -0.144681 0.912074
823.812 466.907 0.29774 -0.131972 0.910906
821.372 130.709 -0.00652331 -0.118719 0.922646
643.662 138.887 -0.00410336 0.0253921 0.931025
509.992 469.35 0.337299 0.209781 0.982054
626.196 186.393 0.00197532 0.117714 1.31633
527.799 24.5557 -0.0843039 0.105336 0.921653
842.994 457.357 0.267943 -0.139441 0.882296
493.757 270.788 0.0917856 0.138962 0.878088
511.621 273.008 0.102224 0.146631 0.927814
822.625 509.81 0.422024 -0.162076 0.989933
681.136 185.166 0.0315946 -0.00736495 0.80264
872.238 267.602 0.0901634 -0.135649 0.836772
629.339 85.7157 -0.0108349 -0.00270639 0.495291
643.48 242.17 0.102591 0.122393 1.44396
694.758 288.065 0.136084 -0.0107892 1.00365
861.962 353.591 0.148157 -0.128143 0.824873
678.192 258.168 0.0591207 -0.00652176 0.714583
959.554 240.613 0.0851055 -0.247818 0.928897
558.836 40.2776 -0.0808831 0.0903268 0.948137
707.659 509.469 0.333596 -0.017334 0.901928
820.616 205.811 0.0519724 -0.119623 0.918839
794.043 532.685 0.293726 -0.083919 0.823972
670.359 496.546 0.338779 0.0209545 0.928504
781.477 491.987 0.363922 -0.101378 0.957737
708.302 505.33 0.341202 -0.0180696 0.916376
821.073 101.308 -0.0292207 -0.119198 0.929013
684.504 151.301 0.00515554 -0.00730904 0.942397
603.034 74.9297 -0.0522673 0.0547784 0.934242
603.665 62.8416 -0.0616786 0.0541491 0.937832
929.856 445.014 0.363164 -0.316462 1.02973
704.427 540.08 0.386991 -0.0128291 0.919225
814.244 235.255 0.0742986 -0.110812 0.901794
588.049 472.068 0.294163 0.0968204 0.913079
598.364 539.962 0.39846 0.103407 0.937298
712.602 295.284 0.447555 -0.0383869 3.13015
699.847 335.49 0.198321 -0.0141736 1.02859
699.864 277.495 0.158727 -0.014204 1.21255
922.031 143.106 0.00613623 -0.192389 0.902016
698.209 265.83 0.126038 -0.0141444 1.10322
698.491 265.909 0.126761 -0.0144497 1.10788
628.836 56.9008 -0.0600917 0.0311213 0.91522
811.403 101.146 -0.0280715 -0.109287 0.920453
732.019 154.346 -0.262908 -0.143403 1.96403
629.84 262.079 0.158183 0.278309 1.80462
498.521 112.068 -0.0215999 0.127195 0.899272
623.145 267.811 0.0972085 0.0462842 0.907448
709.18 150.792 -0.236799 -0.0472343 1.87305
862.439 425.516 0.261049 -0.171724 0.922467
777.3 463.007 0.305559 -0.0901862 0.930772
691.76 134.804 -0.00703128 -0.0139954 0.936442
599.331 289.534 0.119748 0.0730601 0.930818
557.748 197.412 0.0400002 0.0946533 0.911923
770.391 176.639 0.027991 -0.0764535 0.914059
817.066 458.342 0.313613 -0.136321 0.946815
734.735 152.241 -0.279511 -0.157311 1.98504
721.598 151.154 -0.294515 -0.102863 2.00856
830.876 77.6192 -0.0455602 -0.125338 0.925414
571.622 194.773 0.0383028 0.0894276 0.934185
648.763 91.1395 -0.0421207 0.0203319 0.945266
587.88 141.292 -0.00291514 0.0702478 0.92836
843.473 2.12883 -0.130355 -0.160784 1.01911
696.682 350.396 0.171367 -0.0121677 0.906547
844.852 397.328 0.214169 -0.140942 0.891752
957.439 144.643 0.00465772 -0.242698 0.941796
878.176 201.386 0.0490085 -0.161307 0.901923
600.195 362.991 0.172324 0.0678267 0.886812
638.079 358.177 0.172388 0.0375984 0.895128
667.16 469.199 0.295683 0.0208477 0.914573
518.771 386.714 0.203972 0.150648 0.916012
559.624 416.307 0.227743 0.112411 0.902137
503.938 198.855 0.0401545 0.139781 0.918091
