610.704 365.437 0.184783 0.0339844 0.715862
806.361 228.29 0.124635 -0.0696879 0.750067
864.577 399.038 0.231716 -0.112318 0.755276
787.371 123.128 0.0721697 -0.0589087 0.757347
589.148 241.026 0.123162 0.0408588 0.725487
563.3 369.003 0.188414 0.0591252 0.720998
690.048 356.399 0.184496 -0.00615913 0.723161
955.87 145.238 0.0808124 -0.128402 0.715038
497.745 140.346 0.0764558 0.0790334 0.729637
557.541 368.106 0.178978 0.0572623 0.702479
502.974 143.417 0.07866 0.0801563 0.740936
685.22 59.1174 0.0417455 -0.00785896 0.762529
727.176 275.724 0.287087 -0.517202 5.05217
715.509 267.232 -0.0714882 -0.14184 5.48539
714.381 60.142 0.0263933 -0.030184 0.918698
846.952 198.091 0.107784 -0.087708 0.741017
611.485 125.437 0.0702825 0.0257806 0.720498
923.52 248.352 0.144995 -0.149016 0.782061
792.005 19.646 0.0209786 -0.0659034 0.793887
607.924 358.347 0.173373 0.0325383 0.699626
614.856 59.0321 0.0411556 0.027109 0.765813
882.667 187.589 0.0881088 -0.0762282 0.650916
937.953 150.828 0.0863414 -0.135477 0.749953
720.284 249.567 -0.1018 -0.241625 4.26931
505.21 442.669 0.229936 0.0940443 0.719261
951.089 248.862 0.11179 -0.104643 0.653035
519.502 140.552 0.078219 0.0753616 0.752598
868.407 196.532 0.102073 -0.088909 0.710216
557.374 130.536 0.0721694 0.0500943 0.722264
526.961 54.2856 0.0417252 0.0549826 0.70061
689.628 349.311 0.171511 -0.00608202 0.703046
776.247 127.804 0.07417 -0.0526978 0.753576
613.95 132.236 0.0738131 0.0260222 0.730723
952.951 147.074 0.082121 -0.129695 0.720713
491.557 55.2867 0.0402404 0.0805584 0.742737
939.373 151.108 0.0861481 -0.134477 0.745967
580.73 234.828 0.111343 0.0378613 0.687255
541.067 62.9632 0.0433413 0.0602717 0.750642
691.298 351.199 0.190687 -0.00686533 0.74331
585.595 186.185 0.0499505 0.415372 1.84841
789.43 441.074 0.205556 -0.0503661 0.673992
503.72 528.562 0.234614 0.0778543 0.657949
500.733 79.1751 0.0503084 0.0784442 0.745003
556.364 362.926 0.174832 0.056768 0.699426
779.554 118.242 0.0689234 -0.0509639 0.732845
584.042 229.571 0.110688 0.0374212 0.694044
495.895 133.347 0.0732339 0.0786667 0.727021
873.819 394.314 0.217535 -0.110103 0.735861
812.119 217.386 0.117108 -0.0703617 0.740726
690.539 349.088 0.171122 -0.00651973 0.702399
561.597 367.243 0.18425 0.0582284 0.714403
887.603 414.86 0.218929 -0.111128 0.715816
564.389 365.804 0.185477 0.0577841 0.718569
608.467 118.329 0.0665863 0.0252821 0.70632
781.046 412.771 0.246985 -0.063365 0.767639
542.62 247.908 0.128821 0.0663679 0.737106
542.914 69.8331 0.0461874 0.0605176 0.754175
563.146 140.627 0.0778466 0.0516112 0.740981
488.196 453.392 0.213142 0.0894554 0.68442
550.593 43.0551 0.0360573 0.0514885 0.733362
845.161 107.712 0.0652052 -0.0875832 0.755444
839.808 31.4686 0.0290222 -0.0871357 0.773802
822.226 184.376 0.100707 -0.0746133 0.740722
775.365 132.978 0.0770566 -0.0536068 0.761939
840.913 206.99 0.114934 -0.08925 0.756579
808.354 224.494 0.121802 -0.06976 0.74601
597.252 64.5261 0.0439485 0.0349809 0.758183
874.216 401.529 0.217811 -0.107857 0.728328
830.736 171.152 0.0910789 -0.0720275 0.714426
945.383 241.782 0.130631 -0.140034 0.737673
895.366 246.881 0.135662 -0.11854 0.749455
725.834 487.729 0.262461 -0.0240703 0.716345
612.15 357.88 0.1821 0.033434 0.719046
595.067 229.551 0.117935 0.037768 0.726761
613.576 57.4011 0.0417642 0.0251166 0.741744
600.285 500.437 0.308446 0.0574932 0.765009
749.091 484.615 0.327989 -0.0473652 0.797617
867.818 475.094 0.2941 -0.122821 0.762127
485.196 454.28 0.211492 0.0896206 0.68125
906.945 246.06 0.129214 -0.11494 0.725024
813.104 125.266 0.0737998 -0.074629 0.768591
810.116 486.699 0.279615 -0.0768204 0.735557
720.192 471.46 0.298328 -0.0243139 0.777211
828.588 469.898 0.356865 -0.124447 0.844491
697.295 497.917 0.308544 -0.00790695 0.763681
598.919 70.6878 0.0464195 0.0352785 0.764765
607.931 362.569 0.177745 0.0334254 0.70432
612.926 362.197 0.183307 0.0328285 0.716459
857.01 201.409 0.109969 -0.0937454 0.743493
891.608 441.238 0.284364 -0.146917 0.784994
788.04 483.689 0.330601 -0.0777863 0.799886
863.604 91.4451 0.0577861 -0.0893942 0.731804
675.673 115.462 0.0678116 -0.00225313 0.761123
688.5 18.5811 0.0204757 -0.0102605 0.79092
564.017 144.623 0.0799711 0.052186 0.745027
797 363.165 0.558703 -0.273592 1.39225
808.713 222.473 0.120361 -0.0694768 0.7441
858.468 20.4104 0.0213991 -0.102526 0.795385
812.666 216.462 0.114531 -0.068209 0.729947
927.988 360.954 0.150688 -0.0948699 0.63863
854.187 481.491 0.273195 -0.101964 0.730767
851.399 206.974 0.115711 -0.0961114 0.760453
650.928 511.035 0.289307 0.0201053 0.731331
791.763 427.321 0.234927 -0.063023 0.732045
540.808 118.158 0.0687004 0.0756803 0.801963
609.775 359.042 0.175288 0.0321983 0.702951
790.4 114.671 0.0677112 -0.0574681 0.741258
614.409 130.895 0.0730887 0.0255077 0.728345
856.858 15.6099 0.0178718 -0.103949 0.804113
847.776 55.9296 0.0419809 -0.0851493 0.747781
560.295 98.9868 0.0585453 0.0647713 0.807943
595.065 509.138 0.295685 0.0558777 0.742361
683.797 62.1852 0.043057 -0.00711663 0.763689
524.677 10.6701 -0.00372116 0.105297 0.905279
582.804 219.635 0.105007 0.0364564 0.687182
849.723 92.8563 0.0583185 -0.0834407 0.733539
855.485 147.725 0.0841244 -0.0926976 0.749744
620.14 74.7824 0.0482688 0.0252382 0.76824
610.094 364.613 0.182831 0.0337649 0.712725
724.422 489.03 0.261492 -0.0231286 0.714067
829.275 465.546 0.296221 -0.100649 0.776251
853.382 163.92 0.0929734 -0.0949555 0.758993
692.193 231.339 0.166299 -0.00882156 0.975826
845.632 58.8231 0.0430241 -0.085245 0.751762
661.811 166.839 0.0663274 0.000518043 0.572162
939.288 148.912 0.0828164 -0.123344 0.720581
886.671 413.596 0.224025 -0.114515 0.725439
543.692 233.097 0.119966 0.0633713 0.730752
688.389 359.349 0.174514 -0.00536731 0.698239
876.312 342.827 0.195525 -0.116856 0.757923
688.43 244.439 0.156415 -0.00634857 0.8596
524.625 587.881 0.282781 0.0782517 0.672217
764.915 595.831 0.268045 -0.0368231 0.646673
513.444 558.767 0.243613 0.0725356 0.649233
514.651 603.143 0.2615 0.0725571 0.642459
811.083 546.763 0.245596 -0.0575639 0.651117
538.729 115.709 0.0666664 0.0908901 0.855324
565.469 491.987 0.323638 0.0891725 0.792756
671.34 82.0726 0.0520798 -0.000580945 0.764161
652.071 197.214 0.0603246 0.00186097 0.51434
533.367 240.567 0.120211 0.0649762 0.716402
502.099 49.8262 0.0379257 0.0759385 0.744353
681.034 253.451 0.122771 -0.00346384 0.696528
548.555 240.632 0.128536 0.0666833 0.751862
782.199 433.877 0.211628 -0.0497593 0.689773
855.73 43.3644 0.0381386 -0.0819311 0.723253
484.856 159.992 0.0916347 0.263628 1.13993
684.167 30.8411 0.0325782 -0.00747447 0.722081
934.289 379.674 0.346345 -0.293246 0.974466
884.571 416.902 0.237069 -0.120889 0.742936
572.61 104.015 0.0545803 0.085769 0.936136
549.996 613.267 0.358371 0.0866198 0.72289
518.531 517.301 0.23623 0.0739079 0.667104
502.313 617.121 0.425675 0.145895 0.775068
810.354 565.698 0.310969 -0.0720711 0.705829
855.147 601.833 0.345845 -0.102508 0.710064
504.976 612.659 0.428931 0.146686 0.781119
853.366 502.004 0.294479 -0.10544 0.737788
854.583 589.587 0.374193 -0.11489 0.742433
845.723 581.482 0.366006 -0.107927 0.74225
800.983 516.611 0.277828 -0.065599 0.70852
864.169 515.576 0.277769 -0.100934 0.707188
830.316 528.043 0.234661 -0.0652381 0.6498
513.939 607.146 0.264454 0.0734177 0.643181
644.085 551.471 0.247818 0.0167657 0.655034
897.005 507.086 0.244783 -0.104063 0.674092
860.962 576.703 0.37733 -0.123922 0.755021
512.476 606.48 0.257005 0.0713451 0.636234
886.05 494.282 0.259488 -0.109614 0.701939
900.868 509.585 0.241376 -0.103476 0.668116
651.025 547.628 0.258651 0.0148986 0.669319
539.143 63.2439 0.0436783 0.0600879 0.745674
683.733 58.7458 0.0417387 -0.00712229 0.759658
513.065 461.491 0.429208 0.213046 0.959833
780 28.5416 -0.0644674 -0.130157 1.18314
787.479 124.877 0.0729363 -0.0586664 0.75546
854.54 66.9773 0.0461748 -0.0930401 0.763114
856.798 393.313 0.244694 -0.118117 0.785005
705.886 147.253 -0.10585 -0.0400822 1.9555
720.012 237.635 -0.0994797 -0.201245 3.69373
859.158 11.4166 0.0169101 -0.102937 0.796755
788.655 438.916 0.209412 -0.0514622 0.681777
683.202 65.9351 0.04472 -0.00677064 0.764404
952.936 148.145 0.0826458 -0.129991 0.721247
501.887 145.86 0.0796091 0.0801919 0.738815
