703.435 458.13 0.297534 -0.0131728 0.917209
626.755 457.901 0.301083 0.0634868 0.927394
586.339 258.088 0.0983568 0.0764362 0.905404
777.349 434.722 0.26857 -0.0833641 0.907653
768.715 397.151 0.217689 -0.0709186 0.884712
698.487 342.156 0.166757 -0.0126388 0.886275
890.409 188.908 0.050179 -0.170355 0.90849
507.688 202.757 0.0540793 0.141167 0.925309
825.081 139.098 0.0147414 -0.104837 0.866197
958.912 50.6581 -0.0565752 -0.233323 0.946864
845.127 333.997 0.174606 -0.14455 0.917551
487.168 7.94353 -0.0816131 0.131425 0.914323
558.9 406.009 0.224649 0.110905 0.895512
560.793 184.06 0.04044 0.0939943 0.918262
482.063 1.09055 -0.0819585 0.129503 0.901349
602.396 348.278 0.170521 0.0668223 0.889389
638.561 344.842 0.167469 0.036457 0.886404
556.331 408.47 0.220765 0.108971 0.883672
523.732 351.738 0.18643 0.149311 0.930507
837.057 372.381 0.211655 -0.139391 0.917288
729.369 439.382 0.27199 -0.0382397 0.908223
699.208 45.9478 -0.044821 -0.0196556 0.869469
784.924 453.93 0.248431 -0.0784773 0.846979
569.897 48.881 -0.0550898 0.0757544 0.916564
513.701 193.539 0.04699 0.139901 0.937164
586.851 198.786 0.0530142 0.100251 1.01939
624.882 249.07 0.0895587 0.041801 0.887815
562.128 183.648 0.0401386 0.0933141 0.919723
751.7 77.7984 -0.0397864 -0.0631617 0.948621
499.634 107.145 -0.0201795 0.142537 0.940514
527.11 377.795 0.215411 0.153125 0.937166
553.97 172.829 0.0278701 0.126223 1.00611
887 185.953 0.0479616 -0.171317 0.918117
657.409 42.185 -0.0610327 0.0114464 0.926665
817.03 224.714 0.0766967 -0.111899 0.907054
648.874 66.1836 -0.0431725 0.0182768 0.919111
790.799 442.995 0.282901 -0.0980579 0.915066
817.211 150.054 0.0194173 -0.111259 0.913707
646.954 178.867 0.0377376 0.0267094 0.935886
698.951 337.414 0.160403 -0.0132101 0.879642
868.165 263.976 0.107542 -0.151295 0.89366
796.391 161.024 0.0272324 -0.0950179 0.914092
563.734 116.706 -0.0107565 0.0892007 0.930511
606.448 179.6 0.0377936 0.0580927 0.92264
607.555 182.176 0.0397632 0.0581813 0.926813
652.035 72.1594 -0.0445318 0.0183198 0.945244
640.093 341.51 0.165497 0.0353775 0.888863
588.7 122.819 -0.00542374 0.0690431 0.926666
587.56 257.232 0.0985006 0.0767619 0.910897
789.339 241.567 0.0890001 -0.0885718 0.901817
686.907 150.619 0.0194295 -0.00889505 0.882762
684.368 72.0676 -0.0400851 -0.00827707 0.925797
815.403 88.0488 -0.0264385 -0.109959 0.921933
848.657 360.124 0.189223 -0.140127 0.891816
788.689 240.63 0.0897468 -0.0904634 0.914131
790.202 238.026 0.086765 -0.0901739 0.90668
782.828 54.1925 -0.0421632 -0.0776462 0.884847
643.142 341.403 0.174642 0.0366776 0.915022
624.729 253.448 0.0939391 0.0433291 0.894833
592.169 251.639 0.0943771 0.0731713 0.913539
899.299 254.111 0.0992647 -0.173136 0.887328
796.89 73.8552 -0.0866096 -0.138847 1.12165
882.7 187.817 0.0491068 -0.162123 0.90368
693.825 119.674 -0.0069971 -0.0143888 0.933512
482.822 6.446 -0.129895 0.190405 1.05192
633.346 130.767 0.00805137 0.0245758 0.847719
888.985 189.514 0.0506916 -0.170696 0.912022
766.621 109.464 -0.0376887 -0.0945188 1.0707
778.943 400.361 0.211982 -0.0765045 0.867165
817.814 238.286 0.0949073 -0.13081 0.972331
533.48 183.148 -0.0580975 0.482823 1.65507
510.947 291.348 0.123969 0.140886 0.905048
819.268 433.133 0.282184 -0.129644 0.92899
607.436 183.952 0.0411071 0.0594318 0.932087
642.625 176.355 0.0361866 0.0269498 0.908119
775.724 140.643 -0.100077 -0.192757 1.48546
764.152 168.686 0.0321287 -0.0708641 0.925089
717.748 137.077 -0.14387 -0.0626114 1.58977
709.397 139.359 -0.230116 -0.0437322 1.82592
742.722 139.931 -0.160177 -0.138013 1.65614
740.382 107.024 -0.248836 -0.133408 1.67754
768.466 92.1576 -0.203634 -0.177192 1.50753
824.022 96.0201 -0.0447338 -0.151437 1.04768
742.242 144.724 -0.161832 -0.14176 1.69374
794.715 93.7729 -0.0840791 -0.152978 1.1886
761.255 142.927 -0.238226 -0.238419 1.87451
779.912 129.581 -0.0948511 -0.180824 1.39977
752.276 177.059 -0.28483 -0.291454 2.2901
592.093 139.674 0.00491742 0.0724383 0.948903
753.071 151.276 -0.0915061 -0.14727 1.5288
899.308 261.436 0.103144 -0.16894 0.876604
714.412 55.5389 -0.0499872 -0.0316087 0.920968
794.777 231.821 0.079306 -0.08882 0.882779
747.105 456.021 0.299819 -0.0563865 0.92112
757.336 134.573 -0.230532 -0.207582 1.79824
817.119 444.764 0.324629 -0.141667 0.970867
713.92 136.737 -0.256399 -0.0611783 1.86863
717.705 138.195 -0.142764 -0.0626279 1.59386
825.382 226.299 0.0787453 -0.120633 0.913602
768.838 158.902 -0.102964 -0.209887 1.62868
734.08 147.172 -0.0526666 -0.0827689 1.35158
797.037 211.236 0.0668695 -0.0997257 0.927966
709.095 137.398 -0.22434 -0.0425203 1.79883
634.113 136.041 0.00449998 0.0345488 0.932027
727.983 173.05 -0.349696 -0.159184 2.38666
518.633 201.471 0.0535869 0.137877 0.940081
774.908 144.079 -0.0942489 -0.191999 1.48919
776.88 88.8078 -0.0351597 -0.0876262 0.969042
508.212 187.009 0.0417162 0.138682 0.924851
764.92 165.044 0.0297129 -0.0698965 0.914039
814.514 150.646 0.0187896 -0.113193 0.930178
602.853 180.523 0.0385937 0.0581187 0.907919
605.738 342.805 0.171719 0.0675595 0.906133
746.41 454.611 0.302968 -0.0564387 0.927906
838.106 437.019 0.291243 -0.151137 0.934746
530.503 221.437 0.0691086 0.122255 0.918828
838.399 371.289 0.208797 -0.139188 0.913267
548.297 78.6586 -0.092905 0.167328 1.1457
534.862 224.73 0.0730863 0.125464 0.936429
878.065 15.0853 -0.367516 -0.434591 1.55106
830.491 218.396 0.067324 -0.10751 0.852854
766.442 130.145 -0.216173 -0.224281 1.73657
742.918 136.113 -0.161129 -0.135459 1.63357
518.984 106.204 -0.0025019 0.0787054 0.791858
699.847 338.873 0.167715 -0.0137552 0.897083
758.818 127.012 -0.223802 -0.199301 1.73451
713.342 124.36 -0.251771 -0.0573901 1.77882
772.952 161.38 0.0269137 -0.0769982 0.918589
833.926 66.2014 -0.0439761 -0.126991 0.933805
580.323 420.504 0.222602 0.0843637 0.865113
595.378 455.088 0.309 0.100014 0.945468
821.115 153.405 0.0201253 -0.122634 0.944691
631.851 129.174 -0.00234173 0.037936 0.946426
631.576 128.151 -0.00320977 0.0381899 0.947035
579.625 445.081 0.271156 0.101116 0.90676
644.298 63.1485 -0.0849434 0.0379711 1.07281
658.48 49.4785 -0.0591667 0.0117612 0.939163
941.896 123.982 -0.0235408 -0.30795 1.09231
606.493 182.081 0.0396658 0.0590972 0.927091
652.283 264.071 0.133556 0.0477748 1.09754
687.089 155.285 0.020218 -0.00795848 0.929576
861.099 252.171 0.0980902 -0.145326 0.894947
514.196 460.711 0.345307 0.211465 0.991722
596.811 485.599 0.342784 0.100865 0.940525
586.471 471.148 0.284432 0.0909151 0.885867
584.397 30.7115 -0.0735914 0.0689891 0.941427
483.953 4.7654 -0.0822469 0.13169 0.909774
781.085 463.408 0.288909 -0.0845185 0.892418
848.842 447.171 0.261819 -0.138977 0.873391
491.222 469.053 0.305489 0.196465 0.924037
622.976 63.9714 -0.0553667 0.0440855 0.964619
741.548 75.3198 -0.239439 -0.116022 1.51514
735.818 153.744 -0.318096 -0.174584 2.13451
628.001 270.293 0.103724 0.038569 0.874721
763.679 171.341 0.0340408 -0.0712583 0.930511
781.407 461.368 0.289156 -0.0854484 0.895775
521.314 349.587 0.183779 0.150592 0.929188
643.987 176.289 0.0360502 0.0266912 0.915282
812.76 478.371 0.372881 -0.140259 0.97458
781.68 462.847 0.291251 -0.0858818 0.896468
770.949 100.14 -0.0130042 -0.0696091 0.88404
826.558 85.5968 -0.0387403 -0.133678 0.977757
494.253 103.378 -0.0202093 0.139347 0.922889
482.897 188.754 0.0423062 0.175423 0.959535
748.76 147.164 -0.127022 -0.149038 1.61209
725.183 128.735 -0.221816 -0.0932873 1.73807
724.886 441.952 0.264647 -0.0332462 0.892886
833.597 465.146 0.353583 -0.162841 0.971973
583.032 26.0053 -0.0752354 0.0685651 0.935903
833.523 373.39 0.220417 -0.141952 0.934465
537 23.9506 -0.081806 0.108224 0.9519
944.003 399.336 0.285782 -0.295828 0.993295
748.871 143.135 -0.258361 -0.199755 1.92117
485.639 60.2697 -0.0386752 0.120624 0.869372
576.938 56.2931 -0.0563958 0.0771122 0.943343
750.325 461.248 0.293985 -0.0576206 0.904525
626.234 26.7868 -0.0755886 0.0360997 0.940634
827.909 218.142 0.0667924 -0.104802 0.849502
818.492 55.1098 -0.150812 -0.200321 1.24446
740.953 156.68 -0.0984263 -0.124976 1.5922
764.948 393.366 0.219384 -0.0692779 0.895431
626.053 30.0832 -0.0773656 0.0382472 0.954751
749.151 463.403 0.285276 -0.0547542 0.889174
938.645 382.783 0.277523 -0.304113 1.01887
813.501 123.763 -0.00334336 -0.114923 0.944173
554.757 48.9921 -0.0805767 0.113281 1.01208
626.388 491.62 0.332865 0.0647716 0.917468
645.459 126.109 -0.00301985 0.0251024 0.93421
690.15 259.877 0.09079 -0.00928085 0.836955
481.588 273.365 0.120496 0.198442 0.975694
753.577 465.644 0.284906 -0.0582842 0.885141
733.716 146.961 -0.262042 -0.143961 1.95698
730.942 166.218 -0.0973429 -0.10445 1.66742
633.077 247.729 0.0939049 0.0414076 0.927991
552.186 119.811 -0.00826674 0.0977215 0.927482
697.659 72.1704 -0.0407957 -0.0185905 0.930421
648.043 177.26 0.0365682 0.0252387 0.931504
605.492 345.464 0.172902 0.0671768 0.902691
512.308 281.473 0.112395 0.131408 0.888049
703.003 458.669 0.296288 -0.0127713 0.914617
499.641 111.981 -0.0166912 0.143317 0.941088
665.179 499.8 0.335956 0.0254808 0.907381
702.36 459.417 0.299487 -0.0120676 0.917981
686.275 57.9169 -0.0474885 -0.0102821 0.915473
518.715 111.396 -0.0196588 0.134532 0.959312
888.629 189.15 0.0504378 -0.171172 0.913944
762.703 438.228 0.262813 -0.0674984 0.893715
551.027 118.579 -0.00904345 0.098216 0.926436
579.185 444.909 0.273271 0.10275 0.91037
514.114 354.363 0.178454 0.145659 0.903112
588.965 125.175 -0.00389697 0.0693766 0.928366
834.796 62.7794 -0.0448211 -0.125573 0.926669
811.471 126.819 -0.00204763 -0.115445 0.953
658.553 39.5014 -0.0642056 0.0108309 0.931993
564.42 182.631 0.0392846 0.0942899 0.929934
577.838 513.933 0.284808 0.0846692 0.832176
664.8 192.454 -0.00115589 0.0776353 1.52113
513.59 354.263 0.178072 0.145749 0.902373
749.455 489.944 0.331249 -0.0575934 0.910755
862.305 346.15 0.154685 -0.128894 0.832652
537.68 175.841 0.0330746 0.120129 0.943541
845.725 444.914 0.274565 -0.144615 0.896139
562.428 140.908 0.00651421 0.094223 0.937346
650.827 71.2975 -0.0433843 0.0185346 0.936936
552.131 426.892 0.245129 0.119596 0.896203
714.109 504.68 0.329606 -0.0220284 0.890618
633.163 63.4604 -0.0491443 0.032102 0.936915
702.879 278.617 0.183465 -0.0158507 1.2717
546.766 102.249 -0.0194499 0.0974814 0.917571
516.787 471.676 0.336564 0.192464 0.960283
518.261 375.427 0.201304 0.148622 0.910877
619.819 466.897 0.282609 0.0614898 0.887605
612.711 128.988 -0.00331686 0.0546685 0.950798
890.447 183.53 0.0460089 -0.168314 0.90436
555.971 431.075 0.255132 0.120573 0.905862
705.198 533.513 0.382509 -0.0124076 0.911377
821.204 522.184 0.377082 -0.132364 0.914039
618.058 473.05 0.279583 0.0604799 0.874656
732.625 439.863 0.266497 -0.0406394 0.898666
817.329 114.588 -0.00799142 -0.113431 0.926549
668.559 497.246 0.318895 0.0200212 0.890133
780.6 484.586 0.339339 -0.0917262 0.926562
802.238 108.415 -0.0114878 -0.099172 0.917562
782.786 461.7 0.286773 -0.085931 0.891867
591.497 439.718 0.28748 0.100452 0.940679
599.272 526.511 0.402172 0.106142 0.94688
596.075 489.763 0.336405 0.0974045 0.926349
655.744 503.59 0.229779 0.0161725 0.768348
605.923 347.756 0.173266 0.0658846 0.897947
652.677 72.6473 -0.0457908 0.0184541 0.95271
698.686 202.55 0.0491958 -0.0127139 1.29206
936.594 384.736 0.27873 -0.300149 1.01633
698.166 259.275 0.127621 -0.0124443 1.08684
514.81 197.065 0.04988 0.139845 0.938276
506.495 1.89688 -0.0400702 0.0632325 0.734011
695.373 119.687 -0.00775245 -0.0156307 0.939637
846.077 332.332 0.170575 -0.14276 0.91034
933.188 411.882 0.3247 -0.311267 1.02981
599.38 52.8282 -0.0527163 0.0546895 0.919021
817.713 151.906 0.0201338 -0.114602 0.9251
643.662 527.067 0.500968 0.0788019 1.03838
491.769 492.45 0.37655 0.235866 0.977308
498.335 488.14 0.387448 0.240595 0.997055
513.504 483.349 0.413661 0.246169 1.03543
900.168 65.6147 -0.0212674 -0.132671 0.81087
939.841 254.144 0.119232 -0.277424 1.01165
816.569 87.3927 -0.0259131 -0.109496 0.916318
798.04 207.781 0.0639912 -0.100252 0.926871
488.978 12.1154 -0.0813477 0.133504 0.922299
790.41 444.01 0.284126 -0.0977557 0.915246
632.625 271.023 0.108646 0.0386065 0.897915
568.97 144.284 0.0112865 0.082581 0.91222
521.118 477.968 0.429065 0.252786 1.06329
749.811 107.47 -0.0334813 -0.0719885 1.03911
845.47 43.7605 -0.0785038 -0.156562 1.00325
942.912 144.365 0.009989 -0.258211 0.999848
687.537 234.665 0.0679098 -0.00903274 0.789796
687.14 152.877 0.0194895 -0.00845332 0.911387
665.253 496.815 0.340056 0.0263856 0.91644
827.987 459.555 0.369064 -0.167166 1.00197
670.65 465.594 0.290229 0.0170904 0.897364
853.603 390.417 0.218139 -0.146695 0.892682
704.646 271.821 0.181724 -0.0187923 1.35639
585.637 501.284 0.560881 0.20844 1.1472
547.365 494.262 0.452974 0.216176 1.05624
950.532 445.996 0.334546 -0.298132 0.972819
494.384 492.028 0.380162 0.236046 0.982103
685.72 238.277 0.069797 -0.0079398 0.78881
762.602 437.229 0.267284 -0.0686949 0.902375
658.899 44.8909 -0.0622934 0.0112355 0.938921
907.926 258.858 0.0978601 -0.16653 0.856913
768.604 397.102 0.220192 -0.0716277 0.889723
822.879 438.61 0.325995 -0.152405 0.984019
697.105 107.484 -0.0138294 -0.0173029 0.918749
823.728 183.871 0.0451481 -0.119687 0.921187
691.599 241.911 0.0886305 -0.00940968 0.913874
691.422 166.061 0.0192848 -0.00869224 1.06888
666.384 468.129 0.278405 0.0189105 0.877297
658.344 291.499 0.254915 0.121151 1.54418
843.939 382.669 0.220586 -0.145242 0.913791
826.062 457.168 0.29852 -0.132533 0.912623
645.565 125.47 -0.00332367 0.024831 0.932742
511.773 459.752 0.338079 0.20922 0.983771
627.268 178.174 0.002755 0.117153 1.31804
528.491 8.60456 -0.0835242 0.104775 0.92337
845.504 447.123 0.268723 -0.140002 0.884013
512.768 261.365 0.103004 0.14607 0.929532
824.316 501.274 0.422803 -0.162637 0.991651
683.758 169.557 0.0323743 -0.00792599 0.804357
876.238 254.51 0.0909431 -0.13621 0.83849
644.558 235.53 0.10337 0.121832 1.44567
709.526 499.343 0.334376 -0.017895 0.903645
824.088 193.489 0.052752 -0.120184 0.920556
672.148 486.704 0.339558 0.0203935 0.930221
783.312 482.898 0.364702 -0.101939 0.959454
824.992 87.2342 -0.028441 -0.119759 0.930731
604.534 60.3124 -0.0514876 0.0542174 0.935959
932.169 437.159 0.363943 -0.317023 1.03145
706.181 530.205 0.387771 -0.0133901 0.920943
817.583 223.055 0.0750783 -0.111373 0.903511
589.821 461.706 0.294943 0.0962594 0.914797
600.189 529.981 0.39924 0.102846 0.939016
713.213 292.836 0.448334 -0.0389479 3.13187
701.486 269.761 0.159506 -0.0147651 1.21427
927.064 129.42 0.00691592 -0.19295 0.903734
733.48 148.074 -0.262129 -0.143964 1.96575
630.622 257.121 0.158962 0.277748 1.80634
499.19 97.4201 -0.0208202 0.126634 0.90099
624.92 255.894 0.0979882 0.0457231 0.909165
710.45 144.257 -0.236019 -0.0477953 1.87476
865.037 415.864 0.261829 -0.172285 0.924185
779.342 453.441 0.306339 -0.0907472 0.932489
694.116 121.448 -0.0062516 -0.0145565 0.93816
600.928 278.276 0.120527 0.0724991 0.932535
559.025 184.518 0.0407799 0.0940923 0.913641
773.495 163.677 0.0287707 -0.0770146 0.915776
819.188 449.117 0.314392 -0.136883 0.948533
736.222 145.963 -0.278731 -0.157872 1.98676
722.927 144.906 -0.293736 -0.103424 2.01028
835.039 62.9778 -0.0447805 -0.125899 0.927131
572.948 182.283 0.0390825 0.0888665 0.935903
650.705 77.0729 -0.0413411 0.0197709 0.946984
589.291 127.825 -0.00213546 0.0696867 0.930077
698.802 339.493 0.172147 -0.0127287 0.908264
847.659 386.88 0.214948 -0.141503 0.893469
882.329 188.724 0.0497882 -0.161868 0.90364
601.932 351.611 0.173104 0.0672657 0.888529
639.949 347.001 0.173168 0.0370373 0.896846
669.003 459.08 0.296463 0.0202866 0.916291
520.281 375.871 0.204752 0.150087 0.91773
561.29 405.48 0.228522 0.111849 0.903855
504.848 186.043 0.0409341 0.13922 0.919808
