703.958 453.735 0.294606 -0.0128942 0.912827
626.294 453.636 0.297999 0.0633001 0.922645
585.501 250.675 0.0971151 0.076243 0.903125
778.645 429.501 0.26656 -0.0828678 0.905325
770.015 390.938 0.216485 -0.0707771 0.884434
699.115 335.581 0.165586 -0.0124728 0.885526
892.381 180.74 0.0495146 -0.169963 0.909586
505.314 194.436 0.0528245 0.14019 0.921028
827.394 129.156 0.0138662 -0.104339 0.864824
848.818 328.482 0.171136 -0.142473 0.907542
558.419 400.173 0.223201 0.110733 0.894393
559.335 175.452 0.0393911 0.093688 0.915552
602.335 341.689 0.169427 0.0668024 0.889147
638.69 338.391 0.166154 0.0363993 0.885027
556 402.431 0.219462 0.108825 0.883054
522.372 345.874 0.184715 0.148774 0.927805
840.14 367.642 0.208048 -0.137472 0.908396
730.257 434.458 0.269579 -0.0379004 0.904865
701.131 37.4241 -0.0454388 -0.0204073 0.876377
786.215 447.852 0.247094 -0.0781613 0.84655
571.332 41.8711 -0.0560221 0.076651 0.927162
512.686 185.723 0.0462539 0.139706 0.937253
579.191 186.549 0.0477514 0.0986055 0.989776
623.601 241.188 0.087831 0.0419333 0.882505
561.142 175.358 0.039303 0.0932732 0.919078
753.236 67.0878 -0.0404814 -0.0628972 0.945428
496.666 97.0558 -0.0209363 0.141915 0.936813
526.659 371.943 0.21427 0.152904 0.936821
553.68 165.616 0.0272646 0.126533 1.00883
889.606 177.506 0.0470426 -0.170813 0.917661
657.28 31.0578 -0.061652 0.0115435 0.92519
819.058 216.775 0.0756895 -0.111558 0.905994
648.645 55.6497 -0.0438289 0.0184006 0.918052
792.231 437.917 0.280768 -0.0975131 0.91259
818.108 142.61 0.0191504 -0.112282 0.921796
646.56 170.445 0.0367807 0.0269422 0.934095
699.34 330.914 0.15879 -0.0128534 0.877088
870.38 256.574 0.106648 -0.15085 0.89332
798.158 152.078 0.0263436 -0.094568 0.912685
562.503 107.003 -0.0115386 0.0887624 0.92821
605.47 170.994 0.0367843 0.0581886 0.920483
607.009 173.841 0.0388715 0.0581911 0.925848
651.765 61.9433 -0.0452203 0.0184883 0.944079
640.23 334.827 0.164522 0.0355354 0.889
587.077 112.603 -0.00631706 0.0686657 0.92173
586.893 249.89 0.0974727 0.0767779 0.909932
790.906 233.898 0.088098 -0.0883426 0.901536
687.389 141.597 0.018751 -0.00873922 0.883072
684.47 61.5704 -0.0407256 -0.00797996 0.924167
817.65 77.3777 -0.0271779 -0.109195 0.919067
850.804 353.889 0.187633 -0.139451 0.8899
790.324 233.007 0.0885839 -0.0899464 0.912004
792.432 230.057 0.0848975 -0.0890929 0.899606
783.912 44.9748 -0.0428352 -0.0778164 0.889556
643.319 335.083 0.173567 0.0367317 0.914569
624.654 245.936 0.0931095 0.0434408 0.894953
592.005 244.3 0.0935119 0.0730018 0.913327
897.696 246.89 0.100444 -0.17468 0.899061
798.422 65.0608 -0.0872444 -0.138395 1.12064
885.371 179.336 0.0482493 -0.161612 0.903005
694.295 110.567 -0.00772838 -0.0142274 0.933699
484.477 0.94696 -0.131547 0.192611 1.06454
634.002 122.006 0.0076146 0.0248079 0.852783
892.031 181.017 0.049729 -0.170057 0.910447
767.81 100.962 -0.0383949 -0.094118 1.06931
781.199 394.802 0.209606 -0.0763392 0.863137
829.4 227.855 0.0855675 -0.122913 0.91483
531.764 178.138 -0.0589059 0.48138 1.65104
512.456 284.191 0.124369 0.141706 0.911725
821.292 428.535 0.279184 -0.128628 0.924245
606.541 175.612 0.0401521 0.0595743 0.930376
642.597 167.815 0.0353632 0.027011 0.907643
774.433 140.981 -0.102779 -0.198766 1.53235
765.606 159.915 0.0311828 -0.0705298 0.923187
718.122 140.348 -0.14929 -0.0654294 1.66092
710.093 143.508 -0.240151 -0.0458101 1.91308
743.596 132.093 -0.159866 -0.136187 1.63777
739.653 112.694 -0.260187 -0.140156 1.7617
770.744 79.5769 -0.200727 -0.172826 1.47474
824.238 90.0533 -0.0454981 -0.152745 1.05867
743.088 137.127 -0.16152 -0.1399 1.67503
795.908 86.2897 -0.0848264 -0.152835 1.19001
763.304 132.373 -0.234179 -0.231648 1.82543
779.036 128.434 -0.0969785 -0.185122 1.434
757.164 154.664 -0.263087 -0.261093 2.05997
589.517 128.481 0.00351336 0.0711752 0.936605
752.447 151.38 -0.0939461 -0.151751 1.57603
900.405 253.834 0.103073 -0.16946 0.881156
715.129 46.3614 -0.0506891 -0.031555 0.924647
796.291 223.954 0.078688 -0.0888031 0.884159
748.381 452.425 0.295774 -0.0557458 0.913858
755.561 140.344 -0.241996 -0.219231 1.89822
819.074 440.841 0.320985 -0.140365 0.964837
714.462 142.828 -0.269839 -0.0647369 1.97587
718 130.507 -0.142932 -0.0618216 1.57906
827.604 218.395 0.0775351 -0.11984 0.910665
770.415 151.302 -0.103168 -0.206835 1.60802
734.704 140.248 -0.0533997 -0.0821885 1.3463
799.171 202.924 0.0653927 -0.0987916 0.922652
709.662 139.007 -0.231661 -0.0439231 1.86054
629.107 123.819 0.0028889 0.0362018 0.916474
728.02 172.687 -0.359523 -0.162931 2.44391
518.221 194.049 0.0530983 0.138548 0.94342
775.551 138.958 -0.095189 -0.192321 1.49413
777.941 79.7396 -0.0357822 -0.0872226 0.969793
506.349 178.675 0.0407685 0.138077 0.922473
766.731 155.812 0.0286417 -0.0695717 0.910483
816.445 141.691 0.0179337 -0.112674 0.928862
602.279 172.025 0.0377477 0.0580962 0.906886
605.388 336.717 0.170074 0.0672096 0.903262
747.561 450.853 0.299112 -0.0557653 0.921187
840.306 432.55 0.28823 -0.149944 0.929967
532.19 214.448 0.0694596 0.123695 0.928609
842.032 366.551 0.205008 -0.137507 0.903789
547.553 71.2125 -0.0936999 0.167696 1.14858
531.841 216.719 0.0713489 0.124589 0.929555
875.513 15.798 -0.376412 -0.445304 1.59022
831.326 210.281 0.0672341 -0.107944 0.858574
767.399 123.868 -0.216705 -0.223251 1.7311
743.848 127.793 -0.16066 -0.133463 1.61319
539.228 110.869 -0.000111684 0.0842359 0.8511
700.395 332.799 0.165565 -0.0135391 0.892335
756.729 134.1 -0.2362 -0.211762 1.84115
713.992 132.77 -0.26657 -0.0613008 1.89692
774.969 151.631 0.0256486 -0.0762216 0.912076
836.197 55.8304 -0.0446389 -0.126532 0.933043
579.964 414.595 0.221042 0.0842291 0.86374
595.511 450.258 0.308415 0.100068 0.945335
823.39 144.362 0.0191674 -0.121909 0.941787
631.391 119.881 -0.00316801 0.0379144 0.944308
631.209 119.01 -0.00400095 0.038196 0.945662
578.967 440.187 0.268745 0.100693 0.903427
644.263 55.0263 -0.0855245 0.0381392 1.07509
658.343 38.5018 -0.0597465 0.011829 0.937125
944.192 116.537 -0.0242487 -0.308047 1.09455
606.294 174.081 0.0389876 0.0593522 0.928767
651.922 258.029 0.131649 0.0476187 1.09214
688.139 148.759 0.0202957 -0.00804068 0.940534
865.935 244.255 0.0953503 -0.142963 0.88353
511.978 457.282 0.340681 0.209526 0.984049
596.33 481.5 0.339311 0.100198 0.935851
586.387 466.242 0.282167 0.0902947 0.883097
588.826 31.7826 -0.0738052 0.0712058 0.968548
782.45 458.098 0.287016 -0.0841737 0.890769
850.437 441.495 0.260408 -0.138348 0.872545
489.935 464.03 0.303049 0.195903 0.921572
621.94 53.5566 -0.0560263 0.0443544 0.962709
742.736 62.126 -0.236886 -0.113366 1.48521
735.695 153.844 -0.327241 -0.179113 2.19094
629.111 262.766 0.103835 0.0386722 0.880176
765.175 162.562 0.0330307 -0.0708631 0.927828
783.065 457.028 0.286143 -0.0847729 0.891087
520.283 343.571 0.182347 0.150182 0.927532
643.653 167.492 0.0350305 0.0267344 0.912583
784.188 460.944 0.284525 -0.0842217 0.883032
772.461 90.0611 -0.0136559 -0.0693193 0.883443
828.165 76.6596 -0.0394341 -0.133502 0.979334
493.575 94.6914 -0.020873 0.139751 0.925954
480.244 180.611 0.0412265 0.174701 0.956311
747.74 150.335 -0.131833 -0.155951 1.68643
725.159 134.114 -0.232128 -0.0982392 1.8292
725.749 436.662 0.262652 -0.032988 0.890646
836.348 462.142 0.347949 -0.160814 0.962517
581.629 14.4474 -0.0757857 0.0684573 0.933843
836.607 368.767 0.216747 -0.140162 0.925489
535.489 13.6332 -0.0825222 0.108508 0.952897
947.44 394.548 0.282867 -0.293952 0.988717
750.124 134.113 -0.255389 -0.195517 1.8842
484.618 50.2911 -0.0392112 0.120678 0.871197
575.835 46.0508 -0.0569723 0.0770769 0.94265
751.485 456.573 0.29115 -0.0571692 0.900672
625.635 15.9358 -0.0762048 0.0362723 0.940302
832.519 208.456 0.0641765 -0.102802 0.836716
817.448 53.0704 -0.153775 -0.204157 1.26969
741.944 148.289 -0.0983057 -0.122592 1.56598
766.132 387.386 0.217923 -0.0689558 0.894305
625.343 18.9049 -0.0778948 0.0382712 0.952874
750.484 459.163 0.281866 -0.0542678 0.883751
942.13 378.161 0.274547 -0.301818 1.01336
815.436 114.526 -0.00414376 -0.114529 0.943351
552.725 38.6116 -0.081291 0.113339 1.01028
625.719 488.476 0.3282 0.0642275 0.909933
645.536 116.732 -0.00390799 0.0249815 0.933271
690.702 251.758 0.089384 -0.009137 0.833663
754.61 460.765 0.282539 -0.0577441 0.882154
733.054 153.941 -0.277388 -0.153405 2.08361
731.498 159.461 -0.097992 -0.103213 1.65164
633.186 240.424 0.0929333 0.0412662 0.927207
550.728 110.26 -0.00905991 0.0974879 0.925796
697.938 62.0897 -0.0413622 -0.018247 0.929641
647.827 169.403 0.0359773 0.0258822 0.934471
605.057 339.088 0.171513 0.0672342 0.901341
512.297 273.888 0.111725 0.131595 0.890477
703.536 454.126 0.293562 -0.0125042 0.910744
497.347 102.423 -0.0174516 0.142971 0.939273
665.289 496.053 0.33213 0.0253952 0.901893
702.973 454.722 0.296904 -0.0118898 0.914598
686.591 47.0157 -0.0481472 -0.0101118 0.914074
516.673 101.983 -0.0204187 0.134224 0.957457
891.466 180.738 0.0495307 -0.170498 0.912664
763.918 432.894 0.260872 -0.0671129 0.891571
549.498 108.911 -0.00986079 0.0979449 0.924515
578.66 439.865 0.271033 0.102369 0.907586
587.719 115.638 -0.00469123 0.069327 0.926049
836.828 52.5271 -0.0455145 -0.125172 0.926837
813.568 117.294 -0.00296505 -0.1148 0.950474
658.443 27.335 -0.0647475 0.0107 0.927697
563.311 174.26 0.0383382 0.0940993 0.928396
578.796 506.047 0.28595 0.0855602 0.837227
663.6 185.23 -0.00272922 0.076419 1.4963
512.287 348.11 0.176465 0.14524 0.900175
750.625 485.918 0.327706 -0.0570736 0.905815
867.101 340.97 0.150839 -0.126203 0.820654
848.032 439.943 0.271873 -0.143679 0.892462
561.849 132.514 0.00588772 0.094302 0.938493
650.788 61.1248 -0.0440233 0.0185394 0.936016
550.878 421.95 0.242574 0.118963 0.892054
714.69 500.416 0.326798 -0.0216139 0.887033
632.778 53.1948 -0.0498093 0.0321944 0.936322
703.528 274.239 0.184684 -0.0161045 1.28137
547.244 95.1629 -0.0194925 0.0983418 0.924142
514.891 468.024 0.332532 0.19094 0.953917
517.871 369.344 0.200368 0.14847 0.910967
618.963 462.754 0.279038 0.0613152 0.881861
609.836 118.278 -0.00448044 0.0551433 0.94242
894.523 174.352 0.0447006 -0.166985 0.899359
705.778 530.64 0.377395 -0.012162 0.904292
823.126 518.772 0.372658 -0.130978 0.908161
617.963 468.647 0.276682 0.0599232 0.870239
732.666 432.774 0.26746 -0.0401 0.904156
819.416 104.902 -0.00876571 -0.112915 0.925112
781.891 479.794 0.336791 -0.0912443 0.924012
803.972 98.8277 -0.0122378 -0.0988714 0.917515
784.668 457.883 0.282862 -0.0850026 0.885103
590.795 435.158 0.284547 0.0999034 0.93622
598.508 523.63 0.396742 0.105032 0.939422
595.148 486.186 0.332097 0.0966372 0.919864
658.21 491.932 0.235398 0.0165075 0.782729
605.777 341.291 0.172066 0.0658677 0.8973
652.279 61.8021 -0.0463991 0.018478 0.948917
698.721 195.754 0.0473966 -0.01243 1.27935
940.066 380.166 0.27571 -0.297788 1.01066
698.431 253.032 0.125497 -0.0122181 1.07979
512.949 188.975 0.0488496 0.139397 0.936023
695.879 111.758 -0.00830268 -0.0154565 0.944583
848.385 325.872 0.168816 -0.142009 0.90776
942.337 410.018 0.312863 -0.302846 1.00492
601.25 47.3689 -0.0535443 0.055729 0.933618
819.742 142.88 0.0192433 -0.114115 0.923788
641.719 529.151 0.484345 0.076754 1.01345
487.628 490.967 0.368722 0.231938 0.963815
495.294 485.919 0.380774 0.2372 0.985992
508.599 482.378 0.402826 0.241444 1.01739
897.38 62.8362 -0.0200663 -0.135558 0.828706
818.726 77.019 -0.0266682 -0.109009 0.914947
799.575 200.074 0.0632961 -0.0999897 0.926911
487.384 1.35262 -0.0819492 0.133348 0.923042
791.856 438.947 0.281951 -0.0972164 0.912703
632.596 263.872 0.107759 0.0386542 0.897274
567.893 135.179 0.0104883 0.0824786 0.911094
514.796 478.3 0.414621 0.24633 1.03839
751.086 97.9691 -0.0343373 -0.071604 1.03518
848.454 32.3187 -0.0789708 -0.155394 0.998742
947.793 135.04 0.00886058 -0.256406 0.99458
688.312 225.545 0.0672752 -0.00891517 0.791445
687.708 145.153 0.0191217 -0.00825385 0.917514
665.305 493.212 0.336044 0.0263041 0.910523
830.934 456.963 0.362409 -0.164892 0.990418
670.923 460.914 0.287375 0.0170969 0.893488
855.759 384.473 0.216304 -0.14597 0.89061
704.738 266.78 0.177545 -0.0183706 1.33792
580.302 504.89 0.536658 0.200795 1.10962
541.333 496.024 0.436357 0.209916 1.02826
956.953 443.393 0.327021 -0.293071 0.959078
491.111 489.76 0.373449 0.232821 0.971165
686.142 229.231 0.068853 -0.00767523 0.787954
763.791 431.846 0.265473 -0.0683601 0.900612
658.756 33.8539 -0.0628923 0.0113287 0.937112
910.366 250.906 0.0970747 -0.166236 0.857542
769.877 390.915 0.218977 -0.0714782 0.889462
824.608 434.206 0.323263 -0.151458 0.980162
697.478 95.3726 -0.0147542 -0.0170358 0.908042
825.741 175.373 0.0441896 -0.119171 0.919948
692.044 234.137 0.0872789 -0.00924959 0.911372
691.492 157.432 0.0179102 -0.0084768 1.06078
666.778 462.93 0.276387 0.0189357 0.875187
656.983 287.216 0.247582 0.118835 1.51551
846.1 377.036 0.218671 -0.144454 0.911038
827.688 451.962 0.296519 -0.131944 0.910814
644.567 114.318 -0.00458621 0.0247309 0.924576
510.904 455.328 0.335182 0.207897 0.980111
629.214 173.508 0.00254011 0.115058 1.32622
545.527 28.2436 -0.0828034 0.112249 0.988497
846.704 440.35 0.268687 -0.140465 0.887084
510.636 254.507 0.101612 0.144934 0.924732
837.828 519.338 0.38052 -0.148651 0.914746
684.449 159.906 0.0317393 -0.00781104 0.805792
878.757 246.376 0.0900311 -0.135685 0.837903
642.928 229.601 0.100076 0.119874 1.42268
710.335 495.212 0.331004 -0.0177735 0.899195
826.358 184.866 0.0515358 -0.119447 0.91776
829.628 72.2544 -0.0295611 -0.116866 0.913903
601.592 46.0569 -0.0522933 0.0538274 0.924739
706.751 527.045 0.382934 -0.0131251 0.914481
819.248 215.394 0.074457 -0.111151 0.904033
590.167 456.514 0.29362 0.0958246 0.91394
599.014 527.621 0.393013 0.101762 0.930115
712.878 289.365 0.417944 -0.0363066 2.9485
701.663 264.327 0.156629 -0.0144697 1.20307
930.762 119.796 0.00614221 -0.192201 0.90226
597.963 480.384 0.346568 0.101953 0.946551
743.819 485.692 0.348229 -0.053058 0.93139
594.987 483.381 0.338808 0.100664 0.932425
605.427 248.457 0.105734 0.0771027 0.979562
533.092 215.81 0.0708922 0.125028 0.933876
745.508 492.613 0.336467 -0.0522578 0.907306
544.193 28.3061 -0.0826662 0.113293 0.988144
745.054 492.349 0.336936 -0.0519116 0.908256
631.322 117.144 -0.00543214 0.0380184 0.94583
835.639 59.0753 -0.0429432 -0.126924 0.935582
870.375 248.232 0.0980402 -0.145567 0.880632
721.952 449.996 0.258474 -0.0283603 0.864291
820.346 510.845 0.387386 -0.136571 0.93435
664.3 530.012 0.358575 0.0266985 0.887773
953.538 147.766 0.020309 -0.263768 0.994695
691.764 272.026 0.0959627 -0.00985159 0.800239
531.381 376.031 0.226039 0.156697 0.953385
701.761 487.458 0.309937 -0.0101867 0.884347
617.813 488.518 0.309562 0.0659155 0.886974
956.865 337.368 0.198529 -0.266872 0.949854
762.967 79.5887 -0.0263325 -0.067263 0.918665
694.337 92.0023 -0.0152129 -0.0147899 0.895648
697.08 285.571 0.115828 -0.0125068 0.849045
557.784 163.285 0.0301374 0.0952979 0.920729
732.74 156.005 -0.278787 -0.15427 2.1046
629.823 253.321 0.156821 0.276174 1.79659
496.919 87.2157 -0.0215489 0.126342 0.899437
624.536 248.48 0.096774 0.0456976 0.907032
710.548 138.047 -0.235535 -0.0472791 1.8629
867.463 410.776 0.25947 -0.171281 0.920777
780.877 449.502 0.302724 -0.0897973 0.926434
694.446 111.892 -0.0070663 -0.0143052 0.936042
600.016 271.358 0.118863 0.0722217 0.928695
558.031 176.188 0.0399502 0.0939893 0.912854
775.059 154.649 0.0278016 -0.0765623 0.913524
821.605 445.835 0.309711 -0.135133 0.939845
736.689 140.517 -0.278672 -0.157044 1.98
723.194 139.84 -0.294064 -0.103013 2.00707
837.511 52.2075 -0.0453982 -0.125285 0.925389
570.979 173.418 0.0377871 0.0883505 0.930338
650.093 65.7234 -0.0420424 0.0197787 0.941689
588.433 118.623 -0.00289977 0.0696481 0.92908
699.404 333.121 0.170782 -0.0125688 0.906874
850.272 381.394 0.212601 -0.140513 0.889319
884.75 180.332 0.0489853 -0.1613 0.90329
601.673 345.144 0.171846 0.0672593 0.887634
639.962 340.648 0.171891 0.0371125 0.895667
669.274 454.403 0.293924 0.0202993 0.912904
518.993 370.201 0.202932 0.149493 0.915015
561.503 399.189 0.22783 0.111931 0.905177
502.962 177.638 0.0399844 0.138624 0.917525
