704.065 448.444 0.294598 -0.0129287 0.913636
626.33 448.362 0.297991 0.0632655 0.923454
585.253 244.317 0.097107 0.0762084 0.903933
778.87 424.159 0.266552 -0.0829023 0.906134
770.296 385.282 0.216477 -0.0708116 0.885243
699.271 329.642 0.165578 -0.0125073 0.886335
893.524 174.109 0.0495064 -0.169997 0.910395
504.652 187.765 0.0528163 0.140155 0.921837
828.351 121.522 0.013858 -0.104374 0.865633
849.398 322.834 0.171128 -0.142508 0.908351
558.288 394.476 0.223193 0.110698 0.895202
558.887 168.604 0.039383 0.0936534 0.916361
602.228 335.742 0.169419 0.0667679 0.889956
638.679 332.415 0.166146 0.0363647 0.885835
555.862 396.632 0.219454 0.108791 0.883863
522.086 340.245 0.184707 0.14874 0.928614
840.601 362.177 0.208039 -0.137507 0.909205
730.41 429.085 0.269571 -0.0379349 0.905674
701.432 28.8405 -0.045447 -0.0204418 0.877186
786.471 441.998 0.247086 -0.0781959 0.847359
570.786 33.7724 -0.0560302 0.0766165 0.927971
512.042 179.135 0.0462457 0.139672 0.938062
578.841 180.45 0.0477432 0.0985709 0.990585
623.494 234.578 0.0878229 0.0418988 0.883314
560.702 168.545 0.0392949 0.0932387 0.919887
753.817 59.5541 -0.0404896 -0.0629318 0.946237
495.761 89.6125 -0.0209445 0.14188 0.937622
526.442 366.499 0.214262 0.15287 0.93763
553.182 159.461 0.0272564 0.126499 1.00964
890.738 170.922 0.0470345 -0.170847 0.91847
657.279 22.8645 -0.0616601 0.011509 0.925999
819.777 210.358 0.0756813 -0.111593 0.906803
648.595 47.6725 -0.0438371 0.0183661 0.918861
792.454 432.668 0.28076 -0.0975477 0.913398
818.957 135.695 0.0191422 -0.112317 0.922605
646.518 163.786 0.0367725 0.0269077 0.934904
699.501 324.864 0.158782 -0.0128879 0.877897
871.23 250.365 0.10664 -0.150885 0.894129
798.891 145.152 0.0263354 -0.0946025 0.913494
561.98 99.6265 -0.0115468 0.0887278 0.929019
605.235 164.186 0.0367761 0.058154 0.921292
606.782 167.109 0.0388633 0.0581566 0.926657
651.726 54.2774 -0.0452285 0.0184537 0.944888
640.222 328.873 0.164514 0.0355009 0.889809
586.697 105.238 -0.00632522 0.0686312 0.922539
586.65 243.593 0.0974646 0.0767433 0.910741
791.477 227.55 0.0880898 -0.0883771 0.902345
687.567 134.193 0.0187429 -0.00877375 0.883881
684.639 53.7405 -0.0407338 -0.00801449 0.924975
818.62 69.7601 -0.027186 -0.109229 0.919876
851.344 348.198 0.187625 -0.139486 0.890709
790.888 226.753 0.0885757 -0.0899809 0.912813
793.017 223.661 0.0848893 -0.0891274 0.900415
784.736 36.6728 -0.0428434 -0.0778509 0.890365
643.319 329.377 0.173559 0.0366971 0.915378
624.552 239.489 0.0931013 0.0434062 0.895762
591.776 238.001 0.0935037 0.0729672 0.914136
898.678 240.689 0.100436 -0.174714 0.89987
799.249 58.6988 -0.0872526 -0.13843 1.12145
886.488 172.622 0.0482411 -0.161647 0.903814
694.503 103.361 -0.00773655 -0.0142619 0.934508
633.902 114.029 0.00760643 0.0247734 0.853592
893.17 174.396 0.0497209 -0.170091 0.911256
768.403 94.7054 -0.0384031 -0.0941525 1.07012
781.514 388.955 0.209597 -0.0763738 0.863946
830.135 221.617 0.0855594 -0.122948 0.915639
531.07 174.47 -0.0589141 0.481345 1.65185
512.005 278.083 0.12436 0.141671 0.912533
821.562 423.386 0.279176 -0.128663 0.925054
606.312 168.938 0.0401439 0.0595397 0.931185
642.541 160.878 0.035355 0.0269765 0.908451
774.96 136.829 -0.102788 -0.198801 1.53316
766.156 153.141 0.0311747 -0.0705643 0.923995
718.326 136.403 -0.149298 -0.0654639 1.66172
710.23 139.94 -0.240159 -0.0458446 1.91389
743.956 128.027 -0.159874 -0.136222 1.63858
740.008 108.577 -0.260195 -0.140191 1.76251
771.352 74.568 -0.200735 -0.17286 1.47555
825.183 83.6464 -0.0455063 -0.152779 1.05948
743.438 133.181 -0.161528 -0.139934 1.67584
796.673 80.4988 -0.0848346 -0.152869 1.19082
763.782 128.594 -0.234188 -0.231682 1.82624
779.614 123.917 -0.0969866 -0.185156 1.43481
757.572 151.399 -0.263095 -0.261127 2.06078
589.162 121.414 0.0035052 0.0711407 0.937414
752.836 147.419 -0.0939543 -0.151785 1.57684
901.394 247.501 0.103065 -0.169494 0.881965
715.496 38.3794 -0.0506973 -0.0315895 0.925456
796.912 217.354 0.0786798 -0.0888376 0.884968
748.532 447.177 0.295766 -0.0557803 0.914666
755.979 136.743 -0.242004 -0.219266 1.89903
819.277 436.022 0.320977 -0.1404 0.965646
714.621 139.32 -0.269847 -0.0647715 1.97668
718.215 126.303 -0.14294 -0.0618562 1.57987
828.353 212.043 0.0775269 -0.119875 0.911473
770.901 147.412 -0.103176 -0.20687 1.60883
735.027 135.585 -0.0534079 -0.082223 1.34711
799.817 196.542 0.0653845 -0.0988261 0.923461
709.801 135.325 -0.23167 -0.0439577 1.86135
628.963 116.545 0.00288074 0.0361672 0.917283
728.226 169.899 -0.359531 -0.162965 2.44472
517.618 187.589 0.0530901 0.138514 0.944229
776.089 134.7 -0.0951971 -0.192356 1.49493
778.649 72.5661 -0.0357903 -0.0872571 0.970602
505.661 171.886 0.0407603 0.138043 0.923282
767.297 148.878 0.0286336 -0.0696063 0.911292
817.283 134.832 0.0179255 -0.112709 0.929671
602.031 165.092 0.0377395 0.0580616 0.907695
605.287 330.885 0.170066 0.067175 0.904071
747.709 445.661 0.299104 -0.0557999 0.921996
840.586 427.471 0.288221 -0.149979 0.930776
531.683 208.028 0.0694515 0.123661 0.929418
842.505 361.04 0.205 -0.137542 0.904598
546.822 64.9204 -0.0937081 0.167662 1.14939
531.337 210.325 0.0713407 0.124555 0.930364
877.099 10.1288 -0.37642 -0.445339 1.59102
832.146 203.313 0.0672259 -0.107979 0.859383
767.915 119.862 -0.216713 -0.223286 1.73191
744.215 123.634 -0.160668 -0.133498 1.614
538.595 102.695 -0.00011985 0.0842014 0.851909
700.554 326.914 0.165557 -0.0135736 0.893144
757.164 130.358 -0.236209 -0.211796 1.84196
714.159 129.055 -0.266578 -0.0613353 1.89773
775.582 144.679 0.0256404 -0.0762561 0.912885
837.32 48.1092 -0.0446471 -0.126567 0.933852
579.876 408.661 0.221034 0.0841945 0.864549
595.527 445.13 0.308407 0.100033 0.946144
824.254 137.649 0.0191592 -0.121943 0.942596
631.251 112.825 -0.00317618 0.0378799 0.945117
631.068 111.957 -0.00400912 0.0381614 0.946471
578.932 434.692 0.268737 0.100658 0.904236
644.134 48.2107 -0.0855327 0.0381046 1.0759
658.345 30.5062 -0.0597547 0.0117945 0.937934
945.754 110.699 -0.0242569 -0.308082 1.09536
606.063 167.378 0.0389795 0.0593176 0.929576
651.905 253.193 0.131641 0.0475842 1.09295
688.3 141.988 0.0202875 -0.00807521 0.941343
866.808 237.853 0.0953421 -0.142997 0.884339
511.989 452.364 0.340673 0.209491 0.984858
596.38 476.328 0.339303 0.100163 0.93666
586.382 460.617 0.282159 0.0902602 0.883906
588.366 23.9304 -0.0738133 0.0711713 0.969356
782.645 452.689 0.287008 -0.0842083 0.891578
850.776 435.939 0.260399 -0.138382 0.873354
489.885 458.65 0.303041 0.195869 0.92238
621.707 45.9341 -0.0560345 0.0443198 0.963518
743.176 56.8966 -0.236894 -0.113401 1.48602
735.972 150.664 -0.327249 -0.179147 2.19175
629.036 256.286 0.103826 0.0386377 0.880985
765.718 155.854 0.0330225 -0.0708976 0.928637
783.263 451.621 0.286135 -0.0848075 0.891896
519.987 337.927 0.182338 0.150147 0.928341
643.6 160.602 0.0350223 0.0266999 0.913392
784.388 455.472 0.284517 -0.0842563 0.883841
773.156 82.1931 -0.013664 -0.0693539 0.884252
829.18 69.5578 -0.0394423 -0.133537 0.980143
492.649 87.1212 -0.0208812 0.139716 0.926763
748.101 146.56 -0.131841 -0.155986 1.68724
725.398 130.343 -0.232136 -0.0982737 1.83001
725.9 431.164 0.262644 -0.0330225 0.891455
836.514 457.347 0.347941 -0.160848 0.963326
581.119 6.08578 -0.0757939 0.0684228 0.934652
837.041 363.456 0.216739 -0.140196 0.926298
534.664 5.39978 -0.0825304 0.108473 0.953705
947.933 389.901 0.282859 -0.293986 0.989525
750.517 130.418 -0.255397 -0.195552 1.885
483.56 41.6636 -0.0392194 0.120643 0.872006
575.316 38.1431 -0.0569805 0.0770424 0.943459
751.643 451.223 0.291142 -0.0572037 0.90148
625.416 7.67555 -0.076213 0.0362377 0.941111
833.366 201.21 0.0641683 -0.102836 0.837525
818.419 47.1907 -0.153783 -0.204191 1.2705
742.28 144.269 -0.0983139 -0.122626 1.56679
766.404 381.809 0.217915 -0.0689903 0.895114
625.119 10.7888 -0.077903 0.0382367 0.953683
750.647 453.667 0.281858 -0.0543024 0.884559
942.654 373.628 0.274539 -0.301853 1.01416
816.315 107.525 -0.00415193 -0.114564 0.94416
552.026 31.1338 -0.0812992 0.113305 1.01108
625.776 483.133 0.328192 0.0641929 0.910742
645.475 109.555 -0.00391616 0.024947 0.93408
690.878 244.708 0.0893758 -0.00917153 0.834472
754.777 455.26 0.282531 -0.0577786 0.882963
733.315 150.676 -0.277396 -0.153439 2.08442
731.762 155.716 -0.0980002 -0.103247 1.65245
633.112 234.256 0.0929251 0.0412317 0.928016
550.146 102.886 -0.00906807 0.0974534 0.926605
698.188 54.3246 -0.0413703 -0.0182815 0.93045
647.79 162.739 0.0359691 0.0258476 0.93528
604.957 333.249 0.171505 0.0671997 0.90215
511.817 267.505 0.111717 0.131561 0.891286
703.643 448.818 0.293554 -0.0125388 0.911553
496.456 95.058 -0.0174598 0.142936 0.940082
665.364 490.68 0.332122 0.0253607 0.902702
703.078 449.447 0.296896 -0.0119243 0.915407
686.781 38.9239 -0.0481554 -0.0101463 0.914882
515.883 94.7844 -0.0204269 0.13419 0.958266
892.602 174.136 0.0495226 -0.170533 0.913473
764.126 427.426 0.260864 -0.0671475 0.89238
548.907 101.511 -0.00986896 0.0979104 0.925324
578.626 434.405 0.271024 0.102334 0.908395
587.345 108.345 -0.00469939 0.0692925 0.926858
837.965 44.7116 -0.0455227 -0.125207 0.927646
814.427 110.383 -0.00297321 -0.114835 0.951283
658.448 19.1206 -0.0647557 0.0106655 0.928506
578.803 500.022 0.285942 0.0855257 0.838036
663.543 181.376 -0.00273739 0.0763845 1.49711
511.965 342.231 0.176456 0.145205 0.900984
750.744 480.643 0.327698 -0.0571082 0.906624
867.803 334.457 0.150831 -0.126238 0.821463
848.346 434.568 0.271865 -0.143713 0.893271
561.354 125.487 0.00587955 0.0942675 0.939302
650.745 53.3775 -0.0440315 0.0185048 0.936824
550.77 416.288 0.242565 0.118928 0.892863
714.787 494.963 0.326789 -0.0216484 0.887841
632.622 45.3484 -0.0498175 0.0321599 0.937131
703.645 270.412 0.184676 -0.016139 1.28218
546.622 87.6148 -0.0195007 0.0983073 0.924951
514.902 462.91 0.332524 0.190905 0.954726
618.986 457.139 0.27903 0.0612807 0.882669
609.579 111.175 -0.00448861 0.0551087 0.943229
895.702 167.564 0.0446925 -0.167019 0.900168
705.852 525.313 0.377387 -0.0121966 0.905101
823.209 513.58 0.37265 -0.131012 0.90897
617.985 462.932 0.276674 0.0598886 0.871048
732.823 427.393 0.267452 -0.0401345 0.904965
820.343 97.6394 -0.00877388 -0.11295 0.92592
782.024 474.684 0.336783 -0.0912789 0.924821
804.824 91.4192 -0.012246 -0.0989059 0.918324
784.871 452.425 0.282854 -0.0850372 0.885911
590.783 429.933 0.284539 0.0998689 0.937029
598.616 518.471 0.396734 0.104998 0.940231
595.196 480.895 0.332089 0.0966027 0.920672
658.273 485.326 0.235389 0.0164729 0.783538
605.68 335.425 0.172058 0.0658332 0.898109
652.241 54.1768 -0.0464072 0.0184435 0.949726
698.847 191.362 0.0473885 -0.0124645 1.28016
940.581 375.62 0.275702 -0.297823 1.01147
698.571 248.123 0.125488 -0.0122527 1.0806
512.312 182.403 0.0488414 0.139362 0.936832
696.092 104.664 -0.00831084 -0.015491 0.945392
848.97 320.213 0.168808 -0.142044 0.908569
942.733 405.515 0.312854 -0.30288 1.00573
600.894 39.4115 -0.0535525 0.0556944 0.934427
820.598 135.986 0.0192351 -0.11415 0.924597
641.838 524.459 0.484336 0.0767195 1.01426
487.713 485.902 0.368714 0.231903 0.964624
495.39 481.004 0.380766 0.237165 0.986801
508.718 477.662 0.402818 0.241409 1.0182
898.932 54.0973 -0.0200745 -0.135592 0.829515
819.705 69.3588 -0.0266764 -0.109044 0.915756
800.226 193.708 0.0632879 -0.100024 0.92772
792.077 433.701 0.281943 -0.097251 0.913512
632.533 257.58 0.10775 0.0386196 0.898083
567.437 127.923 0.0104802 0.0824441 0.911902
514.924 473.707 0.414613 0.246296 1.03919
751.595 91.455 -0.0343454 -0.0716385 1.03599
849.692 24.8528 -0.078979 -0.155428 0.999551
949.326 128.746 0.00885242 -0.25644 0.995389
688.503 217.714 0.067267 -0.0089497 0.792253
687.875 138.134 0.0191135 -0.00828838 0.918323
665.381 487.908 0.336036 0.0262695 0.911332
831.083 452.346 0.362401 -0.164927 0.991226
670.999 455.442 0.287367 0.0170623 0.894297
856.232 378.92 0.216296 -0.146005 0.891419
704.855 263.11 0.177536 -0.0184051 1.33873
580.508 500.646 0.53665 0.20076 1.11043
541.488 491.382 0.436349 0.209882 1.02907
957.286 438.65 0.327013 -0.293106 0.959886
491.201 484.746 0.373441 0.232786 0.971974
686.323 221.375 0.0688448 -0.00770976 0.788762
763.995 426.457 0.265465 -0.0683947 0.901421
658.761 25.8029 -0.0629005 0.0112942 0.937921
911.43 244.298 0.0970665 -0.16627 0.858351
770.155 385.307 0.218969 -0.0715127 0.890271
824.818 429.489 0.323255 -0.151492 0.980971
697.719 87.7671 -0.0147623 -0.0170703 0.908851
692.206 227.816 0.0872708 -0.00928412 0.912181
691.636 151.642 0.017902 -0.00851133 1.06159
666.85 457.293 0.276379 0.0189012 0.875996
656.966 284.13 0.247573 0.1188 1.51632
846.55 371.636 0.218663 -0.144489 0.911847
827.926 446.752 0.29651 -0.131979 0.911623
644.503 107.035 -0.00459437 0.0246963 0.925385
510.906 450.382 0.335174 0.207863 0.980919
629.02 169.043 0.00253194 0.115023 1.32703
847.021 434.925 0.268679 -0.1405 0.887893
510.122 248.328 0.101604 0.1449 0.925541
837.901 514.208 0.380512 -0.148686 0.915554
684.637 151.711 0.0317311 -0.00784557 0.806601
879.722 239.477 0.090023 -0.135719 0.838711
642.829 225.905 0.100068 0.119839 1.42349
827.167 178.304 0.0515276 -0.119482 0.918569
830.684 64.5379 -0.0295693 -0.1169 0.914712
601.241 38.003 -0.0523015 0.0537929 0.925547
706.824 521.798 0.382926 -0.0131597 0.91529
819.972 208.947 0.0744488 -0.111185 0.904842
590.171 451.144 0.293612 0.09579 0.914749
599.12 522.395 0.393005 0.101727 0.930923
712.93 287.909 0.417936 -0.0363411 2.94931
932.299 112.538 0.00613404 -0.192235 0.903069
598.019 475.291 0.34656 0.101918 0.947359
743.921 480.61 0.34822 -0.0530925 0.932199
595.038 478.184 0.3388 0.100629 0.933233
605.251 242.77 0.105726 0.0770682 0.98037
745.163 487.092 0.336928 -0.0519462 0.909065
631.18 110.074 -0.0054403 0.0379839 0.946639
871.259 241.832 0.0980321 -0.145602 0.881441
722.099 444.274 0.258466 -0.0283949 0.8651
820.417 505.846 0.387378 -0.136605 0.935158
664.379 524.521 0.358567 0.0266639 0.888582
955.054 141.602 0.0203008 -0.263802 0.995504
691.95 264.675 0.0959546 -0.00988612 0.801048
531.192 370.739 0.226031 0.156663 0.954194
701.859 481.963 0.309929 -0.0102212 0.885156
617.857 482.977 0.309553 0.065881 0.887783
957.671 332.218 0.198521 -0.266906 0.950663
763.604 71.9572 -0.0263406 -0.0672975 0.919473
694.566 84.2336 -0.015221 -0.0148244 0.896457
697.262 278.945 0.11582 -0.0125413 0.849854
557.312 156.379 0.0301292 0.0952634 0.921538
732.997 152.783 -0.278795 -0.154305 2.10541
629.678 250.574 0.156813 0.27614 1.79739
496.001 79.3084 -0.0215571 0.126308 0.900246
624.435 242.173 0.0967658 0.0456631 0.907841
710.694 134.357 -0.235544 -0.0473137 1.86371
867.852 405.59 0.259462 -0.171315 0.921585
781.057 444.378 0.302716 -0.0898318 0.927243
694.653 104.722 -0.00707446 -0.0143397 0.936851
599.842 265.391 0.118855 0.0721872 0.929504
557.578 169.32 0.039942 0.0939548 0.913663
775.668 147.739 0.0277934 -0.0765969 0.914333
821.822 440.843 0.309703 -0.135168 0.940654
736.989 136.994 -0.27868 -0.157078 1.98081
723.409 136.328 -0.294072 -0.103047 2.00788
838.653 44.3753 -0.0454063 -0.125319 0.926197
570.582 166.7 0.0377789 0.088316 0.931147
650.045 58.0782 -0.0420506 0.0197441 0.942498
588.065 111.389 -0.00290794 0.0696136 0.929889
699.556 327.377 0.170773 -0.0126033 0.907683
850.742 375.813 0.212593 -0.140548 0.890128
885.862 173.63 0.0489771 -0.161334 0.904099
601.567 339.197 0.171837 0.0672248 0.888443
639.955 334.788 0.171882 0.037078 0.896476
669.348 449.086 0.293916 0.0202648 0.913713
518.744 364.556 0.202924 0.149459 0.915824
561.383 393.59 0.227822 0.111896 0.905986
502.256 170.79 0.0399762 0.138589 0.918333
