612.893 333.319 0.184281 0.033984 0.718445
812.617 194.211 0.12344 -0.0691262 0.7495
870.784 371.939 0.229732 -0.111485 0.754258
793.168 85.397 0.0717885 -0.0586873 0.759718
591.011 205.793 0.123278 0.041051 0.730215
563.3 337.784 0.18678 0.0590942 0.720364
692.926 325.555 0.182299 -0.00587438 0.720776
498.91 102.506 0.0769897 0.0795916 0.737151
559.015 334.831 0.178654 0.0573544 0.705522
501.567 104.54 0.078078 0.0800155 0.742352
688.713 24.5556 0.0430431 -0.00786242 0.776979
727.713 271.624 0.286809 -0.517375 5.05676
715.823 262.962 -0.0711272 -0.141531 5.48607
853.038 163.242 0.107955 -0.08784 0.746067
614.584 86.5071 0.0707486 0.0258215 0.728021
611.252 324.353 0.17394 0.0324581 0.70522
608.857 0.94389 0.0366568 0.026608 0.735479
889.369 145.029 0.0888514 -0.0767205 0.658546
947.063 114.245 0.0860073 -0.13528 0.753109
720.871 241.64 -0.100824 -0.234743 4.1571
506.232 412.194 0.229517 0.0941952 0.722147
953.37 209.4 0.115086 -0.107458 0.669583
519.065 103.206 0.078072 0.0756451 0.756453
903.818 144.614 0.0880018 -0.0800902 0.653007
560.551 93.8554 0.0736388 0.0509614 0.734723
527.142 9.18077 0.0416191 0.05516 0.705045
693.236 316.364 0.169813 -0.00606455 0.702179
781.298 91.5038 0.0745217 -0.0529566 0.76025
615.719 92.3952 0.0733067 0.0259822 0.732642
958.119 111.233 0.0835424 -0.131049 0.731807
948.571 114.655 0.0859512 -0.133942 0.748281
583.517 196.81 0.112549 0.0384342 0.696206
541.192 22.5368 0.0433056 0.0605487 0.755417
693.884 322.173 0.186694 -0.00645472 0.735668
585.661 174.27 0.0506818 0.418959 1.86703
793.267 406.622 0.206751 -0.0505657 0.680798
506.932 493.098 0.235531 0.0782454 0.663735
500.217 39.4872 0.0504372 0.0790059 0.750724
556.055 329.978 0.17296 0.0566224 0.698037
784.51 80.4914 0.0694305 -0.0511503 0.740145
586.389 191.922 0.111621 0.037977 0.701926
496.023 94.2137 0.0733221 0.0789457 0.732228
880.253 365.486 0.216046 -0.109578 0.736215
819.201 181.407 0.114805 -0.0689002 0.735334
694.31 316.624 0.168049 -0.00652451 0.697479
562.211 335.516 0.182709 0.0579176 0.713903
893.019 384.564 0.21885 -0.111193 0.719556
565.477 333.72 0.185113 0.0580584 0.721528
611.022 77.048 0.0666372 0.0253275 0.711598
789.495 390.61 0.237832 -0.0620072 0.749383
544.84 214.051 0.1298 0.0668933 0.74496
543.737 30.8948 0.0464217 0.0609298 0.760801
563.42 102.064 0.0774419 0.051697 0.743421
490.69 419.448 0.213834 0.0898463 0.689978
551.281 0.705452 0.0360662 0.0517161 0.738606
850.165 72.6482 0.0662406 -0.0885238 0.766341
829.446 147.492 0.0995792 -0.074008 0.740043
780.425 96.7474 0.0770606 -0.0536071 0.766647
847.659 172.856 0.11426 -0.0888156 0.757868
814.337 190.256 0.121106 -0.0694463 0.747461
598.555 25.1904 0.044027 0.0353158 0.763684
880.25 372.41 0.21667 -0.107356 0.729373
837.667 132.413 0.0906062 -0.0717013 0.716657
958.485 207.193 0.128076 -0.13808 0.732132
898.681 215.087 0.138059 -0.120504 0.763091
729.217 459.964 0.260541 -0.0237833 0.716037
612.838 326.338 0.180124 0.0335791 0.717471
597.368 194.5 0.118698 0.0381697 0.733972
615.265 15.5004 0.0415371 0.0252284 0.745365
602.607 473.743 0.308247 0.0575472 0.768363
752.135 462.804 0.323743 -0.0464516 0.792809
870.389 447.8 0.295498 -0.123171 0.76877
486.098 421.207 0.210956 0.0896525 0.683855
898.546 215.711 0.139388 -0.122294 0.76774
820.415 86.9333 0.072702 -0.0739778 0.767095
813.752 458.867 0.279311 -0.0766881 0.738822
722.915 445.213 0.298537 -0.0242378 0.781447
832.708 449.251 0.353427 -0.123291 0.841407
699.741 471.005 0.309025 -0.00766941 0.768348
599.706 30.2535 0.0459731 0.035345 0.76675
610.379 329.466 0.177257 0.0333194 0.706938
864.583 166.228 0.10947 -0.0937134 0.745795
897.921 417.173 0.281851 -0.146014 0.783305
792.073 461.892 0.326528 -0.0768147 0.795509
871.075 51.6057 0.0578199 -0.0895113 0.736785
676.051 65.2086 0.062436 -0.00141088 0.732751
565.177 107.347 0.0800241 0.0523599 0.749866
793.426 348.392 0.59215 -0.28894 1.47013
815.187 187.655 0.11912 -0.0688865 0.743347
818.039 181.22 0.114499 -0.0680416 0.734066
940.383 324.241 0.148205 -0.0935667 0.635124
860.846 456.46 0.269274 -0.100675 0.726399
858.701 172.875 0.114751 -0.0954703 0.760564
652.853 485.137 0.286097 0.0201029 0.728924
795.612 398.045 0.235016 -0.0629922 0.736108
543.682 86.8192 0.0702574 0.0770593 0.816614
614.749 324.065 0.179276 0.0326675 0.718266
797.526 72.3569 0.0660461 -0.0563749 0.736352
616.198 91.5349 0.0729366 0.0256904 0.732138
856.347 13.5466 0.0414618 -0.0847393 0.74881
570.593 77.7631 0.0639927 0.0679801 0.850838
598.13 480.541 0.296163 0.0558207 0.74718
687.004 23.6395 0.0432358 -0.00697677 0.769953
585.37 181.18 0.105733 0.0367338 0.693827
858.308 51.2951 0.0576892 -0.0830373 0.734431
862.196 111.45 0.0841503 -0.0927636 0.754398
621.193 34.4718 0.0477288 0.0253687 0.769258
612.204 332.144 0.182593 0.0339122 0.716032
481.96 10.1576 0.0401289 0.0793561 0.729788
728.053 459.302 0.26153 -0.02328 0.717976
829.634 435.433 0.302743 -0.102749 0.793832
861.082 127.994 0.0923569 -0.0946988 0.760482
694.09 207.201 0.164312 -0.00857838 0.971761
852.824 18.8586 0.0430127 -0.0853176 0.756593
667.142 111.924 0.0670154 0.000557834 0.579644
947.774 110.904 0.0829474 -0.123461 0.725473
542.569 196.725 0.118383 0.0631007 0.7293
692.492 324.463 0.17594 -0.00563885 0.707111
882.063 313.992 0.194729 -0.116191 0.759392
690.826 217.1 0.155764 -0.00618068 0.86124
529.638 552.176 0.285713 0.0789372 0.681128
769.595 565.738 0.265335 -0.0364675 0.645687
519.303 521.274 0.246248 0.0727873 0.657889
521.188 562.761 0.266014 0.0736008 0.654129
818.031 518.817 0.239536 -0.05616 0.644272
507.502 48.6846 0.0534729 0.0810729 0.768561
567.153 466.983 0.322801 0.0891446 0.794792
658.653 130.173 0.0610331 0.00189914 0.521823
532.429 203.849 0.119012 0.0647846 0.71599
501.054 7.61621 0.0377134 0.0760535 0.748044
684.637 216.657 0.123179 -0.003408 0.702176
546.35 206.286 0.126393 0.0662608 0.747321
786.298 400.991 0.212231 -0.0499184 0.695274
490.55 144.25 0.096649 0.270196 1.17128
940.417 361.526 0.342935 -0.290722 0.970235
889.359 388.493 0.237034 -0.120884 0.746738
563.355 61.1715 0.0501961 0.0816563 0.896658
551.444 586.735 0.355393 0.0862077 0.722344
504.904 591.501 0.424056 0.145458 0.776716
817.049 544.663 0.302005 -0.0700831 0.694682
638.021 618.447 0.304509 0.0240482 0.655741
859.623 575.714 0.342809 -0.101761 0.709455
510.238 583.402 0.432475 0.147791 0.790153
862.823 481.23 0.284404 -0.102332 0.72331
860.235 569.23 0.366262 -0.112326 0.73435
852.538 562.686 0.355485 -0.104906 0.730329
807.669 493.974 0.268548 -0.0633634 0.695776
868.979 486.987 0.277034 -0.10083 0.709517
528.136 557.284 0.277855 0.0757942 0.669678
903.263 476.042 0.24344 -0.103735 0.675605
868.338 558.48 0.366599 -0.120674 0.742793
519.552 564.882 0.261653 0.0723253 0.648346
887.33 461.893 0.26448 -0.111423 0.714457
658.621 497.1 0.280722 0.0156417 0.712259
541.033 25.0852 0.0443612 0.0607437 0.755398
687.147 19.1782 0.0417453 -0.00706681 0.764864
518.954 438.285 0.437106 0.217075 0.978867
845.516 579.973 0.439503 -0.124906 0.784555
487.422 445.109 0.23518 0.0980892 0.700892
638.285 621.364 0.29916 0.0231607 0.649501
863.575 542.385 0.30482 -0.0968328 0.697713
604.657 615.325 0.397589 0.0591169 0.733952
899.558 527.132 0.285885 -0.111216 0.688106
823.554 554.974 0.291287 -0.0688362 0.676876
876.425 496.082 0.26789 -0.0981936 0.691379
843.851 548.056 0.370084 -0.107875 0.755341
825.521 545.903 0.314686 -0.0783154 0.706033
918.178 202.018 0.121577 -0.11059 0.714675
914.989 376.724 0.426854 -0.336504 1.07063
594.608 203.267 0.123128 0.0400824 0.735452
499.872 8.54092 0.0388765 0.0741616 0.73873
871.426 365.765 0.227728 -0.112984 0.758254
666.974 209.245 0.0650091 0.00078519 0.485581
941.775 101.821 0.0773785 -0.108325 0.696115
681.419 217.102 0.119409 -0.00213747 0.685123
903.383 228.994 0.14297 -0.119259 0.751097
755.215 471.037 0.305574 -0.0444968 0.76201
641.228 559.519 0.291276 0.023378 0.678891
886.075 383.445 0.227577 -0.114177 0.736294
698.349 546.379 0.288238 -0.00558727 0.682965
752.328 595.493 0.437221 -0.0465186 0.77343
653.897 595.973 0.341984 0.0208456 0.701183
594.144 527.649 0.307707 0.0548951 0.720052
637.453 22.948 0.0358557 0.00363775 0.459691
702.512 598.493 0.338889 -0.00712775 0.695431
655.414 592.183 0.345666 0.0204836 0.706846
550.867 588.938 0.353145 0.0854095 0.718834
841.372 566.269 0.45424 -0.130491 0.808418
766.896 505.181 0.258462 -0.0391784 0.676745
810.004 539.394 0.284496 -0.0623453 0.680712
494.663 37.5621 0.0499179 0.0798053 0.745054
684.488 221.584 0.131671 -0.00313921 0.729561
799.124 408.331 0.211419 -0.0545685 0.686856
798.058 405.065 0.216184 -0.0562624 0.697726
827.514 23.0814 0.0425666 -0.0790618 0.781704
920.98 209.089 0.124965 -0.112491 0.715152
526.628 120.304 0.0864594 0.0756421 0.76637
850.782 69.9276 0.0649931 -0.0887009 0.766212
877.738 406.698 0.31735 -0.16157 0.849961
582.714 263.943 0.179163 0.0678498 0.825117
549.027 39.2415 0.0488209 0.062684 0.779071
685.954 199.249 0.116438 -0.00418487 0.706117
617.504 103.609 0.0787754 0.0275956 0.752094
550.297 232.837 0.13454 0.060399 0.724742
793.609 86.3503 0.0722002 -0.0582549 0.755933
861.989 27.8574 0.0460721 -0.0930583 0.767383
858.826 365.543 0.247713 -0.119338 0.796393
706.718 130.16 -0.105305 -0.0393594 1.93545
720.654 230.249 -0.0990034 -0.19947 3.66918
792.538 405.003 0.210693 -0.0517691 0.688826
686.36 25.78 0.0443909 -0.00662117 0.767184
502.231 108.155 0.0797234 0.0804091 0.743983
