705.26 437.037 0.294049 -0.0127254 0.925136
628.141 437.521 0.296349 0.0639521 0.932178
587.291 233.432 0.0940256 0.0769935 0.912687
779.519 413.123 0.265772 -0.0836013 0.91777
771.232 374.359 0.215119 -0.0712743 0.896506
701.068 318.638 0.164215 -0.012393 0.899787
894.611 164.461 0.0466613 -0.172101 0.924529
507.379 176.834 0.0496734 0.141836 0.933288
831.34 109.777 0.0101762 -0.104924 0.873992
848.647 312.33 0.170963 -0.144805 0.926504
560.974 383.07 0.221582 0.112026 0.905652
561.802 157.816 0.0361789 0.0949785 0.929214
604.348 324.919 0.16694 0.0674839 0.8988
641.415 321.185 0.164641 0.0368307 0.898847
559.234 384.611 0.218542 0.110358 0.896532
523.248 329.943 0.181363 0.149606 0.934086
839.907 351.068 0.208589 -0.139937 0.927479
731.791 420.805 0.264409 -0.0375402 0.90503
704.283 18.168 -0.0496325 -0.020531 0.892355
786.882 429.372 0.246931 -0.0790613 0.860704
573.003 21.8283 -0.0603154 0.0777939 0.939678
514.851 168.328 0.0430017 0.14121 0.949737
565.204 156.496 0.0347798 0.0958955 0.942607
626.508 223.891 0.0857919 0.042887 0.899168
563.524 157.86 0.0361161 0.0947524 0.93325
755.795 51.033 -0.04442 -0.0637994 0.965285
501.14 80.3359 -0.0246576 0.144513 0.957097
528.829 355.77 0.212173 0.154495 0.947315
554.108 148.436 0.0234196 0.127259 1.01605
888.491 163.453 0.0455609 -0.175768 0.946011
660.173 12.6762 -0.0660487 0.0119287 0.94198
821.034 200.486 0.0732209 -0.112975 0.921262
651.511 37.3048 -0.0480388 0.0188647 0.934462
793.246 422.501 0.278852 -0.0979681 0.921632
819.239 127.686 0.0165406 -0.1145 0.944794
649.293 153.738 0.0337182 0.0273397 0.949598
701.604 313.269 0.158794 -0.0129801 0.897257
872.648 240.216 0.104356 -0.153123 0.90743
800.415 135.657 0.0233439 -0.0959109 0.929794
565.025 89.0134 -0.0152547 0.0900799 0.943023
608.391 154.26 0.0339361 0.059413 0.937916
609.136 156.506 0.0356349 0.0591255 0.938763
653.829 41.3267 -0.0494586 0.0186934 0.952291
643.027 317.599 0.16335 0.0360807 0.904343
589.154 94.0149 -0.0101001 0.0695999 0.934267
589.76 233.021 0.0952508 0.0779934 0.924948
793.028 217.417 0.0855786 -0.0892482 0.915197
687.284 42.8544 -0.0448305 -0.00793253 0.938316
820.775 59.5088 -0.0310691 -0.110389 0.933761
860.267 343.025 0.175801 -0.134101 0.864172
792.583 216.586 0.0857523 -0.0906096 0.923832
794.924 213.279 0.0819553 -0.0898068 0.910978
787.911 23.9659 -0.0469407 -0.0782334 0.899133
645.265 318.713 0.171822 0.037546 0.927385
626.833 228.558 0.0901841 0.044043 0.906268
595.638 227.731 0.0919583 0.0746354 0.933183
897.95 231.11 0.098961 -0.177616 0.917753
801.793 48.4395 -0.0917266 -0.139378 1.13276
887.058 163.094 0.0455291 -0.163632 0.918991
696.908 93.3319 -0.0113802 -0.0142114 0.949405
636.125 101.383 0.00383077 0.025165 0.86123
893.086 165.262 0.0472317 -0.172674 0.928768
770.87 83.8421 -0.0424805 -0.0944132 1.07779
782.945 377.073 0.209071 -0.0779054 0.878089
831.102 211.918 0.0833094 -0.124505 0.930573
529.273 165.739 -0.0630731 0.480054 1.64901
510.859 267.246 0.119564 0.141536 0.911662
821.966 413.037 0.278027 -0.129685 0.935457
607.991 157.545 0.0364228 0.060081 0.938496
645.162 150.387 0.0322208 0.0275502 0.922059
779.817 120.264 -0.104753 -0.191453 1.48231
768.499 142.462 0.0276896 -0.071032 0.934055
719.651 116.583 -0.148102 -0.0618337 1.58213
710.679 119.343 -0.232886 -0.0428908 1.80821
747.678 105.827 -0.157418 -0.128197 1.54991
743.387 84.3427 -0.251779 -0.131761 1.66517
775.393 57.1835 -0.201431 -0.168687 1.44635
822.139 83.611 -0.0498248 -0.160078 1.11145
747.595 109.055 -0.157831 -0.13063 1.56814
799.033 70.8807 -0.0892738 -0.153886 1.20222
769.168 106.48 -0.227121 -0.217577 1.72376
784.181 108.273 -0.0996411 -0.179985 1.40011
764.85 120.271 -0.243953 -0.231455 1.84246
592.135 111.175 2.98694e-05 0.0722951 0.951936
756.155 132.113 -0.0962835 -0.1464 1.52732
901.345 237.431 0.1013 -0.172281 0.898187
718.136 25.8099 -0.0548611 -0.0316124 0.934286
798.741 206.756 0.0756861 -0.0894082 0.895483
749.574 436.981 0.293652 -0.0559044 0.92212
760.954 114.081 -0.233229 -0.204676 1.78036
819.647 426.605 0.319158 -0.14087 0.973632
715.386 116.326 -0.258493 -0.0600315 1.84719
719.596 111.925 -0.144537 -0.0601242 1.54626
828.848 202.623 0.0755897 -0.121713 0.929115
776.628 128.008 -0.104112 -0.195442 1.52747
736.648 127.244 -0.057597 -0.0825877 1.35825
801.591 186.422 0.0623448 -0.0995234 0.934684
710.414 117.522 -0.2275 -0.0417822 1.78473
628.478 101.746 -0.00159722 0.0368094 0.913875
729.66 158.123 -0.352056 -0.157635 2.36999
521.575 177.739 0.0505898 0.141488 0.962
777.357 128.406 -0.100026 -0.194818 1.51717
781.224 61.1333 -0.0398027 -0.0875377 0.979617
508.657 160.977 0.0375432 0.139604 0.935136
768.561 140.021 0.0260118 -0.0706531 0.931332
820.255 123.217 0.0139316 -0.112997 0.936242
605.045 154.636 0.0347179 0.0590754 0.922055
607.127 320.253 0.167163 0.0677838 0.911696
748.625 435.288 0.297434 -0.0559325 0.930554
839.933 416.256 0.28881 -0.151922 0.945648
534.255 197.347 0.0665117 0.125386 0.941357
842.503 350.391 0.204275 -0.139221 0.918699
547.289 53.3416 -0.0981033 0.168685 1.15709
531.995 199.002 0.0675477 0.125329 0.935493
869.9 20.1348 -0.402711 -0.475071 1.69727
834.499 192.369 0.0640005 -0.108612 0.868163
772.178 102.872 -0.21478 -0.215305 1.67636
747.735 104.534 -0.159839 -0.128235 1.5495
561.716 108.72 0.000123084 0.0916408 0.932756
702.762 315.643 0.165237 -0.0138398 0.910972
762.553 105.942 -0.226848 -0.196825 1.71983
714.908 102.982 -0.254269 -0.0564009 1.76178
777.545 134.5 0.0223949 -0.0769186 0.92595
838.457 39.8086 -0.0486251 -0.128591 0.953023
528.334 460.766 0.164063 0.0675532 0.700468
596.34 435.647 0.303748 0.100212 0.948323
826.007 127.871 0.0158124 -0.123181 0.956114
633.702 102.194 -0.00686082 0.0385037 0.957643
633.596 101.455 -0.00765937 0.0387742 0.959362
580.321 424.414 0.265661 0.101307 0.9095
645.233 34.5774 -0.0897663 0.0383364 1.07875
660.991 19.8594 -0.0640766 0.0122305 0.952382
948.312 101.679 -0.0281699 -0.310763 1.10752
608.656 156.748 0.0357232 0.0600259 0.941354
652.27 243.71 0.126355 0.0475259 1.08867
690.512 132.89 0.0173405 -0.0077744 0.959638
869.383 227.395 0.0919128 -0.143415 0.890778
514.972 441.537 0.339872 0.211499 0.995016
597.945 466.23 0.336555 0.100634 0.942111
589.544 447.814 0.282266 0.0916279 0.897003
592.697 16.2012 -0.0783845 0.0727085 0.991405
783.159 441.007 0.286786 -0.0850859 0.903792
849.762 423.536 0.261244 -0.140421 0.889056
497.001 444.173 0.306839 0.200537 0.943917
624.668 35.8413 -0.0604068 0.0451043 0.979463
745.869 39.5102 -0.237205 -0.110848 1.46105
737.753 139.332 -0.324221 -0.175154 2.14748
631.881 245.348 0.10148 0.0391533 0.893577
767.433 146.341 0.0300821 -0.0717518 0.944692
783.756 439.826 0.286082 -0.0857705 0.904584
525.665 326.517 0.182433 0.152601 0.94686
646.04 149.855 0.0317284 0.0271581 0.925015
784.582 442.549 0.285953 -0.085689 0.900123
780.268 55.4527 -0.0196125 -0.0659145 0.85109
829.61 63.5287 -0.0431179 -0.136814 1.00584
495.561 75.6223 -0.0247827 0.141186 0.938648
482.573 163.612 0.0380418 0.17688 0.970138
751.794 127.617 -0.131403 -0.147634 1.60472
727.323 107.686 -0.224826 -0.0919247 1.72284
727.038 419.268 0.262489 -0.0331997 0.904763
835.715 446.599 0.348901 -0.162502 0.976927
838.184 353.861 0.214201 -0.140815 0.934097
943.923 379.255 0.286086 -0.300704 1.01271
754.004 112.152 -0.250252 -0.18659 1.80653
487.769 30.4776 -0.0432512 0.122578 0.886774
576.333 23.6884 -0.0612654 0.0773208 0.948197
753.208 441.95 0.28726 -0.0572969 0.904619
832.841 191.486 0.0628486 -0.105282 0.860292
810.54 62.9513 -0.16886 -0.224085 1.39307
744.512 131.591 -0.101457 -0.119903 1.53939
767.974 371.585 0.215543 -0.0694561 0.90312
751.572 441.472 0.282133 -0.05497 0.897986
938.992 363.781 0.276764 -0.307367 1.0357
819.008 96.205 -0.00801506 -0.114898 0.952222
553.811 19.8501 -0.0859663 0.115096 1.02405
627.553 471.92 0.326661 0.0648814 0.919097
648.506 101.368 -0.006844 0.0258929 0.954558
693.468 233.211 0.0868578 -0.00920898 0.84692
755.461 442.574 0.283461 -0.0585398 0.89802
736.107 127.162 -0.263475 -0.14124 1.92893
732.662 148.568 -0.102308 -0.102407 1.66355
634.978 223.827 0.0900306 0.0420301 0.938343
553.306 92.4265 -0.0127463 0.0991636 0.941507
700.159 42.7661 -0.045454 -0.0178299 0.941444
650.221 152.441 0.0327809 0.0263404 0.948113
606.325 322.982 0.167816 0.0674515 0.906359
516.086 256.502 0.109994 0.133757 0.906277
704.784 438.117 0.291914 -0.0122757 0.920231
497.214 82.8178 -0.0214812 0.144713 0.948832
666.931 479.233 0.33097 0.0257504 0.911728
704.233 440.95 0.291656 -0.0117135 0.915272
689.408 33.2395 -0.052301 -0.0097442 0.942728
517.978 83.4037 -0.0243546 0.135658 0.969232
894.02 164.25 0.0464841 -0.172164 0.925885
765 416.074 0.260082 -0.0677415 0.904083
550.966 89.974 -0.0136889 0.0992108 0.936065
580.896 423.172 0.269456 0.10346 0.917778
589.265 96.4629 -0.00861904 0.070063 0.936008
839.757 35.4829 -0.0495665 -0.127033 0.944432
816.513 100.311 -0.00661258 -0.115869 0.963969
662.613 14.3261 -0.0696281 0.0111648 0.958999
582.657 485.616 0.286455 0.0867258 0.851404
662.981 170.578 -0.00754289 0.0753971 1.475
516.477 330.639 0.175544 0.147388 0.915773
751.965 472.077 0.322631 -0.0567347 0.907238
867.376 322.554 0.15001 -0.128213 0.837096
848.193 423.342 0.271518 -0.145327 0.905605
563.908 114.789 0.00229098 0.095741 0.952291
653.631 43.4599 -0.0481561 0.0189989 0.953032
553.745 404.611 0.241166 0.120222 0.903406
715.491 490.622 0.315001 -0.0206736 0.874604
635.175 34.099 -0.0540251 0.0327481 0.949802
704.631 262.755 0.179882 -0.0158868 1.28088
550.218 77.3982 -0.0232648 0.100013 0.940833
519.405 450.227 0.334152 0.194225 0.970594
620.509 446.269 0.276457 0.0619243 0.889208
607.74 94.5232 -0.00934706 0.0550566 0.933171
898.552 156.74 0.0411185 -0.167821 0.908108
821.91 499.786 0.376636 -0.13344 0.926879
618.632 453.722 0.271254 0.059883 0.870892
733.512 415.703 0.267608 -0.0401297 0.918938
827.139 80.2777 -0.0135577 -0.111082 0.914
782.67 464.188 0.335515 -0.0918503 0.933568
806.754 82.2207 -0.0158409 -0.10065 0.93583
785.596 441.422 0.281482 -0.0855591 0.895316
594.683 417.056 0.287305 0.102351 0.957277
601.084 506.598 0.397169 0.106151 0.95089
596.555 470.395 0.32895 0.0972333 0.925975
660.264 471.449 0.232977 0.0168284 0.792122
607.969 324.403 0.170253 0.0669767 0.909768
654.114 40.1783 -0.0506551 0.0185571 0.953999
940.879 367.118 0.273832 -0.299764 1.02056
700.046 239.221 0.122244 -0.0121149 1.08826
518.711 173.38 0.0469718 0.142553 0.959846
698.662 96.5103 -0.0116107 -0.0156061 0.96687
849.2 310.03 0.167748 -0.143918 0.923095
943.249 397.025 0.311202 -0.305242 1.01426
603.724 28.3919 -0.0577533 0.0565311 0.947917
820.777 127.829 0.0165651 -0.116117 0.946084
644.509 510.921 0.49134 0.0783352 1.03458
492.694 473.124 0.370657 0.235504 0.979728
498.586 470.087 0.380537 0.239455 0.996705
515.204 464.508 0.408976 0.246606 1.04051
897.878 46.4849 -0.0235457 -0.138762 0.852024
821.42 60.066 -0.0304703 -0.110643 0.93267
801.68 183.954 0.0605642 -0.101183 0.942196
792.691 422.949 0.280896 -0.0980317 0.924084
635.382 246.875 0.105797 0.0393781 0.913086
569.048 115.601 0.00648199 0.0832011 0.919677
516.711 464.568 0.412291 0.24714 1.04427
752.345 89.344 -0.0368529 -0.0739117 1.07474
852.419 14.0763 -0.0834471 -0.156746 1.01197
949.146 120.801 0.00569819 -0.260569 1.01427
691.507 206.234 0.0655663 -0.00894725 0.810795
690.35 128.105 0.0158811 -0.00820821 0.933364
667.027 475.817 0.336009 0.0268308 0.922886
831.618 443.224 0.360663 -0.165897 0.998811
844.13 639.317 0.214825 -0.0652895 0.643707
672.87 443.315 0.287351 0.0174525 0.906952
851.996 365.615 0.220764 -0.150089 0.921252
705.877 256.275 0.175959 -0.0181012 1.35657
585.452 487.57 0.547731 0.205482 1.13685
547.933 477.131 0.445443 0.215428 1.0557
497.419 471.43 0.377753 0.237324 0.991019
689.338 209.62 0.0670341 -0.00766796 0.806734
764.914 415.357 0.264467 -0.068969 0.912547
661.367 13.9985 -0.0672307 0.0115406 0.949528
910.818 234.043 0.095444 -0.169094 0.875296
771.419 374.647 0.217212 -0.0720709 0.900285
825.403 420.168 0.321457 -0.152377 0.989243
700.3 77.6784 -0.0184553 -0.0171097 0.924288
668.82 444.952 0.275998 0.0192803 0.888021
655.713 277.07 0.236595 0.116169 1.48387
847.354 361.62 0.216774 -0.145578 0.9216
828.807 437.04 0.294036 -0.132446 0.918109
647.669 97.9295 -0.00788094 0.0253338 0.943784
515.119 438.465 0.336398 0.21117 0.996029
627.888 157.328 -0.00244254 0.113558 1.3116
846.683 423.354 0.268601 -0.142203 0.901102
514.701 237.805 0.0998235 0.147399 0.942224
837.071 501.98 0.382098 -0.150584 0.928822
879.717 228.818 0.0881905 -0.1379 0.854946
641.911 216.794 0.0938349 0.118262 1.40537
604.172 27.1927 -0.0564301 0.0546757 0.939513
593.474 438.964 0.294043 0.0970095 0.928318
930.06 105.709 0.00354743 -0.197135 0.927988
598.924 465.828 0.34278 0.102418 0.950663
744.792 471.364 0.344857 -0.0528527 0.936207
597.394 466.589 0.338345 0.101844 0.943862
746.034 476.465 0.335188 -0.0520569 0.916726
633.014 98.7484 -0.00926791 0.0387105 0.956374
872.326 231.736 0.0957493 -0.147287 0.894278
820.039 494.719 0.387894 -0.137782 0.94623
527.922 362.853 0.217938 0.154853 0.943726
702.411 475.265 0.300483 -0.00956905 0.877195
619.915 471.076 0.308145 0.0666136 0.896921
697.251 74.1877 -0.0188979 -0.0148499 0.912399
699.558 267.612 0.114436 -0.0125633 0.866197
939.588 396.902 0.316809 -0.30778 1.02404
875.003 94.7399 -0.00508189 -0.152979 0.92866
601.558 265.911 0.124254 0.0724915 0.931522
520.394 71.6224 -0.0339346 0.133817 0.973531
711.327 476.099 0.33594 -0.0176239 0.920018
940.612 4.42675 -0.104711 -0.258649 1.05592
853.02 238.594 0.112001 -0.160036 0.973076
701.65 453.957 0.270084 -0.0097233 0.864893
513.202 114.597 0.0092313 0.108987 0.873995
696.853 208.411 0.0789901 -0.0113115 0.946341
699.052 249.685 0.115616 -0.0120846 0.951811
910.177 346.336 0.292796 -0.32702 1.12908
767.32 147.072 0.0308215 -0.0711558 0.941154
637.13 290.027 0.137299 0.0378989 0.895247
641.202 188.009 0.00678952 -0.00295751 0.467019
700.166 257.662 0.142032 -0.0117816 1.06848
484.492 94.552 0.0034746 0.0995638 0.802097
897.95 235.991 0.102633 -0.177013 0.915406
704.601 263.493 0.181856 -0.0157414 1.28556
594.519 249.714 0.105493 0.0700478 0.902084
735.85 128.357 -0.263514 -0.141213 1.93715
629.436 244.27 0.151917 0.275416 1.79361
499.696 68.2923 -0.0254063 0.128263 0.914637
626.348 231.385 0.0936472 0.0462915 0.916665
711.775 126.277 -0.240015 -0.0472075 1.86884
868.126 395.563 0.258039 -0.17267 0.931654
781.882 434.357 0.300765 -0.090193 0.935072
696.999 94.6009 -0.0107143 -0.0142546 0.951202
600.547 254.841 0.114807 0.0725892 0.932314
560.732 158.76 0.0369099 0.0954867 0.927725
777.61 137.755 0.0246458 -0.0774027 0.928253
821.054 429.744 0.312191 -0.137263 0.957513
738.33 129.846 -0.283926 -0.157647 1.99201
724.59 129.314 -0.299569 -0.103445 2.02055
840.178 35.331 -0.0494729 -0.127132 0.943621
572.531 155.628 0.034303 0.0893082 0.940683
652.946 48.0071 -0.046154 0.0201601 0.958124
590.734 100.576 -0.00658441 0.0706427 0.942719
701.433 316.702 0.169313 -0.0126176 0.920803
850.527 364.901 0.211918 -0.14214 0.903804
886.332 164.187 0.0463351 -0.163529 0.919998
604.46 327.877 0.170386 0.0682398 0.901354
641.823 324.111 0.169301 0.0376014 0.905141
670.873 438.227 0.292349 0.0206491 0.92261
523.524 352.635 0.202841 0.152165 0.932604
563.941 382.483 0.226028 0.113044 0.915763
505.052 159.735 0.0366969 0.140235 0.929902
