616.962 320.228 0.184946 0.0334316 0.72048
818.706 180.186 0.124106 -0.0696786 0.751535
876.416 361.035 0.230397 -0.112037 0.756293
799.435 69.4696 0.0724537 -0.0592397 0.761753
595.01 191.078 0.123944 0.0404986 0.73225
567.027 324.702 0.187445 0.0585418 0.722399
697.592 312.607 0.182964 -0.00642679 0.722811
502.107 86.041 0.0776549 0.0790391 0.739186
562.825 321.208 0.179319 0.056802 0.707557
504.754 88.2918 0.0787432 0.0794631 0.744387
693.731 7.7776 0.0437083 -0.00841482 0.779014
728.424 270.094 0.287474 -0.517928 5.0588
716.433 261.383 -0.070462 -0.142083 5.4881
859.815 148.558 0.10862 -0.0883924 0.748102
619.014 69.4738 0.0714138 0.0252691 0.730056
615.437 310.691 0.174606 0.0319057 0.707255
897.887 126.61 0.0895166 -0.0772729 0.660581
955.358 98.8302 0.0866725 -0.135832 0.755144
721.743 239.435 -0.100158 -0.235296 4.15914
509.642 399.889 0.230183 0.0936428 0.724182
522.316 87.3981 0.0787373 0.0750927 0.758488
912.64 125.93 0.088667 -0.0806426 0.655042
564.353 77.1749 0.074304 0.050409 0.736758
698.119 302.655 0.170478 -0.00661696 0.704214
787.381 75.7177 0.0751869 -0.053509 0.762285
620.112 75.6462 0.0739719 0.0254298 0.734677
956.938 99.1025 0.0866164 -0.134494 0.750316
587.746 180.696 0.113215 0.0378818 0.698241
544.691 5.05205 0.0439708 0.0599963 0.757452
698.429 309.64 0.18736 -0.00700712 0.737703
586.782 169.299 0.0513471 0.418407 1.86906
798.901 393.687 0.207416 -0.0511181 0.682833
510.705 479.657 0.236196 0.077693 0.66577
503.327 22.2052 0.0511024 0.0784535 0.752759
559.906 316.02 0.173625 0.05607 0.700072
790.878 63.8354 0.0700957 -0.0517027 0.74218
590.601 175.946 0.112286 0.0374246 0.703961
499.226 77.4141 0.0739873 0.0783933 0.734263
886.221 354.017 0.216711 -0.110131 0.73825
825.579 166.703 0.11547 -0.0694526 0.737369
699.252 302.753 0.168714 -0.00707691 0.699514
565.978 322.192 0.183375 0.0573652 0.715938
899.19 372.9 0.219515 -0.111745 0.721591
569.211 320.626 0.185778 0.057506 0.723563
615.577 59.2062 0.0673025 0.0247751 0.713633
794.38 379.604 0.238497 -0.0625597 0.751418
548.351 199.885 0.130465 0.0663409 0.746995
547.22 13.7618 0.0470869 0.0603774 0.762836
567.178 85.842 0.0781071 0.0511446 0.745456
494.215 406.149 0.2145 0.0892939 0.692013
857.198 56.6602 0.0669058 -0.0890762 0.768376
836.073 132.277 0.100244 -0.0745604 0.742078
786.415 81.2614 0.0777258 -0.0541595 0.768682
854.195 158.711 0.114925 -0.089368 0.759902
820.486 176.097 0.121771 -0.0699987 0.749496
602.615 8.02809 0.0446922 0.0347634 0.765719
886.255 360.838 0.217336 -0.107908 0.731408
844.739 116.097 0.0912714 -0.0722537 0.718692
905.538 201.956 0.138724 -0.121056 0.765126
733.714 448.634 0.261207 -0.0243357 0.718072
616.927 313.118 0.180789 0.0330267 0.719506
601.409 179.722 0.119364 0.0376173 0.736007
606.063 463.452 0.308912 0.0569948 0.770398
756.044 453.448 0.324408 -0.047004 0.794844
875.357 438.165 0.296163 -0.123724 0.770805
489.639 407.7 0.211621 0.0891001 0.68589
905.35 202.72 0.140053 -0.122847 0.769775
826.963 71.2694 0.0733672 -0.0745302 0.76913
818.563 448.427 0.279976 -0.0772405 0.740857
726.839 435.371 0.299202 -0.0247902 0.783482
836.746 440.958 0.354092 -0.123844 0.843442
703.564 461.018 0.30969 -0.00822181 0.770383
603.749 13.2957 0.0466384 0.0347926 0.768785
614.533 315.933 0.177922 0.032767 0.708973
871.493 151.607 0.110135 -0.0942658 0.74783
903.176 407.619 0.282516 -0.146567 0.78534
796.178 452.716 0.327193 -0.0773671 0.797544
878.824 34.2205 0.0584851 -0.0900637 0.73882
681.188 47.9207 0.0631012 -0.00196329 0.734786
568.9 91.44 0.0806893 0.0518075 0.751901
795.547 344.328 0.592816 -0.289493 1.47216
821.401 173.32 0.119785 -0.0694389 0.745382
824.417 166.47 0.115165 -0.068594 0.7361
948.852 308.381 0.14887 -0.0941191 0.637159
866.167 445.808 0.26994 -0.101227 0.728434
865.346 158.82 0.115416 -0.0960227 0.762599
656.747 474.148 0.286763 0.0195505 0.730959
800.644 386.785 0.235681 -0.0635446 0.738143
546.793 72.3702 0.0709226 0.0765069 0.818649
618.849 310.844 0.179941 0.0321151 0.720301
804.141 55.4013 0.0667113 -0.0569273 0.738387
620.602 74.751 0.0736018 0.025138 0.734173
573.761 63.9271 0.0646579 0.0674277 0.852873
601.694 469.793 0.296829 0.0552683 0.749215
692.06 6.6354 0.043901 -0.00752918 0.771988
589.66 164.687 0.106399 0.0361814 0.695862
865.899 33.8193 0.0583544 -0.0835897 0.736466
869.298 95.9589 0.0848155 -0.093316 0.756433
625.451 17.6831 0.048394 0.0248163 0.771293
616.29 318.957 0.183259 0.0333598 0.718067
732.524 448.018 0.262195 -0.0238324 0.720011
834.14 426.098 0.303408 -0.103301 0.795867
868.014 113.033 0.0930221 -0.0952512 0.762517
697.513 197.727 0.164977 -0.00913078 0.973796
860.278 1.33968 0.0436779 -0.08587 0.758628
674.085 87.5195 0.0676806 5.42868e-06 0.581679
956.419 94.522 0.0836126 -0.124014 0.727508
546.178 181.76 0.119048 0.0625483 0.731335
697.293 311.046 0.176605 -0.00619125 0.709146
888.127 302.413 0.195394 -0.116744 0.761427
694.746 206.01 0.156429 -0.00673309 0.863275
533.371 539.88 0.286378 0.0783848 0.683163
774.769 553.24 0.266 -0.0370199 0.647722
523.162 507.915 0.246913 0.0722349 0.659924
525.072 549.609 0.26668 0.0730483 0.656164
823.824 505.948 0.240201 -0.0567124 0.646307
510.568 32.1594 0.0541381 0.0805205 0.770596
570.389 457.081 0.323466 0.0885922 0.796826
666.761 100.379 0.0616983 0.00134673 0.523858
536.047 188.531 0.119677 0.0642322 0.718025
689.744 201.275 0.123845 -0.00396041 0.704211
549.86 192.067 0.127058 0.0657084 0.749356
791.712 388.475 0.212896 -0.0504708 0.697309
492.188 135.819 0.0973142 0.269644 1.17331
945.067 354.534 0.3436 -0.291275 0.97227
895.137 377.657 0.2377 -0.121436 0.748773
566.237 47.9169 0.0508613 0.0811039 0.898693
554.973 575.812 0.356059 0.0856553 0.724379
508.245 581.471 0.424721 0.144905 0.778751
821.926 533.809 0.302671 -0.0706355 0.696717
642.21 606.192 0.305174 0.0234958 0.657776
864.355 565.687 0.343475 -0.102313 0.71149
513.528 573.613 0.43314 0.147238 0.792188
868.035 470.765 0.285069 -0.102885 0.725345
864.689 559.782 0.366927 -0.112878 0.736385
857.045 553.067 0.356151 -0.105458 0.732364
812.758 482.641 0.269213 -0.0639158 0.697811
874.379 476.208 0.2777 -0.101382 0.711552
531.937 544.652 0.27852 0.0752418 0.671713
909.529 464.151 0.244105 -0.104288 0.677639
872.809 549.191 0.367264 -0.121226 0.744828
523.471 551.529 0.262318 0.0717729 0.650381
892.983 451.044 0.265145 -0.111976 0.716492
662.652 485.776 0.281388 0.0150893 0.714294
544.529 7.65493 0.0450264 0.0601913 0.757433
692.26 1.92041 0.0424105 -0.00761922 0.766899
521.637 430.725 0.437771 0.216523 0.980902
849.252 571.553 0.440169 -0.125459 0.78659
490.888 432.422 0.235845 0.0975368 0.702927
642.536 608.918 0.299825 0.0226083 0.651536
868.726 531.778 0.305486 -0.0973852 0.699748
608.137 604.969 0.398254 0.0585645 0.735987
905.223 516.221 0.286551 -0.111769 0.690141
828.662 543.682 0.291952 -0.0693886 0.678911
882.078 484.868 0.268555 -0.098746 0.693414
848.115 538.878 0.370749 -0.108428 0.757376
830.291 535.419 0.315352 -0.0788678 0.708068
925.925 187.145 0.122242 -0.111143 0.71671
918.791 370.873 0.42752 -0.337056 1.07267
598.6 188.686 0.123793 0.03953 0.737487
877.061 354.883 0.228393 -0.113536 0.760289
676.148 176.336 0.0656743 0.000232784 0.487616
950.773 84.1376 0.0780438 -0.108877 0.69815
686.677 201.054 0.120074 -0.00268987 0.687158
910.334 215.784 0.143636 -0.119811 0.753132
759.368 461.091 0.30624 -0.0450492 0.764045
486.67 107.481 -0.0774626 0.0133591 0.0965112
645.338 547.628 0.291942 0.0228256 0.680926
891.979 372.243 0.228242 -0.114729 0.738329
702.708 534.732 0.288904 -0.00613967 0.685
755.782 586.51 0.437887 -0.047071 0.775465
657.749 584.995 0.342649 0.0202932 0.703218
597.815 516.537 0.308372 0.0543427 0.722087
706.565 587.58 0.339554 -0.00768015 0.697466
659.23 581.339 0.346331 0.0199312 0.708881
554.414 577.938 0.35381 0.0848571 0.720869
844.953 558.186 0.454905 -0.131043 0.810453
771.899 493.199 0.259127 -0.0397308 0.67878
815.06 528.033 0.285161 -0.0628977 0.682747
497.756 20.0489 0.0505831 0.0792528 0.747089
689.31 207.252 0.132336 -0.00369161 0.731596
804.719 395.654 0.212084 -0.0551209 0.688891
803.52 392.719 0.216849 -0.0568149 0.699761
834.344 6.39793 0.0432318 -0.0796142 0.783738
928.712 194.377 0.12563 -0.113044 0.717187
529.882 105.127 0.0871246 0.0750897 0.768405
857.84 53.8755 0.0656583 -0.0892534 0.768247
882.305 398.288 0.318015 -0.162123 0.851996
585.981 252.655 0.179828 0.0672974 0.827151
552.436 22.8375 0.0494861 0.0621316 0.781106
691.085 183.699 0.117103 -0.00473727 0.708152
621.737 87.7315 0.0794406 0.0270432 0.754129
553.978 218.332 0.135205 0.0598466 0.726777
483.437 149.007 0.0871364 0.054619 0.614467
799.913 70.3285 0.0728654 -0.0588073 0.757968
869.425 10.8769 0.0467373 -0.0936107 0.769418
863.971 355.546 0.248379 -0.119891 0.798428
708.598 124.379 -0.104639 -0.0399118 1.93748
721.647 227.698 -0.0983382 -0.200022 3.67122
798.067 392.333 0.211358 -0.0523215 0.690861
691.426 8.74105 0.0450561 -0.00717358 0.769219
505.413 92.0311 0.0803886 0.0798567 0.746018
