708.372 431.857 0.294301 -0.0131033 0.925055
631.001 431.764 0.297186 0.0633316 0.933593
590.271 225.323 0.0949725 0.0763422 0.913485
783.457 407.55 0.266605 -0.0840751 0.919124
775.229 367.79 0.216583 -0.0719043 0.89978
704.794 311.806 0.16474 -0.0128512 0.899362
900.84 156.06 0.0478242 -0.172807 0.92711
510.385 168.364 0.0508852 0.141309 0.935844
837.442 99.6464 0.011327 -0.105447 0.876198
856.472 306.741 0.168624 -0.142966 0.914769
564.672 375.762 0.223648 0.111817 0.910742
565.165 149.277 0.0374648 0.0946811 0.932734
608.343 317.365 0.168912 0.0670602 0.904269
644.917 314.05 0.165683 0.0361811 0.900517
562.464 377.611 0.219843 0.109761 0.899198
525.561 323.13 0.1821 0.148772 0.934617
845.565 345.847 0.207828 -0.139231 0.923095
735.426 415.136 0.265036 -0.0380204 0.90582
707.185 3.22197 -0.0483526 -0.0195794 0.885745
790.988 422.813 0.248357 -0.0796872 0.863739
580.108 16.634 -0.0592979 0.0779396 0.955818
517.23 159.694 0.044036 0.140314 0.950153
568.809 148.482 0.0363608 0.0952562 0.945614
630.158 215.644 0.0870479 0.0424161 0.901996
567.37 149.831 0.0376358 0.0948473 0.939471
761.346 38.7152 -0.0432721 -0.063885 0.960025
507.482 73.9358 -0.0231838 0.145436 0.969724
532.046 348.91 0.21389 0.154371 0.951517
557.007 140.66 0.024606 0.12676 1.01861
894.226 155.477 0.0468228 -0.176673 0.949629
664.538 2.61421 -0.0649439 0.0114096 0.945976
825.942 192.719 0.0746914 -0.113922 0.925895
655.733 27.972 -0.0469073 0.0185271 0.939807
797.256 416.831 0.280007 -0.098697 0.923994
824.156 119.26 0.0178249 -0.115031 0.948513
653.406 146.23 0.0353581 0.027036 0.95711
705.601 305.933 0.160562 -0.0136368 0.901984
890.552 230.407 0.0974498 -0.145301 0.86481
805.754 126.644 0.024446 -0.0963836 0.931441
568.32 79.4937 -0.0140807 0.0894927 0.945196
611.077 144.912 0.0347518 0.058741 0.936327
612.634 148.17 0.0369386 0.0588532 0.942532
658.031 31.2506 -0.0482852 0.0180274 0.954604
646.709 310.327 0.164948 0.0355784 0.908286
591.892 83.6346 -0.00906597 0.0689479 0.933579
592.48 224.964 0.0958799 0.0770281 0.923714
798.173 209.393 0.086497 -0.0896611 0.915843
691.635 32.2289 -0.0436546 -0.00844097 0.939531
826.227 49.946 -0.0298799 -0.111027 0.93749
865.681 336.194 0.176765 -0.13453 0.865724
797.08 209.049 0.0873731 -0.0915278 0.929187
800.351 204.922 0.0824995 -0.0898108 0.908935
793.733 12.6871 -0.0457835 -0.0787401 0.901201
648.514 312.124 0.172142 0.0366224 0.926159
629.748 220.444 0.0913506 0.0440178 0.908517
599.628 220.128 0.0936256 0.0742286 0.938607
903.946 223.564 0.100036 -0.178053 0.91956
806.825 39.3262 -0.0904908 -0.139528 1.13214
893.822 154.14 0.0464185 -0.163445 0.918306
701.557 85.5804 -0.00995 -0.0150375 0.957169
640.503 91.155 0.00508192 0.0246756 0.864731
899.191 156.954 0.0484153 -0.173255 0.931186
775.516 75.0666 -0.0413586 -0.0947207 1.07746
786.731 369.401 0.212011 -0.0791603 0.886233
839.45 202.647 0.0819423 -0.122376 0.915306
530.582 161.28 -0.061928 0.478828 1.64901
512.351 259.414 0.119974 0.140412 0.909892
827.125 409.041 0.276592 -0.129191 0.930733
611.805 149.481 0.0378784 0.0598115 0.943575
649.318 141.992 0.0336249 0.0270414 0.926877
783.453 113.943 -0.103478 -0.191252 1.47892
773.421 133.496 0.0287495 -0.071444 0.935197
722.295 110.779 -0.146747 -0.0622018 1.57995
712.916 113.986 -0.231235 -0.0432886 1.80452
750.99 98.3873 -0.155485 -0.127735 1.53979
746.334 78.0541 -0.250124 -0.131912 1.66252
780.095 44.3891 -0.197119 -0.164827 1.42003
826.256 77.1117 -0.0487464 -0.161457 1.11927
750.857 101.789 -0.155909 -0.130171 1.55812
803.573 62.9984 -0.0881023 -0.154179 1.2027
772.968 98.3024 -0.22384 -0.215412 1.7045
788.004 101.681 -0.098418 -0.180016 1.39847
767.95 114.143 -0.241669 -0.23046 1.83267
602.202 109.38 0.00297438 0.072773 0.983446
759.254 126.483 -0.0950961 -0.146588 1.52585
908.469 229.578 0.101857 -0.172123 0.896969
722.923 15.2981 -0.0537058 -0.0321487 0.936856
804.128 198.166 0.0764112 -0.0894524 0.894525
753.478 432.699 0.292704 -0.0561777 0.918965
763.916 108.418 -0.231519 -0.204475 1.77616
824.296 423.053 0.317714 -0.140366 0.969297
717.651 111.014 -0.256801 -0.060392 1.84371
722.375 104.745 -0.142723 -0.0602893 1.53668
834.388 194.591 0.0765242 -0.122034 0.929719
780.488 120.945 -0.102591 -0.194342 1.51687
739.877 120.696 -0.0564602 -0.0828185 1.35565
806.721 178.347 0.0634857 -0.100145 0.936798
712.68 112.102 -0.22587 -0.0421889 1.78123
632.372 92.0808 -0.000418186 0.036268 0.916301
731.571 153.933 -0.349817 -0.157546 2.36191
524.119 169.435 0.0516423 0.140345 0.96211
780.531 123.268 -0.0989801 -0.195421 1.51987
785.211 54.4677 -0.0385499 -0.0887279 0.990677
511.078 152.024 0.0385829 0.138646 0.935478
773.804 130.737 0.0269821 -0.0711166 0.931284
825.202 115.17 0.0153939 -0.114097 0.942229
608.708 145.959 0.0359842 0.0586124 0.925253
611.431 312.704 0.169681 0.0675256 0.919399
752.422 431.207 0.296231 -0.05609 0.926751
843.587 410.855 0.290288 -0.152379 0.948758
537.378 189.31 0.0677887 0.124917 0.944187
847.97 344.388 0.204806 -0.139856 0.919036
549.773 45.5442 -0.096956 0.168177 1.15949
535.143 190.873 0.0688011 0.124831 0.938277
874.25 13.901 -0.402386 -0.476499 1.70266
840.301 183.433 0.0651251 -0.109119 0.870206
775.983 95.003 -0.212018 -0.213612 1.66117
751.051 97.082 -0.157895 -0.127783 1.53952
566.507 101.821 0.00183246 0.0926714 0.944652
706.617 308.9 0.165705 -0.0144328 0.910363
765.636 100.051 -0.225233 -0.196731 1.71632
717.307 97.4238 -0.252685 -0.0568103 1.75963
782.878 125.126 0.0234011 -0.0773586 0.926309
532.543 450.346 0.165471 0.0670708 0.70341
598.682 430.319 0.303928 0.0994139 0.948051
831.543 119.07 0.0169089 -0.123639 0.957709
636.97 92.3713 -0.00581476 0.0379048 0.957071
637.297 92.3606 -0.00647139 0.0381857 0.961428
583.132 418.109 0.266617 0.100705 0.91117
648.499 25.0487 -0.088514 0.0376873 1.0788
665.722 11.7439 -0.0630292 0.0116917 0.96075
956.008 93.0424 -0.0271529 -0.310003 1.10534
612.869 149.007 0.0373336 0.059736 0.948042
654.998 237.575 0.127035 0.0468325 1.08812
694.569 124.21 0.01848 -0.00833103 0.961473
874.975 219.434 0.0931519 -0.144016 0.893574
519.358 434.718 0.343447 0.211836 1.00267
601.463 459.487 0.339379 0.100381 0.947957
592.93 440.682 0.284599 0.0915311 0.902072
596.98 8.29348 -0.0774292 0.0726712 0.999316
787.638 435.947 0.286965 -0.0857457 0.903569
854.607 418.342 0.261637 -0.140493 0.889113
500.452 437.585 0.308803 0.200186 0.947847
628.267 25.6553 -0.0592295 0.0444647 0.980745
749.654 29.626 -0.234473 -0.11049 1.45014
739.963 134.757 -0.322351 -0.175146 2.14256
635.651 237.313 0.102835 0.0386438 0.896731
772.229 137.612 0.0311601 -0.0721465 0.945904
787.959 434.921 0.286123 -0.0860784 0.903917
526.956 320.15 0.182048 0.150789 0.943002
649.772 140.828 0.032815 0.0265731 0.926285
788.573 437.214 0.286579 -0.0860925 0.900985
786.452 43.1381 -0.0185416 -0.0662434 0.851135
835.354 53.9218 -0.0420563 -0.137193 1.00686
499.416 66.7597 -0.02345 0.140959 0.943461
485.195 155.395 0.0392269 0.176293 0.972262
754.77 121.961 -0.130082 -0.147706 1.60191
729.9 102.016 -0.223248 -0.0921968 1.72009
730.561 413.738 0.26289 -0.033572 0.904884
841.187 444.335 0.3454 -0.161106 0.968528
843.121 348.265 0.214545 -0.140857 0.933577
950.179 375.352 0.285522 -0.29955 1.00993
757.27 104.499 -0.246813 -0.184997 1.78741
491.154 19.7015 -0.0420092 0.122212 0.890005
579.625 12.8666 -0.0600323 0.0765972 0.949258
756.757 436.693 0.287682 -0.0575327 0.904956
813.532 58.8938 -0.168946 -0.22668 1.40765
747.756 124.431 -0.099883 -0.119365 1.52695
771.878 365.389 0.216449 -0.0697475 0.904542
755.533 436.568 0.28187 -0.0553457 0.896606
920.845 351.204 0.305616 -0.334957 1.12378
824.609 87.0303 -0.0068725 -0.115565 0.95469
555.968 9.28055 -0.0844992 0.1142 1.02287
630.429 466.145 0.327737 0.0643229 0.921022
651.62 90.7723 -0.00577186 0.0252265 0.950237
698.12 224.4 0.0883606 -0.00989292 0.851193
759.395 437.814 0.283082 -0.0587964 0.896305
738.521 122.018 -0.261652 -0.141255 1.92404
734.934 144.556 -0.101491 -0.102713 1.6703
637.735 215.603 0.0901913 0.0411182 0.933997
557.598 84.0506 -0.011429 0.0989868 0.947815
704.411 31.7786 -0.0442793 -0.0181428 0.941517
654.179 144.316 0.0341368 0.0258101 0.95227
610.043 315.581 0.169669 0.067119 0.911355
520.468 248.571 0.112034 0.134056 0.913406
708.09 432.211 0.293193 -0.0128304 0.922819
500.068 73.3353 -0.0202963 0.144196 0.951215
669.203 475.073 0.329752 0.0254275 0.908699
706.968 434.66 0.293662 -0.0117085 0.91953
694.138 23.3234 -0.0511435 -0.0104831 0.946232
520.724 74.0454 -0.0231908 0.135057 0.971088
899.408 156.263 0.0479056 -0.173043 0.930397
768.747 409.983 0.261499 -0.068335 0.907018
556.579 82.9815 -0.0121781 0.0996547 0.947683
584.047 416.74 0.270748 0.102799 0.92036
592.479 86.7241 -0.0074918 0.0695005 0.937349
846.585 23.7427 -0.0483658 -0.126948 0.942752
822.374 90.6344 -0.00554102 -0.116053 0.96337
666.721 3.45844 -0.0684535 0.0105951 0.960291
587.418 476.971 0.290714 0.0866975 0.859943
664.871 164.804 -0.00667523 0.0742369 1.46791
519.524 323.393 0.176866 0.146923 0.918576
755.47 466.778 0.323538 -0.0572352 0.908786
872.957 314.929 0.151204 -0.128779 0.839553
852.794 418.062 0.27214 -0.145601 0.906476
567.139 105.995 0.00349975 0.0954473 0.955551
658.083 34.2619 -0.0469797 0.0183401 0.957709
558.049 397.172 0.243908 0.120007 0.90984
718.636 489.147 0.309908 -0.0205981 0.863619
639.084 23.8685 -0.0528608 0.0322076 0.952127
707.242 258.213 0.181033 -0.0164438 1.28355
553.834 68.1882 -0.0220594 0.0996659 0.944799
524.25 442.509 0.338502 0.195171 0.980435
623.44 439.925 0.277563 0.0614998 0.89128
611.382 84.9432 -0.00818235 0.0544715 0.935309
902.558 149.353 0.0430504 -0.169924 0.918283
483.481 444.016 0.159362 0.0869854 0.699598
825.284 494.933 0.378083 -0.133877 0.929372
622.329 445.974 0.274133 0.0597585 0.87729
828.975 75.7492 -0.0117137 -0.113475 0.934646
786.627 460.57 0.334138 -0.0916427 0.930069
812.335 72.4441 -0.014701 -0.101126 0.937664
790.496 437.814 0.279357 -0.0852975 0.889344
590.788 417.33 0.27626 0.099095 0.928064
604.186 500.355 0.399779 0.105898 0.95559
601.217 462.005 0.334826 0.0977208 0.938009
672.444 444.694 0.271148 0.0170184 0.872496
611.395 317.157 0.171806 0.0666101 0.913569
658.117 29.89 -0.0494858 0.0179907 0.955721
947.459 362.919 0.27332 -0.299221 1.01808
703.296 232.772 0.122099 -0.0127675 1.08276
702.868 85.1785 -0.0107482 -0.0161385 0.960425
854.572 303.732 0.168204 -0.143826 0.922338
948.792 393.111 0.311166 -0.30468 1.01332
607.307 17.7444 -0.0565773 0.0558985 0.949428
826.236 118.91 0.0176646 -0.116534 0.947742
637.079 530.808 0.435229 0.0705225 0.946357
498.477 465.186 0.376659 0.23716 0.99134
502.543 463.638 0.383667 0.239543 1.00256
518.987 458.288 0.412633 0.247166 1.04736
903.123 39.8607 -0.0206976 -0.140307 0.860077
826.131 52.1228 -0.0291324 -0.111927 0.941085
807.541 174.78 0.0606773 -0.100434 0.93565
796.584 417.615 0.281626 -0.0983892 0.925239
638.989 239.124 0.107053 0.0388365 0.915646
572.284 106.043 0.00762857 0.0826387 0.921515
521.44 457.693 0.417734 0.248479 1.05463
860.498 0.0761795 -0.0818609 -0.155378 1.0034
951.932 115.073 0.00736895 -0.263849 1.02755
695.681 194.858 0.0644051 -0.00927763 0.797075
693.867 115.607 0.0162064 -0.00850702 0.917438
670.19 470.219 0.337038 0.026098 0.924798
836.057 439.774 0.359573 -0.165636 0.995911
850.394 629.701 0.216303 -0.0660023 0.646661
676.036 438.73 0.286304 0.0165158 0.903641
852.882 358.051 0.226175 -0.152107 0.93675
708.454 252.191 0.177799 -0.0188662 1.36319
591.969 477.46 0.565769 0.210223 1.16762
553.772 468.693 0.455051 0.218222 1.07374
500.396 465.713 0.379405 0.236673 0.993702
769.112 409.984 0.264749 -0.0695511 0.91246
666.231 5.36921 -0.0662332 0.0108526 0.956972
775.289 367.936 0.218993 -0.0727926 0.904631
829.208 415.504 0.322192 -0.152746 0.990504
704.813 64.5538 -0.0175996 -0.0175726 0.915987
671.84 440.615 0.274418 0.0183829 0.883302
656.561 272.722 0.232257 0.112806 1.45942
852.426 355.926 0.21727 -0.145791 0.921691
833.114 431.859 0.294855 -0.132976 0.919489
651.447 88.3174 -0.00676373 0.0247606 0.945046
521.626 429.724 0.34382 0.214133 1.01319
851.323 417.827 0.26959 -0.142829 0.902871
519.159 230.767 0.102144 0.147529 0.949229
883.57 220.275 0.0903136 -0.139736 0.86495
643.629 211.734 0.0941894 0.116974 1.4001
607.608 16.0348 -0.055276 0.0540277 0.940178
596.627 433.159 0.295141 0.0960289 0.92993
937.725 95.8675 0.00457963 -0.197211 0.928246
748.134 466.736 0.344958 -0.0532334 0.936112
600.068 460.864 0.339436 0.101334 0.945873
749.37 471.006 0.336358 -0.0525876 0.918994
635.565 85.7546 -0.00930958 0.0375928 0.948414
823.429 490.26 0.38885 -0.138046 0.947819
528.961 357.212 0.217081 0.152873 0.938974
942.394 392.001 0.319763 -0.309288 1.03076
881.301 85.2224 -0.00392253 -0.153474 0.930864
603.594 258.366 0.12435 0.0717653 0.928617
714.719 471.002 0.336378 -0.0183488 0.920677
859.518 231.408 0.112457 -0.160846 0.972284
526.69 112.114 0.0126217 0.112307 0.906866
700.791 200.783 0.0803054 -0.0118637 0.949642
911.356 341.398 0.298518 -0.332232 1.14536
772.44 138.169 0.0318293 -0.0717171 0.941806
488.122 82.8852 0.00481597 0.0989639 0.804455
903.471 228.564 0.103776 -0.177131 0.917338
707.291 258.965 0.182983 -0.0164731 1.28824
598.27 241.766 0.106958 0.06958 0.905991
803.595 494.047 0.289871 -0.0844894 0.8303
819.899 458.508 0.362986 -0.138176 0.967937
676.122 463.114 0.332534 0.0202588 0.92957
593.78 434.587 0.291116 0.0962645 0.921597
692.031 103.48 0.00575946 -0.00713494 0.936064
644.879 272.782 0.138377 0.0382295 0.932178
755.099 460.832 0.333151 -0.0595585 0.929967
598.717 196.746 0.0758157 0.0794091 0.966221
678.92 243.36 0.152984 0.131108 2.02279
621.615 443.807 0.279815 0.0628659 0.888875
651.876 95.564 -0.0081731 0.0291059 0.989566
543.189 342.217 0.223697 0.161146 0.993897
944.386 418.202 0.352967 -0.313009 1.02307
553.406 128.266 -0.00451852 0.17263 1.14495
710.366 506.239 0.38166 -0.0130624 0.922997
809.16 415.621 0.250656 -0.0976306 0.877636
828.463 189.124 0.071069 -0.111184 0.908763
639.613 476.099 0.330564 0.0538688 0.909611
798.643 412.86 0.282778 -0.102699 0.93545
825.732 407.322 0.285207 -0.13344 0.948202
919.75 367.805 0.333981 -0.339099 1.125
607.168 63.7046 -0.0275175 0.0608108 0.960296
680.618 126.221 0.022105 -0.00599848 0.609365
577.627 59.5303 -0.0304765 0.0837878 0.958481
738.254 123.201 -0.261652 -0.1412 1.93182
630.623 240.784 0.152175 0.273708 1.7886
503.435 59.1336 -0.0241769 0.128547 0.920374
629.502 223.286 0.0943994 0.0456092 0.916288
713.924 120.789 -0.238015 -0.0474907 1.86188
873.32 390.616 0.258176 -0.172655 0.930991
785.632 429.196 0.301477 -0.0906334 0.936235
701.286 84.3695 -0.00968945 -0.0148121 0.949939
603.888 247.335 0.116066 0.072068 0.935041
564.504 150.343 0.0382806 0.0950352 0.931792
782.841 128.459 0.0256479 -0.077759 0.928454
825.487 425.643 0.311619 -0.137117 0.95539
740.726 124.641 -0.28181 -0.15743 1.98506
726.761 124.278 -0.297509 -0.103539 2.01457
846.84 23.8926 -0.0482973 -0.127191 0.94289
575.09 146.434 0.0351928 0.0883699 0.939557
656.888 37.8344 -0.0449941 0.0195812 0.959662
593.671 90.546 -0.00552363 0.0698755 0.94228
705.008 310.322 0.169012 -0.0130387 0.91708
855.366 358.821 0.21289 -0.142584 0.905471
892.408 155.679 0.0474794 -0.163935 0.922026
608.014 320.598 0.171801 0.067657 0.904544
645.38 317.018 0.170535 0.0369793 0.907594
673.922 432.852 0.292702 0.0200128 0.922769
528.665 344.983 0.206069 0.152628 0.942063
567.305 375.573 0.227632 0.112578 0.91936
507.776 150.905 0.037852 0.139582 0.931581
