708.504 429.663 0.292187 -0.0130255 0.924844
630.747 429.692 0.294733 0.0632341 0.932507
590.307 221.976 0.0934441 0.076493 0.915137
783.891 405.246 0.264722 -0.0839725 0.919466
775.808 365.556 0.214322 -0.0716301 0.898744
705.22 308.705 0.163731 -0.0128845 0.903015
903.196 152.141 0.0458796 -0.172116 0.925035
517.035 168.004 0.0517697 0.145428 0.960578
839.643 94.5337 0.00941163 -0.104923 0.873446
857.232 304.107 0.166983 -0.142837 0.915716
564.356 373.1 0.221735 0.11175 0.910879
566.076 146.186 0.036228 0.0951849 0.938165
607.964 314.614 0.166761 0.0669627 0.903165
645.263 310.946 0.164555 0.0363375 0.903598
562.548 374.626 0.218443 0.109909 0.900991
490.946 330.49 0.156156 0.134331 0.841566
844.9 342.405 0.208362 -0.140572 0.931679
735.219 413.727 0.261787 -0.0372372 0.902323
791.327 420.079 0.246948 -0.0797297 0.865452
576.272 5.13905 -0.060582 0.0765375 0.939575
514.765 154.911 0.0418119 0.139507 0.944895
569.78 145.43 0.0351286 0.0956345 0.950875
631.404 212.594 0.0862256 0.0424362 0.908274
568.031 146.626 0.0363233 0.0953396 0.944231
762.02 36.6926 -0.0446409 -0.0643654 0.967156
510.557 72.3788 -0.0244871 0.146535 0.980367
531.19 346.342 0.211641 0.154101 0.950351
556.754 136.897 0.0229586 0.12678 1.01948
894.411 152.887 0.0456461 -0.177854 0.955978
826.608 189.641 0.0732741 -0.114002 0.928413
656.454 24.3131 -0.0485333 0.0185846 0.943722
797.806 414.509 0.278189 -0.0987363 0.924569
826.757 113.36 0.0154916 -0.113661 0.94027
653.669 142.24 0.0336055 0.0268943 0.956395
706.163 302.899 0.159474 -0.0137786 0.905248
891.154 227.4 0.0962193 -0.145681 0.868105
806.567 123.318 0.0229667 -0.0965513 0.934353
568.49 75.7863 -0.0156585 0.0899755 0.948671
611.691 141.451 0.0332992 0.0587376 0.939295
612.757 144.444 0.0353337 0.0589306 0.943915
658.637 26.9148 -0.049928 0.0179873 0.956601
646.54 307.531 0.162892 0.035652 0.907591
592.297 79.9991 -0.0105851 0.0692239 0.936993
592.814 221.678 0.0943688 0.076911 0.925239
798.945 206.18 0.084855 -0.0895146 0.916724
692.568 28.4068 -0.0452671 -0.00860707 0.942812
826.923 47.0422 -0.0314492 -0.1116 0.94289
867.62 334.091 0.17399 -0.133803 0.862589
797.82 205.957 0.0859069 -0.0916283 0.931309
800.523 202.28 0.0818968 -0.0907096 0.917026
795.243 7.19486 -0.0474291 -0.0785449 0.900628
648.645 309.15 0.170875 0.0368739 0.928667
629.96 217.115 0.0898313 0.0441144 0.910225
599.466 216.776 0.091887 0.0741769 0.938617
901.72 222.406 0.101406 -0.18105 0.933529
807.86 35.5969 -0.0921734 -0.139647 1.13441
894.656 151.058 0.0450162 -0.163825 0.92154
702.158 81.7993 -0.0115503 -0.0150118 0.959577
640.469 86.0655 0.00329445 0.0246609 0.863351
899.731 153.998 0.0470701 -0.173401 0.934369
776.581 70.7071 -0.0430032 -0.0945063 1.07672
786.157 365.729 0.212278 -0.0794239 0.893466
817.395 208.902 0.0957606 -0.133172 1.02608
530.352 158.726 -0.0635559 0.479362 1.65179
513.115 256.111 0.118915 0.140869 0.913913
828.112 407.717 0.273253 -0.128211 0.927027
611.96 145.552 0.0361784 0.0595728 0.943493
649.745 138.355 0.0320836 0.0270641 0.928803
784.428 110.403 -0.104968 -0.190764 1.4766
774.302 129.886 0.027159 -0.0714745 0.936769
722.757 106.946 -0.148011 -0.0619325 1.57562
713.267 110.662 -0.232459 -0.0431632 1.80197
748.488 115.49 -0.16588 -0.139332 1.67279
747.072 73.9082 -0.25109 -0.131446 1.6584
782.184 35.8871 -0.196487 -0.162256 1.40065
827.37 73.5168 -0.050395 -0.161514 1.12092
751.843 96.4375 -0.156527 -0.128898 1.54524
804.618 59.2963 -0.0897559 -0.154183 1.20404
774.646 91.7454 -0.222811 -0.2122 1.68178
788.992 98.1083 -0.0999604 -0.179693 1.39737
768.723 110.981 -0.242927 -0.230033 1.83069
603.423 107.092 0.00179308 0.073293 0.991288
759.965 123.245 -0.096626 -0.146298 1.52435
910.58 226.425 0.0998856 -0.171909 0.896247
723.744 10.2748 -0.0553423 -0.0320818 0.937316
804.903 194.809 0.0747312 -0.0891985 0.895149
753.491 429.576 0.292082 -0.0562299 0.922621
764.774 104.715 -0.232491 -0.203723 1.77115
824.948 421.131 0.315378 -0.14011 0.968586
718.038 107.451 -0.257763 -0.0601696 1.83933
722.874 99.5407 -0.143462 -0.0596864 1.52467
834.756 191.819 0.075467 -0.122629 0.934818
781.984 115.864 -0.103683 -0.192372 1.50354
740.394 117.986 -0.0581209 -0.0829542 1.35923
807.393 175.435 0.0622605 -0.10067 0.941283
713.039 108.878 -0.227206 -0.0420901 1.77973
643.842 104.378 0.00126659 0.0363101 0.983363
731.96 151.524 -0.350932 -0.157334 2.36028
522.752 165.204 0.0496308 0.139715 0.959266
781.255 120.433 -0.100635 -0.195449 1.52133
787.143 48.3788 -0.0401437 -0.0882685 0.985453
511.973 148.791 0.037318 0.139154 0.940121
773.728 128.203 0.0258151 -0.0712021 0.938214
827.02 110.637 0.0135168 -0.113744 0.940249
609.145 142.406 0.0345118 0.0586387 0.927604
611.926 309.479 0.168995 0.0680192 0.924302
752.844 428.655 0.294718 -0.0562686 0.928134
844.527 409.102 0.287665 -0.151887 0.947121
531.706 183.413 0.0636822 0.121759 0.924696
847.178 341.048 0.205044 -0.140782 0.926678
549.463 41.3227 -0.0986011 0.168259 1.16077
535.613 187.545 0.0674745 0.125157 0.941696
875.75 10.3394 -0.404385 -0.476937 1.70532
841.714 179.83 0.0633393 -0.108945 0.870205
777.829 87.9988 -0.211195 -0.210249 1.63754
752.156 90.9446 -0.158264 -0.126201 1.52303
566.325 97.9574 0.00025538 0.0931286 0.947027
707.041 305.826 0.164849 -0.0144777 0.914564
766.651 95.6889 -0.225858 -0.195592 1.70808
717.713 92.9677 -0.253174 -0.0564416 1.7511
783.468 122.054 0.0220369 -0.0775664 0.930485
531.099 448.834 0.162916 0.0668302 0.701557
598.762 427.528 0.302573 0.0995734 0.949821
832.207 116.066 0.0154921 -0.124027 0.961852
637.41 88.771 -0.0073739 0.0380762 0.960298
637.766 88.7553 -0.00804199 0.0383291 0.964653
582.981 415.598 0.264727 0.100611 0.911436
648.608 19.9851 -0.0900748 0.0376702 1.07812
666.683 9.93065 -0.0648334 0.0119048 0.969733
958.034 89.4389 -0.0288184 -0.309834 1.10589
612.519 144.77 0.0354535 0.0596303 0.946547
653.003 233.204 0.121089 0.0458868 1.06413
694.559 118.713 0.0162674 -0.00800319 0.955132
873.905 216.879 0.0929535 -0.145554 0.903501
518.685 432.734 0.340783 0.211091 1.00099
600.539 458.086 0.335746 0.100055 0.944492
592.874 437.589 0.283594 0.0920535 0.904673
595.976 0.760956 -0.0787515 0.0719545 0.993116
788.117 433.866 0.284811 -0.0855806 0.90327
855.741 416.202 0.259535 -0.140547 0.888947
498.037 436.338 0.304514 0.198945 0.942461
629.007 21.6965 -0.0608805 0.0443767 0.983818
750.784 22.3344 -0.234259 -0.109272 1.43726
740.448 132.087 -0.323603 -0.17493 2.14148
635.143 233.886 0.100628 0.0387094 0.894454
772.691 134.706 0.0298575 -0.0723461 0.950715
788.006 431.979 0.285214 -0.0861779 0.906838
526.645 317.194 0.180351 0.150826 0.943826
650.3 137.522 0.0314196 0.0267327 0.930143
788.463 433.656 0.286791 -0.0865955 0.906505
787.368 39.4657 -0.0200609 -0.0664151 0.854687
836.672 49.868 -0.0437477 -0.137265 1.00843
498.201 61.3003 -0.0250995 0.140212 0.941304
484.91 151.693 0.0376584 0.176446 0.973935
755.547 118.221 -0.131363 -0.147067 1.59671
730.425 98.2405 -0.224297 -0.0918475 1.71583
730.794 411.495 0.260786 -0.0334381 0.90463
841.614 442.535 0.343039 -0.160553 0.967805
842.129 344.845 0.215273 -0.142015 0.942591
950.37 373.063 0.284393 -0.299906 1.01238
758.347 99.2587 -0.246333 -0.183081 1.77137
491.384 15.4561 -0.0436636 0.122651 0.893366
579.955 8.61317 -0.0616948 0.0767762 0.952079
756.811 434.088 0.286279 -0.0573755 0.906544
814.489 55.6789 -0.170748 -0.226937 1.41041
748.789 118.633 -0.100848 -0.117691 1.50849
771.736 362.699 0.215076 -0.0693324 0.906375
755.598 433.471 0.281213 -0.0554217 0.900043
920.213 348.806 0.305637 -0.33653 1.12995
826.259 82.2744 -0.00866781 -0.115153 0.95314
630.124 464.01 0.325423 0.0643679 0.920498
651.846 86.381 -0.0074611 0.0252544 0.95054
699.001 221.606 0.0887404 -0.0100437 0.864269
760.447 436.536 0.27969 -0.0588559 0.892865
739.088 118.554 -0.262483 -0.140712 1.91845
735.71 138.588 -0.102121 -0.100819 1.64331
637.452 212.114 0.0882803 0.0412838 0.933372
557.164 79.6824 -0.0130692 0.0991809 0.94873
705.133 27.5404 -0.045925 -0.0181423 0.94372
654.741 139.932 0.0322169 0.025233 0.949669
610.573 312.508 0.168403 0.0670656 0.913863
519.489 245.222 0.110065 0.133813 0.912372
708.307 429.995 0.291099 -0.0128345 0.922667
500.041 69.2636 -0.0218903 0.144453 0.953655
669.149 470.944 0.330374 0.0261013 0.914794
707.035 432.471 0.291524 -0.0115756 0.919283
694.813 19.1422 -0.0527853 -0.0104615 0.948709
520.668 69.9637 -0.0247997 0.135256 0.973275
900.502 153.039 0.0463916 -0.173045 0.932219
769.158 407.714 0.259551 -0.0682221 0.907134
555.784 78.1304 -0.0138597 0.0995795 0.946799
583.956 414.069 0.269106 0.102872 0.921335
592.767 82.805 -0.00904901 0.0696073 0.93963
848.432 18.8277 -0.0499962 -0.126828 0.942813
823.367 87.0572 -0.00711443 -0.116161 0.965717
668.468 6.43059 -0.0707875 0.0110576 0.9822
585.886 476.001 0.286432 0.0862988 0.855334
664.672 161.329 -0.00833375 0.0739197 1.46176
519.618 320.227 0.175568 0.147291 0.921012
713.285 635.207 0.20752 -0.0117389 0.638789
755.716 464.609 0.321526 -0.0571337 0.908929
870.94 310.561 0.152607 -0.131257 0.853428
852.369 414.829 0.271955 -0.146136 0.91132
566.973 101.997 0.00190732 0.0956295 0.957
658.589 30.4639 -0.0485948 0.0184938 0.961023
559.31 393.51 0.244056 0.120635 0.915783
719.317 490.721 0.302839 -0.0206542 0.85305
639.545 19.5945 -0.0545183 0.0322886 0.954543
707.056 255.19 0.175839 -0.0157493 1.26516
554.133 64.2089 -0.0236152 0.0997679 0.947306
523.449 440.379 0.33593 0.194843 0.979228
623.632 436.858 0.276502 0.0616992 0.89377
611.956 79.3082 -0.00996629 0.0532354 0.931363
900.414 148.07 0.0426638 -0.172383 0.931829
488.936 435.266 0.15995 0.0876502 0.709426
826.16 493.669 0.374722 -0.133454 0.927014
622.574 442.15 0.274122 0.0604453 0.882359
827.312 76.0079 -0.0128617 -0.115253 0.951286
787.342 459.522 0.330336 -0.0910624 0.92627
813.466 68.3766 -0.0162882 -0.101022 0.938778
790.532 434.7 0.278782 -0.085536 0.892953
590.55 414.839 0.274328 0.0990953 0.928288
604.082 497.666 0.398356 0.106166 0.956984
601.506 459.068 0.333838 0.0978523 0.940387
672.637 441.711 0.270027 0.0171025 0.874784
611.114 314.456 0.169619 0.0664104 0.912263
658.8 26.4245 -0.0511446 0.0181084 0.960178
949.447 361.147 0.270492 -0.298286 1.01563
703.563 229.772 0.119989 -0.012674 1.08083
703.549 79.5051 -0.0126064 -0.0161601 0.955938
855.261 301.035 0.166812 -0.144006 0.924306
949.498 391.025 0.30946 -0.304691 1.01424
606 9.75182 -0.0581334 0.0554678 0.942451
827.14 115.56 0.0161585 -0.116698 0.950396
636.44 529.655 0.431398 0.0704374 0.943412
497.402 463.299 0.373882 0.236711 0.989631
499.692 462.947 0.378064 0.23782 0.995314
516.506 457.91 0.406691 0.244848 1.03895
904.614 35.5423 -0.0224552 -0.140489 0.862487
826.989 48.7504 -0.0307233 -0.112249 0.945017
809.359 170.825 0.0585607 -0.100156 0.932692
797.237 415.483 0.279518 -0.0983487 0.92502
639.354 235.927 0.105678 0.0389321 0.918175
570.854 100.531 0.00567812 0.0822666 0.917326
518.616 457.121 0.4112 0.246423 1.04588
952.088 112.648 0.0060141 -0.264805 1.033
696.44 191.578 0.0635241 -0.00931179 0.803177
694.317 110.98 0.0143612 -0.00844514 0.916018
670.252 467.687 0.335449 0.0261525 0.92588
837.207 439.095 0.354951 -0.164065 0.990059
849.573 622.959 0.216546 -0.0664494 0.651796
676.128 436.962 0.283478 0.0163437 0.901642
853.375 355.561 0.224867 -0.152262 0.938641
708.531 249.274 0.173429 -0.0185606 1.34797
590.042 477.58 0.55698 0.208219 1.15619
553.248 466.696 0.452329 0.217908 1.07259
499.398 464.016 0.376423 0.235813 0.991414
769.435 407.467 0.263204 -0.0695408 0.913708
666.721 1.03825 -0.0679443 0.0109843 0.959601
775.655 365.565 0.217019 -0.072494 0.904517
830.059 413.837 0.319323 -0.152226 0.988445
705.506 63.3185 -0.0190249 -0.0176513 0.92777
671.974 437.265 0.273898 0.0186455 0.887089
655.343 269.995 0.225914 0.111112 1.43767
853.047 353.532 0.21553 -0.145569 0.922305
833.93 430.244 0.292065 -0.132383 0.917589
653.402 86.8555 -0.00780012 0.0244664 0.955197
520.03 427.887 0.340391 0.213703 1.01009
851.733 415.461 0.267892 -0.142671 0.903784
521.489 228.275 0.102346 0.149293 0.959642
882.959 217.344 0.089715 -0.140985 0.872938
643.012 208.547 0.091707 0.116194 1.39145
607.093 9.73362 -0.056876 0.0538622 0.937655
937.574 93.3319 0.0031664 -0.198268 0.934662
599.354 459.289 0.336168 0.101001 0.943169
635.706 81.7958 -0.0109077 0.0378398 0.950428
824.157 488.807 0.385759 -0.137681 0.945989
528.312 354.592 0.214984 0.15264 0.938385
944.184 390.475 0.316633 -0.308093 1.02794
881.593 82.2821 -0.00530032 -0.153618 0.935031
527.35 108.646 0.0112121 0.112768 0.911081
914.074 339.908 0.293905 -0.329452 1.13726
772.493 135.708 0.0307525 -0.0718786 0.948561
489.492 79.222 0.00338629 0.0995598 0.809724
904.175 225.651 0.102438 -0.17751 0.920308
707.411 256.256 0.179287 -0.0162762 1.27798
802.909 487.512 0.292629 -0.0859811 0.841324
820.753 457.23 0.359539 -0.137577 0.965023
676.175 460.609 0.33092 0.0203282 0.930601
594.435 431.014 0.290923 0.0967347 0.926306
692.696 100.519 0.00441178 -0.00712153 0.941129
645.373 269.772 0.137441 0.0384172 0.936345
755.28 458.458 0.331494 -0.0595052 0.930902
603.499 195.561 0.0769547 0.0799091 0.987236
678.714 241.324 0.150854 0.130366 2.01161
534.027 340.687 0.210159 0.155387 0.961225
941.856 414.835 0.355607 -0.315766 1.03334
553.527 125.654 -0.0051766 0.172592 1.14666
710.461 504.146 0.379484 -0.0130444 0.922901
808.986 412.302 0.250718 -0.0981188 0.882836
828.881 186.256 0.0699456 -0.111602 0.913283
639.633 473.464 0.329061 0.0539643 0.910856
798.905 410.346 0.281493 -0.102762 0.937278
826.034 405.163 0.283384 -0.133091 0.948583
922.597 366.449 0.329545 -0.337462 1.11857
607.617 59.9362 -0.0291244 0.0609908 0.963541
682.309 122.358 0.0213331 -0.00606088 0.617985
574.742 51.1446 -0.0322767 0.0827888 0.947151
795.402 32.9579 -0.0420303 -0.0875211 0.946417
838.931 440.263 0.353683 -0.164655 0.986129
578.025 418.152 0.259105 0.100754 0.898047
514.847 435.609 0.33428 0.207406 0.986284
539.297 137.993 0.0288135 0.120889 0.954074
646.757 379.327 0.218445 0.036797 0.887699
579.261 151.501 0.0404642 0.0845443 0.935788
623.642 141.146 -0.00529571 0.112079 1.26584
581.171 232.386 0.132979 0.378054 1.65559
570.246 226.589 0.121095 0.351928 1.55137
863.39 361.13 0.214307 -0.147948 0.902867
651.461 307.08 0.173805 0.0363646 0.944293
859.125 358.998 0.221446 -0.151927 0.923114
851.93 349.355 0.199864 -0.134382 0.895341
942.884 412.7 0.351246 -0.315187 1.0316
707.357 469.255 0.306014 -0.0111975 0.884655
654.033 93.8554 -0.00595995 0.0263687 0.977648
593.001 402.391 0.629923 0.352043 1.48326
831.112 479.424 0.412052 -0.161102 0.988661
678.131 465.869 0.296958 0.013899 0.87864
739.069 417.882 0.248813 -0.0384137 0.874101
589.462 119.932 0.0170007 0.0753405 0.941673
565.232 116.697 0.0125254 0.0991426 0.959724
828.422 108.006 0.0128015 -0.111744 0.92863
563.232 113.478 0.0117182 0.0961921 0.944279
727.568 420.028 0.274687 -0.0309025 0.913025
653.923 241.595 0.130809 0.0456561 1.06537
799.839 36.4252 -0.0340056 -0.086026 0.920285
738.839 119.548 -0.262307 -0.14053 1.92446
630.811 238.993 0.150991 0.274318 1.79344
503.613 55.0563 -0.0257642 0.128842 0.923255
629.685 219.952 0.0927727 0.0456081 0.917277
714.294 118.495 -0.240055 -0.0475707 1.86685
874.083 388.413 0.256265 -0.172453 0.931239
785.98 426.722 0.299949 -0.0907143 0.937572
701.939 80.3249 -0.0113055 -0.0148237 0.951373
604.804 244.27 0.115363 0.0725308 0.941255
564.839 146.846 0.0368399 0.0952778 0.934771
783.522 125.217 0.0242021 -0.0779397 0.932037
825.872 423.191 0.310154 -0.137287 0.956942
741.176 122.345 -0.283834 -0.157667 1.98931
727.158 121.928 -0.299509 -0.103658 2.01844
847.9 20.2484 -0.0499389 -0.127493 0.946341
575.487 143.019 0.0337734 0.0886709 0.942963
657.665 34.1624 -0.0466007 0.0195447 0.963275
593.755 86.4786 -0.00713097 0.0700151 0.944024
705.356 307.486 0.167394 -0.0130151 0.918177
854.926 355.648 0.212623 -0.143213 0.911051
893.104 152.626 0.0460911 -0.164157 0.925124
608.185 317.612 0.170294 0.0676865 0.906056
646.112 313.756 0.169959 0.0371041 0.912839
673.918 430.648 0.290529 0.0200418 0.922409
528.633 342.045 0.204612 0.152781 0.943686
566.477 373.233 0.225126 0.112351 0.917648
508.33 147.499 0.0364977 0.140025 0.935386
