708.794 426.839 0.292285 -0.0131323 0.925142
631.012 426.82 0.294831 0.0631273 0.932805
590.602 218.48 0.0935418 0.0763862 0.915435
784.259 402.444 0.26482 -0.0840793 0.919764
776.244 362.567 0.214419 -0.071737 0.899042
705.638 305.529 0.163829 -0.0129913 0.903313
904.241 148.654 0.0459773 -0.172222 0.925333
517.184 164.463 0.0518674 0.145321 0.960876
840.659 90.4114 0.00950928 -0.10503 0.873744
857.868 301.128 0.16708 -0.142944 0.916014
564.611 369.976 0.221833 0.111643 0.911176
566.327 142.477 0.0363257 0.0950781 0.938463
608.265 311.362 0.166858 0.0668559 0.903463
645.606 307.722 0.164652 0.0362307 0.903896
562.805 371.451 0.218541 0.109802 0.901289
491.153 326.793 0.156254 0.134224 0.841864
845.43 339.599 0.20846 -0.140679 0.931977
735.554 410.801 0.261884 -0.037344 0.902621
791.723 417.021 0.247046 -0.0798365 0.86575
576.566 0.69294 -0.0604844 0.0764307 0.939873
514.912 151.235 0.0419096 0.1394 0.945192
570.031 141.784 0.0352263 0.0955277 0.951173
631.776 209.06 0.0863233 0.0423294 0.908572
568.282 142.951 0.0364209 0.0952327 0.944529
762.834 32.685 -0.0445432 -0.0644722 0.967454
510.655 68.4644 -0.0243894 0.146429 0.980665
531.413 343.325 0.211738 0.153995 0.950649
556.947 133.501 0.0230563 0.126674 1.01977
895.412 149.55 0.0457438 -0.177961 0.956276
827.387 186.282 0.0733717 -0.114109 0.928711
656.972 20.0541 -0.0484356 0.0184778 0.944019
798.165 411.76 0.278287 -0.0988432 0.924867
827.661 109.699 0.0155893 -0.113768 0.940568
654.098 138.67 0.0337031 0.0267875 0.956693
706.587 299.719 0.159571 -0.0138854 0.905546
892.052 223.908 0.0963169 -0.145788 0.868403
807.402 119.663 0.0230643 -0.0966581 0.93465
568.746 71.7834 -0.0155609 0.0898687 0.948968
612.037 137.761 0.0333968 0.0586308 0.939592
613.102 140.792 0.0354314 0.0588237 0.944213
659.152 22.7339 -0.0498303 0.0178805 0.956899
646.884 304.321 0.162989 0.0355452 0.907889
592.619 75.9774 -0.0104874 0.0691171 0.937291
593.109 218.236 0.0944664 0.0768042 0.925537
799.645 202.807 0.0849527 -0.0896215 0.917022
693.192 24.1913 -0.0451694 -0.0087139 0.94311
827.937 43.0263 -0.0313515 -0.111707 0.943188
868.261 330.905 0.174088 -0.13391 0.862887
798.507 202.658 0.0860045 -0.0917351 0.931607
801.231 198.894 0.0819944 -0.0908164 0.917324
796.242 2.69753 -0.0473315 -0.0786517 0.900926
648.981 306.055 0.170973 0.0367671 0.928965
630.326 213.608 0.089929 0.0440076 0.910523
599.767 213.39 0.0919846 0.07407 0.938915
902.6 219.273 0.101504 -0.181157 0.933827
808.758 32.1839 -0.0920758 -0.139753 1.13471
895.683 147.541 0.0451138 -0.163932 0.921838
702.751 77.9737 -0.0114527 -0.0151186 0.959875
640.959 81.6864 0.0033921 0.0245541 0.863649
900.756 150.566 0.0471678 -0.173507 0.934667
777.344 67.3211 -0.0429056 -0.0946132 1.07701
786.607 362.722 0.212375 -0.0795307 0.893763
818.065 206.048 0.0958582 -0.133279 1.02638
530.307 156.677 -0.0634583 0.479255 1.65209
513.301 252.66 0.119013 0.140762 0.914211
828.503 405.002 0.273351 -0.128318 0.927325
612.303 141.902 0.036276 0.059466 0.943791
650.183 134.626 0.0321812 0.0269573 0.929101
785.066 108.048 -0.104871 -0.190871 1.4769
775.043 126.252 0.0272566 -0.0715814 0.937067
723.197 104.645 -0.147914 -0.0620393 1.57592
713.642 108.562 -0.232361 -0.04327 1.80227
748.984 113.344 -0.165782 -0.139439 1.67309
747.619 71.4779 -0.250992 -0.131553 1.6587
782.942 32.9546 -0.19639 -0.162363 1.40095
828.27 70.3111 -0.0502973 -0.161621 1.12122
752.39 94.0562 -0.156429 -0.129005 1.54553
805.45 56.1967 -0.0896583 -0.15429 1.20434
775.263 89.4668 -0.222714 -0.212307 1.68208
789.675 95.5779 -0.0998627 -0.179799 1.39767
769.279 108.928 -0.24283 -0.23014 1.83098
603.735 103.47 0.00189073 0.0731862 0.991586
760.503 121.007 -0.0965284 -0.146405 1.52465
911.499 223.115 0.0999833 -0.172016 0.896545
724.485 5.94267 -0.0552447 -0.0321887 0.937614
805.648 191.273 0.0748288 -0.0893053 0.895447
753.802 426.79 0.292179 -0.0563368 0.922919
765.33 102.582 -0.232394 -0.20383 1.77145
825.278 418.614 0.315476 -0.140217 0.968884
718.427 105.357 -0.257665 -0.0602765 1.83963
723.33 97.1413 -0.143364 -0.0597932 1.52497
835.546 188.509 0.0755646 -0.122735 0.935116
782.603 113.571 -0.103586 -0.192479 1.50383
740.912 115.484 -0.0580232 -0.083061 1.35952
808.144 172.063 0.0623582 -0.100776 0.941581
713.418 106.752 -0.227108 -0.042197 1.78003
644.255 100.737 0.00136425 0.0362033 0.983661
732.306 149.947 -0.350835 -0.157441 2.36058
522.911 161.649 0.0497285 0.139608 0.959564
781.861 118.188 -0.100537 -0.195556 1.52163
788.009 44.536 -0.040046 -0.0883753 0.985751
512.117 145.062 0.0374157 0.139047 0.940419
774.469 124.567 0.0259128 -0.071309 0.938512
827.929 106.962 0.0136145 -0.113851 0.940547
609.492 138.659 0.0346095 0.0585319 0.927902
612.223 306.329 0.169093 0.0679124 0.9246
753.152 425.892 0.294816 -0.0563755 0.928432
844.91 406.498 0.287763 -0.151994 0.947419
531.9 179.769 0.0637799 0.121652 0.924994
847.718 338.217 0.205142 -0.140889 0.926976
549.559 37.8632 -0.0985035 0.168152 1.16106
535.806 184.007 0.0675721 0.12505 0.941993
876.951 7.50465 -0.404288 -0.477044 1.70562
842.589 176.108 0.0634369 -0.109052 0.870503
778.466 85.6617 -0.211097 -0.210355 1.63784
752.715 88.5055 -0.158166 -0.126307 1.52333
566.575 94.0606 0.000353035 0.0930218 0.947325
707.458 302.705 0.164946 -0.0145845 0.914862
767.232 93.4524 -0.22576 -0.195699 1.70838
718.126 90.7205 -0.253076 -0.0565484 1.7514
784.248 118.355 0.0221346 -0.0776732 0.930783
531.392 444.202 0.163014 0.0667234 0.701855
599.017 424.696 0.30267 0.0994665 0.950119
833.108 112.525 0.0155897 -0.124134 0.96215
637.828 84.9408 -0.00727624 0.0379694 0.960596
638.183 84.9454 -0.00794433 0.0382223 0.964951
583.243 412.559 0.264825 0.100505 0.911734
649.034 16.2201 -0.0899771 0.0375634 1.07842
667.227 5.71129 -0.0647357 0.0117979 0.970031
959.325 86.3673 -0.0287208 -0.30994 1.10619
612.862 141.132 0.0355512 0.0595235 0.946845
653.328 230.444 0.121186 0.04578 1.06443
695.102 115.054 0.0163651 -0.00811002 0.95543
874.757 213.54 0.0930512 -0.145661 0.903799
518.946 430.021 0.340881 0.210984 1.00129
600.792 455.253 0.335844 0.0999486 0.94479
593.138 434.551 0.283691 0.0919466 0.904971
788.456 431.028 0.284909 -0.0856874 0.903568
856.174 413.337 0.259632 -0.140654 0.889245
498.299 433.372 0.304612 0.198838 0.942759
629.423 17.5862 -0.0607828 0.0442699 0.984116
751.44 19.3358 -0.234161 -0.109378 1.43756
740.858 130.31 -0.323505 -0.175037 2.14178
635.518 230.357 0.100726 0.0386025 0.894752
773.412 131.162 0.0299552 -0.072453 0.951013
788.345 429.156 0.285311 -0.0862847 0.907136
526.857 314.079 0.180448 0.150719 0.944124
650.738 133.797 0.0315173 0.0266258 0.930441
788.799 430.835 0.286888 -0.0867023 0.906802
788.328 34.8758 -0.0199632 -0.0665219 0.854985
837.682 46.1587 -0.0436501 -0.137372 1.00873
498.288 57.1346 -0.0250018 0.140105 0.941602
484.989 148.118 0.0377561 0.176339 0.974233
756.07 116.027 -0.131265 -0.147173 1.59701
730.879 96.0092 -0.224199 -0.0919543 1.71613
731.127 408.573 0.260884 -0.0335449 0.904927
841.91 440.055 0.343137 -0.16066 0.968103
842.641 342.094 0.21537 -0.142122 0.942889
950.891 370.774 0.284491 -0.300012 1.01268
758.889 97.0859 -0.246236 -0.183188 1.77167
491.472 10.7672 -0.0435659 0.122544 0.893664
580.251 4.25089 -0.0615972 0.0766694 0.952377
757.13 431.234 0.286376 -0.0574823 0.906842
815.33 52.9099 -0.17065 -0.227044 1.41071
749.303 116.344 -0.10075 -0.117798 1.50879
772.166 359.74 0.215173 -0.0694392 0.906673
755.922 430.582 0.281311 -0.0555285 0.900341
920.688 346.817 0.305735 -0.336637 1.13024
827.207 78.5082 -0.00857015 -0.11526 0.953438
630.379 461.108 0.325521 0.064261 0.920796
652.308 82.5021 -0.00736345 0.0251476 0.950838
699.518 217.901 0.088838 -0.0101505 0.864567
760.774 433.618 0.279787 -0.0589627 0.893163
739.527 116.587 -0.262385 -0.140818 1.91875
736.142 136.546 -0.102023 -0.100926 1.64361
637.821 208.716 0.0883779 0.0411769 0.93367
557.392 75.6925 -0.0129715 0.0990741 0.949028
705.795 23.3324 -0.0458273 -0.0182491 0.944018
655.178 136.319 0.0323146 0.0251261 0.949967
610.872 309.311 0.1685 0.0669588 0.914161
519.681 241.732 0.110163 0.133707 0.91267
708.598 427.161 0.291197 -0.0129414 0.922965
500.128 65.2025 -0.0217926 0.144346 0.953953
669.403 468.063 0.330472 0.0259945 0.915092
707.325 429.622 0.291622 -0.0116824 0.919581
695.449 14.9008 -0.0526876 -0.0105683 0.949007
520.794 66.0117 -0.0247021 0.13515 0.973573
901.534 149.591 0.0464893 -0.173152 0.932517
769.52 404.84 0.259649 -0.068329 0.907432
556.011 74.122 -0.0137621 0.0994727 0.947097
584.216 411.078 0.269204 0.102765 0.921633
593.088 78.8119 -0.00895135 0.0695004 0.939928
849.566 14.6547 -0.0498985 -0.126935 0.94311
824.291 83.3732 -0.00701677 -0.116268 0.966015
669.013 2.24442 -0.0706898 0.0109507 0.982498
586.156 472.724 0.28653 0.086192 0.855632
664.941 159.157 -0.00823609 0.0738128 1.46206
519.83 317 0.175666 0.147184 0.92131
712.867 636.422 0.205316 -0.0114437 0.633808
713.654 630.238 0.207617 -0.0118457 0.639087
755.992 461.793 0.321624 -0.0572406 0.909227
871.643 307.252 0.152705 -0.131363 0.853726
852.779 412.074 0.272053 -0.146243 0.911618
567.219 98.1695 0.00200498 0.0955227 0.957298
659.1 26.3245 -0.0484971 0.0183869 0.961321
630.535 639.847 0.204985 0.0185408 0.633094
559.563 390.438 0.244154 0.120528 0.91608
719.595 487.59 0.302937 -0.020761 0.853348
640.01 15.348 -0.0544206 0.0321818 0.954841
707.381 253.089 0.175937 -0.0158561 1.26546
554.355 60.127 -0.0235176 0.099661 0.947604
523.711 437.593 0.336027 0.194736 0.979526
623.906 433.798 0.2766 0.0615924 0.894068
612.331 75.2681 -0.00986864 0.0531285 0.93166
901.456 144.596 0.0427614 -0.172489 0.932127
489.191 430.652 0.160047 0.0875433 0.709724
826.386 491.028 0.37482 -0.133561 0.927312
622.85 439.034 0.27422 0.0603385 0.882657
828.274 72.1988 -0.0127641 -0.11536 0.951584
787.62 456.818 0.330434 -0.0911693 0.926568
814.406 64.4547 -0.0161905 -0.101128 0.939076
790.88 431.814 0.27888 -0.0856428 0.893251
590.811 411.889 0.274425 0.0989884 0.928586
604.328 494.89 0.398454 0.106059 0.957282
601.76 456.219 0.333936 0.0977455 0.940684
672.932 438.608 0.270124 0.0169957 0.875082
611.414 311.256 0.169717 0.0663036 0.912561
659.314 22.2573 -0.0510469 0.0180015 0.960476
949.999 358.845 0.27059 -0.298393 1.01593
703.965 227.098 0.120087 -0.0127809 1.08113
704.151 75.6511 -0.0125087 -0.016267 0.956236
855.893 298.09 0.166909 -0.144113 0.924604
949.964 388.774 0.309558 -0.304798 1.01454
606.378 5.36669 -0.0580357 0.055361 0.942749
828.035 111.96 0.0162561 -0.116805 0.950694
636.663 526.849 0.431496 0.0703306 0.94371
497.692 460.528 0.37398 0.236604 0.989929
499.982 460.199 0.378161 0.237713 0.995612
516.79 455.326 0.406789 0.244741 1.03924
905.951 31.0622 -0.0223575 -0.140595 0.862785
828 44.7548 -0.0306256 -0.112356 0.945315
810.127 167.391 0.0586584 -0.100263 0.93299
797.593 412.738 0.279616 -0.0984555 0.925318
639.722 232.54 0.105776 0.0388252 0.918473
571.132 96.4969 0.00577578 0.0821598 0.917624
518.899 454.561 0.411298 0.246316 1.04618
953.316 109.466 0.00611175 -0.264912 1.0333
697.028 187.304 0.0636218 -0.00941862 0.803475
694.89 107.083 0.0144588 -0.00855197 0.916316
670.503 464.855 0.335547 0.0260457 0.926178
837.49 436.693 0.355048 -0.164172 0.990357
850.008 618.321 0.216644 -0.0665562 0.652094
676.413 433.998 0.283576 0.0162369 0.90194
853.883 352.827 0.224965 -0.152369 0.938939
708.843 247.315 0.173527 -0.0186674 1.34827
590.289 475.373 0.557077 0.208112 1.15648
553.517 464.249 0.452427 0.217801 1.07289
499.688 461.253 0.376521 0.235706 0.991712
769.794 404.625 0.263302 -0.0696477 0.914006
776.086 362.606 0.217117 -0.0726009 0.904815
830.39 411.395 0.31942 -0.152333 0.988743
706.145 59.238 -0.0189273 -0.0177582 0.928068
672.266 434.223 0.273996 0.0185386 0.887387
655.557 268.201 0.226012 0.111005 1.43797
853.573 350.715 0.215627 -0.145675 0.922603
834.291 427.521 0.292163 -0.132489 0.917887
653.865 83.0024 -0.00770247 0.0243595 0.955495
520.287 425.205 0.340489 0.213597 1.01039
852.149 412.669 0.267989 -0.142778 0.904082
521.663 224.967 0.102443 0.149186 0.95994
883.856 213.835 0.0898127 -0.141092 0.873236
643.238 206.462 0.0918047 0.116087 1.39175
607.477 5.32543 -0.0567784 0.0537553 0.937953
938.846 89.6163 0.00326405 -0.198374 0.93496
599.607 456.45 0.336265 0.100895 0.943467
636.129 77.8805 -0.0108101 0.037733 0.950726
824.374 486.242 0.385856 -0.137788 0.946287
528.538 351.533 0.215081 0.152533 0.938682
944.634 388.267 0.31673 -0.3082 1.02824
882.717 78.4672 -0.00520267 -0.153725 0.935329
527.532 104.587 0.0113097 0.112661 0.911379
914.563 337.914 0.294002 -0.329559 1.13756
773.214 132.159 0.0308501 -0.0719854 0.948859
489.645 74.3007 0.00348394 0.099453 0.810022
905.063 222.465 0.102535 -0.177617 0.920606
707.732 254.185 0.179384 -0.016383 1.27828
803.227 484.405 0.292727 -0.0860879 0.841622
821.014 454.726 0.359636 -0.137684 0.965321
676.428 457.801 0.331018 0.0202214 0.930899
594.695 428.076 0.291021 0.0966279 0.926604
693.258 96.697 0.00450944 -0.00722836 0.941427
645.723 266.598 0.137538 0.0383104 0.936643
755.548 455.738 0.331592 -0.059612 0.931199
603.79 192.322 0.0770524 0.0798023 0.987534
678.89 240.017 0.150952 0.130259 2.01191
534.249 337.711 0.210257 0.15528 0.961523
942.227 412.677 0.355705 -0.315873 1.03364
553.658 122.621 -0.00507895 0.172485 1.14696
710.678 501.354 0.379582 -0.0131512 0.923198
809.392 409.349 0.250816 -0.0982256 0.883134
829.682 182.804 0.0700433 -0.111709 0.913581
639.887 470.533 0.329159 0.0538574 0.911154
799.261 407.651 0.28159 -0.102869 0.937576
826.41 402.541 0.283482 -0.133198 0.948881
923.031 364.464 0.329642 -0.337569 1.11887
607.969 55.9441 -0.0290267 0.0608839 0.963839
683.168 115.272 0.0214308 -0.00616771 0.618283
575.019 47.0037 -0.0321791 0.0826819 0.947449
796.336 28.8543 -0.0419326 -0.0876279 0.946715
839.216 437.849 0.35378 -0.164762 0.986427
578.289 415.044 0.259203 0.100648 0.898345
515.109 432.839 0.334378 0.2073 0.986582
539.485 134.305 0.0289112 0.120782 0.954371
647.072 376.175 0.218543 0.0366902 0.887997
579.539 147.814 0.0405619 0.0844374 0.936086
623.881 138.52 -0.00519805 0.111972 1.26613
581.264 230.687 0.133076 0.377947 1.65589
570.34 224.743 0.121192 0.351821 1.55167
863.931 358.24 0.214405 -0.148055 0.903165
651.793 304.059 0.173903 0.0362578 0.944591
859.647 356.203 0.221544 -0.152034 0.923412
852.486 346.385 0.199962 -0.134489 0.895639
943.264 410.535 0.351344 -0.315294 1.0319
707.632 466.268 0.306112 -0.0113044 0.884953
654.481 90.1423 -0.0058623 0.0262619 0.977946
593.218 400.772 0.630021 0.351936 1.48356
831.312 477.029 0.41215 -0.161209 0.988959
678.408 462.816 0.297056 0.0137922 0.878938
739.422 414.815 0.248911 -0.0385206 0.874399
589.765 116.135 0.0170984 0.0752337 0.941971
565.471 112.954 0.012623 0.0990358 0.960022
829.345 104.26 0.0128991 -0.111851 0.928928
563.475 109.643 0.0118158 0.0960853 0.944577
727.884 417.157 0.274785 -0.0310093 0.913323
654.245 238.868 0.130907 0.0455492 1.06567
800.798 32.2147 -0.0339079 -0.0861328 0.920583
739.275 117.59 -0.262209 -0.140637 1.92476
630.947 237.483 0.151089 0.274211 1.79374
503.723 50.7672 -0.0256665 0.128735 0.923553
630.045 216.494 0.0928704 0.0455013 0.917575
714.657 116.487 -0.239957 -0.0476775 1.86715
874.551 385.733 0.256362 -0.17256 0.931537
786.302 424.036 0.300046 -0.0908211 0.93787
702.538 76.4526 -0.0112078 -0.0149305 0.951671
605.104 241.001 0.115461 0.072424 0.941553
565.089 143.122 0.0369376 0.095171 0.935069
784.295 121.542 0.0242997 -0.0780465 0.932335
826.207 420.628 0.310251 -0.137393 0.95724
741.611 120.439 -0.283737 -0.157774 1.98961
727.545 120.027 -0.299411 -0.103765 2.01874
849.028 16.1007 -0.0498413 -0.127599 0.946639
575.755 139.327 0.0338711 0.088564 0.943261
658.169 30.0545 -0.0465031 0.0194379 0.963573
594.075 82.5273 -0.00703331 0.0699082 0.944322
705.767 304.387 0.167492 -0.0131219 0.918475
855.46 352.78 0.212721 -0.14332 0.911349
894.121 149.134 0.0461887 -0.164264 0.925422
608.484 314.384 0.170391 0.0675796 0.906354
646.45 310.591 0.170057 0.0369973 0.913137
674.197 427.777 0.290627 0.019935 0.922707
528.854 338.986 0.204709 0.152674 0.943984
566.731 370.145 0.225224 0.112244 0.917946
508.468 143.738 0.0365954 0.139919 0.935684
