621.934 305.544 0.184093 0.0340089 0.726927
825.779 165.045 0.121915 -0.06929 0.754216
887.883 352.02 0.222305 -0.109213 0.744065
807.62 51.0256 0.0699171 -0.0587225 0.762488
599.731 175.066 0.122138 0.0410273 0.736429
571.182 310.114 0.185904 0.0591999 0.726848
702.613 298.558 0.181121 -0.00603682 0.726445
506.843 68.4423 0.0759778 0.0798245 0.74487
566.554 306.476 0.176932 0.057182 0.709566
508.152 69.6088 0.0764906 0.0798313 0.746752
728.972 268.059 0.291718 -0.512363 5.0622
717.044 258.952 -0.0720368 -0.141837 5.48863
872.663 128.749 0.102992 -0.085449 0.735014
624.483 50.8691 0.0693716 0.0257031 0.73361
619.417 296.103 0.172355 0.0324956 0.709514
907.309 108.482 0.087778 -0.0772545 0.665473
722.741 234.551 -0.102257 -0.231249 4.09175
513.514 385.736 0.228598 0.0942446 0.728274
526.227 69.2779 0.0765618 0.0754701 0.761621
931.334 102.454 0.0836214 -0.0785587 0.645482
568.975 59.0891 0.072409 0.0510271 0.740907
703.419 287.403 0.17111 -0.00633502 0.715249
796.178 56.0658 0.0720817 -0.0529724 0.760373
625.568 58.1026 0.0722569 0.0260373 0.740135
594.031 164.169 0.112212 0.038457 0.705664
703.213 296.129 0.184779 -0.00654838 0.739154
588.167 162.787 0.0497854 0.420863 1.88087
803.901 379.307 0.206634 -0.0509545 0.688821
521.194 457.806 0.240377 0.0795503 0.682296
507.809 3.22187 0.0491579 0.0790341 0.757488
797.54 48.0727 0.068827 -0.0517646 0.750398
596.803 159.462 0.111219 0.0379857 0.711323
500.443 56.7075 0.0711315 0.0785376 0.73269
891.218 341.519 0.215639 -0.110124 0.743639
832.226 151.686 0.114068 -0.0694808 0.743413
704.639 287.581 0.168224 -0.00675194 0.707253
568.984 307.92 0.180609 0.0577957 0.716767
904.532 360.201 0.218365 -0.111807 0.726725
573.435 306.125 0.183903 0.057924 0.727081
622.524 42.6392 0.0662457 0.0253752 0.723596
799.635 367.769 0.236109 -0.0622254 0.753546
551.45 183.783 0.127982 0.0667857 0.748529
571.779 68.0159 0.0761538 0.0517136 0.74957
500.234 389.747 0.214638 0.0905417 0.700335
863.608 42.1514 0.0657613 -0.0897925 0.778492
843.22 116.771 0.0987096 -0.0746902 0.748141
793.308 65.304 0.0760481 -0.0541484 0.774572
861.589 143.665 0.11299 -0.0892418 0.763904
828.108 160.602 0.119384 -0.0696827 0.751543
891.771 348.569 0.215759 -0.107622 0.735355
852.362 99.8869 0.0897799 -0.0723874 0.724854
912.414 188.309 0.137254 -0.121325 0.770669
737.848 435.204 0.260366 -0.0240237 0.723601
621.783 298.411 0.179792 0.0336315 0.725582
606.665 163.799 0.117793 0.0380801 0.741339
608.543 453.232 0.304778 0.0570135 0.768915
760.309 444.33 0.319985 -0.0464714 0.792886
883.095 430.211 0.290027 -0.121971 0.765187
495.675 391.362 0.211414 0.0900947 0.693349
912.201 189.252 0.138578 -0.123059 0.7751
834.7 54.4315 0.0713332 -0.0743227 0.773045
826.165 440.63 0.272772 -0.0758386 0.733246
730.941 432.283 0.285511 -0.0229217 0.761435
841.977 433.232 0.348679 -0.122542 0.839553
707.022 450.841 0.306181 -0.00772254 0.770156
619.771 300.894 0.176932 0.0332583 0.715107
878.212 136.98 0.108837 -0.0944589 0.754414
909.751 398.006 0.278919 -0.145699 0.784774
801.047 444.07 0.322433 -0.0765573 0.794907
887.055 17.1007 0.056777 -0.0901708 0.744982
688.02 30.9298 0.0616249 -0.00177279 0.742221
573.132 73.1905 0.0784038 0.0520915 0.753857
794.886 338.113 0.607697 -0.297086 1.51237
828.697 157.88 0.117552 -0.069007 0.747805
831.786 150.809 0.113079 -0.0682211 0.739096
870.373 433.471 0.269002 -0.101222 0.733667
874.376 142.929 0.112571 -0.0953997 0.76259
660.283 462.399 0.283743 0.0199101 0.732087
805.729 374.397 0.233913 -0.0633453 0.741804
549.996 54.8243 0.0685422 0.0767871 0.820521
623.859 296.112 0.179383 0.0327982 0.727583
812.104 37.9188 0.06487 -0.0569009 0.743365
626.142 56.3441 0.0715468 0.0255176 0.737771
571.639 37.2932 0.0590281 0.0657559 0.831316
604.82 457.701 0.294742 0.0557826 0.751861
596.072 147.887 0.10532 0.0367274 0.703226
873.696 17.1694 0.05682 -0.0838363 0.743702
877.262 79.8011 0.082939 -0.0932619 0.761102
736.744 436.306 0.259519 -0.023245 0.721446
839.646 416.787 0.298865 -0.102284 0.793798
875.741 97.3802 0.0911772 -0.0952398 0.767265
700.96 184.524 0.159927 -0.00856465 0.964043
684.05 66.6982 0.067028 0.000210247 0.591628
549.434 164.129 0.115898 0.0624229 0.730541
702.815 296.258 0.176779 -0.00603343 0.718403
887.773 289.142 0.199687 -0.11972 0.78296
699.002 192.469 0.153037 -0.00634231 0.861228
534.321 529.483 0.280864 0.0782002 0.680078
779.025 536.519 0.267077 -0.0371746 0.655958
529.992 490.229 0.248037 0.0732321 0.668789
531.057 532.388 0.267097 0.0738981 0.663397
828.912 492.898 0.239215 -0.056369 0.650326
518.237 18.4997 0.053547 0.0821273 0.784309
572.171 447.187 0.318959 0.0883458 0.794602
540.472 171.76 0.117684 0.0646183 0.721367
695.985 185.8 0.123123 -0.00372973 0.712108
795.662 374.134 0.212696 -0.0501427 0.704702
485.881 118.85 0.0916144 0.2631 1.14736
954.669 347.828 0.335136 -0.286254 0.960012
901.457 366.185 0.235288 -0.121087 0.750915
555.518 567.371 0.348656 0.0850967 0.719336
507.145 574.532 0.414889 0.143048 0.77091
826.663 522.402 0.300038 -0.070175 0.69862
646.361 591.866 0.303622 0.0238758 0.661476
871.132 558.913 0.336444 -0.100659 0.706634
508.17 571.92 0.41598 0.1436 0.773963
875.277 461.441 0.279644 -0.101612 0.722182
873.059 556.344 0.355817 -0.110084 0.725532
864.607 548.625 0.346446 -0.102992 0.723217
817.158 469.697 0.267973 -0.063688 0.702294
878.826 464.461 0.27621 -0.101014 0.715267
538.434 527.281 0.279601 0.0760631 0.680103
914.391 450.812 0.243876 -0.104726 0.683754
879.536 542.654 0.359755 -0.119416 0.739391
531.677 531.755 0.264679 0.0727773 0.661142
900.447 441.064 0.260847 -0.110878 0.714879
665.977 470.365 0.279805 0.0159333 0.72011
517.56 425.966 0.425692 0.212883 0.962388
858.131 571.61 0.422953 -0.121585 0.768758
494.384 417.956 0.234134 0.0982717 0.706667
872.675 519.346 0.303835 -0.0970317 0.703662
608.008 600.67 0.386787 0.0581342 0.725752
908.259 502.468 0.287053 -0.112214 0.697377
831.592 528.142 0.293321 -0.0697291 0.687563
887.387 473.044 0.266422 -0.0982993 0.696117
856.863 537.507 0.356826 -0.104746 0.741495
833.999 524.981 0.312046 -0.0775756 0.708812
926.997 364.841 0.417441 -0.332545 1.05981
603.839 172.976 0.122302 0.0400088 0.743037
692.463 184.99 0.119205 -0.00215004 0.694457
764.303 451.244 0.302345 -0.04485 0.763173
900.122 361.088 0.223779 -0.113389 0.735895
706.772 523.052 0.285539 -0.00567427 0.685682
759.952 586.272 0.421646 -0.0449754 0.758815
661.933 570.279 0.342349 0.0204995 0.709053
710.982 630.151 0.204979 -0.00367561 0.55109
663.324 569.333 0.343475 0.0198258 0.710671
556.723 566.727 0.349581 0.0847961 0.720594
775.672 478.01 0.259572 -0.0395685 0.686492
889.342 390.404 0.312043 -0.160177 0.846302
504.441 133.529 0.0906044 0.0566102 0.641325
903.827 446.975 0.265453 -0.113644 0.715791
912.087 287.47 0.176155 -0.108705 0.722578
860.693 557.253 0.457235 -0.141017 0.807648
549.979 441.182 0.261299 0.0783421 0.724299
873.572 533.98 0.377422 -0.125534 0.762587
772.106 574.725 0.335131 -0.0418085 0.697076
842.754 458.947 0.242547 -0.0688572 0.67742
872.776 435.328 0.267847 -0.101421 0.730277
779.89 600.242 0.312402 -0.0400487 0.661666
702.438 484.644 0.25401 -0.00379529 0.676446
665.548 507.384 0.288772 0.0157493 0.701314
724.338 527.543 0.307604 -0.0155745 0.705083
903.716 500.717 0.294127 -0.11401 0.706541
536.606 441.459 0.264567 0.0872103 0.728943
840.058 122.51 0.102114 -0.0757676 0.757774
889.454 429.196 0.282634 -0.121865 0.756009
682.959 96.3386 0.072622 0.00065582 0.582223
869.349 27.7845 0.0605006 -0.0858348 0.756463
909.281 291.895 0.180585 -0.109856 0.728099
596.994 84.6976 0.0703928 0.0934656 1.04011
778.907 56.2662 0.0623135 -0.0698299 0.926074
551.306 198.071 0.128714 0.0605151 0.718427
612.396 140.907 0.114059 0.119408 1.2048
734.922 473.882 0.23354 -0.0174451 0.657349
929.261 306.163 0.168315 -0.100136 0.679879
733.135 463.418 0.245025 -0.0182831 0.679731
815.551 562.681 0.349421 -0.0714278 0.716794
651.762 540.279 0.263847 0.0188899 0.652743
798.405 378.244 0.211191 -0.0502379 0.697988
891.675 109.466 0.0904437 -0.0783748 0.687443
654.338 493.891 0.242615 0.0170221 0.6572
494.4 50.5555 0.0686937 0.0770377 0.719583
867.359 554.845 0.344553 -0.1025 0.716858
567.709 202.519 0.194632 0.181071 1.15644
601.457 177.628 0.123597 0.0405555 0.737976
848.453 424.398 0.355345 -0.135339 0.859749
685.768 6.92799 0.0501275 -0.000953531 0.772018
628.247 68.5264 0.0766867 0.02658 0.755639
851.902 426.623 0.346023 -0.132301 0.844514
848.923 423.756 0.3519 -0.13419 0.856168
558.028 434.419 0.278293 0.0829901 0.754302
557.172 433.91 0.279066 0.0839938 0.755925
807.413 53.2161 0.0708729 -0.0586089 0.762125
874.221 346.859 0.239997 -0.116958 0.785477
710.606 113.859 -0.106257 -0.0390956 1.92106
722.726 223.345 -0.0999638 -0.1986 3.65345
803.002 378.501 0.210241 -0.0520054 0.695958
509.83 74.392 0.078563 0.0804662 0.750745
