624.162 302.959 0.184075 0.0337241 0.727413
828.722 162.429 0.121897 -0.0695748 0.754702
890.461 350.178 0.222287 -0.109497 0.744551
810.805 47.9073 0.0698991 -0.0590072 0.762973
602.187 172.076 0.12212 0.0407425 0.736915
573.338 307.448 0.185886 0.0589151 0.727333
704.994 296.095 0.181103 -0.00632161 0.72693
509.34 64.9846 0.0759599 0.0795397 0.745356
568.789 303.691 0.176914 0.0568972 0.710051
510.641 66.1688 0.0764726 0.0795465 0.747238
729.355 267.743 0.2917 -0.512648 5.06268
717.41 258.614 -0.0720548 -0.142122 5.48912
875.971 125.924 0.102974 -0.0857338 0.7355
627.286 47.3926 0.0693536 0.0254184 0.734096
621.746 293.384 0.172337 0.0322108 0.71
911.238 105.118 0.08776 -0.0775393 0.665959
723.256 234.072 -0.102275 -0.231534 4.09223
515.467 383.137 0.22858 0.0939598 0.72876
528.686 65.9444 0.0765438 0.0751853 0.762107
935.533 98.9137 0.0836034 -0.0788435 0.645968
571.612 55.6356 0.072391 0.0507423 0.741393
705.888 284.841 0.171093 -0.00661981 0.715734
799.32 52.949 0.0720637 -0.0532572 0.760859
628.327 54.7002 0.0722389 0.0257525 0.740621
596.645 160.934 0.112194 0.0381722 0.706149
705.542 293.73 0.184761 -0.00683318 0.73964
589.156 161.669 0.0497674 0.420579 1.88135
806.473 377.075 0.206616 -0.0512393 0.689307
523.196 455.107 0.240359 0.0792655 0.682782
800.756 44.8629 0.068809 -0.0520493 0.750884
599.405 156.252 0.111201 0.0377009 0.711809
503.002 53.1182 0.0711135 0.0782528 0.733175
893.843 339.645 0.215621 -0.110409 0.744124
835.282 148.962 0.11405 -0.0697656 0.743899
707.152 284.974 0.168206 -0.00703673 0.707739
571.186 305.186 0.180591 0.0575109 0.717252
907.222 358.331 0.218347 -0.112092 0.727211
575.602 303.453 0.183885 0.0576392 0.727567
625.389 39.0581 0.0662277 0.0250904 0.724082
801.887 365.844 0.236091 -0.0625102 0.754031
553.765 180.825 0.127964 0.0665009 0.749015
574.365 64.6555 0.0761358 0.0514288 0.750056
502.285 386.977 0.21462 0.0902569 0.700821
866.948 39.1257 0.0657433 -0.0900773 0.778977
846.397 113.928 0.0986916 -0.074975 0.748627
796.351 62.3032 0.0760301 -0.0544332 0.775058
864.67 141.052 0.112972 -0.0895266 0.76439
831.084 157.956 0.119366 -0.0699674 0.752028
894.416 346.679 0.215741 -0.107906 0.73584
855.741 96.8382 0.0897619 -0.0726722 0.72534
915.499 185.999 0.137236 -0.12161 0.771154
739.921 433.178 0.260348 -0.0243085 0.724087
624.034 295.797 0.179774 0.0333467 0.726068
609.136 160.806 0.117775 0.0377953 0.741824
610.238 451.137 0.30476 0.0567287 0.7694
762.083 442.67 0.319967 -0.0467562 0.793372
885.285 428.695 0.290009 -0.122256 0.765672
497.751 388.545 0.211396 0.0898099 0.693834
915.263 186.967 0.13856 -0.123344 0.775585
837.921 51.4121 0.0713152 -0.0746075 0.773531
828.341 438.867 0.272754 -0.0761233 0.733732
732.836 430.407 0.285493 -0.0232065 0.76192
843.761 431.899 0.348661 -0.122827 0.840038
708.796 448.981 0.306163 -0.00800733 0.770641
622.061 298.223 0.176914 0.0329735 0.715592
881.417 134.309 0.108819 -0.0947437 0.754899
912.041 396.539 0.278901 -0.145984 0.785259
802.881 442.514 0.322415 -0.0768421 0.795393
890.719 13.788 0.056759 -0.0904556 0.745467
690.99 27.4807 0.0616069 -0.00205758 0.742706
575.692 69.8783 0.0783859 0.0518067 0.754342
795.828 337.462 0.607679 -0.297371 1.51286
831.701 155.202 0.117534 -0.0692918 0.74829
834.865 148.056 0.113061 -0.0685059 0.739581
872.675 431.792 0.268984 -0.101507 0.734153
877.511 140.323 0.112553 -0.0956845 0.763075
662.139 460.289 0.283725 0.0196253 0.732573
808.029 372.447 0.233895 -0.0636301 0.74229
552.318 51.7593 0.0685242 0.0765023 0.821007
626.109 293.506 0.179365 0.0325134 0.728069
815.433 34.6326 0.064852 -0.0571856 0.74385
628.917 52.9198 0.0715288 0.0252328 0.738257
573.996 34.2251 0.0590102 0.0654711 0.831801
606.566 455.537 0.294724 0.0554978 0.752346
598.739 144.575 0.105302 0.0364426 0.703712
877.313 13.8373 0.056802 -0.084121 0.744188
880.613 76.8898 0.082921 -0.0935467 0.761588
738.823 434.27 0.259501 -0.0235298 0.721932
841.653 415.252 0.298847 -0.102568 0.794284
879.003 94.5852 0.0911592 -0.0955246 0.767751
702.86 182.586 0.159909 -0.00884945 0.964529
687.937 62.0415 0.06701 -7.45477e-05 0.592113
551.86 160.994 0.11588 0.0621381 0.731027
705.243 293.743 0.176761 -0.00631822 0.718889
890.383 287.258 0.199669 -0.120005 0.783445
701.142 190.249 0.153019 -0.0066271 0.861714
536.185 526.91 0.280846 0.0779154 0.680564
781.263 534.447 0.267059 -0.0374594 0.656443
531.994 487.526 0.248019 0.0729473 0.669274
532.995 529.72 0.267079 0.0736133 0.663882
831.439 490.805 0.239197 -0.0566538 0.650812
520.7 15.0791 0.0535291 0.0818425 0.784794
573.787 445.092 0.318941 0.088061 0.795088
542.909 168.581 0.117666 0.0643335 0.721853
698.725 182.838 0.123105 -0.00401452 0.712594
798.137 371.964 0.212678 -0.0504274 0.705188
487.439 116.868 0.0915964 0.262815 1.14784
956.728 346.833 0.335118 -0.286539 0.960498
903.991 364.451 0.23527 -0.121372 0.7514
557.133 565.064 0.348638 0.0848119 0.719822
508.605 572.255 0.414871 0.142763 0.771395
828.759 520.662 0.30002 -0.0704598 0.699105
648.225 589.57 0.303604 0.023591 0.661962
873.143 557.407 0.336426 -0.100944 0.70712
509.627 569.656 0.415962 0.143315 0.774448
877.556 459.794 0.279626 -0.101897 0.722668
874.973 554.925 0.355799 -0.110368 0.726018
866.546 547.157 0.346428 -0.103277 0.723702
819.389 467.83 0.267955 -0.0639728 0.70278
881.142 462.796 0.276192 -0.101299 0.715752
540.303 524.715 0.279583 0.0757783 0.680588
917.048 449.015 0.243858 -0.10501 0.684239
881.44 541.284 0.359737 -0.119701 0.739877
533.628 529.075 0.264661 0.0724925 0.661627
902.906 439.382 0.260829 -0.111163 0.715365
667.872 468.227 0.279787 0.0156485 0.720595
518.89 424.152 0.425674 0.212598 0.962873
859.739 570.341 0.422935 -0.121869 0.769243
496.353 415.262 0.234116 0.0979869 0.707152
874.85 517.744 0.303817 -0.0973165 0.704147
609.513 598.55 0.386769 0.0578494 0.726237
910.622 500.882 0.287035 -0.112498 0.697863
833.748 526.37 0.293303 -0.0700139 0.688049
889.81 471.32 0.266404 -0.0985841 0.696603
858.728 536.075 0.356808 -0.105031 0.741981
836.04 523.317 0.312028 -0.0778604 0.709297
928.697 364.039 0.417423 -0.332829 1.0603
606.277 170.023 0.122284 0.039724 0.743523
695.293 181.901 0.119187 -0.00243483 0.694942
766.185 449.493 0.302327 -0.0451348 0.763659
902.746 359.261 0.223761 -0.113673 0.736381
708.747 520.939 0.285521 -0.00595906 0.686168
761.422 584.699 0.421628 -0.0452602 0.7593
663.609 568.226 0.342331 0.0202147 0.709539
713.781 627.251 0.204961 -0.00396041 0.551575
664.995 567.29 0.343457 0.019541 0.711156
558.334 564.427 0.349563 0.0845113 0.721079
777.888 475.977 0.259554 -0.0398533 0.686978
891.366 389.092 0.312025 -0.160461 0.846787
507.318 129.517 0.0905864 0.0563254 0.64181
906.268 445.322 0.265435 -0.113929 0.716276
915.075 285.323 0.176137 -0.108989 0.723063
862.19 556.096 0.457217 -0.141302 0.808134
551.847 438.742 0.261281 0.0780573 0.724785
875.378 532.67 0.377404 -0.125819 0.763073
773.944 572.93 0.335113 -0.0420933 0.697562
845.235 456.968 0.242529 -0.069142 0.677905
875.096 433.644 0.267829 -0.101705 0.730762
781.882 598.33 0.312384 -0.0403335 0.662152
704.573 482.391 0.253992 -0.00408009 0.676931
667.436 505.219 0.288754 0.0154645 0.7018
726.214 525.581 0.307586 -0.0158593 0.705568
906.017 499.164 0.294109 -0.114295 0.707027
538.451 439.01 0.264549 0.0869255 0.729429
843.161 119.742 0.102096 -0.0760524 0.75826
891.708 427.653 0.282616 -0.12215 0.756495
686.859 91.7019 0.072604 0.000371025 0.582708
872.854 24.5759 0.0604826 -0.0861196 0.756948
912.214 289.79 0.180567 -0.110141 0.728584
598.814 82.4813 0.0703748 0.0931808 1.04059
781.43 53.7885 0.0622955 -0.0701147 0.926559
553.716 194.98 0.128696 0.0602303 0.718913
613.888 139.186 0.114041 0.119123 1.20528
737.264 471.562 0.233522 -0.0177299 0.657835
932.504 303.853 0.168297 -0.100421 0.680364
735.36 461.209 0.245007 -0.0185679 0.680217
817.383 561.076 0.349403 -0.0717126 0.71728
653.825 537.869 0.263829 0.0186051 0.653229
800.912 376.054 0.211173 -0.0505227 0.698473
895.389 106.26 0.0904257 -0.0786596 0.687929
656.5 491.424 0.242597 0.0167373 0.657685
497.017 46.8454 0.0686757 0.0767529 0.720069
869.316 553.368 0.344535 -0.102785 0.717343
569.125 200.85 0.194614 0.180786 1.15693
603.903 174.659 0.123579 0.0402707 0.738461
850.213 423.121 0.355327 -0.135624 0.860235
688.66 3.535 0.0501095 -0.00123833 0.772504
630.92 65.2644 0.0766687 0.0262952 0.756124
853.713 425.314 0.346005 -0.132586 0.844999
850.698 422.468 0.351882 -0.134475 0.856654
559.8 432.12 0.278275 0.0827053 0.754787
558.94 431.615 0.279048 0.083709 0.756411
810.593 50.1063 0.0708549 -0.0588937 0.76261
876.586 345.161 0.239979 -0.117242 0.785962
711.781 112.609 -0.106275 -0.0393804 1.92155
723.308 222.799 -0.0999818 -0.198885 3.65394
805.532 376.309 0.210223 -0.0522902 0.696444
512.297 70.9969 0.078545 0.0801814 0.751231
