626.846 300.745 0.184233 0.0336034 0.727722
831.824 160.073 0.122055 -0.0696955 0.755011
893.345 348.391 0.222446 -0.109618 0.74486
814.05 45.1808 0.0700574 -0.0591279 0.763283
605.011 169.591 0.122278 0.0406218 0.737224
575.992 305.204 0.186044 0.0587944 0.727643
707.769 293.922 0.181262 -0.00644229 0.72724
512.206 62.2465 0.0761181 0.079419 0.745665
571.55 301.338 0.177073 0.0567765 0.710361
513.497 63.4449 0.0766309 0.0794258 0.747547
729.702 267.491 0.291858 -0.512769 5.06299
717.732 258.359 -0.0718965 -0.142243 5.48943
879.388 123.345 0.103132 -0.0858545 0.735809
630.349 44.5251 0.0695119 0.0252977 0.734405
624.551 291.047 0.172496 0.0320901 0.710309
915.321 101.998 0.0879183 -0.07766 0.666268
723.71 233.702 -0.102117 -0.231655 4.09254
518.006 380.972 0.228738 0.0938391 0.729069
531.474 63.3031 0.0767021 0.0750647 0.762416
939.892 95.6021 0.0837616 -0.0789642 0.646277
574.557 52.8427 0.0725492 0.0506216 0.741702
708.756 282.578 0.171251 -0.00674049 0.716044
802.538 50.2322 0.072222 -0.0533779 0.761168
631.341 51.8955 0.0723971 0.0256318 0.74093
599.671 158.227 0.112353 0.0380515 0.706459
708.246 291.619 0.184919 -0.00695386 0.739949
590.147 160.934 0.0499257 0.420458 1.88166
809.489 374.973 0.206774 -0.05136 0.689616
525.896 452.792 0.240517 0.0791448 0.683091
804.051 42.0634 0.0689672 -0.05217 0.751193
602.404 153.57 0.111359 0.0375802 0.712118
505.947 50.2725 0.0712717 0.0781321 0.733485
896.764 337.829 0.215779 -0.110529 0.744434
838.492 146.504 0.114208 -0.0698863 0.744208
710.075 282.664 0.168364 -0.00715741 0.708048
573.902 302.88 0.180749 0.0573902 0.717562
910.234 356.495 0.218505 -0.112213 0.72752
578.261 301.205 0.184043 0.0575185 0.727876
628.525 36.1008 0.066386 0.0249697 0.724391
804.5 364.058 0.236249 -0.0626309 0.754341
556.479 178.414 0.128122 0.0663803 0.749324
577.251 61.9402 0.0762941 0.0513082 0.750365
504.979 384.654 0.214779 0.0901362 0.70113
870.278 36.4328 0.0659015 -0.090198 0.779287
849.68 111.371 0.0988499 -0.0750956 0.748936
799.467 59.6914 0.0761884 -0.0545539 0.775367
867.855 138.676 0.113131 -0.0896472 0.764699
834.216 155.571 0.119524 -0.0700881 0.752338
897.371 344.841 0.215899 -0.108027 0.73615
859.231 94.0892 0.0899201 -0.0727929 0.725649
918.691 183.827 0.137394 -0.121731 0.771464
742.479 431.324 0.260506 -0.0244292 0.724396
626.738 293.561 0.179932 0.033226 0.726377
612.448 449.345 0.304918 0.056608 0.76971
764.269 441.157 0.320125 -0.0468769 0.793681
887.845 427.203 0.290168 -0.122377 0.765982
500.486 386.178 0.211554 0.0896892 0.694144
918.428 184.818 0.138718 -0.123464 0.775895
841.172 48.7467 0.0714734 -0.0747282 0.77384
830.95 437.182 0.272913 -0.076244 0.734041
735.175 428.713 0.285651 -0.0233272 0.76223
845.884 430.63 0.34882 -0.122948 0.840348
711.032 447.322 0.306322 -0.00812801 0.770951
624.824 295.93 0.177072 0.0328528 0.715902
884.716 131.864 0.108977 -0.0948644 0.755209
914.643 395.079 0.279059 -0.146104 0.785569
805.109 441.062 0.322573 -0.0769628 0.795702
894.362 10.8198 0.0569173 -0.0905763 0.745777
694.133 24.5889 0.0617651 -0.00217827 0.743016
578.548 67.2024 0.0785441 0.051686 0.754652
796.872 336.878 0.607837 -0.297492 1.51317
834.863 152.788 0.117692 -0.0694125 0.7486
838.101 145.572 0.113219 -0.0686265 0.739891
875.382 430.148 0.269143 -0.101627 0.734462
880.739 137.94 0.112711 -0.0958052 0.763385
664.532 458.421 0.283884 0.0195046 0.732882
810.705 370.628 0.234054 -0.0637507 0.742599
554.869 49.3601 0.0686825 0.0763816 0.821316
628.807 291.277 0.179524 0.0323927 0.728378
818.827 31.7536 0.0650102 -0.0573063 0.74416
631.949 50.0954 0.0716871 0.0251121 0.738566
576.541 31.8155 0.0591684 0.0653504 0.832111
608.852 453.676 0.294883 0.0553771 0.752656
601.809 141.806 0.10546 0.0363219 0.704021
880.923 10.8653 0.0569603 -0.0842417 0.744497
883.997 74.2607 0.0830793 -0.0936674 0.761897
741.39 432.405 0.259659 -0.0236505 0.722241
844.013 413.79 0.299005 -0.102689 0.794593
882.31 92.0541 0.0913175 -0.0956453 0.76806
704.873 180.981 0.160067 -0.00897013 0.964838
692.34 57.9403 0.0671683 -0.000195229 0.592423
554.7 158.431 0.116038 0.0620175 0.731336
708.073 291.52 0.176919 -0.0064389 0.719198
893.206 285.463 0.199827 -0.120126 0.783755
703.462 188.38 0.153177 -0.00674778 0.862023
538.784 524.675 0.281004 0.0777948 0.680873
784.14 532.451 0.267217 -0.0375801 0.656753
534.733 485.18 0.248177 0.0728266 0.669584
535.704 527.387 0.267237 0.0734926 0.664192
834.549 488.75 0.239356 -0.0567744 0.651121
523.437 12.413 0.0536873 0.0817218 0.785104
575.905 443.339 0.319099 0.0879403 0.795397
545.787 165.98 0.117825 0.0642128 0.722162
801.034 369.937 0.212837 -0.0505481 0.705497
489.143 115.493 0.0917547 0.262694 1.14815
958.953 345.797 0.335277 -0.28666 0.960807
906.834 362.749 0.235428 -0.121493 0.75171
559.425 563.075 0.348796 0.0846913 0.720131
510.7 570.358 0.415029 0.142642 0.771705
831.398 518.969 0.300179 -0.0705804 0.699415
875.704 555.897 0.336584 -0.101065 0.707429
511.711 567.77 0.41612 0.143195 0.774758
880.275 458.165 0.279784 -0.102017 0.722977
877.417 553.505 0.355958 -0.110489 0.726327
869.01 545.698 0.346586 -0.103398 0.724012
822.117 466.036 0.268113 -0.0640935 0.703089
883.907 461.144 0.27635 -0.10142 0.716062
920.157 447.194 0.244016 -0.105131 0.684549
883.845 539.913 0.359895 -0.119822 0.740186
536.355 526.729 0.264819 0.0723718 0.661937
905.78 437.698 0.260987 -0.111284 0.715674
670.323 466.322 0.279945 0.0155279 0.720905
520.608 422.732 0.425833 0.212477 0.963183
861.862 569.097 0.423093 -0.12199 0.769553
498.974 413.005 0.234274 0.0978662 0.707462
877.54 516.143 0.303975 -0.0974372 0.704457
611.682 596.694 0.386928 0.0577287 0.726547
913.475 499.263 0.287194 -0.112619 0.698172
836.462 524.634 0.293461 -0.0701346 0.688358
892.706 469.595 0.266562 -0.0987048 0.696912
861.095 534.665 0.356966 -0.105152 0.74229
838.613 521.694 0.312186 -0.0779811 0.709607
930.568 363.208 0.417581 -0.33295 1.06061
609.071 167.571 0.122442 0.0396033 0.743832
698.483 179.212 0.119346 -0.00255552 0.695252
768.509 447.883 0.302485 -0.0452555 0.763968
905.687 357.47 0.22392 -0.113794 0.73669
711.344 518.991 0.285679 -0.00607974 0.686477
763.453 583.247 0.421786 -0.0453809 0.75961
665.927 566.381 0.342489 0.020094 0.709848
717.601 624.365 0.20512 -0.00408109 0.551885
667.305 565.453 0.343616 0.0194203 0.711466
560.619 562.445 0.349721 0.0843906 0.721389
780.65 474.053 0.259713 -0.0399739 0.687287
893.665 387.806 0.312184 -0.160582 0.847097
510.808 126.177 0.0907447 0.0562047 0.64212
909.129 443.663 0.265593 -0.11405 0.716586
918.313 283.246 0.176296 -0.10911 0.723373
864.162 554.968 0.457375 -0.141422 0.808443
554.314 436.668 0.261439 0.0779366 0.725094
877.662 531.369 0.377562 -0.125939 0.763382
776.396 571.226 0.335272 -0.042214 0.697871
848.222 455.036 0.242687 -0.0692627 0.678215
877.824 431.991 0.267987 -0.101826 0.731072
784.555 596.482 0.312543 -0.0404541 0.662461
707.317 480.32 0.25415 -0.00420077 0.677241
669.933 503.271 0.288912 0.0153438 0.702109
728.678 523.77 0.307745 -0.01598 0.705878
908.798 497.584 0.294267 -0.114415 0.707336
540.898 436.942 0.264707 0.0868048 0.729738
846.368 117.256 0.102254 -0.076173 0.758569
894.335 426.126 0.282775 -0.122271 0.756804
876.352 21.7164 0.0606408 -0.0862403 0.757258
600.704 80.7967 0.070533 0.0930601 1.0409
783.915 51.6856 0.0624537 -0.0702354 0.926869
740.22 469.389 0.233681 -0.0178506 0.658144
936.054 301.586 0.168455 -0.100542 0.680674
738.155 459.159 0.245165 -0.0186886 0.680526
819.78 559.526 0.349561 -0.0718333 0.717589
656.61 535.662 0.263987 0.0184844 0.653538
899.239 103.309 0.090584 -0.0787803 0.688238
659.343 489.178 0.242756 0.0166166 0.657995
500.044 43.8965 0.0688339 0.0766323 0.720378
871.811 551.895 0.344694 -0.102906 0.717653
570.679 199.617 0.194772 0.180666 1.15724
852.291 421.903 0.355485 -0.135745 0.860544
691.672 0.721264 0.0502677 -0.00135901 0.772813
633.833 62.5811 0.076827 0.0261745 0.756434
855.85 424.059 0.346163 -0.132706 0.845309
852.791 421.238 0.35204 -0.134595 0.856963
562.121 430.184 0.278434 0.0825846 0.755097
561.254 429.684 0.279206 0.0835883 0.75672
813.835 47.3864 0.0710131 -0.0590144 0.76292
879.226 343.532 0.240137 -0.117363 0.786272
712.833 111.647 -0.106117 -0.039501 1.92186
723.821 222.376 -0.0998235 -0.199006 3.65425
808.495 374.248 0.210382 -0.0524109 0.696753
515.126 68.3096 0.0787032 0.0800607 0.75154
