716.086 420.683 0.29004 -0.0132386 0.926892
637.868 420.724 0.291998 0.0630401 0.933056
599.643 211.109 0.0921382 0.0768701 0.922838
792.056 396.344 0.262784 -0.0843028 0.922125
784.291 356.007 0.212565 -0.0718031 0.902056
714.053 298.195 0.162933 -0.0132633 0.91071
914.326 140.718 0.0440612 -0.172989 0.93048
516.981 152.11 0.0466428 0.140229 0.934812
851.496 81.4108 0.00743429 -0.105637 0.878842
867.446 294.627 0.164542 -0.142876 0.916658
572.818 362.572 0.220411 0.112006 0.915698
574.829 134.446 0.0341974 0.0950077 0.94188
616.708 303.975 0.165438 0.0670894 0.908666
653.567 300.647 0.162434 0.0362297 0.905881
571.383 363.699 0.217541 0.110421 0.907225
501.854 318.278 0.155243 0.134987 0.848614
853.065 332.897 0.207767 -0.141828 0.939204
743.014 404.088 0.260376 -0.0373437 0.906418
800.341 409.234 0.246663 -0.0811627 0.872886
523.657 143.611 0.0398906 0.139987 0.95078
577.842 133.575 0.0329579 0.0955248 0.953281
640.867 201.545 0.0847173 0.0423216 0.9149
576.537 134.845 0.0342323 0.0951017 0.947246
772.24 23.2871 -0.0467812 -0.0646553 0.971155
518.047 59.4982 -0.026719 0.146313 0.982316
539.334 336.416 0.209821 0.153875 0.953514
563.98 125.574 0.0207093 0.126532 1.02131
906.099 141.16 0.043442 -0.177858 0.957492
836.554 178.784 0.0715723 -0.114742 0.934073
666.2 10.5119 -0.0507912 0.0182762 0.947932
805.929 406.17 0.275713 -0.0987393 0.925655
837.187 101.643 0.0135778 -0.114494 0.946599
662.296 130.415 0.0314302 0.0267218 0.959058
714.692 292.825 0.157041 -0.0138086 0.906177
905.298 215.541 0.092591 -0.144007 0.861944
816.803 111.679 0.0210893 -0.0972813 0.940585
577.662 63.7747 -0.0177469 0.0901703 0.954871
619.721 128.776 0.0308616 0.058398 0.938696
622.38 133.821 0.0337892 0.0590991 0.953292
668.14 13.6457 -0.0521993 0.0178019 0.961724
654.933 297.242 0.160757 0.0354427 0.909874
601.621 67.7184 -0.0126591 0.0692247 0.942606
601.221 210.659 0.092411 0.0769609 0.928881
808.461 195.519 0.0834977 -0.0904336 0.92444
702.536 15.795 -0.0474932 -0.00888787 0.950083
837.306 35.5657 -0.0335701 -0.113057 0.953392
877.609 323.9 0.17249 -0.134511 0.867124
807.426 195.332 0.0843053 -0.0924289 0.93743
810.208 191.521 0.0804292 -0.0916139 0.924175
657.289 298.995 0.169611 0.0366176 0.934343
639.089 205.925 0.0879364 0.0438411 0.914212
607.709 205.751 0.0896445 0.0738199 0.94038
912.071 212.109 0.0997691 -0.182043 0.938885
817.548 22.6312 -0.0944289 -0.139936 1.1365
906.189 139.427 0.0431008 -0.164949 0.92684
711.793 69.3493 -0.0136921 -0.0154348 0.964099
650.944 72.5314 0.00124564 0.024491 0.868013
912.186 141.921 0.0447781 -0.173743 0.935936
785.94 58.1944 -0.0452532 -0.0947309 1.07831
792.237 354.191 0.21453 -0.0800674 0.909772
823.275 201.409 0.0970522 -0.136584 1.05066
534.009 151.553 -0.0658491 0.478668 1.65209
523.4 245.206 0.118003 0.14173 0.92275
836.419 399.095 0.271423 -0.128673 0.929946
621.532 135.032 0.0346783 0.0599227 0.95358
658.935 126.768 0.030194 0.0270515 0.934695
792.037 98.9561 -0.106723 -0.189344 1.46592
784.249 118.233 0.0252442 -0.0720021 0.942311
728.386 95.453 -0.149207 -0.0615146 1.5614
717.948 99.649 -0.232589 -0.0429028 1.78361
757.556 87.3959 -0.159799 -0.128844 1.5513
753.421 60.8097 -0.250981 -0.130158 1.6415
791.492 18.0679 -0.196145 -0.159538 1.37849
836.836 62.0146 -0.0526543 -0.162141 1.1252
758.564 83.8383 -0.157488 -0.127535 1.52871
813.653 47.1512 -0.091988 -0.15435 1.20518
782.665 75.7984 -0.220907 -0.207147 1.64363
796.807 86.8593 -0.101937 -0.179037 1.39235
774.778 100.718 -0.243585 -0.228507 1.81869
611.76 95.5665 -0.000309344 0.0732793 0.995967
766.477 113.017 -0.098533 -0.145588 1.51647
922.866 215.407 0.0974793 -0.171813 0.896967
733.233 0.713329 -0.0576826 -0.0323551 0.953073
815.054 183.542 0.0730388 -0.0897589 0.900535
761.023 420.159 0.291003 -0.0565887 0.927413
771.336 92.3712 -0.232084 -0.200996 1.74791
832.434 412.749 0.314069 -0.140922 0.972831
722.792 95.8645 -0.25717 -0.0595901 1.817
728.746 87.0798 -0.144584 -0.0591458 1.5082
844.518 181.172 0.0738915 -0.123625 0.941621
789.47 104.425 -0.105398 -0.190683 1.49087
747.047 107.903 -0.0603749 -0.0829948 1.35768
816.895 164.838 0.0607607 -0.101719 0.949369
717.789 98.7434 -0.22808 -0.0420225 1.76856
652.315 91.0943 -0.000943694 0.0354076 0.98024
735.813 144.109 -0.351057 -0.156724 2.3491
530.204 153.52 0.0473383 0.139083 0.959621
787.765 111.51 -0.102915 -0.195715 1.52319
795.097 40.5744 -0.042395 -0.0899223 1.00634
521.318 137.645 0.0355513 0.139664 0.946792
783.576 116.742 0.0239576 -0.0718309 0.944813
837.602 98.7797 0.0115654 -0.114573 0.946212
618.475 131.006 0.0327114 0.0587281 0.934194
618.827 299.936 0.164827 0.0670307 0.918028
760.362 418.856 0.294355 -0.0569215 0.934793
853.398 401.442 0.28462 -0.151911 0.946811
541.049 172.265 0.0620182 0.122259 0.93138
856.226 331.854 0.203403 -0.141479 0.930597
555.54 29.3493 -0.100861 0.167988 1.16248
544.567 176.625 0.0657741 0.12555 0.947749
785.253 74.9117 -0.211302 -0.207688 1.61842
758.919 78.5418 -0.15938 -0.125103 1.50944
576.51 87.69 -0.001464 0.0940333 0.958767
715.654 295.786 0.162849 -0.014726 0.917337
773.59 82.5113 -0.225314 -0.192761 1.68394
722.776 79.9016 -0.252219 -0.0557698 1.72595
793.706 110.25 0.0201361 -0.0781853 0.936086
543.311 434.542 0.161298 0.0667735 0.705274
605.904 418.334 0.30021 0.0993695 0.951332
842.56 104.444 0.0135223 -0.124781 0.967371
646.559 76.9707 -0.00941408 0.0379734 0.966293
647.011 77.5227 -0.0100314 0.0383605 0.972678
590.59 405.889 0.26236 0.100401 0.91291
656.451 6.65533 -0.0923327 0.0374297 1.08017
488.624 62.3202 -0.0213464 0.162977 0.962937
621.289 133.394 0.0335309 0.0597218 0.951889
660.007 223.841 0.118774 0.0456257 1.06565
704.006 105.024 0.0136232 -0.00848797 0.952296
880.983 207.113 0.0933905 -0.148607 0.921572
525.018 423.98 0.337499 0.210464 1.00037
607.904 448.292 0.334368 0.100208 0.948251
600.706 427.559 0.281727 0.0920092 0.907464
796.012 424.611 0.283462 -0.085976 0.907275
864.199 406.752 0.258428 -0.141348 0.893922
502.767 428.077 0.299006 0.197459 0.93665
638.343 10.5464 -0.0635839 0.0448401 0.995117
758.361 6.50034 -0.234591 -0.108261 1.424
744.917 123.852 -0.324246 -0.174359 2.13307
644.088 222.694 0.0989904 0.0388935 0.899925
782.452 123.095 0.027866 -0.0727573 0.955341
795.955 422.401 0.284271 -0.0869167 0.912053
530.15 307.83 0.174687 0.148825 0.932806
659.933 126.63 0.0298185 0.0266989 0.939426
796.775 425.292 0.283966 -0.0866268 0.906921
798.986 26.4731 -0.0220376 -0.0672685 0.863488
846.974 38.1709 -0.0459845 -0.138611 1.01653
488.525 171.57 0.0337619 0.0467755 0.606595
506.826 48.5261 -0.0273169 0.140531 0.945969
493.373 140.673 0.0356993 0.176863 0.979086
762.02 106.822 -0.132636 -0.145573 1.58033
735.904 86.6043 -0.224577 -0.0910848 1.69936
738.856 402.086 0.258972 -0.0337129 0.907643
849.88 435.339 0.339852 -0.160703 0.967502
852.86 336.996 0.210744 -0.141027 0.936519
765.044 85.0524 -0.24462 -0.179482 1.73768
503.649 4.61006 -0.0459253 0.124121 0.906129
764.016 424.728 0.285107 -0.0571998 0.910804
822.118 45.6523 -0.173525 -0.228111 1.41768
755.23 107.61 -0.102626 -0.116818 1.49694
779.764 352.789 0.214155 -0.0696734 0.912491
763.57 424.21 0.279492 -0.0556999 0.903146
836.242 70.9271 -0.0106144 -0.116264 0.962186
637.491 454.618 0.323237 0.0641837 0.922421
661.379 74.8529 -0.00945272 0.0251039 0.958196
708.961 210.142 0.0874581 -0.0103465 0.871723
482.287 228.807 0.109566 0.194387 0.965735
768.646 427.689 0.277133 -0.0589647 0.893978
742.484 121.383 -0.275363 -0.147945 2.01326
742.226 123.761 -0.102655 -0.0986507 1.59342
645.985 201.004 0.0859951 0.0408808 0.934579
566.02 67.3258 -0.0151881 0.0992293 0.953484
715.936 15.5307 -0.0481812 -0.0191081 0.952819
663.837 128.659 0.0303365 0.0250761 0.955679
619.102 301.961 0.167187 0.0673631 0.919928
528.993 234.321 0.108774 0.134404 0.919101
716.034 420.141 0.290291 -0.0132115 0.928201
509.086 57.2404 -0.0240233 0.144882 0.959674
676.939 460.495 0.33023 0.0259116 0.921116
714.55 422.413 0.291189 -0.0117211 0.925781
704.781 6.01389 -0.0550506 -0.0107625 0.954908
529.316 57.9957 -0.026963 0.135544 0.978788
911.082 141.989 0.0447267 -0.174278 0.939247
777.348 398.449 0.257854 -0.0685998 0.91047
565.066 66.3162 -0.0159082 0.0999003 0.953527
591.529 404.477 0.26678 0.102613 0.92287
602.052 70.6023 -0.0111236 0.0696162 0.945304
859.107 6.64623 -0.052281 -0.128117 0.952517
833.798 75.0308 -0.00916859 -0.116914 0.971534
593.295 466.07 0.28296 0.0861161 0.854974
669.037 151.586 -0.0110346 0.0729811 1.44918
528.312 309.648 0.174021 0.147529 0.92556
725.256 624.865 0.2045 -0.0115073 0.638542
726.313 616.808 0.207515 -0.0121403 0.645556
763.231 455.297 0.320232 -0.0574721 0.912837
881.02 299.914 0.151362 -0.132176 0.859222
860.827 406.029 0.270396 -0.146732 0.914927
576.273 90.7212 1.49906e-05 0.0958124 0.963955
644.496 624.319 0.205348 0.0185355 0.640672
564.801 385.148 0.238672 0.119296 0.908751
727.939 472.889 0.312473 -0.0222561 0.879826
649.076 6.59519 -0.0567993 0.0321877 0.960623
712.741 247.318 0.17158 -0.0157592 1.25593
563.031 51.6499 -0.0257544 0.0998621 0.952189
530.034 431.556 0.332819 0.194196 0.978745
631.319 427.405 0.273992 0.0614616 0.894746
911.1 137.079 0.0410515 -0.173978 0.939597
503.537 418.518 0.159916 0.0883942 0.718336
834.06 486.613 0.37135 -0.133265 0.926238
630.193 432.735 0.271164 0.0601911 0.88244
837.951 63.7892 -0.0149088 -0.116068 0.957607
795.076 451.518 0.327555 -0.0911071 0.92684
824.596 55.1932 -0.0184361 -0.101545 0.942889
798.73 425.018 0.277825 -0.0863027 0.898022
596.5 406.699 0.269263 0.098264 0.922882
611.192 487.723 0.397676 0.106544 0.961502
608.29 450.411 0.330443 0.0973619 0.939598
680.881 431.44 0.26859 0.0169409 0.878663
619.741 304.085 0.167903 0.0661803 0.916131
668.308 13.4294 -0.0534117 0.017933 0.96591
958.528 353.686 0.268506 -0.298919 1.01839
710.687 220.34 0.11708 -0.0127646 1.07841
713.228 67.6036 -0.0146959 -0.0165959 0.962772
864.833 291.529 0.165071 -0.144588 0.927933
957.412 383.562 0.30845 -0.306127 1.01934
838.897 102.554 0.013809 -0.117091 0.950962
502.17 456.073 0.367779 0.23418 0.982599
506.82 453.652 0.37592 0.237712 0.996907
520.941 450.567 0.400239 0.242834 1.03234
919.386 18.6576 -0.0252219 -0.140724 0.864399
837.881 36.1143 -0.0328493 -0.113114 0.951769
819.162 159.891 0.0568991 -0.100964 0.939301
805.317 406.811 0.277538 -0.0986752 0.92752
647.388 224.709 0.102745 0.0385926 0.916258
577.887 85.2722 0.00292487 0.0814243 0.912514
520.846 451.159 0.400954 0.242965 1.03207
707.808 179.058 0.0624543 -0.00965697 0.812743
704.656 101.25 0.0130812 -0.00906816 0.931487
860.848 605.613 0.216793 -0.0673178 0.659102
683.986 427.182 0.281883 0.0161675 0.905106
866.186 348.521 0.218275 -0.150642 0.92676
713.89 239.878 0.162937 -0.0184015 1.30109
594.176 471.917 0.549278 0.206109 1.14753
557.722 460.139 0.445587 0.215822 1.0652
506.262 454.764 0.373845 0.235619 0.992334
777.52 398.351 0.261437 -0.0698681 0.916806
784.212 356.297 0.214879 -0.0725763 0.906557
837.731 405.971 0.317218 -0.152777 0.990866
679.803 426.752 0.273072 0.0188307 0.892546
659.153 263.145 0.220754 0.109968 1.4253
861.174 344.047 0.214818 -0.146584 0.929188
841.685 421.255 0.290968 -0.132991 0.922249
525.618 419.679 0.336012 0.212484 1.00687
859.895 405.901 0.267282 -0.14391 0.910082
528.133 217.022 0.0993727 0.148756 0.958887
893.44 206.271 0.0884134 -0.142228 0.880254
949.891 81.0067 0.00122235 -0.19937 0.940155
605.37 451.667 0.331075 0.100154 0.938537
645.452 70.797 -0.0128296 0.0378455 0.959977
832.552 483.499 0.379525 -0.136387 0.939673
535.296 344.796 0.212316 0.15246 0.93889
952.466 383.227 0.314794 -0.308961 1.03134
891.608 71.5628 -0.00709412 -0.155864 0.94721
547.915 106.442 0.0121204 0.118028 0.956029
781.98 124.686 0.0290202 -0.0725018 0.955937
502.97 66.3838 0.00159011 0.100492 0.820488
914.479 215.254 0.100888 -0.178556 0.926137
712.883 248.278 0.173973 -0.0160093 1.2627
810.971 476.708 0.292307 -0.0866308 0.847435
825.443 445.649 0.365008 -0.140295 0.983307
605.205 418.729 0.297264 0.098513 0.946091
702.274 88.4844 0.00242048 -0.00742598 0.946448
654.797 259.693 0.138277 0.0388893 0.952366
611.581 185.181 0.0751007 0.0799244 0.991946
681.943 236.165 0.147549 0.130141 2.01227
540.453 330.827 0.206415 0.154555 0.959513
949.276 408.075 0.354823 -0.316896 1.03765
549.09 103.792 -0.0106913 0.164934 1.09862
717.526 495.918 0.376418 -0.0132239 0.922985
837.168 177.057 0.0700011 -0.113421 0.927886
647.029 464.05 0.326894 0.0538095 0.912766
834.2 396.851 0.281391 -0.133562 0.951076
932.18 360.627 0.325079 -0.335778 1.11395
619.473 51.165 -0.0310593 0.060772 0.980324
584.139 38.1759 -0.0344288 0.0823901 0.951473
806.122 20.0484 -0.0442272 -0.0882398 0.953061
845.439 432.047 0.353204 -0.165359 0.991701
586.364 407.658 0.257712 0.100847 0.902172
548.766 127.178 0.027113 0.121332 0.961763
628.636 130.443 -0.00801254 0.111067 1.25964
572.579 219.18 0.117234 0.34775 1.5365
872.337 351.715 0.213115 -0.148841 0.907964
952.272 406.69 0.347808 -0.314549 1.03015
714.921 464.149 0.296819 -0.0109869 0.871803
661.808 77.1793 -0.00917324 0.0255915 0.967003
595.286 398.191 0.618566 0.347062 1.46442
837.879 472.27 0.409665 -0.161064 0.989919
684.519 462.501 0.284834 0.0136439 0.859141
749.034 408.87 0.245599 -0.0395611 0.873548
598.671 108.463 0.0150952 0.0755093 0.948241
840.417 94.1989 0.0103801 -0.111586 0.927718
735.445 410.791 0.272797 -0.0311681 0.915805
810.788 23.5233 -0.0361719 -0.0868156 0.927628
605.949 451.732 0.334328 0.100903 0.942679
658.73 97.8041 0.00565278 0.0292435 0.969624
657.918 94.2637 0.00470616 0.0285134 0.956315
703.826 153.93 0.0373035 -0.00725316 0.661409
529.322 309.674 0.17421 0.146862 0.926018
656.659 88.5814 0.00324812 0.0273644 0.935815
654.689 74.5484 -0.0067881 0.0285924 0.938933
653.721 71.6443 -0.00792627 0.0286802 0.933386
559.19 129.332 0.0269966 0.120608 0.98682
865.542 297.826 0.169929 -0.144721 0.925169
852.176 26.8471 -0.0450528 -0.131297 0.978323
627.529 433.056 0.273346 0.063116 0.885338
703.17 89.4999 0.00738971 -0.0081629 0.910589
676.404 495.693 0.353923 0.0261083 0.900265
765.548 496.724 0.383105 -0.0631551 0.927301
523.149 71.8224 -0.0195581 0.147512 0.993268
560.051 14.9734 -0.0534108 0.102476 0.965035
836.537 67.7392 -0.0118243 -0.114641 0.955715
622.096 83.868 -0.0112947 0.0653031 1.00756
914.553 141.347 0.0445603 -0.172582 0.928981
528.597 207.907 0.0931185 0.154991 0.978346
547.711 118.833 0.0229139 0.113133 0.936068
913.806 218.638 0.103901 -0.179459 0.928546
549.473 120.222 0.0234238 0.113943 0.942604
599.732 39.7706 -0.0325135 0.0699408 0.948316
783.373 355.007 0.21357 -0.0717771 0.906368
696.078 1.75091 -0.0146829 -0.00575361 0.736363
619.656 99.4425 0.00704344 0.0609406 0.963898
664.058 78.3349 -0.0278181 0.0328638 1.07304
952.883 350.13 0.274508 -0.30786 1.04136
607.399 227.397 0.103766 0.0697815 0.91309
785.2 356.906 0.208953 -0.0707901 0.89226
744.148 107.315 -0.260592 -0.138138 1.89128
634.135 233.27 0.148108 0.273286 1.79023
513.372 42.7166 -0.027894 0.129329 0.93005
639.061 209.19 0.0915173 0.0456595 0.925332
718.808 109.972 -0.241872 -0.0477038 1.86398
881.672 379.147 0.255952 -0.173765 0.93866
792.982 416.936 0.300158 -0.0915209 0.945645
711.572 67.8828 -0.0134271 -0.0151567 0.956318
615.099 234.282 0.115646 0.0732894 0.956755
574.022 135.519 0.0350176 0.0955206 0.941053
793.156 114.009 0.0224755 -0.0785918 0.940182
834.777 415.773 0.304902 -0.136688 0.95314
745.911 114.033 -0.285576 -0.157548 1.98637
731.572 113.76 -0.301264 -0.1037 2.01585
858.984 7.69407 -0.0522606 -0.128842 0.955119
584.494 131.749 0.0319369 0.0888677 0.949
666.901 20.5882 -0.0488579 0.0193551 0.966955
603.109 74.623 -0.00917728 0.0701177 0.950649
713.834 297.52 0.165337 -0.0132037 0.920713
863.653 346.169 0.211505 -0.144149 0.916613
904.161 141.247 0.0442855 -0.165303 0.931196
617.02 306.975 0.16907 0.0677808 0.911966
654.487 303.487 0.168243 0.0370297 0.916757
681.606 420.907 0.289235 0.0198669 0.926688
535.995 332.277 0.202009 0.152211 0.944154
574.98 362.744 0.223953 0.112631 0.922913
516.796 135.8 0.0344717 0.140433 0.939935
