718.365 419.591 0.290082 -0.0132744 0.927105
640.123 419.682 0.29204 0.0630043 0.933269
601.875 209.908 0.0921798 0.0768343 0.923051
794.425 395.173 0.262826 -0.0843386 0.922338
786.735 354.741 0.212607 -0.0718389 0.902269
716.391 296.93 0.162975 -0.0132991 0.910923
917.023 138.809 0.0441029 -0.173025 0.930693
519.177 151.006 0.0466845 0.140193 0.935025
854.222 79.3357 0.00747594 -0.105673 0.879056
870.01 293.187 0.164584 -0.142912 0.916871
575.154 361.52 0.220452 0.11197 0.915912
576.963 133.22 0.034239 0.0949719 0.942093
619.023 302.826 0.165479 0.0670536 0.908879
655.892 299.445 0.162476 0.0361939 0.906094
573.75 362.632 0.217583 0.110385 0.907438
504.487 317.12 0.155285 0.134951 0.848827
855.502 331.601 0.207809 -0.141864 0.939417
745.388 402.926 0.260418 -0.0373795 0.906631
802.916 407.971 0.246705 -0.0811985 0.873099
525.791 142.519 0.0399323 0.139951 0.950993
579.937 132.367 0.0329996 0.095489 0.953494
643.129 200.244 0.084759 0.0422858 0.915113
578.653 133.628 0.0342739 0.0950659 0.94746
774.433 21.413 -0.0467395 -0.0646911 0.971368
520.03 58.3649 -0.0266774 0.146277 0.982529
541.573 335.458 0.209863 0.153839 0.953727
565.877 124.516 0.020751 0.126496 1.02152
908.679 139.318 0.0434836 -0.177894 0.957705
839.009 177.139 0.071614 -0.114778 0.934286
668.301 8.83087 -0.0507495 0.0182404 0.948145
808.303 405.011 0.275755 -0.0987751 0.925868
839.612 99.8045 0.0136195 -0.11453 0.946812
664.393 129.042 0.0314719 0.026686 0.959271
717.046 291.542 0.157082 -0.0138444 0.90639
908.213 213.72 0.0926326 -0.144043 0.862157
819.198 109.902 0.021131 -0.0973172 0.940798
579.714 62.4474 -0.0177053 0.0901345 0.955084
621.865 127.443 0.0309033 0.0583622 0.938909
624.478 132.523 0.0338308 0.0590633 0.953505
670.197 11.9963 -0.0521576 0.0177661 0.961937
657.242 296.044 0.160798 0.0354069 0.910087
603.72 66.3157 -0.0126174 0.0691889 0.942819
603.431 209.468 0.0924526 0.0769251 0.929094
810.887 193.946 0.0835394 -0.0904694 0.924653
704.676 14.0387 -0.0474516 -0.00892367 0.950296
839.714 33.5332 -0.0335284 -0.113093 0.953605
880.388 322.402 0.172532 -0.134547 0.867337
809.803 193.787 0.084347 -0.0924647 0.937643
812.639 189.935 0.0804708 -0.0916497 0.924388
659.512 297.847 0.169653 0.0365818 0.934556
641.354 204.632 0.087978 0.0438053 0.914425
609.878 204.567 0.0896861 0.0737841 0.940593
914.708 210.437 0.0998108 -0.182079 0.939098
819.421 20.8502 -0.0943872 -0.139972 1.13671
908.873 137.523 0.0431424 -0.164985 0.927053
713.911 67.7384 -0.0136504 -0.0154707 0.964312
653.365 70.8403 0.00128729 0.0244552 0.868226
914.857 140.03 0.0448197 -0.173779 0.936149
787.865 56.5492 -0.0452116 -0.0947667 1.07852
794.664 352.932 0.214572 -0.0801032 0.909985
825.347 200.04 0.0970938 -0.13662 1.05087
535.128 151.225 -0.0658075 0.478632 1.6523
525.693 244.157 0.118045 0.141694 0.922963
838.831 397.916 0.271464 -0.128709 0.930159
623.63 133.739 0.03472 0.0598869 0.953793
661.113 125.343 0.0302356 0.0270157 0.934908
793.364 97.7106 -0.106681 -0.18938 1.46613
786.567 116.545 0.0252858 -0.0720379 0.942524
729.483 94.426 -0.149165 -0.0615504 1.56161
718.854 98.7434 -0.232548 -0.0429386 1.78382
758.715 86.2523 -0.159757 -0.12888 1.55151
754.487 59.6264 -0.250939 -0.130194 1.64172
792.908 16.515 -0.196103 -0.159574 1.3787
838.786 60.3007 -0.0526126 -0.162177 1.12541
759.746 82.672 -0.157446 -0.127571 1.52892
815.386 45.523 -0.0919463 -0.154386 1.20539
783.804 74.5674 -0.220865 -0.207183 1.64385
798.227 85.527 -0.101895 -0.179073 1.39256
775.778 99.637 -0.243544 -0.228542 1.8189
613.706 94.3055 -0.000267696 0.0732435 0.99618
767.693 111.909 -0.0984913 -0.145624 1.51669
925.688 213.641 0.097521 -0.171849 0.89718
817.587 181.876 0.0730804 -0.0897947 0.900748
763.331 419.045 0.291045 -0.0566245 0.927626
772.372 91.2589 -0.232043 -0.201032 1.74812
834.69 411.671 0.314111 -0.140958 0.973044
723.682 94.9412 -0.257129 -0.0596259 1.81721
729.893 86.005 -0.144542 -0.0591816 1.50841
846.967 179.535 0.0739332 -0.12366 0.941834
790.764 103.214 -0.105357 -0.190718 1.49108
748.404 106.75 -0.0603332 -0.0830306 1.3579
819.255 163.223 0.0608023 -0.101754 0.949582
718.705 97.8315 -0.228039 -0.0420583 1.76877
654.325 89.7026 -0.000902046 0.0353718 0.980453
736.489 143.375 -0.351016 -0.15676 2.34931
532.314 152.447 0.04738 0.139047 0.959835
789.024 110.339 -0.102874 -0.195751 1.5234
797.232 38.7525 -0.0423534 -0.0899581 1.00655
523.462 136.541 0.0355929 0.139628 0.947005
785.884 115.057 0.0239992 -0.0718667 0.945026
840.03 96.9307 0.011607 -0.114608 0.946425
620.635 129.67 0.0327531 0.0586923 0.934407
621.107 298.801 0.164869 0.0669949 0.918241
762.644 417.755 0.294396 -0.0569573 0.935006
855.784 400.289 0.284662 -0.151947 0.947024
543.253 171.133 0.0620599 0.122223 0.931593
858.701 330.536 0.203445 -0.141514 0.93081
557.059 28.368 -0.100819 0.167953 1.16269
546.719 175.529 0.0658157 0.125514 0.947962
786.419 73.6623 -0.21126 -0.207724 1.61864
760.12 77.3503 -0.159338 -0.125139 1.50965
578.562 86.4184 -0.00142235 0.0939975 0.95898
717.967 294.531 0.16289 -0.0147618 0.91755
774.675 81.3433 -0.225273 -0.192797 1.68415
723.723 78.9064 -0.252178 -0.0558056 1.72616
796.065 108.509 0.0201778 -0.0782211 0.936299
546.767 432.925 0.161339 0.0667377 0.705487
608.12 417.338 0.300251 0.0993337 0.951545
844.929 102.64 0.013564 -0.124817 0.967584
648.604 75.5341 -0.00937243 0.0379376 0.966506
649.036 76.0991 -0.00998973 0.0383247 0.972891
592.938 404.832 0.262402 0.100365 0.913123
658.156 5.22186 -0.092291 0.0373939 1.08038
490.687 61.2187 -0.0213047 0.162941 0.96315
623.391 132.094 0.0335725 0.059686 0.952102
661.832 222.816 0.118816 0.0455899 1.06587
706.16 103.494 0.0136649 -0.00852377 0.952509
883.592 205.444 0.0934322 -0.148643 0.921785
527.218 423.091 0.337541 0.210428 1.00058
610.138 447.29 0.334409 0.100172 0.948465
603.072 426.49 0.281768 0.0919734 0.907677
798.435 423.446 0.283503 -0.0860118 0.907488
866.8 405.494 0.25847 -0.141384 0.894135
505.175 427.104 0.299048 0.197424 0.936863
640.265 9.03311 -0.0635423 0.0448043 0.99533
759.637 5.04049 -0.23455 -0.108297 1.42421
745.689 122.998 -0.324205 -0.174395 2.13328
646.414 221.386 0.0990321 0.0388577 0.900138
784.721 121.449 0.0279076 -0.0727931 0.955554
798.361 421.242 0.284313 -0.0869525 0.912266
532.444 306.832 0.174728 0.148789 0.933019
662.095 125.212 0.0298601 0.0266631 0.939639
799.201 424.127 0.284008 -0.0866626 0.907134
801.655 24.3094 -0.021996 -0.0673043 0.863701
849.216 36.2227 -0.0459429 -0.138647 1.01675
492.939 168.987 0.0338036 0.0467397 0.606808
508.917 47.3193 -0.0272752 0.140495 0.946182
495.451 139.699 0.0357409 0.176828 0.9793
763.166 105.735 -0.132594 -0.145609 1.58055
736.896 85.5775 -0.224535 -0.0911206 1.69957
741.221 400.926 0.259013 -0.0337487 0.907857
852.176 434.277 0.339893 -0.160739 0.967715
855.304 335.704 0.210785 -0.141063 0.936732
766.07 83.9345 -0.244578 -0.179518 1.73789
505.846 3.2296 -0.0458837 0.124085 0.906342
766.389 423.585 0.285149 -0.0572356 0.911017
823.581 44.1145 -0.173483 -0.228147 1.4179
756.441 106.51 -0.102584 -0.116853 1.49715
782.163 351.544 0.214197 -0.0697092 0.912704
765.972 423.052 0.279533 -0.0557357 0.903359
838.615 69.0253 -0.0105728 -0.116299 0.962399
639.788 453.566 0.323278 0.0641479 0.922634
663.461 73.3608 -0.00941107 0.0250681 0.958409
711.446 208.641 0.0874997 -0.0103823 0.871936
484.491 227.9 0.109608 0.194352 0.965948
771.088 426.514 0.277175 -0.0590005 0.894191
743.305 120.512 -0.275321 -0.147981 2.01347
743.325 122.784 -0.102614 -0.0986865 1.59363
648.178 199.737 0.0860368 0.040845 0.934792
568.078 66.0294 -0.0151464 0.0991935 0.953697
718.086 13.7447 -0.0481396 -0.0191439 0.953032
665.947 127.272 0.0303781 0.0250403 0.955892
621.376 300.832 0.167229 0.0673273 0.920142
531.286 233.247 0.108815 0.134368 0.919315
718.308 419.051 0.290333 -0.0132473 0.928414
511.139 56.0747 -0.0239817 0.144846 0.959887
679.23 459.431 0.330271 0.0258758 0.921329
716.831 421.321 0.291231 -0.0117569 0.925994
706.905 4.2347 -0.0550089 -0.0107983 0.955121
531.301 56.8251 -0.0269214 0.135508 0.979001
913.738 140.107 0.0447683 -0.174314 0.93946
779.741 397.267 0.257896 -0.0686356 0.910683
567.124 65.0202 -0.0158666 0.0998645 0.953741
593.842 403.438 0.266821 0.102578 0.923083
604.143 69.2105 -0.0110819 0.0695804 0.945517
861.583 4.45936 -0.0522394 -0.128152 0.95273
836.134 73.1636 -0.00912694 -0.11695 0.971747
595.88 464.904 0.283002 0.0860803 0.855187
670.213 150.793 -0.010993 0.0729453 1.44939
530.632 308.638 0.174063 0.147493 0.925773
729.369 623.012 0.204542 -0.0115431 0.638755
730.348 614.987 0.207557 -0.0121761 0.645769
765.588 454.189 0.320274 -0.0575079 0.91305
883.851 298.338 0.151404 -0.132211 0.859435
863.34 404.817 0.270438 -0.146768 0.91514
578.311 89.4669 5.66393e-05 0.0957766 0.964168
648.548 622.476 0.205389 0.0184997 0.640885
567.178 384.096 0.238713 0.11926 0.908964
730.399 471.739 0.312515 -0.0222919 0.880039
651.116 4.97551 -0.0567577 0.0321519 0.960836
714.227 246.457 0.171622 -0.015795 1.25615
565.084 50.3281 -0.0257127 0.0998263 0.952402
532.281 430.632 0.332861 0.19416 0.978958
633.714 426.297 0.274033 0.0614258 0.894959
913.757 135.182 0.0410931 -0.174013 0.93981
506.915 416.973 0.159958 0.0883584 0.718549
836.444 485.547 0.371392 -0.133301 0.926451
632.637 431.605 0.271206 0.0601553 0.882653
840.345 61.8529 -0.0148672 -0.116103 0.95782
797.416 450.423 0.327597 -0.0911429 0.927053
827.005 53.2348 -0.0183945 -0.101581 0.943102
801.194 423.833 0.277867 -0.0863385 0.898235
598.81 405.658 0.269304 0.0982282 0.923095
613.394 486.731 0.397718 0.106508 0.961715
610.55 449.396 0.330485 0.0973261 0.939811
683.333 430.277 0.268632 0.0169051 0.878876
622.028 302.948 0.167944 0.0661445 0.916344
670.351 11.7874 -0.0533701 0.0178972 0.966124
948.065 639.129 0.20329 -0.0883701 0.627457
712.51 219.244 0.117122 -0.0128004 1.07862
715.351 65.9824 -0.0146543 -0.0166317 0.962985
867.351 290.108 0.165113 -0.144624 0.928146
959.877 382.43 0.308491 -0.306163 1.01955
841.312 100.723 0.0138507 -0.117127 0.951175
504.484 455.144 0.36782 0.234145 0.982812
509.09 452.741 0.375962 0.237676 0.99712
523.1 449.696 0.40028 0.242798 1.03255
922.393 16.1823 -0.0251803 -0.14076 0.864612
840.297 34.0792 -0.0328077 -0.11315 0.951982
821.562 158.239 0.0569408 -0.101 0.939514
807.683 405.657 0.27758 -0.098711 0.927733
649.654 223.437 0.102787 0.0385568 0.916472
580.097 83.8853 0.00296652 0.0813885 0.912727
523.006 450.287 0.400996 0.242929 1.03228
710.577 177.324 0.062496 -0.00969277 0.812956
706.884 99.6658 0.0131229 -0.00910397 0.9317
864.899 603.851 0.216835 -0.0673536 0.659315
686.335 426.069 0.281925 0.0161317 0.905319
868.691 347.221 0.218317 -0.150678 0.926973
715.308 239.041 0.162979 -0.0184373 1.30131
595.983 471.119 0.549319 0.206073 1.14774
559.743 459.286 0.445628 0.215786 1.06541
508.543 453.847 0.373886 0.235583 0.992547
779.89 397.182 0.261479 -0.0699039 0.91702
786.639 355.042 0.214921 -0.0726121 0.90677
839.944 404.91 0.31726 -0.152813 0.991079
682.199 425.615 0.273114 0.0187949 0.892759
660.407 262.515 0.220796 0.109932 1.42551
863.661 342.746 0.21486 -0.14662 0.929401
844.126 420.092 0.29101 -0.133027 0.922462
527.798 418.801 0.336054 0.212448 1.00708
862.424 404.678 0.267323 -0.143946 0.910295
530.291 216.019 0.0994143 0.14872 0.9591
896.246 204.488 0.088455 -0.142264 0.880467
952.698 78.8381 0.00126399 -0.199406 0.940368
607.637 450.651 0.331117 0.100118 0.93875
647.514 69.3365 -0.012788 0.0378097 0.96019
834.887 482.455 0.379567 -0.136423 0.939886
537.588 343.816 0.212357 0.152424 0.939103
954.884 382.116 0.314836 -0.308997 1.03155
894.192 69.5075 -0.00705247 -0.1559 0.947424
549.994 105.259 0.012162 0.117992 0.956242
784.246 123.047 0.0290619 -0.0725377 0.95615
505.572 64.8464 0.00163176 0.100456 0.820701
917.167 213.562 0.10093 -0.178591 0.92635
714.359 247.424 0.174015 -0.0160451 1.26292
813.653 475.468 0.292348 -0.0866666 0.847648
827.641 444.636 0.36505 -0.140331 0.98352
607.437 417.725 0.297306 0.0984772 0.946304
704.443 86.907 0.00246213 -0.00746178 0.946661
656.95 258.536 0.138319 0.0388535 0.95258
613.581 184.064 0.0751424 0.0798886 0.992159
682.748 235.711 0.147591 0.130106 2.01248
542.67 329.877 0.206457 0.154519 0.959726
951.652 407.032 0.354865 -0.316932 1.03786
550.799 102.863 -0.0106496 0.164899 1.09883
719.811 494.862 0.37646 -0.0132597 0.923198
839.648 175.394 0.0700428 -0.113457 0.928099
649.357 462.979 0.326935 0.0537737 0.912979
836.535 395.71 0.281433 -0.133597 0.951289
934.362 359.588 0.325121 -0.335813 1.11416
621.448 49.765 -0.0310176 0.0607362 0.980537
586.189 36.7742 -0.0343872 0.0823543 0.951686
808.452 18.0444 -0.0441855 -0.0882756 0.953274
847.652 431.022 0.353246 -0.165395 0.991914
588.754 406.583 0.257754 0.100811 0.902385
550.84 126.038 0.0271547 0.121297 0.961977
630.041 129.562 -0.00797089 0.111031 1.25985
573.783 218.739 0.117276 0.347714 1.53672
874.924 350.377 0.213157 -0.148877 0.908177
954.678 405.632 0.347849 -0.314584 1.03037
717.41 462.98 0.296861 -0.0110227 0.872016
663.863 75.7093 -0.0091316 0.0255557 0.967216
596.665 397.644 0.618608 0.347026 1.46463
840.066 471.296 0.409706 -0.1611 0.990133
687.055 461.313 0.284876 0.0136081 0.859354
751.546 407.638 0.245641 -0.0395969 0.873761
600.77 107.158 0.0151369 0.0754735 0.948454
842.918 92.2942 0.0104218 -0.111622 0.927931
737.776 409.659 0.272839 -0.0312039 0.916018
813.22 21.4695 -0.0361303 -0.0868514 0.927842
608.202 450.722 0.334369 0.100867 0.942892
660.78 96.3916 0.00569443 0.0292077 0.969838
660.01 92.8185 0.0047478 0.0284776 0.956528
707.753 151.425 0.0373452 -0.00728896 0.661622
531.64 308.664 0.174252 0.146826 0.926231
658.819 87.0828 0.00328977 0.0273286 0.936028
656.832 73.03 -0.00674645 0.0285566 0.939146
655.882 70.1093 -0.00788462 0.0286444 0.933599
561.186 128.225 0.0270383 0.120573 0.987033
868.069 296.413 0.169971 -0.144756 0.925382
854.547 24.7902 -0.0450112 -0.131333 0.978536
629.963 431.933 0.273387 0.0630802 0.885551
705.472 87.8441 0.00743136 -0.0081987 0.910802
678.772 494.601 0.353964 0.0260725 0.900478
767.842 495.674 0.383146 -0.0631909 0.927514
525.106 70.7197 -0.0195164 0.147476 0.993481
562.041 13.6148 -0.0533692 0.10244 0.965248
838.933 65.8152 -0.0117826 -0.114677 0.955928
624.006 82.5819 -0.0112531 0.0652673 1.00778
917.256 139.437 0.0446019 -0.172618 0.929194
530.692 206.934 0.0931602 0.154955 0.978559
549.862 117.624 0.0229556 0.113097 0.936281
916.482 216.962 0.103942 -0.179495 0.928759
551.603 119.027 0.0234654 0.113907 0.942817
601.797 38.3269 -0.0324719 0.069905 0.948529
785.8 353.75 0.213612 -0.0718129 0.906581
621.704 98.108 0.00708509 0.0609048 0.964111
665.816 77.0431 -0.0277765 0.032828 1.07325
955.299 348.951 0.27455 -0.307896 1.04157
609.672 226.183 0.103807 0.0697457 0.913303
787.684 355.619 0.208995 -0.0708259 0.892474
745.034 106.372 -0.26055 -0.138174 1.89149
635.086 232.839 0.14815 0.27325 1.79044
515.507 41.445 -0.0278524 0.129293 0.930263
641.287 207.927 0.091559 0.0456237 0.925545
719.668 109.114 -0.24183 -0.0477396 1.86419
884.158 377.918 0.255993 -0.173801 0.938873
795.264 415.836 0.3002 -0.0915567 0.945858
713.715 66.2535 -0.0133854 -0.0151925 0.956532
617.226 233.158 0.115687 0.0732536 0.956968
576.159 134.295 0.0350592 0.0954848 0.941266
795.499 112.287 0.0225171 -0.0786276 0.940395
837.099 414.664 0.304944 -0.136724 0.953353
746.752 113.122 -0.285534 -0.157584 1.98658
732.37 112.902 -0.301223 -0.103735 2.01606
861.451 5.51565 -0.0522189 -0.128878 0.955332
586.601 130.514 0.0319785 0.0888319 0.949213
668.942 18.9702 -0.0488162 0.0193193 0.967168
605.184 73.2486 -0.00913563 0.0700819 0.950862
716.133 296.277 0.165379 -0.0132395 0.920926
866.19 344.845 0.211546 -0.144184 0.916826
906.823 139.361 0.0443271 -0.165339 0.931409
619.325 305.835 0.169112 0.067745 0.912179
656.772 302.312 0.168284 0.0369939 0.91697
683.875 419.832 0.289277 0.0198311 0.926901
538.263 331.304 0.202051 0.152175 0.944367
577.29 361.705 0.223995 0.112596 0.923126
518.964 134.687 0.0345134 0.140397 0.940148
