633.791 295.317 0.181661 0.0344858 0.732874
837.735 154.284 0.119878 -0.0697754 0.763263
902.356 343.057 0.217794 -0.108737 0.744484
821.185 37.456 0.0666329 -0.0586821 0.767054
612.022 164.268 0.119582 0.0414997 0.743329
584.074 299.679 0.18435 0.0598525 0.735257
714.747 288.124 0.179025 -0.00589707 0.733443
518.304 56.183 0.0727038 0.0802323 0.74953
579.012 296.046 0.174487 0.0577662 0.715488
521.06 58.9763 0.0739121 0.0806858 0.755291
730.601 264.527 0.284591 -0.49934 4.9324
718.157 256.586 -0.0762206 -0.141904 5.48713
885.599 117.218 0.10082 -0.0864043 0.744805
632.256 285.427 0.17016 0.0328605 0.716364
724.497 229.117 -0.10555 -0.226205 4.00355
525.063 375.844 0.225954 0.0949586 0.733241
536.799 56.4175 0.0729597 0.075647 0.764553
951.736 87.1341 0.0799751 -0.0783844 0.648043
580.522 46.2195 0.0690588 0.0514388 0.745215
715.997 276.928 0.168578 -0.0061875 0.720944
809.656 42.7652 0.0688528 -0.0530814 0.765729
638.124 47.1873 0.0697858 0.0266013 0.749284
607.856 153.746 0.110589 0.0392152 0.716239
714.8 285.942 0.182595 -0.00629121 0.745836
592.447 158.941 0.0469726 0.4253 1.90222
816.154 368.787 0.204678 -0.050797 0.695239
535.935 445.293 0.239908 0.0806223 0.691586
810.527 36.1307 0.0661893 -0.0521035 0.758922
610.935 148.529 0.109295 0.0384735 0.721711
511.521 43.453 0.0675822 0.078875 0.736122
901.705 331.019 0.214828 -0.11112 0.753411
844.636 140.537 0.111715 -0.0696481 0.750966
716.577 276.813 0.166879 -0.00631538 0.71645
581.733 297.403 0.178558 0.0583906 0.723894
916.427 349.909 0.216637 -0.112432 0.733941
585.001 296.13 0.180703 0.0582425 0.730847
635.935 31.8439 0.0638772 0.0258802 0.733618
806.251 355.257 0.240388 -0.063053 0.775095
563.661 173.534 0.125742 0.067585 0.756554
584.211 56.793 0.0734123 0.0522447 0.757237
514.257 378.251 0.213723 0.091889 0.709503
876.315 30.1486 0.0631035 -0.0903508 0.786833
854.938 106.242 0.096966 -0.0755568 0.759715
805.997 52.6306 0.0729531 -0.0541697 0.780355
874.746 131.989 0.110161 -0.0895474 0.76994
840.791 149.379 0.116919 -0.0700774 0.758974
904.73 338.747 0.213012 -0.10789 0.740146
866.242 87.6884 0.0871758 -0.0728143 0.732393
929.492 175.654 0.132134 -0.119982 0.767505
750.243 427.84 0.254961 -0.0237441 0.722339
634.333 288.016 0.177372 0.0338187 0.731762
617.691 445.956 0.29969 0.0572497 0.768384
770.87 436.691 0.315771 -0.0463815 0.794197
896.643 423.073 0.284651 -0.121252 0.764155
509.129 380.521 0.209521 0.0909978 0.700075
847.799 41.6371 0.0683155 -0.0745414 0.779507
838.812 432.749 0.268175 -0.0753271 0.733853
742.597 437.309 0.263152 -0.0199552 0.725315
853.697 427.491 0.341688 -0.121397 0.835365
717.419 444.325 0.300293 -0.00740463 0.767974
631.356 290.931 0.173343 0.0336098 0.717563
889.417 126.727 0.10738 -0.0956507 0.76644
920.552 389.099 0.276699 -0.146061 0.790265
810.439 434.938 0.320955 -0.0766847 0.801517
900.492 4.70345 0.0541411 -0.0909265 0.75429
701.835 22.3812 0.0599711 -0.00211324 0.757024
585.219 61.8389 0.075575 0.052641 0.761085
841.98 146.203 0.114665 -0.0691897 0.753476
844.219 139.566 0.110861 -0.0686349 0.747836
934.46 283.571 0.170567 -0.106482 0.711146
882.319 424.202 0.266471 -0.101432 0.738445
887.253 131.388 0.109969 -0.0959317 0.769887
671.045 453.94 0.279657 0.0202259 0.733854
817.721 365.009 0.230923 -0.0633134 0.745864
556.571 37.5963 0.0631866 0.0759189 0.813005
634.84 286.186 0.175911 0.0333441 0.730421
824.617 27.4038 0.0627754 -0.0576807 0.755378
638.583 43.1354 0.0681828 0.0258774 0.744144
614.533 449.994 0.290267 0.0560744 0.752463
608.809 136.727 0.102613 0.0372575 0.708677
887.195 4.80677 0.0541825 -0.0845593 0.752949
890.422 67.692 0.0802654 -0.0937782 0.76878
748.557 427.158 0.256395 -0.0230971 0.725012
852.116 409.956 0.292556 -0.101303 0.790963
888.958 85.1994 0.0883531 -0.0955995 0.773947
709.065 172.84 0.15297 -0.00804642 0.95229
702.541 56.4775 0.0661322 0.000331742 0.607172
555.531 149.672 0.109191 0.0620021 0.720646
715.045 285.831 0.174812 -0.00582842 0.72559
918.362 281.249 0.181896 -0.112429 0.744222
708.568 181.427 0.14798 -0.0059694 0.85825
543.4 524.184 0.273164 0.0777078 0.675708
791.355 523.534 0.267269 -0.0374836 0.665137
545.003 477.606 0.247691 0.0741597 0.677642
542.9 524.483 0.262485 0.0738753 0.663982
840.203 478.401 0.240339 -0.0571129 0.662308
534.972 15.3536 0.0529491 0.0847002 0.807761
580.105 440.913 0.312372 0.0879894 0.791076
552.968 161.625 0.115459 0.0654492 0.728359
808.007 363.763 0.210536 -0.0501671 0.71082
483.086 103.011 0.082821 0.257613 1.1236
914.821 357.041 0.231764 -0.121088 0.753787
562.358 565.206 0.337336 0.0840992 0.710256
508.03 577.725 0.395547 0.13913 0.751167
838.616 512.913 0.297262 -0.0701012 0.702844
886.588 556.625 0.326598 -0.0984034 0.699552
507.877 576.448 0.394991 0.139332 0.751726
886.136 450.84 0.278553 -0.102278 0.729856
890.161 555.235 0.343591 -0.107832 0.715424
884.295 552.658 0.328999 -0.0989847 0.70445
829.247 459.317 0.265925 -0.063939 0.708209
891.608 455.342 0.273037 -0.101083 0.718932
930.382 442.204 0.239052 -0.104257 0.684474
895.361 539.85 0.348856 -0.117273 0.731326
543.575 524.624 0.259533 0.0724593 0.66066
913.523 431.556 0.258134 -0.11128 0.719455
678.867 455.941 0.286853 0.0162403 0.740917
517.621 423.865 0.40849 0.207489 0.938995
875.395 575.93 0.40352 -0.117251 0.749289
503.388 410.156 0.228481 0.0980145 0.704764
879.54 504.437 0.308434 -0.0988035 0.719911
613.946 604.142 0.369832 0.0573667 0.70956
922.761 494.798 0.282315 -0.111686 0.698194
845.691 521.417 0.287516 -0.0690701 0.686656
902.105 464.758 0.261886 -0.0980202 0.697296
848.272 519.523 0.304916 -0.076719 0.705692
941.383 360.407 0.404747 -0.325675 1.04207
615.714 161.969 0.119387 0.0403849 0.748531
775.026 443.789 0.298061 -0.0443251 0.764054
909.79 350.643 0.22426 -0.114872 0.747632
718.798 518.332 0.277463 -0.00506469 0.680725
728.539 600.469 0.211822 -0.00407493 0.571451
564.715 561.695 0.340953 0.0844775 0.715875
786.509 466.293 0.259949 -0.0395238 0.696223
900.741 382.995 0.307419 -0.159569 0.84667
560.917 432.159 0.257679 0.0786207 0.726889
895.446 541.261 0.352787 -0.118729 0.733756
784.913 568.378 0.328941 -0.0414831 0.695957
888.128 428.096 0.260881 -0.100325 0.726941
674.901 511.805 0.270377 0.0158266 0.678267
735.636 516.072 0.305509 -0.0153955 0.711326
912.335 488.119 0.295684 -0.11539 0.718277
852.958 110.782 0.099443 -0.0761561 0.765019
905.61 424.561 0.274157 -0.119489 0.748067
882.745 15.0802 0.0577101 -0.0862871 0.764394
599.448 66.4834 0.0632266 0.0917094 1.0176
665.425 530.055 0.261004 0.0189918 0.656772
878.482 127.24 0.107259 -0.0893062 0.763754
669.684 476.317 0.248555 0.0173468 0.677154
511.562 44.1709 0.0678573 0.0783968 0.734239
885.239 555.887 0.330137 -0.0992607 0.703232
562.088 186.651 0.17561 0.169463 1.0912
640.144 56.3912 0.0736127 0.0269372 0.761555
862.663 420.396 0.340108 -0.130924 0.842243
554.675 436.201 0.257194 0.0809538 0.722718
563.506 428.493 0.271247 0.083975 0.749352
591.643 532.744 0.264114 0.0517459 0.659788
657.83 587.529 0.296003 0.0240692 0.657794
489.568 416.335 0.215677 0.0947978 0.679925
663.958 563.551 0.316889 0.0238257 0.690886
894.765 540.035 0.352604 -0.118556 0.734556
594.627 471.755 0.257569 0.0549244 0.693221
581.115 288.936 0.1713 0.0566045 0.716289
709.669 197.502 0.124094 -0.00305404 0.69097
709.19 177.755 0.123088 -0.00372481 0.724496
855.683 105.09 0.0968294 -0.0772868 0.765063
635.332 292.515 0.17821 0.0330154 0.727824
916.715 345.189 0.435682 -0.357354 1.14056
889.116 27.0422 0.0620122 -0.0952423 0.782153
756.209 432.239 0.244318 -0.0248438 0.703447
662.089 539.378 0.252945 0.0194599 0.64287
644.306 214.62 0.171562 0.0408555 0.865989
555.725 626.904 0.348842 0.082423 0.680617
833.024 511.104 0.275261 -0.0604938 0.680926
943.884 162.028 0.120288 -0.113433 0.736851
703.225 94.7376 0.0754517 0.000318923 0.606525
932.849 284.6 0.17107 -0.105819 0.711184
916.783 388.159 0.282318 -0.148512 0.80024
911.587 17.6918 0.0389429 -0.170661 0.955442
930.143 319.826 0.358199 -0.31858 1.07503
863.678 402.395 0.439678 -0.205679 1.00061
819.756 41.4941 0.0682795 -0.0588158 0.770627
886.107 338.121 0.236338 -0.116465 0.787749
714.215 101.805 -0.109222 -0.0381411 1.89035
724.627 218.4 -0.103454 -0.196237 3.61406
815.675 368.244 0.207868 -0.051948 0.70146
481.015 50.965 0.0538846 0.185788 0.988794
522.637 64.1143 0.076125 0.0815057 0.759951
