716.683 418.06 0.290622 -0.0132904 0.929247
638.029 418.368 0.292581 0.0629884 0.93541
598.725 207.052 0.0927205 0.0768183 0.925193
793.04 393.296 0.263366 -0.0843546 0.92448
785.147 352.548 0.213148 -0.0718548 0.904411
714.262 294.515 0.163515 -0.013315 0.913065
915.699 134.935 0.0446436 -0.173041 0.932834
515.206 147.802 0.0472252 0.140177 0.937167
852.284 74.6653 0.00801662 -0.105689 0.881197
868.733 290.474 0.165125 -0.142928 0.919013
572.349 359.901 0.220993 0.111954 0.918053
573.426 129.81 0.0347797 0.094956 0.944234
616.27 300.638 0.16602 0.0670376 0.911021
653.365 297.145 0.163016 0.0361779 0.908236
570.9 360.988 0.218123 0.110369 0.90958
500.593 314.965 0.155825 0.134935 0.850969
854.287 329.266 0.208349 -0.14188 0.941559
743.73 401.156 0.260959 -0.0373955 0.908773
801.463 405.961 0.247245 -0.0812145 0.875241
521.915 139.311 0.040473 0.139935 0.953135
576.468 129.006 0.0335403 0.0954731 0.955635
640.215 197.195 0.0852997 0.0422698 0.917255
575.154 130.249 0.0348146 0.09505 0.949601
772.089 16.9054 -0.0461989 -0.064707 0.973509
515.913 54.5114 -0.0261367 0.146261 0.98467
538.598 333.868 0.210404 0.153823 0.955869
562.526 121.425 0.0212917 0.12648 1.02366
907.359 135.613 0.0440243 -0.17791 0.959847
837.351 173.704 0.0721547 -0.114794 0.936428
665.081 4.14721 -0.0502089 0.0182245 0.950287
807.018 403.17 0.276296 -0.098791 0.92801
837.808 95.7948 0.0141602 -0.114546 0.948954
661.566 125.573 0.0320125 0.02667 0.961412
714.889 289.062 0.157623 -0.0138604 0.908532
906.849 210.031 0.0931733 -0.144059 0.864299
817.28 105.968 0.0216716 -0.0973331 0.94294
575.997 58.4245 -0.0171646 0.0901186 0.957226
618.643 123.902 0.0314439 0.0583463 0.941051
621.351 129.106 0.0343715 0.0590473 0.955647
667.051 7.42853 -0.051617 0.0177501 0.964079
654.73 293.733 0.161339 0.035391 0.912228
600.161 62.234 -0.0120768 0.069173 0.94496
600.318 206.637 0.0929933 0.0769092 0.931236
809.083 190.635 0.0840801 -0.0904854 0.926795
701.755 9.38984 -0.0469109 -0.00893961 0.952438
837.776 28.9722 -0.0329878 -0.113109 0.955747
879.113 319.621 0.173073 -0.134563 0.869479
808.027 190.547 0.0848877 -0.0924807 0.939785
810.834 186.588 0.0810115 -0.0916656 0.92653
657.117 295.658 0.170193 0.0365659 0.936697
638.438 201.62 0.0885187 0.0437893 0.916567
606.843 201.743 0.0902268 0.0737682 0.942735
913.521 207.168 0.100351 -0.182095 0.94124
817.686 17.0835 -0.0938465 -0.139988 1.13885
907.497 133.627 0.0436831 -0.165001 0.929195
711.261 63.6807 -0.0131097 -0.0154866 0.966453
913.533 136.201 0.0453604 -0.173795 0.938291
785.94 52.8766 -0.0446709 -0.0947826 1.08066
793.135 350.743 0.215112 -0.0801191 0.912126
823.908 197.321 0.0976345 -0.136636 1.05301
532.747 149.661 -0.0652668 0.478616 1.65444
522.089 241.727 0.118585 0.141678 0.925104
837.673 395.977 0.272005 -0.128725 0.9323
620.501 130.336 0.0352607 0.0598709 0.955935
658.16 121.71 0.0307763 0.0269998 0.937049
792.046 95.3546 -0.106141 -0.189396 1.46827
784.469 112.72 0.0258265 -0.0720539 0.944665
727.961 92.2237 -0.148625 -0.0615663 1.56375
717.45 96.8127 -0.232007 -0.0429545 1.78597
757.296 83.9649 -0.159217 -0.128896 1.55366
753.049 57.2685 -0.250398 -0.13021 1.64386
791.328 13.4072 -0.195562 -0.15959 1.38085
837.221 56.7999 -0.0520719 -0.162193 1.12756
758.304 80.3276 -0.156906 -0.127587 1.53106
813.783 42.1909 -0.0914056 -0.154402 1.20753
782.524 72.3081 -0.220325 -0.207199 1.64599
796.839 82.9551 -0.101354 -0.179089 1.3947
774.624 97.7242 -0.243003 -0.228558 1.82104
610.522 90.7685 0.000272986 0.0732276 0.998322
766.346 109.741 -0.0979507 -0.14564 1.51883
924.489 210.145 0.0980617 -0.171865 0.899322
815.726 178.317 0.0736211 -0.0898107 0.902889
761.877 417.401 0.291585 -0.0566405 0.929767
771.148 89.2275 -0.231502 -0.201048 1.75026
833.635 409.946 0.314652 -0.140974 0.975186
722.308 93.0116 -0.256588 -0.0596418 1.81935
728.305 83.6698 -0.144001 -0.0591976 1.51055
845.375 176.148 0.0744738 -0.123676 0.943976
789.469 100.936 -0.104816 -0.190734 1.49322
746.809 104.297 -0.0597925 -0.0830465 1.36004
817.488 159.787 0.061343 -0.10177 0.951724
717.288 95.8814 -0.227498 -0.0420742 1.77091
651.372 85.9993 -0.000361364 0.0353558 0.982594
735.506 142.052 -0.350475 -0.156776 2.35146
528.568 149.369 0.0479207 0.139031 0.961976
787.762 108.157 -0.102333 -0.195767 1.52555
795.167 34.5814 -0.0418127 -0.089974 1.0087
519.525 133.259 0.0361336 0.139612 0.949147
783.785 111.234 0.0245399 -0.0718826 0.947168
838.221 92.8934 0.0121477 -0.114624 0.948566
617.393 126.126 0.0332937 0.0586764 0.936548
618.394 296.621 0.16541 0.0669789 0.920383
761.204 416.128 0.294937 -0.0569733 0.937148
854.736 398.377 0.285203 -0.151963 0.949166
539.542 168.065 0.0626005 0.122207 0.933735
857.48 328.153 0.203986 -0.14153 0.932952
553.687 24.9229 -0.100278 0.167937 1.16483
543.127 172.581 0.0663564 0.125498 0.950104
785.132 71.3651 -0.210719 -0.20774 1.62078
758.651 74.9401 -0.158797 -0.125155 1.51179
574.939 82.6533 -0.000881668 0.0939815 0.961121
715.865 292.125 0.163431 -0.0147777 0.919692
773.401 79.1789 -0.224732 -0.192813 1.6863
722.253 76.784 -0.251637 -0.0558215 1.72831
793.989 104.564 0.0207185 -0.078237 0.93844
542.479 430.679 0.16188 0.0667217 0.707629
605.898 416.147 0.300792 0.0993177 0.953687
843.21 98.7668 0.0141047 -0.124833 0.969725
645.515 71.6302 -0.00883175 0.0379216 0.968647
645.974 72.2349 -0.00944905 0.0383087 0.975033
590.409 403.467 0.262943 0.100349 0.915265
655.255 1.19579 -0.0917503 0.037378 1.08252
486.244 57.3199 -0.0207641 0.162925 0.965292
620.248 128.668 0.0341132 0.0596701 0.954243
659.613 220.564 0.119357 0.045574 1.06801
703.524 99.7069 0.0142055 -0.00853972 0.95465
882.208 202.093 0.0939728 -0.148659 0.923927
524.702 422.279 0.338082 0.210412 1.00272
600.667 425.225 0.282309 0.0919575 0.909819
797.103 421.671 0.284044 -0.0860277 0.90963
865.702 403.4 0.259011 -0.1414 0.896277
502.254 426.188 0.299588 0.197408 0.939005
636.995 4.65113 -0.0630016 0.0447883 0.997472
757.911 1.94109 -0.234009 -0.108313 1.42635
744.617 121.454 -0.323664 -0.174411 2.13542
643.53 218.431 0.0995727 0.0388418 0.90228
782.661 117.743 0.0284483 -0.0728091 0.957695
797.035 419.472 0.284853 -0.0869684 0.914408
529.193 304.957 0.175269 0.148773 0.93516
659.167 121.604 0.0304008 0.0266471 0.94178
797.873 422.353 0.284549 -0.0866786 0.909275
799.167 19.0297 -0.0214553 -0.0673202 0.865843
847.474 32.0377 -0.0454022 -0.138663 1.01889
485.376 162.031 0.0343442 0.0467238 0.60895
504.503 43.1626 -0.0267346 0.140479 0.948324
491.435 136.645 0.0362816 0.176812 0.981441
761.833 103.615 -0.132053 -0.145625 1.58269
735.485 83.4708 -0.223994 -0.0911366 1.70171
739.539 399.159 0.259554 -0.0337647 0.909998
851.226 432.603 0.340434 -0.160755 0.969857
854.092 333.384 0.211326 -0.141078 0.938874
764.799 81.8465 -0.244038 -0.179534 1.74003
764.912 421.904 0.285689 -0.0572516 0.913158
822.231 41.283 -0.172942 -0.228163 1.42004
755.017 104.285 -0.102043 -0.116869 1.49929
780.573 349.385 0.214738 -0.0697251 0.914846
764.468 421.342 0.280074 -0.0557517 0.905501
836.772 64.8392 -0.0100321 -0.116315 0.96454
637.773 452.424 0.323819 0.0641319 0.924775
660.446 69.3751 -0.00887039 0.0250521 0.96055
708.861 205.297 0.0880404 -0.0103982 0.874078
480.691 225.599 0.110149 0.194336 0.968089
769.591 424.778 0.277716 -0.0590165 0.896332
742.172 118.883 -0.27478 -0.147997 2.01562
741.963 120.805 -0.102073 -0.0987025 1.59578
645.377 196.781 0.0865775 0.0408291 0.936934
564.274 62.0461 -0.0146058 0.0991775 0.955838
715.272 9.09887 -0.0475989 -0.0191598 0.955173
663.113 123.768 0.0309188 0.0250243 0.958034
618.68 298.676 0.167769 0.0673114 0.922283
527.664 230.693 0.109356 0.134352 0.921456
716.629 417.521 0.290874 -0.0132633 0.930556
506.841 52.0848 -0.023441 0.14483 0.962029
677.45 458.213 0.330812 0.0258598 0.92347
715.144 419.8 0.291772 -0.0117729 0.928135
912.415 136.299 0.045309 -0.17433 0.941601
778.257 395.395 0.258437 -0.0686515 0.912825
563.307 61.0282 -0.0153259 0.0998485 0.955882
591.358 402.097 0.267362 0.102562 0.925225
600.608 65.1729 -0.0105412 0.0695644 0.947659
834.307 69.0702 -0.00858626 -0.116966 0.973889
593.311 463.715 0.283543 0.0860643 0.857329
668.454 148.869 -0.0104523 0.0729294 1.45153
527.341 306.75 0.174603 0.147477 0.927915
726.628 621.432 0.205083 -0.011559 0.640897
727.667 613.391 0.208098 -0.0121921 0.647911
764.201 452.688 0.320815 -0.0575238 0.915192
882.523 295.333 0.151944 -0.132227 0.861577
862.269 402.804 0.270979 -0.146783 0.917282
574.717 85.7597 0.00059732 0.0957607 0.96631
645.131 621.144 0.20593 0.0184837 0.643027
564.374 382.631 0.239254 0.119245 0.911106
728.776 470.324 0.313055 -0.0223078 0.882181
647.796 0.346317 -0.056217 0.032136 0.962978
712.727 244.759 0.172162 -0.0158109 1.25829
561.192 46.1833 -0.025172 0.0998104 0.954544
529.746 429.796 0.333402 0.194144 0.9811
631.443 424.907 0.274574 0.0614099 0.897101
912.425 131.336 0.0416338 -0.174029 0.941952
502.344 414.786 0.160499 0.0883424 0.720691
835.473 484.045 0.371932 -0.133317 0.928593
630.321 430.206 0.271747 0.0601393 0.884795
838.485 57.5741 -0.0143265 -0.116119 0.959962
796.202 448.859 0.328137 -0.0911589 0.929194
825.007 48.8006 -0.0178538 -0.101597 0.945244
799.849 422.021 0.278408 -0.0863545 0.900376
596.367 404.32 0.269845 0.0982122 0.925237
611.509 485.95 0.398258 0.106492 0.963857
608.418 448.357 0.331025 0.0973101 0.941953
681.307 428.727 0.269172 0.0168891 0.881018
619.329 300.79 0.168485 0.0661285 0.918486
947.01 636.959 0.203831 -0.0883861 0.629598
710.603 216.928 0.117662 -0.0128164 1.08076
712.702 61.8992 -0.0141136 -0.0166476 0.965127
866.078 287.431 0.165653 -0.14464 0.930288
959.212 380.39 0.309032 -0.306179 1.02169
839.53 96.7446 0.0143914 -0.117143 0.953317
501.89 454.541 0.368361 0.234129 0.984954
506.573 452.147 0.376503 0.23766 0.999262
520.792 449.127 0.400821 0.242782 1.03469
920.729 10.7093 -0.0246396 -0.140776 0.866754
838.359 29.5124 -0.032267 -0.113166 0.954123
819.772 154.704 0.0574814 -0.101016 0.941656
806.401 403.828 0.27812 -0.098727 0.929875
646.87 220.584 0.103327 0.0385408 0.918613
576.274 79.8164 0.0035072 0.0813725 0.914869
520.7 449.721 0.401537 0.242913 1.03442
707.605 173.249 0.0630366 -0.00970872 0.815097
704.169 95.7203 0.0136636 -0.00911991 0.933842
863.352 601.877 0.217376 -0.0673695 0.661457
684.42 424.583 0.282466 0.0161157 0.907461
867.543 344.904 0.218857 -0.150694 0.929115
713.854 237.38 0.16352 -0.0184533 1.30345
594.504 470.645 0.54986 0.206057 1.14988
557.803 458.733 0.446169 0.21577 1.06755
506.01 453.249 0.374427 0.235567 0.994688
778.424 395.333 0.262019 -0.0699198 0.919161
785.064 352.871 0.215461 -0.072628 0.908912
838.925 403.188 0.3178 -0.152829 0.993221
658.928 261.265 0.221336 0.109916 1.42766
862.486 340.423 0.215401 -0.146636 0.931543
843.025 418.236 0.291551 -0.133043 0.924604
525.293 417.978 0.336595 0.212432 1.00923
861.34 402.65 0.267864 -0.143962 0.912437
526.776 213.51 0.099955 0.148704 0.961242
894.838 200.865 0.0889957 -0.14228 0.882608
951.469 74.4812 0.00180468 -0.199422 0.94251
605.488 449.625 0.331657 0.100102 0.940892
644.373 65.3394 -0.0122473 0.0377938 0.962331
833.932 480.976 0.380108 -0.136439 0.942027
534.554 342.241 0.212898 0.152408 0.941245
954.214 380.117 0.315377 -0.309013 1.03369
892.641 65.1772 -0.00651179 -0.155916 0.949565
546.197 101.693 0.0127027 0.117976 0.958384
782.188 119.358 0.0296025 -0.0725536 0.958291
500.462 59.9399 0.00217244 0.10044 0.822842
915.976 210.244 0.10147 -0.178607 0.928492
712.872 245.744 0.174555 -0.0160611 1.26506
812.349 473.737 0.292889 -0.0866826 0.84979
826.656 443.112 0.365591 -0.140347 0.985662
605.191 416.522 0.297846 0.0984612 0.948446
701.725 82.9355 0.00300281 -0.00747773 0.948803
610.694 181.301 0.0756831 0.0798726 0.994301
681.703 234.772 0.148132 0.13009 2.01462
539.706 328.266 0.206997 0.154503 0.961868
951.01 405.156 0.355405 -0.316948 1.04
718.361 493.725 0.377 -0.0132757 0.925339
837.974 171.909 0.0705835 -0.113473 0.930241
647.391 461.837 0.327476 0.0537577 0.915121
835.408 393.833 0.281974 -0.133613 0.953431
933.66 357.73 0.325662 -0.335829 1.1163
618.116 45.7182 -0.030477 0.0607202 0.982679
582.419 32.468 -0.0338465 0.0823383 0.953828
806.276 13.3643 -0.0436449 -0.0882915 0.955416
846.721 429.405 0.353787 -0.165411 0.994056
547.152 122.699 0.0276953 0.121281 0.964118
627.726 127.18 -0.00743021 0.111015 1.262
571.809 217.488 0.117816 0.347698 1.53886
954.037 403.725 0.34839 -0.3146 1.03251
660.889 71.7947 -0.00859091 0.0255398 0.969357
595.429 397.216 0.619148 0.34701 1.46677
839.195 469.865 0.410247 -0.161116 0.992274
685.069 459.876 0.285417 0.0135921 0.861496
749.82 405.753 0.246182 -0.0396128 0.875903
841.071 88.0986 0.0109624 -0.111638 0.930073
606.074 449.707 0.33491 0.100851 0.945034
657.859 92.6869 0.00623511 0.0291918 0.971979
657.025 89.0089 0.00528849 0.0284616 0.95867
703.484 145.112 0.0378858 -0.00730491 0.663763
528.358 306.775 0.174792 0.14681 0.928373
655.73 83.1011 0.00383045 0.0273126 0.93817
653.695 68.9348 -0.00620577 0.0285407 0.941287
652.706 65.9527 -0.00734394 0.0286285 0.935741
557.689 125.018 0.027579 0.120557 0.989175
852.735 20.2881 -0.0444705 -0.131348 0.980677
627.645 430.554 0.273928 0.0630643 0.887692
702.634 83.6559 0.00797204 -0.00821465 0.912944
677.03 493.519 0.354505 0.0260565 0.90262
766.626 494.414 0.383687 -0.0632069 0.929656
521.123 67.0387 -0.0189757 0.14746 0.995623
558.042 9.17356 -0.0528285 0.102424 0.96739
837.069 61.5619 -0.0112419 -0.114693 0.95807
915.932 135.558 0.0451426 -0.172634 0.931336
527.226 204.432 0.0937008 0.154939 0.980701
546.023 114.067 0.0234963 0.113081 0.938422
915.298 213.683 0.104483 -0.179511 0.930901
784.217 351.571 0.214152 -0.0718288 0.908723
618.478 94.4333 0.00762577 0.0608888 0.966253
954.591 346.83 0.275091 -0.307912 1.04371
606.596 223.404 0.104348 0.0697298 0.915445
743.817 104.57 -0.260009 -0.13819 1.89363
633.704 231.812 0.148691 0.273234 1.79258
511.053 37.1229 -0.0273117 0.129277 0.932405
638.429 205.004 0.0920997 0.0456077 0.927686
718.34 107.318 -0.24129 -0.0477556 1.86633
883.16 375.79 0.256534 -0.173817 0.941014
793.997 414.152 0.300741 -0.0915727 0.948
711.035 62.1372 -0.0128448 -0.0152085 0.958673
614.409 230.639 0.116228 0.0732377 0.959109
572.616 130.891 0.0355999 0.0954689 0.943407
793.441 108.401 0.0230578 -0.0786435 0.942536
836.022 412.892 0.305484 -0.13674 0.955495
745.601 111.43 -0.284994 -0.1576 1.98872
731.176 111.231 -0.300682 -0.103751 2.0182
859.589 0.686245 -0.0516783 -0.128894 0.957474
583.16 127.105 0.0325192 0.088816 0.951355
665.827 14.504 -0.0482755 0.0193034 0.96931
601.693 69.2807 -0.00859495 0.070066 0.953004
714.037 293.904 0.165919 -0.0132555 0.923068
865.005 342.478 0.212087 -0.1442 0.918967
905.447 135.509 0.0448678 -0.165355 0.933551
616.598 303.686 0.169653 0.0677291 0.914321
654.306 300.082 0.168825 0.036978 0.919112
682.008 418.388 0.289818 0.0198151 0.929043
535.207 329.654 0.202592 0.152159 0.946509
574.533 360.111 0.224536 0.11258 0.925268
514.951 131.356 0.035054 0.140381 0.94229
