629.342 293.398 0.181319 0.0352776 0.733063
833.091 152.412 0.119916 -0.0692554 0.765125
898.127 340.98 0.217446 -0.107925 0.744654
816.58 35.0234 0.0662849 -0.0578698 0.767224
607.185 162.021 0.119234 0.0423121 0.743499
579.48 297.822 0.184002 0.0606649 0.735427
710.483 285.948 0.179261 -0.0051833 0.735382
512.858 53.4949 0.0723558 0.0810447 0.7497
574.234 294.112 0.174139 0.0585785 0.715659
515.674 56.319 0.073564 0.0814982 0.755461
729.963 264.202 0.284243 -0.498528 4.93257
717.542 256.225 -0.0765687 -0.141092 5.4873
880.986 114.927 0.100472 -0.085592 0.744975
627.597 283.428 0.169812 0.0336729 0.716534
723.652 228.621 -0.105898 -0.225393 4.00372
520.154 374.421 0.225334 0.0957251 0.732757
530.151 52.4006 0.0720261 0.076157 0.761217
946.221 84.349 0.0796271 -0.0775721 0.648213
575.274 43.5266 0.0687107 0.0522511 0.745385
711.5 274.868 0.168229 -0.00537515 0.721115
805.047 40.3313 0.0685048 -0.052269 0.765899
633.1 44.5597 0.0694377 0.0274136 0.749454
602.766 151.37 0.110241 0.0400275 0.716409
710.517 283.988 0.182247 -0.00547886 0.746006
590.133 157.662 0.0466245 0.426112 1.90239
811.702 366.653 0.20433 -0.0499846 0.695409
531.283 443.694 0.23956 0.0814346 0.691756
805.858 33.6553 0.0658412 -0.0512912 0.759092
605.885 146.155 0.108947 0.0392859 0.721881
505.912 40.6633 0.0672341 0.0796873 0.736292
897.512 328.969 0.21448 -0.110308 0.753581
840.125 138.298 0.111367 -0.0688358 0.751136
712.044 274.735 0.166531 -0.00550302 0.71662
577.628 295.341 0.178737 0.0592459 0.725579
911.884 347.639 0.216542 -0.111769 0.734759
580.364 294.247 0.180355 0.0590548 0.731018
630.748 29.1047 0.0635292 0.0266926 0.733788
802.365 353.391 0.240039 -0.0622407 0.775265
560.058 172.004 0.126347 0.0686634 0.760427
579.091 54.1823 0.0730642 0.053057 0.757407
509.469 376.592 0.213375 0.0927013 0.709673
871.828 27.8232 0.0627555 -0.0895384 0.787003
851.453 102.807 0.0958088 -0.0741616 0.755884
870.333 129.812 0.109813 -0.088735 0.77011
836.353 147.185 0.116571 -0.0692651 0.759144
900.46 336.652 0.212664 -0.107077 0.740316
861.494 85.2799 0.0868277 -0.0720019 0.732563
927.03 172.841 0.130697 -0.118414 0.763472
746.169 425.943 0.254613 -0.0229318 0.722509
629.81 286.077 0.177024 0.034631 0.731932
613.859 443.991 0.299913 0.0583032 0.769773
767.474 435.504 0.31454 -0.0454131 0.792632
892.699 421.038 0.284303 -0.12044 0.764325
503.76 379.118 0.208843 0.0917452 0.699416
843.291 39.2847 0.0679674 -0.0737291 0.779677
834.789 430.73 0.267826 -0.0745147 0.734023
738.57 435.441 0.262804 -0.0191429 0.725485
850.515 425.959 0.340767 -0.120402 0.834461
713.605 442.36 0.300297 -0.00653885 0.768879
626.72 288.95 0.172995 0.0344221 0.717733
884.962 124.535 0.107032 -0.0948384 0.76661
917.269 387.35 0.275742 -0.145063 0.789181
807.567 434.054 0.319042 -0.0756037 0.798644
895.743 2.22448 0.053793 -0.0901141 0.75446
696.97 19.7483 0.059623 -0.00130089 0.757194
580.142 59.2607 0.0752269 0.0534534 0.761255
837.498 143.983 0.114317 -0.0683774 0.753646
839.685 137.314 0.110513 -0.0678225 0.748006
929.835 281.328 0.170219 -0.105669 0.711316
878.243 422.122 0.266123 -0.100619 0.738616
882.829 129.215 0.109621 -0.0951193 0.770057
666.826 452.521 0.278984 0.0211399 0.733376
813.653 363.046 0.230575 -0.062501 0.746034
551.639 35.0203 0.0628386 0.0767313 0.813175
819.915 24.9055 0.0624273 -0.0568684 0.755548
633.513 40.4763 0.0678347 0.0266897 0.744314
610.608 448.469 0.289919 0.0568868 0.752633
603.613 134.264 0.102265 0.0380699 0.708847
882.441 2.30759 0.0538344 -0.083747 0.753119
885.88 65.3986 0.0799173 -0.0929659 0.76895
744.502 425.272 0.256047 -0.0222848 0.725183
848.394 408.073 0.292208 -0.100491 0.791133
883.48 83.8296 0.0884945 -0.0951448 0.776714
705.605 171.148 0.152621 -0.00723407 0.95246
696.297 53.2692 0.0657842 0.0011441 0.607342
550.289 147.29 0.108843 0.0628145 0.720816
710.607 283.805 0.174463 -0.00501606 0.72576
918.726 279.966 0.177886 -0.109525 0.733414
704.72 178.774 0.146362 -0.00510562 0.853325
539.031 522.335 0.273186 0.0786428 0.676484
787.012 521.383 0.266921 -0.0366713 0.665307
540.353 476 0.247342 0.074972 0.677812
538.263 522.91 0.262137 0.0746877 0.664152
835.685 476.137 0.239991 -0.0563006 0.662478
575.497 440.259 0.310927 0.0887551 0.789088
547.812 159.314 0.115111 0.0662616 0.728529
803.677 361.693 0.210188 -0.0493547 0.71099
910.651 354.977 0.231416 -0.120276 0.753958
557.646 564.929 0.336081 0.0848411 0.708872
501.474 580.39 0.391357 0.139011 0.745466
833.855 509.802 0.298233 -0.0695188 0.705114
881.065 552.297 0.328456 -0.0981309 0.703097
503.385 576.316 0.39391 0.140031 0.750596
881.477 448.042 0.279074 -0.101795 0.731733
886.176 552.948 0.343243 -0.10702 0.715594
880.237 550.365 0.328651 -0.0981724 0.70462
825.101 457.234 0.265577 -0.0631267 0.708379
887.315 452.04 0.273341 -0.100866 0.720883
925.84 439.859 0.238704 -0.103445 0.684644
891.442 537.607 0.348508 -0.11646 0.731496
538.905 523.035 0.259185 0.0732716 0.66083
909.264 429.36 0.257786 -0.110468 0.719625
674.974 454.259 0.286505 0.0170527 0.741087
514.313 422.945 0.408141 0.208301 0.939165
873.148 577.251 0.399816 -0.115238 0.744139
497.052 409.446 0.226961 0.0986136 0.702373
875.331 501.949 0.308621 -0.098204 0.720882
610.185 602.632 0.369484 0.058179 0.70973
919.245 492.818 0.281478 -0.110919 0.697547
841.489 519.207 0.287168 -0.0682577 0.686826
897.769 462.494 0.261538 -0.0972079 0.697466
844.22 517.363 0.304568 -0.0759066 0.705862
938.239 358.874 0.404399 -0.324862 1.04224
610.921 159.732 0.119039 0.0411973 0.748701
770.98 442.134 0.297634 -0.043271 0.763975
903.419 347.94 0.226146 -0.114954 0.75283
714.598 516.405 0.277115 -0.00425233 0.680895
723.272 594.907 0.212804 -0.00339833 0.574173
560.791 560.445 0.34073 0.0852925 0.716065
782.311 464.257 0.259601 -0.0387115 0.696394
897.146 381.176 0.307071 -0.158757 0.84684
556.602 430.62 0.257331 0.0794331 0.727059
889.742 537.114 0.354937 -0.118428 0.737689
781.001 566.243 0.328857 -0.0407352 0.69641
883.968 425.97 0.260533 -0.0995123 0.727112
670.626 509.967 0.270029 0.016639 0.678437
731.71 514.204 0.30516 -0.0145831 0.711496
906.179 483.213 0.298546 -0.115992 0.724197
848.484 108.539 0.0990949 -0.0753437 0.765189
901.548 422.467 0.273809 -0.118676 0.748237
878.087 12.6451 0.057362 -0.0854747 0.764564
595.64 64.411 0.0628785 0.0925217 1.01777
660.973 528.171 0.260655 0.0198041 0.656942
874.018 125.035 0.106911 -0.0884939 0.763925
665.287 474.454 0.248207 0.0181592 0.677324
505.941 41.3788 0.0675092 0.0792092 0.734409
881.046 553.577 0.330054 -0.0984842 0.703646
558.669 185.133 0.175262 0.170275 1.09137
635.237 53.8377 0.0732646 0.0277495 0.761725
859.213 418.605 0.33976 -0.130112 0.842413
550.321 434.666 0.256846 0.0817662 0.722888
559.36 427.017 0.270899 0.0847874 0.749522
587.109 531.05 0.263766 0.0525583 0.659958
653.143 586.73 0.295163 0.0249894 0.656961
484.828 414.132 0.215926 0.096008 0.681473
659.953 561.816 0.316541 0.0246381 0.691056
590.237 470.1 0.257221 0.0557368 0.693391
576.328 286.983 0.170951 0.0574168 0.716459
959.129 63.6157 0.0793138 -0.122038 0.752743
704.726 176.531 0.124551 -0.00315168 0.731642
884.59 24.7071 0.0616642 -0.0944299 0.782323
751.99 430.27 0.24397 -0.0240315 0.703617
657.637 535.932 0.253659 0.020359 0.645022
640.136 212.712 0.170468 0.0414988 0.863063
550.821 627.201 0.347374 0.0831058 0.678961
828.764 508.912 0.274912 -0.0596814 0.681096
939.227 159.787 0.119939 -0.112621 0.737021
696.173 92.8708 0.0758185 0.00132498 0.609577
926.253 282.114 0.171931 -0.105536 0.714836
907.846 15.8541 0.0385948 -0.169849 0.955612
927.079 318.412 0.357851 -0.317767 1.0752
860.793 400.875 0.43933 -0.204867 1.00078
815.473 38.6705 0.0677737 -0.0579701 0.769962
882.164 336.192 0.23599 -0.115653 0.78792
712.281 100.555 -0.10957 -0.0373287 1.89052
723.685 217.843 -0.103802 -0.195424 3.61423
811.284 365.918 0.207767 -0.0512768 0.702279
517.305 61.4937 0.075777 0.0823181 0.760121
