714.584 417.84 0.288257 -0.012692 0.928099
635.694 418.459 0.289767 0.0633476 0.933116
595.975 206.425 0.0906551 0.0773753 0.924436
789.789 390.879 0.264969 -0.084765 0.934222
782.784 351.744 0.211963 -0.0716123 0.906864
712.141 294.051 0.161853 -0.0128755 0.914126
912.594 134.945 0.042974 -0.172874 0.93524
514.48 148.1 0.0459659 0.141689 0.943553
850.059 74.086 0.00605245 -0.10518 0.880984
866.951 290.08 0.162883 -0.142333 0.917841
569.892 359.671 0.218887 0.1124 0.91739
571.463 129.734 0.0331862 0.0959818 0.947786
613.775 300.288 0.163978 0.0675901 0.910542
651.43 296.48 0.16221 0.0369931 0.912736
568.019 360.939 0.215631 0.110763 0.907776
498.773 314.454 0.1545 0.135852 0.853377
851.838 328.632 0.206784 -0.14153 0.942858
741.561 400.544 0.259281 -0.0368824 0.909463
799.147 405.299 0.245574 -0.0808103 0.876042
518.994 138.445 0.0385525 0.140281 0.952337
573.54 127.85 0.0314455 0.095872 0.95423
637.974 196.805 0.0835843 0.0428513 0.918559
573.373 130.161 0.033217 0.0959626 0.953265
770.63 13.8455 -0.0481927 -0.0640013 0.968081
516.415 56.7578 -0.0277794 0.148574 0.995969
535.366 333.656 0.207778 0.154197 0.953528
560.083 120.433 0.0193549 0.126991 1.02376
901.606 137.597 0.0434543 -0.180132 0.973104
835.451 173.088 0.0700956 -0.114178 0.935352
662.804 3.75135 -0.0521001 0.0187283 0.951932
805.649 403.317 0.273198 -0.0981825 0.924838
835.521 95.3798 0.0122819 -0.114163 0.949881
659.794 126.432 0.0307927 0.0275221 0.969253
712.462 288.496 0.156591 -0.0132192 0.912207
903.354 210.014 0.0918223 -0.144098 0.8675
816.808 101.085 0.0183552 -0.0939962 0.925297
574.379 58.7083 -0.0189604 0.091016 0.961679
617.385 125.09 0.0303492 0.059667 0.950446
618.472 127.879 0.0322372 0.0595085 0.953453
664.756 6.88126 -0.0535654 0.0182847 0.965652
652.926 293.04 0.160729 0.0361987 0.917583
597.659 61.3847 -0.0140046 0.0697126 0.945493
599.582 206.662 0.0923195 0.0779751 0.939373
806.86 190.215 0.0822418 -0.09009 0.927495
699.478 8.7793 -0.048846 -0.00848286 0.953589
835.711 28.4175 -0.0349464 -0.112871 0.956617
862.912 313.669 0.185932 -0.143353 0.924417
806.246 189.73 0.0825217 -0.0916289 0.936932
807.789 186.755 0.0799528 -0.0918245 0.932623
654.997 295.248 0.168017 0.0368972 0.935723
636.727 202.111 0.088406 0.0455171 0.928121
605.328 201.525 0.0889347 0.074447 0.946687
911.689 206.642 0.0982678 -0.181472 0.940381
815.975 15.9059 -0.0957935 -0.139484 1.13881
903.705 134.311 0.0423734 -0.165772 0.935155
709.065 63.9048 -0.0149112 -0.0150594 0.970297
909.948 136.613 0.0439296 -0.174149 0.942795
790.611 35.4618 -0.0470128 -0.0907065 1.02773
792.132 348.548 0.216149 -0.0826823 0.922481
814.488 202.249 0.10398 -0.14296 1.10681
530.766 148.326 -0.067192 0.479205 1.65451
520.283 241.283 0.117224 0.142794 0.928132
835.796 395.634 0.269636 -0.128068 0.931143
617.711 129.23 0.0331813 0.0603569 0.954268
655.952 121.821 0.0291802 0.0277949 0.94118
791.184 93.096 -0.107794 -0.187999 1.46158
781.591 113.515 0.0244267 -0.0720225 0.951013
726.704 89.5728 -0.149996 -0.0607179 1.55536
716.253 94.3676 -0.233044 -0.0422273 1.77782
756.674 79.0496 -0.159711 -0.126602 1.53303
752.066 54.2661 -0.251198 -0.128988 1.63508
791.833 1.21189 -0.192773 -0.152661 1.34049
835.416 55.9827 -0.0540157 -0.161793 1.12818
757.463 76.6363 -0.15779 -0.125892 1.51738
812.183 41.0451 -0.0933473 -0.153899 1.2075
781.751 70.1392 -0.221791 -0.206353 1.64088
795.725 81.187 -0.103133 -0.178133 1.39126
773.79 95.8564 -0.244276 -0.227377 1.81575
603.064 80.4123 -0.0036257 0.0704519 0.963694
765.242 107.999 -0.0997074 -0.144718 1.51459
921.477 209.949 0.0964982 -0.171803 0.901447
812.595 178.668 0.0726131 -0.0901458 0.909507
759.988 417.164 0.289177 -0.05611 0.928515
770.473 86.3394 -0.232212 -0.199217 1.73908
832.345 410.052 0.311239 -0.139975 0.971417
721.175 90.2519 -0.257271 -0.0587786 1.80908
727.027 80.2672 -0.145018 -0.0581894 1.4984
843.174 175.691 0.0725971 -0.123248 0.944453
789.074 97.4362 -0.106159 -0.188303 1.47877
745.332 103.191 -0.0617281 -0.0825327 1.36006
815.122 159.44 0.0595764 -0.101402 0.953189
716.089 93.8525 -0.22884 -0.0414344 1.76571
648.998 84.908 -0.00233745 0.0358359 0.9821
734.711 140.652 -0.351511 -0.155983 2.34675
524.305 147.588 0.0453815 0.13879 0.956812
786.509 107.116 -0.104268 -0.195268 1.52568
793.632 32.984 -0.0441305 -0.0898017 1.00831
516.195 132.089 0.0340371 0.139964 0.94768
781.269 111.467 0.0229154 -0.0717455 0.951177
835.875 92.5447 0.0102887 -0.114259 0.949716
615.167 125.782 0.031543 0.0593577 0.938537
614.581 296.891 0.160944 0.0665372 0.909956
759.29 416.014 0.292307 -0.0563267 0.935313
852.898 397.962 0.282881 -0.151331 0.94814
537.606 167.713 0.0609798 0.123099 0.936398
857.322 328.565 0.199689 -0.139809 0.924631
551.246 23.2949 -0.102226 0.168449 1.1649
540.691 171.982 0.0645424 0.126288 0.951286
785.284 65.5373 -0.210081 -0.203844 1.59537
757.916 70.4515 -0.159453 -0.123169 1.4947
568.054 75.2512 -0.00403348 0.0913834 0.938343
713.769 291.738 0.16125 -0.0143196 0.918716
772.811 75.7443 -0.225187 -0.190727 1.67288
721.06 73.2935 -0.252006 -0.0548835 1.71533
791.993 103.604 0.0186588 -0.0776764 0.937392
539.544 431.067 0.160039 0.0672375 0.70793
603.044 416.589 0.297328 0.099546 0.949717
841.632 97.6064 0.0120654 -0.124057 0.967447
642.802 70.3696 -0.0108378 0.03856 0.967753
643.591 71.3269 -0.0113817 0.0388519 0.975309
587.727 403.451 0.260511 0.100876 0.913811
483.625 56.4489 -0.02267 0.163622 0.966398
617.879 128.02 0.0322549 0.0602205 0.954733
658.792 220.85 0.119719 0.0465455 1.08135
701.56 100.759 0.01285 -0.00821691 0.961648
879.644 201.79 0.092279 -0.148427 0.925431
521.84 422.458 0.334773 0.210126 0.99948
598.914 424.393 0.281108 0.092626 0.911639
794.7 420.874 0.282556 -0.0854997 0.910732
862.879 402.194 0.258169 -0.14152 0.899236
499.452 426.282 0.296887 0.197416 0.9371
633.918 1.60709 -0.0649574 0.0451799 0.993171
743.763 119.966 -0.324901 -0.173612 2.1316
641.094 217.935 0.0973861 0.0391289 0.900503
780.341 117.516 0.0266881 -0.072474 0.959707
794.937 418.708 0.283241 -0.086652 0.915255
521.771 305.368 0.169272 0.146977 0.91999
656.675 120.813 0.0284313 0.0272402 0.941757
795.496 421.198 0.283488 -0.0864405 0.911588
796.462 19.2023 -0.0233227 -0.0669881 0.867797
847.29 28.7307 -0.0474381 -0.137579 1.01203
483.149 163.815 0.0328473 0.0474693 0.611927
502.461 43.2047 -0.028642 0.141889 0.952304
488.825 135.809 0.0343935 0.177436 0.982044
760.943 100.936 -0.133445 -0.144175 1.57281
734.397 80.8045 -0.224991 -0.0901772 1.69313
737.455 398.516 0.257922 -0.0333274 0.910828
849.961 432.803 0.336652 -0.159477 0.965703
851.674 332.711 0.209815 -0.14083 0.940365
764.252 77.9736 -0.243741 -0.177195 1.7228
762.988 421.959 0.282666 -0.0565366 0.91058
820.787 40.3576 -0.174994 -0.227866 1.42133
754.269 100.103 -0.103278 -0.11485 1.4808
777.6 348.597 0.213648 -0.0689371 0.917541
762.316 420.26 0.279106 -0.0555209 0.907901
834.109 65.1827 -0.011814 -0.116344 0.968182
635.794 451.576 0.322449 0.0648653 0.926085
658.144 68.6737 -0.010785 0.0255806 0.961431
706.781 205.517 0.0874225 -0.010136 0.882003
767.269 424.388 0.275614 -0.0582852 0.895933
741.555 114.745 -0.273081 -0.145361 1.98804
739.101 134.482 -0.106658 -0.105716 1.70578
643.824 196.697 0.0854481 0.0414568 0.942343
562.617 62.3006 -0.0163747 0.100151 0.960173
713.098 8.26311 -0.0495458 -0.0187728 0.955758
659.923 122.46 0.0287367 0.0260023 0.955655
616.636 298.223 0.166335 0.0679921 0.924011
524.39 230.067 0.107248 0.135117 0.920848
714.702 417.208 0.28866 -0.0128313 0.929787
508.633 54.1598 -0.024765 0.14531 0.970841
675.106 458.45 0.327625 0.0264576 0.920768
713.286 420.277 0.288066 -0.011382 0.92378
909.104 136.513 0.043775 -0.174384 0.944967
775.932 394.506 0.257242 -0.068283 0.914825
561.681 61.3688 -0.017075 0.100865 0.960418
589.01 401.835 0.265168 0.103049 0.924551
598.531 65.1848 -0.0123339 0.0703997 0.950966
831.372 69.4979 -0.0103242 -0.116812 0.977827
591.926 462.58 0.282698 0.0865818 0.85982
666.616 146.983 -0.0123489 0.0730858 1.44443
525.314 306.286 0.172933 0.148015 0.928845
722.951 616.529 0.205278 -0.0110263 0.6458
724.947 611.927 0.207016 -0.0119121 0.649834
761.496 450.445 0.321753 -0.057243 0.921438
879.683 294.892 0.150435 -0.132037 0.86332
860.288 402.367 0.268693 -0.146156 0.916473
569.586 82.1839 -0.00191923 0.0956598 0.957138
642.588 618.296 0.205331 0.019078 0.646163
560.645 382.966 0.235736 0.119475 0.90686
726.39 468.818 0.312628 -0.0216972 0.885377
711.094 243.481 0.168155 -0.0151333 1.24694
558.054 44.8752 -0.0270122 0.100291 0.953417
526.945 429.932 0.330482 0.19423 0.978659
628.921 425.111 0.271594 0.0617435 0.894605
906.375 133.323 0.0410219 -0.175475 0.953504
506.272 410.007 0.1623 0.0898189 0.732617
835.142 486.23 0.365067 -0.131342 0.919045
628.153 429.895 0.269859 0.0606416 0.884795
833.549 61.6477 -0.0157147 -0.117759 0.976039
794.321 448.473 0.325738 -0.0905937 0.928202
822.607 48.5036 -0.0197408 -0.101231 0.94661
797.008 420.624 0.277858 -0.0860044 0.903887
594.726 404.405 0.267219 0.0976743 0.923184
609.465 485.783 0.395782 0.106867 0.962687
607.231 447.082 0.330924 0.0980585 0.945649
679.277 428.629 0.266995 0.0172326 0.880218
617.3 300.259 0.167053 0.0668308 0.920441
959.244 349.758 0.266336 -0.29823 1.01858
941.857 634.906 0.202759 -0.0880894 0.631623
708.634 216.027 0.115348 -0.0121829 1.07856
710.44 61.347 -0.0160209 -0.0161501 0.966369
863.869 286.922 0.16374 -0.144187 0.930554
837.295 96.3181 0.0125113 -0.116792 0.954237
497.882 455.41 0.363653 0.233386 0.979322
501.477 453.526 0.370093 0.236382 0.99053
516.915 450.08 0.395666 0.241844 1.02801
914.286 15.2324 -0.0260063 -0.142161 0.877817
836.537 28.2898 -0.0342401 -0.112578 0.953008
817.437 154.377 0.0557068 -0.100665 0.942955
804.94 404.056 0.274835 -0.097922 0.926256
643.722 219.852 0.100695 0.0391382 0.914678
574.095 79.6018 0.00171261 0.0820846 0.917187
516.897 450.655 0.396734 0.242196 1.02823
705.077 173.578 0.0617411 -0.00928358 0.81948
701.813 94.4431 0.0115691 -0.00860396 0.931903
858.662 597.981 0.217268 -0.0673615 0.665604
681.7 425.02 0.279002 0.0169382 0.903777
861.182 341.804 0.223106 -0.154175 0.949608
712.575 238.545 0.168146 -0.0185339 1.34396
591.347 472.344 0.541664 0.204465 1.13859
555.309 458.879 0.442823 0.215857 1.06457
502.055 454.317 0.369394 0.234389 0.988229
776.021 394.601 0.260522 -0.069325 0.920346
782.995 352.308 0.213769 -0.0723293 0.909705
837.672 402.834 0.315128 -0.152473 0.991362
658.783 261.31 0.22449 0.11269 1.45312
860.794 340.155 0.21293 -0.145873 0.929731
840.282 416.834 0.290893 -0.13308 0.92791
519.925 419.683 0.329699 0.210475 0.997575
858.348 400.466 0.26849 -0.145397 0.919514
523.306 212.47 0.0974576 0.149001 0.958945
891.938 200.584 0.0873327 -0.142218 0.884848
947.241 75.7287 0.000259172 -0.200358 0.948484
602.846 450.036 0.328206 0.100282 0.937525
642.125 64.1998 -0.0141915 0.0380774 0.961702
832.221 481.171 0.376774 -0.135304 0.93906
532.399 341.884 0.210699 0.152403 0.94045
955.748 380.469 0.309409 -0.305993 1.02385
890.313 64.7987 -0.00824224 -0.155177 0.949361
541.952 99.3004 0.0103567 0.117713 0.952623
779.958 118.875 0.0277401 -0.0721058 0.959174
498.914 60.6437 0.000478003 0.101498 0.827091
913.481 209.89 0.0997091 -0.178362 0.92957
711.262 244.567 0.170829 -0.0154014 1.25501
810.405 473.64 0.290045 -0.0860467 0.848154
825.288 443.208 0.361948 -0.139305 0.981978
602.971 416.36 0.295466 0.0988155 0.947238
699.469 82.4349 0.00113187 -0.00699357 0.949982
608.301 180.456 0.0736402 0.0803174 0.993618
680.426 233.837 0.145691 0.131531 2.0129
537.361 327.853 0.205026 0.154964 0.961641
949.846 404.908 0.352243 -0.315494 1.03686
716.566 494.034 0.373599 -0.0128829 0.922471
836.628 170.959 0.068201 -0.112708 0.927068
644.974 462.046 0.324569 0.054266 0.912913
833.54 393.431 0.279713 -0.132993 0.952487
933.844 357.742 0.32097 -0.332901 1.10832
615.614 44.4681 -0.0324337 0.0611779 0.98234
579.904 31.5305 -0.0357838 0.0828736 0.954478
803.996 12.6865 -0.0455878 -0.0878076 0.956017
844.679 428.558 0.352074 -0.165031 0.994555
544.77 122.013 0.0258432 0.121918 0.96513
625.117 125.097 -0.00941291 0.111163 1.25576
569.351 215.881 0.113887 0.353765 1.54635
953.707 403.869 0.344158 -0.312372 1.02687
660.031 77.198 -0.00914215 0.0268402 0.989647
589.841 400.834 0.604835 0.341199 1.43168
839.799 472.445 0.402302 -0.159021 0.979959
682.929 459.019 0.283975 0.0141368 0.862757
747.986 405.518 0.24387 -0.0393175 0.875002
839.191 87.4875 0.00899701 -0.111427 0.930366
603.293 450.495 0.330863 0.10079 0.940275
655.546 91.7033 0.00426107 0.0296558 0.971755
654.714 88.1707 0.0033475 0.028943 0.958917
700.152 147.077 0.036919 -0.00686568 0.669981
526.548 306.219 0.173389 0.14763 0.930403
653.425 82.4944 0.00193726 0.0278169 0.939099
651.357 68.2206 -0.00812386 0.0290365 0.941979
650.361 65.3323 -0.00924633 0.0291449 0.936693
555.183 124.075 0.0256391 0.121008 0.989139
851.925 18.071 -0.0468083 -0.131138 0.978531
625.608 429.929 0.272261 0.0636151 0.88848
700.457 86.2685 0.0071208 -0.00777823 0.922484
674.857 493.579 0.351667 0.0265511 0.900847
764.67 493.846 0.381821 -0.0627108 0.929524
525.45 75.7613 -0.0181046 0.152841 1.02232
554.181 6.10296 -0.0551229 0.10276 0.964294
835.767 60.095 -0.0133113 -0.114214 0.955893
913.741 135.189 0.0432537 -0.172538 0.932303
525.152 203.91 0.0922306 0.156777 0.984881
543.746 113.497 0.0216669 0.113678 0.939721
912.435 213.344 0.102782 -0.179124 0.932343
781.829 351.126 0.212323 -0.0711654 0.908996
616.084 93.5176 0.00568467 0.0613573 0.966316
952.702 346.228 0.272919 -0.30717 1.04294
603.649 222.773 0.101845 0.069861 0.911976
586.004 71.9552 -0.00979885 0.0832919 0.963172
783.334 614.778 0.208651 -0.0341535 0.649242
762.387 455.709 0.312907 -0.0554713 0.902221
635.379 453.905 0.320883 0.0642435 0.920525
676.747 190.838 -0.00151908 -0.00305373 0.423076
843.1 130.624 0.038004 -0.122775 0.952125
653.333 365.1 0.216498 0.0372847 0.897019
843.898 38.2764 -0.0547819 -0.152279 1.07045
627.51 186.463 0.0679292 0.0355074 0.819951
721.69 459.308 0.32452 -0.0184301 0.913616
681.803 449.905 0.325458 0.0204201 0.930587
725.552 601.648 0.213979 -0.0125664 0.662344
880.095 373.917 0.254389 -0.173335 0.943297
893.699 298.442 0.140326 -0.12624 0.822911
874.772 373.873 0.264633 -0.177071 0.963
824.235 397.724 0.268316 -0.115527 0.92571
532.851 59.4853 -0.0279737 0.139126 1.00818
879.998 376.017 0.255053 -0.172126 0.940316
654.915 86.8448 0.00358376 0.0278661 0.949804
840.462 473.31 0.404617 -0.160396 0.98107
683.375 492.184 0.382198 0.0217399 0.935566
592.2 427.164 0.270941 0.0927138 0.892031
815.905 409.41 0.249665 -0.0945686 0.87584
835.571 173.416 0.0702492 -0.113591 0.932825
877.708 155.94 0.0579305 -0.151567 0.947928
633.51 5.51472 -0.0470919 0.0385116 0.934752
688.205 211.769 0.0145976 -0.00392417 0.477858
627.288 168.067 0.0581781 0.035745 0.826241
612.414 73.0194 -0.007728 0.0613219 0.957179
630.168 79.6734 -0.00175765 0.0467218 0.949758
866.466 293.2 0.164534 -0.140891 0.914391
633.901 264.591 0.171928 0.0819305 1.08823
836.684 408.171 0.353982 -0.17075 1.03922
913.322 169.663 0.0689818 -0.178779 0.939824
836.421 407.589 0.355189 -0.171578 1.04232
577.127 343.148 0.33764 0.233127 1.23393
743.012 101.357 -0.260148 -0.136506 1.87815
632.439 230.958 0.146773 0.273761 1.79257
508.76 36.6718 -0.0292118 0.130075 0.934507
636.218 204.509 0.0902819 0.0461148 0.928453
717.21 106.042 -0.243192 -0.047211 1.86613
880.839 375.107 0.254847 -0.173471 0.941712
791.897 413.546 0.29885 -0.090999 0.948089
708.912 62.5987 -0.0146009 -0.01486 0.963127
612.785 230.271 0.115173 0.0742592 0.964123
570.808 130.714 0.0339646 0.0962394 0.946484
791.059 108.4 0.0213639 -0.0784341 0.945086
833.981 412.203 0.303663 -0.136334 0.955758
744.616 110.209 -0.286869 -0.157038 1.98836
730.171 109.967 -0.302553 -0.103206 2.01781
857.151 0.541706 -0.0537359 -0.128805 0.959693
580.046 125.776 0.0303633 0.0890924 0.94883
663.292 12.775 -0.0502243 0.0197811 0.96777
599.588 69.2402 -0.0103852 0.0709122 0.956209
712.011 293.382 0.164397 -0.0128795 0.924724
863.344 342.176 0.20966 -0.143574 0.917414
902.468 135.521 0.0432136 -0.165174 0.935822
614.591 303.138 0.168163 0.0683801 0.916119
652.458 299.444 0.167771 0.0376122 0.922588
680.066 417.979 0.28779 0.0202236 0.928772
532.431 329.362 0.200286 0.152489 0.945175
572.1 359.843 0.222404 0.113025 0.924594
513.111 131.112 0.0334064 0.141355 0.945277
