628.235 293.205 0.179807 0.0352477 0.73345
832.662 152.226 0.118403 -0.0692853 0.765512
894.208 339.791 0.219079 -0.109316 0.752988
815.548 36.0055 0.0653254 -0.0582642 0.771184
606.846 161.858 0.11819 0.0422502 0.745766
579.158 297.379 0.183079 0.0605506 0.737466
709.552 285.872 0.177749 -0.00521322 0.735769
511.714 52.4452 0.0708246 0.0809697 0.750029
574.013 293.432 0.17411 0.0589963 0.720346
515.73 56.3095 0.0724929 0.0816135 0.758255
730.18 263.305 0.269079 -0.504553 4.93337
717.54 255.823 -0.0784044 -0.141114 5.48766
877.994 116.91 0.100647 -0.0868698 0.753304
627.949 282.557 0.170366 0.0337173 0.723299
723.672 228.091 -0.107235 -0.225441 4.00333
518.763 374.125 0.223822 0.0956952 0.733144
529.029 51.379 0.0705135 0.0761271 0.761604
946.029 84.8617 0.0780833 -0.0775545 0.648412
578.745 49.6589 0.070052 0.0527866 0.758953
710.893 274.953 0.1659 -0.00549837 0.719124
804.298 40.5081 0.0672648 -0.0523659 0.76779
632.471 43.9191 0.067986 0.0273375 0.750212
601.402 150.758 0.108491 0.0399737 0.715852
709.695 283.707 0.181431 -0.00560294 0.748453
589.736 156.447 0.0450395 0.42613 1.90292
810.303 366.519 0.203471 -0.0501517 0.697419
527.706 445.777 0.236058 0.0810014 0.6878
806.972 31.1042 0.063589 -0.0511618 0.755205
605.046 145.889 0.107649 0.0392974 0.7232
507.286 41.5648 0.0664629 0.0799293 0.741387
897.747 329.253 0.212424 -0.11035 0.752712
840.295 137.87 0.10972 -0.0691144 0.751439
710.871 274.461 0.165817 -0.00550247 0.719557
576.388 295.097 0.177224 0.059216 0.725966
911.147 347.938 0.21503 -0.111799 0.735146
578.874 294.139 0.17841 0.058883 0.730118
629.266 27.138 0.0616058 0.0265952 0.730652
801.813 353.636 0.237989 -0.0621454 0.774311
558.942 171.369 0.124834 0.0686335 0.760814
578.691 53.6345 0.0717064 0.0529304 0.758667
508.268 376.206 0.212099 0.0927428 0.71065
873.685 24.613 0.0603374 -0.0885946 0.781068
851.141 102.578 0.0942962 -0.0741915 0.756271
870.08 129.585 0.108282 -0.0887973 0.77053
835.353 147.431 0.115487 -0.0694288 0.761212
900.333 336.782 0.210982 -0.107335 0.740499
860.726 85.5048 0.0855301 -0.0721008 0.733945
926.735 172.874 0.129185 -0.118444 0.763859
745.666 427.811 0.250933 -0.0228367 0.718273
629.059 285.848 0.175356 0.0343814 0.731946
612.681 443.705 0.298401 0.0582733 0.77016
766.513 435.371 0.313027 -0.0454431 0.793019
891.501 420.856 0.283255 -0.120682 0.765699
502.235 378.968 0.20733 0.0917153 0.699803
843.155 38.7172 0.0664288 -0.0737447 0.779936
833.147 430.496 0.266978 -0.0745329 0.735706
736.931 429.245 0.268859 -0.0201359 0.741954
849.67 425.848 0.339255 -0.120432 0.834848
712.546 442.221 0.298784 -0.00656877 0.769266
625.349 288.924 0.171134 0.0343699 0.717101
883.931 124.921 0.106011 -0.0952701 0.769346
916.503 387.467 0.27423 -0.145093 0.789568
806.646 433.963 0.317529 -0.0756336 0.799031
895.864 1.72266 0.0522481 -0.0901842 0.754797
696.6 19.564 0.058287 -0.00143719 0.759223
580.084 59.5222 0.0742409 0.0535949 0.764791
836.495 144.461 0.113591 -0.0690244 0.75766
839.384 137.209 0.109204 -0.0682592 0.749836
927.802 281.779 0.169307 -0.105679 0.713221
877.438 422.361 0.264551 -0.100679 0.738905
880.855 130.161 0.10909 -0.0957074 0.774712
665.631 452.451 0.277472 0.0211099 0.733763
812.914 363.235 0.228866 -0.0624964 0.745972
550.534 33.5583 0.0612386 0.0766429 0.812992
819.144 25.3 0.0612234 -0.0570391 0.757748
633.224 41.0413 0.0668447 0.0267268 0.747819
609.183 448.523 0.288063 0.0568422 0.752317
602.336 133.85 0.100867 0.0382331 0.710087
882.882 1.32219 0.0521612 -0.0836877 0.752519
885.779 65.0057 0.0783643 -0.0929803 0.769238
743.634 424.627 0.25524 -0.0225803 0.727226
848.2 408.715 0.289639 -0.100218 0.789256
883.308 83.5414 0.086982 -0.0951747 0.777101
705.113 169.883 0.15034 -0.00722175 0.949151
694.316 48.5756 0.0624606 0.00141043 0.60195
547.177 146.062 0.106473 0.0627123 0.717509
709.671 283.747 0.173074 -0.00506061 0.7265
918.143 280.243 0.176374 -0.109555 0.733801
704.109 178.169 0.144849 -0.00513554 0.853712
537.441 522.372 0.271674 0.0786129 0.676871
785.668 521.316 0.265904 -0.0368272 0.666543
539.014 475.775 0.246101 0.0749973 0.678728
535.93 523.667 0.260203 0.0747173 0.663705
833.183 474.722 0.239822 -0.056504 0.665865
574.308 439.856 0.309414 0.0887252 0.789475
548.494 159.741 0.114919 0.0667011 0.734264
804.506 362.428 0.207534 -0.0497152 0.708782
910.47 355.433 0.229453 -0.120144 0.753234
556.174 564.738 0.334569 0.0848112 0.709259
500.046 579.925 0.389844 0.138981 0.745853
832.687 510.062 0.296721 -0.0695487 0.705501
879.834 552.568 0.326944 -0.0981608 0.703484
501.974 575.837 0.392398 0.140001 0.750983
880.497 448.29 0.277561 -0.101825 0.73212
884.495 552.101 0.342921 -0.107524 0.717781
878.202 549.834 0.328185 -0.0983422 0.706512
824.384 457.334 0.264122 -0.063394 0.708973
886.317 452.344 0.271829 -0.100896 0.72127
923.34 439.194 0.238241 -0.103782 0.687425
890.077 537.359 0.347439 -0.116675 0.732596
536.976 524.281 0.257213 0.0730406 0.660056
907.432 429.107 0.256912 -0.110615 0.721442
674.141 454.711 0.284908 0.0168001 0.740866
511.683 423.402 0.403965 0.20709 0.934222
871.91 577.245 0.398303 -0.115268 0.744526
495.512 409.282 0.225449 0.0985837 0.70276
874.223 502.189 0.307109 -0.0982339 0.721269
608.174 604.283 0.366594 0.0580291 0.707863
918.151 493.258 0.279966 -0.110949 0.697934
840.798 520.291 0.285073 -0.0682391 0.686122
897.47 462.896 0.259905 -0.097554 0.697717
844.304 517.94 0.302739 -0.0764538 0.705672
939.372 359.516 0.400117 -0.322336 1.03595
610.027 159.28 0.117628 0.0411826 0.749519
769.969 442.096 0.296121 -0.0433009 0.764362
902.694 348.154 0.224634 -0.114984 0.753217
713.341 516.391 0.275942 -0.0043348 0.681813
721.491 596.279 0.211291 -0.00342825 0.57456
559.347 560.225 0.339217 0.0852626 0.716452
781.53 464.596 0.257989 -0.0388978 0.696605
897.823 381.935 0.303758 -0.157996 0.843205
558.1 427.312 0.259624 0.0801828 0.735611
888.583 537.239 0.353424 -0.118458 0.738077
779.691 566.404 0.327345 -0.0407651 0.696797
882.334 424.926 0.260265 -0.100253 0.730449
669.179 511.941 0.267487 0.0165191 0.676531
730.526 512.57 0.305164 -0.0148303 0.714725
905.129 483.501 0.297033 -0.116022 0.724584
846.093 110.493 0.099165 -0.0762766 0.77279
904.117 426.933 0.266754 -0.115709 0.736894
879.656 10.2229 0.0552814 -0.0848538 0.760345
595.125 62.7558 0.06133 0.0920682 1.01661
659.728 526.778 0.260549 0.0198497 0.659867
871.673 126.56 0.106885 -0.0896184 0.771054
664.652 473.497 0.247501 0.0179044 0.679532
504.512 39.9857 0.0658394 0.0789802 0.733877
879.813 553.842 0.328542 -0.0985141 0.704033
556.263 182.913 0.171715 0.168082 1.081
635.357 55.7485 0.0729266 0.0277467 0.766483
859.393 419.481 0.336511 -0.129561 0.839202
544.504 438.34 0.251229 0.0813814 0.714337
556.446 428.512 0.267445 0.084405 0.745488
586.163 529.968 0.263426 0.0526779 0.662364
651.598 586.991 0.29365 0.0249594 0.657348
483.19 414.08 0.214414 0.0959781 0.68186
658.581 562.159 0.314948 0.0245685 0.69118
587.842 470.737 0.25534 0.0559947 0.692883
574.731 286.59 0.169706 0.0577363 0.717783
957.886 64.3649 0.0782099 -0.122471 0.755325
703.915 176.29 0.123039 -0.0031816 0.732029
884.432 24.3054 0.0601691 -0.0944809 0.782958
751.111 429.143 0.243661 -0.0244723 0.706808
656.104 536.37 0.252146 0.0203291 0.645409
639.36 212.039 0.168955 0.0414689 0.86345
549.22 627.092 0.345861 0.0830759 0.679348
827.352 509.077 0.273681 -0.0597356 0.681951
938.776 159.923 0.118471 -0.112677 0.737668
695.089 93.3819 0.0743059 0.00129507 0.609964
925.652 282.492 0.170419 -0.105565 0.715223
909.272 13.5182 0.0367573 -0.168967 0.951755
927.782 318.468 0.354761 -0.316394 1.07123
861.284 401.665 0.434831 -0.203452 0.995054
566.561 594.404 0.383393 0.0893371 0.728464
561.806 603.739 0.367905 0.0860858 0.710299
870.579 568.896 0.403763 -0.118587 0.755217
539.121 522.651 0.267837 0.0763173 0.672537
706.746 499.243 0.280204 -0.00147926 0.698494
950.223 471.794 0.545089 -0.338672 0.978142
780.078 513.707 0.278866 -0.0373921 0.685345
489.501 133.225 0.114102 0.131139 0.848246
511.615 61.945 0.0741017 0.107638 0.839648
624.418 239.074 0.225244 0.0815189 1.01582
594.213 202.769 0.161763 0.0726647 0.862782
889.459 142.644 0.114017 -0.0974498 0.764373
815.215 38.1458 0.0662612 -0.058 0.770349
879.763 335.587 0.236446 -0.116481 0.793206
712.285 99.3359 -0.111152 -0.0373401 1.89075
723.702 217.236 -0.105506 -0.195426 3.61432
810.337 366.223 0.206255 -0.0513067 0.702666
516.749 61.0232 0.0745125 0.0823907 0.761819
