628.968 291.866 0.179745 0.0352819 0.733347
833.376 150.831 0.118341 -0.0692511 0.765409
894.868 338.501 0.219017 -0.109282 0.752885
816.286 34.4927 0.0652634 -0.0582299 0.771082
607.566 160.476 0.118128 0.0422844 0.745663
579.901 296.06 0.183017 0.0605848 0.737363
710.265 284.526 0.177687 -0.00517899 0.735666
512.426 51.0007 0.0707626 0.0810039 0.749926
574.788 292.061 0.174048 0.0590305 0.720244
516.428 54.8889 0.0724309 0.0816478 0.758152
730.252 263.103 0.269017 -0.504519 4.93327
717.595 255.623 -0.0784664 -0.14108 5.48756
878.755 115.435 0.100585 -0.0868356 0.753201
628.702 281.183 0.170304 0.0337515 0.723196
723.756 227.802 -0.107297 -0.225407 4.00323
519.549 372.818 0.22376 0.0957294 0.733042
529.719 49.9574 0.0704515 0.0761613 0.761501
947.032 82.9881 0.0780213 -0.0775203 0.64831
579.441 48.2127 0.06999 0.0528208 0.75885
711.638 273.55 0.165838 -0.00546414 0.719021
805.034 38.9971 0.0672028 -0.0523316 0.767688
633.187 42.4267 0.067924 0.0273717 0.75011
602.18 149.28 0.108429 0.0400079 0.71575
710.387 282.396 0.181369 -0.00556871 0.74835
589.872 155.945 0.0449775 0.426164 1.90282
811.049 365.078 0.203409 -0.0501175 0.697316
528.578 444.325 0.235996 0.0810356 0.687698
807.731 29.5504 0.063527 -0.0511276 0.755103
605.809 144.43 0.107587 0.0393316 0.723098
508.014 40.0874 0.0664009 0.0799635 0.741284
898.414 327.956 0.212362 -0.110316 0.752609
841.037 136.423 0.109658 -0.0690802 0.751337
711.615 273.06 0.165755 -0.00546824 0.719454
577.152 293.744 0.177162 0.0592502 0.725863
911.832 346.601 0.214968 -0.111765 0.735043
579.629 292.797 0.178348 0.0589172 0.730015
630.019 25.575 0.0615438 0.0266294 0.73055
802.436 352.415 0.237927 -0.0621112 0.774208
559.644 170.046 0.124772 0.0686677 0.760711
579.388 52.1919 0.0716444 0.0529646 0.758564
509.101 374.831 0.212037 0.092777 0.710547
874.443 23.0858 0.0602754 -0.0885604 0.780965
851.893 101.101 0.0942342 -0.0741573 0.756169
870.808 128.169 0.10822 -0.0887631 0.770428
836.075 146.021 0.115425 -0.0693945 0.76111
901.014 335.455 0.21092 -0.107301 0.740396
861.522 83.9469 0.0854681 -0.0720666 0.733842
927.476 171.474 0.129123 -0.11841 0.763757
746.366 426.457 0.250871 -0.0228024 0.71817
629.795 284.501 0.175294 0.0344156 0.731843
613.357 442.494 0.298339 0.0583076 0.770057
767.089 434.216 0.312965 -0.0454088 0.792916
892.099 419.632 0.283193 -0.120648 0.765596
503.093 377.558 0.207268 0.0917495 0.6997
843.893 37.2179 0.0663668 -0.0737105 0.779833
833.792 429.194 0.266916 -0.0744987 0.735604
737.593 427.961 0.268797 -0.0201017 0.741851
850.182 424.78 0.339193 -0.120398 0.834745
713.173 441.01 0.298722 -0.00653454 0.769163
626.113 287.534 0.171072 0.0344041 0.716999
884.669 123.493 0.105949 -0.0952359 0.769243
917.088 386.29 0.274168 -0.145059 0.789466
807.204 432.822 0.317467 -0.0755994 0.798928
896.681 0.0961494 0.0521861 -0.0901499 0.754695
697.316 18.0432 0.058225 -0.00140296 0.75912
580.771 58.1007 0.0741789 0.0536292 0.764689
837.224 143.038 0.113529 -0.0689901 0.757557
840.128 135.757 0.109142 -0.068225 0.749733
928.563 280.332 0.169245 -0.105645 0.713119
878.076 421.066 0.264489 -0.100644 0.738802
881.582 128.752 0.109028 -0.0956732 0.774609
666.332 451.144 0.27741 0.0211442 0.733661
813.575 361.943 0.228804 -0.0624621 0.745869
551.141 32.2238 0.0611766 0.0766771 0.812889
819.906 23.7405 0.0611614 -0.0570049 0.757646
633.944 39.5393 0.0667827 0.026761 0.747717
609.887 447.268 0.288001 0.0568764 0.752214
603.125 132.34 0.100805 0.0382673 0.709984
886.543 63.5031 0.0783023 -0.0929461 0.769136
744.32 423.3 0.255178 -0.0225461 0.727123
848.775 407.546 0.289577 -0.100184 0.789153
884.053 82.0813 0.08692 -0.0951405 0.776999
705.596 168.867 0.150278 -0.00718753 0.949049
695.422 46.5027 0.0623986 0.00144465 0.601848
547.958 144.599 0.106411 0.0627465 0.717406
710.401 282.372 0.173012 -0.00502638 0.726398
918.868 278.859 0.176312 -0.109521 0.733698
704.679 177.016 0.144787 -0.00510131 0.853609
538.333 520.865 0.271612 0.0786471 0.676768
786.427 519.785 0.265842 -0.0367929 0.66644
539.898 474.286 0.246039 0.0750316 0.678626
536.852 522.11 0.260141 0.0747515 0.663603
833.946 473.189 0.23976 -0.0564698 0.665763
574.983 438.691 0.309352 0.0887594 0.789372
549.244 158.338 0.114857 0.0667353 0.734161
805.232 361.024 0.207472 -0.0496809 0.70868
911.123 354.15 0.229391 -0.12011 0.753132
556.99 563.322 0.334507 0.0848454 0.709156
500.865 578.591 0.389782 0.139015 0.745751
833.348 508.673 0.296659 -0.0695145 0.705399
880.46 551.172 0.326882 -0.0981266 0.703381
502.783 574.519 0.392336 0.140035 0.750881
881.132 446.98 0.277499 -0.101791 0.732018
885.092 550.75 0.342859 -0.10749 0.717679
878.824 548.448 0.328123 -0.0983079 0.706409
825.066 455.954 0.26406 -0.0633597 0.70887
886.967 451.003 0.271767 -0.100862 0.721168
924.058 437.737 0.238179 -0.103747 0.687322
890.655 536.055 0.347377 -0.116641 0.732494
537.905 522.71 0.257151 0.0730748 0.659954
908.094 427.761 0.25685 -0.110581 0.72134
674.826 453.424 0.284846 0.0168344 0.740763
512.27 422.492 0.403903 0.207125 0.93412
872.449 575.961 0.398241 -0.115234 0.744424
496.372 407.884 0.225387 0.098618 0.702658
874.847 500.852 0.307047 -0.0981997 0.721167
608.944 602.846 0.366532 0.0580634 0.707761
918.815 491.848 0.279904 -0.110915 0.697832
841.491 518.836 0.285011 -0.0682049 0.68602
898.156 461.48 0.259843 -0.0975197 0.697614
844.957 516.552 0.302677 -0.0764196 0.70557
939.784 358.713 0.400055 -0.322302 1.03585
610.741 157.905 0.117566 0.0412169 0.749417
770.582 440.873 0.296059 -0.0432667 0.764259
903.35 346.868 0.224572 -0.11495 0.753114
714.102 514.914 0.27588 -0.00430057 0.681711
722.544 594.264 0.211229 -0.00339402 0.574457
560.147 558.833 0.339155 0.0852969 0.716349
782.247 463.175 0.257927 -0.0388636 0.696502
898.349 380.869 0.303696 -0.157962 0.843103
558.863 426.013 0.259562 0.0802171 0.735509
889.153 535.95 0.353362 -0.118424 0.737974
780.367 564.973 0.327283 -0.0407309 0.696695
882.984 423.607 0.260203 -0.100219 0.730346
669.978 510.442 0.267425 0.0165533 0.676428
731.213 511.203 0.305102 -0.0147961 0.714622
905.752 482.174 0.296971 -0.115988 0.724481
846.816 109.067 0.099103 -0.0762424 0.772687
904.754 425.633 0.266692 -0.115674 0.736791
880.451 8.62741 0.0552194 -0.0848195 0.760242
595.533 61.7278 0.0612681 0.0921024 1.0165
660.568 525.213 0.260487 0.019884 0.659765
872.403 125.141 0.106823 -0.0895841 0.770952
665.455 472.014 0.247439 0.0179387 0.67943
505.255 38.4867 0.0657774 0.0790144 0.733774
880.437 552.448 0.32848 -0.0984799 0.703931
556.655 182.095 0.171653 0.168116 1.0809
636.045 54.3091 0.0728646 0.0277809 0.766381
859.903 418.42 0.336449 -0.129527 0.8391
545.313 436.976 0.251167 0.0814157 0.714234
557.194 427.24 0.267383 0.0844392 0.745385
587.048 528.407 0.263364 0.0527121 0.662262
652.439 585.397 0.293588 0.0249937 0.657245
484.102 412.609 0.214352 0.0960123 0.681757
659.346 560.698 0.314887 0.0246027 0.691077
588.663 469.3 0.255278 0.0560289 0.69278
575.511 285.208 0.169644 0.0577705 0.717681
958.71 62.8058 0.0781479 -0.122437 0.755223
704.655 174.859 0.122977 -0.00314737 0.731927
885.194 22.7781 0.0601071 -0.0944467 0.782855
751.831 427.753 0.243599 -0.024438 0.706705
656.981 534.742 0.252084 0.0203634 0.645307
639.917 210.947 0.168893 0.0415031 0.863347
550.099 625.543 0.345799 0.0831101 0.679246
828.064 507.607 0.273619 -0.0597013 0.681848
939.565 158.438 0.118409 -0.112643 0.737565
696.156 91.3957 0.0742439 0.00132929 0.609861
926.408 281.052 0.170357 -0.105531 0.715121
909.913 12.2163 0.0366953 -0.168933 0.951653
928.204 317.675 0.354699 -0.31636 1.07112
861.676 400.834 0.434769 -0.203418 0.994951
567.336 593.025 0.383331 0.0893713 0.728362
562.616 602.303 0.367843 0.08612 0.710196
871.107 567.643 0.403701 -0.118553 0.755115
540.02 521.129 0.267775 0.0763516 0.672435
707.481 497.826 0.280142 -0.00144503 0.698391
950.576 470.956 0.545027 -0.338638 0.978039
780.8 512.246 0.278804 -0.0373579 0.685243
490.085 132.08 0.11404 0.131173 0.848144
512.19 60.7073 0.0740397 0.107672 0.839545
624.85 238.216 0.225182 0.0815531 1.01572
594.775 201.679 0.161701 0.072699 0.86268
890.198 141.222 0.113955 -0.0974156 0.764271
815.953 36.6341 0.0661992 -0.0579658 0.770247
880.37 334.396 0.236384 -0.116447 0.793104
712.475 98.661 -0.111214 -0.0373059 1.89064
723.796 216.914 -0.105568 -0.195392 3.61422
811.073 364.8 0.206193 -0.0512725 0.702564
517.442 59.6161 0.0744505 0.0824249 0.761716
