714.878 416.57 0.288294 -0.0126556 0.928347
635.948 417.108 0.289804 0.063384 0.933364
596.414 204.691 0.0906919 0.0774117 0.924684
790.162 389.683 0.265006 -0.0847286 0.93447
783.239 350.428 0.212 -0.0715759 0.907112
712.607 292.583 0.16189 -0.0128392 0.914373
913.558 133.385 0.0430108 -0.172838 0.935488
514.862 146.2 0.0460027 0.141725 0.943801
851.078 72.1457 0.00608931 -0.105144 0.881231
867.583 288.783 0.16292 -0.142296 0.918089
570.179 358.149 0.218924 0.112437 0.917638
571.924 127.855 0.033223 0.0960182 0.948034
614.151 298.715 0.164015 0.0676265 0.910789
651.839 294.946 0.162247 0.0370295 0.912984
568.311 359.394 0.215668 0.1108 0.908024
499.094 312.619 0.154537 0.135889 0.853624
852.36 327.441 0.206821 -0.141493 0.943106
741.909 399.247 0.259318 -0.036846 0.909711
799.563 403.992 0.245611 -0.0807739 0.87629
519.382 136.546 0.0385893 0.140317 0.952585
574.001 125.983 0.0314824 0.0959084 0.954477
638.474 195.078 0.0836212 0.0428877 0.918807
573.832 128.298 0.0332538 0.0959989 0.953512
771.516 11.8661 -0.0481558 -0.0639649 0.968329
516.827 54.7364 -0.0277425 0.14861 0.996216
535.634 332.144 0.207815 0.154234 0.953776
560.488 118.679 0.0193918 0.127027 1.02401
902.513 136.118 0.0434912 -0.180095 0.973352
836.226 171.549 0.0701325 -0.114142 0.9356
663.524 1.60578 -0.0520632 0.0187647 0.952179
806.022 402.132 0.273235 -0.0981461 0.925085
836.412 93.6685 0.0123188 -0.114127 0.950128
660.357 124.679 0.0308296 0.0275585 0.969501
712.937 287.014 0.156628 -0.0131828 0.912454
904.238 208.45 0.0918592 -0.144062 0.867748
817.68 99.3128 0.018392 -0.0939598 0.925545
574.895 56.672 -0.0189235 0.0910523 0.961927
617.907 123.25 0.0303861 0.0597034 0.950694
618.991 126.054 0.0322741 0.0595449 0.953701
665.465 4.77865 -0.0535285 0.0183211 0.9659
653.336 291.515 0.160766 0.0362351 0.917831
598.22 59.3399 -0.0139677 0.069749 0.945741
600.013 204.97 0.0923564 0.0780115 0.93962
807.574 188.669 0.0822787 -0.0900536 0.927743
700.254 6.68682 -0.0488091 -0.00844647 0.953837
836.705 26.5187 -0.0349095 -0.112834 0.956865
863.49 312.425 0.185969 -0.143316 0.924664
806.951 188.205 0.0825585 -0.0915925 0.937179
808.505 185.214 0.0799896 -0.0917881 0.932871
655.393 293.772 0.168054 0.0369336 0.935971
637.212 200.419 0.0884429 0.0455535 0.928369
605.764 199.844 0.0889716 0.0744834 0.946935
912.512 205.273 0.0983047 -0.181436 0.940629
816.84 14.2575 -0.0957566 -0.139448 1.13906
904.655 132.739 0.0424103 -0.165736 0.935403
709.775 62.0287 -0.0148743 -0.015023 0.970545
910.898 135.072 0.0439665 -0.174113 0.943043
791.459 33.6876 -0.0469759 -0.0906701 1.02798
792.584 347.274 0.216186 -0.0826459 0.922729
815.067 201.077 0.104017 -0.142924 1.10705
530.928 147.216 -0.0671552 0.479241 1.65475
520.618 239.549 0.117261 0.142831 0.92838
836.197 394.489 0.269673 -0.128031 0.931391
618.227 127.41 0.0332181 0.0603933 0.954515
656.538 119.988 0.0292171 0.0278313 0.941428
791.787 91.9554 -0.107757 -0.187963 1.46183
782.364 111.806 0.0244635 -0.0719861 0.95126
727.185 88.4176 -0.149959 -0.0606815 1.55561
716.675 93.308 -0.233008 -0.0421909 1.77806
757.224 77.8747 -0.159674 -0.126565 1.53327
752.625 53.049 -0.251161 -0.128951 1.63533
836.257 54.4678 -0.0539789 -0.161756 1.12843
758.02 75.4462 -0.157753 -0.125855 1.51762
812.973 39.5557 -0.0933105 -0.153862 1.20775
782.343 69.0027 -0.221754 -0.206316 1.64113
796.369 79.9682 -0.103096 -0.178097 1.39151
774.308 94.8593 -0.244239 -0.22734 1.816
603.6 78.4692 -0.00358884 0.0704883 0.963942
765.769 106.912 -0.0996705 -0.144682 1.51484
922.347 208.5 0.0965351 -0.171767 0.901694
813.352 177.054 0.07265 -0.0901095 0.909755
760.307 415.947 0.289214 -0.0560736 0.928762
771.007 85.284 -0.232175 -0.199181 1.73933
832.681 409 0.311275 -0.139939 0.971665
721.607 89.1924 -0.257234 -0.0587422 1.80933
727.531 79.0532 -0.144981 -0.058153 1.49865
843.948 174.188 0.0726339 -0.123212 0.944701
789.663 96.3173 -0.106123 -0.188267 1.47902
745.868 101.972 -0.0616912 -0.0824963 1.3603
815.873 157.889 0.0596132 -0.101365 0.953437
716.514 92.7872 -0.228803 -0.041398 1.76596
649.582 83.0611 -0.00230059 0.0358723 0.982347
735.057 139.88 -0.351474 -0.155946 2.347
524.69 145.727 0.0454184 0.138826 0.95706
787.071 106.05 -0.104231 -0.195232 1.52592
794.502 31.1687 -0.0440937 -0.0897653 1.00856
516.588 130.161 0.0340739 0.140001 0.947928
782.044 109.752 0.0229523 -0.0717091 0.951425
836.771 90.8253 0.0103256 -0.114222 0.949963
615.695 123.913 0.0315799 0.0593941 0.938785
614.961 295.311 0.160981 0.0665736 0.910204
759.604 414.81 0.292344 -0.0562903 0.935561
853.291 396.876 0.282918 -0.151294 0.948387
538.005 165.864 0.0610166 0.123136 0.936646
857.867 327.339 0.199726 -0.139773 0.924879
551.637 21.4752 -0.102189 0.168486 1.16514
541.08 170.181 0.0645792 0.126324 0.951534
785.895 64.3697 -0.210044 -0.203808 1.59562
758.487 69.2297 -0.159416 -0.123132 1.49495
568.564 73.2005 -0.00399662 0.0914198 0.938591
714.235 290.279 0.161287 -0.0142832 0.918964
773.374 74.632 -0.22515 -0.190691 1.67313
721.525 72.1468 -0.251969 -0.0548471 1.71558
792.809 101.845 0.0186956 -0.07764 0.93764
539.963 428.866 0.160076 0.0672739 0.708178
603.277 415.231 0.297365 0.0995824 0.949965
842.514 95.9469 0.0121022 -0.12402 0.967695
643.404 68.4447 -0.0108009 0.0385964 0.968
644.187 69.4219 -0.0113448 0.0388883 0.975557
587.988 401.988 0.260548 0.100912 0.914059
484.013 54.3323 -0.0226331 0.163658 0.966645
618.396 126.198 0.0322918 0.0602569 0.954981
659.183 219.521 0.119756 0.0465819 1.08159
702.219 98.9613 0.0128868 -0.00818051 0.961895
880.443 200.34 0.0923159 -0.14839 0.925679
522.032 421.099 0.33481 0.210162 0.999728
599.162 422.957 0.281145 0.0926624 0.911887
795.05 419.662 0.282592 -0.0854633 0.91098
863.323 401.016 0.258205 -0.141484 0.899484
499.66 424.784 0.296924 0.197452 0.937348
744.166 119.099 -0.324864 -0.173576 2.13185
641.59 216.21 0.0974229 0.0391653 0.900751
781.099 115.836 0.026725 -0.0724376 0.959954
795.287 417.505 0.283277 -0.0866156 0.915503
522.068 303.726 0.169309 0.147013 0.920238
657.263 118.979 0.0284681 0.0272766 0.942005
795.846 419.99 0.283525 -0.0864042 0.911836
797.485 17.0009 -0.0232858 -0.0669517 0.868045
848.264 26.9573 -0.0474012 -0.137543 1.01228
483.98 160.212 0.0328842 0.0475056 0.612175
502.893 41.0345 -0.0286051 0.141925 0.952552
489.162 133.941 0.0344304 0.177473 0.982292
761.462 99.8539 -0.133409 -0.144138 1.57306
734.88 79.6858 -0.224954 -0.0901408 1.69338
737.803 397.215 0.257959 -0.033291 0.911076
850.272 431.781 0.336688 -0.15944 0.96595
852.19 331.522 0.209852 -0.140793 0.940612
764.789 76.8795 -0.243704 -0.177158 1.72305
763.318 420.712 0.282703 -0.0565002 0.910828
821.537 39.0444 -0.174957 -0.22783 1.42158
754.796 98.9634 -0.103242 -0.114814 1.48105
778.044 347.295 0.213685 -0.0689007 0.917788
762.65 419.004 0.279143 -0.0554845 0.908149
835.031 63.4225 -0.0117771 -0.116308 0.96843
636.019 450.233 0.322486 0.0649017 0.926333
658.776 66.744 -0.0107481 0.025617 0.961679
707.386 203.781 0.0874594 -0.0100996 0.882251
767.612 423.113 0.275651 -0.0582488 0.896181
741.973 113.829 -0.273044 -0.145324 1.98829
739.52 133.539 -0.106621 -0.10568 1.70603
644.311 195.035 0.085485 0.0414932 0.942591
563.114 60.2602 -0.0163379 0.100187 0.960421
713.897 6.18624 -0.0495089 -0.0187364 0.956005
660.502 120.667 0.0287736 0.0260387 0.955903
617.006 296.683 0.166372 0.0680285 0.924259
524.741 228.298 0.107285 0.135154 0.921096
714.995 415.941 0.288697 -0.0127949 0.930034
509.053 52.0699 -0.0247282 0.145347 0.971089
675.338 457.147 0.327662 0.026494 0.921016
713.579 418.998 0.288103 -0.0113456 0.924028
910.049 134.976 0.0438118 -0.174347 0.945215
776.308 393.255 0.257278 -0.0682466 0.915073
562.178 59.3254 -0.0170381 0.100901 0.960666
589.266 400.396 0.265205 0.103085 0.924799
599.085 63.1648 -0.012297 0.0704361 0.951214
832.275 67.7688 -0.0102873 -0.116775 0.978074
592.174 461.04 0.282735 0.0866182 0.860068
666.969 145.873 -0.0123121 0.0731222 1.44468
525.608 304.67 0.17297 0.148051 0.929093
723.43 614.411 0.205315 -0.0109899 0.646048
725.421 609.832 0.207053 -0.0118757 0.650082
761.772 449.243 0.32179 -0.0572066 0.921686
880.384 293.471 0.150472 -0.132001 0.863568
860.711 401.227 0.26873 -0.146119 0.916721
570.078 80.199 -0.00188237 0.0956962 0.957385
643.007 616.081 0.205368 0.0191144 0.646411
560.916 381.435 0.235773 0.119512 0.907108
726.658 467.506 0.312665 -0.0216609 0.885625
711.441 242.459 0.168192 -0.0150969 1.24719
558.565 42.7641 -0.0269753 0.100327 0.953664
527.14 428.547 0.330518 0.194266 0.978906
629.192 423.671 0.271631 0.0617799 0.894853
907.315 131.795 0.0410587 -0.175438 0.953752
506.647 407.862 0.162337 0.0898553 0.732864
835.394 485.134 0.365103 -0.131306 0.919293
628.427 428.435 0.269896 0.060678 0.885043
834.469 59.8931 -0.0156778 -0.117723 0.976286
794.61 447.323 0.325775 -0.0905573 0.928449
823.553 46.633 -0.0197039 -0.101194 0.946857
797.368 419.399 0.277895 -0.085968 0.904135
594.983 402.972 0.267255 0.0977107 0.923432
609.631 484.491 0.395819 0.106904 0.962934
607.441 445.741 0.330961 0.0980949 0.945896
679.58 427.217 0.267032 0.0172689 0.880466
617.671 298.714 0.16709 0.0668672 0.920689
959.764 348.867 0.266373 -0.298194 1.01883
942.542 632.986 0.202796 -0.088053 0.63187
709.084 214.735 0.115385 -0.0121466 1.07881
711.159 59.4559 -0.015984 -0.0161137 0.966616
864.49 285.646 0.163777 -0.144151 0.930801
838.183 94.6213 0.0125481 -0.116756 0.954484
498.062 454.003 0.36369 0.233422 0.979569
501.656 452.141 0.37013 0.236418 0.990778
517.085 448.771 0.395703 0.24188 1.02826
915.533 13.1584 -0.0259695 -0.142125 0.878065
837.535 26.3833 -0.0342032 -0.112541 0.953255
818.209 152.791 0.0557436 -0.100629 0.943203
805.309 402.875 0.274872 -0.0978856 0.926504
644.206 218.171 0.100732 0.0391746 0.914925
574.628 77.5149 0.00174947 0.082121 0.917434
517.066 449.346 0.396771 0.242232 1.02848
705.795 171.56 0.0617779 -0.00924719 0.819727
702.506 92.5578 0.0116059 -0.00856757 0.932151
859.211 596.132 0.217305 -0.0673251 0.665851
681.989 423.664 0.279039 0.0169746 0.904024
861.683 340.659 0.223143 -0.154139 0.949855
712.9 237.605 0.168182 -0.0184975 1.34421
591.467 471.26 0.541701 0.204501 1.13884
555.462 457.667 0.442859 0.215894 1.06482
502.234 452.929 0.369431 0.234425 0.988477
776.391 393.362 0.260559 -0.0692886 0.920594
783.447 350.999 0.213806 -0.072293 0.909953
838.008 401.817 0.315165 -0.152437 0.99161
659.016 260.437 0.224527 0.112727 1.45337
861.317 338.963 0.212966 -0.145836 0.929979
840.652 415.711 0.29093 -0.133043 0.928158
520.118 418.317 0.329736 0.210512 0.997822
858.77 399.328 0.268527 -0.145361 0.919761
523.644 210.756 0.0974944 0.149037 0.959192
892.801 199.036 0.0873696 -0.142181 0.885095
948.367 74.0627 0.000296034 -0.200321 0.948732
603.056 448.676 0.328243 0.100319 0.937772
642.737 62.2428 -0.0141546 0.0381138 0.96195
832.46 480.108 0.376811 -0.135267 0.939307
532.667 340.351 0.210736 0.152439 0.940698
956.192 379.622 0.309446 -0.305956 1.0241
891.353 63.0478 -0.00820538 -0.15514 0.949609
542.397 97.3252 0.0103935 0.117749 0.95287
780.714 117.197 0.027777 -0.0720694 0.959421
499.443 58.1455 0.000514865 0.101534 0.827339
914.31 208.505 0.0997459 -0.178326 0.929818
711.605 243.555 0.170866 -0.015365 1.25526
810.751 472.339 0.290081 -0.0860104 0.848402
825.553 442.194 0.361985 -0.139268 0.982226
603.207 414.997 0.295503 0.0988518 0.947486
700.157 80.5572 0.00116874 -0.00695718 0.95023
608.729 178.835 0.073677 0.0803538 0.993866
680.624 233.189 0.145728 0.131568 2.01314
537.63 326.353 0.205062 0.155001 0.961889
950.22 404.101 0.352279 -0.315457 1.0371
716.763 492.802 0.373636 -0.0128465 0.922718
837.416 169.396 0.0682379 -0.112672 0.927316
645.199 460.694 0.324606 0.0543024 0.913161
833.923 392.327 0.27975 -0.132956 0.952735
934.258 356.969 0.321007 -0.332864 1.10857
616.189 42.4736 -0.0323969 0.0612143 0.982588
580.458 29.4021 -0.0357469 0.0829099 0.954725
804.955 10.7068 -0.0455509 -0.0877712 0.956265
844.969 427.578 0.352111 -0.164995 0.994803
545.192 120.128 0.02588 0.121954 0.965378
625.493 123.738 -0.00937605 0.111199 1.25601
569.539 214.898 0.113923 0.353802 1.5466
954.094 403.05 0.344195 -0.312335 1.02712
660.635 75.3556 -0.00910529 0.0268766 0.989895
589.961 399.985 0.604872 0.341235 1.43192
840.019 471.46 0.402339 -0.158985 0.980207
683.214 457.593 0.284012 0.0141732 0.863005
748.366 404.148 0.243907 -0.0392811 0.87525
840.118 85.7102 0.00903387 -0.111391 0.930614
603.502 449.142 0.3309 0.100827 0.940523
656.14 89.8593 0.00429793 0.0296922 0.972003
655.321 86.2873 0.00338437 0.0289794 0.959164
701.193 144.183 0.0369559 -0.00682929 0.670229
526.842 304.607 0.173426 0.147666 0.930651
654.052 80.547 0.00197412 0.0278533 0.939347
651.994 66.2375 -0.008087 0.0290729 0.942226
651.004 63.327 -0.00920947 0.0291813 0.936941
555.6 122.258 0.025676 0.121045 0.989386
852.95 16.2011 -0.0467714 -0.131101 0.978778
625.878 428.475 0.272298 0.0636515 0.888727
701.166 84.335 0.00715766 -0.00774184 0.922731
675.063 492.252 0.351704 0.0265875 0.901095
764.874 492.687 0.381858 -0.0626744 0.929771
525.844 73.8538 -0.0180678 0.152877 1.02256
554.709 3.89534 -0.055086 0.102796 0.964541
836.71 58.2936 -0.0132745 -0.114178 0.956141
914.709 133.623 0.0432906 -0.172502 0.93255
525.483 202.236 0.0922675 0.156813 0.985129
544.191 111.529 0.0217038 0.113714 0.939969
913.253 211.972 0.102819 -0.179088 0.93259
782.281 349.812 0.21236 -0.071129 0.909244
616.623 91.629 0.00572153 0.0613936 0.966563
953.204 345.366 0.272956 -0.307133 1.04319
604.09 221.05 0.101882 0.0698974 0.912223
586.524 69.971 -0.00976199 0.0833283 0.96342
783.849 612.755 0.208688 -0.0341171 0.64949
762.674 454.469 0.312944 -0.0554349 0.902468
635.604 452.552 0.32092 0.0642799 0.920773
680.109 182.241 -0.00148222 -0.00301733 0.423324
843.942 129.024 0.0380409 -0.122739 0.952373
653.68 363.63 0.216535 0.0373211 0.897267
844.813 36.6302 -0.054745 -0.152242 1.0707
628.107 184.398 0.067966 0.0355438 0.820199
721.943 458.047 0.324557 -0.0183937 0.913864
682.04 448.626 0.325495 0.0204565 0.930834
726.004 599.619 0.214016 -0.01253 0.662591
880.56 372.824 0.254426 -0.173298 0.943544
894.469 296.913 0.140363 -0.126204 0.823159
875.213 372.814 0.26467 -0.177035 0.963248
824.629 396.557 0.268353 -0.115491 0.925958
533.275 57.5114 -0.0279368 0.139162 1.00843
880.461 374.92 0.25509 -0.17209 0.940564
655.531 84.9368 0.00362062 0.0279025 0.950052
840.68 472.329 0.404654 -0.160359 0.981318
683.558 490.936 0.382235 0.0217763 0.935814
592.457 425.676 0.270978 0.0927502 0.892279
816.327 408.127 0.249702 -0.0945322 0.876087
836.348 171.872 0.0702861 -0.113555 0.933073
878.565 154.43 0.0579674 -0.151531 0.948176
634.192 3.30681 -0.047055 0.038548 0.935
690.389 205.982 0.0146344 -0.00388777 0.478106
627.898 165.981 0.058215 0.0357814 0.826489
612.976 71.0494 -0.00769113 0.0613583 0.957427
630.755 77.7216 -0.00172079 0.0467582 0.950005
867.095 291.899 0.164571 -0.140855 0.914639
634.222 263.327 0.171965 0.0819669 1.08848
836.973 407.237 0.354019 -0.170714 1.03947
914.217 168.205 0.0690187 -0.178743 0.940072
836.708 406.659 0.355225 -0.171542 1.04256
577.309 342.102 0.337676 0.233164 1.23418
743.46 100.371 -0.260111 -0.13647 1.87839
632.626 230.184 0.14681 0.273797 1.79282
509.219 34.4447 -0.0291749 0.130112 0.934755
636.699 202.823 0.0903188 0.0461512 0.9287
717.609 105.047 -0.243155 -0.0471746 1.86638
881.303 374.013 0.254884 -0.173434 0.94196
792.223 412.404 0.298887 -0.0909626 0.948337
709.629 60.7026 -0.014564 -0.0148236 0.963374
613.19 228.696 0.11521 0.0742956 0.964371
571.269 128.833 0.0340015 0.0962757 0.946731
791.86 106.672 0.0214008 -0.0783977 0.945333
834.328 411.125 0.303699 -0.136297 0.956006
745.045 109.28 -0.286832 -0.157001 1.98861
730.572 109.033 -0.302516 -0.10317 2.01806
580.521 123.897 0.0304002 0.0891288 0.949077
663.989 10.6947 -0.0501874 0.0198175 0.968017
600.135 67.2451 -0.0103483 0.0709486 0.956456
712.469 291.938 0.164434 -0.0128431 0.924972
863.878 340.961 0.209697 -0.143538 0.917662
903.413 133.953 0.0432504 -0.165137 0.93607
614.96 301.583 0.1682 0.0684165 0.916367
652.857 297.941 0.167807 0.0376486 0.922835
680.342 416.671 0.287827 0.02026 0.92902
532.705 327.823 0.200323 0.152525 0.945423
572.384 358.341 0.222441 0.113062 0.924841
513.502 129.173 0.0334433 0.141392 0.945525
