629.399 289.654 0.18 0.0354007 0.733807
834.207 148.313 0.118596 -0.0691324 0.765869
895.726 336.533 0.219273 -0.109163 0.753345
817.124 31.5518 0.0655188 -0.0581112 0.771542
607.939 157.895 0.118383 0.0424032 0.746123
580.24 293.884 0.183273 0.0607036 0.737823
710.843 282.303 0.177942 -0.00506025 0.736126
512.571 48.0357 0.071018 0.0811226 0.750386
575.139 289.77 0.174303 0.0591493 0.720703
516.573 51.9907 0.0726863 0.0817665 0.758612
730.301 262.856 0.269272 -0.5044 4.93373
717.625 255.375 -0.078211 -0.140961 5.48802
879.735 112.708 0.100841 -0.0867169 0.753661
629.148 278.875 0.170559 0.0338702 0.723656
723.811 227.433 -0.107041 -0.225288 4.00369
519.809 370.837 0.224015 0.0958482 0.733502
529.89 47.0584 0.0707069 0.07628 0.761961
948.518 79.2791 0.0782767 -0.0774016 0.64877
579.728 45.2845 0.0702453 0.0529395 0.75931
712.251 271.19 0.166094 -0.0053454 0.719481
805.848 36.0567 0.0674582 -0.0522129 0.768148
633.612 39.414 0.0681794 0.0274905 0.75057
602.586 146.461 0.108684 0.0401266 0.716209
710.945 280.237 0.181625 -0.00544997 0.74881
589.824 155.143 0.0452329 0.426283 1.90328
811.862 362.865 0.203665 -0.0499987 0.697776
528.917 442.262 0.236251 0.0811544 0.688157
808.579 26.4944 0.0637823 -0.0510089 0.755563
606.211 141.643 0.107842 0.0394503 0.723558
508.157 37.022 0.0666563 0.0800823 0.741744
899.287 325.956 0.212618 -0.110197 0.753069
841.92 133.769 0.109914 -0.0689615 0.751797
712.228 270.701 0.16601 -0.0053495 0.719914
577.5 291.493 0.177418 0.0593689 0.726323
912.754 344.563 0.215223 -0.111646 0.735503
579.976 290.569 0.178604 0.059036 0.730475
630.468 22.3606 0.0617991 0.0267482 0.731009
803.085 350.589 0.238183 -0.0619925 0.774668
559.901 167.591 0.125028 0.0687865 0.761171
579.676 49.278 0.0718998 0.0530833 0.759024
509.367 372.725 0.212292 0.0928957 0.711007
875.416 20.1455 0.0605308 -0.0884416 0.781425
852.812 98.3381 0.0944896 -0.0740386 0.756629
871.728 125.59 0.108476 -0.0886444 0.770888
836.923 143.46 0.115681 -0.0692758 0.761569
901.913 333.413 0.211176 -0.107182 0.740856
862.522 80.9732 0.0857235 -0.0719478 0.734302
928.507 169.015 0.129378 -0.118291 0.764217
746.991 424.541 0.251126 -0.0226837 0.71863
630.23 282.257 0.175549 0.0345344 0.732303
613.72 440.861 0.298594 0.0584263 0.770517
767.618 432.665 0.31322 -0.0452901 0.793376
892.86 417.941 0.283449 -0.120529 0.766056
503.362 375.391 0.207524 0.0918683 0.70016
844.784 34.3341 0.0666222 -0.0735917 0.780293
834.518 427.381 0.267171 -0.0743799 0.736064
738.162 426.173 0.269053 -0.019983 0.742311
850.764 423.359 0.339448 -0.120279 0.835205
713.662 439.375 0.298977 -0.0064158 0.769623
626.563 285.207 0.171327 0.0345229 0.717459
885.626 120.889 0.106204 -0.0951171 0.769703
917.87 384.619 0.274423 -0.14494 0.789925
807.777 431.292 0.317722 -0.0754807 0.799388
697.885 14.9778 0.0584804 -0.00128422 0.75958
581.054 55.2472 0.0744343 0.0537479 0.765149
838.082 140.446 0.113785 -0.0688714 0.758017
841.013 133.091 0.109397 -0.0681062 0.750193
929.629 277.952 0.169501 -0.105526 0.713579
878.871 419.251 0.264744 -0.100526 0.739262
882.518 126.197 0.109283 -0.0955544 0.775069
666.807 449.366 0.277665 0.0212629 0.734121
814.288 360.005 0.22906 -0.0623434 0.746329
551.301 29.5305 0.061432 0.0767958 0.813349
820.783 20.6741 0.0614168 -0.0568861 0.758106
634.375 36.4991 0.0670381 0.0268798 0.748176
610.264 445.566 0.288256 0.0569952 0.752674
603.543 129.414 0.10106 0.0383861 0.710444
887.544 60.6617 0.0785577 -0.0928273 0.769596
744.926 421.425 0.255433 -0.0224273 0.727583
849.437 405.924 0.289832 -0.100065 0.789613
885.02 79.3584 0.0871753 -0.0950217 0.777459
705.954 167.129 0.150533 -0.00706879 0.949509
696.383 42.053 0.062654 0.00156339 0.602307
548.242 141.777 0.106667 0.0628653 0.717866
710.996 280.086 0.173267 -0.00490764 0.726857
919.863 276.602 0.176567 -0.109402 0.734158
705.115 175.002 0.145043 -0.00498257 0.854069
538.714 518.918 0.271867 0.0787659 0.677228
787.19 517.788 0.266097 -0.0366742 0.6669
540.271 472.241 0.246294 0.0751503 0.679086
537.248 520.08 0.260397 0.0748702 0.664063
834.82 471.071 0.240015 -0.056351 0.666223
575.284 437.126 0.309608 0.0888781 0.789832
549.51 155.682 0.115112 0.066854 0.734621
806.009 358.872 0.207727 -0.0495622 0.70914
911.997 352.229 0.229646 -0.119991 0.753591
557.364 561.642 0.334762 0.0849641 0.709616
501.168 577.086 0.390038 0.139134 0.746211
834.087 506.89 0.296914 -0.0693958 0.705859
881.237 549.473 0.327137 -0.0980079 0.703841
503.083 573.029 0.392591 0.140154 0.751341
881.926 445.196 0.277755 -0.101672 0.732477
885.838 549.122 0.343115 -0.107372 0.718139
879.592 546.759 0.328379 -0.0981892 0.706869
825.82 454.064 0.264315 -0.063241 0.70933
887.793 449.173 0.272022 -0.100743 0.721628
925.052 435.674 0.238434 -0.103629 0.687782
891.384 534.467 0.347633 -0.116522 0.732953
538.308 520.656 0.257406 0.0731936 0.660414
908.973 425.873 0.257106 -0.110462 0.7218
675.302 451.687 0.285101 0.0169531 0.741223
512.445 421.316 0.404159 0.207243 0.934579
873.093 574.492 0.398497 -0.115115 0.744884
496.637 405.819 0.225642 0.0987367 0.703118
875.614 499.137 0.307302 -0.0980809 0.721627
609.376 601.23 0.366787 0.0581821 0.70822
919.718 489.99 0.280159 -0.110796 0.698291
842.286 516.967 0.285266 -0.0680862 0.68648
899.054 459.543 0.260098 -0.097401 0.698074
845.707 514.788 0.302933 -0.0763008 0.70603
940.322 357.636 0.400311 -0.322183 1.03631
611.116 155.338 0.117822 0.0413356 0.749877
771.155 439.219 0.296315 -0.0431479 0.764719
904.216 344.926 0.224827 -0.114831 0.753574
714.721 512.998 0.276135 -0.00418183 0.682171
723.483 591.641 0.211484 -0.00327528 0.574917
560.517 557.18 0.33941 0.0854156 0.716809
782.958 461.229 0.258183 -0.0387449 0.696962
899.019 379.382 0.303952 -0.157844 0.843563
559.189 424.18 0.259817 0.0803358 0.735969
889.868 534.386 0.353617 -0.118305 0.738434
781.02 563.256 0.327538 -0.0406121 0.697155
883.804 421.756 0.260459 -0.1001 0.730806
670.544 508.48 0.26768 0.0166721 0.676888
731.791 509.466 0.305357 -0.0146774 0.715082
906.571 480.436 0.297227 -0.115869 0.724941
847.688 106.43 0.0993584 -0.0761237 0.773147
905.593 423.821 0.266947 -0.115556 0.737251
881.488 5.50447 0.0554748 -0.0847008 0.760702
595.648 59.8181 0.0615234 0.0922212 1.01696
661.152 523.174 0.260743 0.0200027 0.660225
873.327 122.553 0.107079 -0.0894654 0.771411
666.016 469.976 0.247695 0.0180574 0.679889
505.4 35.3635 0.0660328 0.0791332 0.734234
881.211 550.754 0.328735 -0.0983611 0.704391
556.717 180.7 0.171909 0.168235 1.08136
636.453 51.4439 0.07312 0.0278996 0.766841
860.496 417 0.336704 -0.129408 0.83956
545.644 435.055 0.251423 0.0815344 0.714694
557.508 425.459 0.267638 0.084558 0.745845
587.519 526.387 0.26362 0.0528308 0.662722
653.004 583.477 0.293844 0.0251124 0.657705
484.37 410.419 0.214607 0.096131 0.682217
659.861 558.93 0.315142 0.0247215 0.691537
589.086 467.335 0.255534 0.0561477 0.69324
575.866 282.879 0.169899 0.0578893 0.71814
959.922 59.8712 0.0784033 -0.122318 0.755682
705.255 172.238 0.123232 -0.00302863 0.732387
886.191 19.8453 0.0603625 -0.0943279 0.783315
752.487 425.775 0.243855 -0.0243193 0.707165
657.59 532.621 0.25234 0.0204821 0.645767
640.226 209.08 0.169149 0.0416218 0.863807
550.509 623.815 0.346054 0.0832288 0.679706
828.858 505.684 0.273874 -0.0595826 0.682308
940.694 155.776 0.118664 -0.112524 0.738025
697.074 87.2759 0.0744993 0.00144803 0.610321
927.464 278.687 0.170612 -0.105412 0.715581
910.759 9.89994 0.0369507 -0.168814 0.952112
928.743 316.573 0.354954 -0.316241 1.07158
862.117 399.76 0.435025 -0.203299 0.995411
567.708 591.48 0.383586 0.0894901 0.728822
480.091 412.378 0.210271 0.0947157 0.673974
563.001 600.691 0.368098 0.0862388 0.710656
871.734 566.201 0.403956 -0.118434 0.755574
540.409 519.155 0.268031 0.0764703 0.672894
708.061 495.969 0.280397 -0.00132629 0.698851
951.047 469.96 0.545282 -0.338519 0.978499
781.509 510.352 0.27906 -0.0372391 0.685703
490.126 129.915 0.114296 0.131292 0.848604
512.253 58.2505 0.0742951 0.107791 0.840005
625.045 236.84 0.225437 0.0816719 1.01618
595.008 199.784 0.161956 0.0728177 0.86314
891.166 138.656 0.11421 -0.0972968 0.76473
816.791 33.6973 0.0664545 -0.0578471 0.770707
881.128 332.604 0.236639 -0.116328 0.793564
712.598 97.643 -0.110959 -0.0371872 1.8911
723.857 216.495 -0.105313 -0.195273 3.61468
811.874 362.621 0.206448 -0.0511537 0.703024
517.587 56.7582 0.0747059 0.0825437 0.762176
