628.62 289.866 0.180146 0.0353949 0.734471
833.868 148.225 0.118742 -0.0691381 0.766533
895.555 336.821 0.219418 -0.109169 0.754009
816.721 31.2251 0.0656644 -0.058117 0.772205
607.083 157.807 0.118529 0.0423974 0.746786
579.35 294.108 0.183418 0.0606978 0.738486
710.255 282.494 0.178088 -0.00506604 0.73679
511.451 47.6868 0.0711635 0.0811168 0.75105
574.202 289.986 0.174449 0.0591435 0.721367
515.482 51.6596 0.0728318 0.0817607 0.759275
730.236 262.913 0.269418 -0.504406 4.93439
717.565 255.431 -0.0780655 -0.140967 5.48868
879.469 112.541 0.100986 -0.0867227 0.754325
628.346 279.063 0.170705 0.0338644 0.72432
723.725 227.503 -0.106896 -0.225294 4.00435
518.789 371.246 0.224161 0.0958424 0.734165
528.837 46.7204 0.0708524 0.0762743 0.762625
948.344 78.9184 0.0784222 -0.0774074 0.649433
578.79 44.9457 0.0703909 0.0529337 0.759973
711.639 271.356 0.166239 -0.00535119 0.720144
805.421 35.7343 0.0676037 -0.0522187 0.768811
632.786 39.0591 0.0683249 0.0274847 0.751233
601.656 146.329 0.10883 0.0401208 0.716873
710.373 280.423 0.18177 -0.00545576 0.749473
589.536 155.167 0.0453785 0.426277 1.90394
811.485 363.238 0.20381 -0.0500045 0.69844
527.846 442.869 0.236397 0.0811486 0.688821
808.144 26.1378 0.0639279 -0.0510147 0.756226
605.304 141.504 0.107988 0.0394446 0.724221
507.002 36.6369 0.0668018 0.0800765 0.742408
899.12 326.223 0.212763 -0.110203 0.753732
841.582 133.642 0.110059 -0.0689673 0.75246
711.616 270.866 0.166156 -0.00535529 0.720577
576.581 291.713 0.177563 0.0593631 0.726987
912.611 344.871 0.215368 -0.111652 0.736167
579.071 290.786 0.178749 0.0590302 0.731139
629.594 21.942 0.0619447 0.0267424 0.731673
802.754 350.906 0.238328 -0.0619983 0.775331
558.96 167.531 0.125173 0.0687807 0.761835
578.738 48.9482 0.0720453 0.0530775 0.759688
508.271 373.149 0.212438 0.0928899 0.71167
875.129 19.8141 0.0606763 -0.0884474 0.782088
852.489 98.1413 0.0946351 -0.0740444 0.757292
871.458 125.461 0.108621 -0.0886502 0.771551
836.585 143.36 0.115826 -0.0692816 0.762233
901.748 333.698 0.211321 -0.107188 0.74152
862.2 80.7195 0.085869 -0.0719536 0.734966
928.354 168.973 0.129524 -0.118297 0.76488
746.513 425.048 0.251272 -0.0226895 0.719294
629.448 282.452 0.175695 0.0345286 0.732967
613.02 441.389 0.29874 0.0584205 0.77118
767.262 433.133 0.313366 -0.0452959 0.794039
892.714 418.378 0.283594 -0.120535 0.766719
502.223 375.828 0.207669 0.0918625 0.700823
844.441 34.0259 0.0667677 -0.0735975 0.780957
834.246 427.867 0.267316 -0.0743857 0.736727
737.693 426.667 0.269198 -0.0199888 0.742975
850.578 423.771 0.339594 -0.120285 0.835868
713.178 439.881 0.299123 -0.00642159 0.770287
625.747 285.41 0.171473 0.0345171 0.718122
885.38 120.751 0.106349 -0.0951229 0.770367
917.766 384.979 0.274569 -0.144946 0.790589
807.5 431.746 0.317868 -0.0754865 0.800052
697.212 14.5857 0.0586259 -0.00129001 0.760243
580.133 54.937 0.0745798 0.0537421 0.765812
837.743 140.337 0.11393 -0.0688772 0.758681
840.672 132.962 0.109543 -0.068112 0.750856
929.492 278.123 0.169646 -0.105532 0.714242
878.687 419.711 0.264889 -0.100531 0.739926
882.271 126.072 0.109429 -0.0955602 0.775733
666.177 449.928 0.277811 0.0212571 0.734784
813.96 360.351 0.229205 -0.0623492 0.746992
550.384 29.2028 0.0615775 0.07679 0.814013
820.374 20.3097 0.0615623 -0.0568919 0.758769
633.545 36.1349 0.0671836 0.026874 0.74884
609.531 446.117 0.288402 0.0569894 0.753337
602.598 129.235 0.101206 0.0383803 0.711108
887.285 60.4015 0.0787032 -0.0928331 0.770259
744.453 421.918 0.255579 -0.0224331 0.728246
849.221 406.332 0.289978 -0.100071 0.790277
884.765 79.1429 0.0873209 -0.0950275 0.778122
705.515 167.126 0.150678 -0.00707458 0.950172
695.401 41.4674 0.0627995 0.0015576 0.602971
547.175 141.632 0.106812 0.0628595 0.718529
710.395 280.273 0.173413 -0.00491343 0.727521
919.714 276.77 0.176713 -0.109408 0.734822
704.606 174.992 0.145188 -0.00498836 0.854733
537.676 519.725 0.272013 0.0787601 0.677891
786.773 518.55 0.266243 -0.03668 0.667563
539.221 472.929 0.24644 0.0751445 0.679749
536.171 520.907 0.260542 0.0748644 0.664726
834.499 471.715 0.240161 -0.0563568 0.666886
574.523 437.64 0.309753 0.0888723 0.790496
548.488 155.581 0.115258 0.0668482 0.735285
805.63 359.231 0.207873 -0.049568 0.709803
911.862 352.545 0.229792 -0.119997 0.754255
556.471 562.504 0.334908 0.0849583 0.71028
500.214 577.954 0.390183 0.139128 0.746874
833.818 507.567 0.29706 -0.0694016 0.706522
881.08 550.229 0.327283 -0.0980137 0.704504
502.142 573.88 0.392737 0.140148 0.752004
881.752 445.712 0.2779 -0.101678 0.733141
885.699 549.857 0.34326 -0.107377 0.718802
879.433 547.506 0.328524 -0.098195 0.707533
825.517 454.628 0.264461 -0.0632468 0.709994
887.627 449.704 0.272168 -0.100749 0.722291
924.941 436.2 0.23858 -0.103635 0.688446
891.26 535.153 0.347778 -0.116528 0.733617
537.224 521.49 0.257552 0.0731878 0.661077
908.842 426.354 0.257251 -0.110468 0.722463
674.703 452.247 0.285247 0.0169473 0.741887
511.717 421.739 0.404304 0.207237 0.935243
872.954 575.241 0.398642 -0.115121 0.745547
495.501 406.33 0.225788 0.0987309 0.703781
875.439 499.772 0.307448 -0.0980867 0.72229
608.629 602.168 0.366933 0.0581763 0.708884
919.618 490.622 0.280305 -0.110802 0.698955
842.019 517.688 0.285412 -0.068092 0.687143
898.901 460.116 0.260244 -0.0974068 0.698738
845.465 515.479 0.303078 -0.0763066 0.706693
940.264 357.868 0.400456 -0.322189 1.03697
610.273 155.247 0.117967 0.0413298 0.75054
770.783 439.718 0.29646 -0.0431537 0.765383
904.064 345.229 0.224973 -0.114837 0.754237
714.148 513.745 0.27628 -0.00418762 0.682834
722.726 592.788 0.21163 -0.00328107 0.57558
559.645 558.022 0.339556 0.0854098 0.717473
782.549 461.828 0.258328 -0.0387507 0.697626
898.898 379.711 0.304097 -0.157849 0.844226
558.294 424.704 0.259963 0.08033 0.736632
889.743 535.066 0.353763 -0.118311 0.739097
780.645 564.078 0.327684 -0.0406179 0.697818
883.626 422.226 0.260604 -0.100106 0.73147
669.85 509.233 0.267826 0.0166663 0.677552
731.306 510.162 0.305503 -0.0146832 0.715745
906.454 481.024 0.297372 -0.115875 0.725605
847.367 106.262 0.0995039 -0.0761294 0.773811
905.461 424.286 0.267093 -0.115561 0.737915
881.199 5.11938 0.0556203 -0.0847066 0.761365
595.047 59.6626 0.061669 0.0922154 1.01763
660.405 523.986 0.260888 0.0199969 0.660888
873.06 122.418 0.107224 -0.0894712 0.772075
665.3 470.634 0.24784 0.0180516 0.680553
504.22 34.9656 0.0661783 0.0791274 0.734897
881.055 551.512 0.328881 -0.0983669 0.705054
556.126 180.721 0.172054 0.168229 1.08202
635.662 51.133 0.0732655 0.0278938 0.767504
860.325 417.398 0.33685 -0.129414 0.840223
544.676 435.621 0.251568 0.0815286 0.715357
556.629 425.979 0.267784 0.0845522 0.746509
586.581 527.22 0.263765 0.052825 0.663385
652.257 584.443 0.293989 0.0251066 0.658369
483.146 410.957 0.214753 0.0961253 0.68288
659.189 559.783 0.315287 0.0247157 0.692201
588.198 467.988 0.255679 0.0561419 0.693903
574.923 283.079 0.170045 0.0578835 0.718804
959.796 59.6036 0.0785488 -0.122324 0.756346
704.611 172.18 0.123378 -0.00303442 0.73305
885.925 19.5169 0.060508 -0.0943337 0.783979
752.008 426.292 0.244 -0.0243251 0.707828
656.805 533.48 0.252485 0.0204763 0.64643
639.614 209.131 0.169294 0.041616 0.864471
549.559 624.869 0.3462 0.083223 0.680369
828.553 506.389 0.27402 -0.0595884 0.682971
940.553 155.693 0.11881 -0.11253 0.738688
696.134 86.8547 0.0746448 0.00144224 0.610985
927.324 278.86 0.170758 -0.105418 0.716244
910.565 9.7024 0.0370962 -0.16882 0.952776
928.663 316.756 0.3551 -0.316247 1.07225
861.988 400.064 0.43517 -0.203305 0.996075
566.893 592.379 0.383732 0.0894843 0.729485
562.143 601.638 0.368244 0.086233 0.71132
871.595 566.923 0.404102 -0.11844 0.756238
539.365 519.968 0.268176 0.0764645 0.673558
707.493 496.659 0.280543 -0.00133208 0.699515
951.036 470.335 0.545428 -0.338525 0.979162
781.101 511.073 0.279205 -0.0372449 0.686366
489.157 129.806 0.114441 0.131286 0.849267
511.298 57.9959 0.0744406 0.107785 0.840669
624.539 236.941 0.225583 0.0816661 1.01684
594.303 199.818 0.162102 0.0728119 0.863803
890.934 138.551 0.114356 -0.0973026 0.765394
816.387 33.3741 0.0666001 -0.0578529 0.77137
880.947 332.874 0.236785 -0.116334 0.794227
712.391 97.6818 -0.110813 -0.0371929 1.89177
723.762 216.568 -0.105167 -0.195279 3.61534
811.502 362.991 0.206594 -0.0511595 0.703687
516.507 56.4417 0.0748514 0.0825379 0.76284
