714.377 416.504 0.288974 -0.0125617 0.929746
635.16 416.98 0.290484 0.0634779 0.934763
595.629 203.599 0.091372 0.0775056 0.926083
789.946 389.587 0.265686 -0.0846347 0.935869
783.033 350.13 0.21268 -0.071482 0.908511
712.197 291.983 0.16257 -0.0127452 0.915773
914.001 132.402 0.0436909 -0.172744 0.936887
513.807 144.791 0.0466828 0.141819 0.9452
851.395 70.6338 0.00676936 -0.10505 0.882631
867.725 288.339 0.1636 -0.142202 0.919488
569.161 357.692 0.219604 0.11253 0.919037
571.125 126.447 0.0339031 0.0961121 0.949433
613.349 298.03 0.164695 0.0677204 0.912189
651.193 294.289 0.162927 0.0371234 0.914383
567.273 358.925 0.216348 0.110894 0.909423
497.702 311.754 0.155217 0.135983 0.855024
852.405 327.177 0.207501 -0.1414 0.944505
741.513 399.113 0.259998 -0.0367521 0.91111
799.365 403.885 0.246291 -0.08068 0.877689
518.364 135.122 0.0392694 0.140411 0.953984
573.219 124.586 0.0321624 0.0960023 0.955877
637.861 193.978 0.0843012 0.0429816 0.920206
573.047 126.909 0.0339339 0.0960928 0.954912
771.588 10.2835 -0.0474757 -0.063871 0.969728
515.918 53.0584 -0.0270625 0.148704 0.997616
534.539 331.594 0.208495 0.154327 0.955175
559.73 117.393 0.0200718 0.127121 1.02541
902.895 135.232 0.0441712 -0.180002 0.974751
836.374 170.628 0.0708125 -0.114048 0.936999
805.847 402.088 0.273915 -0.0980522 0.926485
836.632 92.4636 0.0129988 -0.114033 0.951528
659.926 123.426 0.0315096 0.0276524 0.9709
712.532 286.387 0.157308 -0.0130889 0.913854
904.619 207.581 0.0925392 -0.143968 0.869147
817.834 98.0337 0.0190721 -0.0938659 0.926944
574.18 54.989 -0.0182435 0.0911463 0.963326
617.3 121.887 0.0310661 0.0597973 0.952093
618.387 124.713 0.0329541 0.0596388 0.9551
665.153 3.00571 -0.0528485 0.018415 0.967299
652.702 290.854 0.161446 0.036329 0.91923
597.581 57.6527 -0.0132877 0.0698429 0.94714
599.258 203.917 0.0930364 0.0781054 0.94102
807.607 187.765 0.0829587 -0.0899597 0.929142
700.066 4.93279 -0.0481291 -0.00835256 0.955236
836.99 25.0537 -0.0342295 -0.11274 0.958264
863.592 312.083 0.186649 -0.143223 0.926064
806.982 187.322 0.0832386 -0.0914986 0.938579
808.544 184.31 0.0806697 -0.0916942 0.93427
654.779 293.156 0.168734 0.0370275 0.93737
636.598 199.365 0.0891229 0.0456474 0.929768
605.043 198.792 0.0896516 0.0745773 0.948334
912.872 204.593 0.0989847 -0.181342 0.942028
817.052 13.1715 -0.0950766 -0.139354 1.14046
905.069 131.743 0.0430903 -0.165642 0.936802
709.581 60.5785 -0.0141942 -0.0149291 0.971944
911.325 134.114 0.0446465 -0.174019 0.944442
791.581 32.39 -0.0462959 -0.0905762 1.02938
792.416 346.997 0.216866 -0.082552 0.924128
815.101 200.551 0.104697 -0.14283 1.10845
530.424 146.56 -0.0664751 0.479335 1.65615
519.496 238.534 0.117941 0.142925 0.929779
836.128 394.45 0.270353 -0.127937 0.93279
617.621 126.077 0.0338982 0.0604872 0.955915
656.076 118.636 0.0298971 0.0279252 0.942827
791.87 91.4442 -0.107077 -0.187869 1.46323
782.38 110.609 0.0251436 -0.0718922 0.95266
727.158 87.8667 -0.149279 -0.0605876 1.55701
716.655 92.8669 -0.232328 -0.042097 1.77946
757.26 77.3319 -0.158994 -0.126471 1.53467
752.684 52.5144 -0.250481 -0.128858 1.63672
836.483 53.5229 -0.0532988 -0.161662 1.12983
758.059 74.8883 -0.157073 -0.125761 1.51902
813.148 38.6616 -0.0926304 -0.153768 1.20915
782.437 68.5505 -0.221074 -0.206223 1.64253
796.47 79.377 -0.102416 -0.178003 1.39291
774.375 94.5283 -0.243559 -0.227246 1.8174
602.984 76.9273 -0.00290879 0.0705822 0.965341
765.794 106.433 -0.0989905 -0.144588 1.51624
922.765 207.75 0.0972151 -0.171673 0.903094
813.418 176.061 0.07333 -0.0900156 0.911154
759.965 415.92 0.289894 -0.0559797 0.930162
771.074 84.8967 -0.231495 -0.199087 1.74073
832.581 409.052 0.311955 -0.139845 0.973064
721.602 88.765 -0.256554 -0.0586483 1.81073
727.506 78.4432 -0.144301 -0.0580591 1.50005
844.116 173.31 0.073314 -0.123118 0.9461
789.739 95.8256 -0.105443 -0.188173 1.48042
745.841 101.334 -0.0610112 -0.0824024 1.3617
815.962 156.931 0.0602933 -0.101271 0.954836
716.492 92.3396 -0.228123 -0.041304 1.76736
649.155 81.65 -0.00162054 0.0359662 0.983747
735.068 139.696 -0.350794 -0.155852 2.3484
523.693 144.362 0.0460984 0.13892 0.958459
787.135 105.608 -0.103551 -0.195138 1.52732
794.637 29.8153 -0.0434136 -0.0896714 1.00996
515.557 128.693 0.034754 0.140095 0.949327
782.062 108.546 0.0236323 -0.0716152 0.952824
836.995 89.6085 0.0110056 -0.114128 0.951363
615.067 122.519 0.03226 0.059488 0.940184
614.165 294.611 0.161661 0.0666675 0.911603
759.262 414.785 0.293024 -0.0561964 0.93696
853.269 396.88 0.283598 -0.1512 0.949787
537.022 164.556 0.0616967 0.12323 0.938045
857.936 327.052 0.200406 -0.139679 0.926278
551.048 20.0641 -0.101509 0.16858 1.16654
540.126 168.932 0.0652593 0.126418 0.952933
785.997 63.8853 -0.209364 -0.203714 1.59702
758.53 68.642 -0.158736 -0.123038 1.49635
567.784 71.5144 -0.00331657 0.0915137 0.93999
773.45 74.1947 -0.22447 -0.190597 1.67453
721.524 71.6447 -0.251289 -0.0547532 1.71698
792.871 100.58 0.0193757 -0.0775461 0.939039
538.375 428.223 0.160756 0.0673678 0.709577
602.382 415.084 0.298045 0.0996763 0.951364
842.749 94.8083 0.0127823 -0.123926 0.969094
642.955 66.9242 -0.0101209 0.0386903 0.9694
643.746 67.9276 -0.0106648 0.0389822 0.976956
587.006 401.732 0.261228 0.101006 0.915458
482.927 52.5275 -0.0219531 0.163752 0.968045
617.792 124.861 0.0329718 0.0603508 0.95638
658.734 218.838 0.120436 0.0466758 1.08299
701.961 97.6339 0.0135669 -0.0080866 0.963295
880.714 199.567 0.0929959 -0.148296 0.927078
520.873 420.947 0.33549 0.210256 1.00113
598.206 422.797 0.281825 0.0927563 0.913286
794.822 419.661 0.283272 -0.0853694 0.912379
863.346 400.988 0.258885 -0.14139 0.900883
498.33 424.573 0.297604 0.197546 0.938747
744.192 118.858 -0.324184 -0.173482 2.13325
640.957 215.163 0.098103 0.0392592 0.90215
781.108 114.677 0.027405 -0.0723437 0.961354
795.062 417.501 0.283957 -0.0865217 0.916902
520.893 302.984 0.169989 0.147107 0.921637
656.805 117.625 0.0291482 0.0273705 0.943404
795.62 419.991 0.284205 -0.0863102 0.913235
797.649 15.0971 -0.0226058 -0.0668578 0.869444
848.572 25.674 -0.0467211 -0.137449 1.01368
481.863 156.791 0.0335642 0.0475996 0.613574
501.878 39.1535 -0.0279251 0.142019 0.953951
488.061 132.538 0.0351104 0.177567 0.983691
761.491 99.39 -0.132729 -0.144044 1.57446
734.891 79.2079 -0.224274 -0.0900469 1.69478
737.393 397.071 0.258639 -0.0331971 0.912475
850.203 431.924 0.337368 -0.159346 0.96735
852.232 331.269 0.210532 -0.140699 0.942012
764.853 76.4592 -0.243024 -0.177064 1.72445
762.979 420.686 0.283383 -0.0564063 0.912227
821.722 38.4219 -0.174277 -0.227736 1.42298
754.804 98.4275 -0.102561 -0.11472 1.48245
777.825 346.996 0.214365 -0.0688068 0.919188
762.31 418.967 0.279823 -0.0553906 0.909548
835.272 62.1437 -0.011097 -0.116214 0.969829
635.199 450.233 0.323166 0.0649956 0.927732
658.383 65.2193 -0.0100681 0.0257109 0.963078
707.017 202.704 0.0881395 -0.0100057 0.88365
767.283 423.084 0.276331 -0.0581549 0.89758
741.992 113.538 -0.272364 -0.14523 1.98969
739.494 133.176 -0.105941 -0.105586 1.70743
643.741 193.999 0.086165 0.0415871 0.94399
562.347 58.5728 -0.0156578 0.100281 0.96182
660.066 119.362 0.0294537 0.0261326 0.957302
616.231 296.017 0.167052 0.0681224 0.925658
523.634 227.221 0.107965 0.135248 0.922495
714.496 415.875 0.289377 -0.012701 0.931433
508.081 50.302 -0.0240481 0.145441 0.972488
674.655 457.203 0.328342 0.0265879 0.922415
713.069 418.937 0.288783 -0.0112517 0.925427
910.473 134.023 0.0444919 -0.174253 0.946614
776.04 393.136 0.257958 -0.0681527 0.916472
561.407 57.6333 -0.0163581 0.100995 0.962065
588.302 400.147 0.265885 0.103179 0.926198
832.501 66.5309 -0.00960727 -0.116682 0.979474
591.1 460.976 0.283415 0.0867121 0.861467
666.741 145.301 -0.011632 0.0732161 1.44608
524.46 303.952 0.17365 0.148145 0.930492
724.633 610.245 0.207733 -0.0117818 0.651481
761.404 449.339 0.32247 -0.0571127 0.923085
880.593 292.942 0.151152 -0.131907 0.864967
860.718 401.218 0.26941 -0.146026 0.91812
569.32 78.6015 -0.00120232 0.0957901 0.958785
641.729 616.459 0.206048 0.0192083 0.64781
559.829 381.055 0.236453 0.119606 0.908507
726.137 467.612 0.313345 -0.0215669 0.887024
711.187 242.071 0.168872 -0.015003 1.24858
557.784 40.9715 -0.0262953 0.100421 0.955064
525.972 428.413 0.331198 0.19436 0.980306
628.338 423.52 0.272311 0.0618738 0.896252
907.727 130.848 0.0417388 -0.175345 0.955151
504.956 407.157 0.163017 0.0899492 0.734264
835.238 485.425 0.365784 -0.131212 0.920692
627.556 428.291 0.270576 0.0607719 0.886442
834.71 58.6215 -0.0149978 -0.117629 0.977686
794.355 447.445 0.326455 -0.0904634 0.929849
823.775 45.2026 -0.0190238 -0.101101 0.948257
797.148 419.39 0.278575 -0.0858741 0.905534
594.038 402.737 0.267935 0.0978046 0.924831
608.719 484.631 0.396499 0.106998 0.964334
606.534 445.716 0.331641 0.0981888 0.947296
678.91 427.106 0.267712 0.0173629 0.881865
616.894 298.051 0.16777 0.0669611 0.922088
942.971 633.651 0.203476 -0.0879591 0.63327
708.796 214.091 0.116065 -0.0120526 1.08021
710.971 57.9856 -0.015304 -0.0160198 0.968016
864.62 285.21 0.164457 -0.144057 0.932201
838.407 93.4351 0.0132282 -0.116662 0.955884
496.763 453.946 0.36437 0.233516 0.980969
500.386 452.087 0.37081 0.236512 0.992177
515.92 448.74 0.396383 0.241974 1.02966
916.154 11.4452 -0.0252894 -0.142031 0.879464
837.825 24.9071 -0.0335232 -0.112447 0.954655
818.311 151.79 0.0564237 -0.100535 0.944602
805.132 402.834 0.275552 -0.0977917 0.927903
643.594 217.171 0.101412 0.0392685 0.916325
573.845 75.7901 0.00242952 0.0822149 0.918834
515.901 449.317 0.397451 0.242326 1.02987
705.412 170.107 0.062458 -0.00915328 0.821127
702.24 91.1179 0.012286 -0.00847366 0.93355
859.167 596.612 0.217985 -0.0672312 0.667251
681.347 423.57 0.279719 0.0170685 0.905424
861.743 340.464 0.223823 -0.154045 0.951255
712.677 237.267 0.168862 -0.0184036 1.34561
590.636 471.407 0.542381 0.204595 1.14023
554.465 457.717 0.44354 0.215988 1.06622
500.963 452.878 0.370111 0.234519 0.989876
776.124 393.251 0.261239 -0.0691947 0.921993
783.242 350.709 0.214486 -0.072199 0.911352
837.927 401.866 0.315845 -0.152343 0.993009
658.675 260.144 0.225207 0.112821 1.45477
861.384 338.733 0.213646 -0.145742 0.931378
840.577 415.753 0.29161 -0.13295 0.929557
518.952 418.151 0.330416 0.210605 0.999222
858.772 399.314 0.269207 -0.145267 0.921161
522.597 209.681 0.0981745 0.149131 0.960592
893.138 198.164 0.0880497 -0.142088 0.886495
948.973 72.9226 0.000976082 -0.200227 0.950131
602.123 448.652 0.328923 0.100412 0.939172
832.296 480.39 0.377491 -0.135174 0.940707
531.537 339.814 0.211416 0.152533 0.942097
956.433 379.73 0.310126 -0.305862 1.02549
891.788 61.7879 -0.00752533 -0.155046 0.951008
541.506 95.755 0.0110736 0.117843 0.95427
780.72 116.043 0.028457 -0.0719755 0.960821
914.681 207.815 0.100426 -0.178232 0.931217
711.353 243.176 0.171546 -0.0152711 1.25666
810.531 472.493 0.290761 -0.0859165 0.849801
825.399 442.364 0.362665 -0.139174 0.983625
602.309 414.846 0.296183 0.0989458 0.948885
699.902 79.1153 0.00184878 -0.00686327 0.951629
608.078 177.795 0.0743571 0.0804477 0.995265
680.453 232.999 0.146408 0.131662 2.01454
536.557 325.792 0.205742 0.155094 0.963288
950.411 404.288 0.352959 -0.315364 1.0385
716.202 493.032 0.374316 -0.0127526 0.924118
837.572 168.446 0.0689179 -0.112578 0.928715
644.395 460.731 0.325286 0.0543963 0.91456
833.845 392.301 0.28043 -0.132862 0.954134
934.424 357.049 0.321687 -0.33277 1.10997
615.669 40.8444 -0.0317168 0.0613082 0.983987
579.779 27.5828 -0.0350669 0.0830039 0.956125
805.146 9.12773 -0.0448709 -0.0876773 0.957664
844.883 427.722 0.352791 -0.164901 0.996202
544.31 118.696 0.0265601 0.122048 0.966777
569.041 214.42 0.114604 0.353896 1.54799
660.26 73.9465 -0.00842524 0.0269705 0.991294
839.879 471.741 0.403019 -0.158891 0.981606
682.52 457.594 0.284692 0.0142671 0.864404
747.978 403.993 0.244587 -0.0391872 0.876649
840.364 84.4178 0.00971392 -0.111297 0.932013
602.572 449.122 0.33158 0.100921 0.941922
700.698 141.593 0.0376359 -0.00673538 0.671628
525.701 303.893 0.174106 0.14776 0.93205
650.566 61.7022 -0.00852942 0.0292752 0.93834
554.785 120.905 0.026356 0.121139 0.990786
853.293 14.7853 -0.0460913 -0.131008 0.980178
625 428.333 0.272978 0.0637454 0.890127
700.898 82.8271 0.00783771 -0.00764793 0.924131
674.337 492.432 0.352384 0.0266814 0.902494
524.987 72.333 -0.0173877 0.152971 1.02396
553.956 1.9552 -0.054406 0.10289 0.965941
836.965 56.9594 -0.0125944 -0.114084 0.95754
915.157 132.635 0.0439706 -0.172408 0.93395
524.482 201.177 0.0929475 0.156907 0.986528
913.615 211.301 0.103499 -0.178994 0.93399
782.073 349.514 0.21304 -0.0710351 0.910643
953.461 345.38 0.273636 -0.307039 1.04459
603.31 220.01 0.102562 0.0699913 0.913623
585.847 68.3673 -0.00908194 0.0834222 0.964819
783.39 613.229 0.209368 -0.0340232 0.650889
762.301 454.569 0.313624 -0.055341 0.903868
634.776 452.556 0.3216 0.0643738 0.922172
679.053 171.252 -0.000802174 -0.00292342 0.424723
845.089 35.5209 -0.054065 -0.152148 1.0721
627.359 182.921 0.0686461 0.0356377 0.821598
721.425 458.138 0.325237 -0.0182998 0.915263
681.396 448.662 0.326175 0.0205504 0.932234
725.238 600.008 0.214696 -0.0124361 0.663991
880.647 372.759 0.255106 -0.173204 0.944944
875.277 372.767 0.26535 -0.176941 0.964647
824.521 396.509 0.269033 -0.115397 0.927357
840.541 472.613 0.405334 -0.160266 0.982717
682.888 491.142 0.382915 0.0218702 0.937213
591.45 425.498 0.271658 0.0928441 0.893678
816.186 408.052 0.250382 -0.0944383 0.877487
836.495 170.946 0.0709661 -0.113461 0.934472
878.866 153.524 0.0586474 -0.151437 0.949575
633.736 1.37829 -0.046375 0.038642 0.936399
689.519 199.617 0.0153145 -0.00379386 0.479505
630.235 76.1735 -0.00104074 0.0468521 0.951405
867.233 291.461 0.165251 -0.140761 0.916038
836.878 407.337 0.354699 -0.17062 1.04087
914.622 167.378 0.0696988 -0.178649 0.941471
743.484 100.024 -0.259431 -0.136376 1.87979
632.332 229.888 0.14749 0.273891 1.79422
508.211 32.4849 -0.0284949 0.130206 0.936154
636.082 201.779 0.0909988 0.0462451 0.9301
717.59 104.663 -0.242475 -0.0470807 1.86778
881.392 373.951 0.255564 -0.173341 0.943359
791.994 412.411 0.299567 -0.0908687 0.949736
709.433 59.2261 -0.013884 -0.0147297 0.964774
612.49 227.812 0.11589 0.0743895 0.96577
570.465 127.426 0.0346815 0.0963696 0.948131
791.914 105.449 0.0220808 -0.0783038 0.946733
834.233 411.172 0.304379 -0.136204 0.957405
745.071 108.988 -0.286152 -0.156907 1.99001
730.582 108.726 -0.301836 -0.103076 2.01946
579.761 122.485 0.0310802 0.0892227 0.950477
663.668 8.95226 -0.0495073 0.0199114 0.969417
599.508 65.6279 -0.00966828 0.0710425 0.957856
712.064 291.355 0.165114 -0.0127492 0.926371
863.956 340.722 0.210377 -0.143444 0.919061
903.822 132.962 0.0439305 -0.165043 0.937469
614.165 300.923 0.16888 0.0685104 0.917766
652.22 297.317 0.168488 0.0377425 0.924235
679.716 416.575 0.288507 0.0203539 0.930419
531.59 327.24 0.201003 0.152619 0.946822
571.383 357.897 0.223121 0.113156 0.926241
512.456 127.69 0.0341233 0.141485 0.946924
