627.463 290.676 0.179768 0.0355187 0.734903
833.049 148.89 0.118364 -0.0690143 0.766965
894.796 337.659 0.219041 -0.109045 0.754441
605.888 158.43 0.118151 0.0425212 0.747219
578.11 294.9 0.18304 0.0608216 0.738919
709.239 283.309 0.17771 -0.00494221 0.737222
510.05 48.1084 0.0707858 0.0812407 0.751482
572.91 290.827 0.174071 0.0592673 0.721799
514.109 52.0688 0.0724541 0.0818845 0.759708
730.116 262.94 0.26904 -0.504282 4.93483
717.457 255.444 -0.0784431 -0.140843 5.48911
878.682 113.227 0.100609 -0.0865988 0.754757
627.164 279.894 0.170327 0.0339883 0.724752
723.576 227.53 -0.107274 -0.22517 4.00478
517.433 372.127 0.223783 0.0959662 0.734598
527.499 47.1229 0.0704748 0.0763981 0.763057
947.486 79.9504 0.0780445 -0.0772835 0.649866
577.549 45.382 0.0700132 0.0530576 0.760406
710.59 272.214 0.165861 -0.00522736 0.720577
804.564 36.2795 0.067226 -0.0520948 0.769244
631.629 39.5413 0.0679472 0.0276085 0.751666
600.38 147.023 0.108452 0.0402447 0.717305
709.38 281.199 0.181392 -0.00533193 0.749906
589.071 155.107 0.0450008 0.426401 1.90437
810.553 364.268 0.203432 -0.0498807 0.698872
526.41 443.999 0.236019 0.0812724 0.689254
807.272 26.702 0.0635502 -0.0508908 0.756659
604.051 142.171 0.10761 0.0395684 0.724654
505.569 37.0625 0.0664241 0.0802003 0.74284
898.362 327.057 0.212385 -0.110079 0.754165
840.752 134.332 0.109681 -0.0688434 0.752893
710.568 271.722 0.165778 -0.00523146 0.72101
575.308 292.538 0.177186 0.059487 0.727419
911.846 345.768 0.214991 -0.111528 0.736599
577.812 291.597 0.178372 0.059154 0.731571
628.387 22.4503 0.061567 0.0268662 0.732105
801.935 351.682 0.23795 -0.0618744 0.775764
557.705 168.106 0.124795 0.0689045 0.762267
577.497 49.3902 0.0716677 0.0532014 0.76012
506.835 374.109 0.21206 0.0930138 0.712103
874.368 20.3641 0.0602987 -0.0883236 0.782521
851.676 98.7949 0.0942574 -0.0739205 0.757725
870.685 126.115 0.108244 -0.0885263 0.771984
835.763 144.032 0.115449 -0.0691577 0.762665
900.978 334.572 0.210943 -0.107064 0.741952
861.366 81.4171 0.0854913 -0.0718298 0.735398
927.626 169.698 0.129146 -0.118173 0.765313
745.543 426.038 0.250894 -0.0225656 0.719726
628.287 283.26 0.175317 0.0346524 0.733399
611.945 442.232 0.298362 0.0585443 0.771613
766.443 433.905 0.312988 -0.0451721 0.794472
891.975 419.213 0.283216 -0.120411 0.767152
500.745 376.831 0.207292 0.0919863 0.701256
843.647 34.5703 0.0663901 -0.0734737 0.781389
833.415 428.798 0.266939 -0.0742619 0.73716
736.755 427.579 0.268821 -0.0198649 0.743407
849.883 424.444 0.339216 -0.120161 0.836301
712.256 440.721 0.298745 -0.00629776 0.770719
624.547 286.268 0.171095 0.0346409 0.718555
884.619 121.41 0.105972 -0.0949991 0.770799
917.066 385.742 0.274191 -0.144822 0.791021
806.731 432.502 0.31749 -0.0753626 0.800484
696.182 15.0582 0.0582483 -0.00116618 0.760676
578.909 55.3733 0.0742022 0.0538659 0.766245
836.918 141.016 0.113552 -0.0687533 0.759113
839.838 133.655 0.109165 -0.0679882 0.751289
928.711 279.059 0.169269 -0.105408 0.714675
877.903 420.628 0.264512 -0.100408 0.740358
881.513 126.723 0.109051 -0.0954364 0.776165
665.121 450.885 0.277433 0.021381 0.735217
813.113 361.212 0.228828 -0.0622253 0.747425
549.19 29.4912 0.0611998 0.0769139 0.814445
819.52 20.8704 0.0611846 -0.0567681 0.759202
632.385 36.6197 0.0668059 0.0269978 0.749272
608.415 447.015 0.288024 0.0571132 0.75377
601.306 129.927 0.100828 0.0385041 0.71154
886.524 61.0154 0.0783255 -0.0927093 0.770692
743.497 422.875 0.255201 -0.0223093 0.728679
848.473 407.1 0.2896 -0.099947 0.790709
884.011 79.7545 0.0869432 -0.0949037 0.778555
704.768 167.466 0.150301 -0.00695074 0.950605
693.961 42.5832 0.0624218 0.00168144 0.603403
545.789 142.292 0.106434 0.0629833 0.718962
918.949 277.637 0.176335 -0.109284 0.735254
703.752 175.456 0.144811 -0.00486453 0.855165
536.253 520.982 0.271635 0.0788839 0.678324
785.769 519.821 0.265865 -0.0365562 0.667996
537.792 474.13 0.246062 0.0752683 0.680182
534.705 522.231 0.260165 0.0749883 0.665159
833.551 472.957 0.239783 -0.056233 0.667319
573.414 438.433 0.309375 0.0889962 0.790928
547.149 156.208 0.11488 0.0669721 0.735717
804.71 360.214 0.207495 -0.0494442 0.710236
911.117 353.392 0.229414 -0.119873 0.754687
555.193 563.656 0.33453 0.0850822 0.710712
498.912 579.005 0.389806 0.139252 0.747307
832.95 508.645 0.296682 -0.0692777 0.706955
880.264 551.32 0.326905 -0.0978898 0.704937
500.855 574.912 0.392359 0.140272 0.752437
880.965 446.661 0.277523 -0.101554 0.733573
884.908 550.887 0.342882 -0.107253 0.719235
878.62 548.584 0.328146 -0.0980711 0.707965
824.637 455.669 0.264083 -0.063123 0.710426
886.83 450.693 0.27179 -0.100625 0.722724
924.13 437.318 0.238202 -0.103511 0.688878
890.492 536.124 0.347401 -0.116404 0.734049
535.748 522.833 0.257174 0.0733116 0.66151
908.062 427.333 0.256873 -0.110344 0.722896
673.675 453.181 0.284869 0.0170712 0.742319
510.697 422.268 0.403927 0.207361 0.935676
872.195 576.179 0.398264 -0.114997 0.74598
494.024 407.357 0.22541 0.0988547 0.704214
874.637 500.779 0.30707 -0.0979629 0.722723
607.461 603.339 0.366555 0.0583001 0.709316
918.821 491.715 0.279927 -0.110678 0.699387
841.128 518.854 0.285034 -0.0679681 0.687576
844.611 516.558 0.302701 -0.0761828 0.707126
939.715 358.271 0.400079 -0.322065 1.0374
609.091 155.858 0.117589 0.0414536 0.750973
769.928 440.569 0.296083 -0.0430299 0.765815
903.313 346.072 0.224595 -0.114713 0.75467
713.069 514.948 0.275903 -0.00406379 0.683267
721.347 594.804 0.211252 -0.00315724 0.576013
558.389 559.141 0.339178 0.0855336 0.717905
781.592 462.926 0.25795 -0.0386268 0.698058
898.235 380.358 0.30372 -0.157725 0.844659
557.04 425.635 0.259585 0.0804538 0.737065
888.981 536.017 0.353385 -0.118187 0.73953
779.708 565.227 0.327306 -0.0404941 0.698251
882.835 423.171 0.260227 -0.099982 0.731902
668.682 510.464 0.267448 0.0167901 0.677984
730.325 511.22 0.305125 -0.0145593 0.716178
905.681 482.009 0.296995 -0.115751 0.726037
846.571 106.883 0.0991262 -0.0760056 0.774243
904.697 425.211 0.266715 -0.115438 0.738347
880.419 5.70004 0.0552426 -0.0845827 0.761798
594.2 59.782 0.0612913 0.0923392 1.01806
659.179 525.315 0.260511 0.0201208 0.661321
872.288 123.07 0.106846 -0.0893474 0.772507
664.122 471.821 0.247462 0.0181754 0.680985
502.762 35.4074 0.0658007 0.0792512 0.73533
880.24 552.601 0.328503 -0.0982431 0.705487
555.285 180.889 0.171677 0.168353 1.08245
634.545 51.5938 0.0728878 0.0280177 0.767937
859.641 418.06 0.336472 -0.12929 0.840656
543.346 436.637 0.251191 0.0816524 0.71579
555.394 426.881 0.267406 0.084676 0.746941
585.22 528.55 0.263388 0.0529489 0.663818
651.027 585.832 0.293612 0.0252305 0.658801
481.582 412.076 0.214375 0.0962491 0.683313
658.055 560.984 0.31491 0.0248395 0.692633
586.91 469.118 0.255302 0.0562657 0.694336
573.625 283.921 0.169667 0.0580073 0.719236
703.561 172.898 0.123 -0.00291059 0.733483
885.177 20.0703 0.0601303 -0.0942099 0.784411
751.022 427.326 0.243623 -0.0242013 0.708261
655.532 534.898 0.252108 0.0206001 0.646863
638.683 209.583 0.168917 0.0417399 0.864903
548.207 626.203 0.345822 0.0833469 0.680802
827.635 507.571 0.273642 -0.0594646 0.683404
939.807 156.479 0.118432 -0.112406 0.739121
694.732 87.9869 0.0742672 0.00156608 0.611417
926.543 279.789 0.17038 -0.105294 0.716677
565.693 593.48 0.383354 0.0896081 0.729918
537.933 521.246 0.267799 0.0765884 0.67399
706.438 497.777 0.280165 -0.00120825 0.699947
950.466 470.771 0.54505 -0.338401 0.979595
780.129 512.248 0.278827 -0.0371211 0.686799
487.913 130.125 0.114063 0.13141 0.8497
510.075 58.2505 0.074063 0.107909 0.841101
623.759 237.239 0.225205 0.0817899 1.01727
815.547 33.9188 0.0662224 -0.057729 0.771803
880.221 333.606 0.236407 -0.11621 0.79466
712.05 97.7143 -0.111191 -0.0370691 1.8922
723.596 216.597 -0.105545 -0.195155 3.61577
810.58 364 0.206216 -0.0510357 0.70412
515.145 56.8495 0.0744737 0.0826617 0.763272
