627.502 290.62 0.178647 0.0357305 0.734162
833.528 149.014 0.117227 -0.0688503 0.766118
894.316 337.621 0.218378 -0.109057 0.754942
605.155 158.065 0.116553 0.0428291 0.744222
578.303 294.648 0.182264 0.0611613 0.739182
709.343 283.221 0.177084 -0.00478174 0.737959
510.918 48.3543 0.0699193 0.0814877 0.751761
573.4 290.602 0.173412 0.0595545 0.722391
514.547 51.9874 0.0714619 0.0820985 0.759252
730.186 262.729 0.268248 -0.504649 4.93455
717.512 255.171 -0.0799454 -0.140733 5.48862
880.787 112.367 0.0985469 -0.0856261 0.749129
627.634 279.86 0.16995 0.0342539 0.725997
723.69 227.1 -0.108172 -0.225083 4.00021
516.655 372.287 0.221929 0.095938 0.732158
527.522 46.5863 0.0692909 0.0765111 0.761536
948.751 80.5697 0.0767495 -0.0769106 0.648152
574.659 39.3223 0.0665829 0.0526684 0.749249
710.365 272.417 0.164672 -0.00485355 0.719543
804.935 36.6457 0.0662496 -0.0518942 0.768908
632.206 39.6595 0.0669497 0.0277593 0.751163
601.182 147.718 0.108073 0.040639 0.719347
709.636 281.211 0.180037 -0.00520156 0.74854
589.164 154.41 0.0438949 0.426713 1.90462
810.492 364.081 0.202752 -0.0499026 0.699363
527.436 442.939 0.235608 0.0814659 0.690183
807.662 27.0926 0.0625551 -0.0507195 0.756493
604.777 142.629 0.106965 0.0398274 0.725651
507.205 38.3623 0.06594 0.080719 0.745067
898.685 327.374 0.210913 -0.109707 0.752598
840.974 134.733 0.108667 -0.0685786 0.752201
710.73 271.852 0.165265 -0.0050908 0.721911
575.575 292.343 0.176278 0.0597213 0.727326
911.914 346.076 0.213759 -0.111267 0.73564
577.63 291.549 0.177004 0.0593137 0.730128
628.95 22.6494 0.0605596 0.0270872 0.732093
802.244 352.016 0.235976 -0.0614551 0.773066
558.077 168.08 0.123946 0.0692329 0.762472
577.907 49.6275 0.0707699 0.0535285 0.760209
506.756 373.8 0.211037 0.0933237 0.711659
875.385 19.6669 0.0589385 -0.0877578 0.779954
851.524 99.6745 0.0936086 -0.0740083 0.759124
871.356 126.145 0.106956 -0.0881468 0.770242
836.233 144.192 0.114317 -0.0689749 0.761789
900.596 334.61 0.210193 -0.107053 0.742243
861.168 82.5136 0.0848276 -0.071843 0.73654
927.796 170.06 0.128109 -0.117984 0.764817
745.46 426.214 0.24947 -0.0223328 0.718459
628.461 283.157 0.174365 0.034867 0.733173
611.343 442.686 0.29608 0.0585861 0.768653
766.308 434.245 0.311003 -0.0447605 0.792121
892.631 420.048 0.28092 -0.119731 0.764045
500.93 376.378 0.206438 0.0923348 0.701261
843.839 35.2679 0.0655314 -0.0733924 0.781805
833.507 429.198 0.265314 -0.07393 0.735467
735.532 420.929 0.277318 -0.0205698 0.762477
850.693 425.394 0.335946 -0.119278 0.831502
712.161 441.243 0.296518 -0.00609242 0.767893
624.727 286.184 0.170296 0.0349125 0.718746
884.547 122.036 0.105176 -0.0949467 0.771229
917.575 386.141 0.272329 -0.144315 0.788794
806.802 432.895 0.315437 -0.0749229 0.798023
696.749 16.4291 0.0576426 -0.00101552 0.762378
579.158 55.3413 0.0731959 0.0540494 0.765162
837.306 141.186 0.11232 -0.0683432 0.757491
840.311 134.009 0.108011 -0.0676141 0.749672
929.307 279.862 0.167668 -0.104708 0.712234
878.716 421.741 0.262026 -0.0997045 0.736813
881.713 127.069 0.108063 -0.095274 0.77586
664.84 450.871 0.276006 0.0216135 0.733992
813.258 361.471 0.227312 -0.0619204 0.745823
550.312 30.2614 0.0605401 0.0773775 0.816494
819.686 21.8704 0.0604009 -0.0566934 0.75995
633.145 37.4997 0.0660968 0.0272255 0.75037
608.178 447.179 0.286216 0.0571073 0.751766
601.913 130.676 0.100146 0.0387391 0.711815
886.525 61.8266 0.0775135 -0.092675 0.771238
743.422 423.08 0.253718 -0.022071 0.727269
849.134 407.866 0.286991 -0.0992875 0.786979
884.344 80.1032 0.0859322 -0.0947232 0.778125
704.879 166.044 0.147772 -0.00663813 0.94393
694.61 44.7423 0.0617806 0.00186863 0.60451
546.138 142.104 0.105316 0.063172 0.718413
919.51 278.204 0.174763 -0.108681 0.73303
703.935 174.742 0.142984 -0.00462616 0.851665
534.591 522.576 0.268585 0.0787547 0.674416
785.401 519.643 0.264974 -0.0363756 0.667737
537.87 473.62 0.245227 0.0755554 0.680078
534.499 521.867 0.258707 0.0751088 0.664213
831.371 470.493 0.242332 -0.0568036 0.67303
572.839 438.589 0.307246 0.0889249 0.78833
547.712 156.353 0.114074 0.0672678 0.736016
804.712 360.409 0.206259 -0.0492059 0.709328
911.456 353.753 0.227869 -0.119476 0.753024
553.706 565.052 0.33134 0.0849971 0.70698
495.704 582.109 0.384178 0.138281 0.740311
832.809 509.253 0.295149 -0.0689325 0.705417
879.663 551.533 0.325934 -0.0976067 0.704251
497.965 577.626 0.387194 0.139419 0.746014
879.287 445.984 0.278348 -0.101779 0.736068
885.034 551.76 0.340944 -0.106827 0.717178
877.112 547.788 0.328356 -0.0979667 0.709049
824.296 455.571 0.263252 -0.0629834 0.71026
886.724 451.534 0.270665 -0.100298 0.721439
921.147 435.706 0.239976 -0.104383 0.693673
889.486 535.969 0.347123 -0.116254 0.734223
534.398 523.746 0.254546 0.0733146 0.658549
907.581 427.729 0.256495 -0.110395 0.723054
673.328 453.754 0.282547 0.0172546 0.739446
507.12 423.806 0.396973 0.205123 0.924196
493.95 406.989 0.224344 0.0991289 0.703711
874.58 501.21 0.305595 -0.0976668 0.72136
605.977 605.09 0.363111 0.058491 0.705453
918.219 491.668 0.279114 -0.110566 0.699223
841.107 519.411 0.28331 -0.0676354 0.685955
844.831 517.526 0.30046 -0.0757159 0.704625
945.144 359.731 0.390119 -0.315564 1.01835
609.573 155.997 0.116766 0.0416884 0.751283
769.731 441.152 0.294078 -0.0425478 0.763315
903.913 346.472 0.222991 -0.114389 0.752806
712.822 515.091 0.274472 -0.00384046 0.682131
721.004 591.813 0.211842 -0.00305045 0.578412
556.819 560.959 0.335589 0.0853076 0.713474
780.926 462.015 0.257802 -0.0385087 0.69934
899.424 381.088 0.30071 -0.156658 0.839924
556.757 425.518 0.258143 0.0805714 0.735756
889.374 537.051 0.351163 -0.117713 0.736994
779.767 566.583 0.32468 -0.0401312 0.695287
667.806 513.207 0.262949 0.0169843 0.671806
904.47 481.314 0.29721 -0.116006 0.727502
846.429 107.668 0.0984594 -0.0760056 0.775312
905.272 425.959 0.264644 -0.11487 0.735796
880.958 5.86592 0.0541397 -0.0843279 0.761061
593.031 56.3187 0.0591462 0.091655 1.00844
659.132 524.446 0.260082 0.0203447 0.661882
870.61 125.439 0.107394 -0.0900184 0.777808
662.641 471.685 0.247066 0.0190635 0.681305
502.945 35.2612 0.0647459 0.0795126 0.734614
634.927 51.3004 0.0717409 0.0281695 0.76671
860.909 419.284 0.332511 -0.128137 0.834503
544.176 434.159 0.252309 0.082867 0.720085
585.258 527.875 0.26258 0.0531884 0.663788
650.072 587.664 0.290753 0.02549 0.655506
481.63 411.676 0.213448 0.0965863 0.683092
656.843 561.756 0.312745 0.0253859 0.690373
586.317 469.889 0.252832 0.0561704 0.691282
573.27 284.02 0.168336 0.0582421 0.717738
703.64 173.288 0.122069 -0.00262417 0.732967
888.3 17.827 0.0582654 -0.0935477 0.778544
750.71 428.257 0.241721 -0.0237153 0.705739
655.399 534.009 0.251657 0.0208674 0.647405
546.474 628.297 0.342283 0.0832122 0.676857
824.58 501.974 0.278288 -0.0605058 0.692916
490.515 9.09708 0.0556684 0.0742049 0.701934
939.495 157.187 0.117651 -0.112369 0.739536
694.956 91.5087 0.0746688 0.00179378 0.616467
925.097 280.135 0.17019 -0.105402 0.718473
564.12 595.808 0.379153 0.0892103 0.724887
538.108 520.409 0.267246 0.0769399 0.674297
486.995 129.087 0.112495 0.131188 0.846347
494.766 39.4413 0.0652279 0.103438 0.802947
588.693 153.615 0.0962876 0.0346656 0.64319
596.381 161.665 0.103803 0.0356228 0.667093
619.594 415.214 0.601713 0.171046 1.17551
599.065 121.802 0.0924907 0.0354237 0.680657
591.098 112.707 0.0852218 0.034008 0.651114
627.389 288.188 0.175811 0.0351895 0.730193
607.399 130.428 0.0999867 0.0364337 0.711144
708.937 220.14 0.226125 -0.0124981 1.1255
870.042 406.818 0.412592 -0.194109 0.955949
707.194 182.023 0.183258 -0.0128268 1.33776
943.539 67.6182 0.0800379 -0.115981 0.758706
815.42 35.2978 0.0656177 -0.0578069 0.77397
880.793 333.931 0.234547 -0.115688 0.792132
712.292 96.9824 -0.112309 -0.0368988 1.89139
723.703 216.173 -0.106834 -0.194957 3.61423
810.16 363.881 0.20561 -0.0509089 0.704676
515.948 57.0235 0.0736044 0.082923 0.76357
