714.019 416.401 0.287429 -0.0126465 0.930899
634.568 416.767 0.288813 0.06336 0.935594
595.718 202.724 0.0900554 0.0774778 0.928928
789.783 389.412 0.264467 -0.0848444 0.937946
782.941 349.892 0.211477 -0.0717038 0.910859
712.212 291.472 0.161439 -0.0129385 0.918764
914.552 132.172 0.0422907 -0.173425 0.940378
513.204 143.251 0.045068 0.14159 0.946012
852.48 69.6703 0.00517882 -0.105207 0.883974
868.007 288.212 0.162255 -0.142521 0.921638
568.069 357.435 0.217537 0.112248 0.91853
570.996 125.103 0.0323643 0.096016 0.951099
613.12 297.346 0.163413 0.0677154 0.914545
650.871 293.778 0.161337 0.0370378 0.915452
567.131 358.12 0.215357 0.110953 0.91239
497.419 310.854 0.154043 0.136158 0.857812
853.034 327.352 0.205467 -0.141222 0.943969
741.164 398.846 0.258809 -0.036829 0.913281
799.012 403.546 0.245503 -0.0810067 0.88094
518.818 134.081 0.0379365 0.140559 0.957748
572.404 122.62 0.0303784 0.0955444 0.954306
638.383 193.408 0.0833417 0.0429888 0.92566
572.554 125.349 0.0322898 0.0960189 0.955629
772.417 8.48478 -0.0490646 -0.0638955 0.970455
516.16 51.5132 -0.0285865 0.148606 1.00017
533.804 330.848 0.206959 0.154297 0.956424
559.424 115.809 0.018483 0.127033 1.0266
903.838 134.668 0.0426363 -0.180199 0.976355
836.954 170.107 0.0693126 -0.11422 0.938738
805.692 402.028 0.272621 -0.0982361 0.928308
838.095 90.7308 0.0112242 -0.113745 0.949797
660.06 122.182 0.0299323 0.027538 0.972306
712.695 285.932 0.155831 -0.013376 0.915481
905.195 207.444 0.091113 -0.144255 0.871291
818.62 97.123 0.0174913 -0.0940491 0.928611
574.174 53.3295 -0.0198265 0.0910805 0.965124
617.019 120.237 0.029364 0.0595806 0.951876
618.37 123.415 0.0313889 0.059531 0.956568
665.704 1.15547 -0.0544522 0.0181791 0.968723
652.572 290.244 0.160144 0.0362526 0.921532
597.429 55.7078 -0.0148961 0.0696515 0.947654
598.743 202.861 0.0913839 0.0780683 0.941763
808.353 187.082 0.0812365 -0.0899993 0.929288
700.816 3.54918 -0.0497552 -0.00862063 0.957671
838.281 23.3028 -0.035834 -0.11269 0.958402
863.849 312.022 0.185218 -0.143427 0.927765
807.486 186.724 0.0816572 -0.0915633 0.939685
809.24 183.575 0.0789091 -0.0916068 0.934077
654.627 292.555 0.167418 0.0369554 0.939537
636.449 198.451 0.0875791 0.0455718 0.931171
604.001 197.574 0.0877621 0.0746627 0.94755
908.907 205.604 0.0999762 -0.184498 0.958586
818.097 11.6036 -0.0966773 -0.139491 1.14175
905.794 131.366 0.0416362 -0.165998 0.939242
710.045 58.789 -0.015822 -0.01504 0.972145
911.135 134.234 0.0434538 -0.174805 0.94948
793.501 27.631 -0.0480276 -0.0898065 1.02123
792.078 346.463 0.216345 -0.0830044 0.928686
815.391 200.198 0.103522 -0.143132 1.11115
530.099 145.007 -0.0680179 0.479312 1.65734
520.305 237.623 0.117188 0.143417 0.935234
836.085 394.468 0.268995 -0.128139 0.934466
617.048 124.209 0.0320892 0.0602564 0.954407
656.165 117.193 0.0282531 0.0277251 0.943138
792.697 89.9452 -0.10855 -0.187765 1.4628
783.042 109.524 0.0235388 -0.0719781 0.953623
727.662 86.0993 -0.150656 -0.060588 1.55594
717.094 91.1247 -0.233568 -0.0421187 1.77811
758.072 74.9311 -0.160145 -0.126094 1.53032
753.434 50.4788 -0.251664 -0.128739 1.63524
837.502 52.2422 -0.0548849 -0.161813 1.13111
758.87 72.571 -0.158193 -0.125419 1.5151
814.117 37.1831 -0.0942189 -0.15389 1.21031
783.381 66.551 -0.222043 -0.205802 1.63974
797.325 77.8887 -0.103921 -0.17797 1.393
775.099 93.0623 -0.244837 -0.227112 1.81677
603.271 74.9953 -0.00455211 0.0699856 0.965561
766.434 105.028 -0.100472 -0.144559 1.51607
923.292 207.624 0.095828 -0.172018 0.905436
814.064 175.399 0.0716544 -0.0899446 0.911403
759.612 415.335 0.28927 -0.056269 0.933719
771.873 83.0749 -0.232646 -0.198785 1.73848
832.29 408.732 0.311147 -0.14031 0.9761
722.081 86.9226 -0.257676 -0.0586282 1.80874
728.058 76.1349 -0.145427 -0.0579583 1.49629
844.962 172.697 0.0717117 -0.123314 0.947233
790.766 93.7443 -0.106749 -0.187586 1.47639
746.364 100.049 -0.0625899 -0.0825164 1.36293
816.962 155.852 0.0584469 -0.101089 0.953652
716.934 90.7084 -0.229448 -0.041351 1.7668
649.83 81.5882 -0.00307584 0.0361792 0.991372
735.494 138.558 -0.351854 -0.155815 2.34795
523.475 143.01 0.0445436 0.139386 0.961762
787.801 104.449 -0.105109 -0.19525 1.5285
795.614 28.129 -0.0449634 -0.0896941 1.01039
515.039 127.131 0.0331705 0.139979 0.950522
782.682 107.568 0.0220627 -0.0717604 0.95437
838.387 87.9759 0.00926488 -0.113923 0.950154
615.117 121.338 0.0307464 0.0594227 0.942198
613.564 294.045 0.159941 0.0665862 0.912173
758.959 414.46 0.291987 -0.056388 0.939422
852.602 396.324 0.283353 -0.151899 0.954435
536.618 163.234 0.060121 0.123034 0.939173
858.091 326.964 0.199073 -0.139962 0.928308
550.868 17.8489 -0.103105 0.168492 1.1677
538.914 167.211 0.0633109 0.125756 0.950954
787.254 60.8631 -0.209955 -0.202631 1.58936
759.4 66.038 -0.159793 -0.122611 1.49142
567.578 69.7856 -0.00492004 0.0914157 0.941284
774.301 72.266 -0.225565 -0.190278 1.67216
722.044 69.5384 -0.252373 -0.0547282 1.71449
793.543 99.6077 0.0178087 -0.0776785 0.940544
537.374 428.489 0.159285 0.0672961 0.711071
601.899 414.492 0.296834 0.0996899 0.953382
843.612 93.936 0.011233 -0.124093 0.970682
643.229 65.3783 -0.0116716 0.0384778 0.970627
643.817 66.1439 -0.0122709 0.0388431 0.977491
586.462 401.181 0.259938 0.101019 0.917341
482.626 50.7224 -0.023527 0.163819 0.970094
617.774 123.543 0.0313979 0.0602304 0.957786
657.299 216.717 0.116264 0.0461136 1.06901
702.268 96.0594 0.0118833 -0.00818241 0.963556
881.244 199.29 0.0915773 -0.14858 0.929244
519.658 420.585 0.333272 0.209812 1.00074
596.642 423.881 0.278067 0.0918911 0.908866
794.587 419.581 0.281926 -0.0855173 0.914153
862.975 400.783 0.257943 -0.141759 0.903836
497.736 423.702 0.296361 0.19764 0.940824
744.703 117.607 -0.325364 -0.173456 2.1331
641.216 214.759 0.0971507 0.0391923 0.905851
781.71 113.83 0.0258799 -0.0725778 0.96343
794.848 417.387 0.282736 -0.0867359 0.918909
521.384 301.887 0.169197 0.147381 0.92607
656.905 116.213 0.0275223 0.0271803 0.943841
795.233 419.506 0.283487 -0.0866699 0.916617
804.037 3.19756 -0.0252546 -0.0659634 0.847442
849.578 24.6081 -0.0485102 -0.137951 1.01661
528.44 163.417 0.0438309 0.0526995 0.688602
499.937 35.6993 -0.0295421 0.141224 0.950824
487.744 131.07 0.0336089 0.177621 0.985763
762.162 97.7694 -0.134119 -0.143911 1.57323
735.466 77.3813 -0.225509 -0.0899989 1.69339
737.149 396.819 0.257377 -0.0333499 0.914474
850.584 432.864 0.334433 -0.158656 0.965224
852.13 331.044 0.209552 -0.141178 0.945186
765.755 74.0303 -0.243577 -0.176412 1.71861
762.539 420.034 0.282726 -0.0566451 0.915853
822.682 37.0546 -0.175873 -0.227921 1.42454
777.776 346.783 0.213044 -0.0689965 0.921161
762.075 419.653 0.277243 -0.0551366 0.908114
836.27 60.9379 -0.0126862 -0.116288 0.97091
634.582 449.941 0.321617 0.0649216 0.92897
658.894 63.6196 -0.0118048 0.0254304 0.965073
707.184 202.136 0.0868237 -0.0101591 0.886485
767.191 422.682 0.275239 -0.0585707 0.900176
742.711 110.522 -0.271446 -0.143989 1.97402
740.124 130.418 -0.106974 -0.104787 1.69514
643.034 192.77 0.084133 0.0415127 0.941899
562.192 56.7663 -0.0172497 0.100158 0.963144
660.223 118.108 0.0278766 0.0259987 0.958647
615.477 295.603 0.164963 0.0678271 0.924515
714.133 415.684 0.28798 -0.0127829 0.932959
507.755 48.2945 -0.0256118 0.145201 0.973602
674.235 456.662 0.327296 0.0265018 0.924808
712.733 418.745 0.287277 -0.0113687 0.926801
911.033 133.708 0.0430702 -0.17457 0.949243
775.846 392.934 0.256793 -0.0683649 0.918691
561.218 55.7443 -0.0179679 0.100839 0.9632
587.793 399.57 0.264611 0.103184 0.928123
833.411 65.4357 -0.0111982 -0.116827 0.980997
590.541 460.406 0.282249 0.0867194 0.863666
523.257 303.261 0.171679 0.147763 0.930063
723.061 612.246 0.20617 -0.0115885 0.652585
761.102 449.423 0.320787 -0.0571833 0.924012
880.618 292.891 0.15004 -0.132348 0.86799
860.459 401.012 0.26839 -0.146426 0.92089
569.468 77.1294 -0.00266856 0.0954955 0.960289
640.915 616.131 0.205381 0.0191898 0.650899
558.404 380.829 0.234145 0.119411 0.907786
725.671 467.39 0.312155 -0.0216728 0.889025
711.196 240.918 0.166113 -0.0149944 1.24432
557.378 38.8566 -0.0278444 0.100223 0.955467
525.169 427.833 0.329664 0.194262 0.981438
627.58 423.08 0.270875 0.0620099 0.897937
908.469 130.429 0.0402696 -0.175649 0.957438
505.162 406.005 0.162319 0.0902115 0.738331
834.772 485.321 0.364612 -0.131388 0.922733
626.395 427.33 0.269583 0.0615118 0.88961
794.144 447.508 0.324903 -0.0905887 0.931063
824.713 44.0335 -0.020603 -0.101241 0.949782
796.664 418.782 0.278084 -0.0862755 0.909487
594.057 401.582 0.267309 0.097926 0.92888
607.379 485.053 0.393523 0.106808 0.962803
606.145 445.242 0.330625 0.0980897 0.949353
678.507 426.796 0.266303 0.0172448 0.883602
616.106 297.582 0.165785 0.0668133 0.921527
940.464 631.443 0.203642 -0.0886763 0.63834
708.902 213.133 0.114209 -0.0121472 1.07944
711.451 56.691 -0.016892 -0.0161546 0.969981
864.9 285.071 0.163042 -0.144268 0.934065
839.233 92.6027 0.0116771 -0.116885 0.957762
494.9 454.091 0.361474 0.232678 0.979124
500.069 451.332 0.370083 0.236569 0.994516
514.724 448.398 0.394179 0.241541 1.02937
838.957 23.9255 -0.0352689 -0.113061 0.957717
818.862 151.186 0.0549386 -0.100741 0.946609
804.974 402.745 0.27429 -0.098 0.929823
643.426 216.323 0.0998387 0.0391879 0.917677
573.885 74.3822 0.000887945 0.0821664 0.920955
514.462 449.143 0.394912 0.24177 1.02887
705.648 169.666 0.061184 -0.00931059 0.824572
702.61 89.9377 0.0107242 -0.00860012 0.935251
857.622 594.944 0.21798 -0.0677552 0.671959
680.947 423.243 0.278372 0.0169682 0.907212
861.759 340.373 0.222666 -0.154396 0.953653
712.739 236.963 0.168741 -0.0184728 1.35446
589.803 471.277 0.53997 0.20408 1.13946
551.85 459.114 0.437617 0.214029 1.05847
499.55 452.625 0.367829 0.234082 0.989438
783.144 350.449 0.213325 -0.0724417 0.913833
837.769 401.817 0.31457 -0.152507 0.994779
658.445 259.356 0.223365 0.112453 1.45275
861.638 338.726 0.212218 -0.145996 0.932995
841.017 416.14 0.289547 -0.13309 0.929552
518.106 417.533 0.328752 0.210438 1.00013
859.171 399.942 0.267259 -0.145141 0.920911
522.209 208.497 0.0966556 0.149063 0.962286
891.108 200.587 0.0894004 -0.144141 0.897583
950.225 72.2286 -0.000558451 -0.200321 0.951611
601.092 448.757 0.326558 0.100151 0.938568
831.482 480.157 0.376814 -0.13522 0.943437
531.344 338.899 0.210358 0.152693 0.944985
956.801 379.965 0.308467 -0.305893 1.02645
541.168 94.0618 0.00948367 0.117681 0.95538
781.345 114.975 0.0268415 -0.0720707 0.961918
915.632 207.571 0.0988498 -0.178352 0.932297
810.036 472.379 0.289718 -0.0861039 0.852193
825.524 442.827 0.360277 -0.139015 0.98301
601.413 414.809 0.294046 0.0986833 0.948496
700.258 77.6659 0.00023783 -0.00696919 0.952681
607.841 176.578 0.0727221 0.0802833 0.996045
680.47 232.343 0.145734 0.131285 2.01255
536.058 324.951 0.204409 0.155181 0.965284
951.195 404.905 0.350637 -0.314789 1.03764
715.661 493.328 0.372358 -0.0128068 0.924404
838.158 167.929 0.0674173 -0.112757 0.930495
643.827 460.476 0.323656 0.0542542 0.915722
834.212 392.741 0.278442 -0.132838 0.953827
934.861 357.258 0.320129 -0.33281 1.11068
615.675 38.8701 -0.0333072 0.0611565 0.984707
579.651 25.4773 -0.0366702 0.082829 0.956964
846.188 429.413 0.347754 -0.163565 0.989577
542.447 116.146 0.0246248 0.121432 0.96307
568.654 213.419 0.113409 0.354891 1.55038
660.301 72.9567 -0.00989178 0.0271769 0.994245
840.141 472.664 0.399845 -0.158376 0.979676
681.821 458.359 0.282445 0.0141869 0.863716
747.445 403.274 0.243905 -0.0392891 0.880506
841.114 83.9381 0.00821475 -0.111885 0.935507
601.182 449.65 0.328533 0.100571 0.939769
701.103 142.246 0.0367665 -0.00693571 0.677586
525.206 303.013 0.172716 0.147795 0.933988
650.723 60.0518 -0.010135 0.0291582 0.939368
549.344 115.178 0.0232289 0.118638 0.972138
855.855 9.36205 -0.0482742 -0.129485 0.972918
624.542 427.655 0.27184 0.0637751 0.892616
697 32.4057 -0.00827006 -0.00616782 0.822491
673.483 492.264 0.350931 0.0268399 0.903902
721.563 555.097 0.183574 -0.0114053 0.656944
525.97 72.3645 -0.0183286 0.153662 1.02999
838.053 55.6137 -0.0142026 -0.114102 0.958234
915.151 132.741 0.0427475 -0.173438 0.939188
524.11 200.016 0.0914719 0.156781 0.988032
914.337 211.128 0.102033 -0.179188 0.935593
782.128 349.554 0.211279 -0.0710568 0.91115
954.541 345.734 0.271433 -0.306516 1.0437
603.18 219.122 0.101101 0.0699068 0.915579
585.544 66.1853 -0.0107465 0.0830796 0.964532
781.943 610.814 0.209564 -0.034317 0.656043
762.042 455.435 0.310937 -0.0551478 0.902475
634.318 452.007 0.320429 0.0643165 0.9243
680.14 174.706 -0.00103856 -0.00313104 0.433173
853.902 21.5352 -0.0556119 -0.147167 1.03528
627.622 182.4 0.0674668 0.0356144 0.825276
721.008 458.068 0.323656 -0.0184036 0.91646
681.273 447.889 0.325474 0.0202459 0.935455
724.364 597.254 0.215036 -0.0126432 0.669484
881.31 373.171 0.253054 -0.173089 0.944619
876.318 373.325 0.262885 -0.176731 0.963106
824.592 396.724 0.267358 -0.115451 0.928114
840.531 473.434 0.402788 -0.159781 0.981653
682.398 490.538 0.382244 0.0218182 0.939965
590.843 425.601 0.269667 0.0923018 0.893568
815.24 407.204 0.251208 -0.0952442 0.884221
836.022 171.549 0.0704814 -0.114232 0.941177
881.874 151.726 0.0561901 -0.150256 0.942937
634.293 0.116425 -0.0479596 0.0385217 0.939336
690.999 200.283 0.0142759 -0.00410012 0.484916
635.162 78.2803 -0.00219401 0.0452155 0.967811
868.001 291.404 0.163579 -0.141006 0.916889
836.999 407.551 0.352728 -0.170516 1.04088
915.767 166.863 0.0680473 -0.178597 0.942068
861.216 312.904 0.18954 -0.14501 0.937856
510.354 427.804 0.318516 0.201044 0.966027
849.368 412.862 0.285755 -0.140473 0.928908
755.272 453.243 0.334008 -0.0531131 0.935493
708.727 175.394 0.0396361 -0.0126877 1.49698
753.656 449.866 0.341816 -0.0533203 0.950738
546.169 115.754 0.02386 0.12041 0.969345
581.079 119.006 0.0277405 0.0887883 0.955984
797.098 447.267 0.349836 -0.101754 0.96342
649.073 203.011 0.0946427 0.0405704 0.9691
651.813 49.9404 -0.0199216 0.0297005 0.957626
847.487 55.3534 -0.0144887 -0.121774 0.959461
615.205 19.5091 -0.0498793 0.0624291 0.997337
712.084 34.7589 -0.0250846 -0.0162681 0.93588
793.349 402.153 0.25668 -0.0809064 0.902127
787.826 504.582 0.457497 -0.102605 0.990791
668.965 254.01 0.181227 0.0517895 1.21042
836.952 469.102 0.414776 -0.163425 1.00194
546.306 58.0402 -0.00466042 0.0904979 0.886261
638.089 277.769 0.201791 0.0876641 1.13792
950.487 173.315 0.0669742 -0.156714 0.839113
656.966 109.514 0.0209495 0.0289026 0.965549
708.035 225.644 0.106946 -0.0105493 0.911265
809.25 121.493 0.033302 -0.0905748 0.940848
876.134 140.913 0.0471039 -0.157972 0.979403
523.872 313.404 0.186866 0.156888 0.94824
501.225 23.189 -0.0305822 0.127056 0.917959
834.301 144.658 0.0499461 -0.117327 0.963248
522.118 112.317 0.0233905 0.129356 0.941054
896.371 429.539 0.286466 -0.173594 0.901779
714.576 263.962 0.293468 -0.0256891 2.08085
744.084 98.1863 -0.260433 -0.136141 1.87666
632.269 228.961 0.146001 0.273864 1.79561
508.077 30.6929 -0.0300835 0.130214 0.938253
636.089 200.95 0.0895978 0.0461794 0.932397
718.012 103.349 -0.244013 -0.0471647 1.86896
881.439 373.98 0.254287 -0.173642 0.945318
791.928 412.391 0.298086 -0.091081 0.951065
709.914 57.6711 -0.015492 -0.0148614 0.965808
611.73 226.752 0.113761 0.0740081 0.963772
570.435 126.203 0.0331937 0.096374 0.950431
792.69 104.466 0.0205062 -0.0785197 0.948179
834.144 411.119 0.303063 -0.136461 0.959193
745.589 107.764 -0.287673 -0.156995 1.99113
731.049 107.464 -0.303358 -0.103164 2.02057
579.872 121.272 0.029592 0.0891374 0.952798
664.067 6.86069 -0.0511128 0.0197211 0.970149
599.316 63.6629 -0.0112793 0.0708238 0.958087
712.015 290.905 0.163724 -0.0128759 0.928263
863.642 340.501 0.20954 -0.143927 0.922622
904.718 132.457 0.0424098 -0.165248 0.939226
614.211 300.15 0.167947 0.0685661 0.921461
651.844 296.834 0.166772 0.0376397 0.924796
679.2 416.33 0.287057 0.0203558 0.931832
531.892 326.135 0.200432 0.153131 0.951545
570.602 357.315 0.221582 0.113221 0.92754
511.413 125.873 0.0324186 0.141326 0.947055
