713.921 415.312 0.287414 -0.0127531 0.930941
634.469 415.583 0.288798 0.0632534 0.935636
595.819 201.294 0.0900403 0.0773713 0.92897
789.726 388.423 0.264452 -0.0849509 0.937988
782.942 348.82 0.211462 -0.0718103 0.910902
712.27 290.275 0.161424 -0.0130451 0.918807
914.966 131.059 0.0422756 -0.173531 0.94042
513.306 141.661 0.045053 0.141484 0.946055
852.941 68.2517 0.00516376 -0.105313 0.884017
868.129 287.217 0.16224 -0.142627 0.921681
568.019 356.106 0.217522 0.112142 0.918572
571.153 123.564 0.0323493 0.0959094 0.951142
613.136 296.019 0.163398 0.0676089 0.914587
650.904 292.498 0.161322 0.0369312 0.915495
567.08 356.778 0.215342 0.110847 0.912432
497.383 309.267 0.154028 0.136051 0.857854
853.086 326.415 0.205452 -0.141329 0.944012
741.09 397.753 0.258794 -0.0369355 0.913324
798.939 402.464 0.245487 -0.0811133 0.880983
518.931 132.503 0.0379214 0.140453 0.95779
572.565 121.085 0.0303634 0.0954378 0.954349
638.518 192.013 0.0833266 0.0428823 0.925702
572.713 123.82 0.0322748 0.0959124 0.955671
772.891 7.00176 -0.0490796 -0.0640021 0.970498
516.332 49.8483 -0.0286015 0.1485 1.00021
533.773 329.525 0.206944 0.154191 0.956466
559.578 114.358 0.0184679 0.126927 1.02664
904.241 133.607 0.0426212 -0.180306 0.976398
837.248 168.955 0.0692975 -0.114326 0.93878
805.618 401.047 0.272606 -0.0983426 0.928351
838.512 89.4637 0.0112092 -0.113852 0.94984
660.288 120.787 0.0299172 0.0274314 0.972349
712.76 284.724 0.155816 -0.0134826 0.915524
905.474 206.292 0.091098 -0.144362 0.871333
819.01 95.8047 0.0174762 -0.0941557 0.928653
574.4 51.6858 -0.0198416 0.0909739 0.965167
617.216 118.749 0.029349 0.059474 0.951919
618.565 121.942 0.0313738 0.0594244 0.956611
652.61 288.975 0.160129 0.036146 0.921574
597.675 54.0681 -0.0149111 0.0695449 0.947696
598.846 201.459 0.0913688 0.0779618 0.941806
808.602 185.9 0.0812214 -0.0901058 0.929331
701.22 1.94572 -0.0497702 -0.0087272 0.957714
838.803 21.9145 -0.0358491 -0.112797 0.958444
863.931 311.056 0.185203 -0.143534 0.927807
807.735 185.56 0.0816421 -0.0916699 0.939728
809.494 182.399 0.078894 -0.0917134 0.93412
654.663 291.325 0.167403 0.0368488 0.93958
636.578 197.072 0.087564 0.0454653 0.931214
604.112 196.183 0.0877471 0.0745562 0.947593
909.19 204.63 0.0999611 -0.184604 0.958629
818.625 10.3894 -0.0966923 -0.139598 1.14179
906.202 130.238 0.0416212 -0.166105 0.939285
710.39 57.3373 -0.015837 -0.0151466 0.972187
911.543 133.136 0.0434387 -0.174911 0.949523
793.972 26.2899 -0.0480426 -0.0899131 1.02127
792.085 345.434 0.21633 -0.0831109 0.928728
815.624 199.311 0.103507 -0.143238 1.11119
530.167 144.018 -0.0680329 0.479205 1.65739
520.338 236.154 0.117173 0.143311 0.935276
836.026 393.534 0.26898 -0.128245 0.934509
617.241 122.732 0.0320742 0.0601499 0.954449
656.395 115.733 0.0282381 0.0276185 0.943181
793.087 89.0853 -0.108565 -0.187872 1.46285
783.385 108.229 0.0235237 -0.0720847 0.953665
727.986 85.1877 -0.150671 -0.0606946 1.55598
717.398 90.2762 -0.233584 -0.0422253 1.77816
758.447 74.0206 -0.16016 -0.126201 1.53036
753.839 49.5331 -0.251679 -0.128846 1.63528
837.987 51.1349 -0.0548999 -0.161919 1.13115
759.249 71.6501 -0.158208 -0.125525 1.51514
814.604 36.0811 -0.0942339 -0.153996 1.21035
783.802 65.6854 -0.222058 -0.205909 1.63978
797.737 76.9738 -0.103936 -0.178077 1.39304
775.473 92.2978 -0.244852 -0.227219 1.81681
603.502 73.4313 -0.00456717 0.069879 0.965603
766.775 104.192 -0.100487 -0.144666 1.51611
923.581 206.57 0.0958129 -0.172125 0.905478
814.334 174.172 0.0716394 -0.0900511 0.911445
759.517 414.309 0.289255 -0.0563755 0.933762
772.256 82.2633 -0.232661 -0.198891 1.73853
832.204 407.868 0.311132 -0.140417 0.976142
722.396 86.0761 -0.257691 -0.0587348 1.80878
728.396 75.1775 -0.145442 -0.0580649 1.49634
845.257 171.574 0.0716966 -0.12342 0.947275
791.149 92.8966 -0.106764 -0.187693 1.47643
746.69 99.1045 -0.062605 -0.082623 1.36297
817.264 154.679 0.0584319 -0.101196 0.953695
717.238 89.8561 -0.229463 -0.0414575 1.76684
650.094 80.1362 -0.0030909 0.0360726 0.991414
735.758 137.94 -0.351869 -0.155922 2.34799
523.584 141.46 0.0445286 0.139279 0.961805
788.166 103.643 -0.105124 -0.195357 1.52854
796.086 26.7769 -0.0449785 -0.0898007 1.01043
515.154 125.525 0.0331555 0.139872 0.950564
783.027 106.271 0.0220476 -0.0718669 0.954413
838.809 86.7046 0.00924982 -0.114029 0.950197
615.312 119.833 0.0307313 0.0593161 0.942241
613.584 292.711 0.159926 0.0664796 0.912216
758.865 413.443 0.291972 -0.0564946 0.939464
852.539 395.448 0.283338 -0.152005 0.954478
536.719 161.692 0.0601059 0.122927 0.939216
858.146 326.005 0.199058 -0.140068 0.928351
551.085 16.3433 -0.10312 0.168385 1.16774
539.013 165.699 0.0632959 0.125649 0.950997
787.687 59.9728 -0.20997 -0.202738 1.5894
759.788 65.0927 -0.159808 -0.122718 1.49147
567.784 68.1248 -0.0049351 0.0913092 0.941326
774.702 71.4129 -0.22558 -0.190385 1.6722
722.382 68.6254 -0.252388 -0.0548347 1.71454
793.908 98.2846 0.0177937 -0.0777851 0.940586
537.223 426.566 0.15927 0.0671895 0.711113
601.804 413.295 0.296819 0.0995833 0.953425
844.03 92.7172 0.011218 -0.124199 0.970724
643.506 63.8537 -0.0116867 0.0383712 0.97067
644.093 64.6326 -0.012286 0.0387365 0.977533
586.375 399.896 0.259923 0.100912 0.917383
482.77 48.9676 -0.0235421 0.163713 0.970136
617.968 122.072 0.0313829 0.0601238 0.957829
657.419 215.603 0.116249 0.046007 1.06905
702.561 94.6556 0.0118682 -0.00828898 0.963599
881.52 198.219 0.0915623 -0.148687 0.929286
519.568 419.355 0.333257 0.209705 1.00078
596.534 422.601 0.278052 0.0917845 0.908909
794.488 418.566 0.281911 -0.0856238 0.914195
862.911 399.83 0.257928 -0.141865 0.903879
497.637 422.351 0.296346 0.197533 0.940866
745.006 116.922 -0.325379 -0.173563 2.13314
641.33 213.357 0.0971356 0.0390858 0.905893
782.045 112.558 0.0258648 -0.0726844 0.963472
794.751 416.381 0.282721 -0.0868425 0.918951
521.368 300.47 0.169182 0.147275 0.926113
657.137 114.754 0.0275072 0.0270738 0.943884
795.133 418.497 0.283472 -0.0867765 0.91666
804.548 1.49748 -0.0252696 -0.0660699 0.847485
850.113 23.3238 -0.0485252 -0.138057 1.01665
528.522 161.075 0.0438158 0.052593 0.688644
500.11 33.9031 -0.0295572 0.141118 0.950867
487.836 129.495 0.0335939 0.177515 0.985806
762.509 96.9336 -0.134134 -0.144018 1.57327
735.811 76.4997 -0.225524 -0.0901055 1.69344
737.078 395.722 0.257362 -0.0334565 0.914517
850.46 432.014 0.334418 -0.158762 0.965266
852.176 330.111 0.209537 -0.141284 0.945229
766.143 73.1831 -0.243592 -0.176518 1.71865
762.438 418.982 0.282711 -0.0567517 0.915895
823.19 36.0866 -0.175888 -0.228027 1.42458
777.779 345.722 0.213029 -0.0691031 0.921204
761.975 418.585 0.277228 -0.0552432 0.908156
836.732 59.6459 -0.0127013 -0.116394 0.970952
634.449 448.752 0.321602 0.064815 0.929012
659.187 62.102 -0.0118199 0.0253238 0.965115
707.35 200.76 0.0868087 -0.0102656 0.886527
767.087 421.606 0.275224 -0.0586773 0.900219
743.021 109.792 -0.271461 -0.144096 1.97406
740.403 129.669 -0.106989 -0.104893 1.69518
643.172 191.411 0.084118 0.0414061 0.941942
562.404 55.1113 -0.0172648 0.100052 0.963187
660.455 116.682 0.0278615 0.0258921 0.958689
615.496 294.297 0.164948 0.0677205 0.924557
714.036 414.598 0.287965 -0.0128895 0.933001
507.923 46.5717 -0.0256269 0.145094 0.973644
674.09 455.518 0.327281 0.0263952 0.92485
712.632 417.647 0.287262 -0.0114753 0.926843
911.442 132.608 0.0430552 -0.174677 0.949286
775.783 391.893 0.256778 -0.0684714 0.918733
561.43 54.0861 -0.017983 0.100733 0.963243
587.709 398.306 0.264596 0.103077 0.928165
833.865 64.1653 -0.0112133 -0.116934 0.981039
590.395 459.035 0.282234 0.0866129 0.863709
523.242 301.854 0.171664 0.147657 0.930105
722.713 610.353 0.206155 -0.011695 0.652627
760.959 448.391 0.320772 -0.0572898 0.924055
880.741 291.802 0.150025 -0.132455 0.868032
860.393 400.089 0.268375 -0.146532 0.920933
569.668 75.5182 -0.00268361 0.0953889 0.960332
640.566 614.122 0.205366 0.0190832 0.650942
558.332 379.48 0.23413 0.119304 0.907829
725.508 466.249 0.31214 -0.0217794 0.889068
711.313 240.081 0.166098 -0.0151009 1.24436
557.602 37.1464 -0.0278594 0.100117 0.955509
525.072 426.584 0.329649 0.194155 0.98148
627.472 421.818 0.27086 0.0619033 0.897979
908.882 129.335 0.0402545 -0.175755 0.95748
505.031 404.137 0.162304 0.0901049 0.738373
834.568 484.384 0.364597 -0.131495 0.922775
626.282 426.052 0.269568 0.0614052 0.889653
794.001 446.531 0.324888 -0.0906953 0.931105
825.189 42.6575 -0.020618 -0.101348 0.949824
796.567 417.761 0.278069 -0.0863821 0.90953
593.971 400.328 0.267294 0.0978195 0.928922
607.22 483.883 0.393508 0.106702 0.962845
606.021 444.05 0.33061 0.0979831 0.949395
678.395 425.573 0.266288 0.0171382 0.883644
616.123 296.273 0.16577 0.0667068 0.92157
940.084 629.76 0.203627 -0.0887829 0.638382
709.054 212.093 0.114194 -0.0122538 1.07949
711.8 55.2332 -0.016907 -0.0162612 0.970023
865.026 284.093 0.163027 -0.144374 0.934108
839.649 91.3543 0.0116621 -0.116991 0.957804
494.791 452.8 0.361459 0.232571 0.979166
499.964 450.07 0.370068 0.236463 0.994558
514.623 447.202 0.394164 0.241434 1.02941
839.478 22.5383 -0.0352839 -0.113167 0.957759
819.172 149.994 0.0549235 -0.100848 0.946652
804.9 401.767 0.274275 -0.0981066 0.929865
643.539 214.95 0.0998236 0.0390814 0.91772
574.093 72.6999 0.000872888 0.0820599 0.920997
514.361 447.945 0.394897 0.241663 1.02891
705.853 168.086 0.061169 -0.00941715 0.824614
702.911 88.473 0.0107092 -0.00870669 0.935293
857.29 593.324 0.217965 -0.0678618 0.672002
680.84 422.069 0.278356 0.0168616 0.907255
861.791 339.474 0.222651 -0.154503 0.953695
712.861 236.204 0.168726 -0.0185793 1.35451
589.681 470.29 0.539955 0.203973 1.1395
551.738 458 0.437602 0.213923 1.05851
499.443 451.355 0.367814 0.233975 0.98948
783.144 349.383 0.21331 -0.0725482 0.913876
837.692 400.987 0.314555 -0.152613 0.994822
658.516 258.614 0.22335 0.112347 1.4528
861.674 337.789 0.212202 -0.146103 0.933037
840.923 415.213 0.289532 -0.133197 0.929595
518.018 416.299 0.328737 0.210332 1.00017
859.107 399.016 0.267244 -0.145248 0.920954
522.266 207.043 0.0966405 0.148957 0.962328
891.389 199.466 0.0893853 -0.144248 0.897626
950.777 71.0694 -0.000573508 -0.200427 0.951653
600.964 447.541 0.326543 0.100044 0.938611
831.284 479.251 0.376799 -0.135326 0.943479
531.305 337.559 0.210343 0.152587 0.945028
956.772 379.324 0.308452 -0.305999 1.02649
541.33 92.4384 0.00946862 0.117574 0.955423
781.678 113.702 0.0268265 -0.0721772 0.961961
915.916 206.56 0.0988348 -0.178459 0.93234
809.863 471.27 0.289703 -0.0862104 0.852235
825.382 441.972 0.360262 -0.139122 0.983053
601.317 413.603 0.294031 0.0985768 0.948539
700.572 76.2064 0.000222772 -0.00707576 0.952724
607.975 175.243 0.0727071 0.0801767 0.996087
680.572 231.794 0.145719 0.131179 2.01259
536.032 323.642 0.204394 0.155074 0.965326
951.113 404.281 0.350622 -0.314895 1.03769
715.466 492.237 0.372343 -0.0129133 0.924446
838.456 166.759 0.0674022 -0.112863 0.930537
643.681 459.277 0.323641 0.0541477 0.915764
834.154 391.838 0.278427 -0.132945 0.95387
934.865 356.681 0.320114 -0.332917 1.11073
615.953 37.2797 -0.0333222 0.0610499 0.98475
579.909 23.7695 -0.0366852 0.0827224 0.957007
846.067 428.593 0.347739 -0.163672 0.98962
542.591 114.577 0.0246097 0.121326 0.963113
568.717 212.553 0.113394 0.354784 1.55043
660.583 71.5054 -0.00990684 0.0270703 0.994287
839.949 471.824 0.39983 -0.158482 0.979718
681.672 457.107 0.28243 0.0140804 0.863759
747.367 402.125 0.24389 -0.0393957 0.880549
841.544 82.6362 0.00819969 -0.111991 0.93555
601.053 448.436 0.328518 0.100464 0.939812
701.333 140.031 0.0367514 -0.00704228 0.677629
525.191 301.616 0.172701 0.147688 0.93403
651.013 58.4725 -0.0101501 0.0290516 0.939411
549.494 113.631 0.0232138 0.118532 0.972181
856.418 7.98822 -0.0482892 -0.129592 0.972961
624.429 426.38 0.271825 0.0636686 0.892658
697.366 30.5659 -0.00828512 -0.00627439 0.822533
673.298 491.083 0.350916 0.0267334 0.903944
721.286 553.213 0.183559 -0.0115119 0.656986
526.132 70.7955 -0.0183437 0.153556 1.03003
838.525 54.2924 -0.0142177 -0.114208 0.958276
915.565 131.627 0.0427324 -0.173545 0.93923
524.174 198.596 0.0914568 0.156675 0.988075
914.614 210.127 0.102018 -0.179295 0.935636
782.129 348.481 0.211264 -0.0711634 0.911193
954.578 345.095 0.271418 -0.306622 1.04374
603.269 217.698 0.101086 0.0698003 0.915622
585.768 64.5803 -0.0107616 0.0829731 0.964575
781.594 609.016 0.209549 -0.0344236 0.656086
761.892 454.365 0.310921 -0.0552544 0.902518
634.182 450.81 0.320413 0.0642099 0.924342
680.185 168.439 -0.00105362 -0.00323761 0.433215
854.448 20.2739 -0.0556269 -0.147274 1.03532
627.761 180.741 0.0674517 0.0355078 0.825319
720.857 456.971 0.323641 -0.0185102 0.916502
681.139 446.772 0.325459 0.0201393 0.935497
724.035 595.447 0.215021 -0.0127498 0.669527
881.291 372.304 0.253039 -0.173195 0.944661
876.297 372.482 0.26287 -0.176837 0.963148
824.528 395.765 0.267343 -0.115558 0.928156
840.338 472.598 0.402773 -0.159887 0.981696
682.214 489.43 0.382229 0.0217116 0.940008
590.733 424.285 0.269652 0.0921952 0.89361
815.163 406.152 0.251193 -0.0953507 0.884264
836.313 170.402 0.0704663 -0.114338 0.94122
882.23 150.608 0.056175 -0.150362 0.94298
691.093 195.884 0.0142608 -0.00420668 0.484958
635.417 76.7661 -0.00220906 0.0451089 0.967853
868.118 290.403 0.163564 -0.141113 0.916931
836.91 406.784 0.352713 -0.170623 1.04093
916.122 165.811 0.0680322 -0.178703 0.942111
861.295 311.954 0.189525 -0.145117 0.937898
510.256 426.512 0.318501 0.200938 0.96607
849.281 411.943 0.28574 -0.14058 0.928951
755.124 452.223 0.333993 -0.0532197 0.935535
708.921 174.618 0.0396211 -0.0127943 1.49702
753.512 448.869 0.341801 -0.0534269 0.950781
546.316 114.199 0.0238449 0.120304 0.969387
581.25 117.478 0.0277254 0.0886817 0.956026
796.953 446.346 0.349821 -0.10186 0.963462
649.205 201.722 0.0946277 0.0404638 0.969142
652.114 48.3742 -0.0199367 0.029594 0.957669
847.969 54.0454 -0.0145038 -0.121881 0.959504
615.501 17.8958 -0.0498943 0.0623225 0.997379
712.462 33.1988 -0.0250996 -0.0163747 0.935923
793.276 401.107 0.256665 -0.081013 0.90217
787.595 503.682 0.457482 -0.102712 0.990834
669.048 253.107 0.181212 0.051683 1.21046
836.764 468.289 0.414761 -0.163532 1.00198
546.506 56.2204 -0.00467547 0.0903914 0.886303
638.136 276.78 0.201776 0.0875575 1.13796
950.855 172.09 0.0669592 -0.15682 0.839155
657.206 108.081 0.0209345 0.0287961 0.965592
708.172 224.353 0.106931 -0.0106559 0.911307
809.596 120.23 0.0332869 -0.0906814 0.94089
876.504 139.833 0.0470888 -0.158078 0.979445
523.85 312.041 0.186851 0.156782 0.948282
501.412 21.3085 -0.0305973 0.12695 0.918002
834.632 143.504 0.0499311 -0.117433 0.96329
522.25 110.677 0.0233755 0.12925 0.941096
896.262 428.637 0.286451 -0.1737 0.901821
714.659 263.514 0.293453 -0.0257957 2.0809
744.413 97.4092 -0.260448 -0.136248 1.8767
632.349 228.289 0.145986 0.273757 1.79565
508.262 28.8744 -0.0300985 0.130108 0.938296
636.215 199.576 0.0895827 0.0460728 0.932439
718.301 102.552 -0.244028 -0.0472713 1.869
881.419 373.114 0.254272 -0.173748 0.945361
791.837 411.436 0.298071 -0.0911876 0.951107
710.26 56.2066 -0.0155071 -0.0149679 0.965851
611.816 225.438 0.113746 0.0739016 0.963814
570.591 124.664 0.0331787 0.0962675 0.950473
793.048 103.164 0.0204911 -0.0786263 0.948221
834.055 410.232 0.303048 -0.136568 0.959236
745.907 107.033 -0.287688 -0.157101 1.99117
731.349 106.719 -0.303373 -0.103271 2.02061
580.04 119.741 0.0295769 0.0890308 0.95284
664.429 5.23903 -0.0511279 0.0196145 0.970191
599.555 62.0593 -0.0112943 0.0707173 0.958129
712.073 289.725 0.163709 -0.0129825 0.928305
863.676 339.548 0.209525 -0.144034 0.922665
905.124 131.329 0.0423947 -0.165354 0.939268
614.226 298.841 0.167932 0.0684595 0.921504
651.874 295.576 0.166757 0.0375332 0.924838
679.101 415.197 0.287042 0.0202492 0.931874
531.863 324.798 0.200417 0.153024 0.951588
570.553 356.006 0.221567 0.113114 0.927583
511.527 124.254 0.0324035 0.14122 0.947098
