713.771 414.269 0.287929 -0.0125054 0.931891
634.128 414.6 0.289314 0.0635011 0.936586
595.191 199.533 0.0905561 0.077619 0.92992
789.737 387.272 0.264968 -0.0847032 0.938939
782.931 347.472 0.211977 -0.0715626 0.911852
712.047 288.78 0.16194 -0.0127974 0.919757
915.242 128.934 0.0427915 -0.173284 0.94137
512.359 139.732 0.0455688 0.141731 0.947005
853.066 65.6298 0.0056796 -0.105066 0.884967
868.309 285.646 0.162756 -0.14238 0.922631
567.438 354.92 0.218038 0.112389 0.919522
570.388 121.555 0.0328651 0.0961571 0.952092
612.633 294.579 0.163914 0.0678566 0.915538
650.509 291.03 0.161838 0.0371789 0.916445
566.494 355.577 0.215857 0.111095 0.913383
496.49 307.73 0.154544 0.136299 0.858804
853.223 325.052 0.205968 -0.141081 0.944962
740.996 396.594 0.25931 -0.0366878 0.914274
798.995 401.192 0.246003 -0.0808656 0.881933
518.001 130.573 0.0384373 0.140701 0.95874
571.804 119.075 0.0308792 0.0956855 0.955299
638.016 190.186 0.0838424 0.04313 0.926653
571.955 121.827 0.0327906 0.0961601 0.956622
772.711 4.47836 -0.0485638 -0.0637544 0.971448
515.334 47.6825 -0.0280857 0.148748 1.00116
533.09 328.37 0.207459 0.154438 0.957417
558.798 112.545 0.0189837 0.127174 1.02759
904.465 131.62 0.0431371 -0.180058 0.977348
837.318 167.005 0.0698134 -0.114079 0.93973
805.672 399.9 0.273121 -0.0980949 0.929301
838.563 87.2199 0.011725 -0.113604 0.95079
659.815 118.809 0.0304331 0.0276791 0.973299
712.535 283.197 0.156332 -0.0132349 0.916474
905.783 204.206 0.0916138 -0.144114 0.872283
819.014 93.5134 0.0179921 -0.093908 0.929603
573.589 49.397 -0.0193257 0.0912216 0.966117
616.599 116.707 0.0298648 0.0597217 0.952869
617.956 119.93 0.0318897 0.0596721 0.957561
652.218 287.512 0.160645 0.0363937 0.922525
596.941 51.7204 -0.0143953 0.0697927 0.948647
598.233 199.742 0.0918847 0.0782095 0.942756
808.601 183.997 0.0817373 -0.0898581 0.930281
838.835 19.4008 -0.0353332 -0.112549 0.959394
864.1 309.59 0.185719 -0.143286 0.928758
807.728 183.692 0.0821579 -0.0914222 0.940678
809.493 180.497 0.0794099 -0.0914657 0.93507
654.284 289.926 0.167919 0.0370965 0.94053
636.076 195.285 0.0880799 0.045713 0.932164
603.513 194.46 0.0882629 0.0748039 0.948543
909.441 202.859 0.100477 -0.184357 0.959579
818.551 8.36157 -0.0961765 -0.13935 1.14274
906.455 128.108 0.042137 -0.165857 0.940235
710.036 55.0655 -0.0153212 -0.0148989 0.973137
911.803 131.054 0.0439545 -0.174664 0.950473
793.854 24.0215 -0.0475268 -0.0896654 1.02222
792.09 344.121 0.216846 -0.0828632 0.929678
815.601 197.934 0.104022 -0.14299 1.11214
529.489 143.134 -0.0675171 0.479453 1.65834
519.504 234.589 0.117688 0.143558 0.936226
836.141 392.363 0.269495 -0.127998 0.935459
616.628 120.716 0.03259 0.0603976 0.9554
655.901 113.634 0.0287539 0.0278662 0.944131
792.96 87.8239 -0.108049 -0.187624 1.4638
783.279 106.096 0.0240396 -0.071837 0.954615
727.721 84.0027 -0.150155 -0.0604469 1.55693
717.126 89.25 -0.233068 -0.0419776 1.77911
758.242 72.7725 -0.159644 -0.125953 1.53131
753.616 48.2793 -0.251163 -0.128598 1.63623
837.976 49.2467 -0.0543841 -0.161672 1.1321
759.044 70.3809 -0.157693 -0.125278 1.51609
814.519 34.2935 -0.0937181 -0.153748 1.2113
783.648 64.4884 -0.221542 -0.205661 1.64073
797.616 75.5984 -0.103421 -0.177829 1.39399
775.318 91.2921 -0.244336 -0.226971 1.81776
602.809 71.2372 -0.00405133 0.0701267 0.966553
766.6 103.033 -0.0999712 -0.144418 1.51706
923.908 204.617 0.0963287 -0.171877 0.906428
814.353 172.152 0.0721552 -0.0898034 0.912395
759.471 413.242 0.289771 -0.0561278 0.934712
772.089 81.1841 -0.232145 -0.198644 1.73948
832.298 406.835 0.311647 -0.140169 0.977092
722.134 85.0508 -0.257175 -0.0584871 1.80973
728.124 73.9085 -0.144926 -0.0578172 1.49729
845.346 169.661 0.0722125 -0.123172 0.948225
791.019 91.661 -0.106248 -0.187445 1.47738
746.465 97.782 -0.0620891 -0.0823753 1.36392
817.27 152.73 0.0589477 -0.100948 0.954645
716.964 88.8226 -0.228947 -0.0412098 1.76779
649.564 78.046 -0.00257506 0.0363203 0.992364
735.571 137.252 -0.351354 -0.155674 2.34894
522.681 139.581 0.0450444 0.139527 0.962755
788.034 102.489 -0.104608 -0.195109 1.52949
795.977 24.4762 -0.0444626 -0.089553 1.01138
514.2 123.54 0.0336713 0.14012 0.951514
782.919 104.132 0.0225634 -0.0716192 0.955363
838.861 84.45 0.00976566 -0.113782 0.951147
614.687 117.761 0.0312472 0.0595638 0.943191
613.079 291.25 0.160442 0.0667273 0.913166
758.816 412.388 0.292487 -0.0562469 0.940414
852.68 394.321 0.283854 -0.151757 0.955428
535.867 159.82 0.0606218 0.123175 0.940166
858.303 324.593 0.199574 -0.139821 0.929301
550.233 14.4366 -0.102604 0.168633 1.16869
538.18 163.884 0.0638117 0.125897 0.951947
787.539 58.7196 -0.209454 -0.20249 1.59035
759.581 63.7796 -0.159292 -0.12247 1.49242
566.955 65.8268 -0.00441926 0.0915569 0.942276
774.533 70.2576 -0.225064 -0.190137 1.67315
722.104 67.4907 -0.251872 -0.054587 1.71549
793.833 96.0577 0.0183095 -0.0775374 0.941536
536.44 424.732 0.159786 0.0674372 0.712063
601.386 412.367 0.297335 0.099831 0.954375
844.09 90.5602 0.0117338 -0.123952 0.971675
642.939 61.6232 -0.0111708 0.0386189 0.97162
643.531 62.429 -0.0117702 0.0389842 0.978483
585.886 398.845 0.260439 0.10116 0.918333
481.634 46.7059 -0.0230262 0.16396 0.971086
617.358 120.064 0.0318987 0.0603715 0.958779
657.021 214.256 0.116765 0.0462547 1.07
702.202 92.5224 0.0123841 -0.00804128 0.964549
881.719 196.336 0.0920781 -0.148439 0.930236
518.975 418.594 0.333773 0.209953 1.00173
596.088 421.594 0.278568 0.0920322 0.909859
794.527 417.442 0.282427 -0.0853761 0.915146
863.103 398.581 0.258444 -0.141618 0.904829
496.943 421.485 0.296861 0.197781 0.941816
744.817 116.116 -0.324863 -0.173315 2.13409
640.847 211.545 0.0976515 0.0393335 0.906844
781.935 110.479 0.0263807 -0.0724367 0.964422
794.788 415.262 0.283237 -0.0865948 0.919901
520.598 299.127 0.169698 0.147522 0.927063
656.645 112.653 0.0280231 0.0273215 0.944834
795.172 417.378 0.283988 -0.0865288 0.91761
850.158 21.0164 -0.0480094 -0.13781 1.0176
527.449 157.62 0.0443317 0.0528407 0.689595
499.011 31.4946 -0.0290413 0.141365 0.951817
486.814 127.651 0.0341097 0.177762 0.986756
762.324 95.7964 -0.133618 -0.14377 1.57422
735.565 75.3783 -0.225008 -0.0898578 1.69439
736.973 394.562 0.257878 -0.0332088 0.915467
850.596 431.01 0.334934 -0.158515 0.966216
852.311 328.763 0.210053 -0.141037 0.946179
765.959 72.0629 -0.243076 -0.176271 1.7196
762.403 417.882 0.283227 -0.056504 0.916846
823.111 34.5956 -0.175372 -0.227779 1.42553
777.752 344.397 0.213545 -0.0688554 0.922154
761.94 417.464 0.277743 -0.0549955 0.909106
836.763 57.3486 -0.0121854 -0.116147 0.971902
634.131 447.852 0.322118 0.0650627 0.929962
658.67 59.8399 -0.011304 0.0255715 0.966066
707.064 198.792 0.0873245 -0.0100179 0.887477
767.067 420.469 0.275739 -0.0584296 0.901169
742.819 108.912 -0.270945 -0.143848 1.97501
740.194 128.72 -0.106473 -0.104646 1.69613
642.689 189.635 0.0846338 0.0416538 0.942892
561.554 52.8345 -0.016749 0.1003 0.964137
659.977 114.641 0.0283774 0.0261398 0.95964
615.002 292.881 0.165464 0.0679682 0.925507
713.886 413.558 0.288481 -0.0126418 0.933951
506.878 44.3047 -0.025111 0.145342 0.974594
673.871 454.602 0.327797 0.0266429 0.9258
712.48 416.602 0.287777 -0.0112276 0.927794
911.702 130.523 0.043571 -0.174429 0.950236
775.769 390.71 0.257293 -0.0682237 0.919683
560.576 51.8048 -0.0174671 0.100981 0.964193
587.227 397.278 0.265112 0.103325 0.929115
833.884 61.9234 -0.0106975 -0.116686 0.981989
589.94 458.02 0.28275 0.0868606 0.864659
522.481 300.529 0.172179 0.147905 0.931055
722.738 608.795 0.206671 -0.0114473 0.653577
760.932 447.397 0.321288 -0.0570421 0.925005
880.991 290.052 0.15054 -0.132207 0.868982
860.568 398.888 0.268891 -0.146285 0.921883
568.86 73.3241 -0.00216777 0.0956366 0.961282
640.283 612.624 0.205882 0.0193309 0.651892
557.739 378.35 0.234646 0.119552 0.908779
725.412 465.241 0.312656 -0.0215317 0.890018
711.081 239.081 0.166614 -0.0148533 1.24532
556.716 34.7575 -0.0273436 0.100365 0.95646
524.487 425.803 0.330165 0.194403 0.98243
627.102 420.761 0.271376 0.062151 0.898929
909.129 127.266 0.0407703 -0.175508 0.95843
504.136 402.402 0.16282 0.0903526 0.739324
834.702 483.433 0.365113 -0.131247 0.923725
625.91 424.985 0.270084 0.0616529 0.890603
794.042 445.527 0.325404 -0.0904476 0.932056
825.189 40.2088 -0.0201022 -0.1011 0.950774
796.611 416.62 0.278585 -0.0861344 0.91048
593.509 399.305 0.26781 0.0980672 0.929872
606.883 483.167 0.394024 0.10695 0.963795
605.639 443.2 0.331125 0.0982308 0.950346
678.158 424.455 0.266804 0.0173859 0.884594
615.631 294.855 0.166286 0.0669545 0.92252
940.927 628.022 0.204143 -0.0885352 0.639333
708.787 210.735 0.11471 -0.0120061 1.08044
711.449 52.944 -0.0163912 -0.0160135 0.970973
865.191 282.552 0.163543 -0.144127 0.935058
839.7 89.1474 0.0121779 -0.116743 0.958754
494.158 452.109 0.361975 0.232819 0.980116
499.353 449.397 0.370584 0.23671 0.995508
514.07 446.571 0.39468 0.241682 1.03036
839.513 20.0247 -0.0347681 -0.112919 0.958709
819.184 148.002 0.0554394 -0.1006 0.947602
804.951 400.626 0.27479 -0.0978589 0.930815
643.068 213.187 0.100339 0.0393291 0.91867
573.281 70.3412 0.00138873 0.0823076 0.921947
513.807 447.316 0.395413 0.241911 1.02986
705.548 165.676 0.0616848 -0.00916946 0.825565
702.549 86.2084 0.011225 -0.00845899 0.936243
857.756 591.743 0.218481 -0.0676141 0.672952
680.611 421.005 0.278872 0.0171093 0.908205
861.944 338.174 0.223167 -0.154255 0.954646
712.639 235.315 0.169242 -0.0183316 1.35546
589.372 469.803 0.54047 0.204221 1.14045
551.3 457.415 0.438118 0.21417 1.05946
498.828 450.676 0.36833 0.234223 0.99043
783.133 348.045 0.213826 -0.0723005 0.914826
837.788 399.97 0.315071 -0.152365 0.995772
658.215 257.893 0.223866 0.112594 1.45375
861.838 336.428 0.212718 -0.145855 0.933987
841.055 414.09 0.290048 -0.132949 0.930545
517.416 415.53 0.329253 0.210579 1.00112
859.279 397.813 0.26776 -0.145 0.921904
521.425 205.444 0.0971564 0.149204 0.963279
891.636 197.466 0.0899012 -0.144 0.898576
951.141 68.722 -5.76675e-05 -0.20018 0.952603
600.567 446.681 0.327059 0.100292 0.939561
831.402 478.332 0.377315 -0.135079 0.944429
530.616 336.402 0.210859 0.152834 0.945978
957.053 378.243 0.308968 -0.305752 1.02744
540.437 90.3125 0.00998446 0.117822 0.956373
781.567 111.622 0.0273423 -0.0719295 0.962911
916.202 204.708 0.0993506 -0.178211 0.93329
809.977 470.118 0.290219 -0.0859627 0.853185
825.467 441.044 0.360778 -0.138874 0.984003
600.896 412.665 0.294547 0.0988245 0.949489
700.196 73.9526 0.000738613 -0.00682806 0.953674
607.387 173.581 0.0732229 0.0804244 0.997038
680.34 231.274 0.146235 0.131427 2.01354
535.355 322.487 0.20491 0.155322 0.966276
951.372 403.281 0.351137 -0.314648 1.03864
715.362 491.391 0.372859 -0.0126656 0.925396
838.533 164.771 0.067918 -0.112615 0.931488
643.389 458.37 0.324157 0.0543954 0.916715
834.257 390.71 0.278942 -0.132697 0.95482
935.066 355.696 0.32063 -0.332669 1.11168
615.279 34.9819 -0.0328064 0.0612976 0.9857
579.091 21.3168 -0.0361694 0.0829701 0.957957
846.184 427.631 0.348254 -0.163424 0.99057
541.727 112.578 0.0251256 0.121573 0.964063
568.197 211.808 0.11391 0.355032 1.55138
660.082 69.3834 -0.009391 0.027318 0.995237
840.066 470.949 0.400346 -0.158235 0.980668
681.46 456.028 0.282945 0.0143281 0.864709
747.295 400.88 0.244406 -0.039148 0.881499
841.609 80.3073 0.00871553 -0.111743 0.9365
600.658 447.581 0.329034 0.100712 0.940762
701.038 136.255 0.0372673 -0.00679458 0.678579
524.439 300.3 0.173217 0.147936 0.93498
650.462 56.0998 -0.00963426 0.0292993 0.940361
548.656 111.655 0.0237297 0.11878 0.973131
856.494 5.46154 -0.0477734 -0.129344 0.973911
624.053 425.324 0.272341 0.0639163 0.893609
696.956 27.4553 -0.00776928 -0.00602669 0.823484
673.096 490.217 0.351432 0.0269811 0.904894
721.278 551.434 0.184075 -0.0112642 0.657936
525.202 68.8113 -0.0178278 0.153803 1.03098
838.565 51.925 -0.0137018 -0.11396 0.959226
915.843 129.5 0.0432482 -0.173297 0.94018
523.345 197.036 0.0919727 0.156922 0.989025
914.894 208.299 0.102534 -0.179047 0.936586
782.116 347.132 0.21178 -0.0709157 0.912143
954.852 343.96 0.271934 -0.306375 1.04469
602.673 215.955 0.101602 0.070048 0.916572
585.007 62.3465 -0.0102458 0.0832208 0.965525
781.829 607.438 0.210065 -0.0341759 0.657036
761.873 453.334 0.311437 -0.0550067 0.903468
633.863 449.905 0.320929 0.0644576 0.925292
680.678 155.039 -0.000537779 -0.00298991 0.434165
854.498 18.0095 -0.0551111 -0.147026 1.03627
627.188 178.425 0.0679675 0.0357555 0.826269
720.746 456.009 0.324157 -0.0182625 0.917453
680.932 445.851 0.325975 0.020387 0.936447
724.046 593.949 0.215537 -0.0125021 0.670477
881.494 371.069 0.253555 -0.172948 0.945611
876.478 371.297 0.263385 -0.17659 0.964098
824.622 394.591 0.267859 -0.11531 0.929106
840.454 471.728 0.403289 -0.15964 0.982646
682.039 488.632 0.382745 0.0219593 0.940958
590.264 423.245 0.270168 0.0924429 0.894561
815.257 404.892 0.251708 -0.095103 0.885214
836.38 168.468 0.0709822 -0.114091 0.94217
882.418 148.584 0.0566909 -0.150115 0.94393
691.194 187.302 0.0147767 -0.00395899 0.485909
634.833 74.5865 -0.00169322 0.0453566 0.968803
868.301 288.828 0.16408 -0.140865 0.917881
836.989 405.866 0.353229 -0.170375 1.04188
916.401 163.833 0.0685481 -0.178455 0.943061
861.452 310.522 0.190041 -0.144869 0.938848
509.622 425.708 0.319017 0.201186 0.96702
849.43 410.803 0.286256 -0.140332 0.929901
755.084 451.27 0.334509 -0.052972 0.936486
708.664 173.678 0.0401369 -0.0125466 1.49797
753.466 447.941 0.342317 -0.0531792 0.951731
545.467 112.218 0.0243608 0.120552 0.970338
580.515 115.455 0.0282412 0.0889294 0.956976
796.991 445.409 0.350337 -0.101613 0.964413
648.753 200.072 0.0951435 0.0407115 0.970092
651.563 46.0236 -0.0194209 0.0298417 0.958619
848.035 51.679 -0.0139879 -0.121633 0.960454
614.814 15.5499 -0.0493785 0.0625702 0.998329
712.101 30.6779 -0.0245838 -0.016127 0.936873
793.31 399.897 0.257181 -0.0807653 0.90312
787.627 502.931 0.457998 -0.102464 0.991784
668.729 252.118 0.181728 0.0519307 1.21141
836.866 467.446 0.415277 -0.163284 1.00293
545.563 53.6353 -0.00415963 0.0906391 0.887254
637.751 275.771 0.202292 0.0878052 1.13891
951.331 169.685 0.067475 -0.156573 0.840105
656.713 106.027 0.0214503 0.0290438 0.966542
707.901 222.579 0.107447 -0.0104082 0.912258
809.575 118.094 0.0338028 -0.0904337 0.94184
876.655 137.889 0.0476046 -0.157831 0.980395
523.114 310.805 0.187367 0.15703 0.949232
500.284 18.704 -0.0300814 0.127198 0.918952
834.68 141.537 0.0504469 -0.117186 0.96424
521.3 108.588 0.0238913 0.129497 0.942046
896.527 427.446 0.286967 -0.173453 0.902771
714.502 263.07 0.293968 -0.025548 2.08185
744.203 96.4504 -0.259932 -0.136 1.87765
632.012 227.696 0.146502 0.274005 1.7966
507.18 26.3904 -0.0295827 0.130355 0.939246
635.713 197.804 0.0900985 0.0463205 0.933389
718.042 101.609 -0.243512 -0.0470236 1.86995
881.622 371.884 0.254788 -0.173501 0.946311
791.857 410.383 0.298587 -0.0909399 0.952058
709.905 53.9074 -0.0149912 -0.0147202 0.966801
611.27 223.881 0.114262 0.0741493 0.964764
569.824 122.658 0.0336945 0.0965152 0.951424
792.97 100.987 0.0210069 -0.0783786 0.949171
834.159 409.167 0.303564 -0.13632 0.960186
745.709 106.15 -0.287172 -0.156854 1.99212
731.125 105.847 -0.302857 -0.103023 2.02156
579.302 117.718 0.0300928 0.0892785 0.95379
663.893 2.72839 -0.050612 0.0198622 0.971141
598.837 59.7872 -0.0107785 0.070965 0.95908
711.85 288.258 0.164225 -0.0127348 0.929256
863.851 338.162 0.210041 -0.143786 0.923615
905.374 129.205 0.0429106 -0.165107 0.940218
613.73 297.433 0.168448 0.0687072 0.922454
651.486 294.149 0.167273 0.0377809 0.925789
678.868 414.177 0.287558 0.0204969 0.932824
531.167 323.614 0.200933 0.153272 0.952538
569.985 354.844 0.222083 0.113362 0.928533
510.557 122.252 0.0329194 0.141467 0.948048
