626.38 282.647 0.178972 0.0354904 0.73545
834.108 140.705 0.117552 -0.0690904 0.767407
894.508 331.241 0.218704 -0.109297 0.756231
604.094 148.756 0.116879 0.042589 0.745511
576.9 286.662 0.18259 0.0609213 0.74047
708.722 275.49 0.177409 -0.00502182 0.739248
509.256 37.4804 0.0702447 0.0812476 0.753049
571.917 282.237 0.173737 0.0593144 0.72368
512.935 41.3214 0.0717874 0.0818584 0.76054
730.326 261.79 0.268573 -0.50489 4.93584
717.622 254.17 -0.0796199 -0.140973 5.48991
881.821 103.437 0.0988724 -0.0858662 0.750418
626.505 271.62 0.170275 0.0340138 0.727285
723.885 225.661 -0.107847 -0.225323 4.00149
514.842 364.702 0.222254 0.095698 0.733447
526.026 35.9304 0.0696164 0.076271 0.762825
950.421 68.8194 0.077075 -0.0771506 0.64944
573.522 28.4714 0.0669083 0.0524283 0.750537
709.739 264.218 0.164998 -0.00509363 0.720831
805.688 26.8578 0.0665751 -0.0521342 0.770197
631.545 29.0318 0.0672751 0.0275192 0.752452
600.036 137.75 0.108399 0.0403989 0.720636
709.04 273.654 0.180362 -0.00544164 0.749829
588.667 150.86 0.0442204 0.426473 1.90591
810.154 356.647 0.203077 -0.0501426 0.700652
525.475 435.15 0.235933 0.0812258 0.691471
808.454 16.9444 0.0628805 -0.0509596 0.757782
603.683 132.746 0.107291 0.0395873 0.72694
505.496 27.2016 0.0662654 0.0804789 0.746355
898.943 320.878 0.211238 -0.109947 0.753887
841.646 126.018 0.108992 -0.0688187 0.753489
710.113 263.697 0.16559 -0.00533088 0.723199
574.12 284.1 0.176603 0.0594812 0.728614
912.161 339.489 0.214085 -0.111507 0.736929
576.197 283.359 0.177329 0.0590736 0.731417
628.243 11.3695 0.060885 0.0268471 0.733382
801.956 345.77 0.236302 -0.0616952 0.774354
556.723 159.09 0.124272 0.0689928 0.76376
576.813 39.1451 0.0710953 0.0532884 0.761498
504.801 365.812 0.211362 0.0930836 0.712947
876.756 10.0649 0.0592639 -0.0879979 0.781243
852.402 90.6844 0.0939341 -0.0742484 0.760413
872.28 117.749 0.107281 -0.0883869 0.771531
836.845 135.756 0.114643 -0.0692149 0.763078
900.836 328.007 0.210519 -0.107293 0.743531
862.165 72.8803 0.0851531 -0.0720831 0.737829
928.908 162.263 0.128435 -0.118224 0.766105
744.645 419.477 0.249795 -0.0225728 0.719748
627.353 275.093 0.174691 0.0346269 0.734462
610.045 436.479 0.296406 0.058346 0.769942
765.633 428.74 0.311329 -0.0450005 0.793409
892.453 414.434 0.281245 -0.119971 0.765333
498.893 368.184 0.206764 0.0920947 0.702549
844.909 25.8143 0.0658568 -0.0736324 0.783094
833.069 423.033 0.265639 -0.07417 0.736756
734.749 414.846 0.277643 -0.0208098 0.763766
850.329 420.54 0.336271 -0.119518 0.83279
711.247 435.304 0.296844 -0.0063325 0.769182
623.551 277.854 0.170622 0.0346724 0.720034
885.578 113.648 0.105502 -0.0951868 0.772517
917.63 380.714 0.272654 -0.144555 0.790082
806.27 427.572 0.315763 -0.075163 0.799312
696.682 5.89758 0.057968 -0.00125561 0.763667
578.08 45.0344 0.0735213 0.0538093 0.766451
837.933 132.638 0.112645 -0.0685833 0.75878
840.979 125.235 0.108336 -0.0678542 0.750961
929.953 272.243 0.167993 -0.104948 0.713522
878.489 415.676 0.262351 -0.0999446 0.738102
882.705 118.815 0.108389 -0.0955141 0.777149
663.657 444.345 0.276331 0.0213734 0.735281
812.974 354.901 0.227637 -0.0621605 0.747112
549.144 20.3841 0.0608655 0.0771374 0.817783
820.594 11.7542 0.0607264 -0.0569334 0.761239
632.493 26.8288 0.0664223 0.0269854 0.751658
606.817 440.745 0.286542 0.0568672 0.753054
600.772 120.322 0.100471 0.038499 0.713103
887.81 52.6759 0.0778389 -0.0929151 0.772527
742.618 416.471 0.254044 -0.022311 0.728558
848.841 402.365 0.287317 -0.0995276 0.788267
885.544 71.3072 0.0862576 -0.0949633 0.779413
704.75 159.778 0.148097 -0.00687821 0.945219
694.026 29.9398 0.062106 0.00162855 0.605799
544.58 131.876 0.105642 0.062932 0.719702
920.099 270.958 0.175089 -0.108921 0.734318
703.691 167.599 0.14331 -0.00486624 0.852954
532.563 515.056 0.26891 0.0785146 0.675705
784.425 512.675 0.2653 -0.0366157 0.669026
535.9 465.884 0.245553 0.0753153 0.681367
532.413 514.123 0.259033 0.0748687 0.665502
830.757 463.426 0.242657 -0.0570437 0.674318
571.452 432.51 0.307571 0.0886848 0.789619
546.214 146.684 0.114399 0.0670277 0.737304
804.364 353.131 0.206584 -0.0494459 0.710617
911.658 347.527 0.228194 -0.119716 0.754312
551.908 558.43 0.331666 0.0847571 0.708268
493.897 575.887 0.384504 0.138041 0.7416
832.072 503.089 0.295475 -0.0691726 0.706705
878.91 545.709 0.32626 -0.0978468 0.70554
496.189 571.469 0.38752 0.139179 0.747303
878.961 440.074 0.278674 -0.10202 0.737356
884.284 546.159 0.341269 -0.107068 0.718466
876.363 542.017 0.328681 -0.0982067 0.710337
823.719 449.124 0.263577 -0.0632235 0.711549
886.41 445.438 0.270991 -0.100539 0.722727
921.065 429.073 0.240302 -0.104623 0.694961
888.801 530.564 0.347449 -0.116494 0.735512
532.278 515.887 0.254871 0.0730745 0.659838
907.452 421.554 0.25682 -0.110635 0.724343
672.187 447.36 0.282872 0.0170145 0.740734
505.858 418.819 0.397299 0.204882 0.925484
491.887 399.089 0.22467 0.0988888 0.705
874.013 495.388 0.30592 -0.0979069 0.722648
604.313 598.76 0.363436 0.0582509 0.706741
917.864 485.527 0.279439 -0.110806 0.700512
840.361 512.972 0.283635 -0.0678755 0.687244
844.105 511.43 0.300785 -0.075956 0.705913
945.266 356.313 0.390445 -0.315804 1.01964
608.565 146.813 0.117091 0.0414483 0.752572
769.024 435.312 0.294404 -0.0427879 0.764604
904.112 340.16 0.223317 -0.114629 0.754095
711.587 508.186 0.274798 -0.00408054 0.683419
719.316 582.685 0.212168 -0.00329053 0.5797
555.062 554.43 0.335914 0.0850676 0.714763
780.139 455.283 0.258128 -0.0387487 0.700629
899.408 376.198 0.301036 -0.156898 0.841213
555.138 418.532 0.258469 0.0803314 0.737045
888.682 531.69 0.351488 -0.117954 0.738283
778.659 560.402 0.325006 -0.0403713 0.696575
666.357 505.949 0.263275 0.0167442 0.673095
904.084 475.56 0.297536 -0.116246 0.728791
847.251 99.0565 0.0987848 -0.0762457 0.7766
905.133 419.982 0.26497 -0.11511 0.737085
592.412 48.9587 0.0594716 0.0914149 1.00973
657.593 517.022 0.260408 0.0201046 0.663171
871.534 117.164 0.10772 -0.0902584 0.779097
661.269 464.319 0.247391 0.0188235 0.682593
501.167 23.8217 0.0650713 0.0792726 0.735903
634.302 41.1412 0.0720663 0.0279294 0.767998
860.601 414.458 0.332836 -0.128377 0.835791
542.434 426.929 0.252634 0.0826269 0.721374
583.397 520.307 0.262905 0.0529483 0.665076
648.376 580.469 0.291079 0.0252499 0.656794
655.333 555.121 0.313071 0.0251458 0.691662
584.631 462.497 0.253157 0.0559303 0.69257
571.775 275.493 0.168661 0.058002 0.719027
703.221 164.238 0.122394 -0.00286425 0.734255
889.778 8.21499 0.0585909 -0.0937878 0.779833
749.894 421.313 0.242046 -0.0239554 0.707028
653.774 526.305 0.251983 0.0206273 0.648693
544.49 621.427 0.342609 0.0829722 0.678145
823.835 495.513 0.278613 -0.0607459 0.694204
940.745 148.799 0.117977 -0.112609 0.740824
694.323 77.944 0.0749942 0.0015537 0.617755
925.714 272.637 0.170515 -0.105642 0.719762
562.428 589.614 0.379478 0.0889702 0.726176
536.096 512.882 0.267572 0.0766999 0.675585
485.371 120.695 0.112821 0.130947 0.847635
493.117 29.3064 0.0655533 0.103198 0.804236
587.149 141.601 0.096613 0.0344255 0.644478
594.996 150.53 0.104129 0.0353827 0.668381
618.937 411.864 0.602039 0.170806 1.1768
597.806 110.532 0.0928161 0.0351836 0.681946
589.664 100.398 0.0855472 0.0337679 0.652403
626.258 280.115 0.176136 0.0349495 0.731481
606.298 120.072 0.100312 0.0361936 0.712432
708.816 215.643 0.22645 -0.0127382 1.12679
869.775 403.01 0.412917 -0.194349 0.957238
707.229 178.028 0.183583 -0.0130669 1.33905
945.219 58.4887 0.0803633 -0.116222 0.759994
816.263 25.6166 0.0659431 -0.058047 0.775259
880.931 328.045 0.234873 -0.115928 0.793421
712.653 93.1065 -0.111983 -0.0371389 1.89268
723.918 214.546 -0.106509 -0.195197 3.61552
809.825 356.555 0.205935 -0.051149 0.705965
514.357 46.5129 0.0739298 0.0826829 0.764859
