713.28 410.202 0.287629 -0.0132276 0.932962
633.456 410.433 0.289013 0.0627789 0.937657
594.338 194.002 0.0902559 0.0768968 0.930991
789.494 383.275 0.264668 -0.0854254 0.940009
782.715 343.09 0.211677 -0.0722848 0.912923
711.66 284.003 0.161639 -0.0135195 0.920828
916.249 123.33 0.0424912 -0.174006 0.942441
511.078 133.687 0.0452686 0.141009 0.948076
853.781 58.8132 0.00537933 -0.105788 0.886038
868.58 281.115 0.162456 -0.143102 0.923702
566.527 350.286 0.217737 0.111667 0.920593
569.421 115.459 0.0325648 0.0954349 0.953162
611.843 289.651 0.163614 0.0671344 0.916608
649.869 286.146 0.161538 0.0364568 0.917516
565.566 350.899 0.215557 0.110372 0.914453
495.102 302.228 0.154243 0.135576 0.859875
853.34 320.895 0.205668 -0.141803 0.946033
740.573 392.389 0.25901 -0.03741 0.915345
798.692 396.866 0.245703 -0.0815878 0.883004
516.764 124.535 0.038137 0.139978 0.959811
570.849 112.981 0.0305789 0.0949634 0.95637
637.368 184.616 0.0835422 0.0424078 0.927723
571.005 115.769 0.0324903 0.0954379 0.957692
514.069 41.0818 -0.028386 0.148025 1.00223
532.135 323.804 0.207159 0.153716 0.958487
557.88 106.839 0.0186835 0.126452 1.02866
905.433 126.281 0.0428368 -0.18078 0.978419
837.767 161.631 0.0695131 -0.114801 0.940801
805.438 395.916 0.272821 -0.0988171 0.930372
839.226 81.1542 0.0114247 -0.114326 0.951861
659.387 112.966 0.0301328 0.0269569 0.97437
712.151 278.36 0.156032 -0.013957 0.917545
906.425 198.697 0.0913135 -0.144836 0.873354
819.511 87.3246 0.0176918 -0.0946302 0.930674
572.636 42.6623 -0.019626 0.0904995 0.967188
615.893 110.637 0.0295646 0.0589995 0.95394
617.266 113.927 0.0315894 0.05895 0.958632
651.598 282.654 0.160344 0.0356715 0.923595
596.107 44.9172 -0.0146956 0.0690705 0.949717
597.419 194.313 0.0915844 0.0774873 0.943826
808.845 178.657 0.081437 -0.0905803 0.931352
839.674 12.6452 -0.0356335 -0.113271 0.960465
864.29 305.248 0.185419 -0.144008 0.929828
807.981 178.427 0.0818577 -0.0921443 0.941749
809.756 175.166 0.0791096 -0.0921879 0.93614
653.703 285.217 0.167618 0.0363744 0.941601
635.426 189.798 0.0877796 0.0449908 0.933235
602.734 189.039 0.0879626 0.0740817 0.949614
910.189 198.043 0.100177 -0.185079 0.96065
819.46 2.43015 -0.0964768 -0.140072 1.14381
907.411 122.475 0.0418367 -0.166579 0.941306
709.964 48.632 -0.0156214 -0.015621 0.974208
912.792 125.533 0.0436543 -0.175386 0.951543
794.447 17.6619 -0.0478271 -0.0903875 1.02329
791.932 339.865 0.216546 -0.0835854 0.930749
816.004 193.795 0.103722 -0.143713 1.11321
528.748 139.557 -0.0678173 0.478731 1.65941
518.34 229.263 0.117388 0.142836 0.937297
836.015 388.44 0.269195 -0.12872 0.936529
615.927 114.703 0.0322898 0.0596754 0.95647
655.408 107.526 0.0284536 0.027144 0.945202
793.671 83.6835 -0.108349 -0.188346 1.46487
783.565 100.173 0.0237393 -0.0725592 0.955686
728.059 79.8982 -0.150455 -0.061169 1.558
717.426 85.4784 -0.233368 -0.0426997 1.78018
758.787 68.5348 -0.159945 -0.126676 1.53238
754.205 43.8847 -0.251463 -0.12932 1.6373
838.905 43.7801 -0.0546844 -0.162394 1.13317
759.595 66.0908 -0.157993 -0.126 1.51716
815.386 28.9201 -0.0940184 -0.154471 1.21237
784.41 60.3399 -0.221843 -0.206383 1.6418
798.361 71.1814 -0.103721 -0.178551 1.39506
775.999 87.6546 -0.244636 -0.227694 1.81883
602.044 64.7822 -0.0043516 0.0694045 0.967624
767.13 99.1247 -0.100271 -0.14514 1.51813
924.682 199.437 0.0960285 -0.172599 0.907499
814.63 166.576 0.0718549 -0.0905256 0.913466
759.096 409.266 0.28947 -0.05685 0.935783
772.757 77.3412 -0.232446 -0.199366 1.74055
832.146 403.21 0.311347 -0.140891 0.978163
722.476 81.2648 -0.257475 -0.0592092 1.8108
728.465 69.5879 -0.145226 -0.0585394 1.49836
845.842 164.385 0.0719122 -0.123895 0.949296
791.712 87.5869 -0.106548 -0.188167 1.47845
746.838 93.4717 -0.0623894 -0.0830975 1.36499
817.658 147.306 0.0586474 -0.10167 0.955716
717.263 85.034 -0.229247 -0.041932 1.76886
649.122 71.9024 -0.00287533 0.0355981 0.993435
735.958 134.467 -0.351654 -0.156396 2.35001
521.486 133.663 0.0447441 0.138805 0.963825
788.699 98.6244 -0.104908 -0.195831 1.53056
796.571 18.0608 -0.0447629 -0.0902751 1.01245
512.921 117.377 0.033371 0.139398 0.952585
783.207 98.1945 0.0222632 -0.0723414 0.956434
839.532 78.3583 0.00946539 -0.114504 0.952218
613.953 111.627 0.0309469 0.0588416 0.944261
612.285 286.284 0.160141 0.0660051 0.914237
758.447 408.443 0.292187 -0.0569691 0.941485
852.605 390.558 0.283553 -0.15248 0.956499
534.715 153.94 0.0603215 0.122452 0.941237
858.429 320.333 0.199274 -0.140543 0.930372
549.327 8.32905 -0.102905 0.167911 1.16976
537.067 158.13 0.0635114 0.125175 0.953018
788.327 54.4379 -0.209754 -0.203212 1.59142
760.141 59.3712 -0.159592 -0.123192 1.49349
565.924 59.0862 -0.00471953 0.0908347 0.943347
775.228 66.2088 -0.225365 -0.190859 1.67422
722.459 63.392 -0.252172 -0.0553092 1.71656
794.185 89.951 0.0180092 -0.0782595 0.942607
534.603 418.259 0.159486 0.066715 0.713134
600.676 408.247 0.297034 0.0991088 0.955446
844.804 84.6848 0.0114335 -0.124674 0.972745
642.433 55.1569 -0.0114711 0.0378967 0.972691
643.038 56.0191 -0.0120704 0.038262 0.979554
585.054 394.423 0.260139 0.100438 0.919404
480.11 39.8485 -0.0233265 0.163238 0.972157
616.666 114.071 0.0315984 0.0596494 0.959849
656.651 209.806 0.116465 0.0455325 1.07107
702.03 86.4163 0.0120838 -0.00876345 0.96562
882.318 191.212 0.0917779 -0.149161 0.931307
518.215 414.617 0.333473 0.209231 1.0028
595.273 417.213 0.278267 0.09131 0.91093
794.213 413.41 0.282127 -0.0860983 0.916216
863.019 394.518 0.258144 -0.14234 0.905899
495.999 417.145 0.296561 0.197059 0.942887
745.288 112.977 -0.325164 -0.174037 2.13516
640.169 205.996 0.0973512 0.0386113 0.907914
782.217 104.667 0.0260804 -0.0731589 0.965493
794.484 411.255 0.282936 -0.0873169 0.920972
519.493 294.169 0.169398 0.1468 0.928134
656.158 106.541 0.0277228 0.0265993 0.945905
794.863 413.363 0.283688 -0.087251 0.918681
851.141 14.671 -0.0483096 -0.138532 1.01867
525.188 148.566 0.0440314 0.0521185 0.690665
497.543 24.3538 -0.0293416 0.140643 0.952887
485.458 121.733 0.0338094 0.17704 0.987827
762.859 91.8975 -0.133919 -0.144492 1.57529
735.994 71.3693 -0.225309 -0.09058 1.69546
736.543 390.351 0.257578 -0.0339309 0.916538
850.413 427.428 0.334634 -0.159237 0.967287
852.415 324.634 0.209753 -0.141759 0.94725
766.602 68.0789 -0.243376 -0.176993 1.72067
762.008 413.81 0.282926 -0.0572261 0.917916
824.15 29.7876 -0.175673 -0.228502 1.4266
777.536 340.066 0.213245 -0.0695776 0.923225
761.535 413.337 0.277443 -0.0557176 0.910177
837.512 51.1087 -0.0124857 -0.116869 0.972973
633.448 443.74 0.321818 0.0643406 0.931033
658.255 53.3378 -0.0116043 0.0248493 0.967136
706.687 193.074 0.0870242 -0.0107401 0.888548
766.661 416.307 0.275439 -0.0591518 0.90224
743.274 105.579 -0.271245 -0.14457 1.97608
740.559 125.326 -0.106774 -0.105368 1.69721
642.093 184.191 0.0843335 0.0409316 0.943963
560.524 46.1066 -0.0170492 0.0995774 0.965207
659.532 108.662 0.0280771 0.0254176 0.96071
614.242 288.021 0.165163 0.067246 0.926578
713.398 409.502 0.288181 -0.0133639 0.935022
505.515 37.4801 -0.0254113 0.14462 0.975665
673.253 450.548 0.327497 0.0259208 0.926871
711.977 412.515 0.287477 -0.0119497 0.928864
912.692 124.995 0.0432707 -0.175151 0.951307
775.46 386.576 0.256993 -0.0689459 0.920754
559.538 45.0648 -0.0177674 0.100258 0.965263
586.423 392.924 0.264811 0.102603 0.930186
834.615 55.7975 -0.0109977 -0.117408 0.98306
589.009 453.419 0.28245 0.0861384 0.86573
521.395 295.61 0.171879 0.147182 0.932126
721.227 602.562 0.20637 -0.0121695 0.654648
760.494 443.466 0.320988 -0.0577643 0.926076
881.255 285.132 0.15024 -0.132929 0.870053
860.486 394.94 0.268591 -0.147007 0.922954
567.879 66.8061 -0.00246805 0.0949144 0.962353
638.468 606.234 0.205582 0.0186087 0.652963
556.792 373.73 0.234346 0.11883 0.909849
724.829 461.069 0.312356 -0.0222539 0.891089
711.031 235.608 0.166314 -0.0155754 1.24639
555.632 27.7675 -0.0276439 0.0996424 0.95753
523.705 421.752 0.329864 0.193681 0.983501
626.336 416.352 0.271076 0.0614289 0.9
910.122 121.761 0.0404701 -0.17623 0.959501
502.326 396.14 0.162519 0.0896304 0.740394
834.325 479.698 0.364812 -0.131969 0.924796
625.121 420.529 0.269784 0.0609307 0.891674
793.684 441.69 0.325104 -0.0911698 0.933126
825.874 33.6118 -0.0204025 -0.101822 0.951845
796.3 412.558 0.278285 -0.0868566 0.911551
592.723 394.974 0.26751 0.097345 0.930943
606.237 479.263 0.393723 0.106227 0.964866
604.943 439.15 0.330825 0.0975087 0.951416
677.489 420.04 0.266503 0.0166637 0.885665
614.868 289.986 0.165985 0.0662323 0.923591
940.121 621.995 0.203843 -0.0892573 0.640403
708.656 206.388 0.11441 -0.0127283 1.08151
711.385 46.4744 -0.0166915 -0.0167357 0.972044
865.467 278.086 0.163243 -0.144849 0.936128
840.375 83.1609 0.0118776 -0.117466 0.959825
493.375 448.052 0.361675 0.232097 0.981187
498.61 445.421 0.370284 0.235988 0.996579
513.418 442.779 0.39438 0.24096 1.03143
840.354 13.2725 -0.0350684 -0.113642 0.95978
819.586 142.485 0.0551391 -0.101322 0.948673
804.715 396.654 0.27449 -0.0985811 0.931886
642.423 207.75 0.100039 0.0386069 0.91974
572.252 63.4975 0.00108846 0.0815854 0.923018
513.156 443.522 0.395113 0.241189 1.03093
705.053 159.046 0.0613845 -0.00989162 0.826635
702.343 79.8289 0.0109247 -0.00918116 0.937314
856.836 585.985 0.21818 -0.0683362 0.674023
679.995 416.75 0.278572 0.0163871 0.909276
862.061 334.166 0.222866 -0.154977 0.955716
712.642 232.145 0.168941 -0.0190538 1.35653
588.987 466.566 0.54017 0.203499 1.14152
550.758 453.822 0.437818 0.213448 1.06053
498.074 446.677 0.368029 0.233501 0.991501
782.92 343.689 0.213526 -0.0730227 0.915897
837.676 396.433 0.314771 -0.153088 0.996843
658.047 255.024 0.223565 0.111872 1.45482
861.947 332.272 0.212418 -0.146577 0.935058
840.882 410.225 0.289748 -0.133672 0.931616
516.647 411.538 0.328953 0.209857 1.00219
859.197 393.859 0.26746 -0.145722 0.922975
520.295 200.092 0.0968561 0.148482 0.964349
892.252 192.111 0.0896009 -0.144722 0.899647
952.592 62.6314 -0.000357941 -0.200902 0.953674
599.842 442.568 0.326758 0.0995698 0.940632
831.042 474.701 0.377014 -0.135801 0.9455
529.637 331.799 0.210559 0.152112 0.947049
957.328 374.988 0.308668 -0.306474 1.02851
539.287 83.8951 0.00968418 0.1171 0.957444
781.843 105.811 0.027042 -0.0726517 0.963981
916.958 199.727 0.0990503 -0.178933 0.934361
809.527 465.834 0.289919 -0.0866849 0.854256
825.212 437.541 0.360478 -0.139596 0.985074
600.175 408.516 0.294246 0.0981023 0.95056
700.014 67.5718 0.00043834 -0.00755023 0.954745
606.704 168.318 0.0729227 0.0797022 0.998108
680.331 229.081 0.145935 0.130704 2.01461
534.419 317.952 0.20461 0.1546 0.967347
951.515 400.159 0.350837 -0.31537 1.03971
714.785 487.475 0.372559 -0.0133878 0.926467
838.984 159.316 0.0676178 -0.113338 0.932558
642.696 454.217 0.323857 0.0536732 0.917785
834.141 386.899 0.278642 -0.133419 0.955891
935.371 352.702 0.32033 -0.333391 1.11275
614.622 28.2778 -0.0331067 0.0605755 0.986771
578.152 14.2157 -0.0364697 0.0822479 0.959028
846.009 424.165 0.347954 -0.164146 0.991641
540.615 106.439 0.0248253 0.120851 0.965133
567.725 208.695 0.11361 0.35431 1.55245
659.712 63.1814 -0.00969127 0.0265958 0.996308
839.751 467.512 0.400046 -0.158957 0.981739
680.74 451.574 0.282645 0.0136059 0.86578
746.836 396.464 0.244106 -0.0398701 0.88257
842.29 74.066 0.00841526 -0.112466 0.937571
599.936 443.477 0.328734 0.09999 0.941833
699.911 127.004 0.036967 -0.00751675 0.67965
523.369 295.412 0.172917 0.147214 0.936051
649.955 49.3572 -0.00993453 0.0285772 0.941432
547.599 105.581 0.0234294 0.118057 0.974202
623.267 420.888 0.272041 0.0631941 0.894679
696.522 19.3452 -0.00806955 -0.00674886 0.824554
672.423 486.106 0.351131 0.0262589 0.905965
719.832 545.039 0.183774 -0.0119864 0.659007
524.06 62.6321 -0.0181281 0.153081 1.03205
839.323 45.5391 -0.0140021 -0.114683 0.960297
916.85 123.894 0.042948 -0.174019 0.941251
522.264 191.792 0.0916724 0.1562 0.990096
915.634 203.372 0.102233 -0.179769 0.937657
781.899 342.75 0.21148 -0.0716378 0.913213
955.273 340.642 0.271633 -0.307097 1.04576
601.831 210.463 0.101301 0.0693258 0.917643
584.129 55.7644 -0.010546 0.0824986 0.966595
780.549 601.358 0.209765 -0.0348981 0.658107
761.403 449.283 0.311137 -0.0557289 0.904539
633.171 445.769 0.320629 0.0637354 0.926363
672.929 130.537 -0.000838052 -0.00371208 0.435236
855.539 11.7407 -0.0554114 -0.147748 1.03734
626.241 171.802 0.0676673 0.0350334 0.82734
720.204 451.985 0.323856 -0.0189847 0.918523
680.35 441.852 0.325675 0.0196648 0.937518
722.655 587.931 0.215237 -0.0132243 0.671548
881.57 367.195 0.253255 -0.17367 0.946682
876.546 367.531 0.263085 -0.177312 0.965169
824.453 390.616 0.267559 -0.116032 0.930177
840.138 468.302 0.402989 -0.160362 0.983717
681.442 484.742 0.382445 0.0212372 0.942028
589.398 418.753 0.269868 0.0917207 0.895631
814.999 400.633 0.251408 -0.0958252 0.886285
836.823 163.123 0.0706819 -0.114813 0.943241
883.174 143.139 0.0563906 -0.150837 0.945001
686.696 170.035 0.0144764 -0.00468115 0.486979
634.268 68.2278 -0.0019935 0.0446345 0.969874
868.559 284.282 0.16378 -0.141587 0.918952
836.873 402.577 0.352928 -0.171097 1.04295
917.302 158.572 0.0682478 -0.179178 0.944132
861.637 306.253 0.189741 -0.145591 0.939919
508.776 421.548 0.318717 0.200463 0.96809
849.287 406.936 0.285956 -0.141054 0.930972
754.64 447.409 0.334209 -0.0536941 0.937556
708.763 170.352 0.0398366 -0.0132687 1.49904
753.04 444.158 0.342017 -0.0539014 0.952802
544.387 106.126 0.0240605 0.119829 0.971408
579.611 109.35 0.027941 0.0882073 0.958047
796.662 441.764 0.350037 -0.102335 0.965483
648.227 194.915 0.0948432 0.0399894 0.971163
651.099 39.307 -0.0197211 0.0291195 0.95969
848.859 45.3124 -0.0142882 -0.122355 0.961525
614.174 8.70365 -0.0496788 0.061848 0.9994
712.015 23.7106 -0.0248841 -0.0168492 0.937944
793.016 395.714 0.25688 -0.0814875 0.904191
787.174 499.485 0.457698 -0.103186 0.992855
668.496 248.552 0.181428 0.0512085 1.21248
836.56 464.106 0.414976 -0.164006 1.004
544.271 46.2709 -0.00445991 0.0899169 0.888324
637.354 272.024 0.201992 0.087083 1.13998
952.303 163.62 0.0671748 -0.157295 0.841176
656.264 100.006 0.02115 0.0283216 0.967613
707.551 217.264 0.107147 -0.0111304 0.913328
809.979 112.235 0.0335025 -0.0911559 0.942911
877.445 132.591 0.0473044 -0.158553 0.981466
522.086 306.075 0.187067 0.156307 0.950303
498.743 11.1619 -0.0303817 0.126475 0.920023
835.203 136.101 0.0501467 -0.117908 0.965311
520.027 102.221 0.0235911 0.128775 0.943117
896.448 423.535 0.286666 -0.174175 0.903842
714.579 261.202 0.293668 -0.0262701 2.08292
744.679 92.8912 -0.260233 -0.136722 1.87872
631.818 225.17 0.146202 0.273283 1.79767
505.735 19.1081 -0.029883 0.129633 0.940317
635.064 192.346 0.0897983 0.0455983 0.93446
718.341 98.073 -0.243812 -0.0477458 1.87102
881.696 368.018 0.254488 -0.174223 0.947382
791.584 406.557 0.298287 -0.0916621 0.953128
709.825 47.4172 -0.0152915 -0.0154424 0.967871
610.56 218.817 0.113962 0.0734271 0.965835
568.853 116.567 0.0333942 0.095793 0.952494
793.317 94.9869 0.0207067 -0.0791008 0.950242
833.997 405.456 0.303264 -0.137042 0.961257
746.191 102.8 -0.287473 -0.157576 1.99319
731.515 102.496 -0.303158 -0.103745 2.02263
578.386 111.61 0.0297925 0.0885563 0.954861
598.034 53.1511 -0.0110787 0.0702428 0.96015
711.478 283.548 0.163924 -0.013457 0.930326
863.955 333.946 0.20974 -0.144508 0.924686
906.32 123.581 0.0426103 -0.165829 0.941289
612.96 292.577 0.168147 0.0679851 0.923524
650.867 289.356 0.166973 0.0370587 0.926859
678.294 410.058 0.287258 0.0197747 0.933895
530.189 318.988 0.200632 0.15255 0.953609
569.103 350.277 0.221782 0.11264 0.929603
509.25 116.046 0.0326191 0.140745 0.949119
