714.184 407.716 0.287728 -0.013244 0.932757
634.421 407.879 0.289113 0.0627625 0.937452
595.514 191.155 0.0903551 0.0768804 0.930786
790.397 380.888 0.264767 -0.0854418 0.939805
783.737 340.541 0.211776 -0.0723012 0.912718
712.758 281.352 0.161739 -0.0135359 0.920623
917.765 120.522 0.0425904 -0.174022 0.942236
512.259 130.732 0.0453678 0.140993 0.947871
855.422 55.5134 0.00547855 -0.105804 0.885833
869.73 278.599 0.162555 -0.143118 0.923497
567.633 347.572 0.217836 0.111651 0.920388
570.605 112.507 0.0326641 0.0954185 0.952958
612.967 286.907 0.163713 0.067118 0.916404
650.98 283.432 0.161637 0.0364404 0.917311
566.682 348.157 0.215656 0.110356 0.914249
496.417 299.106 0.154343 0.13556 0.85967
854.362 318.529 0.205767 -0.14182 0.945828
741.519 389.848 0.259109 -0.0374264 0.91514
799.675 394.232 0.245802 -0.0816042 0.882799
517.926 121.609 0.0382362 0.139962 0.959606
572.03 110.036 0.0306782 0.094947 0.956165
638.561 181.761 0.0836414 0.0423914 0.927519
572.181 112.837 0.0325895 0.0954215 0.957488
515.181 38.069 -0.0282867 0.148009 1.00203
533.224 321.205 0.207258 0.1537 0.958283
558.939 104.127 0.0187827 0.126436 1.02846
906.88 123.612 0.042936 -0.180797 0.978214
806.331 393.513 0.27292 -0.0988335 0.930167
840.694 78.2074 0.011524 -0.114343 0.951656
660.577 110.13 0.030232 0.0269405 0.974165
713.263 275.686 0.156131 -0.0139734 0.91734
907.876 195.782 0.0914128 -0.144852 0.873149
820.973 84.3068 0.017791 -0.0946466 0.93047
573.841 39.5495 -0.0195268 0.0904831 0.966983
617.097 107.696 0.0296638 0.0589832 0.953735
618.459 111.014 0.0316886 0.0589336 0.958427
652.701 279.965 0.160444 0.0356551 0.923391
597.359 41.7529 -0.0145963 0.0690541 0.949513
598.571 191.524 0.0916836 0.0774709 0.943622
810.133 175.907 0.0815362 -0.0905967 0.931147
841.256 9.47416 -0.0355343 -0.113288 0.96026
865.376 302.798 0.185518 -0.144024 0.929624
809.251 175.72 0.0819569 -0.0921607 0.941544
811.042 172.428 0.0792088 -0.0922043 0.935936
654.77 282.612 0.167718 0.036358 0.941396
636.604 186.977 0.0878788 0.0449744 0.93303
603.88 186.266 0.0880618 0.0740653 0.949409
911.505 195.526 0.100276 -0.185095 0.960445
908.917 119.656 0.041936 -0.166596 0.941101
711.274 45.6078 -0.0155222 -0.0156374 0.974004
914.286 122.766 0.0437535 -0.175402 0.951339
795.855 14.6982 -0.0477278 -0.0904039 1.02309
792.928 337.401 0.216645 -0.0836018 0.930545
817.042 191.682 0.103821 -0.143729 1.11301
529.26 137.94 -0.0677181 0.478715 1.6592
519.507 226.456 0.117487 0.14282 0.937092
836.91 386.09 0.269294 -0.128736 0.936325
617.122 111.784 0.032389 0.059659 0.956266
656.652 104.559 0.0285529 0.0271277 0.944997
794.654 81.7155 -0.10825 -0.188362 1.46466
784.918 97.2817 0.0238385 -0.0725756 0.955481
728.867 77.9851 -0.150356 -0.0611854 1.5578
718.124 83.7237 -0.233269 -0.0427161 1.77997
759.687 66.5496 -0.159845 -0.126692 1.53218
755.093 41.8409 -0.251364 -0.129337 1.63709
840.245 41.1963 -0.0545851 -0.16241 1.13297
760.507 64.0823 -0.157894 -0.126016 1.51695
816.643 26.4076 -0.0939192 -0.154487 1.21216
785.351 58.3819 -0.221743 -0.2064 1.6416
799.405 69.0902 -0.103622 -0.178568 1.39485
776.828 85.9224 -0.244537 -0.22771 1.81863
603.251 61.7521 -0.00425237 0.0693881 0.967419
768.008 97.2693 -0.100172 -0.145157 1.51792
926.092 196.705 0.0961277 -0.172615 0.907294
815.975 163.718 0.0719542 -0.090542 0.913261
759.971 406.842 0.28957 -0.0568664 0.935578
773.612 75.5219 -0.232346 -0.199382 1.74034
832.943 401.031 0.311446 -0.140908 0.977958
723.181 79.5019 -0.257376 -0.0592256 1.8106
729.314 67.5805 -0.145127 -0.0585558 1.49815
847.166 161.693 0.0720114 -0.123911 0.949092
792.679 85.6485 -0.106449 -0.188184 1.47825
747.759 91.4366 -0.0622902 -0.0831139 1.36479
818.971 144.574 0.0587467 -0.101686 0.955511
717.965 83.2718 -0.229148 -0.0419484 1.76866
650.313 69.0033 -0.0027761 0.0355817 0.993231
736.518 133.136 -0.351555 -0.156412 2.34981
522.637 130.777 0.0448434 0.138789 0.963621
789.62 96.779 -0.104809 -0.195848 1.53036
797.996 15.0679 -0.0446637 -0.0902915 1.01225
514.099 114.402 0.0334703 0.139381 0.95238
784.562 95.2993 0.0223624 -0.0723578 0.956229
841.006 75.4033 0.00956462 -0.11452 0.952013
615.173 108.649 0.0310461 0.0588253 0.944057
613.416 283.524 0.160241 0.0659887 0.914032
759.314 406.042 0.292286 -0.0569854 0.941281
853.463 388.31 0.283653 -0.152496 0.956294
535.9 151.016 0.0604207 0.122436 0.941032
859.48 317.904 0.199373 -0.140559 0.930167
550.228 5.62992 -0.102805 0.167895 1.16956
538.227 155.266 0.0636107 0.125159 0.952813
789.303 52.4205 -0.209655 -0.203229 1.59122
761.075 57.3121 -0.159493 -0.123208 1.49328
567.162 55.9313 -0.0046203 0.0908183 0.943142
776.125 64.2992 -0.225266 -0.190875 1.67402
723.216 61.4946 -0.252073 -0.0553256 1.71635
795.589 86.9797 0.0181084 -0.0782759 0.942403
536.256 414.098 0.159585 0.0666986 0.712929
601.651 405.729 0.297133 0.0990924 0.955241
846.244 81.829 0.0115328 -0.12469 0.972541
643.67 52.1279 -0.0113719 0.0378803 0.972486
644.263 53.0176 -0.0119712 0.0382456 0.979349
586.114 391.737 0.260238 0.100421 0.919199
481.266 36.7166 -0.0232273 0.163222 0.971953
617.856 111.163 0.0316977 0.059633 0.959645
657.604 207.527 0.116564 0.0455161 1.07086
703.299 83.4847 0.012183 -0.00877984 0.965415
883.658 188.539 0.0918771 -0.149178 0.931103
519.243 412.178 0.333572 0.209214 1.0026
596.321 414.5 0.278367 0.0912937 0.910725
795.102 410.94 0.282226 -0.0861147 0.916012
863.956 392.063 0.258243 -0.142356 0.905695
497.14 414.46 0.29666 0.197043 0.942682
745.935 111.483 -0.325064 -0.174054 2.13496
641.38 203.097 0.0974504 0.0385949 0.90771
783.546 101.827 0.0261796 -0.0731753 0.965288
795.368 408.806 0.283036 -0.0873333 0.920767
520.654 291.405 0.169497 0.146784 0.927929
657.402 103.575 0.027822 0.0265829 0.9457
795.747 410.905 0.283787 -0.0872674 0.918476
852.668 11.6941 -0.0482104 -0.138548 1.01846
527.172 143.797 0.0441306 0.0521021 0.690461
498.746 21.1045 -0.0292424 0.140627 0.952683
486.572 118.892 0.0339087 0.177024 0.987622
763.717 90.0535 -0.133819 -0.144509 1.57509
736.779 69.5007 -0.22521 -0.0905964 1.69525
737.492 387.81 0.257677 -0.0339473 0.916333
851.173 425.239 0.334733 -0.159253 0.967083
853.427 322.277 0.209852 -0.141775 0.947045
767.461 66.2026 -0.243277 -0.177009 1.72047
762.906 411.313 0.283025 -0.0572425 0.917712
825.322 27.5252 -0.175573 -0.228518 1.4264
778.544 337.555 0.213344 -0.069594 0.92302
762.449 410.804 0.277542 -0.055734 0.909973
839.003 48.1295 -0.0123865 -0.116885 0.972768
634.393 441.154 0.321917 0.0643242 0.930829
659.517 50.2877 -0.0115051 0.0248329 0.966932
707.968 190.095 0.0871235 -0.0107565 0.888343
767.582 413.743 0.275538 -0.0591682 0.902035
743.956 104 -0.271146 -0.144587 1.97588
741.281 123.711 -0.106675 -0.105384 1.697
643.257 181.408 0.0844328 0.0409152 0.943758
561.723 42.9938 -0.01695 0.099561 0.965003
660.75 105.762 0.0281763 0.0254012 0.960506
714.3 407.025 0.28828 -0.0133803 0.934818
506.673 34.3612 -0.0253121 0.144604 0.975461
674.152 447.989 0.327596 0.0259044 0.926666
712.887 410.01 0.287576 -0.0119661 0.92866
914.187 122.225 0.04337 -0.175168 0.951102
776.393 384.092 0.257092 -0.0689623 0.92055
560.738 41.9486 -0.0176682 0.100242 0.965059
587.465 390.287 0.26491 0.102586 0.929982
836.079 52.8693 -0.0108985 -0.117424 0.982856
590.122 450.47 0.282549 0.086122 0.865525
522.546 292.867 0.171978 0.147166 0.931922
722.721 597.897 0.20647 -0.0121859 0.654443
761.328 441.008 0.321087 -0.0577807 0.925871
569.075 63.7503 -0.00236882 0.094898 0.962148
640.079 601.435 0.205681 0.0185923 0.652758
557.914 370.967 0.234445 0.118813 0.909645
725.729 458.407 0.312455 -0.0222702 0.890884
711.804 233.819 0.166413 -0.0155918 1.24618
556.854 24.564 -0.0275446 0.099626 0.957326
524.746 419.249 0.329963 0.193665 0.983296
627.369 413.623 0.271175 0.0614125 0.899796
911.609 119.011 0.0405693 -0.176246 0.959296
503.928 392.21 0.162618 0.089614 0.74019
835.05 477.32 0.364911 -0.131986 0.924591
626.167 417.759 0.269883 0.0609143 0.891469
794.49 439.301 0.325203 -0.0911861 0.932922
827.407 30.4877 -0.0203032 -0.101839 0.951641
797.198 410.069 0.278384 -0.086873 0.911346
593.755 392.347 0.267609 0.0973286 0.930739
607.14 476.752 0.393823 0.106211 0.964661
605.897 436.615 0.330924 0.0974923 0.951212
678.497 417.298 0.266603 0.0166473 0.88546
615.976 287.276 0.166084 0.0662159 0.923386
941.456 617.406 0.203942 -0.0892737 0.640199
709.62 204.162 0.114509 -0.0127447 1.0813
712.703 43.4353 -0.0165922 -0.0167521 0.971839
866.601 275.617 0.163342 -0.144865 0.935924
841.83 80.2514 0.0119769 -0.117482 0.95962
494.473 445.488 0.361774 0.23208 0.980983
499.68 442.918 0.370383 0.235972 0.996374
514.424 440.405 0.394479 0.240944 1.03123
841.938 10.1017 -0.0349691 -0.113658 0.959575
820.92 139.713 0.0552383 -0.101339 0.948468
805.604 394.256 0.274589 -0.0985974 0.931681
643.609 204.911 0.100138 0.0385905 0.919536
573.531 60.2729 0.00118768 0.081569 0.922813
514.163 441.146 0.395212 0.241172 1.03073
706.525 155.633 0.0614837 -0.00990802 0.826431
703.67 76.7662 0.011024 -0.00919755 0.937109
858.114 581.762 0.21828 -0.0683526 0.673818
680.959 414.124 0.278671 0.0163707 0.909071
863.043 331.866 0.222966 -0.154993 0.955512
713.344 230.529 0.169041 -0.0190702 1.35632
589.749 464.536 0.540269 0.203483 1.14132
551.664 451.565 0.437917 0.213432 1.06033
499.152 444.155 0.368129 0.233484 0.991297
783.935 341.154 0.213625 -0.0730391 0.915692
838.459 394.325 0.31487 -0.153104 0.996638
658.654 253.551 0.223664 0.111856 1.45461
862.966 329.883 0.212517 -0.146594 0.934853
841.739 407.873 0.289847 -0.133688 0.931411
517.679 409.097 0.329052 0.209841 1.00199
860.104 391.479 0.267559 -0.145739 0.92277
521.423 197.349 0.0969553 0.148466 0.964145
893.653 189.303 0.0897001 -0.144739 0.899442
954.3 59.6662 -0.000258714 -0.200918 0.953469
600.816 439.982 0.326858 0.0995534 0.940427
831.742 472.406 0.377114 -0.135817 0.945296
530.744 329.155 0.210658 0.152096 0.946844
958.166 373.094 0.308767 -0.30649 1.02831
540.473 80.8603 0.00978341 0.117083 0.957239
783.173 102.968 0.0271413 -0.0726681 0.963777
918.316 197.112 0.0991495 -0.17895 0.934156
810.439 463.081 0.290018 -0.0867013 0.854052
825.929 435.391 0.360577 -0.139612 0.984869
601.158 405.979 0.294346 0.0980859 0.950355
701.322 64.5374 0.000537567 -0.00756662 0.95454
607.784 165.687 0.0730219 0.0796858 0.997904
680.767 228.005 0.146034 0.130688 2.01441
535.494 315.385 0.204709 0.154583 0.967142
952.264 398.318 0.350936 -0.315386 1.0395
715.591 484.949 0.372658 -0.0134042 0.926262
840.336 156.536 0.067717 -0.113354 0.932354
643.642 451.581 0.323956 0.0536568 0.917581
835.007 384.627 0.278741 -0.133435 0.955686
936.166 351.002 0.320429 -0.333408 1.11254
615.834 25.1975 -0.0330074 0.0605591 0.986566
579.395 10.9777 -0.0363704 0.0822315 0.958823
846.74 422.059 0.348053 -0.164162 0.991436
541.776 103.498 0.0249245 0.120835 0.964929
568.306 207.187 0.113709 0.354293 1.55224
660.917 60.2666 -0.00959205 0.0265795 0.996104
840.403 465.365 0.400145 -0.158973 0.981534
681.747 448.733 0.282744 0.0135895 0.865575
747.838 393.773 0.244205 -0.0398865 0.882365
843.797 71.0402 0.00851449 -0.112482 0.937366
600.907 440.896 0.328833 0.0999736 0.941628
524.513 292.687 0.173016 0.147198 0.935847
651.261 46.1927 -0.0098353 0.0285608 0.941227
548.745 102.675 0.0235286 0.118041 0.973997
624.309 418.13 0.27214 0.0631777 0.894475
698.175 15.5137 -0.00797033 -0.00676525 0.82435
673.318 483.438 0.351231 0.0262425 0.90576
721.394 540.446 0.183874 -0.0120028 0.658802
525.119 59.7863 -0.0180289 0.153065 1.03184
840.845 42.495 -0.0139029 -0.114699 0.960092
918.369 121.083 0.0430472 -0.174036 0.941046
523.351 189.133 0.0917716 0.156184 0.989891
916.978 200.778 0.102333 -0.179786 0.937452
782.921 340.201 0.211579 -0.0716542 0.913009
956.185 338.756 0.271733 -0.307113 1.04555
603.019 207.592 0.1014 0.0693094 0.917438
781.957 596.82 0.209864 -0.0349145 0.657902
762.267 446.729 0.311236 -0.0557453 0.904334
679.074 115.657 -0.000738826 -0.00372847 0.435031
857.061 8.80327 -0.0553121 -0.147765 1.03714
627.675 168.374 0.0677665 0.035017 0.827135
721.07 449.446 0.323956 -0.0190011 0.918319
681.234 439.348 0.325774 0.0196485 0.937313
724.077 583.501 0.215336 -0.0132407 0.671343
882.5 364.916 0.253354 -0.173686 0.946477
877.445 365.322 0.263184 -0.177328 0.964964
825.354 388.228 0.267658 -0.116049 0.929972
840.785 466.163 0.403088 -0.160378 0.983512
682.265 482.238 0.382544 0.0212208 0.941824
590.479 415.962 0.269967 0.0917043 0.895427
838.148 160.397 0.0707811 -0.114829 0.943036
884.594 140.387 0.0564898 -0.150853 0.944796
690.945 159.778 0.0145756 -0.00469755 0.486775
635.491 65.2285 -0.00189427 0.0446181 0.96967
869.71 281.751 0.163879 -0.141603 0.918748
837.582 400.621 0.353028 -0.171114 1.04274
862.703 303.846 0.18984 -0.145608 0.939715
509.862 418.973 0.318816 0.200447 0.967886
850.152 404.589 0.286055 -0.141071 0.930767
755.452 444.992 0.334308 -0.0537105 0.937352
753.832 441.801 0.342116 -0.0539178 0.952597
545.538 103.209 0.0241597 0.119813 0.971204
580.794 106.406 0.0280402 0.0881909 0.957842
797.413 439.508 0.350136 -0.102351 0.965279
649.335 192.268 0.0949425 0.039973 0.970958
652.382 36.1793 -0.0196219 0.0291031 0.959485
850.396 42.2749 -0.014189 -0.122371 0.96132
615.379 5.59397 -0.0495795 0.0618316 0.999195
713.422 20.4629 -0.0247848 -0.0168656 0.937739
793.96 393.177 0.25698 -0.0815038 0.903986
787.778 497.292 0.457797 -0.103203 0.99265
669.271 246.696 0.181527 0.0511921 1.21228
545.627 42.8221 -0.00436068 0.0899005 0.88812
638.177 270.024 0.202091 0.0870666 1.13978
953.952 160.46 0.067274 -0.157311 0.840971
708.751 214.458 0.107246 -0.0111468 0.913124
878.83 129.94 0.0474036 -0.158569 0.981261
523.204 303.419 0.187166 0.156291 0.950098
500.023 7.73426 -0.0302825 0.126459 0.919818
836.544 133.382 0.0502459 -0.117924 0.965107
897.325 421.126 0.286766 -0.174191 0.903637
745.404 91.2127 -0.260133 -0.136739 1.87851
632.298 223.934 0.146301 0.273267 1.79746
506.971 15.794 -0.0297837 0.129617 0.940112
636.237 189.536 0.0898975 0.045582 0.934256
719 96.4203 -0.243713 -0.0477622 1.87082
882.623 365.742 0.254587 -0.174239 0.947177
792.422 404.239 0.298386 -0.0916785 0.952924
711.146 44.3661 -0.0151923 -0.0154588 0.967667
611.654 216.174 0.114061 0.0734107 0.96563
570.038 113.615 0.0334935 0.0957766 0.95229
794.699 92.0617 0.0208059 -0.0791172 0.950038
834.816 403.216 0.303363 -0.137059 0.961052
746.881 101.213 -0.287373 -0.157592 1.99299
732.162 100.918 -0.303059 -0.103762 2.02243
579.572 108.659 0.0298917 0.08854 0.954656
599.261 50.0543 -0.0109795 0.0702264 0.959946
712.559 280.939 0.164023 -0.0134734 0.930122
864.989 331.515 0.209839 -0.144525 0.924481
907.822 120.764 0.0427095 -0.165845 0.941085
614.067 289.868 0.168246 0.0679687 0.92332
651.957 286.69 0.167072 0.0370423 0.926655
679.223 407.538 0.287357 0.0197583 0.93369
531.289 316.363 0.200732 0.152533 0.953404
570.191 347.606 0.221882 0.112624 0.929399
510.435 113.052 0.0327183 0.140729 0.948914
