629.729 272.808 0.17887 0.0350147 0.736361
838.908 130.156 0.117449 -0.0695661 0.768317
898.861 322.763 0.218601 -0.109773 0.757141
607.506 137.649 0.116776 0.0421133 0.746421
580.028 276.891 0.182487 0.0604455 0.741381
712.429 265.794 0.177307 -0.00549757 0.740158
512.2 25.0126 0.070142 0.0807719 0.75396
575.138 272.038 0.173635 0.0588387 0.72459
515.853 29.0755 0.0716846 0.0813826 0.761451
730.938 260.434 0.26847 -0.505365 4.93675
718.134 252.787 -0.0797227 -0.141449 5.49082
887.317 92.0429 0.0987696 -0.0863419 0.751328
629.932 261.489 0.170172 0.0335381 0.728196
724.655 223.653 -0.107949 -0.225799 4.0024
517.791 355.295 0.222152 0.0952222 0.734357
529.009 23.6623 0.0695136 0.0757952 0.763735
957.749 54.0856 0.0769722 -0.0776264 0.650351
576.886 15.8379 0.0668056 0.0519525 0.751448
713.626 253.985 0.164895 -0.00556938 0.721742
810.706 14.6841 0.0664723 -0.05261 0.771107
635.292 16.4674 0.0671723 0.0270435 0.753362
603.615 125.907 0.108296 0.0399232 0.721546
712.678 264.166 0.180259 -0.00591739 0.750739
589.564 146.795 0.0441176 0.425997 1.90682
814.396 347.009 0.202974 -0.0506184 0.701562
528.641 425.258 0.23583 0.08075 0.692382
813.624 4.35635 0.0627778 -0.0514353 0.758692
607.245 121 0.107188 0.0391116 0.72785
508.464 14.4322 0.0661627 0.0800031 0.747266
903.4 312.261 0.211135 -0.110423 0.754798
846.673 114.985 0.108889 -0.0692945 0.7544
713.984 253.515 0.165488 -0.00580662 0.72411
577.315 274.037 0.176501 0.0590054 0.729525
916.737 330.729 0.213982 -0.111983 0.737839
579.383 273.356 0.177227 0.0585979 0.732327
805.601 337.589 0.236199 -0.0621709 0.775265
559.769 148.459 0.124169 0.068517 0.764671
580.115 26.9104 0.0709925 0.0528126 0.762408
507.84 355.934 0.211259 0.0926078 0.713858
857.627 79.2985 0.0938313 -0.0747241 0.761323
877.468 106.992 0.107179 -0.0888627 0.772441
841.72 125.054 0.11454 -0.0696907 0.763988
905.35 319.252 0.210416 -0.107769 0.744442
867.731 60.7375 0.0850503 -0.0725589 0.73874
934.385 152.062 0.128332 -0.1187 0.767016
748.174 410.66 0.249693 -0.0230486 0.720658
630.727 265.16 0.174588 0.0341511 0.735372
612.877 428.409 0.296303 0.0578702 0.770853
768.66 421.397 0.311226 -0.0454763 0.79432
896.241 406.832 0.281142 -0.120447 0.766244
501.978 358.061 0.206661 0.0916189 0.70346
850.201 13.8848 0.0657541 -0.0741082 0.784004
836.78 414.807 0.265536 -0.0746458 0.737666
737.933 406.846 0.27754 -0.0212856 0.764676
853.43 413.93 0.336168 -0.119994 0.833701
714.263 427.465 0.296741 -0.00680825 0.770093
627.005 267.608 0.170519 0.0341967 0.720945
890.893 102.861 0.105399 -0.0956625 0.773428
921.563 373.334 0.272551 -0.145031 0.790993
809.39 420.413 0.31566 -0.0756387 0.800222
581.352 32.9902 0.0734186 0.0533336 0.767361
842.861 121.805 0.112542 -0.0690591 0.75969
846.024 114.136 0.108234 -0.06833 0.751871
935.256 262.26 0.16789 -0.105424 0.714433
882.433 407.531 0.262249 -0.10042 0.739012
887.938 108.189 0.108286 -0.0959899 0.77806
666.766 435.814 0.276228 0.0208977 0.736191
816.833 346.301 0.227535 -0.0626363 0.748022
551.97 8.95586 0.0607627 0.0766617 0.818693
636.257 14.2141 0.0663195 0.0265097 0.752569
609.729 432.391 0.286439 0.0563915 0.753965
604.44 108.059 0.100368 0.0380233 0.714014
893.448 40.9765 0.0777362 -0.0933909 0.773437
746.08 407.817 0.253941 -0.0227868 0.729468
852.325 394.967 0.287214 -0.100003 0.789178
891.022 60.0276 0.0861549 -0.095439 0.780324
707.7 151.946 0.147995 -0.00735395 0.946129
699.719 12.5189 0.0620032 0.00115281 0.606709
547.869 119.885 0.105539 0.0624562 0.720613
925.146 261.431 0.174986 -0.109397 0.735229
707.003 158.734 0.143207 -0.00534198 0.853864
535.78 505.201 0.268807 0.0780389 0.676615
788.196 503.341 0.265197 -0.0370914 0.669936
539.122 455.94 0.24545 0.0748396 0.682277
535.696 504.002 0.25893 0.0743929 0.666412
834.873 454.032 0.242554 -0.0575194 0.675229
574.163 424.646 0.307469 0.0882091 0.790529
549.381 135.31 0.114296 0.066552 0.738215
808.499 343.694 0.206482 -0.0499217 0.711527
916.035 339.199 0.228091 -0.120192 0.755223
554.904 549.496 0.331563 0.0842813 0.709179
496.827 567.378 0.384401 0.137565 0.74251
835.65 494.739 0.295372 -0.0696483 0.707616
882.417 537.69 0.326157 -0.0983226 0.70645
499.095 563.054 0.387417 0.138703 0.748213
882.775 432.094 0.278571 -0.102495 0.738267
887.669 538.424 0.341166 -0.107543 0.719377
879.833 534.074 0.328578 -0.0986825 0.711248
827.49 440.523 0.263475 -0.0636993 0.712459
890.363 437.212 0.270888 -0.101014 0.723638
925.576 420.168 0.240199 -0.105099 0.695872
892.13 523.099 0.347346 -0.11697 0.736422
535.598 505.622 0.254769 0.0725988 0.660748
911.633 413.236 0.256717 -0.111111 0.725253
675.269 438.973 0.28277 0.0165387 0.741645
508.205 412.396 0.397196 0.204407 0.926395
494.941 389.223 0.224567 0.0984131 0.70591
877.625 487.449 0.305817 -0.0983826 0.723559
607.24 590.037 0.363334 0.0577752 0.707652
921.949 477.167 0.279336 -0.111282 0.701422
844.119 504.256 0.283532 -0.0683512 0.688154
847.688 503.143 0.300682 -0.0764317 0.706824
948.368 351.404 0.390342 -0.31628 1.02055
611.958 135.842 0.116989 0.0409725 0.753482
772.228 427.537 0.294301 -0.0432636 0.765514
908.489 331.743 0.223214 -0.115105 0.755005
715.025 498.988 0.274695 -0.00455628 0.68433
723.798 570.56 0.212065 -0.00376628 0.580611
558.026 545.623 0.335811 0.0845918 0.715674
783.821 446.364 0.258025 -0.0392245 0.701539
902.936 369.51 0.300933 -0.157374 0.842123
558.097 409.627 0.258366 0.0798556 0.737955
891.977 524.281 0.351385 -0.118429 0.739193
781.916 551.943 0.324903 -0.040847 0.697486
669.795 496.355 0.263172 0.0162685 0.674005
907.877 467.709 0.297433 -0.116722 0.729701
852.281 88.1148 0.0986821 -0.0767215 0.777511
594.7 40.2791 0.0593689 0.0909392 1.01064
661.074 507.202 0.260305 0.0196288 0.664081
876.667 106.545 0.107617 -0.0907342 0.780007
664.723 454.716 0.247288 0.0183477 0.683504
637.942 29.0918 0.0719635 0.0274536 0.768909
863.757 407.875 0.332733 -0.128853 0.836702
545.456 417.717 0.252532 0.0821511 0.722284
586.73 510.346 0.262803 0.0524725 0.665987
651.737 570.736 0.290976 0.0247742 0.657705
482.539 392.962 0.213671 0.0958705 0.685291
658.468 546.153 0.312968 0.0246701 0.692572
587.853 452.935 0.253055 0.0554546 0.693481
575.035 265.119 0.168559 0.0575263 0.719937
707.259 153.159 0.122292 -0.00333999 0.735166
753.544 412.233 0.241943 -0.0244311 0.707938
657.361 516.118 0.25188 0.0201515 0.649604
547.608 611.957 0.342506 0.0824964 0.679056
827.551 486.813 0.27851 -0.0612216 0.695115
946.597 137.889 0.117874 -0.113085 0.741735
699.715 61.8524 0.0748914 0.00107795 0.618666
930.924 262.802 0.170413 -0.106118 0.720672
565.299 581.087 0.379376 0.0884945 0.727086
539.317 503.025 0.267469 0.0762241 0.676496
487.722 111.046 0.112718 0.130472 0.848546
591.302 127.432 0.0965102 0.0339498 0.645389
601.726 97.2403 0.0927133 0.0347079 0.682856
593.824 85.9596 0.0854445 0.0332922 0.653313
629.639 270.162 0.176033 0.0344737 0.732392
610.005 107.792 0.100209 0.0357178 0.713343
711.108 209.888 0.226347 -0.0132139 1.1277
709.216 172.9 0.183481 -0.0135427 1.33996
951.471 46.6488 0.0802605 -0.116697 0.760905
821.347 13.5268 0.0658403 -0.0585228 0.776169
884.944 320.188 0.23477 -0.116404 0.794331
714.314 88.0219 -0.112086 -0.0376146 1.89359
724.775 212.289 -0.106612 -0.195673 3.61643
814.015 347.048 0.205832 -0.0516248 0.706876
517.255 34.4334 0.073827 0.0822071 0.765769
