716.044 402.846 0.284875 -0.0135068 0.946567
637.095 402.629 0.286396 0.0634621 0.951663
599.724 188.05 0.0859146 0.0780848 0.948891
791.72 376.795 0.261269 -0.0863916 0.952626
784.681 335.993 0.209746 -0.073604 0.931772
715.168 277.666 0.158052 -0.0137751 0.936739
917.503 119.754 0.0378835 -0.178019 0.965319
517.376 127.81 0.0401376 0.143152 0.965842
854.009 59.1888 0.000782318 -0.109637 0.918743
871.029 275.611 0.158227 -0.144528 0.936673
570.742 343.181 0.213542 0.112543 0.932114
573.593 108.407 0.0266082 0.0963249 0.965057
615.979 282.997 0.159377 0.0679024 0.929765
653.762 279.542 0.157758 0.0371032 0.932724
571.724 342.628 0.214004 0.112393 0.934313
522.88 290.329 0.165925 0.147156 0.934568
854.172 314.565 0.203468 -0.144189 0.965052
743.408 383.45 0.259288 -0.0388673 0.938025
800.039 388.497 0.244949 -0.0833001 0.902715
523.584 118.78 0.0328187 0.142284 0.979666
574.851 105.264 0.0243258 0.0952375 0.965709
641.547 178.278 0.0783394 0.042939 0.941009
577.242 111.062 0.027563 0.0974288 0.979441
518.035 33.2221 -0.0349935 0.149423 1.01467
538.762 316.09 0.205314 0.156438 0.97885
563.005 101.077 0.0129526 0.128422 1.04731
901.579 126.287 0.0402343 -0.18736 1.01768
807.113 389.234 0.269817 -0.0997562 0.943665
843.484 75.0046 0.00542914 -0.115375 0.964913
664.362 108.64 0.0251218 0.0275104 0.997642
715.614 271.978 0.153057 -0.014188 0.93628
908.384 193.843 0.0872285 -0.147406 0.891028
822.309 83.9944 0.012615 -0.096853 0.953912
577.819 36.6865 -0.0259013 0.0919251 0.984205
620.963 105.006 0.0241224 0.0598326 0.971232
622.059 108.146 0.0261026 0.0598628 0.975442
656.273 275.982 0.157648 0.0361572 0.943244
600.995 38.117 -0.0209995 0.0697913 0.963836
601.915 188.047 0.0867346 0.0785957 0.95887
812.139 173.275 0.0766822 -0.0919592 0.947587
843.638 8.00089 -0.0420602 -0.115263 0.979382
866.198 299.42 0.181957 -0.145984 0.944991
811.133 172.876 0.0768889 -0.0931621 0.956792
813.971 168.514 0.0728989 -0.0922559 0.943464
656.544 279.05 0.161106 0.036424 0.94599
639.517 183.113 0.0821657 0.0452034 0.944021
608.332 183.658 0.0842284 0.0758115 0.971978
906.27 195.134 0.0993427 -0.192182 0.998519
912.942 115.886 0.0356923 -0.167863 0.950785
714.407 40.5478 -0.0221634 -0.0157349 0.983887
913.071 122.352 0.0392864 -0.179483 0.976517
800.982 4.94179 -0.0548361 -0.0900305 1.02216
786.228 325.831 0.235687 -0.0918326 1.01905
819.972 187.709 0.0977276 -0.145046 1.12275
512.307 117.614 -0.0746009 0.448437 1.56006
525.557 222.933 0.114067 0.145573 0.958163
835.314 379.597 0.27111 -0.132276 0.963245
619.891 107.479 0.026176 0.0601904 0.967484
660.219 102.508 0.0231829 0.0277079 0.964616
801.885 64.0599 -0.113862 -0.181549 1.41653
787.028 95.2069 0.0182638 -0.073566 0.973862
731.878 55.8726 -0.153364 -0.0581356 1.48683
720.058 51.0855 -0.226278 -0.0390692 1.63819
765.953 40.4572 -0.161495 -0.119309 1.44953
761.279 10.6404 -0.246612 -0.120985 1.53844
834.032 54.0016 -0.0622303 -0.173968 1.212
767.665 34.7584 -0.158853 -0.117965 1.42284
822.581 14.4655 -0.100735 -0.15298 1.20351
788.448 50.5061 -0.229855 -0.206426 1.64595
806.791 51.5404 -0.1095 -0.172676 1.3536
787.7 49.4514 -0.234404 -0.20569 1.65145
605.818 57.2172 -0.0106894 0.0702294 0.978909
774.314 76.7299 -0.105555 -0.137832 1.44731
926.216 194.622 0.0918776 -0.175237 0.924953
816.907 162.096 0.0678348 -0.0923739 0.935264
761.204 401.713 0.287491 -0.0577377 0.951364
782.121 45.5168 -0.227367 -0.184826 1.62055
834.075 397.192 0.307481 -0.142137 0.988935
725.8 45.2924 -0.247913 -0.0540132 1.66143
732.246 58.3963 -0.152731 -0.0594532 1.49548
848.404 159.355 0.0671738 -0.125715 0.967042
800.311 66.5361 -0.111905 -0.180198 1.42139
751.701 76.4242 -0.0694374 -0.0806726 1.32907
820.864 141.976 0.0535017 -0.10284 0.971353
719.887 48.989 -0.221721 -0.0381421 1.61985
653.347 64.2384 -0.00916171 0.0355502 1.00329
742.787 82.9133 -0.310268 -0.129512 1.96171
527.878 128.023 0.0396554 0.141379 0.983735
796.313 80.2468 -0.110602 -0.188831 1.47995
797.53 21.6221 -0.0511799 -0.0940275 1.05648
518.26 111.006 0.0277659 0.141397 0.968369
787.837 95.0824 0.0172292 -0.0758639 0.983927
842.428 74.4635 0.00399578 -0.116816 0.973511
617.602 104.333 0.0248206 0.0595985 0.954906
617.621 279.378 0.157199 0.0669404 0.932836
760.526 401.269 0.289591 -0.057628 0.955481
852.405 382.643 0.283793 -0.155828 0.978573
541.112 148.032 0.0554423 0.124275 0.959604
858.433 313.749 0.198002 -0.143384 0.952483
542.319 151.754 0.0582914 0.126659 0.968169
793.462 41.893 -0.216225 -0.201911 1.58276
763.778 52.2187 -0.168201 -0.125159 1.51048
571.702 53.5174 -0.0106695 0.0922481 0.961113
784.028 37.0467 -0.222881 -0.179282 1.57891
725.85 30.5945 -0.24621 -0.0513686 1.6031
798.371 84.1991 0.0121718 -0.0793444 0.957772
551.358 398.97 0.163946 0.070048 0.750393
604.329 400.866 0.293528 0.099856 0.967173
849.442 77.9078 0.00515898 -0.125711 0.984362
646.113 46.1816 -0.0182527 0.0381715 0.980666
646.963 47.542 -0.0187158 0.0384625 0.98866
588.448 387.63 0.255295 0.100889 0.928041
486.17 33.7939 -0.0296569 0.165758 0.989748
620.775 107.154 0.025606 0.0602807 0.9722
658.429 201.705 0.10767 0.0448843 1.06335
706.664 80.8295 0.00627086 -0.009132 0.982633
883.55 186.661 0.0881144 -0.152349 0.952991
522.236 407.061 0.3301 0.211006 1.01429
599.844 408.642 0.276316 0.0925777 0.926564
795.31 404.804 0.28254 -0.0880635 0.937266
863.227 386.768 0.257638 -0.14538 0.92574
504.263 407.488 0.297124 0.200358 0.963689
753.754 64.45 -0.29515 -0.148986 1.84011
645.075 199.925 0.092789 0.0388796 0.923229
786.111 98.9914 0.0203629 -0.0741172 0.981098
796.558 403.866 0.280817 -0.0889141 0.936134
528.066 286.581 0.168568 0.150833 0.954339
660.863 101.728 0.0225276 0.027294 0.965967
797.042 406.264 0.281164 -0.0886901 0.932622
854.387 11.3268 -0.0547218 -0.141489 1.04138
544.645 146.909 0.042603 0.0541046 0.725237
502.021 16.3795 -0.036044 0.142098 0.965666
490.554 115.138 0.0281205 0.17927 1.00301
769.499 69.3695 -0.137695 -0.137495 1.50442
740.986 38.94 -0.22093 -0.0839811 1.58031
739.313 382.454 0.256068 -0.0347917 0.9343
851.25 420.476 0.332916 -0.161398 0.982145
857.281 319.989 0.202339 -0.141396 0.948181
774.958 36.4087 -0.238913 -0.164915 1.61039
764.483 407.023 0.279488 -0.0579342 0.929663
813.529 57.9778 -0.200425 -0.259231 1.61217
780.669 333.905 0.209199 -0.0706348 0.935231
764.011 406.306 0.274131 -0.0564462 0.922517
840.347 47.3421 -0.0183953 -0.119037 0.994693
661.624 41.1391 -0.0191742 0.024678 0.967255
710.833 186.839 0.0813389 -0.010819 0.896638
768.202 407.564 0.275429 -0.0602561 0.922377
751.458 54.6595 -0.248717 -0.123199 1.70199
746.509 93.5813 -0.110079 -0.0951401 1.54387
646.712 178.43 0.07984 0.041634 0.962076
567.188 41.5544 -0.0231164 0.10134 0.986645
663.074 101.666 0.0220048 0.02608 0.972114
716.124 402.425 0.284967 -0.0135983 0.947448
510.327 30.6109 -0.0317873 0.146501 0.990428
676.482 442.606 0.325261 0.0259183 0.940176
714.943 406.4 0.282209 -0.0123147 0.936307
777.491 378.82 0.255781 -0.0704326 0.939352
562.973 36.6329 -0.0240989 0.100822 0.973919
591.932 384.282 0.26352 0.103959 0.948488
647.229 636.418 0.179213 0.013427 0.622117
839.576 48.263 -0.017611 -0.11826 0.993924
594.382 445.079 0.279867 0.0862798 0.878425
530.793 287.927 0.170904 0.150203 0.957958
725.656 577.524 0.209504 -0.0129591 0.680402
808.554 637.074 0.178706 -0.0366142 0.620174
762.689 437.138 0.316619 -0.058058 0.934961
573.21 60.9056 -0.00846216 0.0963199 0.979342
646.604 583.272 0.207446 0.0189477 0.67588
560.42 366.575 0.229339 0.119531 0.919028
713.43 229.714 0.160166 -0.0155208 1.25424
563.232 25.6983 -0.0330895 0.102007 0.982583
529.643 412.727 0.329246 0.19662 1.0015
630.44 408.616 0.26807 0.0617853 0.912859
914.092 116.181 0.034845 -0.178054 0.972806
516.273 384.208 0.162613 0.0912771 0.76407
629.604 411.715 0.268296 0.0617789 0.908363
795.038 433.567 0.324273 -0.0927687 0.949864
831.377 26.3265 -0.0269658 -0.103095 0.9638
797.276 404.051 0.278369 -0.0886118 0.931969
596.57 387.216 0.264933 0.0989363 0.945327
610.918 468.937 0.396538 0.10842 0.985826
606.167 434.286 0.321745 0.0970419 0.950513
682.038 409.719 0.268156 0.0165381 0.909903
619.144 283.245 0.16207 0.0670959 0.938162
711.486 197.114 0.104292 -0.0124343 1.0732
715.697 39.9742 -0.0230437 -0.016813 0.986559
867.628 272.3 0.159082 -0.146493 0.950461
843.205 79.2687 0.00645328 -0.119882 0.981387
602.11 595.699 0.280212 0.052833 0.740197
496.158 441.191 0.355654 0.232253 0.986644
504.268 437.076 0.369538 0.238681 1.01148
518.904 434.129 0.394739 0.244631 1.04869
844.657 7.80123 -0.0414861 -0.115241 0.976313
821.032 139.262 0.0513626 -0.103841 0.975613
678.322 476.363 0.889594 0.103774 1.39601
806.216 389.401 0.272495 -0.100023 0.947888
647.568 202.164 0.0964899 0.0393239 0.940629
580.004 60.4363 -0.00423352 0.0835191 0.948386
516.871 435.993 0.392369 0.24345 1.04208
710.134 155.468 0.0583644 -0.0102714 0.853832
707.005 73.6939 0.0050417 -0.00941993 0.951436
854.014 563.156 0.221699 -0.0711235 0.700268
683.276 408.018 0.2777 0.016748 0.927471
863.212 327.963 0.220603 -0.157623 0.973392
714.717 224.544 0.157459 -0.0185205 1.33414
588.545 463.704 0.526023 0.200894 1.13122
548.941 451.522 0.422485 0.209582 1.0471
504.68 437.362 0.369146 0.237576 1.01044
785.055 336.807 0.211207 -0.0742637 0.933358
839.761 390.657 0.310495 -0.154318 1.00678
656.326 246.802 0.204377 0.107119 1.39937
555.346 632.061 0.180929 0.0429755 0.626304
862.761 325.833 0.210317 -0.149128 0.953682
842.308 403.179 0.287501 -0.135717 0.946434
525.678 193.626 0.0921365 0.150422 0.980168
888.37 189.678 0.0891852 -0.150964 0.938464
954.602 58.9786 -0.00596967 -0.2046 0.974104
602.933 435.626 0.322046 0.0999103 0.948852
831.601 466.85 0.376245 -0.137664 0.960524
537.997 323.484 0.210475 0.155587 0.972536
957.655 369.339 0.30667 -0.310858 1.04428
544.24 77.2351 0.00368888 0.118467 0.971901
786.434 99.6551 0.0211447 -0.07387 0.977782
917.504 195.227 0.0955445 -0.182624 0.955958
810.495 456.104 0.289663 -0.0884644 0.872503
826.998 431.561 0.35663 -0.140712 0.994788
603.809 400.99 0.290948 0.0990576 0.962857
704.503 61.6797 -0.0056341 -0.00765372 0.970946
606.987 159.607 0.0653998 0.0804801 0.996844
675.665 211.442 0.114265 0.116676 1.79928
539.747 310.674 0.201497 0.156698 0.98363
953.859 395.462 0.346361 -0.317543 1.04818
717.208 478.926 0.371574 -0.0137787 0.940834
839.582 157.382 0.0654664 -0.117195 0.963326
646.106 446.673 0.320753 0.0538867 0.929016
837.2 381.673 0.27311 -0.134154 0.962604
940.885 348.966 0.311174 -0.331332 1.10981
619.024 20.8887 -0.0396742 0.0611549 0.999895
585.016 10.3934 -0.0428723 0.0837789 0.981773
846.713 417.088 0.346978 -0.166762 1.00801
540.464 94.5677 0.016786 0.120019 0.962146
663.291 54.9746 -0.0163196 0.0270559 1.00594
840.787 460.641 0.397839 -0.16077 0.994065
683.601 445.754 0.275101 0.0133964 0.869119
748.828 387.818 0.244006 -0.0405266 0.903568
844.679 70.9862 0.00314347 -0.115043 0.961157
603.281 436.167 0.324772 0.100531 0.951623
529.492 288.216 0.16989 0.14955 0.953705
655.098 44.0879 -0.0159643 0.0290103 0.959497
551.776 98.2779 0.0172729 0.119083 0.986334
628.847 410.739 0.272739 0.0642295 0.916817
701.797 11.8741 -0.0148162 -0.00666377 0.837954
675.055 478.434 0.34789 0.0265496 0.91643
845.247 37.2523 -0.0206721 -0.115504 0.968929
917.8 120.34 0.0383789 -0.177692 0.963856
527.009 185.36 0.0867686 0.158363 1.00548
915.139 199.037 0.0993521 -0.184381 0.963094
783.544 335.815 0.209312 -0.0724999 0.931193
958.206 335.839 0.266388 -0.308653 1.05404
781.473 576.243 0.213351 -0.0364661 0.684616
763.212 439.95 0.311594 -0.0570534 0.924056
695.322 127.069 -0.00412996 -0.004091 0.461691
860.164 3.25361 -0.0626689 -0.148213 1.04872
722.738 443.576 0.322316 -0.0193995 0.93368
683.438 433.848 0.323537 0.0196607 0.951499
882.844 361.095 0.250203 -0.175686 0.960657
877.198 361.213 0.260711 -0.179526 0.981002
827.602 385.408 0.26205 -0.116665 0.936767
842.383 463.439 0.397043 -0.160747 0.988588
595.097 409.368 0.269704 0.0933645 0.915162
840.049 157.535 0.065437 -0.11588 0.957221
701.485 166.135 0.0128038 -0.00507369 0.517882
640.408 55.7477 -0.0104761 0.0421311 0.972872
869.291 278.324 0.161215 -0.144203 0.93898
863.526 300.257 0.186577 -0.148051 0.956417
514.762 412.37 0.31833 0.204227 0.986535
849.602 398.885 0.285696 -0.144062 0.950962
756.64 439.552 0.332371 -0.0545143 0.951995
754.966 436.523 0.34003 -0.0546255 0.966877
551.417 101.184 0.0188411 0.121655 0.992595
798.437 434.981 0.347097 -0.103517 0.977361
652.427 188.994 0.0901412 0.0404326 0.986651
852.861 39.589 -0.0205951 -0.123901 0.97752
716.988 15.1689 -0.0310787 -0.0170466 0.945032
793.803 387.303 0.259356 -0.0838968 0.929735
788.803 492.729 0.455296 -0.104549 1.00319
670.691 243.099 0.17709 0.052457 1.22685
558.555 53.4496 -0.00654702 0.0942012 0.932061
823.619 247.789 0.223524 -0.301593 1.51382
880.92 127.033 0.0417616 -0.160112 0.99544
527.743 298.825 0.18378 0.158449 0.966564
506.135 6.43333 -0.0366346 0.128819 0.939758
839.14 130.219 0.0445296 -0.118983 0.977812
858.026 398.415 0.376416 -0.215663 1.08971
513.837 143.771 0.0520713 0.138226 0.941104
786.479 22.474 -0.0318716 -0.0708848 0.974226
551.664 83.7611 0.00406933 0.124003 1.00665
837.642 156.925 0.0653366 -0.118908 0.975376
676.662 345.981 0.216682 0.0203874 0.929717
613.852 469.864 0.397956 0.105184 0.985824
712.07 182.074 0.0747031 -0.0149471 1.46304
851.434 120.983 0.0383192 -0.123921 0.962157
708.512 177.813 0.072333 -0.00916279 0.864095
695.566 344.407 0.213057 0.00373245 0.924364
851.555 120.903 0.0382767 -0.123904 0.961788
655.133 281.289 0.161059 0.036849 0.938963
661.464 77.2768 0.00169553 0.0285077 0.995191
587.945 15.4253 -0.0423357 0.0845923 0.994148
639.035 250.297 0.173233 0.0846445 1.13874
610.657 351.198 0.224481 0.0801268 0.937899
851.257 108.904 0.0292893 -0.124283 0.966786
579.108 341.04 0.224788 0.115151 0.962124
879.836 325.476 0.179984 -0.134141 0.879374
717.019 343.025 0.214729 -0.0147146 0.93027
623.923 210.953 0.115665 0.0803769 1.05144
812.062 37.8715 -0.0214559 -0.0911733 0.974177
712.39 210.22 0.120321 -0.013416 1.09759
610.164 83.6405 -0.00146434 0.0823601 1.04904
750.983 58.5634 -0.250268 -0.124738 1.72188
623.928 211.267 0.123081 0.252378 1.66645
512.102 13.3692 -0.0361979 0.131583 0.957795
639.468 186.166 0.0848839 0.0461318 0.949054
720.96 61.8381 -0.233474 -0.043127 1.6991
793.192 399.255 0.296442 -0.0930374 0.968955
714.295 42.872 -0.0213633 -0.0157033 0.988247
614.191 212.286 0.108636 0.074082 0.976932
573.715 110.235 0.0277597 0.0970208 0.967442
797.223 89.3356 0.0149145 -0.0801205 0.965961
835.042 398.542 0.301155 -0.138781 0.976387
753.574 62.8605 -0.269693 -0.140155 1.78138
736.389 61.0356 -0.282566 -0.0917649 1.79876
583.488 105.482 0.0241631 0.0897335 0.97091
602.312 45.7253 -0.0174856 0.0709728 0.972535
714.786 277.382 0.159317 -0.0135277 0.942161
864.423 327.298 0.208096 -0.147307 0.944722
909.064 118.985 0.037488 -0.168821 0.959724
617.965 285.685 0.165141 0.0689755 0.941408
654.786 282.783 0.163172 0.0375799 0.941777
681.401 402.739 0.284146 0.0198523 0.94661
537.496 311.199 0.199259 0.155537 0.975899
574.112 342.717 0.218796 0.113982 0.944885
513.37 108.769 0.0265994 0.142301 0.961341
