716.696 401.523 0.280727 -0.0136534 0.941937
637.048 401.224 0.28234 0.0630689 0.947273
600.228 185.388 0.0837234 0.0780446 0.949785
792.437 374.612 0.258576 -0.0864272 0.951722
785.511 333.796 0.206947 -0.0735986 0.930332
715.794 275.139 0.155942 -0.0139236 0.937717
918.07 117.137 0.0358033 -0.178669 0.967972
516.724 124.388 0.0375774 0.142734 0.963789
854.987 56.0577 -0.00147036 -0.109887 0.91992
869.841 272.812 0.157966 -0.146073 0.945227
571.345 340.641 0.211441 0.112597 0.932977
574.212 105.77 0.0244671 0.0965194 0.967413
616.18 280.599 0.156716 0.0677157 0.928451
654.386 277.114 0.155203 0.0367771 0.931816
572.503 340.121 0.211902 0.112268 0.935104
523.185 287.877 0.163532 0.146991 0.934373
856.391 312.724 0.199246 -0.143337 0.95863
744.093 381.051 0.256958 -0.0390935 0.938149
800.796 386.241 0.242412 -0.0833971 0.902214
526.508 117.769 0.0314337 0.143881 0.990032
574.702 101.9 0.0219046 0.0951165 0.964814
642.256 175.715 0.0763279 0.0429181 0.943154
577.627 108.058 0.0252882 0.0972281 0.979758
516.128 28.0191 -0.0374643 0.148815 1.00993
539.095 313.674 0.202966 0.156403 0.978931
563.126 98.0007 0.0106354 0.128341 1.04762
903.041 123.043 0.0377995 -0.18732 1.01699
807.447 386.628 0.267894 -0.0999196 0.944894
843.738 72.7336 0.00337747 -0.115936 0.968997
663.605 102.641 0.021692 0.0271394 0.984554
716.403 269.53 0.150333 -0.0144282 0.934699
906.669 191.836 0.0863573 -0.148806 0.89912
823.107 81.0921 0.0104104 -0.0971411 0.955538
578.019 33.2979 -0.0282117 0.0918784 0.984799
621.279 101.925 0.0218172 0.0597802 0.971595
623.075 106.263 0.0242773 0.0602178 0.981111
656.472 273.569 0.154801 0.0360463 0.941196
601.696 35.4133 -0.0232343 0.0698726 0.96651
600.967 184.667 0.0833891 0.0780053 0.952454
812.743 170.599 0.074537 -0.0920904 0.948774
844.647 4.63711 -0.04438 -0.115573 0.980825
867.932 297.316 0.178449 -0.145254 0.940675
812.227 169.889 0.0743695 -0.0931257 0.955489
815.041 165.484 0.0703925 -0.0922432 0.942478
657.038 276.576 0.158745 0.0363066 0.945933
639.412 179.955 0.0793031 0.045033 0.940834
608.536 180.93 0.0819499 0.0759174 0.972494
907.465 192.38 0.0969589 -0.192249 0.998322
913.945 112.97 0.033472 -0.168207 0.952007
715.163 36.6605 -0.0245271 -0.0159217 0.983013
913.13 120.04 0.0373683 -0.180303 0.980492
802.052 0.930882 -0.0571796 -0.0901166 1.02195
786.823 323.483 0.233335 -0.0919601 1.01915
821.167 184.698 0.0948998 -0.14469 1.11962
511.89 114.877 -0.0769773 0.448284 1.56007
523.897 220.083 0.110622 0.144513 0.952115
836.431 377.709 0.267769 -0.132031 0.960661
620.596 104.86 0.0240614 0.0601866 0.969747
660.69 98.9948 0.0207342 0.0274262 0.963104
802.825 60.4862 -0.116211 -0.18155 1.41568
787.726 92.2449 0.0160266 -0.0737146 0.975075
732.38 52.3671 -0.15571 -0.0582422 1.48641
720.455 47.6523 -0.228683 -0.0391942 1.6383
766.662 36.8196 -0.163856 -0.119409 1.44935
761.962 6.76561 -0.24901 -0.121114 1.53862
835.029 50.6039 -0.0646156 -0.17417 1.21261
768.389 31.0861 -0.16122 -0.118074 1.42277
823.657 10.5945 -0.1031 -0.153092 1.20357
789.238 47.0521 -0.23228 -0.206578 1.6462
807.708 48.0403 -0.111874 -0.172801 1.35369
788.491 45.9723 -0.236814 -0.205829 1.65162
606.214 54.1843 -0.0129694 0.0702899 0.980417
775.011 73.5244 -0.107937 -0.137973 1.44753
926.913 192 0.0898324 -0.175733 0.926685
817.721 159.298 0.0656054 -0.0925614 0.936079
761.875 399.959 0.284072 -0.0576027 0.948643
782.902 41.926 -0.229732 -0.184916 1.62034
835.569 395.916 0.303025 -0.141453 0.983632
726.227 41.8116 -0.250323 -0.0541418 1.66162
732.742 55.0051 -0.155109 -0.0595784 1.49549
849.166 156.567 0.0649382 -0.125744 0.967525
801.197 63.0949 -0.114273 -0.180265 1.42104
752.324 73.1124 -0.0718121 -0.0807755 1.32894
821.933 138.816 0.0510462 -0.102787 0.970389
720.286 45.5588 -0.224129 -0.0382678 1.62007
658.825 70.4445 -0.00980873 0.0350276 1.03888
743.261 79.7622 -0.312631 -0.129622 1.96135
527.879 125.003 0.0373139 0.14127 0.983675
797.145 76.9575 -0.112984 -0.188897 1.47962
799.591 13.5795 -0.0533917 -0.0924478 1.04313
518.519 108.095 0.0255181 0.141406 0.969189
788.633 91.5545 0.0148249 -0.0756524 0.982571
843.289 71.3405 0.0017433 -0.116945 0.974409
618.179 101.372 0.0225779 0.0594253 0.955658
618.809 276.585 0.156351 0.0675165 0.939085
761.334 399.83 0.285599 -0.0574415 0.951287
853.251 380.758 0.280627 -0.15534 0.976349
540.93 144.915 0.0529576 0.123978 0.958416
861.758 312.17 0.193031 -0.142434 0.943364
541.806 148.43 0.0556145 0.126072 0.965426
794.367 38.1059 -0.218525 -0.201908 1.58186
764.464 48.6519 -0.170548 -0.125238 1.51003
572.162 50.5316 -0.0129272 0.0923023 0.962703
784.867 33.2487 -0.225198 -0.17932 1.5782
726.295 26.8945 -0.248563 -0.0514798 1.60296
799.164 81.2348 0.00994319 -0.0795798 0.959169
552.31 396.336 0.161859 0.0700016 0.751159
604.613 398.971 0.290304 0.0993518 0.964925
850.541 74.6491 0.00287057 -0.125858 0.984697
646.674 42.8649 -0.0205423 0.0379848 0.981305
647.181 43.5224 -0.0210859 0.0382511 0.986969
590.089 383.896 0.255192 0.101674 0.934362
485.736 30.0564 -0.0320077 0.165562 0.989303
621.343 104.253 0.0233803 0.0601415 0.973172
657.843 198.262 0.10389 0.0447524 1.05528
707.275 77.5148 0.00392442 -0.00925184 0.982803
884.434 183.961 0.0859273 -0.152662 0.954007
521.805 405.251 0.326321 0.210281 1.01108
599.498 407.388 0.27194 0.0918734 0.921555
795.881 402.721 0.279689 -0.0879015 0.936048
864.797 385.329 0.253675 -0.144627 0.921395
503.71 405.776 0.293372 0.199512 0.960319
754.319 61.0959 -0.297527 -0.149092 1.83991
646.136 197.603 0.0914398 0.0391188 0.929236
786.788 96.1314 0.0181577 -0.0743162 0.98267
797.658 402.411 0.276888 -0.0886248 0.93215
529.734 283.915 0.167411 0.151541 0.959003
661.108 97.8674 0.0199608 0.0270399 0.962901
798.618 405.422 0.275904 -0.088145 0.925602
853.726 10.6112 -0.0569553 -0.142659 1.05013
547.549 145.12 0.0412588 0.0544663 0.731154
501.738 12.4591 -0.0383423 0.141713 0.964874
490.135 111.89 0.0257061 0.178993 1.00212
770.223 65.8874 -0.140036 -0.137534 1.50353
741.515 35.4363 -0.223327 -0.0841198 1.58068
739.974 380.413 0.253103 -0.0348597 0.932644
853.529 420.028 0.326665 -0.159957 0.97342
858.451 317.796 0.199381 -0.141125 0.946155
775.681 32.8358 -0.241325 -0.165061 1.61071
765.515 405.117 0.276152 -0.0581505 0.927377
814.376 54.7556 -0.203012 -0.259571 1.6135
781.371 331.575 0.20672 -0.0707147 0.934817
764.793 404.229 0.271147 -0.0565418 0.921057
841.362 43.9588 -0.0207015 -0.119196 0.995365
662.098 37.9022 -0.0214619 0.0246328 0.968291
711.536 183.822 0.0785692 -0.0109382 0.893847
769.223 405.581 0.272301 -0.0604954 0.920545
752.988 43.9867 -0.246633 -0.120332 1.66332
747.389 87.9954 -0.111941 -0.0942737 1.52902
646.434 175.306 0.0770988 0.0417799 0.959743
567.319 38.1508 -0.0254297 0.101286 0.987086
664.134 97.858 0.0194693 0.0252136 0.969239
716.64 400.653 0.281577 -0.0136456 0.944791
509.231 26.0913 -0.034207 0.146033 0.987833
676.685 441.767 0.320262 0.0256039 0.934361
715.417 404.172 0.279569 -0.0123478 0.935632
778.304 376.79 0.252752 -0.0704333 0.937545
563.15 33.2753 -0.026412 0.100805 0.974621
648.459 631.403 0.177757 0.0134152 0.624223
840.583 44.8999 -0.0199299 -0.118451 0.994727
596.18 441.756 0.279278 0.0862081 0.881932
531.806 285.356 0.169174 0.150519 0.960385
726.104 571.433 0.208824 -0.0130436 0.684257
808.492 628.65 0.178302 -0.037126 0.624736
763.702 435.497 0.312887 -0.0582181 0.931985
574.896 59.8117 -0.0102958 0.0970285 0.986741
648.233 577.41 0.206594 0.0188758 0.679353
560.79 364.414 0.22653 0.119046 0.917681
713.726 226.762 0.155873 -0.0153693 1.24373
563.325 22.3108 -0.0353748 0.10203 0.983241
528.599 411.589 0.324354 0.195201 0.995461
630.633 406.954 0.264522 0.0613915 0.90982
914.898 113.371 0.032682 -0.178349 0.974248
518.047 380.869 0.161099 0.0914987 0.76674
629.879 410.107 0.264651 0.0612728 0.905129
796.39 432.68 0.319132 -0.0923172 0.94379
832.583 22.536 -0.0293139 -0.103191 0.963715
798.98 402.961 0.273553 -0.0884086 0.925981
596.199 385.308 0.261468 0.0988455 0.942558
607.951 472.224 0.382686 0.105845 0.964421
605.819 433.172 0.316868 0.0962872 0.945054
682.897 406.939 0.266386 0.016274 0.911418
619.385 280.743 0.15982 0.0672473 0.938592
711.963 194.189 0.101475 -0.0124872 1.07032
716.306 36.5311 -0.0253564 -0.0169037 0.987055
868.992 269.855 0.156323 -0.146386 0.948796
844.148 76.1598 0.00417826 -0.120124 0.982434
607.021 583.732 0.288557 0.0540833 0.756185
493.107 441.34 0.347872 0.229271 0.975431
501.72 437.315 0.361896 0.235311 1.00002
516.343 434.188 0.386666 0.24148 1.03679
845.55 4.42741 -0.0437578 -0.115396 0.977512
821.848 136.472 0.0491721 -0.104087 0.976686
678.974 474.561 0.892592 0.103585 1.39862
806.803 387.337 0.269668 -0.0998104 0.946604
648.696 199.793 0.0947808 0.039107 0.943833
580.223 57.1995 -0.00652347 0.0835058 0.948965
516.102 434.636 0.387577 0.242119 1.03707
710.876 153.052 0.0565381 -0.0104268 0.857334
707.66 70.878 0.00285134 -0.00955147 0.95338
853.964 558.203 0.220622 -0.071643 0.703203
684.333 405.521 0.275477 0.0161983 0.927855
864.111 326.057 0.217504 -0.156764 0.97048
715.143 221.819 0.153919 -0.0186274 1.32747
586.666 464.408 0.514712 0.197938 1.11598
546.362 452.207 0.412766 0.206352 1.03303
500.585 438.106 0.359421 0.233762 0.995494
785.629 334.472 0.208759 -0.0742425 0.933045
841.088 389.088 0.306639 -0.153886 1.00288
558.409 622.961 0.180772 0.0433645 0.631444
863.512 323.412 0.208042 -0.149341 0.954001
843.798 401.846 0.283247 -0.135063 0.941734
525.366 190.705 0.0895117 0.150149 0.978866
888.772 187.105 0.0871505 -0.151135 0.940081
955.508 55.6888 -0.00845964 -0.205164 0.976285
602.621 434.304 0.317657 0.0993737 0.944403
832.621 465.291 0.372304 -0.137345 0.957488
535.001 322.195 0.204762 0.153764 0.961187
543.335 73.2682 0.00116899 0.118311 0.969683
786.871 97.2625 0.0191162 -0.0741936 0.981244
918.472 192.534 0.0933205 -0.182868 0.956665
811.2 454.349 0.28647 -0.0882054 0.870599
828.519 430.569 0.351408 -0.139963 0.988707
603.352 399.763 0.286503 0.0984013 0.95747
607.239 156.74 0.0630528 0.0803916 0.996833
673.935 205.378 0.105754 0.112072 1.73559
538.463 308.006 0.196725 0.155484 0.977617
717.655 479.667 0.363599 -0.0136505 0.930308
839.878 155.021 0.0636343 -0.117787 0.967039
645.256 446.962 0.313644 0.0533745 0.91897
838.245 379.724 0.27001 -0.134019 0.960583
943.821 347.476 0.306137 -0.329213 1.10226
619.331 17.4067 -0.0419887 0.0610924 1.00055
584.757 6.19474 -0.0451806 0.0836148 0.980483
848.767 416.437 0.340849 -0.165367 0.999653
539.491 90.4772 0.0141191 0.119579 0.959013
779.012 557.445 0.221798 -0.0379862 0.705726
662.691 47.6734 -0.019385 0.026675 0.994464
684.536 441.441 0.275808 0.013433 0.875679
748.807 384.923 0.242677 -0.0403641 0.906234
844.931 68.5476 0.0010538 -0.115406 0.964544
603.172 434.419 0.321147 0.100294 0.948872
529.709 285.784 0.167452 0.149384 0.953331
655.702 41.1185 -0.0182161 0.0289489 0.961308
551.039 94.1835 0.0146502 0.118276 0.982324
629.591 408.807 0.269643 0.0635687 0.914913
702.571 11.27 -0.016593 -0.00675975 0.844387
675.092 478.018 0.342163 0.0263059 0.909937
844.941 35.7373 -0.0227267 -0.116231 0.975261
917.526 118.141 0.0365134 -0.178584 0.968537
528.546 182.952 0.0848669 0.158086 1.00818
913.666 196.895 0.0982868 -0.18585 0.970851
784.6 333.408 0.206903 -0.0729346 0.931103
782.061 570.409 0.212578 -0.0369635 0.688248
764.615 439.579 0.305705 -0.0569004 0.9164
695.768 128.03 -0.00623409 -0.00408227 0.463942
683.449 432.672 0.317278 0.01951 0.94433
886.512 360.412 0.24425 -0.173954 0.950176
878.199 359.266 0.25757 -0.178947 0.978692
828.36 383.578 0.258828 -0.116178 0.934354
844.427 463.151 0.390253 -0.159505 0.980338
595.08 407.771 0.265818 0.0926952 0.911481
840.397 154.916 0.0633635 -0.115931 0.958902
703.469 163.336 0.0113886 -0.00528673 0.523758
643.856 56.8662 -0.0120258 0.0416682 0.988216
869.342 275.718 0.159619 -0.14474 0.942045
864.468 297.846 0.184035 -0.148052 0.955844
514.34 410.524 0.314644 0.203562 0.983581
554.369 634.821 0.174965 0.0420945 0.620707
850.638 396.942 0.282503 -0.143853 0.948944
757.37 438.097 0.328365 -0.0543958 0.948395
755.69 436.399 0.333686 -0.0538913 0.958032
551.407 97.9703 0.0164839 0.121532 0.992405
800.079 435.035 0.34031 -0.102458 0.967588
650.328 184.09 0.084523 0.0398596 0.966426
854.801 35.0044 -0.0231117 -0.123789 0.975102
718.257 8.66308 -0.0335093 -0.0173879 0.937342
790.332 493.319 0.446719 -0.103535 0.992632
669.998 239.622 0.170473 0.0515723 1.20845
572.032 72.3821 -0.00102133 0.0996631 0.98382
823.129 247.219 0.225547 -0.302972 1.52228
882.129 123.886 0.0393838 -0.160103 0.995137
527.736 296.469 0.181118 0.158143 0.965396
506.256 3.01582 -0.0389299 0.128815 0.940588
840.065 127.224 0.0422303 -0.11907 0.978103
859.936 397.377 0.370679 -0.214184 1.08196
515.2 141.209 0.0500192 0.137769 0.942642
786.94 20.2517 -0.0340788 -0.071295 0.978514
549.658 78.1709 0.00115264 0.122537 0.997691
841.25 151.711 0.0609852 -0.116949 0.960856
677.275 343.596 0.214588 0.0202637 0.93028
613.477 469.089 0.392387 0.104385 0.979675
521.142 0.365124 -0.050041 0.132366 0.983197
852.282 118.097 0.0361016 -0.124154 0.96327
709.251 175.277 0.0704601 -0.00931738 0.867055
852.406 118.018 0.0360603 -0.124143 0.962919
655.407 278.916 0.158174 0.0366545 0.936785
661.192 71.3209 -0.00123912 0.0279973 0.98548
587.931 11.4552 -0.0445957 0.0843333 0.993182
637.582 247.671 0.168904 0.0849394 1.12939
611.079 348.91 0.222 0.079966 0.937422
852.115 105.988 0.0270733 -0.124516 0.967923
579.286 338.846 0.222056 0.114879 0.960842
869.738 318.472 0.1877 -0.138886 0.914449
717.632 340.667 0.212248 -0.0148476 0.929931
623.865 208.129 0.112782 0.0799962 1.04834
812.997 34.4197 -0.023771 -0.0913061 0.974805
712.832 207.303 0.117191 -0.0134288 1.09299
609.946 79.6987 -0.00394505 0.0820104 1.0463
636.308 437.454 0.312119 0.0635256 0.931247
799.304 10.8709 -0.0401392 -0.0805031 0.978524
571.034 53.9728 -0.0127119 0.0968466 0.976063
587.429 44.2593 -0.019512 0.0838195 0.978127
682.055 435.663 0.314249 0.0202448 0.935644
565.444 473.349 0.33571 0.127901 0.91125
590.605 360.528 0.372274 0.201292 1.20461
525.109 172.045 0.0747841 0.153451 0.99297
727.084 339.671 0.208082 -0.0227375 0.922369
633.876 439.771 0.304644 0.0630353 0.917922
820.306 142.496 0.0538343 -0.101978 0.971746
507.444 409.718 0.301182 0.199518 0.965074
849.287 156.239 0.0648252 -0.127616 0.973483
850.905 65.0345 -0.00763018 -0.132617 1.00953
723.258 497.236 0.458597 -0.021319 0.999573
627.398 223.795 0.133106 0.0847649 1.08183
836.591 470.197 0.387663 -0.146055 0.966862
673.981 447.05 0.310576 0.0262314 0.914215
489.111 61.9544 0.00832126 0.045982 0.632555
618.74 68.8787 -0.00213276 0.0606472 0.976588
628.193 17.364 -0.0334164 0.0481782 0.960331
632.602 26.291 -0.0329766 0.0489877 0.987104
711.083 155.23 0.062063 -0.0113027 0.948673
886.561 271.342 0.138904 -0.134488 0.881048
841.501 397.248 0.340266 -0.169644 1.03783
751.548 55.1363 -0.252644 -0.124841 1.72166
624.025 209.22 0.120713 0.252284 1.66673
511.425 8.81495 -0.0385043 0.130865 0.955262
640.215 183.634 0.0829112 0.0461062 0.951358
721.344 58.4328 -0.235844 -0.0432358 1.69874
794.372 397.847 0.292304 -0.0927872 0.964438
714.799 40.0146 -0.0236134 -0.015742 0.990538
612.434 208.726 0.103901 0.0729287 0.963848
574.044 107.289 0.025504 0.0969824 0.96816
797.8 86.6404 0.0127735 -0.080368 0.968261
836.723 397.157 0.296833 -0.138409 0.971538
754.149 59.4295 -0.272045 -0.140224 1.78087
736.85 57.6226 -0.284923 -0.0918533 1.79839
583.357 102.2 0.0217823 0.0896964 0.970239
602.606 42.4782 -0.0197771 0.0709733 0.973405
715.322 274.965 0.156561 -0.0135675 0.940495
865.336 324.985 0.205543 -0.147297 0.944088
906.726 118.383 0.0364418 -0.17126 0.971991
618.1 283.326 0.162289 0.0686992 0.93939
655.031 280.448 0.160155 0.03734 0.939067
681.615 401.605 0.27968 0.0196369 0.941138
538.335 308.684 0.19733 0.155623 0.977401
574.26 340.508 0.216024 0.113706 0.943546
512.54 105.324 0.0241008 0.142369 0.960271
