631.032 264.776 0.174793 0.0358035 0.738301
842.531 120.648 0.113178 -0.0689133 0.769813
897.953 314.41 0.217965 -0.110543 0.767729
609.239 128.531 0.113107 0.0428943 0.750114
581.193 268.804 0.178658 0.0612929 0.744056
714.174 257.771 0.173882 -0.00473365 0.743981
512.297 13.7388 0.0660628 0.0815893 0.755986
577.963 263.528 0.171564 0.0600372 0.732368
515.396 17.7268 0.0675372 0.0823273 0.763076
731.192 258.322 0.264332 -0.505361 4.93743
718.23 250.561 -0.0839569 -0.140492 5.49109
892.492 81.2763 0.0941478 -0.0855343 0.751471
631.334 253.308 0.166268 0.0343666 0.730633
725.011 219.069 -0.111527 -0.222275 3.9497
518.19 347.953 0.217564 0.0957665 0.735071
530.68 14.2762 0.0660915 0.0770432 0.769828
578.653 5.64205 0.0631227 0.0528025 0.755897
715.386 246.015 0.159728 -0.00456898 0.72022
814.125 3.25958 0.0622664 -0.0517428 0.772428
637.727 6.62418 0.0635786 0.0277147 0.75862
605.855 117.044 0.105066 0.0408236 0.727
714.77 256.174 0.176562 -0.00533963 0.753837
589.109 141.443 0.0402434 0.428253 1.9149
816.94 338.939 0.19973 -0.050357 0.70563
528.844 418.77 0.230836 0.0812915 0.692207
609.652 112.341 0.104136 0.0400361 0.734186
510.773 5.39064 0.062912 0.0812168 0.753855
908.024 305.53 0.205398 -0.108946 0.752355
849.621 105.833 0.105036 -0.0685252 0.75709
717.005 245.316 0.15973 -0.00532769 0.721146
579.296 265.718 0.173581 0.0600481 0.73481
921.254 324.023 0.208625 -0.110767 0.736555
581.397 265.047 0.174307 0.0596135 0.737633
808.284 331.017 0.230743 -0.0611177 0.773779
560.956 139.283 0.120265 0.0692208 0.767396
580.239 15.2059 0.0667037 0.0536794 0.763147
509.109 348.068 0.20749 0.0934181 0.716495
860.51 70.2485 0.0903087 -0.0744551 0.766318
880.571 97.8736 0.103373 -0.0882689 0.775681
844.991 115.628 0.110338 -0.0688042 0.765375
907.685 311.821 0.206704 -0.107185 0.747292
869.923 52.2303 0.0818934 -0.0723569 0.745375
936.239 144.073 0.125278 -0.118659 0.772996
749.24 401.795 0.247985 -0.0224298 0.727577
631.382 257.229 0.170191 0.0351296 0.736192
612.173 424.195 0.288285 0.0581775 0.764724
771.051 417.489 0.3026 -0.0440199 0.787075
899.542 401.206 0.275295 -0.118947 0.764414
503.425 349.855 0.203262 0.0927003 0.707047
854.484 2.2398 0.0614389 -0.0733268 0.784934
839.837 409.618 0.259027 -0.0730684 0.734481
740.809 399.162 0.274198 -0.0215568 0.768372
858.088 411.027 0.325519 -0.116898 0.822448
715.852 422.806 0.289343 -0.00602483 0.765327
629.418 259.09 0.168491 0.0352409 0.728958
898.945 90.0458 0.0990192 -0.0933998 0.765054
926.767 368.317 0.265231 -0.1427 0.785521
812.628 416.633 0.30684 -0.0737674 0.792611
583.02 22.8819 0.0696716 0.0542711 0.772401
848.347 105.361 0.1047 -0.0676199 0.75593
886.892 402.392 0.255495 -0.0988434 0.73533
892.127 98.3368 0.103892 -0.095037 0.778685
667.687 429.883 0.270434 0.0216641 0.734775
811.616 336.053 0.231885 -0.0623408 0.769536
637.476 2.08778 0.0619781 0.0272714 0.752918
609.558 426.842 0.280194 0.0570674 0.751533
606.568 100.062 0.097652 0.0392044 0.720873
897.347 30.7055 0.0737491 -0.0927479 0.776078
747.954 401.122 0.249419 -0.0220214 0.730316
856.429 390.263 0.279306 -0.0980726 0.783048
895.272 49.5902 0.0819407 -0.0946366 0.781746
708.866 140.626 0.140298 -0.00630598 0.932477
704.186 6.98828 0.0601991 0.00154084 0.619752
557.231 116.358 0.106989 0.064858 0.745232
933.092 254.011 0.167587 -0.106703 0.727332
708.465 149.226 0.137984 -0.00448919 0.851696
535.497 498.125 0.263964 0.0791769 0.677457
790.538 495.922 0.261164 -0.0365343 0.672039
536.525 450.762 0.238435 0.0756953 0.678837
537.821 494.624 0.256556 0.075761 0.671425
837.595 445.887 0.239343 -0.0574218 0.678941
573.22 419.886 0.299917 0.0881704 0.785424
550.462 126.073 0.110553 0.0674627 0.741362
810.519 335.928 0.203085 -0.0493419 0.715075
919.559 332.486 0.223335 -0.1192 0.755355
552.286 547.001 0.322017 0.0845259 0.702837
491.481 566.531 0.371995 0.13677 0.732852
839.764 491.667 0.286824 -0.0679324 0.701834
888.778 538.068 0.314568 -0.0954141 0.696396
888.168 428.481 0.269832 -0.100144 0.731113
891.894 536.183 0.332147 -0.105125 0.713411
882.065 529.152 0.322649 -0.0970946 0.70995
830.551 435.314 0.257097 -0.0623335 0.709876
894.001 432.42 0.264662 -0.0993052 0.720926
927.123 412.087 0.237398 -0.105012 0.700433
896.123 520.276 0.338642 -0.114564 0.730854
536.486 496.671 0.251632 0.0741493 0.664625
919.254 409.23 0.247528 -0.108787 0.717238
675.858 436.518 0.27152 0.0170278 0.730201
500.785 411.048 0.380405 0.199627 0.904021
498.749 379.699 0.223186 0.100066 0.713906
886.446 488.828 0.291401 -0.0947353 0.707972
606.81 586.301 0.355245 0.0583221 0.703952
923.111 469.809 0.276215 -0.110728 0.704745
844.943 496.678 0.280347 -0.0674679 0.691365
850.447 498.746 0.293732 -0.0747015 0.703842
613.775 127.056 0.113648 0.0418983 0.758611
774.347 422.745 0.2873 -0.0419691 0.761484
912.709 324.886 0.217737 -0.113899 0.753753
716.154 491.75 0.270627 -0.00353762 0.686262
725.73 552.165 0.214594 -0.00333574 0.593976
553.975 545.393 0.323769 0.0844567 0.70547
785.975 439.385 0.253721 -0.0385242 0.703038
908.642 365.072 0.292081 -0.154484 0.833315
558.724 402.572 0.253997 0.0806364 0.739203
784.547 548.988 0.31652 -0.0395273 0.692752
669.753 492.401 0.255188 0.0174353 0.669398
909.744 461.509 0.292921 -0.115548 0.730572
856.104 77.9305 0.0943626 -0.0759054 0.778584
587.997 17.4412 0.0507542 0.0894118 0.979334
665.936 446.676 0.244014 0.0194006 0.686978
639.36 18.8452 0.068162 0.0283939 0.772661
552.082 404.289 0.256442 0.0850538 0.741265
588.593 501.803 0.259666 0.0534318 0.66962
653.975 559.837 0.289442 0.0256308 0.663844
483.2 384.886 0.209776 0.0969674 0.687823
659.279 541.507 0.306094 0.0253698 0.690135
587.333 448.151 0.245474 0.0557187 0.688997
577.611 256.794 0.166196 0.0586499 0.726722
755.948 406.894 0.235732 -0.0234187 0.705154
659.644 506.372 0.249798 0.0209638 0.65507
544.094 611.838 0.331926 0.0827293 0.671688
828.469 477.585 0.277464 -0.0613073 0.701992
946.442 130.778 0.115809 -0.113642 0.751401
703.272 56.3663 0.0736069 0.00161602 0.632281
646.8 630.235 0.239028 0.0217676 0.586663
563.924 577.61 0.370577 0.0887595 0.722484
539.387 497.131 0.261929 0.0767647 0.675792
485.092 99.8955 0.107421 0.130447 0.845262
486.768 159.07 0.0883741 0.0512939 0.582348
589.89 71.5573 0.0789888 0.0344393 0.645131
631.455 261.963 0.172881 0.0353481 0.737005
612.721 99.4016 0.097387 0.0366759 0.720574
711.92 195.197 0.204235 -0.0113763 1.06768
948.432 43.3234 0.0793364 -0.119842 0.780469
626.418 163.538 0.133342 0.0389113 0.773565
594.938 490.532 0.271261 0.0546815 0.689681
824.631 1.89941 0.0613413 -0.0585031 0.782378
538.077 495.473 0.264251 0.0785148 0.679464
830.854 436.661 0.258745 -0.0628564 0.71091
651.334 550.834 0.291124 0.0273496 0.670643
827.586 434.926 0.262714 -0.0629361 0.717498
582.63 493.159 0.254339 0.0554742 0.669213
785.472 496.924 0.266013 -0.0351471 0.676754
706.579 136.259 0.110164 -0.000795382 0.708728
532.562 19.8704 0.0682615 0.077843 0.775411
862.861 67.2355 0.0890042 -0.0753534 0.766042
575.291 257.37 0.165309 0.0590513 0.723527
880.65 397.086 0.393303 -0.187235 0.930352
545.047 143.239 0.109535 0.0599261 0.69456
842.918 499.121 0.277647 -0.0651539 0.686885
711.953 446.22 0.244608 -0.00168962 0.687362
534.594 420.609 0.503265 0.245454 1.03309
735.329 508.934 0.279537 -0.0126698 0.684041
920.164 323.47 0.209952 -0.111615 0.739844
824.261 3.89322 0.0622028 -0.0582258 0.781539
885.508 312.308 0.233282 -0.117227 0.802983
714.812 79.7034 -0.116136 -0.0366693 1.88858
725.068 208.379 -0.110677 -0.19409 3.60515
815.802 339.007 0.202861 -0.0511562 0.711475
517.826 23.5091 0.0697983 0.0829379 0.768256
