716.139 399.402 0.277137 -0.0136361 0.943547
636.569 399.285 0.278418 0.0631041 0.947998
600.138 183.651 0.0803235 0.0784619 0.954437
791.837 372.672 0.254785 -0.0864934 0.952876
784.688 331.391 0.204395 -0.0741891 0.935733
715.286 273.084 0.153228 -0.013996 0.943724
915.735 116.447 0.0325696 -0.180309 0.976714
516.823 123.025 0.0341298 0.14438 0.970863
854.154 54.7206 -0.00529266 -0.110403 0.924414
865.089 270.351 0.158898 -0.149782 0.966099
571.196 338.503 0.20813 0.112966 0.935796
573.757 103.853 0.0206807 0.0969801 0.971057
615.809 278.679 0.153269 0.0679844 0.931295
653.911 275.197 0.151798 0.037002 0.934872
572.653 337.882 0.208846 0.112633 0.938711
523.593 285.767 0.160551 0.147771 0.939022
855.644 310.839 0.195606 -0.143508 0.960485
743.964 379.526 0.252421 -0.0393385 0.937217
799.889 385.369 0.23736 -0.0824498 0.899609
525.786 115.5 0.0275298 0.144297 0.992539
576.258 101.67 0.0187762 0.0961022 0.976039
641.648 173.844 0.0726173 0.0431849 0.945941
577.951 106.817 0.0217966 0.0980145 0.98686
514.339 24.7452 -0.0416176 0.149331 1.01102
537.717 311.755 0.19866 0.156759 0.978711
562.366 95.463 0.00664915 0.128646 1.04987
904.725 119.454 0.0331333 -0.185913 1.01132
806.883 384.383 0.264558 -0.100387 0.947321
843.407 70.7364 -0.000564292 -0.116359 0.972121
663.235 100.382 0.0177562 0.0270852 0.986772
716.086 267.482 0.147959 -0.0146932 0.942195
904.492 190.597 0.0834398 -0.150003 0.90616
820.676 82.2089 0.00738261 -0.0988241 0.970897
577.612 31.2571 -0.0322004 0.0922912 0.988861
621.05 99.8959 0.0179868 0.0597672 0.974533
655.947 271.589 0.151561 0.0364064 0.945057
601.28 33.4911 -0.02719 0.0702109 0.97055
600.749 182.872 0.0799002 0.078397 0.956582
812.129 168.844 0.0708946 -0.0924436 0.952277
844.486 1.98206 -0.0484651 -0.115703 0.982849
866.978 295.395 0.17507 -0.145671 0.943644
811.284 168.292 0.0709267 -0.0934904 0.960253
814.325 163.79 0.0667872 -0.0926128 0.94637
656.367 274.702 0.154742 0.0364104 0.946662
639.269 178.404 0.0760751 0.0453993 0.946669
607.65 178.713 0.0778764 0.0759845 0.972855
909.335 189.694 0.0917153 -0.190451 0.99131
907.305 115.116 0.0316542 -0.171795 0.973274
714.559 34.0693 -0.0285789 -0.0158011 0.985013
911.153 119.107 0.0340433 -0.181747 0.988322
786.347 321.533 0.229435 -0.0920015 1.02014
821.883 181.661 0.0898802 -0.143902 1.1142
508.985 110.373 -0.0811487 0.44605 1.55254
523.564 218.117 0.107076 0.145183 0.955467
836.017 375.96 0.263556 -0.131999 0.960663
618.969 101.218 0.0195272 0.0600304 0.966017
660.353 96.9075 0.0168462 0.0273892 0.965768
804.832 52.2222 -0.11958 -0.178664 1.39461
786.986 90.9343 0.0123726 -0.074163 0.980987
732.58 42.3276 -0.158084 -0.0570085 1.45798
720.301 34.9516 -0.228394 -0.0380419 1.59531
767.9 26.837 -0.166232 -0.117169 1.42411
834.796 48.1762 -0.0688568 -0.174815 1.21721
769.588 21.4039 -0.163777 -0.116027 1.39994
824.308 5.92873 -0.107208 -0.152747 1.20144
791.994 34.5355 -0.231972 -0.200967 1.6037
809.57 40.1957 -0.115426 -0.170466 1.3367
791.046 34.021 -0.236696 -0.200624 1.61193
605.756 52.0133 -0.0169462 0.0705349 0.983841
776.396 65.0864 -0.111358 -0.135501 1.42335
921.713 191.381 0.0883998 -0.179017 0.942809
816.177 158.503 0.0628827 -0.0937315 0.94611
761.34 397.938 0.280312 -0.0576987 0.949814
785.416 29.0733 -0.229483 -0.179835 1.57818
835.333 394.44 0.298164 -0.141082 0.981964
726.349 28.0548 -0.249044 -0.0524582 1.61441
732.957 45.0762 -0.157448 -0.0583201 1.46681
848.699 154.608 0.0610824 -0.125955 0.969773
803.187 54.8248 -0.117662 -0.177349 1.39951
752.474 68.1175 -0.0759699 -0.0802873 1.32214
821.56 136.658 0.0470624 -0.102811 0.97186
720.12 33.6819 -0.224408 -0.037254 1.5819
659.973 73.1723 -0.0126698 0.0357607 1.06093
744.188 67.8371 -0.309207 -0.12568 1.90433
530.197 124.733 0.0345232 0.143097 0.996203
797.786 72.3716 -0.117042 -0.188117 1.47415
802.33 4.90395 -0.0576702 -0.0918276 1.02891
518.451 106.325 0.0218226 0.142057 0.973591
788.532 88.9769 0.0107585 -0.0757131 0.983203
842.635 69.5942 -0.00212672 -0.117367 0.97845
617.743 99.4586 0.0187587 0.0596731 0.9591
618.66 274.613 0.153223 0.0678597 0.94321
760.935 398.629 0.280429 -0.0571861 0.94879
853.757 379.783 0.274794 -0.154577 0.971967
540.339 142.773 0.0490757 0.124208 0.960604
861.453 310.395 0.189066 -0.14263 0.944156
542.544 147.104 0.052412 0.127132 0.972873
797.171 25.7924 -0.218874 -0.196778 1.5438
765.801 38.1489 -0.172508 -0.122536 1.4796
787.298 20.7268 -0.225342 -0.174755 1.54024
726.396 13.1157 -0.247766 -0.0499838 1.56077
798.929 79.2508 0.0060528 -0.0799149 0.961908
553.577 393.213 0.159711 0.070625 0.757402
603.834 397.231 0.28593 0.099404 0.964505
849.775 73.2426 -0.000936702 -0.126718 0.990414
646.197 40.8113 -0.0245133 0.0381846 0.985045
646.705 40.8581 -0.0251315 0.0382087 0.988804
590.236 381.266 0.252576 0.102232 0.938733
485.875 28.4619 -0.03595 0.166553 0.994937
621.109 102.696 0.0197192 0.0605875 0.978579
657.151 195.834 0.0995911 0.0447202 1.05462
707.33 83.6861 0.00244923 -0.00962146 1.01685
882.785 182.561 0.0828788 -0.153872 0.960993
519.776 404.078 0.320247 0.209528 1.0068
599.172 405.01 0.268683 0.0922848 0.924083
795.734 401.089 0.275105 -0.0880274 0.935308
864.995 383.985 0.248595 -0.144351 0.91939
503.14 403.741 0.289377 0.199712 0.960981
755.56 49.5778 -0.295635 -0.145223 1.79433
647.447 197.959 0.0907454 0.0394482 0.943218
786.306 94.2675 0.0143226 -0.0746006 0.986415
797.378 401.293 0.271715 -0.0882384 0.929661
529.621 281.921 0.163951 0.151893 0.961688
660.516 95.8425 0.0160773 0.0272474 0.966042
798.267 403.847 0.271358 -0.0880862 0.92489
853.684 7.99715 -0.061027 -0.143016 1.05278
551.22 145.956 0.0391339 0.0555085 0.743999
502.057 11.1434 -0.0423605 0.142693 0.971134
489.567 109.663 0.0218361 0.179581 1.00524
771.688 56.269 -0.142682 -0.134659 1.47414
742.231 22.5665 -0.223444 -0.0818477 1.54112
739.415 378.357 0.249521 -0.0349226 0.934391
853.325 418.61 0.321591 -0.159487 0.971505
856.306 315.259 0.197632 -0.142385 0.954491
777.678 20.5828 -0.241276 -0.161021 1.57345
765.068 402.53 0.27338 -0.0586978 0.931053
814.04 52.9012 -0.208373 -0.261339 1.6243
780.671 329.556 0.203343 -0.0708924 0.937475
764.064 402.073 0.267638 -0.0565757 0.922919
842.401 39.9428 -0.0249614 -0.118999 0.99264
661.817 36.339 -0.0253367 0.0247342 0.973125
711.036 182.498 0.0755103 -0.010998 0.900455
768.638 404.025 0.26777 -0.0603017 0.919844
753.312 39.7363 -0.250937 -0.120843 1.66276
748.428 76.6208 -0.114797 -0.0913954 1.48551
646.627 174.122 0.0743617 0.0422784 0.96901
566.924 36.0531 -0.0294035 0.101672 0.990938
663.54 95.8166 0.0155976 0.0254067 0.97223
716.026 398.664 0.277767 -0.0135621 0.945824
510.144 25.6335 -0.0381037 0.147663 0.996932
675.941 439.986 0.315882 0.0257758 0.934094
715.231 402.706 0.274719 -0.0126427 0.934171
777.725 374.872 0.24893 -0.0704899 0.938638
562.869 31.3281 -0.0303813 0.101218 0.978833
649.185 618.787 0.177997 0.0137547 0.634464
840.213 42.7755 -0.0239201 -0.118791 0.997932
594.67 441.167 0.273319 0.0858512 0.878201
531.854 283.276 0.165917 0.15111 0.963994
724.503 568.123 0.206177 -0.0128192 0.687749
805.76 618.336 0.177824 -0.0378733 0.633307
763.267 434.135 0.307821 -0.0580475 0.93022
574.593 57.7842 -0.0142204 0.0973769 0.99069
648.214 569.888 0.205783 0.0193194 0.687088
559.896 362.538 0.222421 0.119302 0.918205
713.281 223.445 0.148561 -0.0151346 1.2266
562.409 19.4674 -0.0393943 0.10214 0.984809
528.029 409.395 0.320583 0.195733 0.996626
630.311 404.565 0.261351 0.0616637 0.912551
913 112.478 0.0293111 -0.179866 0.982067
520.36 377.248 0.159462 0.0925581 0.774819
630.035 406.937 0.262827 0.0617854 0.911122
795.821 430.451 0.315592 -0.0926079 0.945355
831.731 21.378 -0.0332361 -0.103801 0.969497
797.887 400.583 0.27054 -0.0885032 0.928998
596.366 382.732 0.258875 0.0993101 0.94682
606.289 472.073 0.375139 0.105209 0.958074
604.007 432.617 0.309776 0.0958106 0.939208
682.383 404.644 0.263053 0.0163868 0.913756
619.012 278.874 0.156051 0.0672361 0.940115
711.521 192.03 0.0976448 -0.0124694 1.07243
715.972 32.7405 -0.0295436 -0.0169282 0.985431
868.033 267.956 0.153018 -0.146985 0.95244
843.579 74.361 0.000316381 -0.12057 0.986306
617.73 555.412 0.317283 0.0583013 0.80694
490.17 440.612 0.340855 0.228333 0.969916
499.129 436.655 0.354867 0.234028 0.994162
512.308 434.475 0.376648 0.238852 1.02518
845.071 2.44312 -0.0477956 -0.115758 0.981213
820.871 134.962 0.0456392 -0.104647 0.982387
680.137 468.051 0.923624 0.10698 1.43704
806.556 385.381 0.265759 -0.100203 0.947518
648.317 198.068 0.0914869 0.0394841 0.94884
580.872 56.5506 -0.010161 0.0841458 0.956835
513.455 434.051 0.379909 0.240559 1.03003
710.373 152.367 0.0536198 -0.0105102 0.865539
706.808 68.6994 -0.00110158 -0.00927061 0.955732
850.802 551.991 0.219505 -0.0723714 0.710119
683.602 403.905 0.270955 0.0163134 0.927194
863.861 324.253 0.213307 -0.156787 0.970609
714.589 217.583 0.144779 -0.0179635 1.29824
584.928 463.766 0.507015 0.1973 1.1094
543.511 452.232 0.403877 0.204715 1.02399
497.209 438.1 0.351161 0.231712 0.987005
784.885 332.385 0.205519 -0.0744851 0.936139
841.697 388.383 0.300135 -0.152828 0.996854
561.768 610.398 0.181139 0.0442985 0.64199
863.315 321.739 0.203756 -0.14924 0.953674
844.033 400.725 0.277901 -0.134726 0.938931
526.527 189.236 0.0866729 0.151147 0.986229
887.498 185.564 0.0838129 -0.151899 0.944963
953.614 54.7864 -0.0123395 -0.206834 0.983815
601.916 432.591 0.313197 0.0993485 0.943875
831.187 461.904 0.371389 -0.138469 0.96336
534.817 320.13 0.201281 0.154112 0.963529
544.091 72.1692 -0.00245813 0.118961 0.976515
786.336 95.4379 0.0152985 -0.0744583 0.985112
916.358 191.098 0.0902663 -0.183877 0.963067
810.211 452.141 0.282972 -0.088256 0.872278
828.882 429.866 0.344781 -0.139178 0.983501
602.719 397.965 0.28229 0.0984088 0.957435
606.841 154.718 0.0593224 0.0806655 1.00004
670.087 195.732 0.0910736 0.105809 1.63974
537.767 305.983 0.192922 0.155887 0.979053
717.031 478.114 0.358768 -0.0135446 0.92914
839.047 153.449 0.0601446 -0.118476 0.972047
644.38 445.364 0.308506 0.0533957 0.917522
838.26 378.495 0.264936 -0.133583 0.958082
946.062 346.388 0.298974 -0.326613 1.09386
617.053 13.6499 -0.0461855 0.0620353 1.00021
584.806 5.82846 -0.0492332 0.0848436 0.989505
849.96 416.105 0.333151 -0.164197 0.991947
539.532 88.8316 0.0103949 0.120143 0.963792
778.535 555.022 0.216 -0.0380049 0.705299
661.412 43.2131 -0.0238775 0.0268327 0.991578
684.842 436.971 0.276282 0.0133445 0.885802
747.033 381.999 0.240911 -0.0398714 0.912706
843.78 67.5236 -0.00265308 -0.116161 0.971065
528.414 283.958 0.162852 0.148944 0.951749
649.171 19.8469 -0.0248166 0.0273978 0.909338
550.927 92.0969 0.010761 0.118524 0.986024
629.171 407.583 0.264733 0.0630228 0.913075
701.926 10.9661 -0.0204253 -0.00669146 0.85055
673.845 477.83 0.334959 0.026415 0.904485
496.735 7.47681 -0.0412823 0.140112 0.954795
846.728 29.8741 -0.0272061 -0.115026 0.967166
917.151 115.89 0.0323738 -0.179324 0.97187
529.608 181.517 0.0820899 0.15974 1.01713
913.423 194.998 0.0943572 -0.185911 0.971885
783.89 331.623 0.203007 -0.0728174 0.932047
929.369 324.157 0.292823 -0.340563 1.15673
763.827 437.092 0.302644 -0.0570167 0.918999
695.287 132.534 -0.00792999 -0.00425991 0.479463
682.997 430.593 0.313474 0.0195027 0.945281
886.075 358.681 0.240146 -0.17394 0.950448
877.829 357.514 0.253349 -0.178855 0.978648
828.064 382.032 0.254416 -0.116098 0.933752
844.681 462.209 0.384278 -0.159073 0.976755
595.343 404.726 0.263929 0.0935317 0.917224
839.094 153.659 0.0601461 -0.116762 0.965701
702.67 165.047 0.00915016 -0.0054419 0.536061
645.692 56.9491 -0.0155894 0.0409911 0.99938
866.629 273.673 0.157754 -0.145881 0.951149
863.614 295.935 0.180557 -0.148383 0.958411
513.724 408.509 0.310506 0.203678 0.983902
558.314 619.479 0.176278 0.0433382 0.633116
849.982 395.032 0.278567 -0.143892 0.949696
756.816 436.369 0.323899 -0.05429 0.947903
755.147 434.606 0.329291 -0.0538106 0.957697
549.074 94.3338 0.0120952 0.121254 0.98913
800.248 434.068 0.334298 -0.102226 0.963783
650.039 182.285 0.0810309 0.0400415 0.970596
854.367 33.4554 -0.0270923 -0.12467 0.98015
717.977 8.15964 -0.0374608 -0.0176477 0.944911
668.343 236.049 0.161679 0.0506864 1.18856
541.163 15.8234 -0.0217488 0.0856051 0.870818
817.427 250.148 0.241131 -0.317908 1.59057
881.888 121.71 0.0354242 -0.160272 0.996899
531.097 293.593 0.180773 0.160578 0.980071
506.556 1.78511 -0.0429092 0.12962 0.946432
839.528 125.311 0.0384153 -0.119344 0.981021
515.93 139.85 0.0466971 0.138665 0.948906
786.521 18.0331 -0.0381167 -0.0714555 0.981632
548.912 76.0065 -0.00278295 0.123271 1.00136
840.663 149.838 0.0571891 -0.117136 0.963402
612.337 468.019 0.386402 0.104157 0.976279
525.227 5.66412 -0.0526125 0.135108 1.0019
655.001 277 0.154596 0.0367379 0.939174
661.287 69.4168 -0.00511286 0.0277364 0.989531
588.228 10.4611 -0.0485885 0.0848982 1.00038
635.316 245.124 0.16263 0.0850448 1.12
854.732 311.122 0.198136 -0.144891 0.96644
620.203 204.759 0.106037 0.0796667 1.03326
712.371 204.722 0.112442 -0.0133466 1.0896
608.811 76.2972 -0.00813702 0.081913 1.04528
636.05 434.858 0.309082 0.0637744 0.934001
798.773 9.04112 -0.0441559 -0.0807901 0.982715
565.336 46.6089 -0.0177961 0.096711 0.963988
587.361 42.6886 -0.0233736 0.0842301 0.983292
681.502 433.533 0.310466 0.0203412 0.936712
565.523 470.478 0.3328 0.128384 0.914079
588.34 359.532 0.363394 0.199164 1.19256
525.166 170.18 0.0712909 0.154078 0.997289
725.352 337.069 0.20608 -0.0219497 0.92928
634.673 435.053 0.30539 0.0639471 0.928838
819.402 141.254 0.0505421 -0.102851 0.97844
507.57 407.432 0.297929 0.199884 0.967253
848.358 154.648 0.0613221 -0.128165 0.978071
850.446 63.0322 -0.0115459 -0.133003 1.01298
626.553 221.428 0.128684 0.0846498 1.08067
836.029 468.945 0.382604 -0.145386 0.964863
672.33 446.247 0.304161 0.0268086 0.910071
618.502 67.0433 -0.00599418 0.0608641 0.980866
628.109 16.2358 -0.0373246 0.0484916 0.966431
632.296 24.4955 -0.0369442 0.0492235 0.991755
710.967 153.402 0.0582502 -0.0115792 0.94839
884.328 269.394 0.136401 -0.135574 0.888034
841.684 396.025 0.334466 -0.168912 1.03398
531.28 207.658 0.0991913 0.138983 0.959484
556.748 428.863 0.27052 0.12036 0.891822
908.315 28.7267 -0.0234034 -0.152448 0.943064
636.601 166.121 0.0620898 0.0369497 0.876107
558.759 622.973 0.174915 0.0425341 0.63026
637.487 428.759 0.314965 0.0656732 0.951434
604.134 429.69 0.315506 0.0992504 0.951548
509.969 28.1468 -0.0358954 0.147191 0.994466
715.492 4.26085 -0.037697 -0.0157196 0.934274
938.98 416.141 0.409112 -0.33934 1.08917
717.184 267.93 0.149646 -0.0157037 0.946992
543.026 198.451 0.100256 0.161853 1.04841
937.349 415.077 0.412355 -0.341885 1.09577
707.24 141.303 0.0315137 -0.00771435 0.687711
843.867 460.807 0.381612 -0.157608 0.97604
870.495 275.21 0.154771 -0.143627 0.935978
602.783 146.298 0.0349736 0.0287534 0.705308
698.105 339.414 0.208648 0.00165173 0.930944
711.507 181.804 0.0878218 -0.0126966 1.09072
709.063 179.464 0.0512139 -0.00856246 0.730271
715.909 245.077 0.237329 -0.0271875 2.15405
559.875 57.4254 -0.00691422 0.093795 0.934722
707.321 90.9857 -0.00763991 -0.0094789 1.1324
568.943 328.951 0.307923 0.222785 1.19476
844.619 1.10296 -0.0494424 -0.116216 0.98465
852.358 373.648 0.357709 -0.219996 1.12525
752.945 41.2085 -0.250801 -0.120739 1.66821
622.384 205.901 0.114891 0.250165 1.65312
510.599 6.01269 -0.0425099 0.130818 0.956853
639.742 181.698 0.0791641 0.0462466 0.953912
721.194 50.8457 -0.238015 -0.0426473 1.67874
794.075 396.282 0.287657 -0.0926955 0.963348
714.385 38.7459 -0.0275097 -0.0158304 0.996802
612.252 206.87 0.100498 0.0732689 0.968015
575.702 107.449 0.0225993 0.0985638 0.981714
797.858 84.3107 0.00877024 -0.0807198 0.969883
836.431 395.542 0.292259 -0.13824 0.970643
754.801 51.6614 -0.273657 -0.138362 1.7587
737.072 50.0565 -0.286572 -0.0906994 1.77759
583.309 100.66 0.0181328 0.0902706 0.975677
602.354 40.7401 -0.0237189 0.0713589 0.97824
714.732 273.01 0.153353 -0.013535 0.944422
864.445 322.954 0.202203 -0.14779 0.946977
903.85 117.996 0.0333998 -0.172838 0.982035
617.603 281.377 0.158713 0.0689798 0.941784
654.69 278.442 0.156975 0.0375735 0.943053
680.85 400.066 0.275122 0.0197744 0.94022
538.066 306.541 0.193964 0.156285 0.980388
574.281 338.215 0.213017 0.114244 0.947352
513.255 104.086 0.0205956 0.143472 0.967219
