631.425 261.564 0.175414 0.0356686 0.740352
844.769 116.584 0.1138 -0.0690481 0.771863
900.139 312.275 0.218587 -0.110678 0.76978
609.646 124.05 0.113729 0.0427594 0.752165
581.213 265.61 0.179279 0.0611581 0.746106
715.195 254.662 0.174504 -0.00486849 0.746032
512.063 7.97581 0.0666845 0.0814544 0.758036
577.967 260.174 0.172186 0.0599024 0.734418
515.189 12.0968 0.0681589 0.0821925 0.765126
731.403 258.062 0.264953 -0.505496 4.93948
718.421 250.284 -0.0833352 -0.140627 5.49314
895.317 76.6622 0.0947695 -0.0856692 0.753522
631.754 249.915 0.16689 0.0342317 0.732684
725.302 218.624 -0.110905 -0.22241 3.95175
517.68 345.307 0.218186 0.0956316 0.737121
530.6 8.70541 0.0667131 0.0769083 0.771879
716.491 242.566 0.16035 -0.00470382 0.722271
638.528 0.961132 0.0642003 0.0275798 0.760671
606.266 112.171 0.105687 0.0406887 0.729051
715.777 253.135 0.177183 -0.00547446 0.755888
589.266 140.121 0.0408651 0.428118 1.91695
818.707 336.416 0.200352 -0.0504919 0.707681
528.31 416.424 0.231457 0.0811566 0.694257
610.095 107.509 0.104757 0.0399013 0.736237
910.378 303.218 0.20602 -0.10908 0.754406
851.999 101.493 0.105658 -0.0686601 0.75914
718.122 241.872 0.160351 -0.00546252 0.723197
579.307 262.41 0.174203 0.0599133 0.73686
923.735 321.78 0.209247 -0.110902 0.738605
581.424 261.761 0.174929 0.0594787 0.739683
809.761 328.934 0.231364 -0.0612526 0.77583
560.975 135.025 0.120887 0.0690859 0.769446
580.554 9.62513 0.0673254 0.0535445 0.765198
508.518 345.26 0.208111 0.0932833 0.718546
863.029 65.6369 0.0909304 -0.07459 0.768369
883.152 93.6763 0.103995 -0.0884037 0.777731
847.277 111.471 0.11096 -0.0689391 0.767426
910.043 309.528 0.207326 -0.10732 0.749342
872.652 47.1943 0.0825151 -0.0724918 0.747425
939.167 140.399 0.1259 -0.118794 0.775046
750.278 399.918 0.248607 -0.0225647 0.729627
631.792 253.927 0.170813 0.0349947 0.738242
612.199 422.506 0.288907 0.0580426 0.766774
772.049 416.117 0.303222 -0.0441547 0.789125
901.511 399.794 0.275916 -0.119082 0.766465
502.781 346.972 0.203884 0.0925654 0.709098
841.485 407.998 0.259648 -0.0732032 0.736532
741.694 397.505 0.27482 -0.0216916 0.770422
859.547 409.904 0.32614 -0.117033 0.824499
716.535 421.277 0.289965 -0.00615966 0.767377
629.817 255.735 0.169113 0.035106 0.731009
901.743 85.6813 0.0996409 -0.0935346 0.767105
928.93 366.797 0.265853 -0.142834 0.787572
813.877 415.348 0.307462 -0.0739022 0.794661
583.345 17.4944 0.0702932 0.0541363 0.774452
850.72 101.002 0.105321 -0.0677548 0.757981
888.898 400.791 0.256117 -0.0989782 0.73738
894.79 94.1877 0.104514 -0.0951718 0.780736
668.092 428.158 0.271056 0.0215293 0.736826
813.117 333.991 0.232507 -0.0624756 0.771586
609.57 425.098 0.280815 0.0569325 0.753584
607.013 94.9263 0.0982736 0.0390695 0.722924
900.235 25.8112 0.0743708 -0.0928827 0.778129
748.977 399.256 0.25004 -0.0221563 0.732366
858.06 388.797 0.279928 -0.0982075 0.785099
898.072 44.9578 0.0825623 -0.0947714 0.783797
709.779 137.705 0.14092 -0.00644082 0.934528
557.246 111.63 0.107611 0.0647231 0.747282
935.917 251.022 0.168209 -0.106838 0.729383
709.456 145.922 0.138606 -0.00462402 0.853747
534.925 496.365 0.264585 0.079042 0.679507
791.873 494.53 0.261786 -0.0366691 0.67409
536.007 448.603 0.239057 0.0755604 0.680887
537.265 492.793 0.257178 0.0756262 0.673475
839.389 444.174 0.239965 -0.0575566 0.680992
573.013 418.207 0.300539 0.0880355 0.787475
550.412 121.394 0.111175 0.0673278 0.743412
812.205 333.451 0.203706 -0.0494767 0.717126
921.91 330.458 0.223957 -0.119335 0.757406
551.797 545.807 0.322639 0.084391 0.704888
490.647 565.49 0.372616 0.136635 0.734903
841.341 490.526 0.287445 -0.0680672 0.703885
890.61 537.356 0.31519 -0.095549 0.698446
890.131 427.076 0.270453 -0.100278 0.733164
893.659 535.55 0.332769 -0.10526 0.715462
883.801 528.431 0.323271 -0.0972295 0.712001
832.169 433.733 0.257719 -0.0624684 0.711927
896.046 430.992 0.265284 -0.09944 0.722976
929.596 410.382 0.23802 -0.105147 0.702483
897.875 519.614 0.339263 -0.114699 0.732905
535.913 494.803 0.252254 0.0740145 0.666676
921.576 407.614 0.248149 -0.108922 0.719289
676.314 434.831 0.272141 0.016893 0.732252
500.279 409.629 0.381027 0.199492 0.906072
498.057 377.136 0.223808 0.0999309 0.715957
888.341 487.78 0.292022 -0.0948701 0.710022
606.619 585.487 0.355867 0.0581873 0.706003
925.352 468.642 0.276836 -0.110863 0.706796
846.597 495.52 0.280968 -0.0676027 0.693415
852.073 497.694 0.294353 -0.0748364 0.705893
614.214 122.655 0.114269 0.0417634 0.760662
775.42 421.289 0.287922 -0.0421039 0.763534
915.037 322.769 0.218358 -0.114034 0.755804
716.887 490.301 0.271249 -0.00367246 0.688312
726.766 550.463 0.215216 -0.00347057 0.596027
553.5 544.203 0.324391 0.0843219 0.70752
787.28 437.718 0.254343 -0.038659 0.705089
910.512 363.736 0.292703 -0.154619 0.835365
558.437 400.48 0.254619 0.0805015 0.741253
785.625 548.161 0.317142 -0.0396622 0.694803
670.18 490.756 0.25581 0.0173005 0.671449
911.769 460.41 0.293543 -0.115682 0.732623
858.522 73.5217 0.0949843 -0.0760402 0.780634
588.321 13.5781 0.0513758 0.089277 0.981385
666.378 444.757 0.244636 0.0192658 0.689028
640.141 13.4826 0.0687837 0.028259 0.774712
551.751 402.213 0.257063 0.084919 0.743316
588.401 500.105 0.260288 0.053297 0.671671
654.184 558.702 0.290063 0.025496 0.665895
482.353 382.121 0.210398 0.0968326 0.689874
659.511 540.39 0.306715 0.025235 0.692186
587.191 446.132 0.246096 0.0555838 0.691047
577.621 253.321 0.166818 0.0585151 0.728772
757.093 404.907 0.236354 -0.0235536 0.707205
660 504.72 0.25042 0.0208289 0.657121
543.47 610.955 0.332547 0.0825945 0.673738
830 476.309 0.278086 -0.0614421 0.704042
949.597 126.768 0.11643 -0.113777 0.753452
704.875 49.2863 0.0742286 0.00148118 0.634331
647.002 629.116 0.239649 0.0216328 0.588714
563.485 576.732 0.371198 0.0886246 0.724534
538.843 495.357 0.262551 0.0766299 0.677843
484.655 95.8253 0.108042 0.130312 0.847313
485.949 151.839 0.0889958 0.0511591 0.584399
590.281 64.8114 0.0796105 0.0343044 0.647182
631.857 258.714 0.173503 0.0352132 0.739056
613.219 94.2628 0.0980087 0.0365411 0.722624
712.642 193.198 0.204856 -0.0115111 1.06973
951.703 38.6731 0.0799581 -0.119977 0.78252
626.891 159.662 0.133963 0.0387765 0.775616
594.797 488.892 0.271883 0.0545467 0.691731
537.528 493.709 0.264873 0.07838 0.681515
832.466 435.1 0.259366 -0.0629912 0.712961
651.527 549.663 0.291746 0.0272148 0.672693
829.151 433.389 0.263336 -0.0630709 0.719548
582.404 491.373 0.254961 0.0553393 0.671264
786.745 495.567 0.266635 -0.0352819 0.678805
707.838 131.499 0.110785 -0.000930221 0.710779
532.493 14.4253 0.0688832 0.0777082 0.777461
865.408 62.5914 0.0896259 -0.0754882 0.768092
575.283 253.868 0.165931 0.0589165 0.725578
881.995 396.263 0.393925 -0.18737 0.932403
544.923 138.151 0.110156 0.0597912 0.69661
844.573 497.951 0.278268 -0.0652888 0.688936
712.74 444.374 0.245229 -0.00182446 0.689412
534.293 419.565 0.503886 0.245319 1.03514
736.175 507.647 0.280158 -0.0128046 0.686092
922.621 321.246 0.210574 -0.11175 0.741895
887.474 310.361 0.233904 -0.117361 0.805034
715.456 78.1353 -0.115514 -0.0368041 1.89063
725.389 207.867 -0.110056 -0.194225 3.6072
817.536 336.536 0.203483 -0.051291 0.713525
517.635 18.005 0.0704199 0.082803 0.770307
