633.252 261.93 0.175502 0.035553 0.740602
846.729 116.729 0.113888 -0.0691637 0.772114
902.092 312.578 0.218675 -0.110794 0.77003
611.503 124.372 0.113817 0.0426438 0.752415
583.005 265.993 0.179367 0.0610424 0.746357
717.048 254.989 0.174592 -0.0049841 0.746282
513.967 8.35672 0.0667723 0.0813388 0.758287
579.806 260.562 0.172273 0.0597867 0.734669
517.065 12.4764 0.0682467 0.0820769 0.765377
731.609 258.11 0.265041 -0.505611 4.93973
718.608 250.352 -0.0832473 -0.140743 5.49339
897.438 76.7403 0.0948573 -0.0857848 0.753772
633.618 250.28 0.166978 0.0341161 0.732934
725.568 218.706 -0.110817 -0.222526 3.952
519.457 345.731 0.218274 0.095516 0.737372
532.453 9.07143 0.066801 0.0767927 0.772129
580.868 0.181713 0.0638322 0.0525521 0.758198
718.452 242.897 0.160438 -0.00481943 0.722521
640.426 1.21992 0.0642881 0.0274642 0.760921
608.219 112.495 0.105775 0.0405731 0.729301
717.594 253.456 0.177271 -0.00559008 0.756138
589.967 140.455 0.0409529 0.428002 1.9172
820.783 336.802 0.20044 -0.0506075 0.707931
530.205 416.901 0.231545 0.081041 0.694508
612.022 107.828 0.104845 0.0397857 0.736487
912.411 303.518 0.206108 -0.109196 0.754656
854.025 101.624 0.105746 -0.0687757 0.759391
720.08 242.202 0.160439 -0.00557814 0.723447
581.135 262.797 0.174291 0.0597977 0.737111
925.845 322.107 0.209335 -0.111017 0.738856
583.242 262.145 0.175017 0.059363 0.739934
811.551 329.271 0.231452 -0.0613682 0.77608
562.764 135.38 0.120974 0.0689703 0.769697
582.422 9.94232 0.0674132 0.0534289 0.765448
510.366 345.699 0.208199 0.0931677 0.718796
865.05 65.7274 0.0910182 -0.0747056 0.768619
885.154 93.7707 0.104082 -0.0885193 0.777982
849.26 111.611 0.111048 -0.0690547 0.767676
912.092 309.837 0.207414 -0.107435 0.749593
874.778 47.2672 0.0826029 -0.0726074 0.747676
941.25 140.498 0.125988 -0.11891 0.775297
752.135 400.352 0.248695 -0.0226803 0.729878
633.631 254.29 0.1709 0.0348791 0.738493
613.817 422.924 0.288995 0.057927 0.767025
773.695 416.523 0.30331 -0.0442703 0.789376
903.43 400.2 0.276004 -0.119197 0.766715
504.666 347.42 0.203971 0.0924498 0.709348
843.418 408.433 0.259736 -0.0733189 0.736782
743.387 397.908 0.274907 -0.0218073 0.770673
861.203 410.288 0.326228 -0.117149 0.824749
718.201 421.698 0.290052 -0.00627528 0.767628
631.683 256.104 0.169201 0.0349904 0.731259
903.816 85.7576 0.0997287 -0.0936503 0.767355
930.845 367.149 0.265941 -0.14295 0.787822
815.554 415.751 0.307549 -0.0740178 0.794912
585.178 17.8114 0.0703811 0.0540207 0.774702
852.749 101.134 0.105409 -0.0678704 0.758231
890.907 401.217 0.256205 -0.0990938 0.737631
896.799 94.2725 0.104602 -0.0952874 0.780986
669.836 428.605 0.271144 0.0214137 0.737077
814.923 334.335 0.232594 -0.0625912 0.771837
611.231 425.526 0.280903 0.0568169 0.753834
609 95.2448 0.0983615 0.0389539 0.723174
902.289 25.8323 0.0744586 -0.0929983 0.778379
750.821 399.688 0.250128 -0.0222719 0.732617
859.848 389.18 0.280016 -0.0983231 0.785349
900.094 44.9957 0.0826502 -0.094887 0.784047
711.162 137.925 0.141008 -0.00655644 0.934778
559.124 111.986 0.107699 0.0646075 0.747533
938.126 251.268 0.168297 -0.106954 0.729633
711.02 146.16 0.138693 -0.00473964 0.853997
536.826 496.888 0.264673 0.0789264 0.679758
793.974 495.105 0.261874 -0.0367847 0.67434
537.939 449.107 0.239145 0.0754448 0.681138
539.198 493.323 0.257266 0.0755105 0.673726
841.555 444.694 0.240053 -0.0576722 0.681242
574.566 418.606 0.300627 0.0879199 0.787726
552.3 121.758 0.111262 0.0672122 0.743663
814.229 333.828 0.203794 -0.0495923 0.717376
923.938 330.785 0.224044 -0.11945 0.757656
553.543 546.32 0.322726 0.0842754 0.705138
492.272 565.944 0.372704 0.136519 0.735153
843.361 491.078 0.287533 -0.0681828 0.704136
892.702 537.984 0.315278 -0.0956646 0.698697
892.142 427.537 0.270541 -0.100394 0.733414
895.678 536.162 0.332856 -0.105376 0.715712
885.823 529.033 0.323359 -0.0973451 0.712251
834.179 434.214 0.257807 -0.062584 0.712177
898.108 431.465 0.265372 -0.0995556 0.723227
931.827 410.844 0.238108 -0.105263 0.702734
899.839 520.193 0.339351 -0.114814 0.733155
537.878 495.342 0.252342 0.0738989 0.666926
923.716 408.061 0.248237 -0.109037 0.719539
678.076 435.286 0.272229 0.0167774 0.732502
501.599 409.948 0.381115 0.199377 0.906322
499.895 377.585 0.223896 0.0998153 0.716207
890.41 488.333 0.29211 -0.0949858 0.710273
608.335 586.038 0.355955 0.0580717 0.706253
927.517 469.178 0.276924 -0.110978 0.707047
848.672 496.088 0.281056 -0.0677183 0.693666
854.095 498.254 0.294441 -0.074952 0.706143
616.042 122.972 0.114357 0.0416478 0.760912
777.155 421.716 0.288009 -0.0422196 0.763785
917.063 323.089 0.218446 -0.11415 0.756054
718.835 490.843 0.271337 -0.00378807 0.688563
729.275 551.192 0.215303 -0.00358619 0.596277
789.259 438.206 0.25443 -0.0387746 0.705339
912.25 364.061 0.292791 -0.154735 0.835616
560.156 400.909 0.254707 0.0803859 0.741504
787.567 548.769 0.31723 -0.0397778 0.695053
672.178 491.309 0.255898 0.0171848 0.671699
913.8 460.914 0.293631 -0.115798 0.732873
860.488 73.6186 0.0950721 -0.0761558 0.780885
589.675 13.9145 0.0514637 0.0891614 0.981635
668.318 445.258 0.244723 0.0191502 0.689279
641.983 13.7445 0.0688715 0.0281434 0.774962
553.461 402.641 0.257151 0.0848033 0.743566
590.347 500.65 0.260376 0.0531814 0.671921
656.144 559.309 0.290151 0.0253804 0.666145
484.298 382.596 0.210486 0.0967169 0.690124
589.085 446.627 0.246184 0.0554682 0.691298
579.486 253.71 0.166906 0.0583995 0.729023
759.052 405.363 0.236442 -0.0236692 0.707455
662.059 505.3 0.250508 0.0207133 0.657371
545.3 611.535 0.332635 0.0824789 0.673989
832.013 476.843 0.278174 -0.0615578 0.704293
951.787 126.854 0.116518 -0.113893 0.753702
707.429 49.5197 0.0743164 0.00136556 0.634582
649.422 629.912 0.239737 0.0215172 0.588964
565.124 577.235 0.371286 0.088509 0.724785
540.752 495.882 0.262639 0.0765143 0.678093
486.284 96.235 0.10813 0.130196 0.847563
488.694 152.294 0.0890836 0.0510435 0.58465
592.666 65.1368 0.0796983 0.0341888 0.647433
633.691 259.079 0.17359 0.0350976 0.739306
615.21 94.5767 0.0980965 0.0364255 0.722875
713.776 193.405 0.204944 -0.0116268 1.06998
953.821 38.6565 0.0800459 -0.120093 0.78277
628.649 159.979 0.134051 0.0386609 0.775867
596.657 489.408 0.271971 0.0544311 0.691982
539.421 494.229 0.264961 0.0782643 0.681765
834.47 435.581 0.259454 -0.0631068 0.713211
653.457 550.253 0.291834 0.0270991 0.672944
831.122 433.864 0.263424 -0.0631866 0.719799
584.358 491.913 0.255049 0.0552237 0.671514
709.909 131.769 0.110873 -0.00104584 0.711029
534.325 14.7909 0.068971 0.0775926 0.777712
867.435 62.6773 0.0897137 -0.0756039 0.768343
577.16 254.259 0.166019 0.0588009 0.725828
883.442 396.587 0.394013 -0.187486 0.932653
846.666 498.525 0.278356 -0.0654044 0.689186
714.714 444.878 0.245317 -0.00194008 0.689663
738.138 508.21 0.280246 -0.0129202 0.686342
924.716 321.571 0.210662 -0.111866 0.742145
889.288 310.646 0.233992 -0.117477 0.805284
716.07 78.313 -0.115426 -0.0369198 1.89088
725.683 207.957 -0.109968 -0.19434 3.60745
819.582 336.918 0.203571 -0.0514066 0.713776
519.491 18.3837 0.0705078 0.0826874 0.770557
