719.021 398.951 0.274934 -0.0134395 0.944768
639.065 399.074 0.275619 0.063173 0.947667
603.269 182.509 0.0782871 0.0787436 0.956847
795.26 372.461 0.252151 -0.0862676 0.952892
788.053 330.715 0.20249 -0.0741631 0.937962
718.548 272.142 0.151644 -0.0138975 0.947567
919.569 115.218 0.0306409 -0.180518 0.9804
519.965 121.732 0.0320487 0.144713 0.973436
858.989 52.6577 -0.00750981 -0.110308 0.925847
868.982 269.539 0.156755 -0.149746 0.967638
573.735 337.882 0.205725 0.113097 0.936398
576.961 102.49 0.0185865 0.0972885 0.973741
618.687 277.893 0.150936 0.0680998 0.932002
657.046 274.308 0.14984 0.0372326 0.937176
574.382 337.64 0.20561 0.112587 0.936637
526.709 284.816 0.158667 0.148134 0.941535
859.378 310.264 0.193361 -0.14331 0.96154
747.093 379.334 0.249786 -0.0390942 0.937237
803.454 385.005 0.23527 -0.0823838 0.90118
528.775 114.151 0.0254331 0.144649 0.99504
579.676 100.346 0.0167093 0.0962592 0.978855
644.296 172.339 0.070074 0.0434278 0.944934
581.222 105.575 0.0197544 0.0983872 0.990211
516.328 22.0777 -0.0439059 0.14938 1.0108
540.324 310.936 0.196437 0.15679 0.979768
552.949 81.3972 0.00076437 0.121955 0.998969
908.449 118.071 0.0311411 -0.185888 1.01435
810.336 384.149 0.262093 -0.100217 0.947843
847.462 69.182 -0.00265954 -0.116478 0.975265
666.537 98.5624 0.0155118 0.0271218 0.987752
719.179 266.693 0.145477 -0.0143587 0.942278
908.882 189.581 0.0814816 -0.150181 0.908958
824.623 80.734 0.00531249 -0.0989142 0.974024
580.849 29.5622 -0.0343832 0.0925541 0.991491
624.139 98.1474 0.0157594 0.0598738 0.975627
659.103 270.691 0.149588 0.0365722 0.947282
604.512 31.5217 -0.0293856 0.0703571 0.972233
603.581 181.626 0.0776995 0.078677 0.957974
815.777 167.805 0.0690674 -0.09263 0.956196
848.074 1.52174 -0.0506722 -0.116536 0.990274
870.728 294.677 0.173111 -0.145719 0.945837
815.183 167.085 0.0689083 -0.0936311 0.962946
818.543 162.35 0.0644831 -0.0924446 0.947034
659.496 273.82 0.152745 0.0365715 0.948758
642.663 177.339 0.0741543 0.0456251 0.949774
611.119 177.646 0.0759813 0.0760982 0.976084
913.524 188.477 0.0896161 -0.190492 0.993272
718.263 32.1806 -0.0307726 -0.0157461 0.987437
914.791 117.975 0.032163 -0.182185 0.992761
789.375 320.798 0.227335 -0.0919223 1.02173
825.765 179.765 0.0870367 -0.143201 1.11126
510.324 108.736 -0.0833478 0.446086 1.55332
527.129 217.122 0.105389 0.145781 0.959525
839.763 375.839 0.260784 -0.131707 0.960365
622.319 99.8501 0.0174428 0.0602602 0.968772
663.875 95.8921 0.0148999 0.0276734 0.970312
808.283 48.293 -0.121507 -0.177638 1.38915
790.887 89.1524 0.0101888 -0.0740722 0.982677
735.028 38.0385 -0.159713 -0.0565196 1.45075
722.384 30.7725 -0.229691 -0.0376875 1.58828
770.873 22.5661 -0.167916 -0.116438 1.41844
838.223 45.8393 -0.0710894 -0.174769 1.21895
772.579 17.3733 -0.165562 -0.115412 1.39564
827.928 3.04981 -0.109434 -0.152594 1.20246
794.936 30.4794 -0.233363 -0.199917 1.59791
812.951 36.8451 -0.117484 -0.169886 1.33453
793.904 30.1786 -0.238163 -0.199708 1.60713
608.971 50.2254 -0.0191436 0.0707226 0.985972
779.241 61.9078 -0.113381 -0.134932 1.42016
924.678 190.632 0.0870601 -0.179844 0.949045
820.086 157.212 0.060766 -0.0935736 0.947931
764.55 397.973 0.277365 -0.0574389 0.949096
788.544 24.0955 -0.230514 -0.178424 1.5687
838.292 393.904 0.296318 -0.140997 0.984053
728.51 23.3885 -0.250011 -0.0519667 1.60555
735.342 41.522 -0.159223 -0.0579484 1.46251
852.677 153.319 0.0590358 -0.126042 0.972305
806.476 51.254 -0.119653 -0.17652 1.39546
755.113 65.8928 -0.0781986 -0.0801566 1.32338
825.434 135.277 0.0449844 -0.102826 0.974338
722.217 29.9565 -0.225939 -0.0369618 1.57711
666.133 78.0655 -0.0135261 0.0356818 1.09045
746.147 64.3888 -0.310013 -0.124955 1.897
533.055 123.314 0.0323852 0.143331 0.998165
800.466 69.9521 -0.119244 -0.187893 1.47468
806.36 2.30663 -0.0598781 -0.0916767 1.03018
521.647 104.965 0.0197299 0.142257 0.975934
792.358 87.2954 0.00861317 -0.0756449 0.985369
847.056 67.4873 -0.00434577 -0.117203 0.979528
621.178 98.1717 0.0167069 0.0599254 0.962168
621.739 273.772 0.151025 0.0678758 0.944422
763.994 398.272 0.278149 -0.0570166 0.949808
858.354 380.284 0.270817 -0.153823 0.968446
543.57 141.574 0.0470447 0.12455 0.963362
864.66 309.455 0.187752 -0.143123 0.948663
545.643 145.862 0.050351 0.127441 0.975382
800.697 20.2512 -0.219775 -0.194969 1.53246
768.696 33.6661 -0.174031 -0.121632 1.47198
790.659 15.1428 -0.226149 -0.17313 1.52897
728.686 7.50648 -0.248449 -0.0494123 1.54944
802.923 77.6372 0.00392967 -0.0799127 0.964482
557.638 393.104 0.15768 0.0708149 0.759205
605.923 397.071 0.282856 0.099428 0.963475
853.938 71.4377 -0.00309036 -0.12673 0.992688
649.498 38.6759 -0.0267082 0.0382628 0.986134
649.962 38.5418 -0.0273623 0.0382487 0.989409
591.978 381.965 0.248144 0.101409 0.933714
492.294 29.4055 -0.03763 0.167237 1.00402
624.093 100.979 0.0174921 0.0607896 0.979846
659.727 194.376 0.097076 0.0447736 1.0541
710.665 81.8527 0.000248775 -0.00949828 1.01852
886.872 181.404 0.0808708 -0.154021 0.96357
520.704 404.103 0.316074 0.20882 1.00341
601.769 404.5 0.266333 0.0924952 0.925008
799.207 400.797 0.272771 -0.0880218 0.936268
868.289 383.16 0.247353 -0.14483 0.923241
505.24 403.022 0.286892 0.199997 0.961681
757.762 46.0307 -0.296748 -0.144509 1.78872
649.623 194.901 0.0862885 0.0394259 0.937673
790.101 92.5792 0.01217 -0.0745119 0.988422
800.637 400.776 0.269872 -0.0882621 0.931787
532.442 280.966 0.161911 0.152173 0.963616
663.826 94.3366 0.0139473 0.0274925 0.968431
801.822 403.793 0.268728 -0.0879126 0.925072
857.637 5.82245 -0.0632604 -0.143053 1.05558
558.126 145.994 0.037939 0.0561625 0.751805
505.824 9.99165 -0.0445498 0.143275 0.975361
492.337 108.212 0.0196919 0.179883 1.00729
774.68 51.872 -0.144344 -0.133589 1.4656
744.713 18.0316 -0.224709 -0.081237 1.53384
742.616 378.012 0.247125 -0.0348083 0.935096
856.916 418.701 0.318712 -0.159097 0.971156
859.461 314.41 0.196224 -0.142698 0.958454
780.459 16.6013 -0.242756 -0.16027 1.5689
768.345 402.293 0.270942 -0.0585785 0.931719
816.538 50.6229 -0.210716 -0.261412 1.62677
784.119 328.971 0.201182 -0.0708046 0.938885
767.369 401.798 0.265286 -0.056471 0.923809
846.591 37.9531 -0.0271436 -0.119007 0.99501
665.358 34.6758 -0.0274899 0.0248952 0.975899
714.829 181.514 0.0736622 -0.0109218 0.904109
772.664 404.995 0.263292 -0.0600071 0.915518
755.823 34.8497 -0.2517 -0.119781 1.65185
751.257 70.8448 -0.116345 -0.0900024 1.46774
649.545 172.58 0.0718346 0.0422725 0.968133
569.186 33.2568 -0.0316667 0.101613 0.989805
666.92 94.5279 0.0135442 0.0256713 0.975688
718.929 398.606 0.274915 -0.0133637 0.945338
510.893 21.0335 -0.0407029 0.146647 0.991728
678.654 439.936 0.313029 0.0258598 0.933894
718.463 402.758 0.271629 -0.0126977 0.933224
781.11 374.55 0.24654 -0.0703753 0.939351
569.256 33.5609 -0.0323101 0.102788 0.994418
655.547 614.322 0.177998 0.0139936 0.640809
844.378 40.814 -0.0260972 -0.118829 1.00035
598.009 440.488 0.271845 0.0860592 0.880766
534.663 282.321 0.163853 0.151356 0.96584
729.679 565.487 0.205787 -0.0129578 0.693161
810.858 614.569 0.177687 -0.038157 0.639339
766.412 434.067 0.30531 -0.0578778 0.930684
577.622 55.9668 -0.0164284 0.0975604 0.992543
653.328 568.596 0.204762 0.0195048 0.690991
562.372 361.965 0.21997 0.1195 0.918837
715.609 221.695 0.14473 -0.0149341 1.21883
565.495 17.5868 -0.0416122 0.102428 0.987063
528.779 410.029 0.315869 0.194491 0.991507
632.912 404.352 0.258625 0.0618088 0.912542
917.423 110.902 0.0272013 -0.17998 0.984458
525.16 376.167 0.158116 0.0930481 0.778863
632.685 406.629 0.260318 0.0619894 0.911618
799.154 430.44 0.312946 -0.0924574 0.945545
835.927 19.5802 -0.0353988 -0.103897 0.972588
801.334 400.573 0.267823 -0.0881899 0.928928
597.604 383.401 0.253911 0.0987494 0.940949
608.295 472.34 0.371736 0.105132 0.956698
606.657 432.099 0.307812 0.0960384 0.940662
685.457 405.867 0.258149 0.0160299 0.908246
621.429 278.234 0.153077 0.0671715 0.938182
714.368 190.532 0.0951362 -0.0123011 1.07182
719.633 31.142 -0.0317113 -0.0168581 0.988805
871.998 267.132 0.150935 -0.147033 0.954278
848.755 71.824 -0.00206466 -0.120661 0.986068
623.143 550.426 0.322196 0.0592614 0.818917
491.594 440.48 0.337443 0.228 0.96849
500.498 436.597 0.35135 0.233534 0.992338
513.394 434.502 0.372714 0.23823 1.02254
849.36 0.409737 -0.049981 -0.115815 0.984005
824.723 133.544 0.043549 -0.104656 0.984744
681.668 466.901 0.928738 0.107744 1.44402
810.725 385.713 0.261165 -0.0995257 0.943462
651.63 196.991 0.089518 0.0396816 0.951578
584.409 55.2392 -0.0122519 0.0844671 0.960185
514.444 434.131 0.375869 0.239907 1.02713
714.508 151.564 0.0518773 -0.0104548 0.870129
710.502 67.2371 -0.00320629 -0.00916476 0.958814
854.856 550.051 0.219008 -0.072759 0.715202
686.424 404.046 0.267696 0.0163858 0.925828
867.8 323.729 0.210908 -0.156687 0.971285
716.723 215.585 0.140673 -0.017638 1.28811
585.685 464.713 0.500841 0.196069 1.10294
545.004 452.238 0.400351 0.204348 1.02218
498.059 438.632 0.346722 0.230522 0.983082
788.341 331.823 0.203358 -0.0743869 0.93753
845.339 388.346 0.297189 -0.152496 0.996133
866.699 320.996 0.202072 -0.149424 0.95667
847.674 400.581 0.275476 -0.134567 0.939597
529.953 188.295 0.0849474 0.151683 0.990117
891.518 184.504 0.081905 -0.152125 0.948063
958.891 52.613 -0.0145517 -0.206954 0.985585
603.637 433.318 0.308809 0.0989612 0.940168
834.724 462.451 0.368144 -0.138095 0.962246
537.35 319.225 0.199151 0.154489 0.965152
546.117 69.4319 -0.00488954 0.118563 0.974347
790.42 93.3355 0.012982 -0.0743073 0.985428
919.091 190.31 0.0888831 -0.184477 0.969125
814.251 452.042 0.280672 -0.0884795 0.873462
832.532 430.339 0.341079 -0.138616 0.981434
605.042 397.632 0.279572 0.0984748 0.957312
609.647 153.243 0.0570735 0.0807848 1.00112
670.612 192.432 0.0864948 0.104099 1.61363
539.837 305.227 0.190302 0.155869 0.978793
719.887 478.276 0.356086 -0.0134323 0.929163
842.159 152.753 0.0586617 -0.119123 0.978833
647.105 445.119 0.306143 0.0535289 0.918255
841.885 378.26 0.26248 -0.133426 0.958598
951.164 346.349 0.295057 -0.325126 1.09019
620.605 12.6195 -0.0483927 0.0624988 1.00533
587.979 3.78122 -0.051455 0.0850355 0.991547
853.499 416.276 0.330015 -0.163654 0.990981
543.238 87.8113 0.00842901 0.120558 0.967745
782.715 553.199 0.215374 -0.0380275 0.710088
664.741 41.1577 -0.0261142 0.0269743 0.993249
688.043 436.156 0.27509 0.0135217 0.889097
751.243 382.518 0.236876 -0.0400701 0.909239
848.73 64.9678 -0.00495677 -0.115854 0.970375
531.116 283.046 0.160673 0.149134 0.95314
652.896 17.6186 -0.0270524 0.0275252 0.910474
554.003 90.6186 0.00862899 0.118782 0.988366
631.955 407.51 0.261864 0.0629153 0.912643
706.572 11.4772 -0.0222 -0.00663863 0.857882
676.715 477.534 0.332979 0.0265635 0.905884
848.943 31.8913 -0.028903 -0.116898 0.981696
921.514 114.411 0.0303028 -0.179474 0.974548
917.558 193.896 0.0923665 -0.18606 0.974357
787.232 331.069 0.200876 -0.0726136 0.933505
931.828 323.298 0.291646 -0.341457 1.16118
767.016 436.942 0.300323 -0.0568908 0.919895
711.305 133.765 -0.00881162 -0.00434915 0.489052
685.739 430.63 0.310427 0.0195307 0.944586
889.621 358.142 0.238284 -0.174042 0.952675
881.694 357.219 0.25078 -0.178565 0.978865
832.665 382.994 0.250058 -0.11517 0.929017
847.137 461.546 0.383698 -0.159342 0.980435
598.007 404.13 0.261895 0.0938935 0.918799
842.995 152.498 0.0582241 -0.117103 0.969313
714.325 165.59 0.0076755 -0.00552879 0.542525
650.325 56.7836 -0.0174966 0.0407488 1.00735
870.392 272.868 0.155808 -0.145959 0.953481
867.379 295.218 0.178473 -0.148369 0.960167
515.379 408.225 0.307183 0.203266 0.98252
565.601 616.266 0.175837 0.0436557 0.638399
853.666 394.879 0.275997 -0.143673 0.950076
758.6 435.547 0.32476 -0.053616 0.953818
552.031 92.7751 0.00993352 0.121472 0.991101
803.665 434.268 0.33108 -0.101979 0.962857
652.009 180.071 0.0773712 0.0399597 0.962924
858.602 31.5484 -0.0292478 -0.124687 0.982782
721.891 7.73413 -0.0396187 -0.0176535 0.951842
670.096 234.402 0.157594 0.0504302 1.18104
545.979 15.3782 -0.0237629 0.0861639 0.876243
818.803 250.197 0.24276 -0.319456 1.59916
886.142 120.064 0.0332566 -0.16022 0.99868
533.697 292.687 0.178602 0.160731 0.981398
510.196 0.371017 -0.0450938 0.13005 0.949813
843.493 123.826 0.0363082 -0.119343 0.983325
790.519 16.0283 -0.0403009 -0.071411 0.984093
549.52 71.9107 -0.00557062 0.122256 0.994081
844.533 148.978 0.0555491 -0.118171 0.969541
613.211 470.319 0.379013 0.103146 0.967425
658.162 276.078 0.152806 0.0370058 0.942143
664.597 67.6588 -0.00729202 0.0278944 0.991551
591.311 8.29473 -0.0508157 0.0850337 1.00206
636.896 243.922 0.159886 0.0856391 1.11884
622.793 203.544 0.103875 0.0799456 1.03485
715.156 203.273 0.109823 -0.0132006 1.08837
616.078 79.7759 -0.00913342 0.0825994 1.06854
728.559 336.365 0.204159 -0.0218344 0.931453
637.039 435.067 0.302366 0.0640847 0.928216
823.254 140.077 0.0486155 -0.1032 0.982134
509.664 406.997 0.295169 0.199682 0.967028
839.386 469.316 0.379871 -0.145137 0.964635
674.933 446.282 0.301423 0.027096 0.910045
622.191 66.04 -0.00802734 0.0611765 0.985667
714.69 152.053 0.0560931 -0.0116012 0.950115
534.325 206.566 0.0971775 0.139314 0.961885
559.76 428.065 0.26864 0.120675 0.893907
910.029 29.6816 -0.0250336 -0.153418 0.953244
640.923 165.578 0.0606409 0.0372182 0.881781
564.885 617.081 0.17547 0.0437293 0.637684
639.919 428.631 0.311968 0.0656935 0.950911
605.569 430.627 0.310624 0.0988379 0.946749
506.325 16.127 -0.0407725 0.143828 0.976029
719.398 25.292 -0.0348244 -0.0165954 0.984509
943.103 416.585 0.405656 -0.338277 1.08713
720.135 267.595 0.152256 -0.0156515 0.964501
538.817 193.651 0.0924513 0.157452 1.02303
941.481 415.527 0.40883 -0.340785 1.09357
713.669 140.674 0.0295101 -0.00770615 0.691521
846.299 459.998 0.381296 -0.158045 0.980253
874.119 274.401 0.153013 -0.143786 0.939047
609.713 146.165 0.0336806 0.0291747 0.712994
702.204 338.764 0.206544 0.0009446 0.932516
714.294 180.142 0.0852272 -0.0125047 1.08924
714.473 179.003 0.0499865 -0.00852225 0.737601
716.976 242.93 0.230304 -0.0263933 2.11584
570.315 64.1905 -0.0073247 0.0973914 0.966897
710.093 87.9712 -0.0101171 -0.00925796 1.12886
569.476 328.494 0.303061 0.22135 1.1877
856.027 373.815 0.353363 -0.218706 1.1209
603.812 433.738 0.311716 0.0998754 0.943355
858.132 35.0278 -0.0270563 -0.124791 0.983565
710.876 116.053 0.0030267 -0.00527842 0.557128
725.224 438.776 0.313719 -0.0189799 0.935465
870.95 611.024 0.180568 -0.0594518 0.643358
640.65 267.653 0.107863 0.0316999 0.808788
819.273 265.804 0.244701 -0.230643 1.36226
717.592 23.1089 -0.0323721 -0.0147835 0.963579
862.324 315.788 0.193689 -0.14171 0.948561
788.291 481.263 0.46295 -0.107233 1.03039
713.915 188.317 0.0911177 -0.0115968 1.04397
564.748 153.244 0.0162108 0.0239517 0.593831
547.631 84.0956 0.00588081 0.116866 0.967973
638.738 175.278 0.0650923 0.0369858 0.866362
610.525 199.063 0.0897995 0.0713565 0.943893
864.059 202.404 0.10161 -0.148666 0.996954
755.509 35.8479 -0.251298 -0.119486 1.65478
623.746 204.659 0.112615 0.250229 1.65377
513.877 4.10545 -0.044692 0.130918 0.958795
643.062 180.599 0.0771983 0.0464524 0.95672
723.129 48.2259 -0.240082 -0.0424635 1.67849
797.343 396.155 0.28497 -0.0924296 0.963324
717.941 37.4717 -0.0296293 -0.0157518 1.00115
614.524 205.468 0.0976114 0.0731536 0.965577
578.834 106.061 0.0205007 0.0988384 0.984224
801.52 83.1931 0.00678354 -0.0809203 0.974597
839.892 395.409 0.289662 -0.13796 0.970837
756.901 48.8778 -0.275632 -0.138053 1.75787
739.02 47.2919 -0.288532 -0.0904464 1.77673
586.089 98.7939 0.0158566 0.0902982 0.976037
605.755 39.1214 -0.0258736 0.0715565 0.980954
718.081 272.117 0.151506 -0.013493 0.947172
868.443 322.492 0.19984 -0.147615 0.947679
907.019 117.091 0.0316511 -0.17315 0.987145
620.718 280.473 0.156811 0.0692173 0.944243
657.728 277.634 0.154686 0.0376756 0.943963
683.747 399.475 0.273082 0.0199109 0.941868
539.871 305.867 0.191034 0.156053 0.979043
576.453 337.759 0.210195 0.114227 0.946611
516.142 102.615 0.0184351 0.143834 0.969319
