634.856 261.463 0.17544 0.035484 0.739961
848.022 116.408 0.114228 -0.0693091 0.772901
904.831 312.428 0.217612 -0.110304 0.766899
613.224 123.897 0.113903 0.0425789 0.752209
584.604 265.53 0.179429 0.0610173 0.746093
718.639 254.504 0.174572 -0.00500221 0.74573
515.534 7.76819 0.0667919 0.0812652 0.75771
580.76 260.228 0.171562 0.0595997 0.732103
518.944 12.2384 0.0683856 0.0820755 0.76557
731.775 258.042 0.265161 -0.505423 4.93954
718.762 250.312 -0.0828111 -0.140797 5.49312
898.955 76.426 0.0952118 -0.0862222 0.755038
635.374 249.766 0.167109 0.0340575 0.732872
725.793 218.428 -0.110601 -0.222037 3.94484
521.298 345.163 0.218499 0.095534 0.737538
533.597 7.99826 0.0666558 0.0765951 0.770408
918.261 73.784 0.0930208 -0.0892913 0.739059
719.92 242.318 0.161228 -0.00483418 0.724431
641.801 0.555363 0.0643278 0.027511 0.760264
610.004 111.951 0.105834 0.0405055 0.728987
719.263 252.963 0.176949 -0.00563375 0.754744
590.615 140.582 0.0411571 0.428148 1.91793
822.058 336.095 0.200851 -0.0506089 0.70847
531.158 417.426 0.230506 0.0806471 0.691872
613.697 106.911 0.104597 0.0395808 0.7349
914.811 303.313 0.205459 -0.108797 0.752381
855.314 101.253 0.106008 -0.0687934 0.75973
721.888 241.551 0.161118 -0.0057434 0.72513
582.48 262.423 0.174093 0.0597347 0.736006
926.081 321.165 0.210481 -0.111439 0.741223
584.117 261.846 0.174151 0.0591259 0.736915
812.915 328.685 0.231786 -0.061473 0.776489
563.767 134.634 0.120679 0.0688672 0.767918
584.059 9.48423 0.0674966 0.0533996 0.76522
512.345 345.065 0.208455 0.0931915 0.71905
866.813 65.0042 0.0910686 -0.074714 0.768113
886.945 93.033 0.104111 -0.0885479 0.777495
850.838 110.994 0.111099 -0.0689773 0.767101
912.391 309.108 0.20844 -0.107695 0.751615
876.345 46.7616 0.0827862 -0.0726923 0.747866
942.626 139.963 0.126216 -0.119032 0.775609
753.688 399.634 0.249043 -0.0227562 0.730248
635.404 253.788 0.171077 0.0348159 0.738554
615.736 422.009 0.289715 0.057877 0.768119
774.619 415.35 0.304676 -0.0443974 0.791681
905.614 400.141 0.275419 -0.119022 0.76511
506.318 347.051 0.203833 0.0922996 0.708601
845.599 408.406 0.259102 -0.0732491 0.73511
744.748 397.075 0.275633 -0.0219054 0.771797
861.401 408.884 0.328281 -0.117787 0.828394
719.478 420.34 0.291464 -0.00629707 0.770087
633.224 255.604 0.169329 0.0350309 0.731168
905.973 84.7173 0.0995456 -0.0933745 0.765594
930.777 366.069 0.267444 -0.143509 0.790676
816.175 414.385 0.309252 -0.0743537 0.797895
586.833 17.3342 0.0704538 0.0539496 0.774367
853.946 100.821 0.10574 -0.0679538 0.758998
892.103 400.401 0.256757 -0.0992795 0.738387
898.23 93.7683 0.104796 -0.0953844 0.781216
671.639 427.369 0.272195 0.0213673 0.738808
816.185 333.637 0.23316 -0.0627661 0.772808
613.156 424.418 0.281714 0.0568474 0.755195
610.94 94.6962 0.0983137 0.0387117 0.721857
903.634 25.506 0.0747037 -0.0931267 0.778849
752.357 398.851 0.250626 -0.0223762 0.733324
860.984 388.445 0.280559 -0.0985023 0.786144
901.511 44.5382 0.0828473 -0.0949893 0.784324
712.369 137.77 0.141328 -0.00663449 0.935601
561.257 111.441 0.10771 0.0643184 0.747038
939.448 250.611 0.168649 -0.107126 0.730205
712.377 145.893 0.138952 -0.00480003 0.854404
538.716 496.647 0.26459 0.0787512 0.679139
795.522 493.77 0.262752 -0.0369692 0.675486
541.238 447.318 0.240604 0.0755538 0.683546
541.827 492.052 0.258083 0.0755188 0.674762
842.925 443.556 0.240871 -0.0578877 0.682373
576.317 417.716 0.301419 0.0881076 0.788962
553.495 121.047 0.111078 0.0671325 0.7423
815.853 333.177 0.204011 -0.0496725 0.717507
925.32 330.125 0.224318 -0.119587 0.757959
556.201 544.414 0.324145 0.0843818 0.707025
497.59 561.174 0.377513 0.137534 0.741804
843.501 488.574 0.290125 -0.0686603 0.708061
893.254 536.316 0.316744 -0.0959544 0.700535
891.399 425.481 0.27341 -0.101159 0.738261
895.654 533.942 0.335114 -0.105868 0.718704
886.638 527.304 0.324789 -0.0977882 0.71417
834.825 432.576 0.259538 -0.062932 0.715023
899.009 430.305 0.266426 -0.0999306 0.724828
932.663 409.956 0.239089 -0.105569 0.704069
899.519 517.483 0.34219 -0.115643 0.73725
541.525 493.86 0.253558 0.0736682 0.668513
923.481 406.11 0.250105 -0.109757 0.723124
679.868 434.951 0.272529 0.0166343 0.732431
502.014 410.241 0.379794 0.198676 0.903381
500.738 377.594 0.223223 0.0995947 0.714307
891.333 486.892 0.293275 -0.0953677 0.711916
610.278 584.604 0.356852 0.0581051 0.707243
926.808 466.927 0.279518 -0.111744 0.711046
851.291 496.519 0.280034 -0.0676463 0.69161
855.279 496.907 0.295424 -0.0752355 0.707471
617.073 122.074 0.114002 0.0416273 0.758799
778.389 420.998 0.288519 -0.0422473 0.764397
917.139 322.579 0.219984 -0.114631 0.758731
720.474 490.521 0.271302 -0.00377935 0.688064
731.423 550.429 0.215584 -0.00361853 0.596268
790.709 437.059 0.255382 -0.0389876 0.70673
913.205 363.397 0.293378 -0.15502 0.836569
562.079 400.184 0.255127 0.0803949 0.742029
788.997 547.213 0.318291 -0.0399849 0.696382
674.284 489.853 0.256887 0.0170919 0.673053
914.473 459.573 0.294911 -0.116263 0.734765
862.204 72.8705 0.0950967 -0.0761504 0.780331
670.32 444.148 0.245568 0.0190775 0.690447
643.783 14.1687 0.0692881 0.0281845 0.776643
553.389 403.361 0.255595 0.0846477 0.739853
658.222 557.788 0.291019 0.0253192 0.667169
484.902 382.781 0.209474 0.0963301 0.687553
591.498 446.482 0.246112 0.0550473 0.690578
581.149 253.295 0.16667 0.0581819 0.727814
760.511 405.218 0.236166 -0.0235048 0.706389
664.385 503.589 0.251493 0.0205924 0.658784
547.336 610.278 0.333121 0.0825323 0.674435
709.711 48.4864 0.0742961 0.00131843 0.633965
652.133 627.772 0.240564 0.021415 0.589895
567.294 575.77 0.37231 0.0885581 0.725945
543.358 494.593 0.263471 0.076525 0.679159
487.657 95.8568 0.108134 0.130067 0.846947
488.751 150.57 0.0878636 0.0505359 0.580216
592.9 62.4187 0.0786103 0.0340338 0.642191
635.351 258.567 0.17385 0.0351133 0.739607
616.909 93.8709 0.0980579 0.0363537 0.722151
714.758 193.562 0.205947 -0.0117542 1.07304
955.337 38.0727 0.0802066 -0.120173 0.782842
630.822 159.949 0.134797 0.0386255 0.778172
598.463 488.716 0.272203 0.0544186 0.692027
539.941 495.548 0.263271 0.0778493 0.678367
835.781 435.205 0.25983 -0.0630535 0.713261
831.691 432.02 0.265419 -0.0636271 0.723187
585.713 491.538 0.254913 0.0553173 0.670922
535.128 13.4247 0.0687135 0.0773053 0.77506
868.793 62.3706 0.0899921 -0.0757412 0.768946
578.005 254.002 0.164942 0.058419 0.722064
883.769 395.683 0.39578 -0.188286 0.935673
847.019 495.28 0.281338 -0.0662267 0.6939
739.034 505.175 0.282773 -0.0128851 0.690321
926.258 321.281 0.210676 -0.111657 0.74148
718.94 265.567 0.241168 -0.0111 0.914901
897.624 515.994 0.349445 -0.11836 0.745128
891.653 508.209 0.359843 -0.121733 0.761212
719.682 488.367 0.270771 -0.00343678 0.68894
713.983 165.344 0.152768 -0.00606467 0.865684
891.221 251.651 0.207533 -0.126968 0.842589
816.088 7.80724 0.0668423 -0.0528739 0.787207
633.692 96.4774 0.0821614 0.111921 1.30024
711.786 143.637 0.135299 -0.0040207 0.835854
566.203 148.715 0.123151 0.0632235 0.743797
568.709 150.546 0.123056 0.0611543 0.738784
889.616 309.834 0.235382 -0.118107 0.808368
716.578 78.0348 -0.115218 -0.036956 1.88987
725.929 207.826 -0.109636 -0.194305 3.60567
820.91 336.299 0.203884 -0.0513806 0.714053
521.132 17.8835 0.0705508 0.0826003 0.770106
