635.732 262.035 0.1755 0.0355215 0.740128
848.886 116.752 0.114288 -0.0692716 0.773068
905.817 312.791 0.217672 -0.110266 0.767065
614.043 124.469 0.113963 0.0426164 0.752376
585.457 266.134 0.179489 0.0610548 0.74626
719.531 255.005 0.174632 -0.0049647 0.745897
516.317 8.44299 0.0668517 0.0813027 0.757877
581.64 260.849 0.171622 0.0596372 0.732269
519.713 12.9046 0.0684453 0.082113 0.765736
731.83 258.11 0.265221 -0.505386 4.93971
718.806 250.398 -0.0827513 -0.14076 5.49328
899.878 76.7294 0.0952715 -0.0861847 0.755205
636.263 250.344 0.167168 0.034095 0.733038
725.854 218.541 -0.110541 -0.221999 3.945
522.172 345.827 0.218559 0.0955715 0.737705
534.355 8.64815 0.0667155 0.0766326 0.770575
919.236 74.0823 0.0930805 -0.0892538 0.739225
720.858 242.839 0.161288 -0.00479667 0.724598
642.579 1.10262 0.0643876 0.0275485 0.76043
610.869 112.545 0.105893 0.040543 0.729153
720.136 253.455 0.177009 -0.00559624 0.754911
590.857 140.954 0.0412168 0.428185 1.9181
823.119 336.59 0.200911 -0.0505714 0.708637
532.14 418.152 0.230566 0.0806846 0.692039
614.549 107.497 0.104657 0.0396183 0.735067
915.833 303.679 0.205519 -0.108759 0.752548
856.205 101.597 0.106067 -0.0687559 0.759896
722.825 242.069 0.161178 -0.00570589 0.725297
583.353 263.039 0.174152 0.0597722 0.736173
927.145 321.544 0.21054 -0.111401 0.741389
584.988 262.46 0.17421 0.0591634 0.737082
813.816 329.109 0.231846 -0.0614355 0.776656
564.554 135.238 0.120739 0.0689047 0.768085
584.825 10.0858 0.0675564 0.0534371 0.765387
513.255 345.756 0.208515 0.093229 0.719217
867.68 65.3257 0.0911283 -0.0746765 0.76828
887.817 93.3329 0.10417 -0.0885103 0.777662
851.714 111.339 0.111159 -0.0689398 0.767268
913.415 309.479 0.2085 -0.107657 0.751782
877.258 47.0869 0.0828459 -0.0726548 0.748033
943.562 140.225 0.126276 -0.118995 0.775776
754.663 400.171 0.249103 -0.0227187 0.730415
636.282 254.36 0.171137 0.0348534 0.73872
616.577 422.591 0.289775 0.0579145 0.768286
775.488 415.816 0.304735 -0.0443599 0.791848
906.634 400.549 0.275478 -0.118984 0.765276
507.251 347.759 0.203893 0.0923371 0.708768
846.632 408.886 0.259162 -0.0732116 0.735277
745.632 397.571 0.275692 -0.0218679 0.771964
862.274 409.267 0.328341 -0.11775 0.828561
720.356 420.86 0.291524 -0.00625956 0.770254
634.118 256.186 0.169389 0.0350684 0.731335
906.88 85.0071 0.0996054 -0.093337 0.76576
931.762 366.418 0.267504 -0.143471 0.790843
817.062 414.821 0.309312 -0.0743162 0.798062
587.585 17.9266 0.0705135 0.0539871 0.774534
854.838 101.168 0.105799 -0.0679163 0.759164
893.167 400.846 0.256817 -0.099242 0.738554
899.102 94.0549 0.104856 -0.0953469 0.781383
672.557 427.953 0.272255 0.0214048 0.738975
817.097 334.064 0.23322 -0.0627286 0.772975
614.02 425.016 0.281773 0.0568849 0.755362
611.818 95.2959 0.0983735 0.0387492 0.722023
904.489 25.7778 0.0747635 -0.0930892 0.779016
753.324 399.384 0.250686 -0.0223387 0.73349
861.92 388.853 0.280618 -0.0984647 0.786311
902.36 44.811 0.082907 -0.0949518 0.784491
712.941 138.145 0.141387 -0.00659698 0.935768
562.079 112.064 0.10777 0.064356 0.747204
940.526 250.959 0.168709 -0.107089 0.730372
713.051 146.307 0.139012 -0.00476252 0.854571
539.736 497.407 0.264649 0.0787887 0.679306
796.687 494.403 0.262812 -0.0369316 0.675653
542.244 448.058 0.240664 0.0755914 0.683713
542.859 492.817 0.258143 0.0755564 0.674929
844.1 444.125 0.240931 -0.0578502 0.682539
577.114 418.298 0.301479 0.0881451 0.789129
554.328 121.681 0.111138 0.06717 0.742467
816.886 333.663 0.20407 -0.049635 0.717674
926.35 330.491 0.224378 -0.119549 0.758126
557.157 545.135 0.324205 0.0844193 0.707191
498.464 561.875 0.377573 0.137572 0.741971
844.615 489.133 0.290185 -0.0686228 0.708227
894.446 536.892 0.316804 -0.0959168 0.700702
892.469 425.94 0.27347 -0.101121 0.738428
896.802 534.492 0.335174 -0.10583 0.718871
887.787 527.859 0.324849 -0.0977506 0.714337
835.902 433.099 0.259597 -0.0628944 0.71519
900.119 430.778 0.266485 -0.0998931 0.724995
933.853 410.424 0.239148 -0.105531 0.704235
900.625 517.999 0.34225 -0.115606 0.737417
542.575 494.636 0.253617 0.0737057 0.66868
924.612 406.556 0.250165 -0.10972 0.723291
680.805 435.541 0.272589 0.0166718 0.732597
502.671 410.772 0.379854 0.198714 0.903547
501.661 378.301 0.223283 0.0996322 0.714474
892.482 487.42 0.293335 -0.0953302 0.712083
611.253 585.317 0.356912 0.0581426 0.70741
927.991 467.426 0.279578 -0.111706 0.711212
852.458 497.102 0.280094 -0.0676087 0.691777
856.407 497.466 0.295484 -0.075198 0.707638
617.88 122.638 0.114061 0.0416648 0.758966
779.313 421.491 0.288579 -0.0422098 0.764563
918.157 322.946 0.220044 -0.114593 0.758898
721.549 491.172 0.271361 -0.00374184 0.688231
732.846 551.287 0.215644 -0.00358101 0.596434
791.774 437.62 0.255441 -0.0389501 0.706896
914.097 363.718 0.293437 -0.154983 0.836735
562.955 400.822 0.255187 0.0804325 0.742196
790.106 547.849 0.318351 -0.0399474 0.696549
675.375 490.551 0.256947 0.0171294 0.67322
915.584 460.044 0.294971 -0.116226 0.734932
863.047 73.1883 0.0951565 -0.0761129 0.780498
671.355 444.803 0.245628 0.019115 0.690614
644.533 14.703 0.0693479 0.028222 0.776809
554.267 404.008 0.255655 0.0846853 0.74002
659.326 558.534 0.291079 0.0253567 0.667336
485.884 383.536 0.209534 0.0963676 0.68772
592.5 447.182 0.246172 0.0550848 0.690745
582.037 253.919 0.166729 0.0582194 0.72798
761.55 405.783 0.236225 -0.0234673 0.706556
665.515 504.323 0.251553 0.02063 0.65895
548.371 611.079 0.333181 0.0825698 0.674601
710.884 49.0866 0.0743559 0.00135594 0.634132
653.53 628.729 0.240624 0.0214525 0.590062
568.212 576.469 0.37237 0.0885956 0.726112
544.379 495.35 0.263531 0.0765625 0.679325
488.333 96.492 0.108194 0.130104 0.847114
490.093 151.473 0.0879233 0.0505734 0.580382
593.998 63.1162 0.0786701 0.0340713 0.642358
636.227 259.139 0.173909 0.0351508 0.739774
617.787 94.4649 0.0981177 0.0363912 0.722318
715.23 193.877 0.206007 -0.0117167 1.0732
956.227 38.2922 0.0802663 -0.120135 0.783009
631.602 160.485 0.134857 0.038663 0.778339
599.467 489.423 0.272263 0.0544561 0.692194
540.963 496.308 0.263331 0.0778868 0.678533
836.864 435.731 0.25989 -0.063016 0.713428
832.746 432.534 0.265479 -0.0635896 0.723354
586.77 492.286 0.254973 0.0553548 0.671089
535.88 14.0694 0.0687733 0.0773428 0.775227
869.659 62.6892 0.0900518 -0.0757036 0.769112
578.906 254.635 0.165002 0.0584566 0.722231
884.525 395.976 0.39584 -0.188249 0.93584
848.175 495.861 0.281397 -0.0661892 0.694067
740.117 505.82 0.282833 -0.0128476 0.690488
927.322 321.659 0.210736 -0.11162 0.741647
719.574 265.945 0.241227 -0.0110624 0.915067
898.711 516.5 0.349505 -0.118322 0.745295
892.699 508.696 0.359902 -0.121696 0.761379
720.754 489.016 0.270831 -0.00339926 0.689107
714.647 165.75 0.152828 -0.00602715 0.865851
892.041 251.938 0.207593 -0.126931 0.842756
816.868 8.16074 0.066902 -0.0528364 0.787374
634.022 96.861 0.0822212 0.111958 1.30041
712.485 144.063 0.135359 -0.00398318 0.836021
567.039 149.335 0.12321 0.063261 0.743963
569.555 151.167 0.123116 0.0611918 0.738951
890.512 310.169 0.235442 -0.11807 0.808535
716.726 78.2984 -0.115159 -0.0369185 1.89003
725.997 207.95 -0.109576 -0.194267 3.60584
821.955 336.787 0.203944 -0.0513431 0.714219
521.894 18.5438 0.0706105 0.0826378 0.770273
