719.469 397.883 0.274657 -0.0131231 0.948269
639.726 398.392 0.274779 0.0634705 0.949699
603.926 181.922 0.0772424 0.0790432 0.959379
796.032 371.934 0.250844 -0.0861134 0.953718
788.614 330.041 0.201494 -0.0739923 0.939765
719.115 271.387 0.151045 -0.0137377 0.951349
920.904 113.885 0.0292698 -0.1804 0.980965
520.211 120.977 0.0307924 0.144991 0.9749
859.662 51.7351 -0.00873469 -0.11034 0.928213
871.111 268.957 0.154146 -0.148657 0.963195
574.178 337.471 0.204463 0.113302 0.937343
577.18 101.503 0.0172716 0.097394 0.974454
619.424 277.332 0.149905 0.0682645 0.933885
657.735 273.701 0.148791 0.0373908 0.939048
574.095 337.555 0.203646 0.112689 0.935337
527.373 284.284 0.157694 0.14856 0.943675
860.088 309.441 0.192448 -0.143517 0.963829
747.438 378.623 0.248937 -0.0387083 0.939291
804.167 384.295 0.234355 -0.0823406 0.903074
528.421 112.975 0.0239893 0.144626 0.994517
579.908 99.6496 0.0154849 0.0968361 0.981346
644.43 171.396 0.0685254 0.0435826 0.944016
581.086 104.332 0.0183271 0.0984668 0.989794
516.211 20.7826 -0.0452172 0.14948 1.01143
540.612 310.505 0.195095 0.156939 0.980455
551.595 79.2403 -0.000940219 0.121994 0.995967
906.975 118.525 0.0306909 -0.187613 1.02445
811.057 383.505 0.261003 -0.100138 0.949254
848.508 67.7234 -0.00402052 -0.116316 0.975802
667.179 98.4969 0.01458 0.0275089 0.993263
719.725 266.054 0.144354 -0.0141335 0.94385
909.227 188.855 0.0806101 -0.150488 0.912322
825.138 79.9315 0.00413569 -0.0989507 0.97679
580.714 27.5463 -0.0357292 0.0922462 0.989786
623.458 95.9712 0.0140184 0.0598519 0.971111
480.313 97.1977 0.0135442 0.171849 0.971207
659.979 269.988 0.149046 0.0368047 0.951272
604.432 30.0151 -0.0307468 0.0705885 0.9724
816.489 167.012 0.0679879 -0.0927733 0.958801
848.092 1.70658 -0.0519907 -0.117162 0.996389
871.47 293.939 0.172008 -0.14567 0.94742
815.628 166.445 0.0680122 -0.0938394 0.966728
819.475 161.301 0.0630927 -0.0922447 0.947497
660.132 273.115 0.152113 0.0369646 0.952384
643.422 176.683 0.0730319 0.0456958 0.951771
611.598 176.982 0.0748447 0.0764058 0.978154
914.9 187.358 0.0880336 -0.189724 0.992175
718.561 30.0625 -0.0321633 -0.0153637 0.985929
915.582 116.942 0.030942 -0.18237 0.994938
789.992 320.119 0.226143 -0.0917866 1.02298
825.098 179.866 0.0872019 -0.144422 1.12199
509.243 107.056 -0.0847578 0.445024 1.54982
528.613 216.699 0.104882 0.146645 0.964641
840.496 375.179 0.259695 -0.131652 0.961767
622.758 99.0458 0.0162098 0.0605107 0.970671
664.297 94.9677 0.0136383 0.0278916 0.971835
809.669 44.4446 -0.122545 -0.176151 1.38016
791.833 87.6242 0.00876218 -0.0738551 0.982295
735.486 33.1864 -0.160242 -0.0557305 1.43738
722.614 23.966 -0.228662 -0.0368839 1.56523
771.892 17.6809 -0.168435 -0.115153 1.40653
838.617 44.7825 -0.0725176 -0.174957 1.222
773.611 12.5192 -0.166134 -0.114177 1.38439
828.832 0.727692 -0.110772 -0.152214 1.20163
796.867 23.5989 -0.232311 -0.196618 1.57485
814.438 32.8189 -0.118553 -0.168448 1.3259
795.793 23.3298 -0.237063 -0.196434 1.58411
609.305 49.2766 -0.0204329 0.0709838 0.987755
780.485 57.3472 -0.114361 -0.133318 1.40664
925.163 189.815 0.0860759 -0.180069 0.951795
821.215 155.994 0.0592083 -0.0931952 0.947018
765.33 397.364 0.276268 -0.0574101 0.950462
790.162 17.7287 -0.229807 -0.175799 1.54899
838.499 392.72 0.29621 -0.141292 0.98795
728.881 16.1299 -0.248561 -0.0508959 1.58115
735.839 36.2599 -0.159621 -0.0570632 1.44694
853.592 152.396 0.0578614 -0.12635 0.974667
807.939 47.1787 -0.120663 -0.174887 1.38524
755.63 63.6353 -0.0795798 -0.0797557 1.32054
825.764 134.735 0.0440547 -0.103138 0.978736
722.444 23.2029 -0.225013 -0.0361755 1.55459
666.177 74.5534 -0.0153637 0.0351293 1.08203
747.052 56.5949 -0.306354 -0.122004 1.85808
532.307 122.028 0.0308296 0.143476 0.997167
801.205 67.7346 -0.120561 -0.187251 1.47181
806.66 1.71114 -0.0611991 -0.0917467 1.03396
521.499 103.983 0.0183774 0.142519 0.976621
793.34 86.1744 0.00731823 -0.0757861 0.986851
847.921 66.3211 -0.00564017 -0.117245 0.98124
621.469 97.3595 0.0154636 0.0602969 0.964082
622.889 273.039 0.150663 0.0682502 0.949165
764.547 397.183 0.277873 -0.0570605 0.953297
859.551 380.021 0.268934 -0.153411 0.967693
543.967 140.903 0.0458432 0.124859 0.965139
863.245 308.102 0.188677 -0.143742 0.957211
546.519 145.474 0.0493882 0.128022 0.979043
802.335 14.6138 -0.219546 -0.192578 1.51669
769.734 28.5769 -0.174377 -0.120152 1.45789
792.113 9.41023 -0.225843 -0.170971 1.51321
729.036 0.815163 -0.247504 -0.0485155 1.52998
803.661 76.5767 0.00266268 -0.0798677 0.966197
559.134 392.22 0.157165 0.071244 0.762396
606.39 396.642 0.281602 0.0996745 0.964431
854.25 70.9352 -0.00420063 -0.127085 0.996819
649.823 37.6552 -0.0280082 0.0385332 0.987911
650.636 38.4178 -0.0285768 0.0386084 0.994241
591.756 382.211 0.24579 0.101373 0.931649
490.522 26.7843 -0.0391856 0.16694 1.00101
624.524 100.331 0.0163234 0.0611735 0.982499
659.794 192.992 0.094735 0.0444845 1.04893
710.542 71.2591 -0.00383875 -0.00872716 0.984572
885.422 181.276 0.0810562 -0.155668 0.97423
520.388 404.372 0.313618 0.208224 1.00128
602.813 403.439 0.266252 0.0930505 0.92886
800.154 400.19 0.271643 -0.0881135 0.937559
867.434 381.325 0.248656 -0.145718 0.930786
506.752 402.014 0.287011 0.200938 0.965869
758.903 38.621 -0.294057 -0.141613 1.7575
650.147 194.238 0.0852202 0.039756 0.940147
791.074 91.1708 0.0107719 -0.0744202 0.988566
801.321 399.904 0.269182 -0.0883589 0.934205
533.048 280.561 0.16062 0.151999 0.964266
664.226 93.7893 0.0128203 0.0278906 0.971676
802.543 403.09 0.267849 -0.0879067 0.926914
858.642 3.81245 -0.0646504 -0.142756 1.05571
559.871 145.952 0.0371571 0.0566193 0.756047
506.453 9.52135 -0.0458488 0.143827 0.978517
489.309 105.634 0.0176587 0.178734 1.00007
775.752 47.4129 -0.145062 -0.132107 1.45289
745.441 11.2107 -0.223968 -0.0798256 1.51319
743.304 377.665 0.24563 -0.0345837 0.935368
857.359 417.511 0.318624 -0.159667 0.974759
860.09 313.631 0.195251 -0.142729 0.960466
782.027 9.52755 -0.241646 -0.157648 1.54694
769 402.03 0.269377 -0.0582244 0.931816
816.631 49.9403 -0.212742 -0.262145 1.63273
784.759 328.26 0.200233 -0.0707354 0.940887
768.108 401.388 0.263926 -0.0562667 0.924476
847.19 36.8865 -0.0284186 -0.118993 0.997231
665.786 33.6654 -0.0287801 0.0251034 0.977721
715.397 181.2 0.0732804 -0.0107668 0.910794
773.334 404.242 0.262502 -0.0599436 0.917613
756.872 27.6903 -0.250144 -0.11755 1.6259
751.97 66.6201 -0.117343 -0.0888902 1.45452
649.8 171.541 0.0702033 0.0422691 0.966672
569.462 32.3201 -0.0329666 0.101911 0.991648
667.071 92.5943 0.0119394 0.0256891 0.972543
719.662 398.123 0.273673 -0.01327 0.946311
511.767 20.6208 -0.0419485 0.147014 0.994928
679.495 438.727 0.313025 0.0260846 0.937588
718.994 402.559 0.269913 -0.0123786 0.933031
781.822 373.9 0.245522 -0.0703081 0.940962
569.511 32.603 -0.0336097 0.103079 0.996188
656.704 612.394 0.177691 0.0144181 0.64388
597.525 441.086 0.268899 0.0861854 0.878279
535.2 281.796 0.16279 0.151712 0.967627
730.379 562.325 0.206188 -0.0126954 0.697818
812.363 613.876 0.176951 -0.0381303 0.641402
766.522 432.858 0.305453 -0.0575552 0.934568
576.579 53.1682 -0.0180542 0.0971065 0.987776
654.71 568.026 0.204008 0.0196872 0.692959
562.499 361.615 0.21854 0.119864 0.919428
716.011 220.604 0.142596 -0.0147706 1.21535
565.44 16.1727 -0.042898 0.102523 0.987342
528.769 409.894 0.314092 0.194575 0.991209
633.505 403.714 0.257711 0.0621779 0.914412
918.796 109.623 0.0258393 -0.180299 0.985922
526.474 375.543 0.157429 0.0934873 0.781561
633.019 405.824 0.259651 0.0627106 0.914128
799.837 429.614 0.312312 -0.0925519 0.94779
836.466 18.6941 -0.0366698 -0.103953 0.975353
801.53 399.222 0.268086 -0.0883643 0.933633
597.754 383.64 0.25148 0.0983766 0.938743
609.03 471.652 0.371259 0.105542 0.958832
606.658 432.407 0.305285 0.096 0.938829
685.274 406.578 0.255078 0.0166435 0.904705
622.812 277.371 0.153094 0.0676753 0.944465
714.809 189.636 0.0937917 -0.0121109 1.07262
720.231 29.9088 -0.0330325 -0.0167702 0.990221
849.254 70.9954 -0.00325148 -0.120742 0.988862
631.541 532.339 0.349099 0.0627739 0.862413
493.143 439.441 0.337841 0.229079 0.97258
501.331 435.867 0.350915 0.234355 0.994889
513.393 434.591 0.370879 0.238076 1.02182
825.232 132.714 0.0424148 -0.104643 0.98724
683.308 461.585 0.959894 0.111059 1.48398
811.447 384.95 0.260258 -0.0995741 0.945395
651.734 196.216 0.0881368 0.040087 0.952079
585.087 54.8014 -0.0134374 0.0848776 0.96349
515.208 433.699 0.375258 0.240301 1.02888
715.191 151.052 0.0509004 -0.0103018 0.873238
711.015 66.4038 -0.00443755 -0.0089872 0.961101
855.409 548.14 0.218866 -0.0728936 0.718577
687.258 403.398 0.26685 0.0164505 0.927745
716.979 213.81 0.137002 -0.0171606 1.27509
585.854 464.958 0.498573 0.195714 1.10135
546.904 450.412 0.402596 0.206143 1.02949
498.811 438.373 0.34592 0.230725 0.984371
788.96 331.095 0.202437 -0.0743195 0.939617
867.594 320.341 0.200798 -0.149298 0.95761
848.987 400.654 0.273198 -0.133955 0.937921
530.611 187.77 0.0839255 0.152141 0.992731
892.702 183.515 0.0805932 -0.152135 0.949073
959.55 51.657 -0.0156959 -0.207074 0.987878
603.82 433.534 0.306635 0.0989116 0.938954
835.937 462.326 0.366237 -0.137973 0.961802
539.001 318.396 0.199112 0.155241 0.970173
547.104 69.3099 -0.00598989 0.119239 0.978814
790.592 93.2768 0.0120784 -0.0745628 0.991315
917.457 189.926 0.0888952 -0.185949 0.978362
814.896 451.145 0.280029 -0.0884779 0.875758
833.22 429.733 0.340014 -0.138531 0.982681
605.921 396.75 0.279122 0.0989007 0.960348
610.018 152.472 0.0558423 0.0810324 1.00269
669.18 187.904 0.0803733 0.101281 1.57311
539.31 304.946 0.188302 0.155817 0.977223
720.568 477.329 0.35588 -0.0132905 0.931863
842.594 152.032 0.0576566 -0.119298 0.982095
648.509 443.352 0.307459 0.0538806 0.924393
842.627 377.626 0.261316 -0.133316 0.959819
620.833 11.3346 -0.0497312 0.0627019 1.00655
589.224 4.53173 -0.0527888 0.0858342 0.998657
853.848 415.408 0.329526 -0.163704 0.993487
544.269 87.6373 0.00740866 0.121092 0.971743
783.286 551.143 0.21533 -0.0379081 0.713674
665.819 43.4276 -0.0267893 0.0275446 1.00483
752.372 382.76 0.234242 -0.0398771 0.90664
850.115 63.1825 -0.00634802 -0.115519 0.969447
531.578 282.547 0.159535 0.149442 0.954627
660 38.9674 -0.0252556 0.0296631 0.977249
554.966 90.593 0.00762676 0.119682 0.993555
631.598 408.811 0.258277 0.0627343 0.907464
707.27 10.9867 -0.0234203 -0.00648804 0.86091
677.53 478.49 0.329891 0.0262835 0.903071
849.43 30.794 -0.0302308 -0.116829 0.984087
921.957 113.568 0.0291892 -0.179692 0.97745
920.265 192.616 0.0903135 -0.185073 0.970496
787.63 330.238 0.200227 -0.072507 0.936456
932.463 322.474 0.290505 -0.341528 1.16266
767.328 435.854 0.300222 -0.0566806 0.92325
717.248 236.091 0.0577676 -0.00790351 0.683831
686.539 429.877 0.309787 0.0196303 0.946812
890.179 357.284 0.23749 -0.174214 0.955013
882.541 356.596 0.249485 -0.178392 0.979726
833.178 381.962 0.249567 -0.115392 0.932129
847.491 460.561 0.383682 -0.159584 0.983363
563.642 638.237 0.147466 0.0362656 0.603674
598.668 403.441 0.26123 0.0943989 0.921165
843.632 151.609 0.0570549 -0.117057 0.971278
717.039 165.97 0.00700135 -0.00547405 0.547049
650.643 55.594 -0.0188268 0.0409352 1.00845
871.092 272.102 0.154728 -0.145932 0.955226
868.089 294.484 0.177376 -0.148307 0.961741
515.342 408.23 0.305273 0.2031 0.981794
567.932 614.296 0.17558 0.0439716 0.641553
854.409 394.258 0.274871 -0.143569 0.951328
759.38 434.707 0.324072 -0.0537081 0.956015
552.201 91.7509 0.00862271 0.121494 0.99168
804.303 433.332 0.330495 -0.102117 0.965298
653.684 180.241 0.0775574 0.040269 0.973036
721.937 9.07415 -0.0407958 -0.0173376 0.960616
670.254 233.549 0.155756 0.050494 1.17921
547.255 15.6813 -0.0248812 0.0867896 0.880964
820.149 248.744 0.238513 -0.317322 1.58964
887.031 118.893 0.0319548 -0.160072 0.999791
534.109 292.182 0.177409 0.160987 0.982681
844.228 122.776 0.0350459 -0.119221 0.984747
791.62 13.0749 -0.0417757 -0.0708649 0.981067
548.733 70.4023 -0.00704747 0.122674 0.993656
844.647 148.384 0.0546382 -0.118199 0.973198
614.002 470.134 0.377672 0.102984 0.967864
658.877 275.417 0.151981 0.0372452 0.944932
664.992 66.5956 -0.00859183 0.0280913 0.992958
591.133 7.22517 -0.0522136 0.0857104 1.00412
637.261 243.189 0.158416 0.0856123 1.11911
624.356 203.269 0.103722 0.0803121 1.04248
715.601 202.364 0.108375 -0.0130145 1.08852
616.158 78.4751 -0.0105138 0.0827418 1.06889
638.06 433.831 0.302638 0.0645208 0.93241
824.69 138.263 0.0467368 -0.102494 0.978843
507.452 407.945 0.290996 0.198935 0.961349
676.222 443.597 0.304523 0.0275401 0.919691
622.733 64.8013 -0.00935834 0.0610582 0.986181
715.505 150.664 0.0543376 -0.0115726 0.947829
910.733 28.5228 -0.026309 -0.153384 0.955265
641.612 164.86 0.0594053 0.0373604 0.883339
567.078 615.693 0.175024 0.0439974 0.640394
605.797 430.687 0.308666 0.0988874 0.946024
719.664 31.5529 -0.0344947 -0.0166513 1.00412
845.903 457.908 0.383672 -0.159177 0.987601
703.037 338.089 0.205565 0.00096301 0.934458
604.219 433.794 0.309827 0.0997831 0.94275
858.788 33.883 -0.0283353 -0.124737 0.985532
712.96 116.905 0.00231632 -0.00514605 0.561784
725.996 438.673 0.311975 -0.0188567 0.935236
871.172 607.555 0.180776 -0.0596397 0.647584
642.841 267.263 0.110056 0.0325664 0.821587
820.055 265.027 0.24277 -0.229927 1.36001
714.391 187.47 0.0898545 -0.0114228 1.04528
567.917 153.614 0.015535 0.0243006 0.598429
639.709 174.674 0.0638672 0.0369212 0.86749
610.506 198.348 0.0884191 0.0717464 0.944316
864.604 201.544 0.100443 -0.14846 0.998556
724.992 438.081 0.317791 -0.0181694 0.943581
603.177 174.935 0.0679614 0.068516 0.910819
715.641 152.431 0.0179761 -0.00637301 0.610054
612.957 215.073 0.101277 0.0708429 0.943421
909.652 130.64 0.0121537 -0.342947 1.32908
792.573 16.7127 -0.0406424 -0.0727062 0.9873
854.46 151.346 0.0570918 -0.127385 0.975967
505.331 403.57 0.287952 0.201942 0.964555
641.178 77.3538 -0.000757776 0.0474995 0.989781
800.872 402.092 0.266337 -0.0861625 0.926248
867.346 384.196 0.251035 -0.145599 0.929832
585.023 103.392 0.0198394 0.0866059 0.95493
719.006 402.056 0.264504 -0.0122689 0.925508
694.397 397.16 0.446751 0.0279943 1.20157
846.537 388.183 0.318611 -0.167124 1.03183
533.246 63.4572 -0.00311606 0.109451 0.917099
560.853 90.8827 0.00411274 0.125953 1.03038
855.315 149.011 0.055102 -0.125395 0.967817
756.509 29.0382 -0.249903 -0.117386 1.63029
623.158 203.304 0.110223 0.249117 1.64621
514.298 3.52089 -0.0459981 0.131479 0.96161
643.296 179.738 0.075759 0.0466551 0.956781
723.317 44.5718 -0.240392 -0.0419904 1.66813
797.976 395.407 0.284082 -0.0923992 0.965217
718.484 35.6782 -0.0310128 -0.0155965 1.00071
614.597 204.683 0.0960564 0.0732784 0.965076
579.291 105.454 0.0193324 0.0993067 0.986957
801.915 82.729 0.00567615 -0.0811422 0.979003
840.234 394.535 0.289025 -0.137903 0.973308
757.525 44.8892 -0.275519 -0.136802 1.74533
739.398 43.3397 -0.288347 -0.0895746 1.76426
587.013 98.4691 0.0148024 0.0906897 0.979963
606.182 38.0405 -0.0271617 0.0716434 0.982252
718.701 271.394 0.150766 -0.0133646 0.950356
868.594 321.532 0.199394 -0.147862 0.951365
908.672 115.522 0.0301394 -0.172865 0.986611
621.436 279.854 0.15592 0.0695058 0.946724
658.404 276.957 0.153912 0.0379736 0.946961
684.327 398.854 0.272107 0.0201758 0.943541
539.714 305.515 0.189332 0.15609 0.978498
576.878 337.305 0.208982 0.114501 0.947734
516.172 101.72 0.0171267 0.144064 0.970293
