719.295 397.848 0.274586 -0.0131908 0.948354
639.534 398.358 0.274709 0.0634028 0.949785
603.694 181.826 0.0771718 0.0789755 0.959464
795.872 371.894 0.250774 -0.0861811 0.953803
788.444 329.992 0.201423 -0.07406 0.93985
718.927 271.322 0.150974 -0.0138054 0.951434
920.764 113.781 0.0291992 -0.180468 0.98105
519.944 120.853 0.0307218 0.144923 0.974985
859.484 51.6009 -0.00880528 -0.110408 0.928298
870.961 268.895 0.154076 -0.148725 0.96328
573.951 337.423 0.204392 0.113235 0.937429
576.932 101.374 0.017201 0.0973263 0.974539
619.201 277.267 0.149835 0.0681968 0.93397
657.525 273.637 0.14872 0.0373231 0.939133
573.867 337.508 0.203575 0.112621 0.935422
527.124 284.221 0.157624 0.148493 0.94376
859.939 309.388 0.192377 -0.143584 0.963914
747.264 378.585 0.248866 -0.038776 0.939376
803.991 384.258 0.234285 -0.0824083 0.903159
528.164 112.849 0.0239187 0.144558 0.994602
579.664 99.5203 0.0154143 0.0967684 0.981431
644.204 171.297 0.0684548 0.0435149 0.944101
580.847 104.205 0.0182565 0.0983991 0.989879
515.94 20.6146 -0.0452878 0.149412 1.01151
540.388 310.45 0.195024 0.156871 0.98054
551.342 79.101 -0.00101081 0.121926 0.996052
906.844 118.424 0.0306203 -0.187681 1.02454
810.9 383.466 0.260932 -0.100205 0.949339
848.347 67.5976 -0.00409111 -0.116383 0.975887
666.971 98.3727 0.0145094 0.0274412 0.993348
719.534 265.988 0.144283 -0.0142012 0.943935
909.063 188.771 0.0805395 -0.150556 0.912407
824.971 79.809 0.0040651 -0.0990184 0.976875
580.463 27.3855 -0.0357998 0.0921786 0.989872
623.226 95.8425 0.0139478 0.0597842 0.971196
480.023 97.0613 0.0134736 0.171781 0.971292
659.774 269.923 0.148975 0.036737 0.951357
604.184 29.8565 -0.0308174 0.0705209 0.972485
816.319 166.919 0.0679173 -0.0928409 0.958886
847.934 1.55531 -0.0520613 -0.11723 0.996474
871.317 293.883 0.171937 -0.145738 0.947506
815.461 166.353 0.0679416 -0.0939071 0.966813
819.301 161.206 0.0630221 -0.0923124 0.947582
659.928 273.05 0.152043 0.0368969 0.95247
643.199 176.586 0.0729613 0.0456281 0.951856
611.375 176.884 0.0747741 0.0763381 0.978239
914.764 187.277 0.087963 -0.189792 0.99226
718.36 29.9128 -0.0322339 -0.0154313 0.986014
915.445 116.839 0.0308714 -0.182438 0.995023
789.849 320.068 0.226072 -0.0918543 1.02307
824.976 179.784 0.0871313 -0.14449 1.12208
509.082 106.939 -0.0848284 0.444956 1.54991
528.361 216.613 0.104811 0.146577 0.964726
840.347 375.138 0.259624 -0.13172 0.961852
622.526 98.9184 0.0161392 0.0604431 0.970756
664.079 94.8411 0.0135677 0.0278239 0.971921
809.579 44.3261 -0.122615 -0.176219 1.38024
791.659 87.5028 0.00869159 -0.0739228 0.98238
735.383 33.0577 -0.160313 -0.0557982 1.43747
722.52 23.8349 -0.228733 -0.0369515 1.56531
771.795 17.5487 -0.168506 -0.115221 1.40661
838.512 44.6603 -0.0725882 -0.175025 1.22208
773.512 12.3843 -0.166205 -0.114244 1.38448
828.719 0.586071 -0.110843 -0.152282 1.20172
796.793 23.4767 -0.232381 -0.196685 1.57493
814.342 32.6943 -0.118623 -0.168516 1.32598
795.72 23.2075 -0.237133 -0.196501 1.58419
609.068 49.1276 -0.0205035 0.0709161 0.98784
780.392 57.2317 -0.114431 -0.133386 1.40672
925.017 189.734 0.0860053 -0.180137 0.95188
821.041 155.897 0.0591377 -0.0932629 0.947103
765.166 397.328 0.276198 -0.0574778 0.950547
790.084 17.6026 -0.229877 -0.175866 1.54907
838.358 392.681 0.296139 -0.141359 0.988036
728.79 15.9964 -0.248632 -0.0509636 1.58124
735.738 36.1327 -0.159692 -0.0571309 1.44703
853.436 152.3 0.0577908 -0.126418 0.974752
807.849 47.0613 -0.120734 -0.174954 1.38532
755.52 63.5171 -0.0796504 -0.0798234 1.32062
825.602 134.632 0.0439841 -0.103206 0.978821
722.349 23.0713 -0.225083 -0.0362432 1.55467
665.994 74.4231 -0.0154343 0.0350616 1.08211
746.986 56.4855 -0.306425 -0.122072 1.85816
532.054 121.906 0.030759 0.143409 0.997252
801.124 67.6272 -0.120631 -0.187319 1.4719
806.502 1.55884 -0.0612697 -0.0918144 1.03404
521.23 103.852 0.0183068 0.142451 0.976706
793.168 86.0528 0.00724763 -0.0758538 0.986936
847.761 66.195 -0.00571077 -0.117313 0.981325
621.233 97.2311 0.015393 0.0602293 0.964167
622.672 272.973 0.150593 0.0681826 0.949251
764.384 397.147 0.277802 -0.0571282 0.953382
859.407 379.981 0.268863 -0.153478 0.967779
543.708 140.788 0.0457726 0.124791 0.965224
863.094 308.049 0.188607 -0.14381 0.957296
546.268 145.361 0.0493176 0.127954 0.979128
802.257 14.4869 -0.219616 -0.192646 1.51677
769.643 28.4505 -0.174448 -0.120219 1.45798
792.033 9.2799 -0.225913 -0.171039 1.51329
728.94 0.673923 -0.247574 -0.0485832 1.53006
803.484 76.451 0.00259209 -0.0799353 0.966282
558.795 392.2 0.157094 0.0711763 0.762481
606.195 396.608 0.281531 0.0996068 0.964516
854.097 70.8122 -0.00427122 -0.127152 0.996904
649.6 37.5039 -0.0280788 0.0384655 0.987996
650.415 38.2672 -0.0286473 0.0385407 0.994326
591.54 382.174 0.245719 0.101305 0.931734
490.237 26.6168 -0.0392562 0.166873 1.00109
624.297 100.205 0.0162528 0.0611058 0.982584
659.614 192.904 0.0946645 0.0444169 1.04902
710.343 71.1261 -0.00390934 -0.00879484 0.984657
885.274 181.191 0.0809856 -0.155736 0.974315
520.184 404.34 0.313548 0.208157 1.00137
602.603 403.407 0.266181 0.0929828 0.928945
799.992 400.154 0.271573 -0.0881812 0.937644
867.279 381.286 0.248585 -0.145785 0.930871
506.53 401.982 0.28694 0.20087 0.965954
758.833 38.5041 -0.294127 -0.14168 1.75759
649.924 194.147 0.0851496 0.0396883 0.940232
790.903 91.0511 0.0107013 -0.0744879 0.988651
801.157 399.869 0.269112 -0.0884266 0.93429
532.809 280.496 0.160549 0.151931 0.964351
664.008 93.6622 0.0127497 0.027823 0.971761
802.378 403.055 0.267778 -0.0879743 0.926999
858.505 3.66673 -0.064721 -0.142824 1.05579
559.476 145.84 0.0370865 0.0565516 0.756132
506.163 9.34587 -0.0459194 0.14376 0.978602
489.036 105.503 0.0175881 0.178666 1.00016
775.662 47.2946 -0.145133 -0.132175 1.45298
745.348 11.0756 -0.224038 -0.0798933 1.51328
743.127 377.627 0.245559 -0.0346514 0.935453
857.218 417.475 0.318553 -0.159735 0.974844
859.94 313.579 0.195181 -0.142796 0.960551
781.947 9.39697 -0.241716 -0.157716 1.54702
768.831 401.995 0.269306 -0.058292 0.931901
816.567 49.8324 -0.212812 -0.262212 1.63282
784.589 328.211 0.200163 -0.070803 0.940972
767.935 401.354 0.263855 -0.0563344 0.924561
847.034 36.7498 -0.0284892 -0.119061 0.997316
665.563 33.513 -0.0288507 0.0250358 0.977806
715.18 181.107 0.0732098 -0.0108345 0.910879
773.16 404.208 0.262431 -0.0600113 0.917698
756.792 27.5661 -0.250215 -0.117617 1.62599
751.875 66.507 -0.117414 -0.0889579 1.45461
649.585 171.443 0.0701327 0.0422014 0.966757
569.208 32.1608 -0.0330371 0.101843 0.991733
666.854 92.467 0.0118688 0.0256214 0.972628
719.487 398.088 0.273602 -0.0133376 0.946396
511.488 20.4517 -0.0420191 0.146946 0.995013
679.313 438.7 0.312955 0.0260169 0.937673
718.814 402.525 0.269842 -0.0124463 0.933116
781.655 373.86 0.245451 -0.0703758 0.941047
569.259 32.444 -0.0336803 0.103011 0.996273
656.288 612.471 0.177621 0.0143504 0.643965
597.295 441.065 0.268829 0.0861178 0.878364
534.964 281.732 0.16272 0.151644 0.967712
730.06 562.36 0.206118 -0.0127631 0.697903
811.998 613.949 0.176881 -0.038198 0.641487
766.357 432.828 0.305383 -0.0576229 0.934653
576.329 53.0187 -0.0181248 0.0970388 0.987861
654.362 568.066 0.203937 0.0196195 0.693044
562.265 361.574 0.21847 0.119797 0.919513
715.887 220.532 0.142526 -0.0148382 1.21543
565.18 16.0053 -0.0429686 0.102456 0.987427
528.565 409.863 0.314021 0.194507 0.991294
633.297 403.682 0.25764 0.0621103 0.914497
918.657 109.517 0.0257687 -0.180367 0.986007
526.137 375.515 0.157359 0.0934197 0.781647
632.81 405.793 0.25958 0.0626429 0.914213
799.681 429.582 0.312242 -0.0926196 0.947875
836.298 18.5478 -0.0367404 -0.104021 0.975438
801.367 399.186 0.268015 -0.088432 0.933718
597.543 383.603 0.251409 0.0983089 0.938828
608.847 471.631 0.371189 0.105475 0.958917
606.458 432.381 0.305215 0.0959323 0.938914
685.075 406.547 0.255007 0.0165759 0.90479
622.594 277.307 0.153023 0.0676076 0.94455
714.651 189.55 0.0937211 -0.0121786 1.0727
720.033 29.7593 -0.0331031 -0.0168379 0.990306
849.098 70.8718 -0.00332207 -0.120809 0.988947
631.328 532.333 0.349028 0.0627062 0.862498
492.928 439.417 0.337771 0.229011 0.972665
501.126 435.842 0.350845 0.234287 0.994974
513.2 434.565 0.370809 0.238008 1.02191
825.072 132.612 0.0423442 -0.104711 0.987325
683.237 461.552 0.959823 0.110992 1.48407
811.288 384.912 0.260188 -0.0996417 0.94548
651.517 196.126 0.0880662 0.0400193 0.952164
584.831 54.6522 -0.013508 0.0848099 0.963575
515.018 433.672 0.375188 0.240233 1.02896
714.951 150.946 0.0508298 -0.0103694 0.873323
710.806 66.2678 -0.00450815 -0.00905489 0.961186
855.144 548.159 0.218795 -0.0729613 0.718662
687.069 403.365 0.26678 0.0163828 0.92783
716.864 213.738 0.136932 -0.0172283 1.27517
585.71 464.932 0.498502 0.195646 1.10143
546.727 450.387 0.402525 0.206075 1.02958
498.602 438.349 0.34585 0.230657 0.984456
788.79 331.047 0.202366 -0.0743872 0.939702
867.445 320.291 0.200728 -0.149365 0.957695
848.832 400.618 0.273127 -0.134022 0.938006
530.367 187.673 0.0838549 0.152074 0.992816
892.547 183.43 0.0805226 -0.152203 0.949158
959.419 51.5334 -0.0157665 -0.207141 0.987963
603.62 433.507 0.306565 0.0988439 0.939039
835.793 462.296 0.366166 -0.13804 0.961887
538.774 318.343 0.199041 0.155173 0.970258
546.841 69.1653 -0.00606048 0.119172 0.978899
790.421 93.158 0.0120078 -0.0746305 0.9914
917.317 189.845 0.0888246 -0.186017 0.978447
814.716 451.12 0.279958 -0.0885456 0.875843
833.079 429.699 0.339943 -0.138599 0.982766
605.724 396.715 0.279051 0.098833 0.960433
609.801 152.367 0.0557717 0.0809647 1.00277
669.084 187.83 0.0803027 0.101213 1.5732
539.084 304.889 0.188231 0.155749 0.977308
720.398 477.306 0.35581 -0.0133582 0.931948
842.438 151.936 0.057586 -0.119365 0.982181
648.315 443.327 0.307389 0.0538129 0.924478
842.477 377.586 0.261245 -0.133383 0.959904
620.602 11.17 -0.0498018 0.0626342 1.00663
588.977 4.36106 -0.0528594 0.0857665 0.998742
853.712 415.372 0.329456 -0.163771 0.993572
544.005 87.5005 0.00733806 0.121025 0.971828
782.998 551.167 0.215259 -0.0379758 0.713759
665.608 43.2808 -0.0268599 0.0274769 1.00492
752.186 382.724 0.234172 -0.0399448 0.906725
849.951 63.0547 -0.00641862 -0.115587 0.969532
531.335 282.483 0.159464 0.149375 0.954712
659.776 38.817 -0.0253262 0.0295954 0.977334
554.715 90.4588 0.00755616 0.119614 0.993641
631.387 408.78 0.258206 0.0626666 0.907549
707.002 10.8211 -0.0234909 -0.00655572 0.860995
677.339 478.471 0.32982 0.0262158 0.903156
849.27 30.6542 -0.0303014 -0.116897 0.984172
921.816 113.463 0.0291186 -0.17976 0.977535
920.124 192.536 0.0902429 -0.18514 0.970582
787.459 330.189 0.200157 -0.0725747 0.936541
932.365 322.426 0.290434 -0.341596 1.16275
767.158 435.825 0.300152 -0.0567483 0.923335
716.847 236.029 0.057697 -0.00797119 0.683916
686.361 429.848 0.309717 0.0195627 0.946897
890.034 357.241 0.23742 -0.174282 0.955098
882.402 356.551 0.249415 -0.178459 0.979811
833.018 381.924 0.249496 -0.11546 0.932214
847.354 460.529 0.383612 -0.159652 0.983448
563.105 638.358 0.147396 0.036198 0.603759
598.454 403.41 0.261159 0.0943312 0.92125
843.473 151.513 0.0569843 -0.117124 0.971363
716.269 165.937 0.00693075 -0.00554173 0.547134
650.429 55.4515 -0.0188974 0.0408675 1.00854
870.94 272.041 0.154657 -0.145999 0.955311
867.939 294.428 0.177305 -0.148375 0.961826
515.13 408.199 0.305203 0.203032 0.981879
567.477 614.379 0.17551 0.0439039 0.641638
854.26 394.221 0.274801 -0.143636 0.951413
759.221 434.676 0.324001 -0.0537758 0.9561
551.949 91.6169 0.00855211 0.121426 0.991765
804.154 433.3 0.330424 -0.102185 0.965383
653.474 180.147 0.0774868 0.0402013 0.973121
721.725 8.91413 -0.0408664 -0.0174053 0.960701
670.113 233.478 0.155685 0.0504263 1.17929
546.934 15.5081 -0.0249518 0.0867219 0.881049
820.083 248.693 0.238443 -0.317389 1.58973
886.889 118.789 0.0318843 -0.160139 0.999876
533.881 292.121 0.177338 0.160919 0.982766
844.071 122.67 0.0349753 -0.119289 0.984832
791.44 12.9231 -0.0418463 -0.0709326 0.981152
548.477 70.2588 -0.00711806 0.122606 0.993742
844.488 148.287 0.0545676 -0.118267 0.973283
613.823 470.112 0.377602 0.102916 0.96795
658.67 275.353 0.15191 0.0371775 0.945017
664.779 66.4581 -0.00866242 0.0280236 0.993043
590.889 7.05622 -0.0522842 0.0856428 1.00421
637.099 243.118 0.158345 0.0855446 1.11919
624.164 203.183 0.103651 0.0802444 1.04257
715.448 202.283 0.108305 -0.0130822 1.0886
615.955 78.3424 -0.0105844 0.0826741 1.06897
637.866 433.804 0.302568 0.0644532 0.932495
824.528 138.162 0.0466662 -0.102561 0.978928
507.229 407.914 0.290925 0.198867 0.961434
676.033 443.572 0.304452 0.0274724 0.919776
622.502 64.66 -0.00942893 0.0609905 0.986266
715.301 150.561 0.054267 -0.0116403 0.947914
910.579 28.3845 -0.0263796 -0.153452 0.95535
641.354 164.757 0.0593347 0.0372928 0.883424
566.621 615.777 0.174954 0.0439297 0.640479
605.601 430.659 0.308596 0.0988197 0.946109
719.47 31.405 -0.0345653 -0.016719 1.0042
845.767 457.876 0.383601 -0.159244 0.987686
702.846 338.042 0.205495 0.000895326 0.934543
604.021 433.768 0.309756 0.0997154 0.942836
858.631 33.7451 -0.0284059 -0.124805 0.985617
712.237 116.83 0.00224572 -0.00521373 0.561869
725.823 438.644 0.311905 -0.0189244 0.935321
870.834 607.62 0.180705 -0.0597074 0.647669
642.559 267.198 0.109986 0.0324987 0.821672
819.971 264.974 0.242699 -0.229995 1.36009
714.224 187.383 0.0897839 -0.0114905 1.04537
567.241 153.536 0.0154644 0.0242329 0.598514
639.442 174.575 0.0637967 0.0368536 0.867576
610.272 198.258 0.0883485 0.0716788 0.944401
864.46 201.466 0.100373 -0.148528 0.998642
724.822 438.053 0.317721 -0.0182371 0.943666
602.921 174.835 0.0678908 0.0684483 0.910904
715.08 152.351 0.0179055 -0.0064407 0.610139
612.726 214.988 0.101207 0.0707752 0.943506
909.575 130.557 0.0120831 -0.343015 1.32916
792.396 16.5629 -0.040713 -0.0727739 0.987385
854.305 151.25 0.0570212 -0.127453 0.976052
505.107 403.538 0.287882 0.201874 0.96464
640.957 77.2193 -0.00082837 0.0474318 0.989867
800.706 402.058 0.266266 -0.0862302 0.926333
867.191 384.158 0.250964 -0.145667 0.929917
584.77 103.264 0.0197688 0.0865382 0.955016
718.823 402.022 0.264433 -0.0123365 0.925594
694.284 397.123 0.446681 0.0279267 1.20166
846.409 388.143 0.31854 -0.167191 1.03192
532.947 63.307 -0.00318665 0.109383 0.917184
560.619 90.7502 0.00404214 0.125885 1.03047
855.157 148.914 0.0550314 -0.125463 0.967902
756.43 28.9147 -0.249973 -0.117453 1.63037
623.058 203.234 0.110153 0.249049 1.6463
514.003 3.34242 -0.0460687 0.131411 0.961695
643.076 179.642 0.0756884 0.0465874 0.956867
723.233 44.4516 -0.240463 -0.0420581 1.66821
797.823 395.37 0.284011 -0.0924669 0.965302
718.289 35.5317 -0.0310833 -0.0156641 1.00079
614.374 204.596 0.0959858 0.0732107 0.965161
579.05 105.328 0.0192618 0.0992391 0.987042
801.743 82.6063 0.00560556 -0.0812099 0.979088
840.09 394.498 0.288954 -0.137971 0.973393
757.455 44.7746 -0.27559 -0.13687 1.74541
739.325 43.2225 -0.288418 -0.0896422 1.76434
586.771 98.3397 0.0147318 0.090622 0.980048
605.939 37.886 -0.0272323 0.0715757 0.982337
718.513 271.33 0.150696 -0.0134323 0.950441
868.443 321.482 0.199323 -0.14793 0.95145
908.531 115.418 0.0300688 -0.172932 0.986696
621.219 279.791 0.155849 0.0694381 0.946809
658.198 276.893 0.153842 0.0379059 0.947046
684.143 398.819 0.272036 0.0201081 0.943626
539.489 305.458 0.189262 0.156022 0.978583
576.657 337.257 0.208912 0.114433 0.947819
515.898 101.587 0.0170561 0.143996 0.970378
