636.105 259.854 0.175527 0.0354752 0.740317
849.492 114.26 0.114315 -0.0693179 0.773257
906.459 310.758 0.217699 -0.110313 0.767255
614.324 122.008 0.11399 0.0425701 0.752565
585.78 264.011 0.179516 0.0610084 0.746449
719.985 252.806 0.174659 -0.00501102 0.746086
516.392 5.70532 0.0668786 0.0812564 0.758066
581.967 258.643 0.171649 0.0595909 0.732459
519.791 10.2199 0.0684722 0.0820667 0.765926
731.885 257.805 0.265248 -0.505432 4.9399
718.837 250.093 -0.0827244 -0.140806 5.49347
900.598 74.001 0.0952985 -0.086231 0.755395
636.638 248.098 0.167195 0.0340487 0.733228
725.909 218.085 -0.110514 -0.222045 3.94519
522.503 343.84 0.218586 0.0955251 0.737894
534.448 5.96588 0.0667425 0.0765863 0.770764
920.008 71.2513 0.0931074 -0.0893001 0.739415
721.333 240.496 0.161315 -0.00484298 0.724787
611.159 109.924 0.10592 0.0404967 0.729343
720.583 251.297 0.177036 -0.00564255 0.7551
590.803 140.12 0.0412438 0.428139 1.91829
823.729 334.336 0.200938 -0.0506177 0.708826
532.551 416.033 0.230592 0.0806383 0.692228
614.837 104.893 0.104684 0.039572 0.735257
916.507 301.556 0.205545 -0.108805 0.752737
856.839 98.9927 0.106094 -0.0688022 0.760086
723.301 239.728 0.161205 -0.0057522 0.725486
583.68 260.858 0.174179 0.0597259 0.736362
927.839 319.401 0.210567 -0.111448 0.741579
585.315 260.282 0.174237 0.0591171 0.737272
814.343 327.18 0.231873 -0.0614818 0.776845
564.768 132.908 0.120766 0.0688584 0.768274
584.998 7.35498 0.0675833 0.0533908 0.765576
513.59 343.675 0.208541 0.0931827 0.719406
868.332 62.6413 0.0911552 -0.0747228 0.768469
888.49 90.7718 0.104197 -0.0885567 0.777851
852.331 108.802 0.111186 -0.0689861 0.767457
914.084 307.365 0.208527 -0.107704 0.751971
877.95 44.2353 0.0828729 -0.0727011 0.748222
944.318 137.772 0.126303 -0.119041 0.775965
755.181 398.176 0.24913 -0.022765 0.730604
636.654 252.153 0.171164 0.0348071 0.73891
616.986 420.837 0.289802 0.0578682 0.768475
775.961 414.107 0.304762 -0.0444062 0.792037
907.241 398.677 0.275505 -0.11903 0.765466
507.589 345.625 0.20392 0.0922908 0.708958
847.219 406.907 0.259189 -0.0732579 0.735466
746.103 395.764 0.275719 -0.0219142 0.772153
862.776 407.655 0.328368 -0.117796 0.82875
720.814 419.087 0.291551 -0.00630588 0.770444
634.494 253.945 0.169415 0.0350221 0.731524
907.6 82.3542 0.0996323 -0.0933833 0.76595
932.382 364.583 0.267531 -0.143518 0.791032
817.558 413.124 0.309339 -0.0743625 0.798251
587.76 15.2649 0.0705405 0.0539408 0.774723
855.47 98.5589 0.105826 -0.0679626 0.759354
893.795 398.856 0.256844 -0.0992883 0.738743
899.791 91.5075 0.104883 -0.0953932 0.781572
673.016 426.064 0.272281 0.0213585 0.739164
817.63 332.129 0.233247 -0.0627749 0.773164
614.437 423.211 0.2818 0.0568386 0.755552
612.107 92.5804 0.0984004 0.0387029 0.722213
905.208 22.9927 0.0747904 -0.0931355 0.779206
753.838 397.404 0.250713 -0.022385 0.73368
862.469 387.059 0.280645 -0.0985111 0.7865
903.065 42.1161 0.0829339 -0.0949981 0.78468
713.24 136.335 0.141414 -0.0066433 0.935958
562.29 109.565 0.107797 0.0643096 0.747394
941.282 248.586 0.168736 -0.107135 0.730561
713.396 144.286 0.139039 -0.00480883 0.85476
540.211 495.321 0.264676 0.0787424 0.679495
797.3 492.24 0.262838 -0.036978 0.675843
542.686 445.931 0.240691 0.0755451 0.683903
543.335 490.698 0.25817 0.07551 0.675118
844.749 441.915 0.240958 -0.0578965 0.682729
577.496 416.63 0.301506 0.0880988 0.789318
554.538 119.187 0.111165 0.0671237 0.742656
817.479 331.456 0.204097 -0.0496813 0.717864
927.018 328.448 0.224405 -0.119595 0.758316
557.654 543.247 0.324232 0.084373 0.707381
498.966 560.158 0.377599 0.137525 0.74216
845.215 487.14 0.290212 -0.0686691 0.708417
895.073 534.911 0.316831 -0.0959632 0.700891
893.087 423.992 0.273497 -0.101167 0.738618
897.402 532.599 0.335201 -0.105876 0.719061
888.392 525.938 0.324876 -0.097797 0.714526
836.5 431.06 0.259624 -0.0629408 0.715379
900.76 428.771 0.266512 -0.0999394 0.725184
934.566 408.261 0.239175 -0.105577 0.704425
901.208 516.171 0.342277 -0.115652 0.737606
543.055 492.48 0.253644 0.0736594 0.668869
925.289 404.492 0.250192 -0.109766 0.72348
681.276 433.63 0.272616 0.0166255 0.732787
503.006 409.458 0.379881 0.198668 0.903737
502.016 376.255 0.22331 0.0995859 0.714663
893.111 485.435 0.293362 -0.0953765 0.712272
611.776 583.45 0.356939 0.0580963 0.707599
928.659 465.399 0.279605 -0.111753 0.711402
853.086 495.028 0.280121 -0.0676551 0.691966
857.013 495.478 0.295511 -0.0752443 0.707827
618.16 120.204 0.114088 0.0416185 0.759156
779.813 419.681 0.288606 -0.0422561 0.764753
918.818 320.893 0.220071 -0.11464 0.759087
722.098 489.095 0.271388 -0.00378816 0.68842
733.545 548.602 0.215671 -0.00362733 0.596624
792.346 435.554 0.255468 -0.0389964 0.707086
914.656 362.047 0.293464 -0.155029 0.836925
563.343 398.936 0.255214 0.0803861 0.742385
790.679 545.874 0.318378 -0.0399937 0.696738
675.914 488.392 0.256974 0.0170831 0.673409
916.21 458.128 0.294998 -0.116272 0.735121
863.677 70.5887 0.0951834 -0.0761592 0.780687
671.861 442.683 0.245655 0.0190687 0.690803
644.794 12.0109 0.0693748 0.0281757 0.776999
554.655 402.118 0.255682 0.0846389 0.740209
659.882 556.424 0.291106 0.0253104 0.667525
486.247 381.344 0.20956 0.0963213 0.687909
592.962 445.085 0.246199 0.0550385 0.690934
582.364 251.674 0.166756 0.0581731 0.72817
762.1 403.669 0.236252 -0.0235136 0.706745
666.068 502.091 0.25158 0.0205836 0.65914
548.926 609.069 0.333208 0.0825235 0.674791
711.42 45.4902 0.0743828 0.00130962 0.634321
654.201 626.107 0.240651 0.0214062 0.590251
568.721 574.686 0.372397 0.0885493 0.726301
544.854 493.261 0.263558 0.0765162 0.679515
488.387 94.4191 0.108221 0.130058 0.847303
490.383 147.674 0.0879503 0.0505271 0.580572
594.328 59.7018 0.078697 0.0340249 0.642548
636.6 256.949 0.173936 0.0351045 0.739963
618.085 91.7459 0.0981446 0.0363449 0.722507
715.488 192.485 0.206034 -0.011763 1.07339
957.039 35.5402 0.0802933 -0.120181 0.783198
631.901 158.242 0.134884 0.0386167 0.778528
599.951 487.391 0.27229 0.0544098 0.692383
541.438 494.216 0.263358 0.0778405 0.678723
837.464 433.687 0.259917 -0.0630623 0.713617
833.33 430.538 0.265506 -0.0636359 0.723543
587.267 490.134 0.255 0.0553085 0.671278
535.975 11.4266 0.0688002 0.0772965 0.775416
870.314 59.9992 0.0900787 -0.07575 0.769302
579.234 252.36 0.165029 0.0584102 0.72242
884.966 394.629 0.395867 -0.188295 0.936029
848.796 493.799 0.281424 -0.0662355 0.694256
740.674 503.771 0.28286 -0.0128939 0.690677
928.016 319.518 0.210763 -0.111666 0.741836
719.915 264.382 0.241254 -0.0111088 0.915257
899.283 514.706 0.349532 -0.118368 0.745484
893.249 506.96 0.359929 -0.121742 0.761568
721.301 486.941 0.270858 -0.00344558 0.689296
714.992 163.816 0.152855 -0.00607347 0.86604
892.619 250.066 0.207619 -0.126977 0.842945
817.417 5.40077 0.0669289 -0.0528827 0.787563
634.087 95.5375 0.0822481 0.111912 1.3006
712.842 141.972 0.135386 -0.0040295 0.83621
567.28 146.92 0.123237 0.0632147 0.744153
569.804 148.729 0.123143 0.0611455 0.73914
891.095 308.305 0.235468 -0.118116 0.808725
716.818 77.1544 -0.115132 -0.0369648 1.89022
726.056 207.444 -0.10955 -0.194314 3.60603
822.558 334.566 0.203971 -0.0513894 0.714409
521.976 15.8988 0.0706374 0.0825915 0.770463
