721.451 396.449 0.275262 -0.0130423 0.949748
641.428 397.028 0.275384 0.0635513 0.951179
605.367 179.518 0.0778475 0.079124 0.960859
798.321 370.323 0.25145 -0.0860327 0.955198
790.934 328.155 0.202099 -0.0739116 0.941244
721.08 269.295 0.15165 -0.0136569 0.952829
923.9 110.531 0.0298749 -0.180319 0.982444
521.274 118.439 0.0313976 0.145072 0.976379
862.505 47.7587 -0.00812951 -0.110259 0.929692
873.793 266.692 0.154751 -0.148576 0.964675
575.681 335.846 0.205068 0.113383 0.938823
578.425 98.729 0.0178768 0.0974748 0.975934
621.047 275.332 0.15051 0.0683453 0.935365
659.486 271.653 0.149396 0.0374716 0.940528
575.602 335.924 0.204251 0.112769 0.936816
528.683 282.483 0.158299 0.148641 0.945155
862.686 307.443 0.193053 -0.143436 0.965308
749.564 377.04 0.249542 -0.0386276 0.940771
806.695 382.554 0.234961 -0.0822598 0.904553
529.464 110.467 0.0245945 0.144707 0.995996
581.146 96.8923 0.01609 0.0969169 0.982826
646.07 168.782 0.0691306 0.0436634 0.945496
582.313 101.642 0.0189323 0.0985476 0.991274
517.085 17.8134 -0.044612 0.149561 1.01291
541.91 308.953 0.1957 0.15702 0.981934
552.68 76.4855 -0.000335038 0.122075 0.997446
909.722 115.412 0.0312961 -0.187533 1.02593
813.429 381.926 0.261608 -0.100057 0.950734
851.083 64.1488 -0.00341534 -0.116235 0.977281
668.743 95.6083 0.0151852 0.0275896 0.994742
721.718 263.899 0.144959 -0.0140527 0.94533
912.405 185.747 0.0812152 -0.150408 0.913801
827.567 76.5033 0.00474087 -0.09887 0.978269
581.879 24.3594 -0.035124 0.092327 0.991266
624.893 93.0498 0.0146236 0.0599327 0.97259
481.231 94.5788 0.0141494 0.171929 0.972686
661.7 267.969 0.149651 0.0368854 0.952752
605.741 26.6977 -0.0301416 0.0706693 0.973879
818.919 164.137 0.0685931 -0.0926925 0.96028
874.204 291.769 0.172613 -0.145589 0.9489
818.023 163.605 0.0686174 -0.0937587 0.968207
821.966 158.328 0.0636979 -0.0921639 0.948977
661.852 271.117 0.152719 0.0370454 0.953864
645.036 174.142 0.0736371 0.0457766 0.95325
613.016 174.621 0.0754498 0.0764866 0.979633
917.775 184.595 0.0886388 -0.189643 0.993654
720.369 26.5518 -0.0315581 -0.0152829 0.987409
918.489 113.682 0.0315472 -0.182289 0.996417
792.041 318.459 0.226748 -0.0917059 1.02446
827.083 177.635 0.087807 -0.144341 1.12347
509.726 105.932 -0.0841526 0.445105 1.5513
529.819 214.639 0.105487 0.146726 0.966121
842.966 373.572 0.2603 -0.131571 0.963247
624.193 96.1437 0.016815 0.0605915 0.97215
665.907 91.959 0.0142435 0.0279723 0.973315
811.133 41.9354 -0.12194 -0.17607 1.38164
794.051 84.3488 0.00936736 -0.0737744 0.983775
736.537 30.9065 -0.159637 -0.0556497 1.43886
723.484 21.8377 -0.228057 -0.0368031 1.56671
773.136 15.1504 -0.16783 -0.115073 1.40801
840.484 41.8956 -0.0719124 -0.174876 1.22348
774.89 9.91493 -0.165529 -0.114096 1.38587
798.055 21.2453 -0.231705 -0.196537 1.57633
816.001 30.1291 -0.117947 -0.168367 1.32738
796.968 20.9874 -0.236457 -0.196353 1.58559
610.608 46.1598 -0.0198277 0.0710645 0.989234
781.775 55.0408 -0.113756 -0.133237 1.40812
928.263 186.881 0.086681 -0.179988 0.953275
823.719 152.978 0.0598135 -0.0931144 0.948497
767.489 395.898 0.276874 -0.0573294 0.951941
791.34 15.3311 -0.229202 -0.175718 1.55047
840.854 391.288 0.296815 -0.141211 0.98943
729.759 13.9533 -0.247956 -0.0508152 1.58263
736.882 34.0114 -0.159016 -0.0569824 1.44842
856.178 149.424 0.0584665 -0.126269 0.976147
809.388 44.6998 -0.120058 -0.174806 1.38672
756.921 61.2906 -0.0789746 -0.079675 1.32202
828.179 131.71 0.0446599 -0.103057 0.980216
723.322 21.0582 -0.224407 -0.0360948 1.55607
667.51 71.874 -0.0147585 0.03521 1.08351
747.824 54.8298 -0.305749 -0.121923 1.85956
533.367 119.578 0.0314348 0.143557 0.998646
802.52 65.5241 -0.119956 -0.187171 1.47329
522.545 101.348 0.0189826 0.142599 0.978101
795.551 82.9067 0.00792341 -0.0757054 0.988331
850.472 62.7633 -0.00503499 -0.117164 0.982719
622.915 94.4156 0.0160688 0.0603777 0.965561
624.479 271.077 0.151269 0.068331 0.950645
766.692 395.726 0.278478 -0.0569797 0.954776
862.091 378.443 0.269539 -0.15333 0.969173
545.148 138.39 0.0464484 0.12494 0.966619
865.887 306.068 0.189283 -0.143662 0.958691
547.683 143.049 0.0499934 0.128103 0.980522
803.604 12.1209 -0.218941 -0.192497 1.51817
770.911 26.197 -0.173772 -0.120071 1.45937
793.335 6.91183 -0.225238 -0.170891 1.51469
806.004 73.1176 0.00326786 -0.0797869 0.967676
561.219 389.946 0.15777 0.0713247 0.763875
607.957 395.343 0.282207 0.0997553 0.965911
856.782 67.4698 -0.00359545 -0.127004 0.998298
651.295 34.3675 -0.0274031 0.038614 0.989391
652.095 35.1652 -0.0279716 0.0386892 0.995721
593.354 380.754 0.246395 0.101453 0.933129
491.337 23.8618 -0.0385804 0.167021 1.00249
625.935 97.4922 0.0169285 0.0612542 0.983979
661.231 190.913 0.0953402 0.0445653 1.05041
712.325 68.0528 -0.00323357 -0.0086464 0.986051
888.187 178.448 0.0816614 -0.155587 0.97571
521.707 403.269 0.314224 0.208305 1.00276
604.463 402.057 0.266857 0.0931313 0.93034
802.513 398.668 0.272248 -0.0880327 0.939038
870.164 379.619 0.249261 -0.145637 0.932265
508.099 400.817 0.287616 0.201019 0.967349
759.779 36.6437 -0.293451 -0.141532 1.75898
651.833 191.738 0.0858254 0.0398367 0.941626
793.266 87.9515 0.0113771 -0.0743395 0.990046
803.698 398.368 0.269788 -0.0882782 0.935685
534.329 278.818 0.161225 0.152079 0.965745
665.835 90.7721 0.0134255 0.0279714 0.973155
804.954 401.543 0.268454 -0.0878259 0.928394
861.025 0.0764656 -0.0640452 -0.142676 1.05719
561.854 141.854 0.0377623 0.0567 0.757526
507.344 6.32839 -0.0452436 0.143908 0.979997
490.216 103.188 0.0182638 0.178815 1.00155
776.965 45.125 -0.144457 -0.132026 1.45437
746.448 8.87054 -0.223363 -0.0797449 1.51467
745.427 376.066 0.246235 -0.034503 0.936847
859.837 416.153 0.319229 -0.159587 0.976238
862.699 311.646 0.195857 -0.142648 0.961946
783.166 7.10146 -0.24104 -0.157567 1.54842
771.242 400.521 0.269982 -0.0581436 0.933296
817.87 47.746 -0.212136 -0.262064 1.63421
787.057 326.372 0.200839 -0.0706546 0.942367
770.373 399.851 0.264531 -0.056186 0.925956
849.686 33.182 -0.0278135 -0.118912 0.99871
667.359 30.2606 -0.0281749 0.0251842 0.979201
717.48 178.354 0.0738855 -0.0106861 0.912274
480.905 196.842 0.0929486 0.196968 0.990224
775.649 402.691 0.263107 -0.0598629 0.919093
757.833 25.5407 -0.249539 -0.117469 1.62738
753.081 64.5167 -0.116738 -0.0888094 1.456
651.396 169.028 0.0708085 0.0423499 0.968151
570.582 29.201 -0.0323614 0.101992 0.993128
668.691 89.5674 0.0125446 0.0257698 0.974022
721.651 396.684 0.274278 -0.0131892 0.947791
512.657 17.577 -0.0413434 0.147095 0.996408
681.37 437.472 0.313631 0.0261654 0.939067
721.025 401.096 0.270518 -0.0122978 0.93451
784.094 372.267 0.246127 -0.0702273 0.942442
570.621 29.5088 -0.0330046 0.10316 0.997667
660.235 610.42 0.178296 0.0144989 0.645359
599.326 439.688 0.269504 0.0862662 0.879758
536.482 280.07 0.163396 0.151793 0.969106
733.786 560.501 0.206794 -0.0126147 0.699297
816.93 611.831 0.177556 -0.0380495 0.642881
768.734 431.512 0.306059 -0.0574745 0.936047
577.753 50.151 -0.017449 0.0971872 0.989256
657.748 566.227 0.204613 0.019768 0.694438
564.03 360.045 0.219145 0.119945 0.920907
717.342 219.008 0.143201 -0.0146898 1.21683
566.54 12.9321 -0.0422928 0.102604 0.988822
530.123 408.778 0.314697 0.194656 0.992688
635.291 402.258 0.258316 0.0622587 0.915892
921.761 106.263 0.0264445 -0.180218 0.987402
528.327 373.342 0.158034 0.0935681 0.783041
634.805 404.377 0.260256 0.0627913 0.915607
802.143 428.274 0.312918 -0.0924712 0.94927
838.978 14.7677 -0.0360646 -0.103872 0.976833
803.911 397.68 0.268691 -0.0882835 0.935113
599.352 382.209 0.252085 0.0984573 0.940222
610.657 470.619 0.371865 0.105623 0.960312
608.308 431.175 0.30589 0.0960808 0.940308
687.276 405.058 0.255683 0.0167243 0.906184
624.417 275.413 0.153699 0.067756 0.945944
716.405 187.519 0.0943969 -0.0120302 1.0741
722.034 26.4145 -0.0324273 -0.0166894 0.9917
851.785 67.5054 -0.0026463 -0.120661 0.990342
633.534 531.25 0.349704 0.0628546 0.863893
494.504 438.396 0.338446 0.229159 0.974059
502.669 434.86 0.351521 0.234436 0.996368
514.71 433.632 0.371484 0.238156 1.0233
827.614 129.713 0.0430199 -0.104562 0.98872
684.318 461.09 0.960499 0.11114 1.48546
813.835 383.366 0.260864 -0.0994933 0.946875
653.391 193.783 0.088742 0.0401677 0.953559
586.355 51.6482 -0.0128322 0.0849583 0.964969
516.517 432.751 0.375863 0.240382 1.03036
717.424 147.767 0.0515056 -0.010221 0.874717
712.873 63.0434 -0.00383237 -0.00890644 0.96258
859.357 546.337 0.219471 -0.0728128 0.720057
689.187 401.946 0.267455 0.0165313 0.929225
718.221 212.291 0.137607 -0.0170799 1.27657
587.18 464.178 0.499178 0.195795 1.10283
548.269 449.494 0.403201 0.206224 1.03097
500.163 437.35 0.346526 0.230805 0.98585
791.282 329.214 0.203042 -0.0742387 0.941096
870.251 318.377 0.201403 -0.149217 0.95909
851.578 399.097 0.273803 -0.133874 0.939401
531.74 185.673 0.0845307 0.152222 0.994211
895.612 180.578 0.0811984 -0.152054 0.950552
605.462 432.308 0.30724 0.0989924 0.940434
838.333 461.162 0.366842 -0.137892 0.963281
540.322 316.845 0.199717 0.155322 0.971652
548.201 66.4165 -0.00538471 0.11932 0.980294
792.772 90.086 0.0126836 -0.074482 0.992795
920.399 187.121 0.0895003 -0.185868 0.979842
817.571 449.651 0.280634 -0.0883972 0.877238
835.548 428.474 0.340619 -0.138451 0.984161
607.496 395.439 0.279727 0.0989815 0.961828
611.356 150.076 0.0564475 0.0811131 1.00417
669.967 186.754 0.0809784 0.101362 1.57459
540.606 303.359 0.188907 0.155898 0.978702
722.603 476.199 0.356485 -0.0132097 0.933343
845.089 149.11 0.0582617 -0.119217 0.983575
650.326 442.094 0.308065 0.0539614 0.925872
845.113 376.024 0.261921 -0.133235 0.961298
622.112 8.02618 -0.049126 0.0627826 1.00803
590.385 1.21347 -0.0521836 0.085915 1.00014
856.243 414.095 0.330131 -0.163623 0.994966
545.388 84.8299 0.00801384 0.121173 0.973223
786.849 549.351 0.215935 -0.0378273 0.715153
667.32 40.2257 -0.0261841 0.0276254 1.00631
754.643 381.071 0.234847 -0.0397964 0.90812
852.724 59.5387 -0.00574284 -0.115438 0.970926
532.876 280.777 0.16014 0.149523 0.956107
661.549 35.6109 -0.0246505 0.0297439 0.978729
556.078 87.89 0.00823194 0.119763 0.995035
633.401 407.354 0.258882 0.0628151 0.908943
709.491 6.54774 -0.0228151 -0.00640728 0.86239
679.517 477.297 0.330496 0.0263642 0.904551
851.988 26.975 -0.0296256 -0.116748 0.985566
924.973 110.193 0.0297944 -0.179612 0.978929
923.254 189.792 0.0909187 -0.184992 0.971976
789.958 328.341 0.200832 -0.0724263 0.937936
934.854 320.996 0.29111 -0.341447 1.16414
769.586 434.485 0.300828 -0.0565999 0.924729
720.795 231.549 0.0583727 -0.00782275 0.685311
688.408 428.608 0.310392 0.0197111 0.948292
892.946 355.506 0.238095 -0.174133 0.956492
885.171 354.905 0.250091 -0.178311 0.981206
835.725 380.296 0.250172 -0.115311 0.933608
849.861 459.44 0.384287 -0.159504 0.984843
567.082 635.972 0.148071 0.0363464 0.605154
600.327 402.035 0.261835 0.0944797 0.922645
846.173 148.635 0.0576601 -0.116976 0.972758
723.003 156.78 0.00760653 -0.00539329 0.548528
652.073 52.5264 -0.0182216 0.041016 1.00993
873.804 269.825 0.155333 -0.145851 0.956705
870.746 292.377 0.177981 -0.148227 0.96322
516.686 407.093 0.305878 0.203181 0.983273
570.973 612.339 0.176186 0.0440523 0.643033
856.978 392.708 0.275477 -0.143488 0.952807
761.486 433.44 0.324677 -0.0536273 0.957494
553.308 89.0519 0.00922789 0.121574 0.99316
806.563 432.059 0.3311 -0.102036 0.966777
655.282 177.804 0.0781626 0.0403498 0.974515
723.84 5.26562 -0.0401907 -0.0172568 0.962095
671.498 232.016 0.156361 0.0505748 1.18069
548.565 11.7939 -0.024276 0.0868703 0.882444
821.423 247.585 0.239118 -0.317241 1.59112
889.739 115.724 0.03256 -0.159991 1.00127
535.37 290.563 0.178014 0.161068 0.98416
846.73 119.656 0.0356511 -0.119141 0.986227
793.842 9.24063 -0.0411705 -0.0707841 0.982546
549.805 67.587 -0.00644229 0.122754 0.995136
847.187 145.394 0.0552434 -0.118118 0.974677
615.618 469.115 0.378278 0.103065 0.969344
660.615 273.402 0.152586 0.0373259 0.946411
666.532 63.4972 -0.00798665 0.028172 0.994437
592.29 3.94861 -0.0516084 0.0857912 1.0056
638.512 241.611 0.159021 0.085693 1.12059
625.688 201.284 0.104327 0.0803928 1.04396
717.167 200.366 0.108981 -0.0129337 1.09
617.326 75.8848 -0.00990858 0.0828226 1.07037
639.818 432.564 0.303244 0.0646016 0.933889
827.098 135.265 0.047342 -0.102413 0.980323
508.815 406.755 0.291601 0.199016 0.962828
678.145 442.308 0.305128 0.0276209 0.92117
624.106 61.7507 -0.00875316 0.061139 0.987661
717.449 147.808 0.0549428 -0.0114918 0.949308
913.804 24.3969 -0.0257038 -0.153303 0.956745
643.441 161.866 0.0600105 0.0374412 0.884818
570.126 613.733 0.175629 0.0440782 0.641874
607.426 429.47 0.309271 0.0989681 0.947504
721.423 28.1391 -0.0338895 -0.0165705 1.0056
848.253 456.787 0.384277 -0.159096 0.989081
704.997 336.319 0.206171 0.00104377 0.935938
605.854 432.581 0.310432 0.0998639 0.94423
861.398 30.0732 -0.0277302 -0.124656 0.987011
718.503 107.758 0.0029215 -0.00506529 0.563263
728.044 437.382 0.31258 -0.0187759 0.936715
876.063 605.512 0.181381 -0.059559 0.649064
644.971 264.538 0.110662 0.0326471 0.823066
821.573 263.711 0.243375 -0.229847 1.36149
716.051 185.252 0.0904597 -0.0113421 1.04676
571.384 146.523 0.0161402 0.0243813 0.599909
641.594 171.647 0.0644724 0.037002 0.86897
612.022 195.959 0.0890243 0.0718272 0.945796
867.149 198.988 0.101048 -0.148379 1.00004
727.007 436.814 0.318397 -0.0180886 0.94506
604.748 172.238 0.0685666 0.0685967 0.912299
720.19 145.457 0.0185812 -0.00629225 0.611533
614.495 212.774 0.101883 0.0709236 0.944901
911.723 128.351 0.0127589 -0.342867 1.33056
794.779 12.9353 -0.0400372 -0.0726255 0.988779
857.046 148.371 0.0576969 -0.127304 0.977446
506.679 402.376 0.288557 0.202023 0.966035
642.627 74.3643 -0.000152595 0.0475803 0.991261
803.278 400.54 0.266942 -0.0860818 0.927727
870.077 382.504 0.25164 -0.145518 0.931312
586.349 100.513 0.0204446 0.0866867 0.95641
721.064 400.565 0.265109 -0.0121881 0.926988
695.728 396.287 0.447356 0.0280751 1.20305
848.79 386.841 0.319216 -0.167043 1.03331
534.432 60.1982 -0.00251088 0.109532 0.918579
561.912 88.3348 0.00471792 0.126034 1.03186
857.938 145.982 0.0557072 -0.125314 0.969297
757.465 26.9022 -0.249298 -0.117305 1.63177
623.826 202.379 0.110828 0.249198 1.64769
515.246 0.171242 -0.0453929 0.13156 0.96309
644.898 177.241 0.0763642 0.0467358 0.958261
724.117 42.6677 -0.239787 -0.0419096 1.66961
800.224 393.953 0.284687 -0.0923185 0.966697
720.248 32.2804 -0.0304076 -0.0155157 1.00218
616.076 202.421 0.0966616 0.0733591 0.966555
580.518 102.762 0.0199376 0.0993875 0.988436
804.201 79.3813 0.00628133 -0.0810615 0.980483
842.649 393.068 0.28963 -0.137822 0.974788
758.406 42.9438 -0.274914 -0.136722 1.74681
740.193 41.4588 -0.287742 -0.0894938 1.76574
588.281 95.683 0.0154075 0.0907704 0.981443
607.477 34.8266 -0.0265566 0.0717241 0.983732
720.668 269.299 0.151371 -0.0132839 0.951835
871.281 319.551 0.199999 -0.147781 0.952845
911.566 112.229 0.0307445 -0.172784 0.988091
623.031 277.92 0.156525 0.0695866 0.948204
660.134 274.96 0.154518 0.0380544 0.94844
686.194 397.437 0.272712 0.0202566 0.945021
541.01 303.935 0.189938 0.156171 0.979977
578.364 335.717 0.209587 0.114582 0.949214
517.211 99.0501 0.0177319 0.144145 0.971772
