638.555 255.276 0.175895 0.0354303 0.741434
852.694 108.229 0.114683 -0.0693628 0.774374
910.114 306.144 0.218067 -0.110358 0.768371
616.357 116.562 0.114359 0.0425253 0.753682
588.008 259.674 0.179885 0.0609636 0.747566
722.765 248.016 0.175027 -0.0050559 0.747203
584.242 254.106 0.172018 0.059546 0.733575
521.071 4.29235 0.0688408 0.0820218 0.767042
732.105 257.181 0.265617 -0.505477 4.94101
718.972 249.511 -0.0823558 -0.140851 5.49459
904.243 67.1975 0.095667 -0.0862759 0.756511
639.111 243.343 0.167564 0.0340038 0.734344
726.123 217.171 -0.110146 -0.22209 3.94631
524.746 340.081 0.218955 0.0954803 0.73901
535.763 0.00944138 0.067111 0.0765414 0.771881
923.912 64.1431 0.093476 -0.089345 0.740531
724.245 235.338 0.161684 -0.00488787 0.725904
613.286 104.065 0.106289 0.0404518 0.730459
723.308 246.599 0.177404 -0.00568743 0.756217
591.02 138.758 0.0416123 0.428094 1.9194
827.376 329.426 0.201306 -0.0506626 0.709942
535.215 412.115 0.230961 0.0805934 0.693345
616.937 99.0635 0.105052 0.0395271 0.736373
920.325 296.692 0.205914 -0.10885 0.753854
860.166 92.6377 0.106463 -0.0688471 0.761202
726.218 234.567 0.161574 -0.00579708 0.726603
585.945 256.381 0.174548 0.059681 0.737479
931.809 314.524 0.210936 -0.111493 0.742695
587.581 255.808 0.174606 0.0590722 0.738388
817.452 323.01 0.232242 -0.0615267 0.777962
566.525 127.907 0.121134 0.0688135 0.76939
586.587 1.15887 0.0679518 0.0533459 0.766692
515.89 339.716 0.20891 0.0931378 0.720523
871.657 55.999 0.0915238 -0.0747677 0.769586
891.905 84.4415 0.104566 -0.0886015 0.778967
855.585 102.643 0.111554 -0.069031 0.768574
917.894 302.545 0.208895 -0.107748 0.753087
881.473 37.1187 0.0832414 -0.072746 0.749339
948.144 131.679 0.126672 -0.119086 0.777082
758.371 394.135 0.249499 -0.0228098 0.731721
639.101 247.5 0.171532 0.0347622 0.740026
619.51 417.592 0.29017 0.0578233 0.769592
778.867 410.697 0.305131 -0.0444511 0.793153
910.907 394.665 0.275874 -0.119075 0.766582
509.926 341.559 0.204288 0.0922459 0.710074
850.799 402.776 0.259557 -0.0733028 0.736583
748.992 392.144 0.276088 -0.0219591 0.77327
865.84 404.305 0.328736 -0.117841 0.829867
723.642 415.636 0.291919 -0.00635076 0.77156
636.978 249.218 0.169784 0.0349772 0.732641
911.224 75.739 0.100001 -0.0934282 0.767066
936.02 360.517 0.267899 -0.143562 0.792149
820.595 409.672 0.309708 -0.0744074 0.799368
589.334 9.24948 0.070909 0.0538959 0.77584
858.793 92.1954 0.106195 -0.0680075 0.76047
897.587 394.606 0.257212 -0.0993332 0.73986
903.26 85.1874 0.105251 -0.0954381 0.782689
675.869 422.453 0.27265 0.0213136 0.740281
820.78 327.949 0.233615 -0.0628198 0.774281
617.02 419.866 0.282169 0.0567937 0.756668
614.25 86.4572 0.0987689 0.038658 0.723329
908.701 15.9503 0.0751589 -0.0931804 0.780322
865.771 383.259 0.281014 -0.0985559 0.787616
906.516 35.337 0.0833025 -0.095043 0.785797
714.986 132.297 0.141783 -0.00668818 0.937074
564.086 104.115 0.108165 0.0642648 0.74851
945.431 242.959 0.169104 -0.10718 0.731678
715.448 139.743 0.139407 -0.00485371 0.855877
543.143 491.655 0.265045 0.0786975 0.680612
801.178 488.034 0.263207 -0.0370228 0.676959
545.492 442.053 0.241059 0.0755002 0.685019
546.291 486.945 0.258538 0.0754652 0.676235
848.776 437.381 0.241326 -0.0579414 0.683845
579.83 413.622 0.301874 0.0880539 0.790435
556.346 113.779 0.111533 0.0670788 0.743773
821.017 326.658 0.204466 -0.0497262 0.71898
930.856 323.824 0.224773 -0.11964 0.759432
560.577 540.081 0.3246 0.0843281 0.708497
501.703 557.44 0.377968 0.137481 0.743277
849.015 483.216 0.29058 -0.068714 0.709533
899.164 531.094 0.317199 -0.096008 0.702007
896.874 419.91 0.273865 -0.101212 0.739734
901.34 528.957 0.33557 -0.105921 0.720177
892.331 522.228 0.325244 -0.0978418 0.715643
840.192 426.885 0.259993 -0.0629856 0.716496
904.694 424.559 0.266881 -0.0999843 0.726301
938.878 403.589 0.239544 -0.105622 0.705541
905.016 512.614 0.342645 -0.115697 0.738723
546.052 488.652 0.254013 0.0736145 0.669986
929.377 400.044 0.25056 -0.109811 0.724597
684.204 429.979 0.272984 0.0165806 0.733903
504.921 407.297 0.380249 0.198623 0.904853
504.387 372.459 0.223678 0.099541 0.71578
897.106 481.456 0.293731 -0.0954214 0.713389
614.88 580.356 0.357307 0.0580514 0.708715
932.851 461.218 0.279973 -0.111798 0.712518
857.071 490.944 0.28049 -0.0676999 0.693083
860.873 491.575 0.295879 -0.0752892 0.708944
620.172 114.814 0.114457 0.0415736 0.760272
782.897 416.061 0.288975 -0.042301 0.765869
922.603 316.241 0.22044 -0.114685 0.760204
725.547 485.172 0.271757 -0.00383304 0.689537
738.06 543.537 0.216039 -0.00367221 0.59774
795.901 431.399 0.255837 -0.0390413 0.708202
917.932 358.364 0.293833 -0.155074 0.838041
565.803 395.443 0.255582 0.0803413 0.743502
794.358 542.238 0.318746 -0.0400385 0.697855
679.309 484.355 0.257343 0.0170382 0.674526
866.897 64.1825 0.0955519 -0.0762041 0.781804
675.05 438.615 0.246024 0.0190238 0.691919
646.644 5.78529 0.0697433 0.0281308 0.778115
557.109 398.638 0.256051 0.0845941 0.741326
663.35 552.707 0.291474 0.0252655 0.668642
488.714 377.263 0.209929 0.0962764 0.689026
595.878 441.192 0.246567 0.0549936 0.692051
584.649 247.03 0.167125 0.0581282 0.729286
765.501 399.368 0.236621 -0.0235585 0.707862
669.561 497.953 0.251948 0.0205388 0.660256
552.144 605.829 0.333576 0.0824786 0.675907
714.83 36.8184 0.0747513 0.00126474 0.635437
658.503 621.551 0.24102 0.0213613 0.591368
571.636 571.786 0.372765 0.0885044 0.727418
547.794 489.575 0.263927 0.0764713 0.680631
489.474 90.189 0.108589 0.130013 0.84842
493.134 139.15 0.0883188 0.0504822 0.581688
596.91 51.7712 0.0790655 0.0339801 0.643664
639.049 252.344 0.174305 0.0350596 0.74108
620.254 85.6 0.0985131 0.0363 0.723623
716.968 189.488 0.206402 -0.0118079 1.07451
633.95 153.348 0.135252 0.0385718 0.779645
602.956 483.732 0.272658 0.0543649 0.6935
544.375 490.531 0.263726 0.0777956 0.679839
841.177 429.506 0.260286 -0.0631072 0.714734
836.942 426.458 0.265874 -0.0636808 0.72466
590.376 486.244 0.255369 0.0552636 0.672395
873.646 53.3341 0.0904473 -0.0757948 0.770418
581.54 247.654 0.165397 0.0583654 0.723537
744.189 499.925 0.283229 -0.0129388 0.691794
931.985 314.643 0.211131 -0.111711 0.742952
896.843 503.578 0.360298 -0.121787 0.762685
724.738 483.018 0.271226 -0.00349046 0.690413
717.033 159.508 0.153223 -0.00611835 0.867156
895.744 245.698 0.207988 -0.127022 0.844062
714.967 137.257 0.135754 -0.00407438 0.837326
571.761 143.47 0.123512 0.0611006 0.740256
894.403 304.095 0.235837 -0.118161 0.809841
717.235 74.7419 -0.114763 -0.0370097 1.89134
726.291 206.425 -0.109181 -0.194358 3.60714
826.152 329.735 0.204339 -0.0514343 0.715525
523.26 10.074 0.071006 0.0825466 0.771579
