637.546 250.195 0.174966 0.035976 0.743107
853.838 102.36 0.114165 -0.0688907 0.777442
911.582 302.345 0.217115 -0.109753 0.770148
615.437 109.751 0.113578 0.043026 0.755584
585.607 254.687 0.178172 0.0614232 0.746965
722.678 243.095 0.173729 -0.00444072 0.747745
582.259 248.89 0.170621 0.0599518 0.733846
732.146 256.327 0.263618 -0.505561 4.94377
718.962 248.598 -0.0838509 -0.140299 5.49605
906.013 60.6744 0.0950687 -0.0857205 0.759231
637.924 238.083 0.166317 0.034532 0.735001
726.245 214.886 -0.111361 -0.219931 3.91602
522.565 335.631 0.218134 0.096073 0.741137
920.869 61.8461 0.095293 -0.0906372 0.754168
723.717 230.184 0.161758 -0.00420843 0.730426
612.927 97.0873 0.105748 0.0408621 0.733421
723.297 241.681 0.175735 -0.0050678 0.755727
590.548 136.162 0.0409877 0.429738 1.92669
828.151 325.013 0.200852 -0.0503183 0.712942
534.943 406.16 0.232265 0.0817241 0.700048
614.473 90.8523 0.10355 0.0402618 0.735125
923.133 293.054 0.204001 -0.107726 0.752992
861.258 86.7812 0.106197 -0.0686638 0.765668
725.89 229.349 0.160736 -0.00508176 0.728405
584.537 251.199 0.173848 0.0602488 0.739756
932.539 310.427 0.21074 -0.111187 0.746326
586.115 250.589 0.173567 0.0594891 0.739767
818.206 319.412 0.231041 -0.0609002 0.779083
565.207 121.318 0.120406 0.0692963 0.771641
514.551 334.866 0.20866 0.0937274 0.723952
873.423 49.1439 0.0907952 -0.0741464 0.771667
893.445 78.4315 0.104049 -0.08823 0.782252
856.524 97.0613 0.111392 -0.0689192 0.773452
919.329 298.636 0.20805 -0.10713 0.755058
883.078 30.387 0.0827777 -0.0723523 0.752755
950.028 126.195 0.126148 -0.118849 0.780435
757.549 389.899 0.249861 -0.0221485 0.736284
638.728 242.214 0.171381 0.035279 0.744093
618.06 414.899 0.288336 0.058119 0.769724
779.16 408.678 0.302661 -0.0436079 0.792007
914.454 393.022 0.272389 -0.117683 0.763379
508.631 336.525 0.204133 0.092886 0.713763
852.282 400.161 0.257555 -0.0725243 0.736407
748.882 388.911 0.275013 -0.0214376 0.77495
867.509 402.611 0.325763 -0.116632 0.827846
723.235 412.769 0.29059 -0.00579729 0.772714
636.339 243.95 0.169338 0.0355086 0.735732
912.665 69.7693 0.0995968 -0.0930624 0.770722
938.513 357.875 0.2659 -0.14256 0.791711
821.687 407.792 0.307006 -0.0735052 0.797837
588.216 0.818424 0.0700717 0.0545063 0.778502
860.927 85.4343 0.105185 -0.0672051 0.760844
898.966 391.587 0.255934 -0.098651 0.741103
905.06 79.0779 0.104638 -0.0950577 0.785672
675.222 419.47 0.27092 0.0216715 0.74084
821.542 324.387 0.232435 -0.0621926 0.775458
615.678 416.873 0.280789 0.0571648 0.757669
614.143 79.7037 0.0986078 0.0392282 0.728167
911.838 8.09881 0.0742088 -0.0926004 0.781401
908.747 28.4434 0.0825802 -0.094511 0.788036
714.986 126.338 0.140047 -0.00607486 0.934842
560.908 95.7128 0.106485 0.0646565 0.746802
944.111 238.063 0.170458 -0.107916 0.740347
715.483 133.661 0.137949 -0.00427601 0.855378
540.698 489.342 0.263061 0.0788022 0.680772
800.831 484.492 0.262748 -0.036388 0.679842
545.332 437.665 0.241263 0.0757582 0.688903
544.361 483.919 0.257241 0.0757199 0.677564
850.168 434.835 0.239662 -0.0572366 0.684303
577.38 411.093 0.299688 0.0884381 0.78989
555.394 106.969 0.11098 0.067487 0.746539
821.572 322.404 0.203934 -0.049256 0.721722
930.552 319.68 0.225288 -0.119609 0.764775
557.075 539.838 0.320579 0.0842772 0.706027
496.555 558.394 0.372337 0.136639 0.738892
850.999 481.933 0.287281 -0.0678007 0.707869
901.323 529.6 0.314588 -0.0952836 0.701865
899.186 417.556 0.271228 -0.100196 0.738822
903.771 529.022 0.331613 -0.104435 0.71776
896.083 522.773 0.320149 -0.0964987 0.711682
841.156 424.251 0.258231 -0.0621855 0.716901
908.202 422.518 0.263269 -0.0988071 0.723847
943.336 401.256 0.236217 -0.104387 0.703189
911.211 516.137 0.333804 -0.112948 0.728852
544.043 486.207 0.252413 0.0737053 0.6706
930.038 396.61 0.250203 -0.109351 0.727581
683.176 429.007 0.268635 0.0170011 0.729403
499.212 406.667 0.373708 0.196734 0.896085
502.278 368.083 0.222815 0.0999631 0.717874
895.445 476.415 0.295497 -0.0954573 0.720119
612.147 582.118 0.351763 0.0579625 0.704461
936.636 460.307 0.276325 -0.110354 0.709902
858.52 488.78 0.278403 -0.06702 0.693407
862.465 490.078 0.29316 -0.0743604 0.7082
617.677 106.389 0.112239 0.0419916 0.756135
782.983 413.564 0.287414 -0.0415563 0.766424
924.275 312.516 0.219193 -0.113861 0.76138
725.443 481.509 0.271026 -0.00348673 0.69216
737.668 537.418 0.217072 -0.00327 0.603103
796.56 428.115 0.254367 -0.0385536 0.709454
919.589 355.879 0.292166 -0.154106 0.838151
564.015 391.832 0.254469 0.0807589 0.745028
794.613 541.092 0.316126 -0.0392068 0.697492
678.039 477.407 0.260141 0.0180548 0.683204
868.508 57.6988 0.0949065 -0.0757255 0.784459
674.232 435.213 0.244661 0.0195207 0.693224
552.657 397.369 0.25178 0.084352 0.736029
661.539 553.811 0.287373 0.0257202 0.665594
485.541 372.988 0.208376 0.0965199 0.689728
594.116 436.663 0.246207 0.0558718 0.695423
584.327 241.566 0.167159 0.0586574 0.73382
765.352 394.871 0.236826 -0.0232013 0.712226
668.524 494.835 0.250737 0.0210879 0.661881
548.736 605.998 0.330082 0.0825359 0.674519
715.492 28.2435 0.0743986 0.00175439 0.639022
567.065 574.789 0.365467 0.0879148 0.720727
545.335 486.672 0.262261 0.0768206 0.681512
486.209 82.5743 0.107212 0.130067 0.847874
496.991 133.655 0.0902932 0.0514769 0.59137
596.307 43.7299 0.0789302 0.0346959 0.648072
638.236 247.202 0.173828 0.0356638 0.744067
619.763 78.5427 0.0981072 0.0368748 0.727194
716.867 183.955 0.202131 -0.0109856 1.06379
632.842 146.365 0.133455 0.0388442 0.778336
600.92 481.846 0.26996 0.0545415 0.692587
542.709 486.657 0.263058 0.0782994 0.682461
842.217 426.265 0.258815 -0.0625707 0.716034
837.783 422.866 0.264817 -0.0633218 0.72683
873.201 49.2701 0.0911018 -0.0760371 0.778921
579.872 242.253 0.164222 0.0587353 0.7244
933.217 310.705 0.210652 -0.111324 0.745807
902.647 507.693 0.350039 -0.118166 0.750595
723.78 476.877 0.273573 -0.00296441 0.698217
717.054 153.698 0.151536 -0.0055271 0.865991
897.817 241.65 0.206314 -0.126034 0.843689
715.027 131.278 0.134578 -0.00353059 0.837855
569.596 137.273 0.123209 0.0622675 0.743889
838.755 467.145 0.278629 -0.0610757 0.709101
840.374 467.923 0.273563 -0.0599834 0.702701
565.517 430.127 0.265686 0.0774365 0.726651
897.429 570.439 0.369629 -0.107621 0.72129
596.229 490.225 0.261135 0.0536114 0.677276
870.607 412.27 0.23092 -0.0662417 0.688299
788.29 384.595 0.254382 -0.040106 0.747593
565.864 111.986 0.116047 0.0681695 0.770124
711.963 65.0443 0.0988672 -0.00366597 0.913012
953.266 312.157 0.183762 -0.0947538 0.688823
568.233 135.249 0.123062 0.0636504 0.748194
896.029 300.687 0.23431 -0.117231 0.810116
717.344 70.9148 -0.115619 -0.0364478 1.89201
726.356 204.665 -0.11026 -0.193364 3.60123
826.891 325.392 0.203837 -0.0510634 0.718415
521.642 1.92085 0.0703586 0.0830899 0.774194
