633.148 244.199 0.174777 0.0356861 0.744554
850.815 95.0896 0.113975 -0.0691807 0.778889
909.162 296.878 0.216925 -0.110043 0.771595
610.435 102.376 0.113389 0.042736 0.757031
580.888 248.836 0.177983 0.0611333 0.748412
718.892 237.012 0.17354 -0.00473065 0.749192
577.337 242.804 0.170432 0.0596618 0.735293
731.791 255.465 0.263428 -0.50585 4.94522
718.573 247.701 -0.0840404 -0.140589 5.49749
903.132 52.6474 0.0948792 -0.0860105 0.760678
633.39 231.851 0.166128 0.0342421 0.736447
725.709 213.539 -0.11155 -0.220221 3.91747
517.705 330.556 0.217945 0.095783 0.742584
918.052 53.7532 0.0951035 -0.0909271 0.755614
719.72 223.729 0.161569 -0.00449837 0.731872
607.603 89.2255 0.105558 0.0405721 0.734868
719.587 235.688 0.175545 -0.00535773 0.757174
588.443 133.304 0.0407982 0.429448 1.92814
824.905 319.102 0.200663 -0.0506082 0.714388
529.998 401.147 0.232076 0.0814341 0.701495
609.157 82.938 0.103361 0.0399718 0.736572
920.642 287.297 0.203812 -0.108016 0.754439
858.165 79.1697 0.106007 -0.0689538 0.767114
721.884 222.854 0.160546 -0.0053717 0.729852
579.712 245.217 0.173659 0.0599589 0.741202
930.068 304.72 0.210551 -0.111477 0.747773
581.3 244.6 0.173377 0.0591992 0.741214
815.445 314.284 0.230851 -0.0611902 0.78053
559.992 114.324 0.120216 0.0690064 0.773088
509.411 329.57 0.208471 0.0934375 0.725399
870.392 41.1654 0.0906057 -0.0744363 0.773113
890.677 70.9364 0.10386 -0.0885199 0.783699
853.479 89.6768 0.111203 -0.0692091 0.774899
916.842 292.955 0.207861 -0.10742 0.756505
879.932 21.8981 0.0825882 -0.0726422 0.754202
947.658 119.183 0.125959 -0.119139 0.781882
754.328 384.905 0.249672 -0.0224385 0.737731
634.317 236.148 0.171191 0.0349891 0.74554
614.511 410.65 0.288146 0.057829 0.77117
776.54 404.352 0.302471 -0.0438978 0.793454
912.126 388.126 0.2722 -0.117973 0.764825
503.316 331.111 0.203943 0.0925961 0.71521
849.537 395.106 0.257365 -0.0728142 0.737853
745.947 384.341 0.274823 -0.0217276 0.776396
865.389 398.415 0.325574 -0.116922 0.829292
720.24 408.374 0.2904 -0.00608722 0.77416
631.826 237.79 0.169149 0.0352186 0.737178
909.928 62.0119 0.0994073 -0.0933523 0.772169
936.383 353.003 0.265711 -0.142849 0.793158
819.265 403.448 0.306817 -0.0737951 0.799283
857.791 77.739 0.104996 -0.067495 0.76229
896.434 386.461 0.255744 -0.0989409 0.74255
902.393 71.6307 0.104448 -0.0953477 0.787119
671.718 414.863 0.27073 0.0213815 0.742286
818.783 319.255 0.232246 -0.0624825 0.776904
612.006 412.519 0.2806 0.0568749 0.759115
608.696 71.5357 0.0984183 0.0389383 0.729613
906.048 20.4288 0.0823907 -0.0948009 0.789482
712.046 120.899 0.139857 -0.00636479 0.936289
555.273 88.0611 0.106296 0.0643666 0.748248
941.565 231.636 0.170268 -0.108206 0.741794
712.142 127.655 0.13776 -0.00456595 0.856825
535.948 484.714 0.262872 0.0785122 0.682219
797.522 479.372 0.262559 -0.0366779 0.681289
540.46 432.742 0.241073 0.0754683 0.69035
539.553 479.2 0.257052 0.07543 0.679011
847.013 429.356 0.239472 -0.0575266 0.68575
573.772 407.071 0.299499 0.0881482 0.791336
549.757 99.4572 0.110791 0.067197 0.747985
818.367 316.6 0.203744 -0.0495459 0.723169
928.202 314.266 0.225099 -0.119899 0.766221
553.086 535.825 0.320389 0.0839873 0.707473
492.787 554.929 0.372147 0.136349 0.740339
848.19 477.064 0.287091 -0.0680906 0.709316
898.739 524.823 0.314399 -0.0955735 0.703312
896.68 412.573 0.271038 -0.100486 0.740269
901.314 524.403 0.331424 -0.104725 0.719207
893.548 518.079 0.319959 -0.0967886 0.713129
838.252 419.145 0.258041 -0.0624754 0.718347
905.631 417.381 0.263079 -0.099097 0.725294
940.716 395.661 0.236027 -0.104677 0.704636
908.831 511.555 0.333614 -0.113238 0.730299
539.128 481.405 0.252223 0.0734153 0.672047
927.541 391.315 0.250014 -0.109641 0.729028
679.633 424.325 0.268445 0.0167112 0.73085
495.946 403.535 0.373518 0.196444 0.897532
497.145 363.027 0.222625 0.0996731 0.719321
892.889 471.577 0.295307 -0.0957472 0.721566
608.647 578.198 0.351574 0.0576725 0.705908
934.122 455.192 0.276136 -0.110644 0.711348
855.623 483.765 0.278213 -0.0673099 0.694853
859.721 485.24 0.29297 -0.0746503 0.709647
612.686 98.9789 0.11205 0.0417016 0.757581
780.208 409.022 0.287225 -0.0418463 0.767871
921.869 307.015 0.219003 -0.114151 0.762827
721.898 476.661 0.270836 -0.00377666 0.693606
732.966 531.514 0.216883 -0.00355994 0.604549
793.387 423.01 0.254177 -0.0388435 0.710901
917.608 351.426 0.291976 -0.154396 0.839597
559.775 387.229 0.25428 0.0804689 0.746475
791.642 536.529 0.315936 -0.0394968 0.698939
674.105 472.493 0.259952 0.0177649 0.684651
865.554 49.9974 0.094717 -0.0760155 0.785906
670.235 430.132 0.244471 0.0192307 0.694671
548.266 392.721 0.25159 0.0840621 0.737475
657.593 549.191 0.287184 0.0254302 0.667041
589.66 431.748 0.246017 0.0555819 0.696869
579.387 235.401 0.166969 0.0583674 0.735267
761.948 389.603 0.236637 -0.0234912 0.713673
664.295 489.757 0.250547 0.020798 0.663328
544.602 602.011 0.329892 0.0822459 0.675966
709.431 17.4294 0.0742091 0.00146446 0.640468
563.523 571.088 0.365278 0.0876249 0.722174
540.612 482.027 0.262071 0.0765306 0.682959
480.79 75.9909 0.107023 0.129777 0.84932
487.91 123.025 0.0901037 0.051187 0.592816
589.282 33.4299 0.0787407 0.034406 0.649519
633.841 241.188 0.173638 0.0353739 0.745514
614.349 70.3415 0.0979177 0.0365849 0.728641
714.581 179.814 0.201941 -0.0112755 1.06523
628.352 139.713 0.133265 0.0385543 0.779782
596.688 477.219 0.26977 0.0542515 0.694034
537.984 482.029 0.262869 0.0780095 0.683908
839.315 421.16 0.258626 -0.0628607 0.717481
834.948 417.875 0.264627 -0.0636118 0.728276
870.224 41.3929 0.0909123 -0.076327 0.780368
574.786 235.964 0.164033 0.0584453 0.725846
930.746 304.993 0.210462 -0.111613 0.747253
900.368 503.291 0.34985 -0.118456 0.752042
720.282 472.078 0.273384 -0.00325435 0.699664
895.658 236.449 0.206124 -0.126324 0.845136
711.563 125.079 0.134389 -0.00382053 0.839302
564.188 130.086 0.123019 0.0619776 0.745336
835.873 462.224 0.278439 -0.0613656 0.710547
561.262 425.604 0.265496 0.0771466 0.728098
895.051 566.022 0.36944 -0.107911 0.722736
867.541 406.652 0.230731 -0.0665316 0.689746
958.767 336.429 0.38282 -0.310747 1.02039
785.307 379.65 0.254193 -0.0403959 0.74904
560.598 104.859 0.115858 0.0678796 0.771571
708.721 58.7676 0.0986777 -0.0039559 0.914459
950.447 305.617 0.183573 -0.0950438 0.69027
562.854 128.1 0.122872 0.0633605 0.749641
893.771 295.642 0.234121 -0.11752 0.811563
715.928 67.3606 -0.115808 -0.0367378 1.89345
725.764 203.174 -0.110449 -0.193654 3.60268
823.691 319.562 0.203647 -0.0513534 0.719861
