626.442 237.824 0.172511 0.036477 0.744028
845.176 88.0182 0.111912 -0.0683199 0.778995
905.537 291.459 0.213054 -0.10838 0.767172
603.184 94.7826 0.111303 0.0435728 0.756849
573.794 242.497 0.175783 0.0619697 0.748088
712.774 230.624 0.171304 -0.00390821 0.748808
570.332 236.297 0.16813 0.0602964 0.734677
731.036 254.113 0.261018 -0.5051 4.94595
717.802 246.23 -0.0862061 -0.13973 5.49754
899.219 43.409 0.0919396 -0.0846279 0.756956
626.074 225.365 0.163692 0.0351709 0.735305
724.674 211.15 -0.113742 -0.218826 3.90858
510.354 324.77 0.215673 0.0966253 0.742227
912.958 45.5829 0.0926729 -0.0896561 0.753845
712.96 217.314 0.160017 -0.0035529 0.733345
600.571 82.1671 0.104083 0.041562 0.737275
713.269 229.497 0.174559 -0.00450521 0.76039
584.968 128.966 0.0388449 0.430699 1.93006
818.618 312.675 0.198923 -0.0498949 0.715384
522.877 395.28 0.230035 0.0822983 0.701693
600.955 74.8826 0.101218 0.0410276 0.736178
913.781 281.38 0.202396 -0.107175 0.755994
851.361 72.8187 0.104516 -0.0682071 0.769451
715.222 216.392 0.159571 -0.00454951 0.733207
572.46 238.745 0.171588 0.0609067 0.741313
924.659 298.801 0.208246 -0.110554 0.747311
574.325 238.155 0.171469 0.0601165 0.741747
810.487 308.858 0.227783 -0.0600824 0.778246
552.517 107.003 0.118261 0.0699894 0.773551
502.267 323.447 0.206558 0.0943536 0.725933
865.016 33.2797 0.0883962 -0.0734762 0.772407
885.376 63.5661 0.101666 -0.087511 0.783087
848.077 82.2388 0.108902 -0.0681583 0.773772
911.573 287.092 0.20544 -0.106405 0.755714
874.444 13.7499 0.0804191 -0.0717012 0.753504
942.388 112.423 0.123808 -0.118174 0.781628
748.496 379.882 0.246599 -0.021385 0.735629
628.314 229.719 0.169838 0.0357763 0.747743
608.345 406.103 0.284925 0.0584646 0.768965
771.761 399.94 0.298817 -0.0428268 0.790403
907.838 383.088 0.268858 -0.116764 0.762405
495.594 324.712 0.201643 0.0934688 0.715184
844.249 389.592 0.254747 -0.0719074 0.736893
738.637 378.348 0.274508 -0.0200314 0.779781
862.244 394.554 0.320574 -0.115268 0.823745
714.982 403.829 0.286942 -0.00526556 0.771515
624.916 231.281 0.16715 0.0361451 0.73747
903.6 55.5448 0.097815 -0.0929223 0.774542
933.004 348.222 0.261756 -0.14119 0.789143
814.946 399.123 0.302899 -0.0725689 0.795752
852.239 70.192 0.102851 -0.0667381 0.762402
890.582 380.733 0.253613 -0.0979853 0.74249
896.383 64.9572 0.10265 -0.0946274 0.788472
666.102 409.88 0.267881 0.0219729 0.740812
821.842 316.327 0.220385 -0.0608364 0.754039
605.755 408.044 0.277176 0.0573902 0.756518
602.591 64.496 0.0970544 0.0396211 0.73283
900.559 12.9376 0.0803594 -0.0939219 0.789686
707.125 113.497 0.136698 -0.00546379 0.932252
546.172 79.4155 0.103724 0.0652258 0.74609
936.207 225.288 0.167909 -0.107195 0.741051
706.626 120.334 0.134901 -0.00363947 0.853739
530.881 477.72 0.262773 0.0795295 0.685404
790.846 472.492 0.261779 -0.0360466 0.683385
534.832 426.464 0.240417 0.0763867 0.6927
535.85 470.327 0.258605 0.0767487 0.685337
839.156 422.9 0.239435 -0.0568552 0.688806
567.336 402.738 0.296099 0.0886609 0.788779
542.959 92.4124 0.109297 0.0681551 0.750264
812.316 310.462 0.201616 -0.0486777 0.723164
923.364 308.607 0.222341 -0.118744 0.764748
546.469 531.372 0.317743 0.084707 0.706439
484.758 552.976 0.367053 0.136246 0.735804
842.665 471.259 0.284869 -0.0674027 0.709145
892.927 518.693 0.31236 -0.0948986 0.703436
892.012 407.411 0.267873 -0.099415 0.738303
894.545 517.916 0.330375 -0.103996 0.72057
888.486 512.046 0.317554 -0.0962953 0.712887
832.577 413.775 0.255874 -0.061637 0.717888
901.782 412.581 0.259142 -0.0978983 0.721926
933.241 389.347 0.235311 -0.104268 0.706908
904.27 507.213 0.329798 -0.111866 0.727539
532.82 474.989 0.251421 0.0745057 0.674027
918.093 384.36 0.25143 -0.109782 0.735285
673.504 419.125 0.266546 0.0176364 0.730829
488.225 400.467 0.368023 0.195877 0.891227
489.422 357.579 0.220186 0.100352 0.718445
889.43 467.56 0.290749 -0.0945362 0.717444
601.766 575.903 0.346763 0.0582057 0.701843
928.791 449.822 0.27353 -0.109686 0.7103
850.44 478.512 0.275432 -0.066538 0.69362
855.407 480.29 0.289552 -0.0739534 0.707561
604.903 90.9308 0.109648 0.0425911 0.756137
775.329 404.396 0.28367 -0.0408682 0.765091
916.596 301.106 0.216793 -0.113377 0.762708
715.986 470.63 0.269352 -0.00310592 0.694485
725.646 520.976 0.218117 -0.00309875 0.609958
787.131 417.708 0.252552 -0.0379424 0.711135
914.51 346.99 0.287608 -0.152471 0.834697
552.574 382.318 0.251278 0.0811468 0.744576
786.034 532.124 0.312688 -0.0384653 0.696971
668.73 463.492 0.261886 0.0185027 0.691518
867.577 32.6494 0.087923 -0.0725887 0.764845
663.78 424.735 0.242443 0.0200501 0.694476
540.509 388.094 0.248219 0.084655 0.734784
651.446 542.396 0.286212 0.0262652 0.668666
585.416 424.222 0.246859 0.0564172 0.702138
572.656 228.872 0.165651 0.0594923 0.737551
755.894 383.697 0.234507 -0.0226676 0.713668
658.134 482.283 0.250469 0.0216168 0.666556
539.23 595.131 0.32912 0.083204 0.677795
700.988 10.903 0.0732335 0.00223135 0.64487
557.097 567.167 0.362013 0.0882819 0.720424
535.537 474.632 0.262339 0.0777434 0.686846
490.224 122.735 0.0941984 0.0535043 0.61051
583.712 28.3815 0.0785684 0.0353286 0.65732
627.226 234.785 0.171557 0.0361925 0.745542
607.165 62.9797 0.0963048 0.0374951 0.730454
710.629 172.759 0.196398 -0.0103586 1.05293
956.435 5.55599 0.0775254 -0.118922 0.787309
621.816 133.807 0.131864 0.039474 0.780689
589.139 473.273 0.26618 0.0549639 0.691255
532.667 474.766 0.262945 0.0792549 0.687503
833.298 415.932 0.256636 -0.0618996 0.71715
829.272 412.261 0.26258 -0.0628228 0.728235
865.632 32.353 0.0881441 -0.0749487 0.777061
567.368 229.31 0.161359 0.0589471 0.724121
927.369 299.156 0.206896 -0.110472 0.743989
897.14 500.22 0.344235 -0.11661 0.746574
714.207 465.731 0.272375 -0.00249818 0.701354
891.858 230.717 0.20296 -0.124929 0.84208
705.914 117.615 0.131565 -0.0029139 0.83649
556.942 122.825 0.121191 0.0628749 0.746303
828.465 454.819 0.278785 -0.0608654 0.714595
553.243 422.525 0.261039 0.0773377 0.723033
887.805 557.512 0.370047 -0.107888 0.726579
859.729 399.468 0.230776 -0.0662173 0.693677
958.946 333.075 0.374714 -0.305491 1.00745
779.719 374.19 0.251782 -0.0394842 0.748384
554.666 98.0983 0.114504 0.0687772 0.774814
703.288 49.1826 0.0952625 -0.00290522 0.907283
943.238 298.776 0.181918 -0.0943698 0.691601
556.036 121.178 0.121356 0.0643471 0.751736
907.388 4.13948 0.0769518 -0.0914511 0.773746
781.801 521.881 0.324942 -0.0395171 0.715034
866.45 542.257 0.409714 -0.113369 0.769295
664.356 532.95 0.313926 0.0230931 0.699755
921.101 225.132 0.17731 -0.112202 0.770512
904.974 384.96 0.232204 -0.090475 0.706383
925.635 127.758 0.136615 -0.12706 0.821378
900.65 61.0363 0.100291 -0.0927917 0.777342
900.718 41.8935 0.0909794 -0.0829237 0.749716
793.245 549.259 0.297031 -0.037391 0.672445
897.78 378.821 0.268219 -0.112063 0.766068
707.284 125.786 0.115765 -0.000718407 0.704267
829.025 377.879 0.235865 -0.0584738 0.719356
858.339 394.781 0.261454 -0.0813285 0.741506
743.502 396.977 0.249449 -0.0179938 0.724699
844.68 374.597 0.261694 -0.079058 0.761798
708.589 141.465 0.148935 -0.00499127 0.866187
931.452 347.531 0.263054 -0.141741 0.792209
628.771 234.163 0.171455 0.0355183 0.746098
584.715 172.04 0.159062 0.0681021 0.823542
863.471 376.242 0.274327 -0.0963292 0.778775
630.793 144.607 0.149237 0.0445006 0.858416
708.828 139.976 0.159665 -0.0132945 1.37077
889.356 290.334 0.231024 -0.116089 0.809017
713.45 62.3174 -0.117857 -0.0358533 1.89339
724.617 200.779 -0.112528 -0.192643 3.60039
817.739 313.412 0.201517 -0.0505402 0.719847
