624.573 232.825 0.172196 0.0366505 0.743373
843.127 82.9685 0.111597 -0.0681464 0.778341
903.45 286.688 0.212739 -0.108206 0.766517
601.09 89.5386 0.110988 0.0437463 0.756194
571.972 237.565 0.175468 0.0621431 0.747433
710.85 225.641 0.170989 -0.00373474 0.748153
568.45 231.207 0.167815 0.0604698 0.734022
730.813 253.341 0.260703 -0.504926 4.94529
717.551 245.418 -0.0865211 -0.139557 5.49688
897.012 38.0299 0.0916245 -0.0844544 0.756302
624.149 220.246 0.163377 0.0353444 0.734651
724.338 209.973 -0.114057 -0.218652 3.90793
508.735 319.94 0.215358 0.0967988 0.741572
910.726 40.1832 0.0923579 -0.0894826 0.75319
710.952 212.138 0.159702 -0.00337943 0.732691
598.385 76.6885 0.103768 0.0417355 0.73662
711.387 224.63 0.174244 -0.00433175 0.759736
583.747 126.667 0.0385299 0.430873 1.92941
816.49 307.381 0.198607 -0.0497214 0.71473
521.28 390.018 0.22972 0.0824718 0.701039
598.751 69.3684 0.100903 0.0412011 0.735523
911.627 276.484 0.202081 -0.107001 0.75534
849.258 67.6394 0.104201 -0.0680337 0.768796
713.211 211.212 0.159256 -0.00437605 0.732552
570.607 233.733 0.171273 0.0610802 0.740659
922.446 293.824 0.207931 -0.11038 0.746657
572.471 233.146 0.171154 0.0602899 0.741093
808.638 304.247 0.227468 -0.059909 0.777591
550.473 101.95 0.117946 0.0701629 0.772896
500.593 318.431 0.206243 0.094527 0.725278
862.897 28.001 0.0880812 -0.0733027 0.771752
883.306 58.481 0.101351 -0.0873376 0.782433
846.001 77.1264 0.108587 -0.0679849 0.773118
909.424 282.199 0.205125 -0.106232 0.755059
872.221 8.23668 0.080104 -0.0715277 0.75285
940.27 107.47 0.123493 -0.118001 0.780974
746.672 374.902 0.246284 -0.0212115 0.734974
626.442 224.743 0.169523 0.0359497 0.747089
606.926 401.573 0.28461 0.0586381 0.76831
770.12 395.503 0.298502 -0.0426533 0.789749
905.749 378.302 0.268543 -0.116591 0.76175
493.888 319.569 0.201328 0.0936423 0.714529
842.227 384.571 0.254432 -0.071734 0.736239
736.999 373.831 0.274193 -0.019858 0.779126
860.488 390.339 0.320259 -0.115095 0.82309
713.396 399.253 0.286627 -0.0050921 0.770861
623.011 226.199 0.166835 0.0363185 0.736816
901.477 50.3637 0.0975 -0.0927488 0.773887
930.941 343.676 0.261441 -0.141017 0.788488
813.224 394.706 0.302584 -0.0723954 0.795098
850.103 64.9404 0.102536 -0.0665646 0.761747
888.459 375.747 0.253298 -0.0978118 0.741835
894.329 59.923 0.102335 -0.094454 0.787818
664.499 405.016 0.267566 0.0221463 0.740158
819.884 311.477 0.22007 -0.060663 0.753385
604.301 403.39 0.276861 0.0575637 0.755863
600.355 58.9124 0.0967394 0.0397945 0.732176
898.492 7.73891 0.0800444 -0.0937484 0.789031
705.56 109.513 0.136383 -0.00529032 0.931598
543.984 74.0128 0.103409 0.0653993 0.745436
933.927 220.161 0.167594 -0.107022 0.740396
704.889 115.936 0.134586 -0.00346601 0.853085
529.417 472.244 0.262458 0.0797029 0.68475
788.787 466.788 0.261464 -0.0358731 0.68273
533.262 421.085 0.240102 0.0765601 0.692045
534.358 464.847 0.25829 0.0769222 0.684683
836.941 417.265 0.23912 -0.0566818 0.688151
566.021 398.422 0.295784 0.0888344 0.788125
540.81 87.0947 0.108982 0.0683285 0.74961
810.235 305.264 0.201301 -0.0485042 0.722509
921.23 303.818 0.222026 -0.11857 0.764093
545.22 526.15 0.317428 0.0848805 0.705785
483.812 548.154 0.366738 0.13642 0.73515
840.584 465.867 0.284554 -0.0672292 0.70849
890.683 513.128 0.312045 -0.0947251 0.702781
889.878 402.373 0.267558 -0.0992416 0.737649
892.371 512.563 0.33006 -0.103823 0.719916
886.298 506.615 0.317239 -0.0961219 0.712232
830.518 408.533 0.255559 -0.0614635 0.717234
899.548 407.344 0.258827 -0.0977249 0.721272
930.835 383.909 0.234996 -0.104094 0.706254
902.087 501.949 0.329483 -0.111693 0.726884
531.289 469.338 0.251106 0.0746791 0.673372
915.864 379.278 0.251115 -0.109609 0.734631
671.864 414.143 0.266231 0.0178099 0.730175
487.199 396.98 0.367708 0.19605 0.890573
487.82 352.52 0.219871 0.100526 0.717791
887.239 462.239 0.290433 -0.0943628 0.716789
600.49 570.517 0.346448 0.0583792 0.701188
926.431 444.398 0.273215 -0.109512 0.709646
848.265 472.901 0.275117 -0.0663645 0.692965
853.286 474.86 0.289237 -0.0737799 0.706906
602.8 85.6674 0.109333 0.0427645 0.755483
914.468 296.294 0.216478 -0.113204 0.762054
714.178 465.143 0.269037 -0.00293245 0.69383
723.353 513.952 0.217802 -0.00292528 0.609304
785.158 412.411 0.252237 -0.0377689 0.71048
912.641 342.829 0.287293 -0.152297 0.834043
551.079 377.554 0.250963 0.0813203 0.743922
784.131 526.553 0.312373 -0.0382918 0.696316
667.003 458.001 0.261571 0.0186762 0.690864
865.421 27.3024 0.0876079 -0.0724153 0.764191
662.005 419.296 0.242128 0.0202236 0.693821
539.006 383.231 0.247904 0.0848285 0.734129
649.794 536.524 0.285897 0.0264387 0.668012
583.811 418.939 0.246544 0.0565907 0.701484
570.768 223.798 0.165336 0.0596658 0.736897
753.962 378.449 0.234192 -0.0224941 0.713013
656.333 476.416 0.250154 0.0217902 0.665902
538.034 589.447 0.328805 0.0833775 0.67714
698.213 4.00469 0.0729185 0.00240482 0.644215
555.989 562.074 0.361698 0.0884554 0.719769
534.064 469.173 0.262024 0.0779168 0.686192
487.522 115.486 0.0938834 0.0536778 0.609855
581.068 21.7245 0.0782533 0.0355021 0.656666
625.357 229.796 0.171242 0.0363659 0.744888
604.92 57.3666 0.0959898 0.0376685 0.729799
709.349 169.491 0.196083 -0.0101852 1.05228
954.326 0.326195 0.0772103 -0.118748 0.786654
619.877 128.904 0.131549 0.0396475 0.780035
587.591 467.837 0.265865 0.0551373 0.6906
531.202 469.319 0.26263 0.0794283 0.686848
831.235 410.68 0.256321 -0.0617261 0.716495
827.267 407.147 0.262265 -0.0626493 0.727581
863.532 27.1112 0.087829 -0.0747752 0.776407
565.434 224.085 0.161044 0.0591206 0.723466
925.135 294.142 0.206581 -0.110298 0.743335
895.055 495.182 0.34392 -0.116436 0.745919
712.428 460.341 0.27206 -0.00232471 0.700699
890.049 226.506 0.202645 -0.124755 0.841426
704.126 113.093 0.13125 -0.00274044 0.835835
554.854 117.567 0.120876 0.0630484 0.745649
826.437 449.52 0.27847 -0.0606919 0.713941
551.768 417.532 0.260724 0.0775112 0.722379
885.699 552.16 0.369732 -0.107715 0.725924
857.466 393.895 0.230461 -0.0660439 0.693023
552.608 93.0258 0.114189 0.0689507 0.77416
864.574 537.395 0.409399 -0.113196 0.768641
662.814 527.528 0.313611 0.0232665 0.699101
918.981 220.31 0.176995 -0.112028 0.769857
902.646 379.533 0.231889 -0.0903015 0.705729
923.698 123.168 0.1363 -0.126886 0.820724
898.474 36.4408 0.0906643 -0.0827503 0.749062
791.21 543.306 0.296716 -0.0372175 0.67179
895.731 374.077 0.267904 -0.11189 0.765413
705.016 120.06 0.11545 -0.000544941 0.703613
826.951 372.659 0.23555 -0.0583003 0.718701
856.303 389.803 0.261139 -0.081155 0.740851
741.664 391.875 0.249134 -0.0178203 0.724045
842.748 369.841 0.261379 -0.0788845 0.761144
706.913 137.216 0.14862 -0.0048178 0.865533
929.404 343.013 0.262739 -0.141568 0.791554
582.956 167.598 0.158747 0.0682755 0.822888
861.558 371.642 0.274012 -0.0961557 0.77812
629.081 140.318 0.148922 0.0446741 0.857762
707.822 137.32 0.15935 -0.013121 1.37012
887.457 285.947 0.230709 -0.115916 0.808362
712.614 59.5839 -0.118172 -0.0356798 1.89274
724.248 199.491 -0.112843 -0.19247 3.59973
815.635 308.175 0.201202 -0.0503668 0.719193
