716.432 378.959 0.267239 -0.0125068 0.953231
635.033 379.275 0.268358 0.0646315 0.957335
596.863 156.195 0.0710954 0.0801752 0.970659
795.475 354.045 0.239502 -0.084069 0.947738
785.949 308.134 0.196006 -0.0736632 0.950717
714.953 248.615 0.143285 -0.0126829 0.954129
919.67 86.1635 0.0233855 -0.180842 0.996151
509.876 93.074 0.0244211 0.146707 0.986736
846.359 36.7249 -0.0115901 -0.117497 0.995362
869.587 245.874 0.14839 -0.148488 0.974118
568.415 316.226 0.199368 0.115127 0.949678
567.648 72.1397 0.0106685 0.0989567 0.985103
613.647 254.31 0.144387 0.0695992 0.945963
652.537 250.604 0.14298 0.0384625 0.950096
570.414 315.307 0.200915 0.115261 0.955367
520.05 262.092 0.152244 0.15044 0.955754
857.03 287.089 0.188603 -0.144438 0.980787
744.386 356.719 0.245745 -0.0386911 0.956028
794.395 352.677 0.245482 -0.0860931 0.961513
519.53 86.3367 0.0181552 0.146823 1.01003
568.17 67.6215 0.00793995 0.0971957 0.981506
638.61 145.921 0.0636516 0.0454465 0.963754
570.615 74.1564 0.0112254 0.0994467 0.995065
534.365 290.225 0.189472 0.1581 0.990943
539.549 48.226 -0.00793125 0.123711 1.00353
914.015 85.5887 0.0217662 -0.183313 1.01318
807.744 362.106 0.257122 -0.10003 0.963799
846.275 38.6799 -0.0102054 -0.11741 0.994788
660.242 66.9504 0.00715333 0.0281501 0.994978
715.764 242.754 0.137309 -0.013336 0.94972
909.662 160.98 0.0740578 -0.149984 0.920721
822.376 48.7579 -0.00245795 -0.0970709 0.984706
617.237 68.1725 0.0080152 0.0613236 0.990133
654.591 247.243 0.142441 0.0376797 0.958859
814.203 140.085 0.0617013 -0.092225 0.969489
869.578 271.044 0.166657 -0.14576 0.959458
813.226 139.904 0.0618843 -0.0933798 0.978258
817.37 133.829 0.0568139 -0.0917543 0.957873
655.416 250.432 0.146716 0.0379082 0.964859
637.373 150.921 0.0674112 0.0470423 0.966219
601.779 150.062 0.067023 0.0776569 0.979366
907.198 164.799 0.0856921 -0.193971 1.02682
915.591 88.6445 0.0245802 -0.181692 1.00533
787.562 300.197 0.220361 -0.0912676 1.03306
828.013 153.127 0.0763636 -0.14009 1.10307
495.756 83.4568 -0.0917517 0.442921 1.54563
522.391 193.359 0.100416 0.149625 0.983795
839.65 355.819 0.25149 -0.130219 0.964688
615.549 70.274 0.00995512 0.0617831 0.984323
657.634 64.2973 0.0068237 0.0286733 0.979178
810.365 14.5494 -0.129255 -0.174127 1.3776
789.872 56.0673 0.00174277 -0.0729918 0.98799
732.641 2.77328 -0.1667 -0.0545089 1.43423
835.568 22.5105 -0.0797536 -0.17798 1.25398
815.195 1.61188 -0.125307 -0.166565 1.32438
599.516 15.345 -0.0275406 0.0718316 0.993166
779.84 28.6854 -0.121119 -0.131554 1.40366
919.89 165.313 0.0824869 -0.182332 0.976386
818.789 127.921 0.0526285 -0.0920385 0.955746
762.791 377.985 0.269386 -0.0566175 0.956831
838.53 375.151 0.286346 -0.139474 0.986776
733.052 5.89096 -0.166001 -0.0557733 1.44256
852.487 125.133 0.0514677 -0.125832 0.984456
808.527 17.6344 -0.127392 -0.172905 1.38294
753.367 35.9882 -0.0865831 -0.0786666 1.32364
824.627 105.805 0.0370089 -0.101983 0.984386
650.047 26.2777 -0.0254357 0.0374825 1.026
746.67 19.2204 -0.304562 -0.116338 1.79351
523.227 95.6133 0.0248696 0.146043 1.01279
802.189 38.922 -0.127016 -0.184147 1.46134
511.637 76.0657 0.0121982 0.1451 0.992058
791.1 54.7273 0.000394925 -0.0745811 0.992137
846.729 35.102 -0.0122788 -0.116929 0.992579
614.642 69.1896 0.00952348 0.0617964 0.980768
616.587 250.397 0.144679 0.0697174 0.95935
761.975 377.57 0.271538 -0.0564313 0.961098
857.826 359.582 0.263438 -0.153543 0.977961
534.716 113.814 0.0396684 0.12653 0.977308
862.703 286.397 0.18134 -0.142423 0.961868
536.589 118.211 0.0427112 0.128982 0.98727
801.814 44.2456 -0.00432856 -0.0791534 0.973774
551.484 366.149 0.151575 0.0725561 0.772804
601.036 378.423 0.274398 0.100542 0.969992
856.24 36.5475 -0.0117794 -0.125535 0.996557
642.337 5.04192 -0.034764 0.0396407 0.9988
642.656 4.92311 -0.0354753 0.0397657 1.00216
587.867 361.122 0.241998 0.103018 0.94658
616.053 70.1686 0.00944533 0.0622426 0.989328
653.872 169.042 0.0874288 0.0452799 1.0534
706.157 50.4476 -0.0079046 -0.00845876 1.02756
883.002 156.316 0.0761163 -0.15701 0.992595
598.401 383.66 0.260825 0.0939996 0.93873
798.491 381.6 0.262341 -0.0863555 0.938011
866.478 361.352 0.240635 -0.143753 0.933975
499.438 384.536 0.279557 0.201442 0.970756
641.07 165.945 0.0753844 0.0401972 0.930404
788.609 60.1057 0.00382145 -0.0731571 0.994208
799.391 380.452 0.261756 -0.087324 0.938972
529.541 258.589 0.1588 0.15676 0.990543
657.839 63.8773 0.00625732 0.0287732 0.982246
799.281 381.454 0.264307 -0.0878743 0.941375
555.827 111.005 0.0325723 0.0589198 0.784248
774.996 18.3089 -0.151605 -0.130352 1.44946
740.05 357.317 0.239263 -0.0336786 0.943187
858.145 400.55 0.307263 -0.157183 0.971317
858.841 291.882 0.188915 -0.142173 0.968732
766.022 381.816 0.26339 -0.0573508 0.940403
813.553 34.5815 -0.224617 -0.269599 1.68874
782.507 306.834 0.193328 -0.0699796 0.947244
765.59 381.729 0.256187 -0.0552667 0.928989
845.411 5.36989 -0.0351399 -0.118952 1.0116
659.086 1.19675 -0.0354593 0.0260771 0.990381
710.185 151.846 0.0649403 -0.00959162 0.909818
769.851 382.898 0.257785 -0.0591401 0.929506
751.017 31.5441 -0.123139 -0.085248 1.41891
642.967 144.428 0.0629869 0.0430785 0.972154
660.189 63.6138 0.00561358 0.0273997 0.987321
716.511 378.906 0.266683 -0.0125702 0.952417
675.623 419.838 0.306645 0.0272248 0.945085
715.464 382.633 0.26387 -0.0114178 0.941475
778.753 352.827 0.240623 -0.0697908 0.952752
558.929 0.149384 -0.0404245 0.104864 1.00785
654.502 569.3 0.177588 0.0150468 0.665755
594.485 417.834 0.268307 0.088891 0.8982
527.791 260.218 0.157004 0.15337 0.978439
806.094 571.516 0.176123 -0.0384362 0.661653
763.968 414.042 0.297852 -0.0565158 0.939434
568.721 23.8114 -0.0242662 0.0986714 1.00471
651.813 530.476 0.204075 0.020801 0.715075
558.036 339.987 0.215158 0.122183 0.93569
713.348 614.285 0.202205 -0.00570444 0.668004
712.681 201.342 0.135972 -0.0138952 1.22358
524.866 391.304 0.31037 0.197069 1.00499
628.757 383.394 0.252029 0.06345 0.92393
918.258 81.3835 0.0197418 -0.180291 0.998923
554.752 326.619 0.181279 0.105276 0.887713
628.681 558.764 0.398988 0.0682656 0.871431
629.479 383.908 0.257484 0.0646224 0.9319
797.311 409.896 0.306799 -0.0920175 0.957108
606.8 408.534 0.311123 0.0996336 0.971725
681.386 383.909 0.252726 0.018105 0.922562
616.474 254.768 0.146496 0.06867 0.952216
710.799 165.617 0.0860924 -0.0112166 1.07449
858.603 26.0365 -0.013083 -0.115397 0.957135
485.795 422.719 0.329464 0.229725 0.976699
493.441 419.858 0.340845 0.234225 0.996195
505.273 419.809 0.35973 0.237374 1.02032
825.4 102.416 0.0345211 -0.102856 0.986303
683.498 446.876 0.994357 0.115718 1.53096
807.091 362.92 0.257599 -0.0992888 0.963109
645.353 170.073 0.0811243 0.0409071 0.959023
576.207 24.7545 -0.0196725 0.0871574 0.980182
854.265 567.428 0.497187 -0.162387 0.927387
508.364 417.931 0.366804 0.241583 1.03284
709.783 125.987 0.0490151 -0.00964404 0.916883
705.614 32.8015 -0.011575 -0.00808926 0.966785
847.995 512.07 0.219145 -0.0737119 0.740851
682.536 384.123 0.259321 0.0179133 0.932776
713.849 194.313 0.128747 -0.0162984 1.27422
579.803 453.556 0.48183 0.193404 1.09086
541.499 435.328 0.393287 0.205915 1.03145
494.423 420.105 0.34133 0.233342 0.996359
785.88 309.023 0.197371 -0.0738935 0.952018
865.681 298.474 0.195174 -0.148982 0.968219
846.856 379.837 0.26791 -0.133886 0.948298
523.078 164.763 0.0793001 0.15516 1.00982
892.434 156.716 0.0741402 -0.151438 0.957796
771.964 599.905 0.423142 -0.0562514 0.848135
600.305 413.192 0.303248 0.100831 0.953344
834.892 444.901 0.356904 -0.136401 0.963591
533.462 297.828 0.194296 0.156963 0.983383
539.57 42.1228 -0.0119838 0.122781 1.00279
917.434 164.25 0.0825073 -0.185036 0.987143
811.813 428.235 0.276096 -0.0885658 0.889019
831.311 411.212 0.333238 -0.137604 0.989291
600.964 378.018 0.272727 0.0999327 0.968001
602.598 126.389 0.0494072 0.0822232 1.01294
661.638 163.294 0.0656458 0.0971207 1.50514
533.183 284.221 0.183322 0.157851 0.990343
717.848 458.805 0.349021 -0.0126686 0.938289
842.487 123.73 0.0503124 -0.117762 0.985049
643.782 426.477 0.296989 0.0539576 0.923453
840.714 357.177 0.255332 -0.132911 0.968931
855.296 399.395 0.316666 -0.160744 0.986712
533.62 57.6784 0.000853412 0.122735 0.982734
777.475 515.633 0.215199 -0.0378491 0.735095
661.465 18.3368 -0.0323588 0.0284058 1.03415
747.595 359.326 0.233213 -0.0390056 0.92826
848.574 31.8293 -0.0129118 -0.115251 0.98188
523.396 260.712 0.153266 0.150788 0.963503
543.925 60.5139 0.000731803 0.121238 1.00228
628.232 384.399 0.258873 0.0660957 0.933368
673 459.516 0.322946 0.0279538 0.909506
919.261 86.837 0.0238021 -0.181043 0.997211
914.998 168.614 0.0867222 -0.187515 0.995853
920.689 303.376 0.298814 -0.354475 1.2157
764.243 414.29 0.297276 -0.0566073 0.938263
682.59 411.248 0.302925 0.0208401 0.953353
889.185 336.3 0.23127 -0.173909 0.963432
883.305 336.95 0.241087 -0.177201 0.982109
829.946 359.772 0.245858 -0.11576 0.947398
849.718 446.194 0.367525 -0.15653 0.973111
567.532 576.783 0.154506 0.0391765 0.638786
595.99 381.781 0.260098 0.0965728 0.940811
843.878 122.931 0.0496746 -0.115802 0.974277
704.747 105.403 0.0029255 -0.00456179 0.572326
640.685 18.7508 -0.02634 0.0418507 1.00123
869.482 248.846 0.149066 -0.145881 0.966593
866.537 272.103 0.171637 -0.148138 0.972278
509.482 390.473 0.299399 0.204718 0.990447
566.534 572.334 0.174945 0.0455322 0.66244
852.881 374.241 0.268366 -0.14292 0.95871
756.745 415.828 0.317642 -0.0529374 0.96341
542.549 62.9925 0.00216409 0.123406 1.00482
802.115 414.986 0.32312 -0.100859 0.97052
649.882 157.007 0.0741683 0.0418137 1.00166
888.408 89.3276 0.0248652 -0.158577 1.00395
526.43 271.393 0.171185 0.16239 0.991678
842.891 94.3896 0.028538 -0.118788 0.995346
540.499 43.2019 -0.0131061 0.126258 1.01589
842.7 121.335 0.0485406 -0.117905 0.985576
609.5 452.751 0.370526 0.104464 0.974121
657.831 35.2015 -0.0154095 0.0293536 1.00216
711.829 178.108 0.0985625 -0.0121225 1.07837
602.166 40.5398 -0.0189975 0.0819295 1.04565
500.147 390.1 0.282974 0.199323 0.966075
672.834 425.492 0.296152 0.0276972 0.922919
710.382 125.224 0.0497858 -0.0105826 0.971546
635.56 138.044 0.0551216 0.0391667 0.903973
564.988 573.146 0.174488 0.0458748 0.661595
602.489 410.995 0.304495 0.100085 0.958556
843.61 438.936 0.379316 -0.159469 0.998165
723.56 419.343 0.305744 -0.0186648 0.943154
559.888 99.6 0.0102087 0.0259642 0.621837
604.106 173.206 0.082995 0.0734081 0.959448
864.512 176.673 0.0934532 -0.147129 1.00367
853.838 123.658 0.0503822 -0.126468 0.983326
502.128 384.104 0.284789 0.204156 0.979832
799.836 384.262 0.255806 -0.084189 0.923191
867.171 363.609 0.243679 -0.145217 0.935343
854.46 121.326 0.0486521 -0.125027 0.977534
779.118 520.655 0.212195 -0.0377352 0.728444
598.694 153.789 0.0694047 0.0788385 0.972092
703.835 19.9622 -0.0256752 -0.00699017 1.00546
793.3 478.648 0.421212 -0.100548 0.981505
677.834 318.558 0.206611 0.0211086 0.956951
706.583 71.5183 0.0125385 -0.00834301 0.974292
618.521 204.78 0.119557 0.081402 1.04235
869.935 243.072 0.14495 -0.147001 0.970235
860.153 359.107 0.242124 -0.140645 0.940861
597.682 158.812 0.0734169 0.0809643 0.975995
840.67 388.525 0.469977 -0.25002 1.22217
508.753 149.517 0.0657046 0.154627 0.984459
632.961 416.706 0.292203 0.064593 0.931715
852.252 78.1036 0.0166923 -0.126125 0.998701
856.873 3.56411 -0.0347001 -0.125653 1.00366
637.846 77.2749 0.0154171 0.0442026 0.978146
606.999 147.632 0.0493594 0.178527 1.39267
878.556 314.714 -0.142962 0.00382813 0.152468
816.535 461.895 0.498116 -0.163221 1.08074
711.832 173.232 0.0859829 -0.0112264 0.976134
854.796 459.227 0.537294 -0.243665 1.12036
671.047 240.228 0.191054 0.0507981 1.22347
649.543 216.622 0.114688 0.038463 0.945908
673.452 426.837 0.310646 0.0291186 0.939773
944.1 270.279 0.217565 -0.313316 1.12451
498.067 336.979 0.21199 0.17308 0.937191
631.839 107.74 -0.0505301 0.162997 1.56187
533.256 492.188 0.275574 0.115224 0.824094
533.083 184.984 0.0951643 0.144411 0.99688
587.947 360.77 0.244844 0.104815 0.952421
864.356 360.575 0.238436 -0.140789 0.931504
862.368 561.982 0.181492 -0.0607824 0.671235
840.165 368.428 0.248803 -0.122291 0.936706
517.919 117.583 0.0418907 0.147216 0.996146
544.706 122.668 0.0456537 0.133893 1.0199
725.585 528.891 0.204177 -0.0120237 0.715205
606.307 452.295 0.368373 0.107281 0.972526
605.177 453.594 0.365489 0.106907 0.967389
755.036 476.699 0.449574 -0.0605289 1.01235
678.866 385.346 0.242387 0.0187397 0.903708
580.436 69.8837 0.00794911 0.0923305 0.999335
522.564 188.192 0.0955232 0.146323 0.977885
778.065 353.171 0.243674 -0.0700864 0.957798
615.921 252.794 0.144896 0.0690117 0.952468
655.81 181.099 0.100051 0.0462556 1.07033
616.516 186.381 0.101052 0.2472 1.63414
636.888 153.719 0.0695332 0.047749 0.967352
720.249 14.2196 -0.245199 -0.040498 1.65251
796.128 376.486 0.276542 -0.0914253 0.969971
713.174 1.28798 -0.0380223 -0.014495 1.00646
610.052 181.091 0.0920455 0.0752446 0.987614
564.591 70.5035 0.0104976 0.0981105 0.973706
839.278 375.809 0.281135 -0.136741 0.977081
756.878 13.4684 -0.279009 -0.13346 1.72158
737.61 10.9976 -0.291139 -0.0868596 1.73634
578.101 68.9322 0.00812905 0.0918682 0.990212
596.722 4.8608 -0.0340136 0.0729659 0.992008
714.652 248.501 0.143872 -0.0124734 0.956792
866.238 299.357 0.194405 -0.147939 0.964009
911.907 84.7779 0.0227654 -0.171318 0.988748
616.774 257.228 0.151853 0.0711851 0.964182
652.836 254.381 0.147118 0.0388959 0.953727
680.968 378.843 0.266747 0.0208138 0.953867
534.315 284.686 0.184972 0.158438 0.993883
571.258 316.509 0.203703 0.116042 0.959249
504.8 72.3731 0.0105634 0.145604 0.980712
