719.226 375.677 0.267412 -0.0125749 0.953541
637.764 375.851 0.268532 0.0645634 0.957645
600.074 151.964 0.0712692 0.0801071 0.970968
798.526 350.803 0.239676 -0.0841371 0.948048
789.147 304.708 0.19618 -0.0737313 0.951026
718.185 244.843 0.143458 -0.012751 0.954439
924.134 81.7663 0.0235593 -0.18091 0.996461
513.05 88.5691 0.0245949 0.146639 0.987046
850.635 31.9292 -0.0114163 -0.117566 0.995671
873.199 242.395 0.148564 -0.148556 0.974427
571.349 312.473 0.199542 0.115059 0.949987
570.933 67.5179 0.0108423 0.0988886 0.985413
616.76 250.385 0.144561 0.0695311 0.946273
655.68 246.739 0.143154 0.0383944 0.950406
573.323 311.589 0.201089 0.115193 0.955677
523.081 258.14 0.152417 0.150372 0.956064
860.379 283.851 0.188776 -0.144507 0.981097
747.283 353.44 0.245919 -0.0387592 0.956338
797.377 349.511 0.245656 -0.0861612 0.961822
522.619 81.9359 0.0183289 0.146755 1.01034
571.482 62.9503 0.00811374 0.0971276 0.981816
641.949 141.617 0.0638254 0.0453784 0.964064
573.853 69.6072 0.0113991 0.0993785 0.995374
537.187 286.588 0.189645 0.158032 0.991253
542.754 43.5674 -0.00775746 0.123643 1.00384
918.375 81.2732 0.02194 -0.183381 1.01349
810.706 359.013 0.257295 -0.100099 0.964108
850.545 33.8965 -0.0100316 -0.117478 0.995097
663.688 62.3674 0.00732712 0.028082 0.995288
719.041 238.928 0.137483 -0.0134041 0.95003
914.126 156.664 0.0742316 -0.150053 0.92103
826.537 43.9978 -0.00228415 -0.097139 0.985015
620.599 63.5638 0.00818899 0.0612555 0.990443
657.701 243.421 0.142615 0.0376116 0.959168
818.053 135.884 0.0618751 -0.0922931 0.969799
873.152 267.616 0.16683 -0.145828 0.959768
817.028 135.754 0.0620581 -0.0934479 0.978567
821.318 129.517 0.0569877 -0.0918225 0.958182
658.488 246.663 0.14689 0.0378401 0.965168
640.683 146.66 0.067585 0.0469741 0.966529
604.968 145.856 0.0671968 0.0775888 0.979675
911.109 161.129 0.0858659 -0.194039 1.02713
919.98 84.3133 0.0247539 -0.18176 1.00564
790.407 297.189 0.220535 -0.0913357 1.03337
831.316 149.668 0.0765374 -0.140158 1.10337
497.594 80.7099 -0.0915779 0.442853 1.54594
525.415 189.326 0.10059 0.149557 0.984105
842.717 352.769 0.251664 -0.130287 0.964998
618.93 65.6433 0.0101289 0.061715 0.984633
661.157 59.6028 0.0069975 0.0286052 0.979487
813.443 10.753 -0.129081 -0.174195 1.37791
793.842 51.3793 0.00191657 -0.0730599 0.9883
839.002 18.5239 -0.0795798 -0.178048 1.25429
602.948 10.4073 -0.0273668 0.0717635 0.993476
782.659 25.083 -0.120946 -0.131622 1.40397
924.088 161.389 0.0826607 -0.1824 0.976695
822.777 123.557 0.0528023 -0.0921067 0.956055
765.633 374.816 0.26956 -0.0566856 0.957141
841.398 372.296 0.28652 -0.139542 0.987086
735.651 2.20333 -0.165827 -0.0558415 1.44287
856.489 120.938 0.0516415 -0.1259 0.984765
811.574 13.8757 -0.127218 -0.172973 1.38325
756.185 32.3226 -0.0864093 -0.0787347 1.32395
828.58 101.462 0.0371827 -0.102051 0.984695
653.431 21.5892 -0.0252619 0.0374144 1.02631
748.866 15.9708 -0.304388 -0.116406 1.79382
526.291 91.2799 0.0250434 0.145975 1.0131
805.002 35.4708 -0.126842 -0.184215 1.46165
514.815 71.4999 0.012372 0.145032 0.992368
795.06 50.0528 0.000568718 -0.0746492 0.992447
851.026 30.2783 -0.012105 -0.116997 0.992889
618.041 64.5304 0.00969727 0.0617283 0.981078
619.644 246.546 0.144853 0.0696493 0.95966
764.795 374.423 0.271712 -0.0564994 0.961407
860.863 356.657 0.263612 -0.153611 0.978271
537.916 109.37 0.0398422 0.126462 0.977618
866.17 283.053 0.181514 -0.142491 0.962178
539.736 113.853 0.042885 0.128914 0.98758
805.951 39.3875 -0.00415477 -0.0792215 0.974084
555.503 360.952 0.151748 0.072488 0.773114
603.72 374.999 0.274572 0.100473 0.970301
860.562 31.7561 -0.0116057 -0.125604 0.996867
645.879 0.0561905 -0.0345902 0.0395726 0.99911
590.707 357.5 0.242172 0.10295 0.946889
619.411 65.5676 0.00961912 0.0621745 0.989637
656.777 165.367 0.0876026 0.0452118 1.05371
709.64 45.9304 -0.0077308 -0.00852688 1.02787
886.978 152.397 0.0762901 -0.157078 0.992904
601.219 380.059 0.260999 0.0939315 0.939039
801.488 378.403 0.262515 -0.0864236 0.93832
869.769 358.187 0.240808 -0.143821 0.934284
502.233 380.915 0.279731 0.201374 0.971066
644.539 161.526 0.0755582 0.0401291 0.930714
792.529 55.4823 0.00399525 -0.0732252 0.994518
802.39 377.258 0.26193 -0.0873921 0.939282
532.422 254.846 0.158974 0.156692 0.990853
661.349 59.1987 0.00643111 0.0287051 0.982555
802.261 378.278 0.264481 -0.0879425 0.941685
560.398 104.778 0.0327461 0.0588517 0.784557
777.751 14.6904 -0.151431 -0.13042 1.44977
743.006 353.954 0.239437 -0.0337467 0.943497
861.025 397.742 0.307437 -0.157251 0.971627
862.235 288.602 0.189089 -0.142241 0.969042
768.942 378.567 0.263564 -0.0574189 0.940712
816.187 31.3035 -0.224444 -0.269667 1.68905
785.72 303.375 0.193502 -0.0700477 0.947554
768.574 378.407 0.256361 -0.0553348 0.929299
849.73 0.404034 -0.0349661 -0.11902 1.01191
713.98 147.247 0.0651141 -0.00965973 0.910127
772.835 379.592 0.257959 -0.0592083 0.929815
753.661 28.017 -0.122965 -0.0853161 1.41922
646.275 140.171 0.0631607 0.0430104 0.972464
663.681 58.964 0.00578737 0.0273316 0.98763
719.309 375.619 0.266856 -0.0126383 0.952727
678.295 416.517 0.306819 0.0271567 0.945395
718.306 379.288 0.264044 -0.0114859 0.941785
781.746 349.58 0.240797 -0.0698589 0.953061
659.332 563.256 0.177762 0.0149787 0.666064
597.432 414.026 0.268481 0.0888229 0.89851
530.721 256.408 0.157177 0.153301 0.978748
811.207 565.806 0.176296 -0.0385043 0.661963
766.762 410.878 0.298025 -0.0565839 0.939743
572.015 19.0026 -0.0240924 0.0986032 1.00502
656.014 525.179 0.204249 0.0207329 0.715385
560.991 336.19 0.215332 0.122115 0.936
718.003 608.566 0.202379 -0.00577255 0.668314
715.08 198.508 0.136146 -0.0139633 1.22389
527.478 387.919 0.310544 0.197001 1.0053
631.646 379.762 0.252203 0.0633819 0.92424
922.722 76.9631 0.0199156 -0.180359 0.999233
557.996 322.441 0.181453 0.105208 0.888023
631.352 554.984 0.399161 0.0681975 0.871741
632.323 380.33 0.257657 0.0645543 0.932209
800.081 406.9 0.306973 -0.0920857 0.957417
609.398 405.184 0.311297 0.0995655 0.972034
684.298 380.377 0.252899 0.0180369 0.922872
619.556 250.889 0.14667 0.0686019 0.952526
713.756 162.054 0.0862662 -0.0112847 1.0748
863.176 20.9351 -0.0129092 -0.115465 0.957445
488.548 419.127 0.329637 0.229657 0.977009
496.112 416.378 0.341019 0.234157 0.996505
507.838 416.466 0.359904 0.237306 1.02063
829.361 98.061 0.0346949 -0.102924 0.986613
684.62 445.166 0.99453 0.11565 1.53127
810.051 359.825 0.257773 -0.0993569 0.963418
648.663 165.874 0.0812981 0.0408389 0.959333
579.632 19.8039 -0.0194987 0.0870892 0.980492
856.54 564.724 0.497361 -0.162455 0.927697
510.885 414.649 0.366978 0.241515 1.03315
713.616 121.284 0.0491888 -0.00971215 0.917192
709.441 27.816 -0.0114012 -0.00815737 0.967094
852.199 507.603 0.219318 -0.07378 0.741161
685.392 380.661 0.259494 0.0178452 0.933086
716.152 191.584 0.128921 -0.0163665 1.27453
581.927 450.667 0.482004 0.193336 1.09117
543.918 432.123 0.39346 0.205847 1.03176
497.091 416.628 0.341503 0.233274 0.996669
789.067 305.609 0.197544 -0.0739616 0.952327
869.072 295.233 0.195348 -0.14905 0.968529
849.922 376.796 0.268084 -0.133954 0.948608
526.04 160.757 0.0794739 0.155092 1.01013
896.625 152.603 0.074314 -0.151506 0.958106
774.563 596.447 0.423315 -0.0563195 0.848444
602.978 409.733 0.303421 0.100763 0.953654
837.545 442.128 0.357078 -0.136469 0.963901
536.301 294.168 0.19447 0.156895 0.983692
542.79 37.4223 -0.01181 0.122713 1.0031
921.573 160.378 0.0826811 -0.185104 0.987453
814.938 424.886 0.27627 -0.088634 0.889328
833.985 408.473 0.333412 -0.137673 0.9896
603.658 374.582 0.272901 0.0998646 0.968311
605.691 122.251 0.049581 0.0821551 1.01324
663.505 160.861 0.0658196 0.0970526 1.50545
536.018 280.562 0.183496 0.157783 0.990653
720.433 455.619 0.349195 -0.0127367 0.938599
846.446 119.524 0.0504862 -0.117831 0.985358
646.546 422.963 0.297163 0.0538895 0.923762
843.757 354.159 0.255506 -0.132979 0.969241
858.097 396.659 0.31684 -0.160812 0.987022
536.896 52.951 0.0010272 0.122666 0.983043
781.601 510.915 0.215373 -0.0379172 0.735405
664.867 13.6316 -0.032185 0.0283377 1.03446
750.639 355.889 0.233387 -0.0390737 0.92857
852.945 26.9203 -0.012738 -0.115319 0.98219
526.392 256.808 0.153439 0.150719 0.963812
547.119 55.9225 0.000905596 0.12117 1.00259
631.068 380.828 0.259046 0.0660276 0.933678
675.734 456.04 0.323119 0.0278857 0.909816
923.714 82.4505 0.0239759 -0.181111 0.997521
919.065 164.818 0.086896 -0.187583 0.996163
923.424 301.264 0.298987 -0.354543 1.21601
767.043 411.12 0.29745 -0.0566754 0.938572
685.25 407.973 0.303098 0.020772 0.953662
892.511 333.25 0.231444 -0.173977 0.963742
886.513 333.999 0.241261 -0.177269 0.982419
833.061 356.615 0.246032 -0.115828 0.947708
852.348 443.513 0.367699 -0.156598 0.973421
572.808 569.94 0.15468 0.0391084 0.639096
598.804 378.184 0.260272 0.0965047 0.941121
847.9 118.658 0.0498484 -0.115871 0.974586
714.149 93.6566 0.00309929 -0.00462991 0.572635
644.176 13.8765 -0.0261662 0.0417826 1.00154
873.118 245.339 0.14924 -0.145949 0.966903
870.03 268.753 0.171811 -0.148207 0.972588
512.176 386.983 0.299573 0.20465 0.990757
571.375 565.994 0.175119 0.0454641 0.66275
855.934 371.254 0.268539 -0.142989 0.95902
759.396 412.791 0.317816 -0.0530055 0.963719
545.726 58.4307 0.00233788 0.123338 1.00513
804.804 412.091 0.323294 -0.100927 0.97083
653.029 152.997 0.074342 0.0417456 1.00197
892.649 84.9889 0.025039 -0.158646 1.00426
529.287 267.694 0.171359 0.162322 0.991988
846.921 90.0321 0.0287118 -0.118856 0.995656
543.66 38.5831 -0.0129323 0.12619 1.01619
846.667 117.115 0.0487144 -0.117973 0.985885
611.973 449.467 0.3707 0.104396 0.97443
661.322 30.4451 -0.0152357 0.0292855 1.00247
714.736 174.631 0.0987362 -0.0121906 1.07868
605.313 36.0557 -0.0188237 0.0818613 1.04596
502.95 386.462 0.283148 0.199255 0.966384
675.605 422.041 0.296326 0.0276291 0.923229
713.912 120.887 0.0499596 -0.0106507 0.971855
639.254 133.268 0.0552954 0.0390986 0.904283
569.841 566.787 0.174662 0.0458067 0.661905
605.143 407.567 0.304668 0.100017 0.958865
846.139 436.35 0.379489 -0.159537 0.998474
726.268 416.121 0.305917 -0.0187329 0.943464
567.155 89.7685 0.0103825 0.0258961 0.622147
607.342 168.994 0.0831688 0.07334 0.959758
868.264 172.936 0.093627 -0.147197 1.00398
857.857 119.446 0.050556 -0.126536 0.983636
504.884 380.537 0.284963 0.204088 0.980142
802.91 380.981 0.25598 -0.0842571 0.923501
870.445 360.464 0.243853 -0.145285 0.935653
858.52 117.065 0.0488259 -0.125095 0.977843
783.313 515.862 0.212369 -0.0378033 0.728753
601.906 149.555 0.0695785 0.0787704 0.972402
707.502 15.1095 -0.0255014 -0.00705828 1.00577
795.641 475.928 0.421386 -0.100616 0.981815
680.768 315.036 0.206785 0.0210404 0.957261
710.255 66.8497 0.0127123 -0.00841113 0.974601
621.329 201.199 0.119731 0.0813339 1.04265
873.58 239.555 0.145124 -0.147069 0.970545
863.395 355.965 0.242298 -0.140713 0.94117
600.862 154.628 0.0735907 0.0808961 0.976304
842.665 386.623 0.470151 -0.250088 1.22248
511.845 145.283 0.0658784 0.154559 0.984769
635.714 413.201 0.292377 0.0645249 0.932024
856.377 73.6457 0.0168661 -0.126193 0.999011
641.29 72.6546 0.0155909 0.0441345 0.978456
609.009 144.905 0.0495332 0.178459 1.39298
818.564 459.639 0.498289 -0.16329 1.08105
715.19 169.206 0.0861566 -0.0112945 0.976444
856.769 457.215 0.537467 -0.243733 1.12067
673.265 237.539 0.191228 0.05073 1.22378
652.799 212.573 0.114862 0.0383949 0.946218
676.128 423.493 0.31082 0.0290504 0.940082
947.36 267.723 0.217739 -0.313385 1.12482
501.076 333.079 0.212163 0.173012 0.937501
633.691 105.076 -0.0503563 0.162929 1.56218
536.546 487.757 0.275748 0.115156 0.824404
536.067 181.001 0.0953381 0.144343 0.997189
590.76 357.182 0.245018 0.104747 0.95273
867.658 357.387 0.23861 -0.140857 0.931814
867.465 556.585 0.181666 -0.0608505 0.671545
843.329 365.258 0.248977 -0.122359 0.937015
521.015 113.267 0.0420645 0.147148 0.996456
547.71 118.525 0.0458275 0.133825 1.02021
729.852 523.786 0.204351 -0.0120918 0.715514
608.791 448.995 0.368547 0.107213 0.972836
607.681 450.267 0.365663 0.106839 0.967698
757.211 474.011 0.449748 -0.060597 1.01266
681.881 381.686 0.24256 0.0186716 0.904017
583.68 65.3352 0.0081229 0.0922624 0.999645
525.623 184.101 0.095697 0.146255 0.978194
781.028 349.954 0.243848 -0.0701545 0.958107
619.006 248.908 0.14507 0.0689436 0.952777
658.623 177.565 0.100225 0.0461875 1.07064
618.13 184.251 0.101226 0.247132 1.63445
640.184 149.48 0.069707 0.0476809 0.967662
722.475 10.8641 -0.245025 -0.0405661 1.65282
798.971 373.457 0.276716 -0.0914934 0.970281
613.14 177.096 0.0922193 0.0751765 0.987924
567.93 65.7999 0.0106714 0.0980423 0.974015
842.192 372.905 0.281309 -0.136809 0.977391
759.215 10.1018 -0.278835 -0.133528 1.72189
739.837 7.65051 -0.290965 -0.0869277 1.73665
581.385 64.3235 0.00830284 0.0918 0.990521
717.87 244.745 0.144046 -0.0125415 0.957101
869.649 296.097 0.194579 -0.148007 0.964319
916.366 80.3286 0.0229392 -0.171387 0.989057
619.79 253.435 0.152026 0.071117 0.964492
655.949 250.556 0.147292 0.0388278 0.954037
683.73 375.492 0.26692 0.0207457 0.954177
537.134 281.05 0.185146 0.15837 0.994193
574.147 312.819 0.203877 0.115974 0.959559
508.032 67.7148 0.0107372 0.145536 0.981022
