633.2 217.853 0.171032 0.0368141 0.745186
855.481 65.3008 0.110451 -0.0679517 0.780131
916.066 273.962 0.210628 -0.10756 0.766076
609.694 71.5885 0.109866 0.0439089 0.757817
580.026 222.76 0.174334 0.0622449 0.749344
720.544 210.728 0.169887 -0.00355858 0.750178
576.17 215.858 0.166257 0.0605647 0.734606
731.974 250.989 0.259004 -0.50493 4.94789
718.5 243.028 -0.0878764 -0.139398 5.49917
909.735 19.7109 0.0910863 -0.0842847 0.76023
633.255 204.795 0.162729 0.0355821 0.738026
725.843 206.244 -0.115466 -0.218351 3.90724
516.146 306.247 0.21443 0.0970605 0.744111
925.635 20.2141 0.0911163 -0.0891007 0.754347
721.226 196.416 0.158383 -0.00321972 0.733983
607.497 58.3371 0.103019 0.0420919 0.739806
720.775 210.087 0.173325 -0.00415061 0.762283
585.609 120.076 0.037531 0.431186 1.93238
827.178 293.263 0.197907 -0.0494297 0.717657
531.242 375.119 0.230067 0.0827571 0.706293
608.324 50.6277 0.100068 0.0413639 0.738478
924.189 263.096 0.200563 -0.10666 0.75642
862.345 48.9986 0.102884 -0.0676402 0.769427
723.036 195.661 0.158725 -0.00410553 0.736249
578.007 218.806 0.169546 0.0611256 0.74052
934.401 280.609 0.206926 -0.110149 0.748937
580.635 218.07 0.170166 0.0604996 0.743424
818.659 292.011 0.225792 -0.0595811 0.778275
557.833 84.7556 0.116761 0.0703373 0.774382
508.404 304.249 0.205314 0.0947078 0.727755
876.05 8.77974 0.0870649 -0.0731192 0.77396
898.379 38.6137 0.0993744 -0.0866009 0.780158
858.3 59.3484 0.107552 -0.0677429 0.775204
921.265 268.77 0.204152 -0.106209 0.757661
954.119 90.5821 0.122363 -0.117732 0.782795
756.086 362.831 0.244661 -0.0209471 0.735949
634.9 209.723 0.168096 0.0360881 0.748033
613.857 390.395 0.282902 0.0587742 0.769257
778.972 385.666 0.295722 -0.0423537 0.788612
916.824 367.381 0.266793 -0.116108 0.762558
501.339 305.245 0.200024 0.0937259 0.716045
851.991 372.328 0.253794 -0.0715484 0.739327
747.004 361.664 0.274068 -0.0209759 0.783716
870.164 381.217 0.317428 -0.114455 0.821962
721.524 388.756 0.284325 -0.00488506 0.770592
631.924 210.885 0.165824 0.0364788 0.739087
916.086 30.9113 0.0960253 -0.0921838 0.773845
942.54 332.834 0.259477 -0.140413 0.788718
822.084 384.714 0.300583 -0.0719718 0.795475
863.565 45.9676 0.101256 -0.0664271 0.763116
899.97 364.21 0.251512 -0.0974088 0.742578
909.379 40.4016 0.100442 -0.0937744 0.786069
672.53 393.537 0.265568 0.0223165 0.740537
830.35 298.724 0.21877 -0.060416 0.754944
611.595 391.899 0.275173 0.0576119 0.756872
609.507 40.2494 0.0959832 0.040066 0.734088
712.876 95.0493 0.134475 -0.00504536 0.929848
552.445 55.4996 0.102419 0.0655185 0.747711
953.339 204.701 0.162944 -0.104695 0.731497
713.223 100.542 0.132966 -0.0032621 0.852977
538.036 458.789 0.261632 0.0798517 0.687376
799.469 454.538 0.260079 -0.035679 0.684378
543.03 406.528 0.240242 0.0767681 0.696589
542.916 451.553 0.257328 0.0770321 0.686997
848.63 405 0.237733 -0.0563979 0.689392
571.891 388.062 0.293181 0.0886616 0.787222
548.964 69.1653 0.108048 0.0685382 0.752015
820.754 291.524 0.200306 -0.0480794 0.724635
933.313 291.386 0.220562 -0.118214 0.765274
552.952 514.496 0.315925 0.0848213 0.707326
489.541 538.338 0.363683 0.135947 0.734522
851.572 455.156 0.282243 -0.0668133 0.708659
901.207 502.196 0.310761 -0.0945311 0.704798
902.951 392.101 0.263903 -0.0983648 0.735056
904.285 504.21 0.326193 -0.102946 0.717988
897.919 497.468 0.314122 -0.0954385 0.71132
841.385 396.96 0.253791 -0.0610877 0.717941
911.414 396.21 0.257052 -0.0972182 0.721838
943.12 371.232 0.234046 -0.103941 0.70861
913.653 493.239 0.326206 -0.110896 0.725727
540.118 455.109 0.250407 0.0749725 0.676384
929.041 368.261 0.248583 -0.108952 0.733685
680.264 402.419 0.264398 0.0179522 0.730942
492.281 387.544 0.366009 0.195874 0.891681
494.144 339.068 0.217998 0.100594 0.718155
898.868 451.948 0.287964 -0.0938133 0.716696
607.54 560.089 0.34401 0.0585636 0.701568
939.643 434.031 0.270508 -0.108805 0.708931
859.55 461.591 0.273279 -0.0660489 0.693892
864.22 464.102 0.287304 -0.0734417 0.70767
611.62 68.0703 0.108551 0.0430727 0.75867
926.655 283.462 0.214922 -0.112876 0.763222
723.676 453.134 0.267436 -0.0027547 0.695116
735.666 497.619 0.217918 -0.0028496 0.613428
795.456 400.443 0.250575 -0.0374704 0.711457
923.423 333.059 0.284824 -0.151478 0.833128
558.244 365.221 0.249445 0.081366 0.745134
793.752 515.755 0.310604 -0.038031 0.697511
676.532 443.564 0.262487 0.0188388 0.696627
878.734 7.87792 0.086612 -0.0722266 0.766497
671.334 406.111 0.241033 0.0203703 0.695942
546.792 369.474 0.24829 0.0858128 0.739459
659.035 523.861 0.284696 0.026569 0.67011
484.536 339.924 0.209573 0.0986623 0.702527
591.832 405.87 0.245266 0.0568679 0.703287
578.468 208.429 0.163975 0.0598789 0.737992
764.042 365.572 0.23291 -0.0223153 0.714744
666.119 462.916 0.249274 0.0219452 0.668378
545.423 577.846 0.326722 0.0834576 0.678114
563.149 550.843 0.360165 0.0885446 0.721488
542.255 456.143 0.26078 0.078029 0.688067
633.868 214.81 0.170002 0.0365517 0.746454
614.745 38.206 0.0951892 0.0378507 0.732855
715.281 157.759 0.192976 -0.00986954 1.04648
628.1 112.579 0.130423 0.0398605 0.782066
595.977 455.203 0.264497 0.0552557 0.692262
539.277 456.378 0.2613 0.0795287 0.688572
841.775 398.603 0.254955 -0.0614502 0.7182
838.229 396.29 0.259784 -0.0621153 0.726892
876.646 7.87781 0.086762 -0.0745395 0.778362
573.591 208.257 0.159832 0.0593293 0.725058
937.684 280.849 0.20534 -0.110052 0.745072
906.324 487.092 0.339981 -0.115412 0.743819
721.749 448.535 0.270359 -0.00214435 0.70181
901.354 213.87 0.20066 -0.124102 0.840954
837.018 438.43 0.27654 -0.0603638 0.714659
559.05 405.265 0.258915 0.0775306 0.723215
895.675 543.467 0.367094 -0.10712 0.726034
866.083 378.996 0.232865 -0.0665813 0.701826
559.677 75.2142 0.112693 0.068946 0.774203
873.147 529.419 0.406533 -0.112421 0.768441
671.15 516.629 0.311584 0.0233877 0.699863
931.711 205.967 0.175632 -0.11169 0.771216
800.624 529.27 0.297638 -0.0373395 0.677092
904.762 362.36 0.267943 -0.111913 0.769843
837.77 360.2 0.234218 -0.0579912 0.720202
750.937 379.868 0.247486 -0.0174466 0.724957
934.849 331.916 0.268128 -0.14425 0.805213
935.362 433.63 0.275945 -0.110268 0.715893
791.734 448.627 0.27418 -0.0360818 0.705086
508.317 16.7416 0.0833403 0.0632148 0.674365
911.95 491.982 0.332891 -0.11371 0.733117
713.59 69.5814 0.104114 0.000523019 0.709467
900.764 542.998 0.362624 -0.108299 0.722678
890.457 489.481 0.320398 -0.0961629 0.723258
718.897 414.322 0.229198 0.000195675 0.673194
898.42 274.062 0.229024 -0.115564 0.809104
715.965 50.5208 -0.119238 -0.0354893 1.8952
725.886 195.482 -0.114042 -0.192245 3.60126
826.564 294.202 0.200295 -0.0501466 0.721697
