632.622 211.843 0.172383 0.0368987 0.747006
857.26 58.2165 0.111457 -0.0676192 0.780242
918.346 269.774 0.211032 -0.107029 0.76537
609.178 63.8065 0.111056 0.0439233 0.759056
578.753 216.702 0.175286 0.0622305 0.749996
720.674 204.95 0.171218 -0.00350938 0.751918
574.965 209.503 0.167384 0.0605905 0.735705
732.103 250.626 0.260717 -0.50499 4.94965
718.621 242.602 -0.0866087 -0.139438 5.50093
912.187 11.5637 0.0920716 -0.0837407 0.760012
632.756 198.487 0.163986 0.0356076 0.739563
726.049 205.576 -0.113917 -0.218345 3.90848
514.581 300.927 0.215681 0.0970809 0.74567
926.502 13.9272 0.0929427 -0.0892957 0.758223
721.816 189.959 0.158651 -0.00320994 0.732347
607.67 51.1525 0.104895 0.0422418 0.744074
720.742 204.632 0.175079 -0.00407091 0.765229
585.421 117.974 0.0388491 0.431235 1.93425
828.049 287.995 0.199238 -0.0494649 0.719476
530.623 369.079 0.232471 0.0831117 0.710398
608.144 42.7487 0.101592 0.0414517 0.741225
925.485 258.497 0.201982 -0.106662 0.758357
864.117 41.8478 0.104156 -0.067749 0.77147
723.04 189.498 0.15925 -0.00385075 0.735113
576.896 212.62 0.170748 0.0611653 0.741829
936.329 276.315 0.2078 -0.109787 0.749355
580.062 211.975 0.171934 0.060662 0.746452
822.838 288.739 0.223251 -0.0592 0.770275
557.351 77.7688 0.118266 0.0704044 0.776889
507.002 298.521 0.20676 0.0947805 0.729817
877.892 1.34413 0.0883542 -0.0730362 0.775503
900.4 31.5935 0.100595 -0.0864495 0.781364
859.921 52.5627 0.108872 -0.0677727 0.777045
923.208 264.158 0.20516 -0.10617 0.758702
948.651 89.3434 0.127593 -0.121312 0.801084
756.124 358.691 0.24577 -0.0208497 0.737169
634.421 203.664 0.169385 0.0361204 0.749668
612.96 386.473 0.284252 0.0588151 0.771029
779.41 382.526 0.296549 -0.0423828 0.789397
916.421 363.216 0.269459 -0.116533 0.767059
500.394 299.202 0.201718 0.0937774 0.718704
851.262 367.574 0.25678 -0.0718175 0.744397
746.901 357.867 0.275662 -0.0209541 0.78599
870.984 378.528 0.318378 -0.114337 0.822976
721.296 385.16 0.285524 -0.00485048 0.772071
631.547 204.629 0.167019 0.036423 0.740477
917.737 24.3445 0.0975468 -0.0923405 0.776617
944.64 329.714 0.259985 -0.139983 0.788581
822.425 381.65 0.301739 -0.0718542 0.796832
866.055 38.1465 0.102227 -0.0663566 0.7634
900.66 360.255 0.253094 -0.0974409 0.744808
911.476 33.5498 0.101667 -0.0936008 0.787214
671.908 389.818 0.266472 0.0223313 0.741288
831.328 294.108 0.220006 -0.060514 0.756623
610.457 388.096 0.276088 0.057606 0.757764
609.192 31.6074 0.0972815 0.0401548 0.736477
713.185 90.1677 0.135753 -0.00499525 0.931513
551.083 46.861 0.103426 0.0654238 0.74794
955.36 199.128 0.164116 -0.104468 0.732654
713.609 95.0879 0.134397 -0.00328189 0.855461
537.516 453.108 0.264188 0.0800542 0.691238
799.501 450.208 0.261705 -0.035673 0.686579
541.858 401.564 0.241653 0.0766799 0.698387
541.493 447.339 0.258722 0.0769419 0.688461
848.448 401.021 0.239573 -0.0561428 0.691496
570.875 384.212 0.294562 0.0886577 0.789061
548.035 61.0586 0.109205 0.0684122 0.752989
821.932 287.408 0.200324 -0.0474264 0.722508
934.402 287.153 0.221997 -0.118188 0.767318
552.099 510.425 0.317937 0.0847862 0.70992
489.073 534.029 0.366599 0.136182 0.738298
852.427 451.831 0.283322 -0.0668307 0.709893
900.543 497.915 0.313776 -0.0948936 0.708976
904.471 389 0.264966 -0.0983131 0.735878
904.013 500.304 0.328756 -0.10329 0.721616
896.964 493.491 0.316964 -0.0955116 0.715192
841.641 393.16 0.255449 -0.0610057 0.719932
911.157 392.23 0.259491 -0.0973182 0.72527
943.83 366.889 0.235794 -0.103979 0.711087
914.584 490.705 0.327335 -0.110835 0.727015
538.549 449.644 0.251948 0.0751381 0.678733
930.493 364.999 0.249786 -0.108765 0.734641
679.609 398.016 0.265747 0.0180585 0.732905
492.865 383.526 0.369585 0.196623 0.897878
493.044 333.579 0.219602 0.100544 0.720393
898.612 447.75 0.290529 -0.0941134 0.72046
606.532 556.186 0.346096 0.0586634 0.704296
941.245 430.702 0.271522 -0.108745 0.71006
857.357 455.134 0.277843 -0.0664824 0.701199
863.596 459.347 0.289244 -0.0733358 0.710992
611.468 60.4453 0.109861 0.0430144 0.760429
927.357 279.065 0.216877 -0.113196 0.766498
723.56 447.706 0.27028 -0.00294744 0.699532
735.837 492.515 0.218861 -0.00291136 0.61453
795.446 396.318 0.252239 -0.037395 0.713575
923.36 329.95 0.287011 -0.151593 0.836547
555.275 361.934 0.248525 0.0809077 0.741992
793.381 512.209 0.312455 -0.0379696 0.699873
675.971 438.92 0.264178 0.0188672 0.699026
880.702 0.226917 0.0878739 -0.0721418 0.767914
670.83 401.308 0.242485 0.0203743 0.697891
547.496 364.555 0.249931 0.0850148 0.74188
658.171 519.589 0.286366 0.0266154 0.672306
498.742 332.987 0.224969 0.101884 0.730606
590.74 400.431 0.247004 0.0570795 0.70609
577.496 202.089 0.165329 0.0599595 0.739767
764.287 360.381 0.23491 -0.0225268 0.718055
665.123 458.859 0.250226 0.0220284 0.669279
544.735 573.058 0.329209 0.0835059 0.681419
563.269 545.59 0.363899 0.0887242 0.72657
541.883 451.02 0.262774 0.077856 0.690888
633.356 208.719 0.171014 0.0364994 0.747291
613.818 29.044 0.0961168 0.0378322 0.732181
715.811 154.028 0.194273 -0.0102548 1.05091
618.152 85.9633 0.1179 0.0388531 0.742595
594.56 451.696 0.265023 0.0550664 0.692384
540.466 449.057 0.265678 0.0799714 0.695734
841.978 394.507 0.256775 -0.0614705 0.720678
839.044 392.773 0.260848 -0.0620497 0.727899
878.518 0.558262 0.0880694 -0.0744949 0.779987
573.617 201.606 0.162124 0.0596053 0.729958
940.5 276.038 0.206099 -0.110188 0.745776
721.783 444.103 0.272215 -0.00232808 0.704415
905.011 209.38 0.199795 -0.122793 0.835897
837.178 434.402 0.278226 -0.0603966 0.717072
557.771 400.666 0.26024 0.077543 0.724988
894.633 539.161 0.370677 -0.107658 0.730893
866.42 374.649 0.234445 -0.0664428 0.703854
556.545 64.854 0.112238 0.0685896 0.769856
873.289 527.132 0.408239 -0.112546 0.770563
865.544 16.1677 -0.0723194 0.0205217 0.173226
800.312 525.194 0.299585 -0.0373494 0.679719
838.21 355.799 0.235712 -0.0579454 0.722206
751.546 376.131 0.245787 -0.0171945 0.721594
937.679 329.207 0.267807 -0.143441 0.803239
933.846 429.32 0.279353 -0.110529 0.72083
791.544 444.301 0.276262 -0.0361337 0.708048
520.193 24.0186 0.0916223 0.0647494 0.697691
913.91 490.156 0.333118 -0.113614 0.733038
714.041 60.9624 0.105289 0.000575511 0.710628
909.523 549.792 0.354926 -0.106837 0.710769
890.958 486.491 0.321634 -0.0960722 0.724901
717.728 407.812 0.231654 0.000496892 0.677513
897.749 527.224 0.399557 -0.125711 0.763062
899.407 361.605 0.231887 -0.0827054 0.71007
553.793 516.697 0.314129 0.0816774 0.702129
606.704 15.2312 0.0898967 0.0372501 0.707337
715.513 151.459 0.188909 -0.0090857 1.01985
655.761 95.4988 0.0935343 0.102893 1.49361
716.892 82.0053 0.118185 -0.00190287 0.75419
954.634 309.27 0.380608 -0.31846 1.05188
811.428 354.335 0.243929 -0.0485975 0.737365
782.938 385.436 0.282443 -0.0404173 0.766205
884.91 372.838 0.312511 -0.122833 0.821232
551.302 363.1 0.244389 0.0806381 0.734318
564.99 93.793 0.12219 0.0629482 0.753373
559.46 87.7586 0.117524 0.0615312 0.736356
900.315 270.276 0.229486 -0.115131 0.808645
716.428 48.236 -0.117932 -0.0354692 1.89699
726.11 194.714 -0.112757 -0.192247 3.60291
827.499 289.263 0.201264 -0.0499852 0.722489
