719.506 367.023 0.267082 -0.0129768 0.958419
636.939 367.098 0.268293 0.0642292 0.962757
598.637 138.448 0.0712142 0.079848 0.977256
799.493 341.167 0.24066 -0.0848927 0.95655
790.587 294.811 0.195679 -0.0739605 0.955219
718.63 233.46 0.142897 -0.0131086 0.958136
929.611 66.3645 0.0231432 -0.18089 0.9997
509.345 72.9282 0.0242587 0.145986 0.991007
878.343 231.412 0.146088 -0.147177 0.970216
570.024 302.129 0.199906 0.114905 0.95701
569.116 52.0412 0.0107577 0.0986502 0.992429
615.896 238.807 0.145021 0.0694517 0.954248
654.84 235.24 0.142732 0.0381103 0.954726
570.784 301.875 0.199894 0.114403 0.957538
520.79 246.801 0.152547 0.150269 0.962613
864.221 274.385 0.186574 -0.143486 0.979172
747.918 344.433 0.245684 -0.0391162 0.961457
797.441 340.865 0.245271 -0.0851977 0.966136
521.052 68.1389 0.0185749 0.147144 1.02076
571.45 49.243 0.00860911 0.0974131 0.995512
641.663 128.04 0.0640175 0.04494 0.971874
571.674 54.0016 0.0112015 0.0990777 1.001
535.141 276.405 0.189759 0.158014 0.997703
540.155 27.4656 -0.0079357 0.123408 1.01018
923.367 66.3479 0.0215762 -0.183609 1.01781
813.563 351.764 0.253991 -0.099603 0.960809
855.212 15.1786 -0.0106976 -0.11685 0.994121
662.869 46.084 0.00694893 0.027887 0.999178
719.121 227.326 0.137155 -0.0134687 0.954692
918.229 142.666 0.0741826 -0.150628 0.92717
828.345 29.7574 -0.00201526 -0.0982769 0.997074
619.3 47.7131 0.00797313 0.0609534 0.996089
657.369 232.014 0.142946 0.0373248 0.966625
820.473 122.048 0.061694 -0.0926927 0.975359
875.265 256.895 0.167541 -0.146987 0.968606
819.527 121.912 0.0617432 -0.0937303 0.983262
824.001 115.047 0.0566306 -0.09205 0.962544
657.608 235.378 0.146406 0.0376346 0.969391
639.721 132.878 0.0674349 0.0467338 0.972196
604.698 133.041 0.0677835 0.0774245 0.990231
916.168 148.506 0.0850353 -0.193788 1.02892
924.72 69.6334 0.024495 -0.182272 1.01109
791.988 288.352 0.219538 -0.0914828 1.03609
832.982 138.94 0.0769594 -0.141135 1.11336
490.4 66.5243 -0.0918819 0.436683 1.53137
523.036 176.945 0.100625 0.149357 0.990579
844.504 343.984 0.251573 -0.130658 0.970466
617.596 49.8242 0.00993576 0.0614647 0.990564
660.708 43.5387 0.00681405 0.0282606 0.985257
796.012 35.3621 0.00171141 -0.0734472 0.994119
841.457 6.07174 -0.0800698 -0.179273 1.26461
785.196 9.99733 -0.121131 -0.131114 1.40006
928.899 148.267 0.0821303 -0.182149 0.979782
825.68 108.708 0.0523408 -0.0922176 0.95944
766.367 365.96 0.269849 -0.0571587 0.96363
843.14 364.262 0.286125 -0.139792 0.991812
859.782 106.846 0.0513549 -0.12614 0.989508
758.111 16.1557 -0.0867436 -0.0783989 1.31745
832.121 86.0495 0.0365508 -0.102163 0.986723
652.758 4.71455 -0.0255713 0.0370234 1.03108
750.494 0.914688 -0.302868 -0.115646 1.78213
523.097 76.3425 0.0247757 0.145367 1.01746
808.077 21.3548 -0.127039 -0.183497 1.45811
511.401 55.5837 0.0121375 0.144329 0.996741
797.527 33.9595 0.000362568 -0.075145 0.997704
854.762 13.3204 -0.0124209 -0.117344 0.997667
616.206 47.6134 0.0091951 0.0612261 0.983749
618.945 235.151 0.145427 0.0695715 0.968143
765.68 366.027 0.271185 -0.0568316 0.965779
862.075 347.686 0.264639 -0.154455 0.986784
535.339 94.7468 0.0397493 0.126274 0.983969
868.526 272.874 0.181519 -0.142885 0.968041
537.238 99.5328 0.042789 0.128707 0.99391
808.469 22.6699 -0.00436023 -0.0795894 0.979616
554.548 346.301 0.153134 0.0726219 0.783047
602.507 366.373 0.27429 0.100104 0.975319
864.642 14.6077 -0.0119758 -0.125743 1.00065
589.974 347.969 0.242538 0.102416 0.953546
618.264 50.0286 0.00948915 0.061901 0.996152
656.842 154.421 0.0885358 0.0452337 1.06658
710.165 30.1634 -0.00800344 -0.00889878 1.03326
890.681 139.445 0.0760293 -0.157431 0.99797
600.338 370.469 0.26195 0.0940367 0.947123
802.704 369.512 0.262612 -0.086884 0.944216
871.603 348.87 0.241219 -0.144381 0.941021
501.416 371.676 0.281138 0.201583 0.979915
645.026 148.51 0.0767796 0.0399454 0.944491
803.644 368.438 0.261837 -0.0877724 0.944738
530.216 244.032 0.159005 0.156554 0.997078
660.933 43.4167 0.00630669 0.0284188 0.98916
803.74 369.826 0.263683 -0.0881336 0.945427
558.936 85.6397 0.0332439 0.0588344 0.794151
482.694 62.4799 0.0126322 0.183941 1.03504
743.615 344.663 0.239393 -0.034165 0.94914
862.625 389.717 0.30757 -0.157691 0.977561
865.04 278.668 0.188619 -0.142577 0.973445
769.922 370.007 0.262866 -0.0577062 0.944703
818.141 21.6831 -0.225983 -0.271538 1.70235
786.303 293.337 0.193502 -0.0698581 0.953189
769.475 369.401 0.256196 -0.055735 0.934624
714.747 133.456 0.0660335 -0.0102896 0.92208
773.703 370.608 0.257897 -0.0595677 0.935336
755.498 11.8213 -0.122983 -0.0847517 1.41025
644.899 125.923 0.0626607 0.0428676 0.975922
663.865 44.0288 0.00587366 0.0268508 0.996758
719.592 367.015 0.266426 -0.0130356 0.957325
678.039 408.155 0.306839 0.0268002 0.951078
718.126 369.484 0.266059 -0.0115843 0.95238
782.552 340.114 0.241588 -0.0704304 0.960949
658.042 548.381 0.178683 0.0148923 0.673746
595.439 404.161 0.268895 0.0895015 0.905636
528.419 245.427 0.157175 0.153142 0.984833
812.35 550.632 0.177348 -0.0390886 0.669955
767.406 402.502 0.298082 -0.0569339 0.945462
569.686 1.67028 -0.0243212 0.0980593 1.00971
655.6 509.929 0.206249 0.0206028 0.72553
559.342 326.037 0.215645 0.122083 0.942731
717.525 589.533 0.206231 -0.00608645 0.681019
715.388 188.7 0.134563 -0.014171 1.22223
525.377 379.988 0.309961 0.196399 1.00957
631.077 370.369 0.252301 0.0628842 0.930206
926.371 62.8397 0.0200197 -0.181217 1.00751
577.019 301.127 0.206673 0.115214 0.976234
722.059 636.213 0.180855 -0.00676483 0.637752
642.989 516.579 0.465131 0.0754715 0.96379
631.537 371.252 0.257471 0.0641116 0.937412
801.613 399.396 0.305666 -0.0922755 0.96018
607.74 397.516 0.309942 0.099129 0.974764
683.093 372.429 0.250322 0.0181046 0.922166
619.34 239.359 0.148114 0.0688823 0.964713
714.154 151.092 0.0867902 -0.0116645 1.0852
867.162 3.09628 -0.0131713 -0.115771 0.962429
487.143 410.718 0.330641 0.229837 0.984371
494.33 408.44 0.341377 0.234053 1.00259
505.471 409.151 0.35926 0.23691 1.02478
832.487 83.0848 0.0343462 -0.103125 0.990289
684.601 441.042 1.00076 0.116302 1.5409
811.953 351.266 0.257146 -0.0998974 0.967551
648.211 152.52 0.0811553 0.0402725 0.964648
577.601 2.54715 -0.019697 0.0868489 0.986821
856.201 556.07 0.501392 -0.16384 0.937993
510.749 406.565 0.369556 0.242223 1.04322
714.129 120.375 0.0596394 -0.0108598 0.991782
710.012 14.9936 -0.0107816 -0.00859572 0.985627
853.92 495.574 0.220102 -0.0744763 0.748519
685.69 370.567 0.261663 0.0174158 0.944087
716.482 181.828 0.127139 -0.0165352 1.27128
579.739 445.7 0.477925 0.191804 1.08956
539.641 427.397 0.387392 0.202967 1.02552
495.844 408.373 0.342701 0.233649 1.00444
790.61 295.729 0.197089 -0.0743173 0.956691
872.073 285.496 0.194741 -0.149302 0.972448
852.513 368.601 0.267002 -0.134191 0.951671
525.619 149.284 0.080723 0.155908 1.02313
902.475 138.417 0.0733858 -0.151515 0.95886
769.949 565.941 0.463825 -0.0607344 0.903406
601.706 401.454 0.303127 0.100463 0.95862
839.734 436.429 0.353914 -0.135574 0.963052
536.637 283.651 0.196713 0.15771 0.997194
539.873 21.1022 -0.0120422 0.122778 1.00968
924.529 148.138 0.0830889 -0.186395 0.996877
816.371 416.248 0.275989 -0.0889553 0.894231
836.905 402.381 0.32988 -0.137178 0.987687
602.326 365.999 0.272452 0.0994826 0.972902
534.621 270.215 0.184104 0.157863 0.998804
720.657 448.118 0.348583 -0.0131774 0.942992
849.169 105.766 0.0504438 -0.118339 0.991977
645.74 414.085 0.29763 0.053882 0.930395
845.622 345.547 0.255242 -0.133261 0.974212
860.081 389.252 0.316019 -0.160837 0.990774
534.143 36.6888 0.00084243 0.122417 0.989256
781.803 497.099 0.217148 -0.0384375 0.744956
751.26 346.377 0.23342 -0.0394299 0.934395
856.547 9.97396 -0.012953 -0.115712 0.987637
481.678 238.463 0.122221 0.137011 0.872259
546.397 42.1453 0.00121025 0.121819 1.0157
629.612 372.543 0.257672 0.065513 0.935643
676.164 444.65 0.328832 0.0278798 0.926082
929.045 67.1667 0.0235754 -0.181194 1.00121
922.459 152.656 0.0869999 -0.187972 1.00272
939.415 295.725 0.282192 -0.340026 1.17064
768.023 403.876 0.295204 -0.0565991 0.939292
684.948 399.851 0.302677 0.0204631 0.958351
895.248 324.238 0.231112 -0.174214 0.968541
888.115 324.877 0.242093 -0.178098 0.990593
835.186 348.007 0.245162 -0.115911 0.950982
854.022 436.67 0.366738 -0.156604 0.977117
572.405 550.496 0.157129 0.0391 0.649831
597.482 368.969 0.260362 0.0963994 0.947127
850.922 104.473 0.0496749 -0.116277 0.980209
715.39 61.9527 0.00497048 -0.00521551 0.585379
875.975 234.387 0.14909 -0.14635 0.972356
872.754 258.421 0.171544 -0.148513 0.977643
509.255 378.985 0.298539 0.204071 0.994042
570.209 549.208 0.176619 0.0454021 0.671846
857.876 362.487 0.268696 -0.143735 0.965318
759.966 404.953 0.317495 -0.0532841 0.968615
543.476 43.0291 0.00222202 0.123181 1.01228
806.099 404.702 0.32236 -0.101058 0.97439
652.412 139.982 0.0741451 0.0414076 1.00752
896.893 70.1183 0.0247326 -0.158877 1.00891
850.391 75.0446 0.0284069 -0.119047 0.99955
539.972 21.0441 -0.0133651 0.125191 1.01778
850.652 101.902 0.0477973 -0.117488 0.985914
610.634 442.361 0.369652 0.104021 0.978008
660.889 13.7648 -0.0154737 0.0289143 1.008
715.064 163.345 0.0985602 -0.0124754 1.08583
600.42 16.5446 -0.0197336 0.0818445 1.04056
499.9 378.112 0.282229 0.198648 0.969868
842.084 631.902 0.117584 -0.0300953 0.577436
674.423 413.919 0.295114 0.0278263 0.926543
714.067 106.368 0.0496638 -0.0107352 0.976633
638.573 117.992 0.0553179 0.0387392 0.910977
568.249 550.436 0.175998 0.045801 0.670596
604.256 399.071 0.304936 0.0997291 0.965056
846.07 427.984 0.382945 -0.160918 1.01021
726.043 407.995 0.30571 -0.0186417 0.948542
613.442 84.3897 0.0313276 0.0314713 0.766484
606.599 155.993 0.0835194 0.0731453 0.968358
872.091 160.455 0.093005 -0.147363 1.00708
863.216 103.054 0.0488204 -0.125322 0.979111
502.997 371.659 0.285511 0.204362 0.987161
804.018 371.644 0.256361 -0.0847853 0.930273
872.325 351.209 0.24412 -0.14578 0.942114
862.748 102.143 0.0481701 -0.125205 0.980153
783.978 502.073 0.213955 -0.0384875 0.737917
600.598 136.156 0.069672 0.0786689 0.979722
708.21 3.66714 -0.0249235 -0.00757026 1.02657
796.312 469.109 0.421231 -0.100921 0.986961
681.119 305.134 0.207534 0.0203561 0.964917
710.632 51.3228 0.0126368 -0.00868305 0.981624
865.425 346.84 0.242317 -0.141136 0.946946
599.658 141.405 0.0736774 0.080708 0.983605
509.166 131.819 0.0658934 0.15446 0.991612
635.676 403.131 0.295187 0.0647675 0.943797
862.357 54.711 0.0150158 -0.125395 0.994662
819.91 454.751 0.495103 -0.162678 1.08116
589.664 347.746 0.245282 0.104486 0.959196
869.591 348.007 0.238921 -0.141434 0.938373
868.784 540.825 0.183138 -0.061643 0.680518
844.936 356.08 0.249259 -0.122876 0.943463
545.199 104.7 0.0456025 0.133481 1.02567
730.011 509.811 0.205715 -0.0125327 0.724206
632.785 100.328 -0.12038 0.00177176 0.201218
607.222 442.475 0.366327 0.106346 0.974138
606.949 442.432 0.366149 0.106582 0.974007
757.645 468.169 0.44793 -0.060665 1.01503
681.601 371.728 0.243505 0.0185117 0.911908
580.991 48.9979 0.00773046 0.0918547 1.0028
523.271 171.5 0.0957588 0.146103 0.98491
658.036 165.989 0.0996918 0.0457235 1.0744
786.33 510.678 0.20885 -0.0379523 0.726551
726.04 407.325 0.306832 -0.018736 0.951123
626.284 133.506 0.0680539 0.087357 1.13935
712.235 115.63 0.0558165 -0.00905704 0.955209
700.28 305.815 0.202905 0.00309826 0.951438
925.702 520.45 0.206771 -0.0971246 0.716754
604.168 100.632 0.0444162 0.074648 0.987207
790.62 294.787 0.193106 -0.0727118 0.948644
620.696 52.2172 0.0102726 0.0612538 1.00275
825.871 38.9407 0.00353025 -0.0977176 1.00065
772.819 349.516 0.224974 -0.0543661 0.912459
626.531 28.7302 -0.0744387 0.108946 1.31696
569.037 302.474 0.196136 0.112252 0.946799
807.923 25.6182 -0.00274591 -0.0796157 0.98121
812.644 7.86715 -0.0101863 -0.0778416 0.957867
601.504 129.855 0.0649932 0.0764847 0.975236
731.012 412.08 0.303298 -0.0228476 0.938914
606.082 310.109 0.206806 0.0842395 0.954584
636.509 125.874 0.0588683 0.0378765 0.89142
520.115 38.9955 0.00241704 0.132448 0.987406
812.036 348.814 0.250476 -0.0977311 0.960016
712.721 89.2348 0.0368571 -0.00799945 0.81631
614.67 174.272 0.0973336 0.242117 1.60957
639.345 135.828 0.0695914 0.047376 0.973565
800.28 365.232 0.276178 -0.0917547 0.974611
611.864 164.47 0.0920798 0.0748855 0.993699
565.784 49.8642 0.0105352 0.0977986 0.980329
844.103 364.745 0.280857 -0.137159 0.982031
578.762 47.7559 0.00789633 0.0912773 0.993672
718.183 233.399 0.143961 -0.0128356 0.962827
872.31 286.217 0.194372 -0.148466 0.969591
918.956 66.7095 0.0233124 -0.172339 0.999262
618.936 242.267 0.152316 0.0709247 0.971727
655.444 239.211 0.147298 0.0384949 0.960088
683.437 366.791 0.266597 0.0204362 0.959071
535.324 270.838 0.185324 0.158174 1.00076
572.672 302.659 0.204116 0.11588 0.966248
503.766 51.2863 0.010374 0.145362 0.985543
