627.213 200.504 0.172792 0.0369277 0.747608
853.866 45.638 0.111833 -0.0675435 0.780661
916.608 260.077 0.21013 -0.106409 0.762727
603.448 50.4251 0.111537 0.0439087 0.759909
573.218 205.444 0.175961 0.0622992 0.751457
716.022 193.809 0.171905 -0.00350083 0.753393
569.381 197.706 0.167946 0.0605137 0.736846
731.713 249.308 0.261809 -0.505102 4.95062
718.195 241.168 -0.0858073 -0.139496 5.50194
627.777 186.748 0.164766 0.0355388 0.741444
725.486 203.435 -0.113041 -0.218363 3.90888
508.527 290.702 0.215916 0.0969334 0.745917
922.237 1.57866 0.093912 -0.0896483 0.761292
717.188 177.816 0.158973 -0.00328024 0.732903
601.201 36.4142 0.104993 0.0421915 0.743245
716.483 193.572 0.174989 -0.00410512 0.764446
582.827 113.061 0.039456 0.431258 1.93537
823.708 277.038 0.199756 -0.0494226 0.720457
524.727 358.591 0.232986 0.0831085 0.711361
602.676 28.3861 0.102022 0.0411919 0.741816
921.314 248.315 0.203053 -0.106951 0.760861
860.58 29.0364 0.104652 -0.0677045 0.772185
717.721 177.567 0.15975 -0.00362678 0.736124
571.116 201.013 0.171108 0.0610867 0.74236
933.209 266.259 0.208026 -0.109647 0.749552
574.558 200.581 0.17276 0.0607916 0.748382
814.563 279.663 0.225217 -0.0574183 0.773895
551.824 65.2369 0.118918 0.0703471 0.778477
499.939 288.017 0.206443 0.0944708 0.72868
897.514 18.6081 0.100942 -0.0863831 0.781645
856.161 40.3484 0.109549 -0.0679119 0.778883
919.474 254.197 0.205791 -0.106129 0.759862
946.47 78.0656 0.127859 -0.120752 0.799872
751.912 348.784 0.24656 -0.0209583 0.738764
629.23 192.278 0.169904 0.0361039 0.750643
608.756 377.482 0.285272 0.0588056 0.773037
775.726 374.197 0.297194 -0.0424319 0.790608
912.95 354.456 0.269976 -0.116522 0.767923
492.984 288.48 0.201359 0.0934461 0.717393
848.266 358.457 0.25663 -0.0718733 0.744035
743.037 349.295 0.276287 -0.0209754 0.787119
867.873 370.815 0.318892 -0.11446 0.824017
717.34 376.541 0.286006 -0.0049041 0.772965
626.096 192.97 0.167451 0.0364353 0.741197
940.982 320.87 0.260869 -0.140209 0.790446
819.156 373.521 0.302127 -0.0719663 0.797616
862.671 24.652 0.102536 -0.0662289 0.763495
897.989 351.296 0.252676 -0.0972051 0.743793
909.318 19.4633 0.101448 -0.0933395 0.786329
667.055 380.476 0.267281 0.0225062 0.742691
827.652 283.87 0.220941 -0.0609337 0.758964
605.8 379.22 0.276515 0.057532 0.758499
602.983 17.7267 0.0980265 0.0402396 0.737586
709.635 80.5671 0.136089 -0.00490454 0.930946
544.694 32.4234 0.103726 0.0651532 0.747861
952.632 187.536 0.164161 -0.104167 0.732156
709.797 84.766 0.135071 -0.00337408 0.857447
532.036 442.953 0.265074 0.0800828 0.69265
794.448 439.417 0.263052 -0.0357195 0.688887
536.117 390.997 0.242363 0.0767306 0.699694
535.47 437.515 0.259243 0.0769589 0.68911
844.063 389.894 0.240284 -0.0563161 0.693132
566.092 376.002 0.294928 0.0886556 0.789661
541.177 46.8294 0.109383 0.0682449 0.752462
931.015 277.561 0.222449 -0.118143 0.76818
548.2 500.187 0.320053 0.0849224 0.713231
485.676 524.663 0.368993 0.136561 0.741768
847.771 441.961 0.284733 -0.0669875 0.712131
896.578 488.918 0.314397 -0.0949428 0.709863
899.683 379.286 0.266466 -0.0985168 0.738575
900.478 491.639 0.329339 -0.103497 0.722456
892.17 483.669 0.318701 -0.0958355 0.717883
836.827 382.859 0.256817 -0.0611165 0.722552
905.964 382.023 0.261368 -0.0976897 0.728697
940.202 356.284 0.236153 -0.104088 0.712083
911.376 482.71 0.327379 -0.110752 0.72687
532.589 438.432 0.252814 0.0753578 0.680526
927.79 355.778 0.249885 -0.108825 0.73455
675.052 387.871 0.2664 0.0180576 0.734655
488.458 377.201 0.369823 0.196392 0.898024
486.487 323.076 0.219927 0.100523 0.720873
894.013 437.979 0.291996 -0.0943954 0.722902
601.998 546.49 0.347698 0.0588612 0.706682
937.429 421.034 0.272046 -0.108806 0.710986
852.029 444.359 0.280186 -0.0668534 0.705007
859.012 449.45 0.290594 -0.0735275 0.713216
606.339 47.6498 0.1107 0.0429865 0.762913
923.715 269.371 0.21764 -0.113343 0.768067
718.687 437.199 0.271841 -0.00293965 0.702181
729.409 479.476 0.2194 -0.00277894 0.615628
791.218 386.154 0.25316 -0.0375824 0.715271
921.258 322.125 0.286678 -0.151488 0.836033
549.984 352.258 0.249086 0.0809102 0.743038
788.628 501.541 0.314518 -0.0382094 0.703174
671.115 428.725 0.26513 0.0188611 0.700652
665.785 390.59 0.243365 0.0203922 0.699579
542.217 354.891 0.250536 0.0850167 0.743006
653.093 509.349 0.287335 0.0266207 0.673771
492.693 322.964 0.225636 0.101914 0.731527
585.18 390.127 0.247968 0.0572902 0.707756
571.819 190.203 0.166008 0.0600545 0.741481
759.801 350.198 0.235462 -0.0225234 0.719039
659.762 448.18 0.250694 0.0220058 0.670094
540.128 563.388 0.330663 0.0835215 0.683316
559.727 536.088 0.366224 0.0888476 0.729825
536.68 440.355 0.264016 0.0779862 0.693063
628.087 197.32 0.171454 0.0364806 0.748028
606.547 13.602 0.0962154 0.0379186 0.730284
712.652 147.37 0.195235 -0.00988548 1.05096
611.399 69.7331 0.116902 0.0387128 0.739771
589.12 441.754 0.265492 0.0550413 0.693167
533.819 440.121 0.265508 0.0799247 0.695095
837.771 384.454 0.257925 -0.0617399 0.722788
835.023 383.22 0.26137 -0.0620567 0.728835
568.092 189.614 0.1632 0.0598043 0.732732
937.197 265.793 0.206389 -0.110071 0.746241
717.021 434.092 0.273271 -0.00231049 0.706186
902.381 200.217 0.199981 -0.122649 0.836032
833.521 425.184 0.278777 -0.0605964 0.717839
552.378 390.227 0.260972 0.077782 0.726888
889.883 530.171 0.372515 -0.107847 0.733326
862.074 363.896 0.235476 -0.0667027 0.705866
547.859 49.6241 0.111482 0.068391 0.765237
868.301 517.265 0.412196 -0.113552 0.776147
794.797 513.654 0.301763 -0.0374123 0.683256
834.16 345.81 0.236164 -0.0579283 0.722952
747.777 366.848 0.244997 -0.0172744 0.719933
933.042 320.477 0.269561 -0.143926 0.806958
928.904 419.204 0.281156 -0.111024 0.723956
913.485 548.843 0.346229 -0.105245 0.699042
712.602 396.395 0.233159 0.000444607 0.680133
892.947 517.97 0.402338 -0.126398 0.767028
895.041 351.673 0.232998 -0.0828191 0.711629
550.475 505.388 0.317699 0.0821144 0.70739
712.565 144.203 0.189794 -0.00912338 1.02219
653.988 89.9042 0.0935274 0.102521 1.49982
712.086 69.4306 0.118942 -0.00192926 0.756066
951.907 303.836 0.381659 -0.318869 1.05419
807.329 344.555 0.244444 -0.0485946 0.738381
779.057 376.822 0.282956 -0.0403959 0.767039
881.459 364.991 0.313289 -0.12291 0.822756
545.785 353.306 0.244815 0.080609 0.735074
558.613 80.4626 0.122515 0.0629054 0.753644
552.755 73.7817 0.11783 0.0614842 0.736556
894.989 488.798 0.317534 -0.0956164 0.713065
602.727 500.102 0.299075 0.0518241 0.691735
837.823 497.525 0.321409 -0.0656877 0.711729
656.904 493.015 0.304018 0.0271772 0.700461
858.74 35.117 0.107082 -0.0672409 0.772507
511.192 18.9278 -0.0680993 0.0166625 0.178293
568.123 42.2911 0.112124 0.0754591 0.846734
866.938 5.19201 0.0956405 -0.0770326 0.801322
570.634 121.478 0.142768 0.0637742 0.774078
495.267 288.798 0.201778 0.0926965 0.717932
601.093 53.9662 0.107436 0.0380655 0.706462
900.844 369.739 0.365566 -0.174055 0.891276
897.061 261.354 0.230161 -0.115292 0.810092
714.961 42.5656 -0.11736 -0.0354625 1.898
725.488 192.345 -0.11211 -0.192264 3.60379
823.144 278.46 0.201776 -0.0499101 0.723408
