627.665 195.602 0.172558 0.0369084 0.747262
854.458 40.421 0.111599 -0.0675628 0.780315
917.049 255.466 0.209897 -0.106428 0.762381
603.805 45.1018 0.111303 0.0438894 0.759562
573.667 200.604 0.175728 0.0622799 0.75111
716.478 188.933 0.171671 -0.00352015 0.753047
569.845 192.686 0.167712 0.0604944 0.736499
731.794 248.547 0.261575 -0.505121 4.95028
718.228 240.378 -0.086041 -0.139516 5.50159
628.231 181.737 0.164533 0.0355195 0.741097
725.565 202.266 -0.113274 -0.218382 3.90853
509.08 286.028 0.215682 0.0969141 0.74557
717.666 172.668 0.15874 -0.00329955 0.732556
601.573 30.8646 0.104759 0.0421722 0.742899
716.927 188.806 0.174756 -0.00412443 0.764099
582.567 110.921 0.0392223 0.431239 1.93502
824.168 272.017 0.199522 -0.0494419 0.720111
525.381 353.639 0.232753 0.0830892 0.711014
603.047 22.7862 0.101788 0.0411726 0.74147
921.77 243.652 0.20282 -0.10697 0.760514
861.196 23.6668 0.104418 -0.0677238 0.771838
718.196 172.454 0.159517 -0.00364609 0.735777
571.574 196.063 0.170874 0.0610674 0.742013
933.651 261.529 0.207792 -0.109667 0.749206
575.008 195.694 0.172526 0.0607722 0.748035
814.976 275.22 0.224983 -0.0574376 0.773549
552.124 60.1607 0.118685 0.0703278 0.77813
500.516 283.145 0.206209 0.0944515 0.728333
898.186 13.2614 0.100709 -0.0864024 0.781298
856.76 35.0911 0.109315 -0.0679313 0.778537
919.924 249.541 0.205557 -0.106149 0.759515
947.139 73.1309 0.127626 -0.120771 0.799526
752.348 344.132 0.246326 -0.0209777 0.738418
629.675 187.381 0.16967 0.0360846 0.750297
609.276 373.227 0.285038 0.0587862 0.772691
776.089 370.095 0.29696 -0.0424512 0.790262
913.27 350.111 0.269742 -0.116541 0.767577
493.582 283.474 0.201125 0.0934268 0.717046
848.634 353.877 0.256396 -0.0718926 0.743688
743.434 345.124 0.276053 -0.0209947 0.786773
868.155 366.979 0.318658 -0.114479 0.82367
717.763 372.284 0.285772 -0.00492341 0.772619
626.553 187.975 0.167217 0.036416 0.740851
941.325 316.664 0.260635 -0.140228 0.7901
819.484 369.478 0.301893 -0.0719856 0.797269
863.297 19.1825 0.102303 -0.0662483 0.763149
898.34 346.699 0.252443 -0.0972244 0.743446
910.004 14.1569 0.101214 -0.0933589 0.785982
667.551 375.92 0.267047 0.0224869 0.742344
828.073 279.291 0.220708 -0.0609531 0.758618
606.338 374.827 0.276281 0.0575127 0.758153
603.356 12.0352 0.0977928 0.0402203 0.73724
709.956 76.5214 0.135855 -0.00492386 0.930599
545.011 26.9178 0.103493 0.0651339 0.747514
953.188 182.377 0.163927 -0.104186 0.731809
710.164 80.3304 0.134837 -0.00339339 0.8571
532.785 437.855 0.26484 0.0800635 0.692304
794.867 434.273 0.262818 -0.0357388 0.68854
536.804 385.94 0.242129 0.0767113 0.699347
536.213 432.365 0.259009 0.0769395 0.688763
844.462 384.746 0.24005 -0.0563354 0.692785
566.64 371.897 0.294695 0.0886363 0.789315
541.495 41.4329 0.109149 0.0682256 0.752116
931.431 273.048 0.222215 -0.118162 0.767834
548.955 495.381 0.319819 0.084903 0.712885
486.564 520.165 0.368759 0.136542 0.741422
848.1 437.127 0.284499 -0.0670068 0.711784
896.801 484.095 0.314163 -0.0949621 0.709516
900.005 374.68 0.266233 -0.0985361 0.738228
900.676 486.968 0.329105 -0.103517 0.72211
892.395 478.939 0.318467 -0.0958548 0.717536
837.203 378.077 0.256584 -0.0611358 0.722206
906.288 377.311 0.261134 -0.097709 0.728351
940.556 351.327 0.235919 -0.104107 0.711737
911.566 478.086 0.327146 -0.110771 0.726524
533.347 433.16 0.25258 0.0753385 0.680179
928.13 351.087 0.249652 -0.108845 0.734204
675.55 383.236 0.266166 0.0180383 0.734309
489.025 373.871 0.369589 0.196373 0.897678
487.124 318.183 0.219693 0.100504 0.720526
894.285 433.272 0.291762 -0.0944147 0.722555
602.694 541.607 0.347464 0.0588418 0.706336
937.697 416.165 0.271813 -0.108826 0.710639
852.36 439.438 0.279952 -0.0668727 0.70466
859.32 444.637 0.29036 -0.0735468 0.712869
606.693 42.3428 0.110467 0.0429672 0.762566
924.141 264.836 0.217406 -0.113362 0.76772
719.176 432.229 0.271608 -0.00295896 0.701834
730.014 473.101 0.219166 -0.00279826 0.615281
791.636 381.289 0.252926 -0.0376017 0.714924
921.577 318.289 0.286445 -0.151507 0.835687
550.57 347.666 0.248852 0.0808909 0.742692
789 496.631 0.314285 -0.0382287 0.702828
671.662 423.726 0.264896 0.0188418 0.700306
666.333 385.53 0.243131 0.0203729 0.699232
542.813 350.303 0.250303 0.0849974 0.74266
653.716 504.028 0.287101 0.0266014 0.673424
493.311 318.195 0.225402 0.101895 0.731181
585.801 385.174 0.247734 0.0572709 0.70741
572.271 185.211 0.165775 0.0600352 0.741134
760.253 345.321 0.235228 -0.0225428 0.718693
660.368 442.765 0.250461 0.0219864 0.669747
540.987 558.191 0.330429 0.0835022 0.68297
560.482 531.468 0.365991 0.0888283 0.729478
537.419 435.261 0.263782 0.0779669 0.692716
628.537 192.412 0.171221 0.0364613 0.747681
606.932 7.81233 0.0959816 0.0378993 0.729938
712.923 144.114 0.195002 -0.00990479 1.05061
611.799 64.2842 0.116668 0.0386935 0.739424
589.787 436.664 0.265259 0.055022 0.69282
534.559 435.054 0.265274 0.0799054 0.694749
838.146 379.677 0.257691 -0.0617592 0.722441
835.394 378.512 0.261136 -0.062076 0.728489
568.556 184.523 0.162966 0.059785 0.732386
937.642 261.026 0.206155 -0.11009 0.745894
717.508 429.171 0.273037 -0.0023298 0.70584
902.855 196.045 0.199747 -0.122668 0.835685
833.872 420.401 0.278543 -0.0606157 0.717492
553.013 385.507 0.260738 0.0777627 0.726542
890.031 525.628 0.372282 -0.107866 0.732979
548.164 44.3617 0.111249 0.0683717 0.76489
868.447 513.137 0.411963 -0.113571 0.7758
795.18 508.484 0.301529 -0.0374317 0.68291
834.566 340.969 0.235931 -0.0579476 0.722606
748.231 362.01 0.244763 -0.0172937 0.719587
933.378 316.41 0.269328 -0.143945 0.806612
929.168 414.489 0.280923 -0.111044 0.72361
913.619 543.902 0.345996 -0.105265 0.698695
713.131 391.07 0.232926 0.000425293 0.679787
895.423 346.702 0.232764 -0.0828384 0.711283
551.237 500.512 0.317466 0.0820951 0.707043
712.848 140.83 0.189561 -0.0091427 1.02185
654.002 87.2618 0.0932936 0.102502 1.49948
712.542 64.125 0.118708 -0.00194858 0.755719
779.436 372.507 0.282722 -0.0404152 0.766692
881.74 361.137 0.313055 -0.122929 0.82241
895.211 484.014 0.3173 -0.0956357 0.712719
603.409 495.028 0.298842 0.0518048 0.691388
838.114 492.724 0.321175 -0.065707 0.711382
657.485 488.058 0.303784 0.0271579 0.700115
859.35 29.779 0.106848 -0.0672602 0.772161
511.471 30.9681 -0.0683331 0.0166432 0.177947
568.331 37.6321 0.11189 0.0754398 0.846388
570.994 116.58 0.142534 0.0637549 0.773731
495.862 283.8 0.201544 0.0926772 0.717586
601.532 48.0687 0.107202 0.0380461 0.706115
901.069 366.354 0.365332 -0.174074 0.890929
897.472 257.172 0.229927 -0.115311 0.809746
715.074 39.7988 -0.117594 -0.0354819 1.89766
725.572 191.066 -0.112343 -0.192283 3.60344
823.601 273.478 0.201542 -0.0499294 0.723062
