629.459 191.657 0.171649 0.0370172 0.746639
857.4 35.3799 0.110611 -0.0672923 0.778979
919.8 251.828 0.208865 -0.106193 0.761583
605.869 40.8394 0.110728 0.0440198 0.760129
575.483 196.741 0.175095 0.0624647 0.751374
718.448 184.998 0.170895 -0.00335383 0.752838
571.838 188.768 0.167267 0.0607456 0.737298
732.045 247.805 0.261201 -0.505113 4.95029
718.413 239.597 -0.0867821 -0.139381 5.50163
630.227 177.531 0.163129 0.0353818 0.738898
725.877 201.086 -0.113751 -0.218278 3.9074
510.553 282.453 0.214624 0.0969121 0.74476
720.147 168.448 0.158163 -0.00333252 0.7332
603.691 26.2117 0.10406 0.0422379 0.742888
719.076 184.579 0.173071 -0.00396548 0.76125
582.827 108.943 0.0385052 0.431371 1.93523
826.834 268.154 0.198611 -0.049373 0.719663
525.26 350.931 0.230412 0.0830415 0.707505
605.115 18.1512 0.101129 0.0412977 0.741716
925.108 240.066 0.201441 -0.106538 0.758601
863.995 18.901 0.103684 -0.0677161 0.771916
720.82 168.054 0.158071 -0.00362729 0.733465
573.33 192.198 0.170349 0.0613531 0.742531
937.21 257.831 0.206354 -0.109326 0.747458
576.643 191.78 0.171781 0.0609721 0.747946
822.089 271.599 0.2206 -0.058073 0.765305
554.104 56.05 0.118091 0.070441 0.77864
501.576 279.489 0.205006 0.0945296 0.727166
898.518 10.8939 0.101056 -0.0869321 0.786423
859.969 29.8669 0.108268 -0.0676963 0.776953
922.354 245.966 0.204669 -0.105827 0.758926
949.507 68.9721 0.126938 -0.120306 0.799028
754.717 341.02 0.244726 -0.0208458 0.736532
631.842 183.452 0.169219 0.0361949 0.751218
610.696 370.537 0.283175 0.0586393 0.770383
777.883 367.178 0.295692 -0.0421864 0.789186
916.224 347.163 0.268179 -0.116142 0.765819
495.647 279.539 0.200602 0.0936691 0.717562
853.267 352.029 0.252345 -0.0710073 0.736785
743.538 342.834 0.274023 -0.0195875 0.783551
870.327 364.415 0.317017 -0.113951 0.821802
719.453 369.167 0.284717 -0.00473678 0.771975
628.478 183.93 0.166411 0.0365237 0.740607
944.229 313.576 0.259223 -0.139803 0.788565
821.924 366.879 0.299905 -0.0716485 0.794806
866.07 14.0916 0.101455 -0.0660739 0.762759
901.183 343.548 0.251028 -0.0968713 0.741979
912.841 9.37096 0.100467 -0.0932281 0.785791
669.331 372.743 0.265899 0.0225965 0.741458
830.365 275.764 0.21976 -0.060785 0.758039
607.747 371.823 0.274902 0.0575805 0.756825
605.402 8.14516 0.0974721 0.0405224 0.738606
711.541 72.0048 0.134513 -0.00478296 0.927894
546.594 22.097 0.102712 0.0653247 0.747414
955.036 178.382 0.163756 -0.104418 0.733483
711.928 76.0046 0.133798 -0.00325808 0.855784
533.887 434.744 0.263445 0.0802245 0.691052
796.959 430.605 0.262473 -0.0356737 0.688985
537.366 383.304 0.24063 0.0769194 0.697365
537.684 429.151 0.257918 0.0770878 0.687923
845.857 380.673 0.240442 -0.0563525 0.694656
567.732 368.956 0.293316 0.0887344 0.788062
543.531 36.9973 0.108499 0.0683192 0.752407
934.336 269.56 0.221045 -0.117858 0.766713
550.449 492.118 0.31882 0.0851152 0.712418
489.614 515.81 0.36955 0.136996 0.743435
849.724 433.606 0.284493 -0.066955 0.712656
899.393 481.368 0.312841 -0.0946946 0.708421
900.178 371.035 0.267779 -0.098913 0.741787
903.053 484.294 0.327954 -0.103267 0.721204
894.164 475.543 0.318312 -0.0958996 0.718125
839.049 374.494 0.256601 -0.0612052 0.723323
905.936 373.325 0.263202 -0.0982605 0.732901
941.494 347.74 0.236421 -0.104246 0.713661
913.592 474.801 0.32623 -0.110588 0.726308
534.749 430.177 0.25185 0.0756372 0.679614
929.979 347.251 0.248928 -0.10863 0.734503
677.583 380.212 0.266119 0.0181277 0.734871
487.145 372.713 0.364552 0.194662 0.889214
489.497 314.37 0.219224 0.100629 0.721067
896.41 430.393 0.291022 -0.0941828 0.722113
604.54 539.205 0.345991 0.0587325 0.704955
939.007 412.376 0.272087 -0.108995 0.712126
854.177 435.793 0.279953 -0.0669194 0.705593
860.871 440.845 0.290765 -0.0737087 0.714411
608.036 36.9614 0.109244 0.0429805 0.760109
927.273 261.365 0.216026 -0.112928 0.765994
721.136 428.84 0.271041 -0.00280226 0.701859
732.675 468.714 0.219254 -0.00273806 0.616261
793.834 378 0.252611 -0.0376035 0.715257
924.42 315.402 0.284711 -0.150983 0.833578
552.093 344.341 0.247719 0.0809174 0.741815
790.944 493.104 0.313872 -0.0381663 0.703142
673.643 420.991 0.263889 0.018949 0.699274
668.494 381.779 0.242867 0.0205002 0.699912
544.425 347.752 0.247741 0.0840398 0.738678
655.714 500.882 0.286091 0.0267267 0.672763
495.018 314.745 0.224294 0.101743 0.730235
590.325 381.807 0.248058 0.0565474 0.708645
574.345 181.276 0.165426 0.0603224 0.742347
762.424 341.796 0.234222 -0.0223828 0.718089
661.954 439.493 0.250169 0.0223818 0.669907
543.008 555.051 0.329616 0.0835462 0.682535
561.759 529.485 0.364124 0.0886851 0.727484
540.074 431.587 0.263712 0.0780862 0.693472
630.388 188.43 0.170256 0.0365275 0.746898
609.054 2.94661 0.0952918 0.0380243 0.730127
714.704 140.476 0.193587 -0.0103377 1.05029
613.749 59.324 0.115732 0.038751 0.738792
591.986 433.074 0.264691 0.0551094 0.692917
535.48 432.264 0.26358 0.0799686 0.692905
840.399 376.216 0.257159 -0.0617717 0.722645
837.619 374.793 0.260452 -0.0620859 0.72873
570.852 180.631 0.16279 0.0600959 0.734037
940.597 257.298 0.205097 -0.109847 0.745067
719.514 425.744 0.272431 -0.00220378 0.705858
905.764 192.307 0.198369 -0.122221 0.83375
835.13 416.431 0.278624 -0.0604813 0.718889
555.962 382.348 0.260756 0.0776213 0.727255
891.595 522.45 0.371995 -0.107807 0.733301
552.362 42.9655 0.112112 0.0686959 0.770073
873.526 514.521 0.405157 -0.112236 0.767062
797.968 505.895 0.30027 -0.0374273 0.681746
837.279 337.391 0.234691 -0.0578215 0.721662
750.69 358.633 0.243541 -0.0172629 0.718582
937.163 313.796 0.266833 -0.142875 0.802521
930.416 410.957 0.281149 -0.111113 0.724907
897.661 343.09 0.232303 -0.0828162 0.711637
555.454 494.695 0.320032 0.0825549 0.71175
714.868 59.3539 0.11781 -0.00187512 0.754968
781.399 369.611 0.281421 -0.0401579 0.765438
898.106 481.35 0.315731 -0.095414 0.71134
604.388 492.935 0.29645 0.0519092 0.688711
840.789 490.81 0.318947 -0.0652323 0.70886
659.573 484.212 0.303792 0.0273061 0.701026
904.446 1.92116 0.0973192 -0.0862318 0.77723
861.231 26.0577 0.106598 -0.0673524 0.774034
502.925 46.0587 -0.0693424 0.0168138 0.178519
570.058 34.1039 0.111451 0.0755783 0.847012
568.299 109.196 0.138122 0.0629582 0.759928
496.52 279.977 0.199743 0.0924971 0.715224
605.599 45.2342 0.107648 0.0380865 0.710496
903.978 364.338 0.362496 -0.173033 0.886866
480.007 313.226 0.210859 0.0988236 0.706358
602.541 494.745 0.294386 0.0521432 0.68552
504.412 438.704 0.288888 0.105552 0.719489
911.391 474.377 0.33279 -0.112947 0.733213
906.693 468.929 0.340423 -0.115794 0.745201
658.071 440.056 0.275136 0.0265841 0.699755
553.706 11.4622 -0.0819037 0.0189882 0.158048
550.517 292.899 0.221652 0.079277 0.747142
820.831 267.722 0.198828 -0.0469621 0.720713
554.016 292.366 0.223112 0.0785348 0.750718
900.719 253.805 0.22805 -0.114686 0.806797
715.738 37.0677 -0.118284 -0.0353929 1.89772
725.906 189.79 -0.113015 -0.19216 3.60327
825.959 269.63 0.200822 -0.049839 0.723063
