720.997 354.696 0.256521 -0.0131845 0.961209
638.142 355.122 0.256828 0.0639839 0.963139
600.234 123.929 0.060974 0.0802884 0.985237
800.521 328.206 0.231766 -0.0856657 0.964139
792.232 281.953 0.18583 -0.0745039 0.960972
720.458 220.14 0.134116 -0.0134415 0.969497
931.972 51.6201 0.0128722 -0.181915 1.00949
508.859 56.239 0.0132838 0.146455 0.995616
883.709 217.945 0.132721 -0.145615 0.963276
570.597 289.512 0.188347 0.114557 0.957085
569.078 34.5078 -0.000386931 0.0988168 0.996138
617.627 225.209 0.135099 0.0698006 0.961123
657.252 222.899 0.135397 0.0385818 0.96836
571.449 288.975 0.18909 0.114829 0.9602
521.773 233.267 0.14221 0.150934 0.967491
867.809 262.196 0.174352 -0.142853 0.976612
749.198 333.037 0.233074 -0.0385597 0.958629
798.891 328.505 0.234988 -0.0855307 0.969925
519.622 51.0106 0.00744115 0.147691 1.02379
570.16 29.332 -0.00314505 0.0963096 0.991241
644.398 114.197 0.0544257 0.0450064 0.984412
571.315 36.1627 -7.17714e-05 0.0991561 1.00353
534.528 263.632 0.177955 0.157895 0.996993
538.962 8.73072 -0.0192124 0.123553 1.01255
928.849 49.5174 0.0104135 -0.18407 1.02106
816.153 340.437 0.241502 -0.099497 0.95849
663.736 26.297 -0.00486913 0.0276336 0.996475
720.775 213.861 0.127482 -0.0135667 0.962661
892.494 142.942 0.080955 -0.169438 1.02974
831.236 15.2417 -0.0123806 -0.100268 1.0112
619.299 28.882 -0.00351068 0.0607979 0.995705
658.976 218.577 0.132603 0.0373114 0.971568
823.007 107.323 0.0512337 -0.0932236 0.982318
877.034 244.017 0.15773 -0.147958 0.975156
822.535 106.788 0.0509515 -0.094187 0.98834
825.596 101.49 0.0471304 -0.093409 0.976065
658.837 221.995 0.135947 0.0378687 0.973811
641.193 117.993 0.0568827 0.0468502 0.978052
602.503 115.111 0.0545338 0.0765013 0.979173
917.291 135.531 0.0756525 -0.195911 1.04158
926.516 55.8095 0.0145871 -0.184168 1.02376
804.223 281.417 0.184402 -0.0841053 0.958089
837.597 122.967 0.0645637 -0.139991 1.10705
524.478 162.936 0.0905663 0.150288 0.998358
845.404 331.181 0.242974 -0.132121 0.978632
618.018 32.0397 -0.00133196 0.0616758 0.994034
661.972 26.223 -0.00426733 0.0284593 0.990575
799.668 16.8038 -0.00964301 -0.0734241 0.995694
925.989 136.822 0.0746652 -0.185403 1.0012
827.184 95.381 0.0429876 -0.093811 0.974286
767.545 353.61 0.259712 -0.0572972 0.967417
844.492 352.358 0.275798 -0.140295 0.995071
862.908 91.7989 0.0407504 -0.126683 0.99549
834.609 71.0846 0.0261361 -0.102938 0.995691
522.295 60.2043 0.0139798 0.146502 1.02302
510.782 38.4417 0.00112059 0.144793 1.00136
800.197 17.2788 -0.0104805 -0.0753682 1.00474
617.348 31.2367 -0.0016206 0.0617699 0.991885
619.271 221.572 0.133524 0.0693486 0.966859
767.128 353.916 0.260522 -0.0570416 0.968243
864 336.142 0.253336 -0.154341 0.987492
871.595 260.386 0.169734 -0.142407 0.96742
539.161 85.1189 0.032744 0.130207 1.00581
811.666 5.12024 -0.0153993 -0.0798276 0.985357
556.164 332.64 0.142395 0.0728178 0.785905
603.891 353.896 0.263887 0.100303 0.978495
590.518 335.495 0.231489 0.102897 0.955229
618.756 32.2475 -0.0017378 0.0619735 0.999143
657.336 139.178 0.0766321 0.0450352 1.06411
712.148 11.2984 -0.0193795 -0.00895797 1.03452
893.73 125.253 0.0656558 -0.158396 1.00468
600.702 358.839 0.249398 0.0936927 0.944839
803.361 356.063 0.255112 -0.0881131 0.954228
872.389 336.068 0.232535 -0.145786 0.948512
502.456 359.316 0.270528 0.202101 0.982219
644.175 126.609 0.0602477 0.0391642 0.931727
804.59 355.086 0.253379 -0.0888446 0.952995
530.414 230.773 0.148094 0.156772 0.999477
662.134 25.6024 -0.00487513 0.0284789 0.992537
804.958 357.252 0.254214 -0.0887566 0.950585
565.522 72.753 0.0247199 0.0603261 0.814196
745.367 331.984 0.229401 -0.0346653 0.953674
862.723 377.003 0.299536 -0.159139 0.985418
867.06 266.009 0.178388 -0.143296 0.978213
771.617 357.935 0.252102 -0.0580284 0.946693
821.621 5.81884 -0.238449 -0.273787 1.71644
787.546 280.508 0.183486 -0.0699273 0.958394
770.58 356.243 0.247636 -0.0563074 0.942097
716.749 118.662 0.0557077 -0.0103616 0.929251
774.59 358.243 0.247932 -0.0594357 0.939097
647.184 111.77 0.0527854 0.0430039 0.986755
665.764 28.5519 -0.00466951 0.0270445 1.00748
721.064 354.716 0.255777 -0.0132178 0.9599
679.768 395.611 0.296883 0.0265035 0.954591
720.083 358.346 0.252784 -0.0120645 0.948417
784.636 328.156 0.230204 -0.0707206 0.961615
663.348 517.248 0.175832 0.0151572 0.693644
596.57 391.031 0.257847 0.0898417 0.907867
528.633 232.067 0.146355 0.153578 0.98774
810.361 521.928 0.173346 -0.0403389 0.687294
769.078 390.505 0.287244 -0.0573834 0.947136
660.123 484.37 0.202858 0.0209845 0.743951
562.316 312.754 0.207208 0.122844 0.951286
716.59 173.45 0.119114 -0.0137733 1.20021
523.681 369.589 0.294952 0.19453 1.00156
633.443 357.456 0.242572 0.0625108 0.934789
931.044 46.0885 0.00898279 -0.181022 1.01083
576.035 288.805 0.194198 0.115364 0.973554
723.785 594.831 0.180656 -0.0071694 0.660692
652.583 485.862 0.51103 0.0813871 1.03625
633.529 358.528 0.247731 0.0639967 0.941737
802.727 386.835 0.296637 -0.0931682 0.965643
607.464 386.7 0.295806 0.0987145 0.969483
683.983 359.805 0.239688 0.018537 0.924823
622.492 225.932 0.140463 0.0698458 0.980684
715.706 135.759 0.0747476 -0.0115827 1.08149
486.804 399.509 0.317613 0.228929 0.981197
491.993 398.641 0.325106 0.231193 0.99271
506.299 398.335 0.347758 0.236116 1.02327
838.749 63.754 0.0219102 -0.10233 0.982421
685.388 435.194 0.993262 0.114913 1.53064
815.269 340.562 0.243296 -0.0995528 0.961566
649.72 138.043 0.0708087 0.0405328 0.971517
874.558 574.128 0.428786 -0.147941 0.865069
511.518 395.948 0.358416 0.241713 1.04195
715.939 105.343 0.0489875 -0.0108787 0.997408
850.987 473.722 0.215524 -0.076106 0.76407
687.075 357.821 0.252137 0.0175363 0.94907
717.823 166.023 0.111329 -0.0162432 1.24538
579.272 436.944 0.460957 0.189475 1.07902
537.377 418.713 0.369077 0.19985 1.01225
494.307 398.277 0.327672 0.23139 0.996761
792.244 282.859 0.187225 -0.0748622 0.96246
873.758 272.89 0.184877 -0.150186 0.978185
852.546 355.426 0.25891 -0.135396 0.960494
911.296 120.841 0.0599396 -0.149635 0.948564
770.528 551.776 0.455721 -0.0613777 0.906867
602.347 389.761 0.291066 0.100367 0.957684
841.415 425.526 0.341444 -0.135319 0.96127
537.516 270.846 0.186322 0.158246 1.00106
926.035 134.843 0.0734676 -0.187693 1.0068
816.58 401.807 0.268558 -0.0900696 0.903569
837.491 390.199 0.320702 -0.137912 0.992678
603.189 354.035 0.260896 0.0993471 0.973097
534.035 257.371 0.172299 0.157627 0.997987
721.997 435.911 0.338153 -0.0134313 0.944918
853.393 89.5636 0.0391251 -0.118343 0.993238
646.576 402.327 0.285311 0.0538391 0.929198
847.767 333.953 0.243592 -0.133093 0.974114
861.408 377.578 0.305626 -0.161433 0.993394
532.968 17.9075 -0.0106048 0.1225 0.991461
781.567 473.989 0.213175 -0.0396598 0.761949
753.3 333.684 0.223629 -0.0401888 0.939145
541.439 19.9904 -0.0110337 0.120813 1.00568
631.683 359.495 0.248562 0.0656593 0.941535
677.758 431.726 0.319229 0.0277953 0.929784
933.206 51.3526 0.01282 -0.182214 1.008
928.083 137.724 0.0754099 -0.187486 1.00163
944.9 285.281 0.26785 -0.337174 1.16193
769.445 391.473 0.285137 -0.0570496 0.942632
686.501 388.302 0.290879 0.0199999 0.957794
895.872 311.586 0.222179 -0.175618 0.976292
890.288 312.954 0.231398 -0.178674 0.993228
836.49 335.428 0.23542 -0.116629 0.956104
793.434 630.228 0.236671 -0.0373399 0.691382
855.064 425.673 0.355419 -0.156362 0.976962
585.041 516.164 0.155719 0.0399993 0.672452
598.709 356.712 0.249598 0.0964342 0.94893
852.743 90.5884 0.0398458 -0.117684 0.992406
877.999 221.353 0.139223 -0.147415 0.979164
874.541 245.791 0.161942 -0.149607 0.984348
509.25 367.712 0.285831 0.202876 0.991093
580.144 520.241 0.17265 0.0460838 0.689227
857.591 350.031 0.263558 -0.146469 0.978322
761.241 393.398 0.306027 -0.0532641 0.96888
539.79 22.0366 -0.00979807 0.122435 1.00617
806.735 392.519 0.312461 -0.101162 0.978097
653.509 125.009 0.0632281 0.0414979 1.01118
899.687 55.4119 0.0143714 -0.160622 1.01986
853.642 59.1615 0.017606 -0.119499 1.00561
539.251 1.86941 -0.0246187 0.124572 1.01911
853.991 86.9053 0.0372814 -0.118557 0.993128
611.024 432.248 0.3551 0.102969 0.972011
716.323 148.476 0.0865809 -0.0121282 1.08386
502.15 365.69 0.272944 0.199322 0.974268
834.006 579.764 0.117178 -0.0318505 0.603235
675.942 400.614 0.286537 0.0280654 0.932763
716.086 89.5973 0.0381105 -0.0107601 0.975125
641.567 105.244 0.0467204 0.0393695 0.926929
577.46 522.282 0.171546 0.046591 0.686968
604.08 388.202 0.291193 0.0993524 0.960388
848.231 417.888 0.369644 -0.160565 1.00642
727.633 395.815 0.295003 -0.0190329 0.950562
607.229 141.235 0.0727454 0.0735287 0.972387
503.309 360.079 0.273354 0.203412 0.985474
804.098 356.969 0.250627 -0.0865902 0.945071
872.178 338.084 0.236587 -0.147499 0.952324
866.187 86.3953 0.0371951 -0.125325 0.984297
783.576 479.635 0.20932 -0.0394603 0.753363
601.246 120.886 0.0587054 0.0786672 0.982584
798.247 459.494 0.406256 -0.100596 0.980757
682.52 292.955 0.195187 0.0199742 0.962648
600.003 126.114 0.0625624 0.0807326 0.985589
508.971 116.996 0.0554642 0.156451 0.999458
637.173 390.75 0.284669 0.0647306 0.946128
866.915 36.8393 0.00355034 -0.125434 0.99709
821.622 445.216 0.4817 -0.162835 1.07675
720.363 605.715 0.105816 -0.00459535 0.583927
863.467 511.849 0.179918 -0.0635384 0.699436
731.537 486.367 0.201209 -0.0129847 0.739982
607.954 431.453 0.353441 0.105854 0.971402
608.387 430.832 0.354778 0.106145 0.97388
683.464 357.396 0.238029 0.0189616 0.925947
581.217 31.3226 -0.00345152 0.0918313 1.00631
727.406 394.713 0.2971 -0.0190036 0.955213
920.079 494.934 0.203194 -0.100295 0.734608
619.758 32.6166 -0.00154851 0.0613268 0.999672
828.247 23.2754 -0.00694972 -0.0980586 1.00938
809.865 12.132 -0.0124054 -0.0806592 0.995118
731.703 398.662 0.29587 -0.0227216 0.947214
715.058 75.6863 0.0279102 -0.00814922 0.835332
684.769 390.872 0.287818 0.0210717 0.949318
892.707 311.95 0.228001 -0.178391 0.988137
762.127 393.739 0.305202 -0.0539147 0.967159
844.762 371.653 0.456814 -0.248731 1.22414
589.352 98.903 0.0415291 0.0675547 0.899588
732.669 481.505 0.204154 -0.0138133 0.746679
498.23 69.4374 0.0238963 0.138973 0.95117
870.451 29.103 -2.19792e-06 -0.123362 0.983406
575.746 290.501 0.193828 0.114158 0.96853
672.681 1.83298 -0.138607 0.00230821 0.205847
924.042 566.047 0.118939 -0.0548363 0.609242
860.262 393.668 0.301774 -0.14847 0.960213
632.263 385.684 0.272767 0.0666428 0.936935
867.1 48.593 0.0115634 -0.125374 0.993053
717.995 230.081 0.268919 -0.0292742 2.21662
718.791 199.252 0.170485 -0.0209901 1.44281
721.058 218.136 0.133595 -0.0140595 0.974417
636.539 392.619 0.281762 0.0639599 0.939083
593.438 321.16 0.356906 0.206968 1.24676
602.244 391.016 0.292711 0.100744 0.95798
715.204 95.9599 0.0422253 -0.00977585 0.953562
574.225 354.507 0.274401 0.136157 0.996204
763.614 396.842 0.296937 -0.0531163 0.95078
715.05 59.2721 0.020644 -0.00824991 0.838123
607.921 34.3649 -0.0607168 0.138966 1.32296
864.707 89.9683 0.0395009 -0.127507 0.994099
838.33 592.003 0.112876 -0.0313465 0.594819
868.977 362.96 0.26831 -0.152616 0.962103
612.617 65.3203 0.0185276 0.0309352 0.758261
866.83 35.4938 0.00248601 -0.12583 0.999033
719.189 218.739 0.149307 -0.0138689 1.04457
571.991 289.426 0.18856 0.113601 0.95778
716.459 50.8334 -0.00703704 -0.00453012 0.583799
894.259 212.685 0.120118 -0.138713 0.926268
611.231 159.337 0.0826752 0.237437 1.57986
640.942 121.198 0.0592544 0.0476395 0.981145
802.171 353.695 0.264536 -0.0918435 0.974541
611.542 149.159 0.0801434 0.0746688 0.991367
560.804 26.2548 -0.00241788 0.0961111 0.965347
845.503 352.775 0.270503 -0.137661 0.985234
579.13 30.6902 -0.00306068 0.0916479 0.999028
719.718 220.046 0.134054 -0.0128347 0.9696
872.98 273.396 0.185626 -0.149875 0.978975
929.012 47.3385 0.0110554 -0.173324 0.995892
620.093 228.904 0.14186 0.0712007 0.976134
656.492 225.765 0.136229 0.0386008 0.962108
684.654 354.465 0.255929 0.0205241 0.961572
534.255 258.056 0.173079 0.157732 0.998405
573.716 289.813 0.193472 0.116117 0.969335
503.021 34.2228 -0.000611059 0.146302 0.9912
