721.749 352.387 0.256131 -0.0131733 0.961453
638.812 352.785 0.256437 0.0639951 0.963384
600.872 120.861 0.0605835 0.0802996 0.985482
801.406 325.874 0.231375 -0.0856544 0.964384
793.174 279.467 0.18544 -0.0744926 0.961217
721.321 217.445 0.133725 -0.0134303 0.969742
933.627 48.252 0.0124816 -0.181904 1.00973
509.266 52.8656 0.0128933 0.146466 0.995861
884.951 215.253 0.132331 -0.145604 0.96352
571.218 286.965 0.187957 0.114568 0.95733
569.629 31.0154 -0.000777453 0.0988281 0.996383
618.311 222.479 0.134708 0.0698118 0.961368
657.996 220.197 0.135007 0.038593 0.968605
572.067 286.438 0.188699 0.114841 0.960445
522.309 230.568 0.141819 0.150945 0.967735
868.909 259.72 0.173962 -0.142842 0.976857
750.011 330.678 0.232684 -0.0385485 0.958873
799.763 326.193 0.234598 -0.0855195 0.97017
520.017 47.7022 0.00705063 0.147702 1.02404
570.72 25.7939 -0.00353557 0.0963208 0.991486
645.141 111.081 0.0540352 0.0450176 0.984657
571.862 32.7044 -0.000462294 0.0991674 1.00377
535.061 261.139 0.177564 0.157906 0.997238
539.407 5.14835 -0.0196029 0.123564 1.0128
930.483 46.1722 0.010023 -0.184059 1.02131
817.051 338.122 0.241112 -0.0994858 0.958735
664.555 22.7532 -0.00525965 0.0276449 0.996719
721.655 211.117 0.127091 -0.0135555 0.962906
893.813 140.134 0.0805645 -0.169427 1.02999
832.591 11.6661 -0.0127712 -0.100257 1.01145
619.988 25.3536 -0.0039012 0.0608091 0.99595
659.721 215.87 0.132212 0.0373226 0.971813
824.24 104.175 0.0508432 -0.0932124 0.982563
878.193 241.47 0.15734 -0.147947 0.9754
823.758 103.658 0.050561 -0.0941758 0.988585
826.854 98.2889 0.0467399 -0.0933978 0.97631
659.577 219.31 0.135557 0.0378799 0.974056
641.935 114.872 0.0564922 0.0468614 0.978297
603.155 111.978 0.0541433 0.0765125 0.979418
918.687 132.722 0.075262 -0.1959 1.04182
928.125 52.5097 0.0141966 -0.184157 1.02401
805.192 278.922 0.184011 -0.0840941 0.958334
838.707 120.264 0.0641732 -0.139979 1.10729
524.956 160.08 0.0901758 0.150299 0.998603
846.332 328.924 0.242584 -0.13211 0.978877
618.706 28.5236 -0.00172248 0.061687 0.994279
662.793 22.6591 -0.00465786 0.0284705 0.99082
800.93 13.1912 -0.0100335 -0.0734129 0.995939
927.458 133.896 0.0742747 -0.185392 1.00144
828.458 92.1415 0.0425971 -0.0937998 0.974531
768.343 351.34 0.259322 -0.0572859 0.967661
845.354 350.21 0.275408 -0.140284 0.995316
864.27 88.6145 0.0403599 -0.126672 0.995734
835.913 67.7866 0.0257456 -0.102926 0.995936
522.7 56.9424 0.0135893 0.146513 1.02327
511.179 34.9921 0.000730067 0.144805 1.00161
801.449 13.6982 -0.010871 -0.075357 1.00498
618.037 27.7087 -0.00201112 0.0617811 0.99213
619.952 218.851 0.133134 0.0693598 0.967104
767.924 351.649 0.260132 -0.0570303 0.968488
864.935 333.936 0.252945 -0.15433 0.987737
872.722 257.872 0.169343 -0.142396 0.967664
539.634 81.9293 0.0323535 0.130218 1.00606
813 1.40089 -0.0157898 -0.0798164 0.985602
557.044 329.35 0.142004 0.072829 0.786149
604.519 351.595 0.263496 0.100314 0.97874
591.162 333.067 0.231098 0.102908 0.955474
619.438 28.7498 -0.00212832 0.0619847 0.999388
658.004 136.434 0.0762416 0.0450465 1.06436
713.076 7.78055 -0.01977 -0.00894675 1.03477
895.118 122.277 0.0652653 -0.158385 1.00492
601.365 356.428 0.249008 0.093704 0.945084
804.223 353.767 0.254721 -0.0881019 0.954472
873.402 333.727 0.232145 -0.145775 0.948756
503.034 356.994 0.270138 0.202112 0.982464
644.99 123.349 0.0598572 0.0391755 0.931972
805.457 352.784 0.252988 -0.0888334 0.95324
530.927 228.181 0.147704 0.156784 0.999722
662.953 22.0415 -0.00526565 0.0284901 0.992782
805.826 354.947 0.253824 -0.0887453 0.95083
566.391 68.5941 0.0243294 0.0603373 0.814441
746.184 329.602 0.22901 -0.0346541 0.953919
863.578 374.888 0.299146 -0.159128 0.985663
868.15 263.553 0.177997 -0.143284 0.978458
772.447 355.602 0.251711 -0.0580172 0.946938
822.609 3.07405 -0.238839 -0.273776 1.71669
788.486 278.006 0.183095 -0.0699161 0.958638
771.418 353.889 0.247245 -0.0562961 0.942342
717.755 115.36 0.0553171 -0.0103504 0.929496
775.436 355.884 0.247541 -0.0594244 0.939341
647.932 108.651 0.0523949 0.0430151 0.987
666.572 25.0574 -0.00506003 0.0270557 1.00772
721.818 352.402 0.255386 -0.0132066 0.960145
680.46 393.34 0.296492 0.0265147 0.954836
720.849 355.998 0.252394 -0.0120533 0.948661
785.501 325.808 0.229814 -0.0707094 0.96186
664.557 513.722 0.175442 0.0151684 0.693889
597.272 388.537 0.257457 0.0898529 0.908111
529.156 229.438 0.145964 0.15359 0.987985
811.784 518.438 0.172955 -0.0403277 0.687539
769.861 388.242 0.286853 -0.0573722 0.947381
661.169 481.187 0.202468 0.0209957 0.744196
562.938 310.245 0.206818 0.122855 0.951531
717.249 171.187 0.118723 -0.0137621 1.20046
524.257 367.355 0.294561 0.194542 1.0018
634.145 355.019 0.242181 0.062522 0.935034
932.705 42.6917 0.00859227 -0.181011 1.01108
576.643 286.317 0.193807 0.115376 0.973799
725.145 591.159 0.180265 -0.00715818 0.660937
653.137 483.879 0.51064 0.0813983 1.03649
634.221 356.119 0.247341 0.0640079 0.941982
803.521 384.646 0.296247 -0.093157 0.965888
608.101 384.43 0.295415 0.0987257 0.969728
684.745 357.355 0.239297 0.0185483 0.925068
623.16 223.279 0.140072 0.069857 0.980928
716.496 133.05 0.0743571 -0.0115715 1.08174
487.414 397.236 0.317223 0.22894 0.981441
492.595 396.404 0.324715 0.231204 0.992954
506.883 396.194 0.347367 0.236127 1.02351
840.095 60.3698 0.0215197 -0.102318 0.982665
685.701 433.953 0.992871 0.114924 1.53088
816.161 338.259 0.242905 -0.0995416 0.961811
650.483 134.995 0.0704182 0.040544 0.971762
875.241 571.791 0.428395 -0.147929 0.865314
512.09 393.859 0.358025 0.241724 1.04219
716.851 102.231 0.048597 -0.0108675 0.997653
852.191 470.765 0.215133 -0.0760948 0.764315
687.806 355.46 0.251746 0.0175476 0.949315
718.459 163.812 0.110938 -0.016232 1.24563
579.83 435.011 0.460567 0.189486 1.07927
537.976 416.578 0.368686 0.199861 1.0125
494.907 396.053 0.327281 0.231401 0.997006
793.182 280.381 0.186834 -0.074851 0.962705
874.849 270.46 0.184486 -0.150175 0.978429
853.469 353.172 0.258519 -0.135385 0.960738
912.827 117.644 0.0595491 -0.149624 0.948809
602.994 387.453 0.290676 0.100378 0.957929
842.189 423.409 0.341054 -0.135308 0.961515
538.051 268.389 0.185931 0.158257 1.0013
927.5 131.925 0.0730771 -0.187682 1.00704
817.477 399.423 0.268167 -0.0900584 0.903814
838.277 388.122 0.320311 -0.137901 0.992923
603.822 351.715 0.260506 0.0993583 0.973342
534.564 254.862 0.171908 0.157638 0.998232
722.694 433.686 0.337762 -0.01342 0.945163
854.731 86.3593 0.0387346 -0.118332 0.993483
647.276 399.959 0.284921 0.0538503 0.929443
848.7 331.689 0.243202 -0.133082 0.974358
862.248 375.49 0.305235 -0.161422 0.993639
533.427 14.3079 -0.0109953 0.122511 0.991706
782.692 470.981 0.212784 -0.0396486 0.762194
754.148 331.255 0.223239 -0.0401776 0.939389
541.903 16.4501 -0.0114242 0.120824 1.00592
632.374 357.087 0.248172 0.0656705 0.94178
678.458 429.419 0.318838 0.0278065 0.930029
934.867 47.9782 0.0124295 -0.182202 1.00824
929.556 134.804 0.0750194 -0.187475 1.00188
945.903 283.417 0.267459 -0.337163 1.16217
770.234 389.196 0.284746 -0.0570384 0.942877
687.198 386.033 0.290488 0.0200111 0.958039
896.932 309.284 0.221789 -0.175606 0.976537
891.308 310.711 0.231007 -0.178663 0.993473
837.432 333.099 0.23503 -0.116618 0.956349
794.635 626.915 0.236281 -0.0373287 0.691627
855.825 423.615 0.355028 -0.156351 0.977207
586.255 512.389 0.155329 0.0400105 0.672697
599.366 354.311 0.249207 0.0964454 0.949175
854.079 87.3868 0.0394552 -0.117673 0.992651
879.196 218.732 0.138832 -0.147404 0.979409
875.676 243.283 0.161551 -0.149596 0.984593
509.829 365.436 0.285441 0.202887 0.991338
581.283 516.633 0.17226 0.046095 0.689471
858.503 347.828 0.263168 -0.146458 0.978566
540.249 18.5096 -0.0101886 0.122446 1.00641
654.234 122.038 0.0628376 0.0415092 1.01143
901.206 52.0992 0.0139808 -0.160611 1.02011
855.014 55.828 0.0172155 -0.119488 1.00585
855.335 83.6862 0.0368909 -0.118546 0.993373
611.655 430.046 0.354709 0.10298 0.972256
717.101 145.834 0.0861903 -0.012117 1.0841
502.739 363.353 0.272553 0.199333 0.974512
836.016 575.42 0.116788 -0.0318393 0.60348
676.657 398.271 0.286147 0.0280766 0.933007
717.043 86.3268 0.03772 -0.0107488 0.97537
642.392 101.859 0.0463299 0.0393807 0.927174
578.604 518.655 0.171156 0.0466022 0.687213
604.725 385.902 0.290802 0.0993636 0.960633
848.954 415.905 0.369254 -0.160554 1.00666
728.366 393.554 0.294612 -0.0190216 0.950806
607.896 138.2 0.0723549 0.0735399 0.972632
503.885 357.769 0.272963 0.203423 0.985719
804.974 354.642 0.250236 -0.086579 0.945315
873.18 335.763 0.236196 -0.147488 0.952569
867.584 83.1436 0.0368046 -0.125314 0.984542
784.726 476.579 0.208929 -0.0394491 0.753608
601.89 117.794 0.0583149 0.0786784 0.982829
798.897 457.453 0.405866 -0.100585 0.981001
683.272 290.474 0.194797 0.0199854 0.962893
600.64 123.057 0.0621719 0.0807438 0.985834
509.399 113.939 0.0550737 0.156462 0.999702
637.851 388.421 0.284279 0.0647418 0.946373
868.38 33.3471 0.00315981 -0.125423 0.997334
822.177 443.431 0.48131 -0.162824 1.077
722.316 601.057 0.105426 -0.00458413 0.584172
864.919 508.48 0.179527 -0.0635272 0.699681
732.668 483.199 0.200819 -0.0129735 0.740227
608.585 429.246 0.353051 0.105865 0.971647
609.016 428.633 0.354387 0.106156 0.974125
684.226 354.945 0.237639 0.0189728 0.926192
728.133 392.466 0.29671 -0.0189923 0.955458
921.467 491.849 0.202803 -0.100283 0.734852
620.443 29.1227 -0.00193904 0.061338 0.999917
829.581 19.7433 -0.00734024 -0.0980474 1.00962
811.169 8.48825 -0.0127959 -0.080648 0.995363
732.441 396.396 0.295479 -0.0227104 0.947459
716.288 71.6885 0.0275197 -0.008138 0.835576
685.474 388.577 0.287427 0.0210829 0.949563
893.741 309.687 0.227611 -0.17838 0.988382
762.868 391.548 0.304812 -0.0539034 0.967403
590.098 95.3594 0.0411386 0.0675659 0.899832
733.783 478.377 0.203764 -0.0138021 0.746924
498.677 65.9669 0.0235058 0.138984 0.951415
576.359 288 0.193437 0.114169 0.968774
926.2 561.81 0.118548 -0.054825 0.609486
861.121 391.502 0.301383 -0.148459 0.960457
632.952 383.309 0.272376 0.066654 0.93718
721.917 215.451 0.133205 -0.0140482 0.974661
637.224 390.266 0.281371 0.0639711 0.939328
593.868 319.441 0.356516 0.20698 1.247
602.89 388.711 0.29232 0.100755 0.958225
716.185 92.6414 0.0418348 -0.00976463 0.953807
574.818 352.252 0.274011 0.136168 0.996449
764.377 394.601 0.296547 -0.053105 0.951025
716.288 55.2024 0.0202535 -0.00823869 0.838368
608.271 31.5794 -0.0611074 0.138977 1.3232
866.08 86.7694 0.0391104 -0.127496 0.994344
840.418 587.561 0.112486 -0.0313353 0.595064
869.908 360.738 0.267919 -0.152605 0.962347
868.294 31.9999 0.00209549 -0.125819 0.999277
719.957 216.286 0.148917 -0.0138577 1.04481
572.612 286.881 0.188169 0.113612 0.958025
719.097 43.6126 -0.00742756 -0.0045189 0.584044
895.602 209.827 0.119727 -0.138702 0.926512
611.484 157.526 0.0822847 0.237448 1.5801
641.679 118.104 0.0588638 0.0476508 0.98139
803.003 351.464 0.264146 -0.0918323 0.974786
612.192 146.229 0.0797529 0.07468 0.991612
561.376 22.6062 -0.00280841 0.0961223 0.965592
846.381 350.597 0.270112 -0.137649 0.985479
579.704 27.1857 -0.00345121 0.0916591 0.999273
720.58 217.351 0.133664 -0.0128234 0.969845
874.067 270.97 0.185235 -0.149864 0.97922
930.681 43.902 0.0106649 -0.173313 0.996137
620.762 226.245 0.141469 0.0712119 0.976379
657.242 223.05 0.135838 0.038612 0.962353
685.368 352.142 0.255538 0.0205353 0.961817
534.784 255.551 0.172689 0.157744 0.99865
574.326 287.313 0.193081 0.116128 0.969579
503.41 30.7155 -0.00100158 0.146313 0.991445
