632.11 178.153 0.170234 0.0370287 0.74562
861.927 20.0559 0.109506 -0.0672541 0.778942
921.682 239.46 0.20952 -0.106862 0.766047
608.099 25.2868 0.109498 0.0440569 0.759058
578.401 183.594 0.174222 0.0624727 0.752031
721.759 171.579 0.169844 -0.00333269 0.753003
575.122 175.272 0.166757 0.0608663 0.739041
732.474 245.61 0.260185 -0.50509 4.95005
718.677 237.328 -0.0876771 -0.139216 5.50152
633.053 163.661 0.16199 0.0354438 0.738771
726.397 197.117 -0.114562 -0.217225 3.89062
513.421 270.034 0.213739 0.0969519 0.745297
723.191 154.738 0.157916 -0.00321873 0.735747
605.498 8.48391 0.102189 0.0421389 0.739391
722.3 171.456 0.17218 -0.00395163 0.76187
582.699 103.084 0.0376185 0.431934 1.93752
830.343 254.978 0.197562 -0.0491274 0.719618
528.184 338.095 0.229336 0.0830966 0.707579
606.999 0.927544 0.0996004 0.0413721 0.739613
928.302 227.704 0.200844 -0.106387 0.759591
868.814 2.76545 0.102413 -0.0673994 0.770644
723.868 154.237 0.157697 -0.00350261 0.735699
575.971 178.791 0.169387 0.0614416 0.742836
940.996 244.988 0.205637 -0.109487 0.748578
579.654 178.596 0.171221 0.0611419 0.749536
826.412 259.475 0.218511 -0.0578959 0.763086
556.043 41.3129 0.116901 0.0704131 0.778082
503.313 266.788 0.203172 0.094302 0.725313
864.243 14.5944 0.107251 -0.0675763 0.777101
925.99 233.601 0.203757 -0.105595 0.759169
953.256 55.4752 0.126332 -0.120253 0.80041
757.895 328.774 0.243974 -0.0208386 0.737331
634.627 170.093 0.168185 0.0362647 0.751332
613.203 359.8 0.281645 0.0586053 0.769516
780.67 356.672 0.294458 -0.0420408 0.788954
920.266 336.083 0.266528 -0.115834 0.764732
497.988 266.404 0.199364 0.0937077 0.717211
856.809 339.86 0.251469 -0.0711068 0.737377
746.831 332.864 0.269991 -0.0192163 0.777553
873.127 354.546 0.315852 -0.113747 0.82168
722.298 358.355 0.283295 -0.00466427 0.771386
631.016 170.245 0.165147 0.0366444 0.73996
947.8 302.428 0.258204 -0.13977 0.788835
825.085 356.537 0.298405 -0.0715327 0.794116
905.029 331.724 0.249736 -0.0967006 0.741602
672.125 361.189 0.264709 0.0227117 0.741249
833.696 263.633 0.218733 -0.0606271 0.758149
610.607 360.41 0.27375 0.0575597 0.756901
713.891 59.4797 0.132966 -0.00466557 0.925875
549.114 6.76779 0.101911 0.065518 0.748618
959.606 164.259 0.162879 -0.104479 0.734184
714.637 62.7682 0.132475 -0.00319574 0.855157
537.145 422.315 0.262371 0.080202 0.690907
800.027 417.613 0.262 -0.0355806 0.689982
539.908 370.528 0.238923 0.0768862 0.696404
540.994 416.104 0.257204 0.0772775 0.688576
849.226 367.417 0.240547 -0.0566688 0.696712
570.276 358.338 0.292211 0.088761 0.788116
546.874 22.4262 0.10794 0.068451 0.754851
938.638 257.521 0.21972 -0.117639 0.766144
553.278 480.278 0.317616 0.0852852 0.712392
492.257 505.162 0.367925 0.136976 0.742769
852.9 421.612 0.283623 -0.0668664 0.712988
903.682 469.939 0.310807 -0.0945775 0.707249
902.647 359.338 0.267975 -0.0991245 0.74383
906.203 472.958 0.326745 -0.103113 0.721092
899.197 465.165 0.315193 -0.0955152 0.715212
842.411 362.154 0.255715 -0.0611935 0.723856
908.6 361.078 0.263191 -0.0985153 0.734922
945.173 335.027 0.235841 -0.10439 0.714596
917.285 463.986 0.324368 -0.110245 0.725191
536.205 418.369 0.249302 0.0756296 0.676914
931.002 335.048 0.250361 -0.109178 0.738906
680.639 368.323 0.265784 0.0182062 0.73613
486.52 364.755 0.360288 0.193819 0.883484
495.933 301.749 0.221645 0.101572 0.727794
900.047 418.895 0.289579 -0.0939681 0.721559
607.363 527.656 0.344514 0.0588542 0.704505
940.6 399.818 0.272987 -0.10935 0.71514
858.24 424.313 0.277964 -0.0666306 0.704036
865.987 430.785 0.287851 -0.0733562 0.710926
610.327 21.165 0.107968 0.0430221 0.759249
930.794 249.215 0.215258 -0.112906 0.766765
724.294 417.291 0.269115 -0.00260774 0.700255
736.399 452.368 0.219202 -0.00261242 0.618002
797.354 365.721 0.25167 -0.03761 0.715467
928.588 305.283 0.282736 -0.150616 0.831891
556.376 331.53 0.248724 0.0814411 0.746366
793.935 480.622 0.313424 -0.0382013 0.704213
676.604 408.732 0.262091 0.0190823 0.698211
671.783 368.745 0.242572 0.0206215 0.70133
544.655 336.27 0.245657 0.0846983 0.736625
659.105 487.868 0.284976 0.0267921 0.67284
593.95 369.087 0.248107 0.0567274 0.710539
577.367 167.929 0.164983 0.0605702 0.744257
765.844 329.274 0.232972 -0.0222779 0.717793
665.067 426.241 0.249649 0.0226417 0.670585
545.946 542.853 0.328046 0.0836361 0.68202
563.889 519.393 0.361457 0.0885825 0.72535
542.874 419.138 0.262505 0.0782165 0.693218
632.629 174.881 0.168668 0.0366566 0.74526
716.322 128.498 0.189083 -0.00955367 1.0359
616.838 44.4183 0.115057 0.0388588 0.740238
595.57 420.112 0.264234 0.0552013 0.693967
537.632 420.282 0.261551 0.0799544 0.691279
843.925 364.144 0.256266 -0.061781 0.722925
840.139 363.193 0.260395 -0.0619288 0.729997
573.053 166.714 0.16149 0.0601741 0.733306
945.066 244.525 0.20386 -0.109667 0.744719
722.734 413.346 0.271595 -0.00214854 0.706322
909.926 180.54 0.196933 -0.121913 0.832746
838.519 405.178 0.277166 -0.0601587 0.717927
559.879 369.969 0.261247 0.0779233 0.729978
894.522 511.766 0.37058 -0.107607 0.732905
553.491 27.2238 0.110601 0.0686527 0.767835
876.477 504.976 0.402907 -0.111799 0.765616
801.258 492.886 0.29965 -0.037473 0.682556
840.935 324.769 0.233627 -0.0577786 0.721833
753.496 346.674 0.24183 -0.0168113 0.717228
939.9 302.889 0.266438 -0.143068 0.804084
900.475 329.641 0.232672 -0.0833714 0.714775
560.706 479.439 0.323652 0.0836757 0.718941
718.276 44.2188 0.116812 -0.00184196 0.755269
784.499 358.79 0.279779 -0.0399536 0.76438
902.624 470.185 0.313549 -0.0953264 0.709887
607.29 480.778 0.29499 0.0520239 0.688187
843.907 479.098 0.317745 -0.0650902 0.70878
662.096 473.919 0.300571 0.0274018 0.697652
865.622 10.6002 0.105557 -0.0672293 0.774049
568.967 92.7181 0.13531 0.0626184 0.754813
505.112 265.9 0.202378 0.0931398 0.724445
608.506 28.5933 0.106609 0.0381803 0.710665
907.272 355.822 0.36024 -0.172379 0.884736
482.937 300.242 0.20991 0.098846 0.70647
606.456 481.095 0.294622 0.0523013 0.687619
507.917 426.741 0.287857 0.105401 0.719681
914.121 463.017 0.332202 -0.112998 0.733961
909.416 458.616 0.338958 -0.115187 0.744431
661.39 427.285 0.274725 0.0266746 0.700906
544.252 44.0302 -0.0826934 0.0191246 0.159536
553.317 280.684 0.220713 0.0793164 0.747493
825.474 253.557 0.198423 -0.0477787 0.723269
556.863 280.232 0.22227 0.0786001 0.751289
529.683 190.123 0.239185 0.172668 1.0018
921.513 365.81 0.251741 -0.0957723 0.713527
717.688 79.7077 0.13353 -0.0023051 0.776422
904.011 242.498 0.227247 -0.114679 0.807513
716.671 28.8246 -0.119269 -0.0352994 1.89764
726.433 185.95 -0.113915 -0.191855 3.60022
829.52 256.33 0.200142 -0.0498849 0.724134
