721.24 346.972 0.253724 -0.0128848 0.96297
637.847 347.607 0.253693 0.0640524 0.96403
599.086 112.872 0.0583049 0.0804791 0.987496
801.456 320.196 0.228949 -0.0853848 0.965819
793.067 273.214 0.183435 -0.0743732 0.963968
720.798 210.788 0.132936 -0.0133959 0.977811
934.079 40.0217 0.0105602 -0.182442 1.01522
506.972 44.6109 0.0108538 0.147371 1.001
885.45 208.29 0.130389 -0.14575 0.966836
569.775 280.965 0.185713 0.114729 0.959348
567.726 22.1299 -0.00291716 0.0991554 1.00028
617.123 215.762 0.132754 0.0701263 0.964625
657.097 213.477 0.133013 0.0388021 0.971721
571.123 280.29 0.187056 0.115231 0.96442
520.708 224.041 0.139962 0.151445 0.971388
869.598 253.388 0.171591 -0.142638 0.978381
749.735 324.905 0.230597 -0.0384001 0.96126
800.521 319.902 0.233426 -0.0867546 0.975451
517.309 38.802 0.00476909 0.147796 1.0262
568.319 16.0907 -0.00588389 0.0964335 0.993356
644.377 103.666 0.0523612 0.0452772 0.990679
569.714 23.5303 -0.00270177 0.099362 1.00646
533.603 255.164 0.175528 0.158116 0.999962
931.584 37.4816 0.00791301 -0.184303 1.02506
808.686 324.356 0.259305 -0.105669 1.01683
663.075 12.2686 -0.00778254 0.0277067 0.996384
721.1 204.162 0.124644 -0.0133449 0.964102
891.027 134.796 0.0807966 -0.171534 1.04554
618.407 16.2917 -0.00606179 0.061091 0.999656
658.795 209.124 0.130214 0.0375557 0.97494
824.398 96.1083 0.0488178 -0.0932691 0.986279
879.408 234.995 0.154364 -0.147136 0.974452
823.945 95.4808 0.0484251 -0.0940593 0.991482
826.678 90.197 0.0447739 -0.0932323 0.98018
658.431 212.499 0.132473 0.0377847 0.972781
641.046 107.307 0.0547141 0.0471144 0.983546
600.825 103.585 0.0516947 0.0769204 0.98069
919.913 125.14 0.0730204 -0.195755 1.04387
928.982 43.9962 0.0121424 -0.184205 1.02768
806.387 273 0.180326 -0.083815 0.95564
839.396 112.602 0.061673 -0.13945 1.10766
522.67 152.85 0.0879686 0.150651 1.00115
847.69 323.881 0.238506 -0.131273 0.975914
617.246 19.6827 -0.00383195 0.0619878 0.998583
661.648 13.7723 -0.0067468 0.0287205 0.99536
801.217 3.50004 -0.0122773 -0.0734154 0.998636
927.596 126.578 0.0725641 -0.185626 1.00628
828.628 83.9722 0.0406361 -0.0939823 0.978825
768.378 346.213 0.256267 -0.0569866 0.96749
845.919 345.065 0.272578 -0.139922 0.99572
864.991 80.069 0.0381122 -0.126467 0.997851
836.098 59.1946 0.0236301 -0.102761 0.999041
520.563 49.0263 0.0115446 0.147696 1.02927
508.606 26.177 -0.0014428 0.145347 1.00547
801.303 4.38343 -0.013018 -0.0751579 1.00835
616.746 19.0844 -0.00405091 0.0620879 0.99717
618.108 212.049 0.130236 0.0694171 0.966529
767.835 346.251 0.257678 -0.0568426 0.969885
865.96 328.716 0.249751 -0.153791 0.987097
872.268 251.309 0.168175 -0.142776 0.973396
536.784 73.1818 0.0299101 0.130222 1.00691
554.096 323.264 0.138865 0.0727307 0.78527
603.474 346.334 0.261154 0.100477 0.980456
589.307 327.57 0.228475 0.103411 0.956541
618.198 20.3434 -0.0041293 0.0623546 1.00494
656.146 127.815 0.0725733 0.0448455 1.0579
896.149 114.333 0.0630488 -0.158348 1.00727
600.165 350.941 0.246579 0.0939198 0.946736
804.513 348.433 0.251689 -0.0877361 0.954577
874.224 328.066 0.229294 -0.14534 0.949177
498.339 352.837 0.264652 0.201247 0.977067
625.674 65.9332 0.0262303 0.0344341 0.828276
805.345 346.932 0.25122 -0.0888225 0.956426
528.928 221.814 0.145437 0.157046 1.00185
661.75 12.9622 -0.00740896 0.0287289 0.996741
806.079 349.513 0.251018 -0.0884609 0.951481
565.511 59.3577 0.0227354 0.0606956 0.820666
745.74 323.797 0.226879 -0.0343672 0.95621
864.834 370.339 0.295059 -0.158254 0.983416
868.556 257.266 0.175849 -0.143114 0.980693
772.453 350.173 0.248933 -0.0577833 0.947645
790.191 271.51 0.181078 -0.0714131 0.961815
831.051 635.023 0.141361 -0.0326401 0.610365
770.78 347.912 0.245707 -0.0559542 0.946075
716.887 107.326 0.0535259 -0.0101015 0.934424
775.307 350.364 0.244846 -0.0590859 0.940267
646.695 100.612 0.0502405 0.043221 0.989882
665.116 14.9042 -0.00751226 0.0271798 1.00786
721.445 346.916 0.253104 -0.0130504 0.961987
679.709 388.505 0.293371 0.0267264 0.954901
720.485 350.769 0.249181 -0.011869 0.948381
785.318 319.886 0.228012 -0.0706489 0.965039
664.683 502.316 0.1754 0.0153062 0.700913
596.883 382.662 0.255749 0.0898655 0.911364
527.091 223.009 0.143704 0.153891 0.990128
810.296 506.288 0.173113 -0.0405261 0.694989
769.348 382.85 0.284625 -0.056872 0.949348
561.467 304.434 0.20445 0.122961 0.953266
716.81 164.516 0.11555 -0.013584 1.19773
521.6 362.774 0.291 0.194653 1.0009
632.701 349.72 0.239313 0.0628668 0.935429
934.476 33.4302 0.00631022 -0.181156 1.01354
574.657 280.524 0.191088 0.115583 0.974339
724.823 581.424 0.178469 -0.0071061 0.66469
633.319 350.662 0.244809 0.0640814 0.943312
803.278 379.092 0.294569 -0.0930507 0.969036
606.507 380.032 0.291222 0.0984377 0.967571
684.859 349.769 0.241161 0.0187823 0.937231
620.909 216.621 0.136325 0.0696049 0.9768
716.018 124.824 0.0711354 -0.0114266 1.07777
484.368 393.133 0.312942 0.228281 0.979293
489.466 392.392 0.320178 0.230476 0.990366
504.171 392.064 0.343134 0.235825 1.02178
841.773 49.8068 0.0186284 -0.101634 0.979807
685.58 431.848 0.991828 0.114979 1.52929
816.237 332.564 0.240733 -0.0993913 0.963921
649.378 127.314 0.0683981 0.0407925 0.975379
878.419 571.178 0.418479 -0.146065 0.857563
509.261 389.816 0.353455 0.241377 1.03995
716.432 92.8097 0.0455216 -0.0108055 0.994237
851.298 462.3 0.214401 -0.0762645 0.769611
687.178 350.199 0.248722 0.0176514 0.949454
718.01 156.709 0.10716 -0.0159376 1.23882
577.371 432.672 0.453232 0.188235 1.07213
537.234 411.494 0.367501 0.200905 1.01646
491.428 392.227 0.322245 0.230479 0.993434
792.907 274.033 0.185265 -0.0748674 0.966908
874.924 264.158 0.182773 -0.150265 0.982128
852.718 346.942 0.257816 -0.135646 0.966493
912.581 109.957 0.0580073 -0.150165 0.955041
601.853 382.522 0.287843 0.100407 0.958602
841.854 417.179 0.341015 -0.136236 0.967647
534.009 262.691 0.181663 0.157775 0.996788
928.897 124.037 0.0707155 -0.186921 1.0076
817.499 393.504 0.26622 -0.0900511 0.906514
839.076 383.386 0.316954 -0.137619 0.9925
602.799 346.473 0.258076 0.0994176 0.974805
532.314 248.833 0.169309 0.157731 0.999093
855.254 77.951 0.0365924 -0.118304 0.996465
647.143 392.76 0.287306 0.0550878 0.94057
849.175 326.109 0.240836 -0.13295 0.975871
862.551 370.339 0.302809 -0.161125 0.995092
530.808 4.81474 -0.0132447 0.122826 0.994733
782.719 463.496 0.211315 -0.0398081 0.765902
753.886 325.28 0.221144 -0.0400424 0.94188
539.47 7.49359 -0.0136242 0.121575 1.01046
632.112 351.089 0.246748 0.0657352 0.945944
677.65 425.45 0.314084 0.0278173 0.927274
935.181 39.7174 0.0105318 -0.182448 1.01331
930.612 127.157 0.0730041 -0.187943 1.00567
945.823 278.227 0.266274 -0.338072 1.16741
770.752 384.183 0.281426 -0.0571427 0.942624
686.538 381.129 0.287388 0.0201919 0.958139
897.796 303.518 0.219231 -0.175243 0.97752
892.603 305.148 0.228057 -0.178287 0.9934
837.421 327.074 0.233374 -0.116741 0.959915
794.402 618.655 0.234303 -0.0372607 0.694714
856.429 419.003 0.351914 -0.155965 0.977309
586.816 500.085 0.154921 0.0403595 0.679546
598.122 348.737 0.246593 0.096632 0.950681
854.447 79.157 0.0374141 -0.117737 0.996314
880.162 211.844 0.136739 -0.147817 0.982336
507.624 360.933 0.282 0.202278 0.990335
581.272 505.059 0.172238 0.0467924 0.696584
859.284 342.627 0.260121 -0.14597 0.978442
537.703 9.18247 -0.0124145 0.122718 1.00925
653.07 114.325 0.0606608 0.041724 1.01422
902.115 43.438 0.0118534 -0.160752 1.02361
855.049 75.9018 0.0351274 -0.118651 0.998856
610.252 426.033 0.350517 0.102852 0.970594
716.73 138.43 0.0835028 -0.0121018 1.08372
500.567 358.413 0.269593 0.199296 0.974904
834.493 562.457 0.115129 -0.0316527 0.607988
675.448 393.846 0.281527 0.0283693 0.9303
716.365 78.0976 0.0357124 -0.0106114 0.979357
640.764 93.1577 0.0441145 0.0397434 0.929911
578.998 507.158 0.171088 0.0471312 0.694187
602.778 381.636 0.286531 0.0992528 0.958124
850.941 412.782 0.362385 -0.158999 0.999872
728.439 388.45 0.291859 -0.0191853 0.951704
606.28 130.514 0.0701791 0.0737055 0.974756
504.179 351.673 0.272997 0.205014 0.993425
805.321 349.364 0.24717 -0.0862043 0.945185
874.564 330.476 0.23247 -0.146643 0.950717
867.58 74.958 0.0348579 -0.125204 0.988699
783.936 467.787 0.208309 -0.0394662 0.759187
601.415 110.747 0.0569118 0.0791049 0.990343
799.567 453.959 0.400879 -0.10003 0.978072
682.507 284.342 0.192314 0.0201859 0.964585
598.874 115.17 0.0599655 0.0810815 0.988596
504.663 104.721 0.0517754 0.155179 0.99462
637.248 382.937 0.28239 0.0649352 0.949145
869.195 23.9595 0.000933066 -0.125301 0.999808
823.013 440.467 0.475526 -0.16162 1.07247
721.404 586.754 0.103704 -0.00444908 0.588797
863.423 497.204 0.179458 -0.063939 0.7066
732.055 473.754 0.200437 -0.012897 0.746396
607.511 424.598 0.350329 0.106155 0.972643
607.602 424.556 0.350412 0.106108 0.972802
682.744 349.808 0.232843 0.0194705 0.922832
919.882 482.455 0.202319 -0.100583 0.74063
618.568 20.0733 -0.0041334 0.0618296 1.00351
829.149 10.3608 -0.00948615 -0.0972514 1.01207
731.772 391.052 0.293179 -0.0222057 0.949373
715.349 62.5824 0.0259028 -0.00797934 0.842043
685.032 383.444 0.284811 0.0211152 0.95069
894.947 304.196 0.224532 -0.177642 0.987764
762.546 386.444 0.302277 -0.0535051 0.968707
588.834 87.1141 0.0394515 0.0680618 0.905498
733.191 469.118 0.203368 -0.0137361 0.753055
496.177 57.2838 0.0214133 0.13941 0.95506
574.532 281.7 0.191383 0.115151 0.972243
920.526 542.133 0.119433 -0.055283 0.619248
861.361 386.478 0.298578 -0.147778 0.961044
630.319 379.014 0.266361 0.0668867 0.93185
721.374 208.717 0.131477 -0.0139073 0.978893
636.333 384.755 0.279369 0.0643804 0.941922
601.661 383.987 0.289217 0.100672 0.958194
764.301 389.456 0.293912 -0.0529131 0.952125
866.415 78.6502 0.0371292 -0.127726 0.998765
869.554 354.989 0.266275 -0.152348 0.965633
870.175 21.6918 -0.00044708 -0.125706 0.999356
572.489 280.447 0.187465 0.114309 0.965071
719.439 26.8863 -0.00871045 -0.0047683 0.59289
580.367 82.2545 0.0351121 0.0636475 0.863012
647.722 62.0019 0.0214873 0.0458344 1.03575
799.849 8.39573 -0.010179 -0.0738135 1.00579
854.16 383.066 0.282215 -0.133175 0.943541
798.625 12.2916 -0.00849467 -0.0740704 1.01184
831.511 71.8162 0.0311812 -0.105703 1.0224
851.826 262.55 0.20783 -0.158253 1.06221
717.809 112.826 0.0516641 -0.00946399 0.866303
689.713 378.976 0.261495 0.0148099 0.923286
692.936 378.921 0.268332 0.0126467 0.933482
713.617 14.9619 -0.00280215 -0.00891366 0.969706
645.685 45.9574 0.0111234 0.0451938 1.02369
625.11 289.036 0.198448 0.0713497 0.97097
713.644 22.6945 -0.000632405 -0.00916504 0.9941
858.303 40.5274 0.0115197 -0.118338 0.999294
789.056 274.305 0.191149 -0.0744829 0.982215
716.332 138.72 0.0770146 -0.0101287 0.97347
741.397 335.995 0.235635 -0.0302823 0.950105
610.976 153.388 0.0809302 0.239024 1.59101
640.248 110.006 0.0565774 0.0478587 0.983421
803.146 346.095 0.261641 -0.0916195 0.976053
610.556 138.593 0.0773869 0.0747985 0.993178
559.848 14.0745 -0.00475523 0.096711 0.971539
846.82 345.399 0.267318 -0.137172 0.985952
577.69 17.9811 -0.00565685 0.0918591 1.0022
720.132 210.575 0.131704 -0.0127431 0.973088
874.516 264.742 0.18312 -0.149767 0.981585
931.77 34.9633 0.00855131 -0.173431 0.999624
619.402 219.659 0.139074 0.0713334 0.977844
656.206 216.293 0.133526 0.038771 0.964174
684.526 347.109 0.252383 0.0207815 0.961386
532.619 249.506 0.170225 0.157996 1.00005
572.773 281.454 0.190637 0.116211 0.970953
500.8 21.7994 -0.00316025 0.146837 0.99534
