720.523 343.753 0.251601 -0.0130906 0.963748
637.348 344.475 0.251298 0.063879 0.964137
598.281 109.681 0.055898 0.0805217 0.988341
800.518 317.113 0.226698 -0.0856603 0.966331
792.252 270.262 0.180773 -0.074477 0.963322
719.976 207.785 0.130828 -0.0135363 0.979403
931.816 38.0897 0.00856549 -0.183629 1.02038
506.348 41.3 0.00841925 0.147484 1.00237
882.822 205.589 0.1297 -0.147325 0.973942
569.327 277.856 0.183357 0.114626 0.959696
567.193 18.9935 -0.00531631 0.0992401 1.00227
617.372 212.76 0.131378 0.0701475 0.969066
656.36 210.385 0.130377 0.0385975 0.971152
570.459 277.228 0.184489 0.115098 0.964124
526.971 221.259 0.142387 0.153586 0.990165
869.477 250.514 0.168029 -0.142181 0.974743
748.91 321.758 0.228394 -0.0386206 0.961921
799.603 316.828 0.23115 -0.0870232 0.975938
514.535 33.2898 0.00157315 0.146673 1.02034
567.783 13.2812 -0.00822981 0.0968536 0.996616
643.342 100.049 0.0496075 0.0451158 0.989282
568.134 18.995 -0.00553745 0.0990612 1.00434
532.904 252.085 0.172903 0.157977 0.999606
915.139 49.2206 0.0109131 -0.195829 1.07949
806.102 319.807 0.261754 -0.107456 1.03035
662.327 9.64167 -0.0100802 0.0277979 0.999862
720.537 201.024 0.121923 -0.0136595 0.963279
890.706 131.701 0.0783103 -0.172346 1.04641
617.393 12.4261 -0.00867361 0.0609712 0.999412
658.015 205.972 0.127296 0.0372574 0.973271
823.088 93.6143 0.0468545 -0.0938996 0.990099
878.568 232.045 0.151814 -0.1473 0.974162
823.4 92.1978 0.045888 -0.0944028 0.991673
825.705 87.4446 0.0426106 -0.0938475 0.982781
658.473 209.666 0.131909 0.0379209 0.9805
640.016 103.801 0.0520369 0.0470236 0.982785
600.899 100.957 0.04975 0.0769763 0.984634
924.343 119.68 0.0681662 -0.193996 1.03046
927.398 41.5164 0.00995954 -0.184987 1.03092
805.334 269.904 0.178259 -0.0841622 0.956931
838.998 109.914 0.0595121 -0.140635 1.11061
521.922 149.689 0.0855759 0.150805 1.0019
846.604 320.809 0.236328 -0.131624 0.976593
616.92 16.6912 -0.00616892 0.0617995 1.0007
660.72 9.67113 -0.00944173 0.0285409 0.994524
926.697 123.571 0.0701631 -0.186029 1.00707
828.727 79.8051 0.0375599 -0.0939704 0.975585
767.518 343.269 0.253598 -0.0570616 0.96685
845.054 342.247 0.269783 -0.139906 0.994746
864.328 76.881 0.0356428 -0.126876 0.998585
835.357 56.1488 0.0212566 -0.103217 1.00038
518.756 44.7323 0.00865906 0.147605 1.02785
506.683 21.6414 -0.00424632 0.144877 1.00309
616.337 16.3327 -0.00632939 0.0621091 1.00009
617.615 208.935 0.12814 0.0694787 0.968358
766.982 343.314 0.255005 -0.0569177 0.969231
864.891 325.761 0.247312 -0.153944 0.987061
871.309 248.22 0.166148 -0.143626 0.975175
536.125 69.9452 0.0275027 0.130347 1.00825
553.63 319.803 0.136753 0.0726957 0.786071
602.972 343.228 0.258753 0.100409 0.980557
590.096 323.429 0.228515 0.104203 0.963432
616.848 15.2623 -0.00710468 0.0618222 1.00107
656.128 126.295 0.071768 0.045362 1.06816
895.286 111.317 0.060665 -0.158788 1.00829
599.477 347.998 0.243643 0.0936118 0.945492
803.609 345.875 0.24822 -0.0873471 0.951849
873.506 325.161 0.226379 -0.145421 0.947996
496.672 350.138 0.260966 0.200857 0.974146
624.366 62.7522 0.0237725 0.0343974 0.828372
804.112 343.578 0.249514 -0.0891733 0.95819
528.532 218.757 0.14292 0.156645 1.00165
660.88 8.49169 -0.0101945 0.0284044 0.994804
804.493 345.969 0.250035 -0.0888773 0.954777
566.349 58.1356 0.0214656 0.0615084 0.828725
744.926 320.671 0.224646 -0.0345803 0.956753
863.889 367.344 0.292628 -0.158567 0.983275
863.342 253.761 0.17903 -0.146556 0.999769
771.267 346.65 0.247659 -0.0581088 0.950356
788.768 268.349 0.179437 -0.0716123 0.964483
827.08 623.117 0.14072 -0.033176 0.614237
769.823 344.509 0.244045 -0.0563429 0.947923
716.076 105.519 0.0523051 -0.0103971 0.941945
774.319 347.42 0.242165 -0.0590876 0.939528
645.289 96.5054 0.0471348 0.0430834 0.986531
664.365 11.387 -0.0100395 0.0270358 1.00865
720.723 343.635 0.251115 -0.0132616 0.963111
679.254 385.46 0.290935 0.0263905 0.954602
719.781 347.177 0.248033 -0.0121475 0.951401
916.843 632.863 0.131037 -0.0525965 0.601999
784.551 316.93 0.22536 -0.0708271 0.96447
663.806 496.406 0.1739 0.0151749 0.702937
597.577 378.342 0.255948 0.0903036 0.916726
524.698 219.765 0.139905 0.153194 0.985263
807.182 498.625 0.17243 -0.040903 0.698848
768.242 379.187 0.283524 -0.0572482 0.952017
561.078 301.273 0.202189 0.122939 0.95382
716.101 161.26 0.112537 -0.0134677 1.19553
521.058 359.798 0.288324 0.194543 1.00029
632.021 346.381 0.237309 0.0630114 0.936464
931.864 31.7479 0.00441315 -0.182214 1.01899
573.867 277.428 0.188618 0.115694 0.974432
723.287 572.707 0.177634 -0.00740143 0.667953
632.458 347.655 0.242041 0.0640295 0.942478
803.047 376.994 0.289929 -0.0927422 0.964049
606.905 376.237 0.291348 0.0989047 0.972358
684.117 347.644 0.236404 0.018278 0.93148
620.393 213.556 0.134118 0.0695596 0.977978
715.213 94.6684 0.045149 -0.00971784 0.930994
485.841 389.222 0.313122 0.229664 0.984032
491.087 388.341 0.320922 0.232327 0.996207
503.99 388.891 0.340968 0.236119 1.02223
840.735 46.6017 0.0161882 -0.101739 0.980508
685.278 430.011 0.989565 0.115083 1.52718
815.199 329.408 0.238576 -0.0997047 0.964677
648.717 124.168 0.0659943 0.0406214 0.975989
878.954 569.94 0.410503 -0.145052 0.850972
508.033 387.302 0.349438 0.240644 1.0367
715.779 88.7035 0.0424603 -0.0109989 0.990714
686.534 346.917 0.246744 0.017528 0.950502
717.617 153.417 0.104143 -0.0161937 1.23654
577.43 429.768 0.451463 0.188079 1.07236
538.509 407.431 0.36853 0.202301 1.02221
492.598 388.485 0.322144 0.23172 0.997592
792.037 270.971 0.183114 -0.0752385 0.967922
874.366 261.254 0.18001 -0.15044 0.981166
850.934 343.519 0.256479 -0.136109 0.9691
911.316 107.062 0.0557534 -0.150719 0.956723
601.53 379.107 0.28604 0.100552 0.959846
840.712 414.12 0.338659 -0.136353 0.967414
531.958 259.691 0.177973 0.157398 0.993028
927.602 121.164 0.0684593 -0.187451 1.00936
816.197 390.016 0.26431 -0.0903536 0.907482
837.858 380.077 0.31539 -0.138194 0.994105
602.182 343.484 0.255391 0.0992443 0.974161
531.505 245.778 0.166626 0.157551 0.998434
855.2 74.0312 0.0337019 -0.118279 0.994258
647.233 389.137 0.28649 0.05485 0.943337
846.931 322.572 0.239796 -0.133312 0.979735
861.529 367.308 0.300508 -0.161461 0.995257
529.333 0.574875 -0.015985 0.122773 0.994244
781.046 457.841 0.210245 -0.0402807 0.768856
753.772 321.905 0.219573 -0.0410714 0.944112
839.232 633.692 0.129322 -0.0334889 0.600552
538.656 3.87981 -0.0161599 0.121533 1.01131
631.305 348.12 0.24383 0.0655758 0.944791
669.111 439.68 0.254102 0.0248042 0.83813
932.783 37.8675 0.0085742 -0.183635 1.01865
931.271 123.343 0.0697327 -0.187244 1.00151
945.884 275.622 0.262877 -0.337619 1.16477
769.967 381.197 0.278656 -0.0573074 0.941771
685.88 377.826 0.285392 0.0201071 0.958954
896.709 300.508 0.216985 -0.175706 0.978093
891.851 302.181 0.225576 -0.178767 0.993409
834.755 322.944 0.233666 -0.117751 0.967417
945.141 635.865 0.226505 -0.0961553 0.679221
792.253 610.335 0.233677 -0.0377804 0.697719
854.602 415.101 0.351912 -0.157105 0.981205
588.056 492.031 0.154434 0.0402732 0.683823
597.893 345.437 0.245142 0.0968617 0.952662
853.709 76.0885 0.0350206 -0.118226 0.997538
880.339 208.695 0.133669 -0.148127 0.980364
506.576 358.318 0.278568 0.201606 0.98777
581.722 497.608 0.171408 0.046921 0.700175
858.247 339.653 0.257662 -0.14614 0.978317
536.275 4.83076 -0.0151664 0.122475 1.00819
652.575 111.613 0.0586427 0.0417787 1.01761
901.363 40.6373 0.00949951 -0.161867 1.02645
855.758 71.4808 0.0319635 -0.118679 0.994918
716.002 134.346 0.0799038 -0.012094 1.07809
499.088 356.413 0.265383 0.197671 0.96988
831.631 555.257 0.112999 -0.0320365 0.609323
675.429 389.66 0.281729 0.0281432 0.935276
715.729 73.0892 0.0322267 -0.0107965 0.973108
638.872 88.0384 0.0403819 0.0395029 0.924563
578.819 500.931 0.169688 0.0472273 0.696436
602.351 378.267 0.284509 0.0993704 0.958983
849.444 409.213 0.361829 -0.159979 1.00278
727.71 385.296 0.289449 -0.0193876 0.951626
605.443 127.216 0.0676481 0.0736208 0.974928
503.835 348.601 0.270556 0.204982 0.993372
804.368 346.556 0.244339 -0.086144 0.943981
872.629 327.226 0.231023 -0.147061 0.952999
867.002 71.5174 0.0322529 -0.125326 0.988304
782.324 461.863 0.207325 -0.040023 0.762362
601.43 108.194 0.0550629 0.0793405 0.994848
798.313 449.889 0.400738 -0.100784 0.981305
682.382 281.316 0.188475 0.0192838 0.961041
598.441 112.136 0.0577008 0.0810315 0.990258
501.159 99.9219 0.0481462 0.153995 0.987571
636.755 379.314 0.280947 0.0651737 0.951221
868.268 20.9814 -0.0014663 -0.125857 1.00181
822.253 437.862 0.47267 -0.161626 1.07105
718.781 581.302 0.100723 -0.004567 0.588586
860.192 490.154 0.178601 -0.0645966 0.710079
730.702 467.694 0.199451 -0.0131697 0.74954
607.196 421.251 0.34853 0.106256 0.973412
607.287 421.212 0.34861 0.106206 0.973565
681.964 346.684 0.230347 0.0193524 0.922627
916.329 476.182 0.201425 -0.101418 0.743906
617.738 16.4059 -0.00669639 0.0616834 1.00384
828.804 7.34278 -0.0119831 -0.0982335 1.01475
806.364 7.04737 -0.0146733 -0.0841688 1.03197
714.331 60.3219 0.023996 -0.00822107 0.845844
684.429 380.096 0.282749 0.0209701 0.951434
893.809 301.195 0.222263 -0.178018 0.988312
761.675 383.365 0.298996 -0.0534631 0.96736
732.092 463.47 0.202184 -0.0141125 0.755749
495.92 54.2616 0.0191266 0.139641 0.957215
574.155 278.564 0.18917 0.115147 0.973082
915.09 532.747 0.118532 -0.0559582 0.62289
859.932 383.183 0.296942 -0.148265 0.962372
630.063 375.363 0.265013 0.0669667 0.934082
720.622 205.558 0.128332 -0.014011 0.976307
636.027 381.117 0.277984 0.0644571 0.944044
601.3 380.661 0.287108 0.100674 0.958831
865.548 75.5356 0.0347035 -0.128058 0.999747
869.416 18.1436 -0.00302003 -0.125818 0.999595
572.137 277.282 0.18529 0.114328 0.966053
717.407 26.4622 -0.0101924 -0.00516085 0.59839
580.163 79.5444 0.0330583 0.063715 0.865872
646.862 58.2015 0.018782 0.0456333 1.03497
799.217 4.82069 -0.0127362 -0.0740654 1.00626
853.78 380.546 0.27841 -0.13297 0.940496
797.964 8.78042 -0.011037 -0.0743197 1.01246
830.871 68.4605 0.028632 -0.105908 1.02261
855.182 259.108 0.1972 -0.15414 1.03919
716.871 110.08 0.0496789 -0.00970818 0.869169
689.126 375.364 0.260136 0.0146708 0.925423
692.018 375.729 0.266082 0.012689 0.933686
712.816 11.6354 -0.00526883 -0.00909199 0.970762
644.843 42.2399 0.00850315 0.045022 1.02341
625.594 285.887 0.196438 0.0705286 0.972295
712.855 19.7981 -0.00299249 -0.00933499 0.996696
857.525 37.2377 0.00903227 -0.118612 1.00004
788.682 270.748 0.185301 -0.0735704 0.974515
715.579 135.689 0.0747151 -0.0103228 0.974661
740.576 332.74 0.233613 -0.0305209 0.951178
568.922 24.1323 -0.00293983 0.100546 1.01062
599.92 74.6747 0.0312752 0.0811399 1.01122
719.005 348.516 0.240361 -0.0111792 0.935959
523.364 122.383 0.0660266 0.157374 1.03283
721.493 424.058 0.336453 -0.0134159 0.952585
716.123 84.6624 0.0352193 -0.00902578 0.84588
698.222 339.147 1.19988 0.174593 2.48937
758.659 448.349 0.430209 -0.0608824 1.01337
730.843 415.669 0.334636 -0.0231552 0.962764
868.374 33.1134 0.00659271 -0.126005 0.998478
713.397 47.9713 0.00593865 -0.0105601 1.09661
643.857 193.711 0.155575 0.0920455 1.23473
712.031 3.24184 -0.0125859 -0.00880716 0.991659
615.091 34.3711 -0.0702567 0.145885 1.40474
609.973 150.017 0.077608 0.238225 1.58672
639.475 106.598 0.0539729 0.0476291 0.983037
802.303 343.162 0.25898 -0.0917373 0.97545
609.831 135.294 0.0748083 0.0745772 0.993016
559.281 10.924 -0.00715466 0.0967915 0.973417
845.91 342.471 0.264777 -0.13735 0.985602
576.273 13.544 -0.00844013 0.0915683 1.00044
719.514 207.564 0.129509 -0.0130462 0.974279
873.752 261.826 0.180519 -0.149959 0.981125
931.008 31.7801 0.00609048 -0.173911 1.00066
618.313 216.554 0.136118 0.071146 0.976006
655.534 213.165 0.130852 0.0385001 0.963556
683.745 343.937 0.250115 0.0207667 0.961804
531.26 246.47 0.167101 0.15766 0.997875
571.975 278.443 0.18788 0.116006 0.97007
499.26 17.7704 -0.00583301 0.146826 0.994901
