720.505 341.608 0.25159 -0.0128917 0.963885
637.263 342.369 0.251288 0.0640779 0.964274
597.937 106.923 0.0558872 0.0807206 0.988478
800.559 314.883 0.226687 -0.0854614 0.966468
792.289 267.901 0.180762 -0.0742781 0.963459
719.908 205.321 0.130817 -0.0133375 0.97954
932.137 35.021 0.00855473 -0.183431 1.02052
505.723 38.3164 0.00840849 0.147683 1.00251
882.981 203.036 0.129689 -0.147126 0.974079
569.107 275.592 0.183347 0.114825 0.959833
566.69 15.8839 -0.00532707 0.0994389 1.00241
617.154 210.312 0.131367 0.0703464 0.969203
656.2 207.922 0.130366 0.0387964 0.971289
570.239 274.98 0.184478 0.115297 0.964261
526.621 218.952 0.142376 0.153785 0.990302
869.6 248.11 0.168018 -0.141982 0.97488
748.909 319.544 0.228383 -0.0384217 0.962058
799.641 314.633 0.231139 -0.0868243 0.976075
513.915 30.3259 0.00156239 0.146872 1.02047
567.277 10.1237 -0.00824057 0.0970525 0.996753
643.081 97.2382 0.0495967 0.0453147 0.989419
567.633 15.8922 -0.00554821 0.09926 1.00448
532.604 249.908 0.172892 0.158176 0.999743
915.415 46.386 0.0109024 -0.19563 1.07963
806.132 317.798 0.261743 -0.107257 1.03049
662.048 6.44941 -0.010091 0.0279968 0.999999
720.47 198.474 0.121912 -0.0134606 0.963416
890.896 129.128 0.0782996 -0.172147 1.04655
617.007 9.25938 -0.00868437 0.0611701 0.999549
657.854 203.501 0.127285 0.0374563 0.973408
823.178 90.7197 0.0468437 -0.0937008 0.990236
878.709 229.58 0.151803 -0.147102 0.974299
823.49 89.3027 0.0458772 -0.0942039 0.99181
825.803 84.4956 0.0425998 -0.0936486 0.982918
658.314 207.235 0.131899 0.0381197 0.980637
639.752 100.982 0.0520261 0.0472225 0.982921
600.553 98.1465 0.0497393 0.0771752 0.984771
924.598 116.997 0.0681554 -0.193797 1.0306
927.707 38.4991 0.00994878 -0.184789 1.03106
805.387 267.513 0.178248 -0.0839633 0.957068
839.1 107.449 0.0595014 -0.140436 1.11074
521.47 147.167 0.0855652 0.151004 1.00204
846.677 318.607 0.236317 -0.131425 0.97673
616.536 13.5498 -0.00617968 0.0619983 1.00084
660.438 6.46063 -0.00945248 0.0287398 0.994661
926.958 120.825 0.0701524 -0.18583 1.00721
828.833 76.7947 0.0375492 -0.0937715 0.975722
767.534 341.114 0.253587 -0.0568627 0.966987
845.113 340.156 0.269773 -0.139707 0.994883
864.499 73.9319 0.035632 -0.126678 0.998722
835.475 53.1239 0.0212458 -0.103018 1.00052
518.158 41.8458 0.0086483 0.147804 1.02798
506.034 18.5658 -0.00425708 0.145076 1.00323
615.951 13.1877 -0.00634015 0.062308 1.00023
617.394 206.47 0.12813 0.0696776 0.968495
766.997 341.168 0.254994 -0.0567188 0.969368
864.973 323.599 0.247301 -0.153745 0.987198
871.435 245.81 0.166137 -0.143427 0.975312
535.603 67.1047 0.027492 0.130546 1.00838
553.444 316.705 0.136742 0.0728946 0.786208
602.857 341.194 0.258742 0.100608 0.980694
589.949 321.291 0.228504 0.104402 0.963569
616.462 12.1153 -0.00711544 0.062021 1.00121
655.898 123.843 0.0717573 0.0455608 1.0683
895.5 108.537 0.0606543 -0.158589 1.00843
599.363 345.844 0.243633 0.0938106 0.945629
803.654 343.653 0.248209 -0.0871482 0.951986
873.608 322.848 0.226368 -0.145222 0.948133
496.471 348.142 0.260956 0.201056 0.974283
624.084 58.9701 0.0237618 0.0345962 0.828509
804.155 341.375 0.249503 -0.0889744 0.958327
528.181 216.482 0.142909 0.156844 1.00179
660.597 5.27634 -0.0102052 0.0286033 0.994941
804.537 343.758 0.250025 -0.0886784 0.954914
744.922 318.436 0.224635 -0.0343815 0.95689
863.951 365.254 0.292617 -0.158368 0.983412
863.45 251.459 0.179019 -0.146357 0.999906
771.289 344.438 0.247648 -0.05791 0.950493
788.8 265.99 0.179426 -0.0714134 0.96462
827.464 618.584 0.14071 -0.0329771 0.614374
769.845 342.284 0.244034 -0.0561441 0.94806
715.972 102.518 0.0522944 -0.0101983 0.942082
774.346 345.166 0.242154 -0.0588887 0.939665
645.03 93.6686 0.0471241 0.0432822 0.986668
664.09 8.23296 -0.0100503 0.0272347 1.00879
720.704 341.487 0.251104 -0.0130627 0.963248
679.227 383.382 0.290924 0.0265893 0.954739
719.765 344.992 0.248022 -0.0119486 0.951538
917.346 628.069 0.131026 -0.0523976 0.602136
784.58 314.7 0.22535 -0.0706282 0.964607
663.896 492.94 0.17389 0.0153738 0.703074
597.491 376.134 0.255937 0.0905024 0.916863
524.344 217.436 0.139894 0.153393 0.9854
807.39 495.052 0.172419 -0.0407041 0.698985
768.264 377.048 0.283513 -0.0570493 0.952154
560.874 299.054 0.202178 0.123138 0.953957
715.987 159.229 0.112526 -0.0132688 1.19566
520.898 357.902 0.288313 0.194741 1.00043
631.934 344.173 0.237299 0.0632103 0.936601
932.189 28.6452 0.00440239 -0.182015 1.01912
573.651 275.218 0.188607 0.115893 0.974569
723.481 568.952 0.177623 -0.00720255 0.66809
632.372 345.474 0.24203 0.0642283 0.942615
803.084 374.88 0.289918 -0.0925433 0.964186
606.826 374.24 0.291338 0.0991036 0.972495
684.076 345.395 0.236394 0.0184769 0.931617
620.18 211.143 0.134107 0.0697584 0.978115
715.106 91.5725 0.0451382 -0.00951896 0.931131
485.699 387.343 0.313111 0.229863 0.984169
490.949 386.499 0.320912 0.232526 0.996344
503.868 387.125 0.340957 0.236318 1.02237
840.87 43.4589 0.0161774 -0.101541 0.980645
685.299 429.003 0.989554 0.115282 1.52731
815.25 327.194 0.238566 -0.0995058 0.964814
648.486 121.406 0.0659836 0.0408203 0.976125
878.978 567.517 0.410492 -0.144853 0.851109
507.914 385.574 0.349428 0.240842 1.03684
715.658 85.8254 0.0424495 -0.0108 0.990851
686.492 344.743 0.246733 0.0177269 0.950639
717.501 151.433 0.104132 -0.0159948 1.23668
577.414 428.159 0.451452 0.188278 1.0725
538.437 405.678 0.368519 0.2025 1.02234
492.462 386.646 0.322134 0.231919 0.997729
792.072 268.631 0.183104 -0.0750396 0.968059
874.487 258.903 0.179999 -0.150241 0.981303
851.005 341.337 0.256469 -0.13591 0.969237
911.572 104.063 0.0557426 -0.15052 0.95686
601.449 377.072 0.286029 0.100751 0.959983
840.751 412.061 0.338648 -0.136155 0.967551
531.667 257.513 0.177962 0.157597 0.993165
927.866 118.416 0.0684485 -0.187252 1.0095
816.259 387.693 0.264299 -0.0901547 0.907619
837.9 378.058 0.315379 -0.137995 0.994242
602.067 341.428 0.25538 0.0994432 0.974298
531.195 243.578 0.166615 0.15775 0.998571
855.355 71.0571 0.0336911 -0.11808 0.994395
647.191 387.037 0.286479 0.0550489 0.943474
847.003 320.385 0.239785 -0.133113 0.979872
861.585 365.26 0.300497 -0.161262 0.995394
781.163 454.848 0.210234 -0.0400818 0.768993
753.779 319.619 0.219562 -0.0408725 0.944249
839.67 628.907 0.129311 -0.0332901 0.600689
538.063 0.735016 -0.0161707 0.121732 1.01144
631.219 345.95 0.243819 0.0657746 0.944928
669.124 437.165 0.254091 0.0250031 0.838267
933.106 34.7918 0.00856344 -0.183436 1.01879
931.54 120.575 0.0697219 -0.187046 1.00164
946.013 273.798 0.262867 -0.33742 1.16491
769.993 379.021 0.278645 -0.0571085 0.941908
685.853 375.747 0.285381 0.020306 0.959091
896.831 298.242 0.216974 -0.175508 0.97823
891.963 299.975 0.225565 -0.178568 0.993546
834.822 320.718 0.233655 -0.117552 0.967554
945.392 632.234 0.226495 -0.0959565 0.679358
792.443 606.947 0.233666 -0.0375815 0.697856
854.638 413.084 0.351901 -0.156906 0.981342
588.085 488.368 0.154423 0.0404721 0.68396
597.775 343.306 0.245131 0.0970605 0.952799
853.86 73.1357 0.0350099 -0.118027 0.997675
880.492 206.178 0.133658 -0.147928 0.980501
506.399 356.383 0.278557 0.201805 0.987907
581.743 494.153 0.171398 0.0471199 0.700312
858.32 337.494 0.257651 -0.145941 0.978454
535.678 1.68098 -0.0151772 0.122674 1.00833
652.335 108.947 0.0586319 0.0419775 1.01775
901.618 37.6095 0.00948875 -0.161668 1.02658
855.915 68.4978 0.0319527 -0.11848 0.995055
715.887 131.935 0.079893 -0.0118951 1.07823
498.899 354.414 0.265372 0.19787 0.970017
832.051 550.457 0.112988 -0.0318376 0.60946
675.405 387.516 0.281718 0.028342 0.935413
715.606 70.0767 0.0322159 -0.0105976 0.973245
638.607 84.9102 0.0403711 0.0397018 0.9247
578.841 497.443 0.169677 0.0474262 0.696573
602.27 376.226 0.284498 0.0995692 0.95912
849.474 407.259 0.361818 -0.15978 1.00292
727.711 383.184 0.289438 -0.0191887 0.951763
605.131 124.476 0.0676374 0.0738197 0.975065
503.641 346.666 0.270545 0.205181 0.99351
804.415 344.304 0.244329 -0.0859451 0.944118
872.728 324.938 0.231012 -0.146863 0.953136
867.182 68.5068 0.0322421 -0.125127 0.988441
782.447 458.827 0.207314 -0.0398241 0.762499
601.09 105.452 0.0550522 0.0795394 0.994985
798.332 447.937 0.400727 -0.100585 0.981442
682.3 279.022 0.188464 0.0194827 0.961178
598.099 109.395 0.05769 0.0812303 0.990395
500.602 97.1514 0.0481355 0.154194 0.987708
636.698 377.231 0.280936 0.0653726 0.951357
868.464 17.7887 -0.00147706 -0.125658 1.00195
822.248 436.138 0.472659 -0.161427 1.07118
719.128 576.167 0.100712 -0.00436812 0.588723
860.423 486.66 0.17859 -0.0643977 0.710216
730.8 464.587 0.19944 -0.0129709 0.749677
607.163 419.331 0.348519 0.106455 0.973549
607.254 419.292 0.348599 0.106405 0.973701
681.922 344.396 0.230336 0.0195513 0.922764
916.548 472.957 0.201415 -0.101219 0.744043
617.355 13.2738 -0.00670715 0.0618823 1.00398
828.912 4.14064 -0.0119939 -0.0980347 1.01488
806.419 3.90629 -0.014684 -0.0839699 1.03211
714.239 56.6155 0.0239852 -0.00802219 0.845981
684.403 377.994 0.282738 0.021169 0.951571
893.925 298.968 0.222252 -0.177819 0.988449
761.69 381.293 0.298986 -0.0532642 0.967497
732.187 460.407 0.202174 -0.0139136 0.755886
495.299 51.1715 0.0191159 0.13984 0.957352
573.942 276.352 0.189159 0.115346 0.973219
915.562 528.112 0.118521 -0.0557593 0.623027
859.993 381.048 0.296931 -0.148066 0.962509
629.999 373.208 0.265002 0.0671655 0.934219
720.554 203.074 0.128321 -0.0138121 0.976444
635.971 379.01 0.277973 0.064656 0.94418
601.221 378.625 0.287097 0.100873 0.958968
865.722 72.5845 0.0346927 -0.127859 0.999884
869.615 14.9292 -0.00303078 -0.125619 0.999732
571.919 275.04 0.185279 0.114527 0.96619
717.634 19.2002 -0.0102032 -0.00496197 0.598527
853.849 378.327 0.278399 -0.132771 0.940633
798.002 5.58668 -0.0110477 -0.0741208 1.0126
830.974 65.5677 0.0286212 -0.105709 1.02274
855.27 256.954 0.197189 -0.153942 1.03933
691.997 373.545 0.266071 0.0128879 0.933823
712.664 8.33 -0.00527959 -0.00889311 0.970899
625.449 283.672 0.196427 0.0707275 0.972432
712.701 16.6287 -0.00300325 -0.00913611 0.996833
788.712 268.433 0.185291 -0.0733715 0.974652
568.426 21.0756 -0.00295059 0.100745 1.01076
599.544 71.8452 0.0312644 0.0813388 1.01136
718.992 346.273 0.240351 -0.0109803 0.936096
522.875 119.854 0.0660158 0.157573 1.03297
721.503 422.015 0.336442 -0.0132171 0.952721
716.043 81.064 0.0352086 -0.0088269 0.846017
698.193 338.58 1.19987 0.174792 2.4895
758.671 446.513 0.430198 -0.0606835 1.01351
730.852 413.646 0.334625 -0.0229564 0.962901
868.567 29.9659 0.00658195 -0.125806 0.998615
713.24 45.2374 0.00592789 -0.0103612 1.09674
643.645 191.896 0.155565 0.0922443 1.23487
614.657 32.12 -0.0702675 0.146084 1.40488
609.638 148.487 0.0775973 0.238424 1.58686
639.212 103.792 0.0539621 0.047828 0.983174
802.34 341.024 0.25897 -0.0915384 0.975587
609.531 132.653 0.0747975 0.074776 0.993153
558.757 7.67202 -0.00716542 0.0969904 0.973554
845.972 340.349 0.264766 -0.137151 0.985739
575.787 10.3987 -0.00845089 0.0917672 1.00058
719.445 205.079 0.129499 -0.0128473 0.974416
873.873 259.477 0.180509 -0.14976 0.981262
931.333 28.615 0.00607972 -0.173712 1.0008
618.099 214.144 0.136108 0.0713449 0.976143
655.375 210.682 0.130841 0.038699 0.963693
683.698 341.801 0.250104 0.0209656 0.961941
530.95 244.27 0.16709 0.157859 0.998012
571.759 276.22 0.187869 0.116204 0.970207
498.589 14.6495 -0.00584377 0.147024 0.995038
