721.011 340.553 0.24961 -0.0128438 0.963455
637.643 341.46 0.249102 0.0640001 0.96333
597.326 104.78 0.0535147 0.0804932 0.985054
801.356 313.75 0.224631 -0.0854666 0.965806
792.713 266.609 0.179128 -0.0742171 0.964009
720.382 204.039 0.12949 -0.0133848 0.981568
933.756 32.3518 0.00660352 -0.183035 1.01866
505.421 36.4778 0.00652417 0.147531 1.00192
882.14 201.767 0.129538 -0.148419 0.980916
569.413 274.485 0.181518 0.114882 0.959901
566.125 13.412 -0.00732978 0.099254 1.00047
616.769 209.025 0.128954 0.0704188 0.966848
656.61 206.627 0.128417 0.0387024 0.970784
571.009 273.813 0.182982 0.115291 0.965332
526.989 217.811 0.140673 0.153857 0.99082
869.413 246.608 0.167407 -0.142719 0.979037
749.85 318.409 0.226424 -0.0387204 0.961695
800.797 313.731 0.228456 -0.0867786 0.973631
514.622 29.3696 -3.12924e-05 0.14728 1.02326
567.556 8.7344 -0.00994865 0.0972155 0.998267
643.423 95.4779 0.0476492 0.0451015 0.988519
567.702 13.7985 -0.00742503 0.0989074 1.00358
531.893 248.891 0.17014 0.157671 0.996532
914.85 45.7707 0.00972951 -0.196701 1.08498
806.308 316.24 0.261099 -0.107621 1.03365
661.88 3.61519 -0.0121285 0.0280254 0.99755
720.703 197.176 0.120406 -0.0132959 0.964716
899.687 122.366 0.0710105 -0.166119 1.0154
617.097 7.29538 -0.0105136 0.0611248 0.99943
657.811 202.155 0.125144 0.0376414 0.972157
824.022 88.762 0.0449276 -0.0936426 0.989474
879.237 228.162 0.150268 -0.147264 0.975276
824.219 87.3805 0.0439921 -0.0940915 0.991192
826.987 82.0539 0.0403815 -0.0932988 0.979947
658.741 205.964 0.130148 0.0381026 0.980914
640.551 100.052 0.0507303 0.0472621 0.986221
600.39 96.413 0.0477655 0.0771758 0.983771
925.183 115.432 0.0666322 -0.194421 1.03258
928.045 36.9508 0.00838612 -0.185218 1.03319
806.46 266.456 0.175516 -0.0836437 0.954022
839.614 105.508 0.0576018 -0.139892 1.10947
522.924 146.327 0.0844788 0.151482 1.00601
847.34 317.346 0.234576 -0.131466 0.976896
616.676 11.513 -0.00803475 0.0618678 1.00044
660.668 4.34359 -0.0113039 0.0286673 0.994273
927.994 118.986 0.0683137 -0.185728 1.00686
829.326 75.4616 0.0360636 -0.094212 0.978189
767.994 339.755 0.25222 -0.0569065 0.968135
845.404 338.594 0.26881 -0.140107 0.997046
865.154 72.249 0.0339677 -0.126896 0.999756
836.295 50.8965 0.0193353 -0.10282 0.999457
518.643 40.7166 0.00702555 0.148103 1.03005
505.752 16.686 -0.00612585 0.144995 1.00292
616.122 11.2704 -0.00816499 0.0622242 1.00022
617.917 205.225 0.126018 0.06924 0.96719
767.549 340.082 0.253024 -0.0566275 0.968942
866.275 322.635 0.244678 -0.153462 0.985004
872.018 244.535 0.164141 -0.142946 0.974416
533.581 63.7791 0.0247825 0.129501 1.0013
553.608 316.198 0.134559 0.0727653 0.785178
603.214 340.283 0.256589 0.100466 0.979834
590.358 320.272 0.226596 0.104355 0.963341
616.699 10.5676 -0.00883906 0.0620972 1.00235
656.077 122.149 0.069785 0.0454853 1.0673
896.317 106.78 0.0589104 -0.158657 1.00872
599.918 344.786 0.241914 0.093809 0.945844
804.211 342.862 0.245616 -0.0866044 0.949941
873.361 321.385 0.225575 -0.145327 0.950514
497.139 347.141 0.259335 0.201082 0.974686
624.576 57.8747 0.0221814 0.0347176 0.830188
804.979 340.421 0.247173 -0.088833 0.956987
526.08 215.172 0.138942 0.155182 0.993198
661.226 3.92031 -0.0118622 0.028455 0.996834
805.454 342.813 0.247639 -0.0885943 0.953486
745.599 317.234 0.2229 -0.0344971 0.957122
864.43 363.97 0.291135 -0.158436 0.984022
863.77 250.082 0.177624 -0.146479 1.00123
771.806 342.889 0.246824 -0.0581936 0.952893
789.628 264.386 0.178819 -0.0723609 0.968785
826.01 609.281 0.141325 -0.0331956 0.619752
770.423 341.116 0.24233 -0.0561501 0.948265
716.452 100.995 0.0505576 -0.0102363 0.94256
775.115 343.697 0.241061 -0.0592965 0.941434
644.767 91.4734 0.0448679 0.0432656 0.983757
664.661 7.07584 -0.0116497 0.0271654 1.01129
721.237 340.486 0.249007 -0.0130312 0.962513
679.861 382.265 0.289219 0.0265308 0.954939
720.484 343.26 0.24791 -0.0121795 0.955565
916.468 622.449 0.130605 -0.0527484 0.605241
786.418 314.747 0.219713 -0.0698365 0.954323
665.28 489.123 0.173726 0.0154425 0.706808
600.081 374.262 0.256718 0.0902592 0.922001
524.77 216.325 0.138177 0.153349 0.985748
807.067 490.433 0.172595 -0.040957 0.703476
768.599 374.61 0.284866 -0.057799 0.958884
560.783 298.116 0.199888 0.123084 0.952696
716.437 157.733 0.110641 -0.0134103 1.19426
520.954 357.102 0.285962 0.194529 0.999208
632.129 343.058 0.235616 0.0635403 0.936951
934.505 25.3643 0.0022627 -0.181347 1.01552
572.643 274.486 0.18529 0.1155 0.969779
724.199 564.026 0.177734 -0.00720887 0.671945
633.573 343.906 0.24159 0.0642608 0.945885
804.583 374.803 0.285593 -0.0920417 0.958674
607.326 373.588 0.288765 0.0986145 0.970697
684.232 345.554 0.231677 0.0183303 0.924543
620.177 209.865 0.131388 0.0692539 0.974343
715.555 85.1674 0.0396821 -0.00922608 0.908449
486.958 385.838 0.312391 0.23064 0.986611
491.401 385.444 0.319121 0.232718 0.996529
504.733 385.881 0.339901 0.236878 1.0239
841.27 41.7783 0.0145106 -0.101581 0.981748
816.037 325.906 0.236866 -0.0997258 0.96517
648.434 119.483 0.0637335 0.0407692 0.973839
881.424 567.982 0.404679 -0.144221 0.846814
506.728 385.457 0.345014 0.23966 1.03163
716.09 84.1762 0.040677 -0.0108336 0.991073
686.215 344.622 0.242561 0.018075 0.944863
717.731 149.182 0.10133 -0.0157898 1.23057
578.532 427.77 0.450283 0.1874 1.07183
539.818 403.988 0.368639 0.203428 1.02592
516.83 378.804 0.365557 0.252908 1.0734
792.646 267.338 0.181387 -0.0750628 0.968377
875.313 257.576 0.178082 -0.150143 0.980889
851.676 339.845 0.25521 -0.13642 0.970695
912.199 102.437 0.0541111 -0.150705 0.957881
601.862 376.222 0.283873 0.10062 0.959177
841.546 411.043 0.336635 -0.136137 0.967016
531.371 256.489 0.175598 0.157338 0.991386
928.555 116.796 0.0668991 -0.188045 1.01169
816.962 386.252 0.262902 -0.0904215 0.908599
838.705 376.922 0.313472 -0.138095 0.993976
602.356 340.58 0.253098 0.0992723 0.973101
531.357 242.46 0.164719 0.157743 0.998391
856.463 68.7416 0.0316669 -0.117803 0.99265
647.845 385.917 0.284848 0.0550151 0.943819
847.797 319.175 0.237843 -0.133105 0.979535
862.888 364.534 0.297488 -0.1608 0.992634
781.835 452.305 0.209677 -0.0403953 0.771761
753.855 317.972 0.219349 -0.0408616 0.94836
840.248 626.085 0.128275 -0.033431 0.602386
631.794 344.494 0.242834 0.0661319 0.947068
934.954 32.091 0.00656589 -0.183345 1.01725
931.133 119.313 0.0684798 -0.18737 1.00465
946.509 272.438 0.261424 -0.337704 1.16584
770.583 377.759 0.277161 -0.0571878 0.942568
686.525 374.205 0.284652 0.0203493 0.961431
898.198 297.046 0.214658 -0.175397 0.976817
892.727 298.671 0.223765 -0.178586 0.99355
835.56 319.498 0.231806 -0.117581 0.967449
945.675 627.581 0.226225 -0.0968711 0.682262
793.222 604.594 0.232492 -0.0376972 0.699134
855.256 411.764 0.350579 -0.157213 0.982085
589.893 486.973 0.152871 0.0402782 0.684826
598.875 341.987 0.244338 0.0971688 0.955101
854.705 71.1916 0.0331895 -0.118025 0.997481
881.447 204.712 0.131627 -0.147646 0.979421
506.48 355.639 0.276201 0.201473 0.986597
583.171 491.936 0.170525 0.0473223 0.702359
859.026 336.189 0.256004 -0.146119 0.97887
649.279 102.801 0.05288 0.041415 0.992165
902.483 35.5438 0.00772424 -0.161699 1.02678
855.986 67.1588 0.0304801 -0.118587 0.997183
716.285 130.195 0.0778972 -0.0119112 1.07711
498.872 353.516 0.263147 0.197882 0.96923
832.287 546.204 0.11229 -0.0320701 0.612268
715.738 68.0368 0.0302456 -0.0103871 0.97171
639.021 83.5685 0.0387127 0.0397159 0.92559
580.985 493.751 0.169427 0.0476846 0.700123
603.27 374.839 0.283539 0.0996476 0.960958
851.999 407.809 0.355436 -0.158456 0.994412
728.442 382.143 0.287535 -0.0193213 0.951508
605.322 123.033 0.0658352 0.0738567 0.975268
504.201 345.709 0.268785 0.205107 0.993571
805.199 342.879 0.24295 -0.0863332 0.945282
873.438 323.517 0.229597 -0.147267 0.954207
868.362 66.1339 0.0301978 -0.124838 0.986728
783.008 455.854 0.20703 -0.0401676 0.765882
601.154 103.9 0.0532048 0.0795651 0.994842
799.242 447.139 0.39824 -0.100624 0.980155
682.019 277.686 0.187439 0.0202959 0.963644
598.687 108.278 0.0562142 0.0813722 0.992481
500.727 95.7722 0.0463538 0.154111 0.987845
637.525 375.659 0.280318 0.0656095 0.953947
869.964 14.7625 -0.00351971 -0.125271 0.9992
823.055 435.347 0.470116 -0.161295 1.06967
860.857 484.82 0.177454 -0.0645518 0.711661
731.781 460.352 0.199863 -0.0132644 0.75476
606.636 419.048 0.344629 0.10649 0.969933
606.593 419.239 0.344212 0.106298 0.969153
682.795 342.852 0.229954 0.0195159 0.926024
917.369 471.485 0.200003 -0.101472 0.744892
617.901 11.977 -0.00834795 0.0618512 1.00579
829.254 2.02667 -0.0137095 -0.0977152 1.01464
806.068 10.2217 -0.013256 -0.086902 1.04981
714.96 54.2012 0.0216819 -0.00808958 0.842324
895.119 297.762 0.220044 -0.177702 0.9873
762.232 380.254 0.297035 -0.053171 0.967121
733.262 457.11 0.202082 -0.01422 0.759739
495.415 49.6967 0.0173401 0.139779 0.95763
574.742 275.038 0.188171 0.115855 0.975993
913.483 523.1 0.118343 -0.0559835 0.626819
859.473 379.228 0.297333 -0.148589 0.96666
630.799 371.654 0.264423 0.0674878 0.936881
721.129 201.766 0.126771 -0.013922 0.97754
636.992 377.109 0.278126 0.0650461 0.948395
601.919 377.688 0.285202 0.10063 0.958686
866.543 70.5773 0.0328514 -0.127674 0.999272
870.66 12.5608 -0.00489312 -0.125618 0.999268
572.656 273.674 0.184247 0.115101 0.968982
719.602 18.5695 -0.0118096 -0.00519659 0.600848
854.273 376.901 0.277283 -0.133039 0.941993
798.593 3.49466 -0.01283 -0.0741478 1.01276
691.747 373.003 0.262808 0.0134448 0.930828
712.898 14.6198 -0.00482346 -0.00903066 0.996829
789.35 267.137 0.183587 -0.0734664 0.975015
645.919 634.641 0.126517 0.0131543 0.599174
567.611 18.1388 -0.00511335 0.100339 1.00734
598.36 69.2535 0.0289162 0.0814748 1.00765
719.974 344.358 0.240297 -0.0114226 0.940484
523.723 118.959 0.0646446 0.157456 1.03438
722.189 420.696 0.335193 -0.0133345 0.95365
716.77 79.5118 0.0334407 -0.00895397 0.846838
698.302 338.305 1.18363 0.171072 2.4627
759.39 445.288 0.428849 -0.0609661 1.01401
731.442 412.338 0.333413 -0.0230149 0.963889
869.294 27.904 0.00479874 -0.125782 0.998788
713.549 42.7932 0.00394773 -0.0103526 1.09474
643.574 190.347 0.153013 0.0918798 1.23106
613.755 28.3966 -0.0720071 0.145071 1.39661
528.309 135.656 0.0759482 0.143516 1.00119
716.09 49.6337 0.0160278 -0.00750287 0.772399
716.467 63.8706 0.0245747 -0.00836088 0.81693
582.229 494.693 0.168956 0.0469726 0.699057
683.202 341.321 0.238158 0.020423 0.943018
879.233 206.079 0.135388 -0.150487 0.991232
819.308 393.404 0.717322 -0.318346 1.43165
599.935 397.476 0.408579 0.154375 1.08594
651.831 218.687 0.206217 0.0991942 1.31426
844.752 39.5798 0.0163064 -0.0834133 0.896648
644.634 63.2817 0.0257538 0.0434581 0.996808
871.932 199.234 0.133666 -0.150815 1.01158
632.391 83.6369 0.0360535 0.0362579 0.866305
618.928 134.673 0.0798218 0.0806137 1.06015
793.128 315.503 0.229055 -0.0793572 0.971433
722.777 273.589 0.185044 -0.0147473 0.965614
888.474 339.372 0.278396 -0.191174 1.01068
689.098 275.067 0.175627 0.0128076 0.938919
609.725 147.333 0.0759873 0.238578 1.58798
639.497 102.145 0.0520713 0.0477208 0.982743
803.092 339.93 0.25693 -0.0915275 0.974994
610.886 132.093 0.0740555 0.075099 0.998981
562.981 11.1552 -0.00748038 0.0984307 0.98907
846.446 338.962 0.263389 -0.137347 0.986814
575.576 8.35415 -0.0103253 0.0917597 1.00011
719.965 203.655 0.126894 -0.0128154 0.971133
874.931 258.178 0.178371 -0.14959 0.980135
934.469 24.4673 0.00362154 -0.172382 0.994407
618.617 212.93 0.134699 0.0715323 0.977854
655.808 209.42 0.129153 0.0387214 0.964253
684.164 340.777 0.248103 0.0209813 0.961471
530.941 243.194 0.164958 0.157614 0.996911
572.343 275.081 0.186256 0.116228 0.970899
498.808 13.1206 -0.00759359 0.146954 0.995654
