630.246 161.959 0.168778 0.0374006 0.746799
862.021 1.04788 0.107701 -0.0668114 0.778921
920.726 224.462 0.20872 -0.106974 0.768889
605.008 6.24599 0.107748 0.0444374 0.758835
574.906 167.344 0.171449 0.0626046 0.749121
720.417 155.204 0.167924 -0.00292038 0.752751
572.009 158.732 0.164767 0.0612676 0.738493
732.326 242.844 0.258371 -0.505032 4.95038
718.35 234.425 -0.0893378 -0.138878 5.50198
630.891 146.936 0.160297 0.0358325 0.739153
726.06 192.63 -0.116245 -0.21676 3.887
510.485 255.395 0.21184 0.0973651 0.745278
721.733 137.743 0.156403 -0.00282582 0.736716
721.034 155.226 0.170062 -0.00354289 0.761044
579.935 95.0104 0.0360305 0.432426 1.93851
829.767 238.952 0.195795 -0.0486683 0.719794
525.817 323.247 0.227449 0.0834467 0.707586
932.269 211.837 0.196608 -0.105091 0.753513
722.261 137.152 0.155866 -0.00299467 0.735483
572.932 162.515 0.16728 0.0617212 0.741742
941 229.499 0.204002 -0.109125 0.749216
577.404 162.544 0.169651 0.0614856 0.750373
829.451 244.316 0.214096 -0.0578373 0.757517
551.757 22.5613 0.1148 0.0707468 0.7766
500.941 251.402 0.201957 0.0949609 0.726955
926.975 218.081 0.20149 -0.10511 0.758347
953.942 38.0505 0.124666 -0.119794 0.800811
756.99 314.677 0.241558 -0.0202728 0.736167
632.445 153.805 0.166366 0.0366492 0.751352
611.305 347.394 0.278737 0.0588209 0.767518
780.184 344.45 0.291541 -0.0413917 0.786931
920.81 322.532 0.264037 -0.11516 0.763573
495.365 250.813 0.19782 0.0941587 0.718006
855.882 325.456 0.249959 -0.0705883 0.738113
749.171 321.161 0.261906 -0.0194238 0.765144
873.581 342.744 0.312842 -0.113024 0.819674
721.394 345.713 0.280571 -0.0042245 0.769777
628.526 153.524 0.162874 0.0369589 0.738383
948.707 288.928 0.255703 -0.13907 0.78759
825.393 344.4 0.295094 -0.0708688 0.791436
904.561 317.277 0.248364 -0.0964457 0.742588
670.598 347.699 0.26222 0.0231713 0.740157
833.653 249.266 0.215497 -0.0594343 0.754445
609.008 347.545 0.271209 0.0577114 0.755617
712.435 43.0876 0.13025 -0.00415834 0.921716
713.045 45.6672 0.130005 -0.00266157 0.85209
534.445 408.407 0.259721 0.0805106 0.689614
798.666 402.511 0.260898 -0.0350658 0.691171
537.767 355.683 0.237073 0.0772621 0.69649
539.723 401.112 0.255717 0.0776034 0.689424
848.383 352.58 0.239526 -0.0563352 0.697683
568.264 346.33 0.289478 0.0888408 0.786494
542.717 3.14707 0.106138 0.0688405 0.75435
938.537 242.8 0.218057 -0.117181 0.766618
550.322 468.554 0.313511 0.0854314 0.709152
487.111 497.308 0.360801 0.135868 0.734948
851.873 407.326 0.282317 -0.0664064 0.713845
903.145 455.91 0.309021 -0.0941128 0.707408
902.836 345.616 0.265779 -0.0985705 0.743133
908.556 461.308 0.32151 -0.101961 0.716271
899.804 452.124 0.312108 -0.0948221 0.713422
842.859 348.101 0.252797 -0.0606296 0.721913
908.245 347.073 0.261552 -0.0980487 0.735131
944.979 319.873 0.23432 -0.104037 0.715153
917.47 450.829 0.321809 -0.109634 0.72423
533.92 403.836 0.247269 0.0759887 0.67646
929.791 320.553 0.249503 -0.108934 0.740745
679.42 354.738 0.263499 0.0185736 0.735391
482.435 355.531 0.355364 0.192817 0.877679
491.838 287.459 0.218633 0.101541 0.725175
899.894 404.908 0.287532 -0.0934996 0.721382
605.949 516.158 0.340586 0.0588755 0.701667
938.409 385.113 0.273138 -0.109348 0.718129
858.35 410.627 0.275158 -0.0659168 0.702363
864.289 417.018 0.286679 -0.0725195 0.711539
606.842 1.0605 0.105773 0.0433171 0.757206
932.453 234.312 0.212301 -0.111947 0.764056
723.49 403.012 0.266734 -0.00223591 0.699534
734.617 433.88 0.219287 -0.00214029 0.620931
796.809 351.005 0.249613 -0.0371941 0.715311
928.895 292.805 0.280402 -0.14988 0.831049
553.953 317.968 0.246331 0.0816739 0.745306
793.902 467.903 0.309906 -0.0376127 0.701812
675.54 393.877 0.260611 0.0194501 0.699031
670.528 353.865 0.240788 0.0209868 0.701511
542.329 322.445 0.243506 0.0849651 0.736057
658.03 473.171 0.282747 0.0271425 0.672559
592.407 354.527 0.24639 0.0570706 0.710923
573.941 151.31 0.162331 0.0606184 0.741246
765.31 315.595 0.228805 -0.021362 0.712593
663.546 410.532 0.247975 0.0231586 0.671131
544.131 530.047 0.325016 0.0838285 0.680554
562.57 507.232 0.35867 0.0887862 0.724333
541.773 404.149 0.261283 0.0786277 0.69455
630.399 158.63 0.167123 0.0371497 0.746103
715.208 114.975 0.185405 -0.00901949 1.02852
614.054 25.6236 0.113498 0.0392822 0.740806
594.073 405.19 0.262709 0.0556991 0.694829
536.398 405.623 0.260085 0.080254 0.692018
843.407 349.647 0.254496 -0.0613559 0.723159
838.457 349.339 0.259739 -0.0613433 0.731581
569.567 149.626 0.158931 0.0603001 0.730841
945.608 228.934 0.201923 -0.109184 0.74454
721.863 399.202 0.269385 -0.00176203 0.70584
921.794 161.358 0.186104 -0.117159 0.806971
837.377 390.045 0.276661 -0.0601144 0.720588
558.038 356.262 0.259328 0.0782429 0.729919
896.115 500.929 0.365415 -0.106441 0.72849
800.416 479.527 0.296636 -0.03659 0.68077
840.804 309.819 0.231409 -0.0572886 0.721198
752.606 333.121 0.237321 -0.0158563 0.711869
942.509 289.883 0.262535 -0.141962 0.799899
902.82 314.797 0.228634 -0.0824069 0.710603
558.709 468.034 0.319814 0.0834795 0.715843
716.804 24.4518 0.114566 -0.00143849 0.753472
783.698 345.576 0.277686 -0.0394055 0.764081
902.557 456.701 0.311081 -0.0946593 0.709
605.931 466.909 0.292699 0.0523458 0.687684
843.511 466.265 0.314838 -0.0642227 0.707109
660.597 461.593 0.296622 0.0277456 0.694462
565.235 73.9817 0.132681 0.0625809 0.751864
501.035 250.552 0.200978 0.0943741 0.725596
608.185 11.2309 0.106489 0.0384333 0.717312
603.937 468.684 0.290608 0.0526293 0.684376
913.756 449.673 0.330286 -0.112577 0.734016
906.785 443.916 0.340031 -0.115557 0.749011
544.454 96.8059 -0.0838327 0.0196369 0.162866
823.563 238.355 0.196694 -0.046622 0.722753
715.616 59.5522 0.129857 -0.00143423 0.769582
600.189 134.511 0.182336 0.0722378 0.878828
539.47 100.329 -0.0839058 0.0196164 0.162788
949.013 135.965 0.160287 -0.105053 0.750506
534.026 321.965 0.243483 0.0891483 0.736649
875.037 317.366 0.269094 -0.0948004 0.779099
555.587 32.1051 0.115735 0.0626775 0.742423
610.92 353.115 0.524323 0.162497 1.12176
922.883 351.276 0.248344 -0.0948388 0.710946
721.432 359.711 0.224818 -9.42955e-05 0.671945
912.816 13.402 -0.0626152 0.0217685 0.194771
909.829 3.37278 -0.0616484 0.0217163 0.19608
883.724 335.931 0.399853 -0.191093 0.96513
907.319 228.242 0.222312 -0.112877 0.799807
715.61 18.2767 -0.120921 -0.0348917 1.89812
726.042 181.184 -0.115577 -0.19144 3.60004
829.316 240.406 0.198113 -0.0494574 0.723754
