721.011 338.785 0.249483 -0.0130297 0.965114
637.461 339.481 0.249364 0.0641754 0.966015
596.985 102.301 0.0532101 0.0805875 0.986939
801.637 312.3 0.223575 -0.0853274 0.964939
792.632 264.669 0.179058 -0.0743633 0.966106
720.286 201.946 0.129152 -0.0134276 0.982895
933.949 29.9617 0.0062984 -0.18322 1.02079
503.587 32.2673 0.00571164 0.146328 0.998102
882.943 199.662 0.128674 -0.148146 0.980058
568.798 272.616 0.180894 0.114719 0.960129
565.356 9.9387 -0.00787101 0.0990485 1.00036
615.946 206.815 0.127814 0.0701165 0.964821
656.422 204.486 0.128086 0.0386478 0.972129
570.201 271.951 0.182291 0.115244 0.965394
525.992 215.684 0.139982 0.153705 0.990721
868.864 244.676 0.167907 -0.143243 0.98313
749.975 316.726 0.225935 -0.0389183 0.962429
800.926 312.056 0.228039 -0.0869072 0.974568
512.018 24.6659 -0.00100141 0.146344 1.01839
565.011 3.29916 -0.0110245 0.0967792 0.992772
643.239 93.0166 0.0473535 0.0451148 0.990498
567.716 11.3423 -0.00769074 0.0990022 1.00657
530.984 246.903 0.169614 0.157819 0.997217
915.177 43.529 0.0094047 -0.196967 1.08702
806.225 314.637 0.261002 -0.107744 1.03541
661.774 0.7934 -0.0125041 0.027989 0.999502
720.62 194.993 0.119931 -0.0133346 0.965456
907.558 115.78 0.0661896 -0.162002 0.99222
616.601 4.00299 -0.0110118 0.0610906 1.00002
657.536 199.991 0.124723 0.0376166 0.973134
824.249 86.1712 0.044487 -0.0936368 0.990435
887.952 226.477 0.141946 -0.142603 0.946747
824.509 84.6491 0.0434554 -0.0939677 0.991463
827.217 79.8185 0.0402167 -0.0938164 0.983125
658.509 203.865 0.129827 0.0380886 0.982249
640.136 97.27 0.0501718 0.0471948 0.98642
599.496 93.1654 0.0468905 0.0767998 0.98173
924.235 113.817 0.0668125 -0.194675 1.03668
927.687 35.1161 0.00826703 -0.185763 1.03708
804.37 263.82 0.178409 -0.084281 0.965969
840.952 102.423 0.0564856 -0.139668 1.10623
522.666 144.073 0.0842442 0.151485 1.00786
847.339 315.454 0.234847 -0.132045 0.979736
616.407 8.48894 -0.00846141 0.0617889 1.00169
660.402 1.23669 -0.0117503 0.0286686 0.995417
929.815 116.17 0.0674379 -0.185891 1.00596
830.133 72.4305 0.0354172 -0.0943044 0.977908
767.786 337.808 0.252589 -0.0570849 0.971072
844.999 336.798 0.269199 -0.140349 0.999954
864.911 70.3993 0.0339698 -0.127532 1.00418
836.264 48.6493 0.0191173 -0.103076 1.0024
516.21 36.1541 0.00602191 0.146951 1.02478
505.062 13.7142 -0.0065368 0.145101 1.00446
615.071 6.9216 -0.00896264 0.0619998 0.997607
617.574 203.031 0.125389 0.0689942 0.967247
767.438 338.351 0.252907 -0.0567162 0.970613
865.973 320.85 0.244891 -0.153718 0.987566
872.699 242.673 0.163344 -0.142863 0.974077
532.426 60.6071 0.0241714 0.12939 1.00107
552.096 314.43 0.133487 0.0725832 0.784121
602.695 338.697 0.256036 0.100465 0.980383
589.909 318.521 0.226189 0.104348 0.964269
616.045 6.75711 -0.00947849 0.0618716 1.00125
655.801 119.776 0.0692878 0.0454253 1.06783
896.628 104.482 0.058568 -0.158791 1.01026
599.667 343.024 0.241756 0.0937938 0.947282
804.036 341.077 0.245747 -0.0867563 0.95208
873.904 319.768 0.224985 -0.145506 0.950992
497.456 345.233 0.259857 0.201328 0.97762
624.621 54.91 0.0220608 0.0347867 0.833617
804.799 338.567 0.247304 -0.0890134 0.959292
525.091 213.07 0.138125 0.154731 0.992405
661.202 0.755882 -0.0123191 0.0282642 0.99777
805.201 340.928 0.248027 -0.0888295 0.956269
745.54 315.358 0.222902 -0.0346513 0.959194
864.04 361.915 0.29211 -0.159294 0.98813
863.366 248.17 0.178232 -0.147271 1.00578
771.608 340.986 0.247178 -0.0583685 0.955624
787.939 262.375 0.179843 -0.0717327 0.974226
826.306 607.765 0.14083 -0.0332665 0.6204
770.579 339.214 0.242543 -0.0565922 0.950718
716.348 98.3354 0.0501743 -0.0102581 0.943916
774.564 341.162 0.242959 -0.0597588 0.947895
644.532 88.7734 0.0444173 0.0431711 0.984642
664.831 7.04878 -0.011352 0.0276692 1.02167
721.098 338.493 0.249371 -0.0131198 0.965456
679.727 380.727 0.288874 0.0264074 0.955906
720.347 341.234 0.248654 -0.0122819 0.959178
786.361 313.053 0.219296 -0.0698141 0.955202
665.151 485.786 0.17399 0.0154084 0.70922
599.048 373.454 0.2548 0.0897653 0.919338
523.302 214.174 0.137127 0.152941 0.984146
806.269 488.432 0.172299 -0.0407122 0.70451
768.395 372.358 0.286316 -0.0582982 0.963724
560.157 296.252 0.199501 0.123172 0.953677
716.39 155.809 0.110138 -0.0134591 1.19477
520.648 355.695 0.285458 0.194029 0.999602
632.113 341.024 0.235891 0.0635678 0.939593
935.087 22.6075 0.00185163 -0.181296 1.0165
571.398 272.844 0.183861 0.115032 0.967389
723.507 555.634 0.180878 -0.00726272 0.679194
633.627 341.876 0.242134 0.0643304 0.949038
804.79 373.698 0.284326 -0.0918142 0.957645
607.711 371.402 0.290233 0.0989464 0.975446
684.14 343.578 0.231936 0.018285 0.927019
619.808 207.716 0.130887 0.0691556 0.974979
715.423 80.4075 0.0378964 -0.00911836 0.9011
485.894 384.514 0.311374 0.230336 0.986283
490.526 384.267 0.31816 0.232183 0.996038
503.742 384.84 0.338613 0.236188 1.02278
840.923 39.8313 0.0144439 -0.101924 0.985871
815.916 324.14 0.236761 -0.0998215 0.966926
647.799 116.739 0.0631 0.0408448 0.973648
882.273 567.853 0.401494 -0.143551 0.844713
505.065 384.797 0.3426 0.238383 1.02827
716.003 81.5426 0.0402578 -0.010853 0.992203
685.441 343.41 0.241081 0.0183511 0.943125
717.665 147.26 0.100819 -0.0157941 1.23083
579.862 425.444 0.45574 0.188944 1.08081
539.305 402.62 0.3681 0.203366 1.02658
516.438 377.269 0.365491 0.25326 1.07508
792.692 265.497 0.180933 -0.0750745 0.969204
875.687 255.806 0.177471 -0.150028 0.981146
851.394 338.024 0.255473 -0.136691 0.973278
912.613 99.9477 0.0537394 -0.150817 0.959253
601.881 374.35 0.284201 0.100664 0.961627
841.482 409.473 0.336666 -0.136387 0.968706
531.43 254.515 0.17574 0.157514 0.994119
929.197 114.431 0.0664001 -0.187743 1.01177
816.723 384.294 0.263093 -0.0906002 0.910855
838.008 374.989 0.314543 -0.138431 0.997921
601.99 338.9 0.252748 0.0992629 0.97416
531.267 240.483 0.164708 0.157863 1.00071
856.701 66.2191 0.0313099 -0.117879 0.994156
648.33 383.549 0.286382 0.05493 0.948666
847.837 317.492 0.237605 -0.133236 0.980945
863.044 363.079 0.297112 -0.160933 0.993605
781.067 449.159 0.210309 -0.0403917 0.774929
753.285 316.266 0.219137 -0.0405064 0.949649
839.852 624.174 0.127884 -0.0333524 0.603262
631.359 343.053 0.24206 0.0659775 0.9469
936.079 29.09 0.00601166 -0.183492 1.01777
932.305 116.729 0.0678012 -0.187288 1.00435
946.668 271.073 0.261233 -0.337984 1.16741
769.96 376.201 0.276959 -0.0567732 0.943787
530.608 634.7 0.124332 0.0396369 0.598362
686.534 371.917 0.285998 0.0203585 0.966157
898.091 295.137 0.214885 -0.176019 0.979725
892.756 296.972 0.223635 -0.178803 0.995279
835.266 317.586 0.232088 -0.117852 0.970285
944.165 622.832 0.227558 -0.0974212 0.68587
854.282 409.504 0.35264 -0.158001 0.987377
588.949 484.396 0.152785 0.0404665 0.68632
598.447 340.528 0.243543 0.0968501 0.954899
855.234 68.3327 0.0326308 -0.117864 0.997443
881.311 202.786 0.131273 -0.147299 0.980333
505.877 353.873 0.276005 0.201811 0.988129
582.987 489.112 0.170546 0.0473043 0.704164
859.014 334.518 0.255886 -0.146314 0.980537
649.003 100.225 0.0524593 0.0413872 0.993223
903.057 32.8191 0.00728696 -0.161746 1.02781
856.367 64.7423 0.0301691 -0.118988 0.999419
715.981 127.688 0.0771048 -0.0116754 1.07504
499.118 351.792 0.263446 0.197793 0.971399
831.56 540.703 0.113222 -0.0323626 0.61575
715.596 64.5378 0.0294273 -0.0103231 0.969557
646.186 101.502 0.0529373 0.04197 0.979503
580.696 491.94 0.168974 0.0474688 0.700817
603.944 372.527 0.284921 0.0997256 0.965713
851.914 406.39 0.355214 -0.158516 0.995651
728.331 380.36 0.287616 -0.019437 0.95349
605.088 120.48 0.0653886 0.0736163 0.975939
501.603 344.655 0.266615 0.204767 0.990328
804.631 340.506 0.244154 -0.0868029 0.95031
868.794 63.6852 0.0298875 -0.125248 0.988885
783.041 453.223 0.207184 -0.0404417 0.768035
599.513 100.343 0.0519807 0.0793403 0.990932
827.512 489.425 0.279417 -0.0792928 0.814972
681.977 275.852 0.187847 0.0202629 0.966625
598.244 105.641 0.0557331 0.0812402 0.993028
500.067 93.2416 0.0460596 0.154514 0.990047
637.123 374.014 0.28008 0.0657257 0.9552
870.353 11.8376 -0.00395866 -0.125249 1.00026
822.785 433.774 0.47091 -0.161755 1.07245
860.356 481.504 0.177776 -0.0647696 0.714196
731.71 458.69 0.199375 -0.0133541 0.755388
607.012 417.152 0.345584 0.106406 0.973081
607.281 416.955 0.346098 0.106403 0.973984
682.83 340.717 0.231098 0.0195033 0.930335
917.839 470.3 0.199258 -0.101301 0.744957
617.216 8.08514 -0.00901861 0.0616028 1.0044
804.985 11.5503 -0.0122024 -0.0878774 1.06081
714.758 50.8626 0.0212729 -0.00807504 0.843865
894.833 295.862 0.220375 -0.178289 0.990501
762.226 378.663 0.296848 -0.0533487 0.96849
733.045 454.276 0.202357 -0.0143155 0.762149
494.528 46.6052 0.0168852 0.139761 0.958573
912.853 518.693 0.11897 -0.0563569 0.629718
859.292 377.228 0.298211 -0.149456 0.970285
631.281 369.113 0.266383 0.0677759 0.942798
721.052 199.544 0.125675 -0.0139045 0.975708
637.218 375.03 0.278999 0.0650359 0.951947
601.855 375.718 0.285561 0.100804 0.961342
867.123 67.7019 0.0322861 -0.127394 0.9989
870.773 9.95773 -0.00522808 -0.12569 1.00125
571.584 271.912 0.183206 0.114909 0.967888
719.354 12.1143 -0.0122811 -0.00522165 0.602304
799.245 0.0204086 -0.0134089 -0.0742659 1.01259
691.711 370.73 0.263732 0.0134047 0.934735
712.51 11.1419 -0.00539827 -0.0088086 0.996496
789.023 265.335 0.183287 -0.0732306 0.97622
645.762 629.091 0.126875 0.0131482 0.601795
567.21 15.3805 -0.00547031 0.10046 1.00932
597.028 65.8072 0.0280985 0.081522 1.00604
719.813 342.468 0.240421 -0.0114759 0.942688
522.44 116.12 0.0638316 0.156745 1.03239
722.078 418.677 0.336192 -0.0134953 0.957024
698.086 337.981 1.17303 0.169381 2.44537
759.138 443.244 0.430452 -0.0613194 1.0181
527.828 133.304 0.0756335 0.143526 1.00261
715.933 46.1932 0.0157745 -0.00752966 0.774339
716.347 60.5306 0.024209 -0.00839059 0.818461
684.244 338.922 0.247537 0.0206698 0.962475
879.235 204.12 0.135268 -0.150747 0.993452
818.825 392.126 0.720128 -0.319729 1.43752
593.36 401.833 0.388326 0.149075 1.05118
651.692 217.284 0.206723 0.100064 1.32051
846.43 31.7631 0.0136478 -0.0824765 0.891282
644.264 60.3801 0.0252552 0.0434433 0.99752
871.926 197.31 0.133508 -0.151005 1.01367
632.045 80.4838 0.0356209 0.0362347 0.867531
792.95 313.627 0.229162 -0.079518 0.973846
723.295 271.561 0.18504 -0.0153691 0.968025
888.129 337.62 0.27874 -0.191598 1.01351
688.929 273.008 0.175424 0.0127844 0.940672
684.223 375.436 0.278341 0.0213323 0.949143
731.425 463.596 0.199396 -0.0130721 0.751872
880.697 197.112 0.127648 -0.147909 0.985208
863.215 371.765 0.39835 -0.226188 1.1207
620.52 129.983 0.0792624 0.0936293 1.13584
864.479 372.57 0.39543 -0.225054 1.11469
714.234 81.2722 0.0400763 -0.00934186 0.978465
631.725 211.939 0.155896 0.0780233 1.07244
914.169 517.331 0.113129 -0.0545805 0.623601
559.293 300.059 0.199026 0.121143 0.944801
860.86 344.475 0.23885 -0.130485 0.932905
886.999 260.673 0.171769 -0.148538 0.952151
724.079 569.601 0.173334 -0.00711514 0.665736
721.701 420.529 0.331631 -0.0129236 0.949011
767.312 370.163 0.294535 -0.0596459 0.979622
496.423 384.125 0.327471 0.234734 1.00903
777.484 343.855 0.245864 -0.0625185 0.948124
698.155 273.232 0.181203 0.00589175 0.954907
713.034 2.62138 -0.00770828 -0.00896352 0.970577
653.072 126.193 0.0739171 0.0457051 1.04552
717.595 215.46 0.245395 -0.0245123 1.94843
741.014 327.496 0.231839 -0.03042 0.953432
609.617 146.072 0.0758856 0.239011 1.59148
639.472 99.9286 0.0519766 0.0477758 0.985839
803.163 338.242 0.256747 -0.0917598 0.976517
606.809 126.868 0.0700137 0.0732354 0.977922
562.153 7.72623 -0.00800522 0.0983508 0.989323
846.364 337.314 0.263294 -0.137486 0.988508
574.625 4.92939 -0.0108619 0.0918312 1.00039
719.851 201.476 0.126082 -0.0128033 0.970481
875.069 256.375 0.178008 -0.149588 0.981209
933.083 23.5376 0.00382448 -0.1737 1.00166
618.109 210.796 0.134113 0.0714766 0.978162
655.577 207.297 0.129121 0.0388459 0.966802
683.87 338.978 0.248008 0.0210733 0.963216
530.625 241.228 0.164731 0.1576 0.998445
571.784 273.186 0.185795 0.11622 0.971695
497.346 9.26516 -0.0082093 0.146455 0.994404
