628.415 158.468 0.16864 0.0375078 0.746567
918.978 221.491 0.208582 -0.106866 0.768657
603.087 2.33072 0.10761 0.0445447 0.758603
573.041 163.837 0.171311 0.0627119 0.748889
718.653 151.816 0.167786 -0.00281312 0.75252
570.096 155.122 0.164629 0.0613749 0.738262
732.17 242.332 0.258233 -0.504925 4.95015
718.185 233.859 -0.0894756 -0.138771 5.50175
629.021 143.349 0.160159 0.0359397 0.738922
725.842 191.806 -0.116383 -0.216653 3.88677
508.638 252.038 0.211702 0.0974724 0.745046
719.898 134.195 0.156265 -0.00271857 0.736484
719.301 151.896 0.169924 -0.00343563 0.760812
578.994 93.1882 0.0358927 0.432533 1.93828
827.88 235.577 0.195657 -0.048561 0.719563
523.915 319.744 0.227312 0.083554 0.707355
930.459 208.748 0.19647 -0.104983 0.753281
720.421 133.593 0.155728 -0.00288741 0.735251
571.035 158.94 0.167142 0.0618285 0.74151
939.159 226.415 0.203864 -0.109018 0.748984
575.543 159.035 0.169514 0.0615929 0.750141
827.718 241.237 0.213959 -0.05773 0.757285
549.829 18.7515 0.114662 0.0708541 0.776368
499.013 247.889 0.201819 0.0950682 0.726724
925.185 215.032 0.201352 -0.105003 0.758116
952.372 34.8928 0.124528 -0.119686 0.800579
755.221 311.514 0.24142 -0.0201656 0.735935
630.627 150.326 0.166228 0.0367565 0.751121
609.693 344.432 0.2786 0.0589282 0.767286
778.594 341.682 0.291403 -0.0412844 0.786699
919.008 319.659 0.263899 -0.115053 0.763341
493.396 247.222 0.197682 0.0942659 0.717774
854.057 322.373 0.249821 -0.0704811 0.737881
747.517 318.209 0.261768 -0.0193166 0.764913
872.003 340.201 0.312704 -0.112916 0.819443
719.778 342.813 0.280433 -0.00411724 0.769545
626.655 149.948 0.162736 0.0370662 0.738152
946.963 286.187 0.255565 -0.138962 0.787359
823.782 341.68 0.294956 -0.0707616 0.791205
902.704 314.242 0.248226 -0.0963385 0.742356
668.888 344.573 0.262082 0.0232786 0.739926
831.907 246.177 0.215359 -0.059327 0.754214
607.353 344.502 0.271071 0.0578186 0.755385
711.1 40.1854 0.130112 -0.00405108 0.921484
959.02 143.364 0.160696 -0.103915 0.73349
711.55 42.5079 0.129867 -0.00255431 0.851859
532.57 404.89 0.259583 0.0806178 0.689382
796.699 399.09 0.26076 -0.0349585 0.69094
535.86 352.146 0.236935 0.0773694 0.696258
537.839 397.584 0.255579 0.0777107 0.689192
846.39 349.188 0.239389 -0.0562279 0.697451
566.698 343.467 0.289341 0.088948 0.786262
936.757 239.857 0.217919 -0.117073 0.766386
548.619 465.295 0.313374 0.0855386 0.70892
485.556 494.277 0.360663 0.135976 0.734716
849.954 404.127 0.282179 -0.0662991 0.713613
901.123 452.694 0.308883 -0.0940055 0.707176
900.977 342.614 0.265641 -0.0984632 0.742901
906.561 458.167 0.321373 -0.101853 0.716039
897.813 448.957 0.311971 -0.0947148 0.71319
840.98 344.911 0.25266 -0.0605223 0.721682
906.347 344.016 0.261415 -0.0979414 0.734899
942.96 316.646 0.234182 -0.10393 0.714921
915.492 447.75 0.321671 -0.109527 0.723998
531.973 400.181 0.247131 0.076096 0.676228
927.895 317.522 0.249365 -0.108827 0.740513
677.694 351.59 0.263361 0.0186809 0.735159
481.047 353.112 0.355226 0.192924 0.877447
489.939 284.011 0.218496 0.101649 0.724943
897.942 401.784 0.287394 -0.0933923 0.72115
604.258 512.881 0.340449 0.0589828 0.701436
936.39 381.964 0.273 -0.109241 0.717897
856.372 407.334 0.27502 -0.0658095 0.702131
862.345 413.81 0.286541 -0.0724123 0.711308
930.673 231.333 0.212163 -0.11184 0.763824
721.621 399.644 0.266596 -0.00212866 0.699303
732.294 429.657 0.219149 -0.00203303 0.620699
794.941 347.743 0.249476 -0.0370869 0.715079
927.298 290.298 0.280264 -0.149773 0.830817
552.211 314.773 0.246194 0.0817812 0.745074
792.013 464.623 0.309768 -0.0375054 0.701581
673.686 390.476 0.260473 0.0195574 0.698799
668.656 350.43 0.24065 0.0210941 0.701279
540.551 319.183 0.243368 0.0850724 0.735826
656.116 469.593 0.282609 0.0272497 0.672327
590.579 351.142 0.246253 0.0571778 0.710691
572.033 147.701 0.162193 0.0607257 0.741014
763.437 312.247 0.228668 -0.0212548 0.712362
661.567 406.874 0.247837 0.0232659 0.6709
542.377 526.581 0.324878 0.0839357 0.680322
560.984 504.133 0.358532 0.0888934 0.724102
539.917 400.675 0.261145 0.0787349 0.694318
628.563 155.126 0.166985 0.037257 0.745871
714.083 112.624 0.185267 -0.00891223 1.02829
612.092 21.6634 0.11336 0.0393895 0.740574
592.225 401.738 0.262571 0.0558063 0.694597
534.532 402.125 0.259947 0.0803612 0.691786
841.533 346.469 0.254358 -0.0612487 0.722927
836.623 346.225 0.259602 -0.0612361 0.731349
567.614 145.931 0.158794 0.0604074 0.730609
943.744 225.818 0.201786 -0.109077 0.744308
720.022 395.885 0.269247 -0.00165477 0.705608
920.198 158.502 0.185966 -0.117052 0.806739
835.502 386.883 0.276523 -0.0600071 0.720356
556.283 353.021 0.25919 0.0783502 0.729687
894.183 497.88 0.365277 -0.106334 0.728258
798.422 476.061 0.296498 -0.0364827 0.680538
838.921 306.575 0.231271 -0.0571813 0.720966
750.743 329.786 0.237183 -0.0157491 0.711637
940.81 287.211 0.262397 -0.141854 0.799668
900.833 311.503 0.228496 -0.0822996 0.710371
557.034 464.832 0.319676 0.0835868 0.715611
714.992 20.6905 0.114428 -0.00133123 0.753241
782.03 342.667 0.277548 -0.0392982 0.763849
900.542 453.5 0.310943 -0.094552 0.708768
604.113 463.465 0.292562 0.052453 0.687452
841.58 463.039 0.3147 -0.0641155 0.706877
658.784 458.218 0.296484 0.0278529 0.69423
563.289 70.2057 0.132543 0.0626881 0.751633
499.101 247.027 0.20084 0.0944814 0.725365
606.11 7.03871 0.106351 0.0385405 0.717081
602.106 465.209 0.29047 0.0527366 0.684145
911.822 446.667 0.330148 -0.11247 0.733784
904.917 441.014 0.339893 -0.11545 0.748779
540.532 106.671 -0.0839705 0.0197441 0.162634
821.692 235 0.196557 -0.0465147 0.722521
713.876 56.005 0.129719 -0.00132697 0.76935
598.682 131.626 0.182198 0.0723451 0.878597
535.518 110.184 -0.0840436 0.0197237 0.162556
947.209 132.72 0.16015 -0.104945 0.750274
532.245 318.702 0.243346 0.0892555 0.736417
873.341 314.564 0.268956 -0.0946931 0.778867
553.559 28.1137 0.115597 0.0627848 0.742192
958.26 136.385 0.15821 -0.103774 0.735247
609.994 351.466 0.524185 0.162604 1.12153
920.866 348.034 0.248207 -0.0947316 0.710714
719.397 356.018 0.22468 1.29631e-05 0.671713
914.896 24.8735 -0.062753 0.0218758 0.194539
912.061 14.96 -0.0617863 0.0218236 0.195848
882.439 333.978 0.399715 -0.190985 0.964898
905.683 225.46 0.222174 -0.11277 0.799575
715.068 16.2706 -0.121059 -0.0347845 1.89789
725.804 180.284 -0.115715 -0.191333 3.59981
827.446 237.066 0.197975 -0.0493502 0.723523
