626.894 156.652 0.168522 0.037565 0.746361
917.518 219.699 0.208464 -0.106809 0.76845
601.362 0.33617 0.107492 0.0446019 0.758397
571.519 162.055 0.171193 0.0627691 0.748682
717.148 149.982 0.167668 -0.0027559 0.752313
568.526 153.29 0.164511 0.0614321 0.738055
731.99 242.028 0.258115 -0.504867 4.94994
717.994 233.533 -0.0895935 -0.138714 5.50154
627.452 141.486 0.160041 0.035997 0.738715
725.572 191.328 -0.116501 -0.216596 3.88657
507.227 250.373 0.211585 0.0975296 0.74484
718.317 132.282 0.156147 -0.00266134 0.736278
717.822 150.092 0.169806 -0.0033784 0.760606
578.172 92.2615 0.0357748 0.432591 1.93807
826.331 233.643 0.19554 -0.0485038 0.719356
522.508 317.977 0.227194 0.0836112 0.707148
928.931 206.888 0.196352 -0.104926 0.753075
718.835 131.674 0.15561 -0.00283019 0.735045
569.482 157.126 0.167024 0.0618857 0.741304
937.625 224.545 0.203746 -0.10896 0.748778
574.017 157.251 0.169396 0.0616501 0.749935
826.306 239.458 0.213841 -0.0576728 0.757079
548.143 16.8468 0.114544 0.0709113 0.776162
497.536 246.151 0.201701 0.0951254 0.726517
923.682 213.196 0.201234 -0.104945 0.757909
950.829 33.0227 0.12441 -0.119629 0.800373
753.865 309.732 0.241302 -0.0201083 0.735728
629.108 148.516 0.16611 0.0368137 0.750914
608.521 342.875 0.278482 0.0589854 0.767079
777.415 340.084 0.291285 -0.0412272 0.786493
917.622 317.891 0.263781 -0.114996 0.763134
491.888 245.449 0.197564 0.0943232 0.717568
852.655 320.546 0.249704 -0.0704239 0.737675
746.264 316.545 0.26165 -0.0192594 0.764706
870.829 338.643 0.312586 -0.112859 0.819236
718.584 341.194 0.280315 -0.00406001 0.769338
625.094 148.09 0.162618 0.0371234 0.737945
945.586 284.475 0.255448 -0.138905 0.787152
822.583 340.068 0.294838 -0.0707043 0.790998
901.264 312.403 0.248108 -0.0962812 0.74215
667.625 342.876 0.261964 0.0233358 0.739719
830.488 244.387 0.215241 -0.0592698 0.754007
606.148 342.903 0.270953 0.0578759 0.755178
709.841 38.6203 0.129994 -0.00399385 0.921278
957.343 141.37 0.160578 -0.103858 0.733283
710.163 40.812 0.129749 -0.00249709 0.851652
531.253 403.089 0.259465 0.0806751 0.689176
795.264 397.11 0.260642 -0.0349013 0.690733
534.473 350.344 0.236817 0.0774266 0.696052
536.506 395.774 0.255461 0.0777679 0.688986
844.877 347.196 0.239271 -0.0561707 0.697245
565.573 342 0.289223 0.0890053 0.786056
935.292 238.059 0.217801 -0.117016 0.76618
547.486 463.604 0.313256 0.0855958 0.708714
484.573 492.762 0.360545 0.136033 0.73451
848.567 402.217 0.282061 -0.0662419 0.713407
899.709 450.714 0.308766 -0.0939483 0.70697
899.57 340.785 0.265523 -0.098406 0.742695
905.178 456.22 0.321255 -0.101796 0.715833
896.421 447.006 0.311853 -0.0946576 0.712983
839.559 343.032 0.252542 -0.0604651 0.721475
904.91 342.151 0.261297 -0.0978842 0.734693
941.386 314.669 0.234064 -0.103873 0.714715
914.113 445.833 0.321553 -0.10947 0.723792
530.593 398.307 0.247014 0.0761532 0.676022
926.428 315.662 0.249247 -0.10877 0.740307
676.424 349.872 0.263243 0.0187381 0.734953
480.09 351.959 0.355108 0.192982 0.877241
488.519 282.308 0.218378 0.101706 0.724736
896.527 399.873 0.287276 -0.0933351 0.720943
603.17 511.118 0.340331 0.05904 0.701229
934.898 380.012 0.272883 -0.109184 0.717691
854.938 405.367 0.274902 -0.0657523 0.701925
860.947 411.881 0.286423 -0.0723551 0.711101
929.198 229.525 0.212045 -0.111783 0.763618
720.274 397.757 0.266478 -0.00207143 0.699096
730.593 427.295 0.219031 -0.00197581 0.620493
793.535 345.865 0.249358 -0.0370297 0.714873
926.05 288.727 0.280146 -0.149715 0.830611
550.922 313.145 0.246076 0.0818384 0.744868
790.715 462.702 0.30965 -0.0374482 0.701374
672.347 388.617 0.260356 0.0196146 0.698593
667.266 348.568 0.240532 0.0211513 0.701072
539.241 317.529 0.24325 0.0851296 0.735619
654.805 467.631 0.282491 0.0273069 0.672121
589.242 349.373 0.246135 0.0572351 0.710484
570.461 145.87 0.162075 0.0607829 0.740808
761.993 310.36 0.22855 -0.0211975 0.712155
660.141 404.883 0.247719 0.0233231 0.670693
541.255 524.768 0.324761 0.0839929 0.680116
559.977 502.51 0.358414 0.0889506 0.723895
538.611 398.891 0.261027 0.0787921 0.694112
627.034 153.303 0.166867 0.0373142 0.745665
713.06 111.337 0.18515 -0.008855 1.02808
610.344 19.6387 0.113242 0.0394467 0.740368
590.914 399.919 0.262453 0.0558636 0.694391
533.218 400.333 0.259829 0.0804184 0.69158
840.118 344.596 0.25424 -0.0611914 0.722721
835.241 344.39 0.259484 -0.0611789 0.731142
566.005 144.059 0.158676 0.0604646 0.730402
942.191 223.928 0.201668 -0.10902 0.744102
718.695 394.028 0.26913 -0.00159754 0.705402
918.79 156.785 0.185849 -0.116995 0.806533
834.132 385.011 0.276405 -0.0599499 0.72015
555.014 351.358 0.259072 0.0784074 0.729481
892.901 495.981 0.365159 -0.106277 0.728052
797.048 474.03 0.29638 -0.0364255 0.680332
837.454 304.68 0.231154 -0.0571241 0.72076
749.327 327.911 0.237065 -0.0156918 0.71143
939.472 285.542 0.26228 -0.141797 0.799461
899.279 309.528 0.228378 -0.0822424 0.710164
555.923 463.165 0.319558 0.083644 0.715405
713.318 18.6904 0.11431 -0.00127401 0.753034
780.786 340.989 0.27743 -0.039241 0.763643
899.136 451.527 0.310825 -0.0944948 0.708562
602.88 461.624 0.292444 0.0525103 0.687246
840.249 461.103 0.314582 -0.0640582 0.706671
657.545 456.367 0.296366 0.0279101 0.694023
561.623 68.3051 0.132425 0.0627453 0.751426
497.618 245.282 0.200722 0.0945386 0.725158
604.257 4.90444 0.106233 0.0385977 0.716874
600.863 463.353 0.290352 0.0527938 0.683938
910.478 444.792 0.33003 -0.112413 0.733578
903.623 439.203 0.339776 -0.115393 0.748573
551.81 104.602 -0.0840884 0.0198014 0.162428
820.157 233.081 0.196439 -0.0464575 0.722315
712.298 54.1093 0.129601 -0.00126974 0.769144
597.415 130.15 0.18208 0.0724023 0.87839
499.128 634.225 0.0750486 0.0220525 0.407077
546.855 108.069 -0.0841615 0.0197809 0.16235
945.591 130.786 0.160032 -0.104888 0.750067
530.934 317.056 0.243228 0.0893128 0.736211
872.039 312.874 0.268838 -0.0946359 0.778661
551.794 26.1157 0.115479 0.062842 0.741985
956.584 134.393 0.158092 -0.103717 0.735041
609.364 350.624 0.524067 0.162661 1.12132
919.332 346.058 0.248089 -0.0946743 0.710508
717.868 353.973 0.224562 7.01882e-05 0.671507
922.036 27.7335 -0.0628709 0.021933 0.194333
919.209 17.9457 -0.0619042 0.0218808 0.195641
881.5 332.734 0.399597 -0.190928 0.964692
904.325 223.777 0.222056 -0.112713 0.799369
714.403 15.1463 -0.121177 -0.0347272 1.89769
725.508 179.763 -0.115833 -0.191276 3.59961
825.915 235.15 0.197857 -0.0492929 0.723316
