625.811 152.483 0.168367 0.0375564 0.746299
570.362 157.854 0.171037 0.0627605 0.748621
716.196 145.956 0.167513 -0.00276456 0.752252
567.338 148.96 0.164356 0.0614234 0.737994
731.973 241.426 0.25796 -0.504876 4.94988
717.958 232.87 -0.0897491 -0.138722 5.50148
626.353 137.193 0.159886 0.0359883 0.738654
725.548 190.353 -0.116657 -0.216605 3.8865
505.999 246.374 0.211429 0.0975209 0.744778
717.335 128.052 0.155992 -0.00267 0.736216
716.89 146.134 0.169651 -0.00338706 0.760544
577.564 90.1264 0.0356192 0.432582 1.93801
825.331 229.745 0.195384 -0.0485125 0.719295
521.23 313.855 0.227038 0.0836025 0.707087
928.09 203.334 0.196196 -0.104935 0.753013
717.851 127.431 0.155455 -0.00283885 0.734983
568.304 152.84 0.166868 0.061877 0.741243
936.752 221.019 0.203591 -0.108969 0.748716
572.866 153.045 0.16924 0.0616414 0.749873
825.393 235.909 0.213685 -0.0576815 0.757017
546.98 12.1982 0.114389 0.0709027 0.7761
496.247 241.965 0.201546 0.0951167 0.726456
922.841 209.694 0.201079 -0.104954 0.757848
950.366 29.2088 0.124255 -0.119638 0.800311
752.818 306.114 0.241146 -0.020117 0.735667
628.039 144.357 0.165955 0.0368051 0.750853
607.473 339.434 0.278326 0.0589768 0.767018
776.465 336.957 0.29113 -0.0412358 0.786431
916.643 314.698 0.263626 -0.115005 0.763073
490.567 241.168 0.197409 0.0943145 0.717506
851.624 317.081 0.249548 -0.0704325 0.737613
745.278 313.172 0.261495 -0.019268 0.764645
869.929 335.824 0.31243 -0.112868 0.819175
717.588 337.884 0.28016 -0.00406867 0.769277
623.988 143.813 0.162462 0.0371147 0.737884
944.698 281.413 0.255292 -0.138914 0.787091
821.642 337.02 0.294683 -0.070713 0.790937
900.252 309.011 0.247952 -0.0962899 0.742088
666.542 339.28 0.261808 0.0233271 0.739658
829.565 240.833 0.215086 -0.0592785 0.753946
605.071 339.368 0.270797 0.0578672 0.755117
709.228 35.1013 0.129838 -0.00400251 0.921216
956.563 137.463 0.160422 -0.103867 0.733222
709.45 36.982 0.129594 -0.00250575 0.851591
529.965 399.006 0.25931 0.0806664 0.689114
794.046 393.298 0.260487 -0.03491 0.690672
533.185 346.209 0.236662 0.0774179 0.695991
535.218 391.678 0.255305 0.0777592 0.688924
843.716 343.399 0.239115 -0.0561794 0.697184
564.537 338.648 0.289067 0.0889966 0.785994
934.435 234.71 0.217645 -0.117025 0.766119
546.303 459.855 0.3131 0.0855872 0.708652
483.476 489.23 0.360389 0.136024 0.734448
847.394 398.696 0.281905 -0.0662505 0.713345
898.44 447.256 0.30861 -0.093957 0.706908
898.521 337.459 0.265368 -0.0984146 0.742633
903.917 452.856 0.321099 -0.101805 0.715771
895.172 443.596 0.311697 -0.0946663 0.712922
838.466 339.459 0.252386 -0.0604737 0.721414
903.841 338.765 0.261141 -0.0978928 0.734631
940.303 311.079 0.233908 -0.103881 0.714653
912.877 442.534 0.321398 -0.109478 0.72373
529.257 394.065 0.246858 0.0761445 0.67596
925.404 312.29 0.249091 -0.108778 0.740245
675.332 346.261 0.263088 0.0187295 0.734891
487.234 278.212 0.218222 0.101697 0.724675
895.356 396.466 0.28712 -0.0933438 0.720882
933.729 376.579 0.272727 -0.109193 0.717629
853.731 401.747 0.274747 -0.0657609 0.701863
859.755 408.368 0.286267 -0.0723637 0.71104
928.348 226.124 0.21189 -0.111791 0.763556
719.081 393.958 0.266323 -0.00208009 0.699035
729.099 422.561 0.218875 -0.00198447 0.620432
792.42 342.186 0.249202 -0.0370383 0.714811
925.229 285.93 0.27999 -0.149724 0.830549
549.77 309.388 0.24592 0.0818297 0.744806
789.483 459.105 0.309494 -0.0374569 0.701313
671.146 384.745 0.2602 0.019606 0.698531
666.076 344.623 0.240377 0.0211426 0.701011
538.056 313.692 0.243095 0.0851209 0.735558
653.51 463.606 0.282336 0.0272983 0.672059
588.038 345.442 0.245979 0.0572264 0.710423
569.281 141.538 0.16192 0.0607743 0.740746
760.888 306.534 0.228394 -0.0212062 0.712094
658.844 400.725 0.247564 0.0233144 0.670632
540.01 520.817 0.324605 0.0839843 0.680054
558.864 498.967 0.358258 0.088942 0.723834
537.342 394.859 0.260871 0.0787835 0.69405
625.95 149.115 0.166712 0.0373056 0.745603
712.529 108.519 0.184994 -0.00886366 1.02802
609.232 14.8116 0.113087 0.0394381 0.740306
589.673 395.945 0.262298 0.0558549 0.694329
531.939 396.272 0.259673 0.0804098 0.691518
839.027 341.038 0.254084 -0.0612001 0.722659
834.17 340.903 0.259328 -0.0611875 0.731081
564.792 139.621 0.15852 0.0604559 0.730341
941.308 220.367 0.201512 -0.109029 0.74404
717.521 390.283 0.268974 -0.0016062 0.70534
918.128 153.448 0.185693 -0.117003 0.806471
832.996 381.507 0.276249 -0.0599586 0.720088
553.841 347.573 0.258917 0.0783987 0.729419
891.624 492.75 0.365004 -0.106285 0.72799
795.746 470.238 0.296224 -0.0364341 0.68027
836.395 301.007 0.230998 -0.0571328 0.720698
748.205 324.109 0.23691 -0.0157005 0.711369
938.604 282.559 0.262124 -0.141806 0.7994
898.194 305.834 0.228222 -0.082251 0.710103
554.762 459.486 0.319403 0.0836353 0.715343
712.426 14.115 0.114155 -0.00128267 0.752973
779.79 337.703 0.277275 -0.0392496 0.763581
897.87 448.084 0.31067 -0.0945035 0.7085
601.635 457.708 0.292288 0.0525016 0.687184
839.007 457.6 0.314426 -0.0640669 0.706609
656.324 452.563 0.29621 0.0279015 0.693962
560.443 63.7243 0.132269 0.0627367 0.751365
496.326 241.08 0.200567 0.09453 0.725097
599.607 459.402 0.290197 0.0527851 0.683877
909.265 441.572 0.329874 -0.112421 0.733516
902.452 436.09 0.33962 -0.115401 0.748511
551.931 115.185 -0.084244 0.0197927 0.162366
819.162 229.202 0.196283 -0.0464661 0.722253
711.424 49.8189 0.129446 -0.0012784 0.769083
596.524 126.683 0.181924 0.0723937 0.878329
494.135 618.574 0.074893 0.0220438 0.407016
546.931 118.662 -0.0843171 0.0197723 0.162288
871.101 309.735 0.268683 -0.0946445 0.778599
550.568 21.248 0.115323 0.0628334 0.741924
955.818 130.476 0.157937 -0.103726 0.734979
918.198 342.472 0.247933 -0.094683 0.710446
716.601 349.767 0.224406 6.15288e-05 0.671446
925.309 40.9195 -0.0630265 0.0219243 0.194271
922.535 31.267 -0.0620597 0.0218722 0.19558
903.547 220.588 0.221901 -0.112722 0.799307
714.296 12.733 -0.121333 -0.0347359 1.89762
725.481 178.697 -0.115988 -0.191284 3.59954
824.923 231.294 0.197701 -0.0493016 0.723255
