717.169 331.44 0.24996 -0.0126461 0.963965
633.254 332.308 0.249567 0.0643953 0.96413
591.779 92.2969 0.0538448 0.0806842 0.984971
798.043 304.799 0.223859 -0.084836 0.963155
788.756 256.654 0.179802 -0.0739546 0.965548
716.153 193.35 0.128993 -0.0129503 0.978415
930.768 20.0845 0.00705544 -0.182336 1.01895
496.892 20.9872 0.00642696 0.146479 0.996175
880.095 191.158 0.128628 -0.147138 0.976129
563.736 264.626 0.181236 0.114869 0.958194
610.71 197.997 0.127695 0.0700781 0.960472
652.18 195.896 0.128843 0.0388241 0.971377
564.814 264.133 0.18217 0.115193 0.961931
516.835 206.97 0.137581 0.15202 0.97766
865.252 236.763 0.168597 -0.142832 0.982392
746.415 309.315 0.225958 -0.0386301 0.959954
797.276 304.641 0.228415 -0.086379 0.973071
504.435 12.5786 -0.000537507 0.146083 1.01342
638.804 83.7375 0.0485169 0.0455315 0.992162
561.866 0.255356 -0.00687088 0.0994035 1.00554
524.989 239.066 0.16942 0.157672 0.993301
912.015 34.8948 0.0102428 -0.196532 1.08664
802.8 307.894 0.261638 -0.107292 1.03471
716.134 186.065 0.119851 -0.0126798 0.961194
652.901 191.28 0.125113 0.037924 0.970894
820.659 76.2883 0.0450628 -0.0930169 0.988139
888.499 217.922 0.138605 -0.139603 0.93089
820.867 74.6347 0.0439549 -0.0931446 0.98848
823.576 69.5408 0.0406794 -0.0929302 0.979778
653.649 195.033 0.128727 0.0379084 0.97402
635.544 87.6427 0.0510955 0.0474552 0.986273
593.244 82.2904 0.0470732 0.0769542 0.976781
921.093 105.254 0.0674681 -0.194013 1.03527
926.754 23.7824 0.00837734 -0.184311 1.03015
798.036 254.96 0.184694 -0.0856282 0.983744
838.768 92.2542 0.0556855 -0.136815 1.09437
517.415 135.107 0.0851266 0.151773 1.00748
844.509 308.518 0.233925 -0.130937 0.974764
927.688 106.484 0.0673224 -0.183681 0.999246
825.476 63.0848 0.0365313 -0.0937142 0.978835
764.116 330.669 0.252709 -0.0565528 0.968995
841.233 329.566 0.270347 -0.140167 1.00064
861.132 61.0377 0.034838 -0.127033 1.00371
832.24 39.0515 0.0200388 -0.102617 1.00244
509.422 24.7083 0.00659418 0.146447 1.02035
498.972 2.74202 -0.00563183 0.14543 1.00408
612.387 194.178 0.125215 0.0688741 0.962574
763.73 331.067 0.253359 -0.0562717 0.969419
862.232 313.598 0.245502 -0.153112 0.986739
870.257 234.755 0.162461 -0.14136 0.967641
525.279 49.0566 0.0244465 0.129044 0.995766
546.052 302.878 0.134439 0.0729955 0.784134
597.91 331.869 0.25576 0.100716 0.977335
585.11 311.209 0.226191 0.104445 0.96168
893.412 95.3216 0.0591547 -0.15806 1.00832
595.045 335.702 0.241899 0.0939578 0.945181
800.196 333.247 0.247124 -0.0866961 0.953073
869.791 311.859 0.226242 -0.145375 0.951716
492.133 338.465 0.259681 0.201002 0.974815
618.987 42.0901 0.0231676 0.0351541 0.835219
801.01 331.218 0.247618 -0.0883629 0.957657
515.919 204.163 0.136162 0.154003 0.981661
801.833 333.667 0.247925 -0.0883491 0.953687
741.969 307.832 0.223108 -0.0344388 0.957201
860.519 355.055 0.292349 -0.158572 0.986522
860.412 240.666 0.177974 -0.146138 1.00167
767.678 333.705 0.247323 -0.0576625 0.953536
784.399 254.436 0.180482 -0.0715358 0.973399
819.892 596.627 0.140051 -0.032611 0.616495
766.642 331.766 0.242914 -0.0559957 0.949176
711.658 87.7493 0.0507292 -0.00980905 0.941679
770.925 333.589 0.243571 -0.0595137 0.946957
640.097 79.1598 0.0454359 0.0434019 0.985186
717.226 331.303 0.249495 -0.01269 0.96338
675.735 373.253 0.290069 0.0269997 0.956465
716.705 334.046 0.24866 -0.0120883 0.95678
782.623 305.39 0.219775 -0.0693946 0.953893
658.869 473.627 0.174455 0.0157681 0.708135
594.385 366.42 0.254462 0.0895743 0.916028
517.207 205.676 0.137088 0.152559 0.980162
802.139 478.241 0.171553 -0.0405273 0.700701
764.655 365.167 0.287015 -0.0578723 0.96308
554.799 288.587 0.199374 0.123094 0.950484
713.111 148.964 0.110869 -0.0130602 1.19392
516.099 349.075 0.285703 0.194022 0.998025
627.963 333.464 0.236223 0.0636174 0.937982
933.566 11.17 0.00216077 -0.179846 1.01064
565.176 265.353 0.182504 0.114356 0.959873
717.522 541.059 0.184027 -0.00708665 0.681538
629.918 334.218 0.243343 0.0644642 0.949442
800.754 366.07 0.285809 -0.0915338 0.958742
621.232 631.27 0.129926 0.0171654 0.597459
603.433 364.473 0.290579 0.0993887 0.974259
679.256 336.777 0.229907 0.0187441 0.919683
614.999 199.114 0.131395 0.0694331 0.973309
710.366 69.045 0.0386469 -0.00868691 0.899997
485.259 378.091 0.317371 0.231683 0.992764
497.607 379.741 0.33569 0.234316 1.01511
836.43 31.2293 0.0158759 -0.102361 0.990413
812.787 316.95 0.236446 -0.0992883 0.963652
642.53 106.669 0.0635105 0.0412262 0.970443
880.5 562.642 0.395405 -0.141643 0.836584
499.775 379.292 0.340828 0.237134 1.02305
711.538 72.5199 0.0415306 -0.010409 0.994797
681.252 335.586 0.242191 0.0188982 0.943485
714.503 141.776 0.103046 -0.0155082 1.23942
578.481 418.828 0.463131 0.191231 1.08974
535.039 396.701 0.367479 0.203146 1.02412
511.762 372.014 0.364765 0.252772 1.07147
788.708 257.54 0.181669 -0.0745511 0.968617
872.211 248.032 0.177811 -0.14926 0.979168
848.175 330.873 0.255489 -0.136147 0.971049
908.968 90.163 0.0544391 -0.150203 0.958
597.545 367.739 0.283792 0.100491 0.958498
838.082 402.693 0.336529 -0.135743 0.966722
527.635 246.67 0.177353 0.15809 0.99629
926.584 105.272 0.0667849 -0.186859 1.00879
812.865 376.537 0.263342 -0.0900778 0.909283
835.014 368.722 0.313596 -0.137418 0.993931
597.616 331.768 0.253084 0.0995285 0.972656
526.012 232.606 0.165094 0.157882 0.998686
853.275 56.1787 0.0319297 -0.117215 0.992016
643.344 376.952 0.285513 0.0556346 0.944765
845.216 310.483 0.237012 -0.132624 0.976895
859.352 356.129 0.297773 -0.160401 0.992972
776.184 440.205 0.209727 -0.0397403 0.771478
750.813 309.504 0.216325 -0.0404447 0.93973
832.075 613.905 0.126871 -0.0323029 0.598698
626.289 336.182 0.241095 0.066196 0.942021
932.175 19.6083 0.00695115 -0.182538 1.01696
929.068 107.706 0.0683154 -0.185934 1.00137
944.376 265.326 0.26094 -0.336525 1.16385
766.551 369.022 0.276984 -0.0565418 0.941694
520.608 617.345 0.124838 0.040132 0.597421
682.576 365.58 0.284724 0.0205435 0.96121
894.588 287.699 0.215208 -0.175236 0.977946
889.284 289.697 0.224063 -0.178156 0.993882
831.721 310.12 0.23251 -0.117388 0.968975
935.57 606.479 0.231387 -0.0978325 0.689269
850.894 402.846 0.35254 -0.157313 0.9856
583.453 473.864 0.153979 0.040199 0.684687
594.566 333.145 0.244715 0.0970159 0.954899
852.124 58.0506 0.0330844 -0.117051 0.994012
877.275 194.541 0.131976 -0.146415 0.979245
575.722 478.298 0.170361 0.047481 0.701509
855.46 327.334 0.256285 -0.145725 0.979193
642.158 87.9126 0.0512393 0.0416209 0.979467
899.627 23.2556 0.00810861 -0.161209 1.02705
733.19 632.791 0.129792 -0.00903458 0.596313
852.478 54.8349 0.0308479 -0.117924 0.997162
712.133 119.294 0.0776934 -0.011246 1.07325
494.355 344.678 0.26391 0.197925 0.970358
821.622 520.851 0.117112 -0.0322232 0.619474
710.604 54.329 0.030305 -0.00961684 0.969425
643.273 97.4635 0.0580467 0.043009 0.99334
574.072 479.683 0.169414 0.0476929 0.699644
598.886 366.32 0.283475 0.099623 0.960383
848.928 400.063 0.354304 -0.157653 0.99245
724.492 373.222 0.287971 -0.0189866 0.952158
599.756 110.621 0.065991 0.0738876 0.974014
801.118 332.979 0.244452 -0.0864611 0.948763
778.006 444.505 0.206366 -0.0396644 0.764031
592.974 89.4488 0.0519231 0.0794844 0.98475
823.848 481.931 0.276989 -0.078245 0.809698
677.863 268.11 0.188845 0.0206367 0.966265
498.669 85.996 0.0488402 0.157086 1.00259
632.954 367.385 0.279466 0.0656253 0.951605
866.919 1.17064 -0.00323201 -0.124588 0.998425
820.154 428.462 0.46855 -0.160561 1.06792
854.94 470.098 0.177824 -0.0641557 0.712136
726.319 448.554 0.199393 -0.0129285 0.753288
602.967 410.79 0.345208 0.106459 0.970752
603.252 410.595 0.34575 0.106462 0.9717
678.754 332.681 0.233352 0.0200364 0.932745
912.85 459.52 0.199405 -0.100651 0.743186
797.902 13.5942 -0.0065885 -0.0894882 1.08473
709.092 37.5686 0.0219079 -0.00763245 0.841677
891.331 288.512 0.220796 -0.177627 0.989093
758.723 371.785 0.296936 -0.05296 0.966611
727.444 444.489 0.202253 -0.013729 0.759753
487.337 34.8281 0.0174921 0.139784 0.956019
902.079 499.29 0.123078 -0.0565686 0.63403
855.835 370.489 0.297936 -0.148451 0.96755
627.788 361.174 0.269601 0.0685902 0.946895
717.064 190.886 0.125904 -0.0136041 0.972818
633.026 368.05 0.279094 0.0652632 0.949948
596.753 369.186 0.282535 0.100053 0.954212
864.265 57.3094 0.032653 -0.126595 0.995279
566.681 263.999 0.183633 0.115085 0.966246
687.774 363.04 0.265618 0.0138311 0.936095
785.318 257.272 0.185065 -0.0735535 0.979138
561.606 4.55322 -0.0046005 0.100817 1.00869
594.022 57.0528 0.0296203 0.0812423 1.00971
715.289 334.169 0.24261 -0.0106799 0.945783
516.702 106.81 0.0645047 0.157062 1.03117
718.406 411.664 0.336805 -0.0131108 0.956366
696.232 336.507 1.13607 0.165353 2.38345
756.04 437.175 0.429829 -0.0609078 1.01601
710.448 45.7809 0.0242656 -0.00791241 0.812998
680.149 331.62 0.247877 0.0210977 0.960954
877.012 195.757 0.134674 -0.149401 0.987327
644.669 208.277 0.194631 0.0964611 1.2693
845.197 12.8183 0.0114617 -0.0808009 0.878715
719.306 263.678 0.185428 -0.0149732 0.966328
680.274 368.216 0.278788 0.0216845 0.947956
725.937 453.23 0.199535 -0.0126271 0.75005
877.24 188.759 0.128149 -0.147252 0.983529
710.123 71.8143 0.0412131 -0.00921335 0.97981
554.438 292.08 0.199646 0.121414 0.943831
717.939 551.907 0.177807 -0.00701029 0.670412
717.834 413.808 0.331398 -0.0123645 0.946778
491.204 378.033 0.326612 0.234346 1.00578
617.511 626.176 0.133787 0.0187058 0.602479
693.95 265.158 0.18172 0.00627453 0.953594
715.849 212.244 0.246856 -0.0242496 1.95307
737.132 319.885 0.232349 -0.030025 0.95232
657.226 475.845 0.173265 0.0162048 0.705472
865.627 310.659 0.224207 -0.140909 0.950081
709.158 17.0128 0.00559973 -0.00911299 0.995836
854.666 472.095 0.176791 -0.0634267 0.709753
641.338 39.9411 0.0169106 0.0460016 1.03159
822.419 639.301 0.129246 -0.0294467 0.593497
630.65 10.25 0.00558924 0.0410953 0.94218
738.891 318.906 0.216234 -0.0294114 0.922849
770.187 310.136 0.212264 -0.0551566 0.92972
554.332 45.1949 0.0235298 0.0624088 0.820003
807 605.384 0.144473 -0.0295969 0.617715
634.971 162.359 0.127345 0.0963415 1.23227
712.939 520.583 0.201197 -0.00569086 0.70914
628.748 38.1896 0.0191363 0.0490552 0.982146
868.325 196.803 0.141849 -0.153461 1.01828
865.249 16.0126 0.00551245 -0.125847 1.00267
879.568 194.924 0.130672 -0.145446 0.971534
866.347 14.3616 0.00499792 -0.124978 0.997363
582.809 15.451 0.00401621 0.0824014 0.992418
520.043 218.809 0.153832 0.162676 1.00351
580.287 11.3752 0.00260093 0.0814387 0.981305
601.442 74.1336 0.0415745 0.0751525 1.00115
536.769 340.685 0.344309 0.234791 1.11561
622.793 104.675 0.0500054 0.0343792 0.826072
606.216 140.387 0.0763576 0.238871 1.58799
634.716 90.5193 0.0530468 0.0483183 0.986742
799.525 331.02 0.25721 -0.0912657 0.975356
601.476 117.222 0.0707598 0.0738688 0.977499
842.826 330.221 0.263725 -0.136937 0.987305
715.556 192.756 0.126186 -0.0122823 0.96709
871.311 248.548 0.17873 -0.14909 0.980571
929.99 13.256 0.00454648 -0.172992 0.999894
613.555 202.316 0.134809 0.071712 0.977208
650.85 198.613 0.129548 0.0392214 0.964748
679.911 331.612 0.248516 0.0214123 0.962136
526.1 233.341 0.165697 0.157838 0.998444
566.806 265.378 0.186072 0.116321 0.969557
