620.916 143.513 0.167213 0.0381787 0.746577
565.101 148.946 0.169877 0.0633103 0.748913
712.088 137.001 0.166264 -0.0020853 0.752206
562.051 139.74 0.163136 0.0618737 0.738062
731.496 239.991 0.257309 -0.504379 4.94992
717.41 231.297 -0.0906972 -0.138003 5.50208
621.44 127.898 0.158789 0.0365959 0.739129
724.858 187.408 -0.117203 -0.215048 3.87033
499.671 238.605 0.209701 0.0979459 0.74374
713.439 118.335 0.154484 -0.0021151 0.735416
713.123 137.013 0.168045 -0.00280158 0.759552
574.728 85.4373 0.0347816 0.433646 1.94078
822.375 221.262 0.194007 -0.0479133 0.719204
516.624 305.917 0.226542 0.0842756 0.70897
926.197 194.844 0.194714 -0.104362 0.752933
713.948 117.525 0.153687 -0.00225036 0.733305
563.068 143.867 0.165901 0.0624919 0.742072
935.421 212.852 0.201611 -0.107989 0.747096
567.954 144.303 0.16854 0.06235 0.751602
819.221 228.556 0.215516 -0.057168 0.764516
541.311 1.81036 0.113453 0.0715405 0.777095
490.771 233.78 0.200735 0.0958281 0.72771
920.974 201.401 0.199495 -0.104272 0.757428
948.527 19.3682 0.123016 -0.118849 0.800127
749.34 298.836 0.239776 -0.0194785 0.735657
623.234 135.352 0.164826 0.0374118 0.751212
603.117 332.962 0.276758 0.0595594 0.766772
773.486 330.788 0.289232 -0.0404209 0.785462
914.528 308.027 0.261752 -0.11396 0.761985
484.312 232.897 0.196096 0.0948359 0.717459
848.834 309.941 0.247951 -0.0696415 0.737194
743.056 313.239 0.239238 -0.0152236 0.72085
868.276 329.885 0.310009 -0.111985 0.817448
714.24 331.504 0.278249 -0.00345946 0.768333
619.351 134.56 0.161305 0.03758 0.73817
943.441 274.521 0.253145 -0.137884 0.785487
819.221 330.79 0.292713 -0.069956 0.789957
896.106 301.312 0.247791 -0.0958299 0.744815
662.406 332.438 0.26028 0.0239812 0.739439
826.692 233.119 0.21357 -0.0585105 0.75344
600.522 333.093 0.268675 0.0582495 0.753609
705.821 25.7915 0.128294 -0.00334049 0.919404
955.044 128.024 0.158687 -0.102677 0.731489
705.586 27.0183 0.128003 -0.001743 0.849266
524.473 391.914 0.257857 0.0812611 0.689207
790.792 386.137 0.258751 -0.0342314 0.690264
527.383 338.809 0.23504 0.0779547 0.695636
529.372 384.712 0.253594 0.0783578 0.688512
841.496 335.364 0.236368 -0.0553512 0.695409
559.655 332.672 0.286947 0.0893848 0.784577
932.064 227.143 0.216377 -0.116274 0.766183
541.822 453.44 0.311892 0.0861685 0.709205
844.696 392.032 0.279958 -0.0654471 0.712583
895.717 440.67 0.307033 -0.0932022 0.706808
897.468 330.432 0.262063 -0.0972231 0.739642
902.264 447.331 0.318191 -0.100676 0.713609
893.269 437.77 0.309046 -0.0936281 0.71113
836.462 332.506 0.24959 -0.0595752 0.718935
902.467 331.925 0.258397 -0.0968012 0.732275
936.203 303.675 0.233864 -0.10345 0.716836
909.461 435.543 0.320672 -0.1089 0.725016
522.517 387.165 0.244626 0.0767288 0.67467
924.404 304.594 0.246179 -0.107695 0.737992
671.068 340.1 0.260893 0.0194042 0.733008
480.477 270.568 0.21639 0.102129 0.723588
890.616 388.753 0.287922 -0.093078 0.724585
932.637 369.602 0.269748 -0.108079 0.715454
851.307 395.088 0.272511 -0.0649392 0.700619
856.676 401.469 0.285052 -0.0717033 0.71143
927.016 218.069 0.209824 -0.110844 0.761976
715.411 386.388 0.265385 -0.00155983 0.700146
724.202 414.117 0.218285 -0.00128897 0.621633
788.966 334.556 0.247496 -0.0362648 0.714644
924.102 279.486 0.277605 -0.148683 0.828637
544.7 302.374 0.244524 0.0823624 0.74472
786.318 452.317 0.308171 -0.0369019 0.701718
666.835 378.35 0.257656 0.0201573 0.69652
661.85 337.55 0.238137 0.0216044 0.699403
531.247 306.856 0.24088 0.0858679 0.733768
649.099 456.961 0.280632 0.0279019 0.671782
583.178 338.525 0.244179 0.0576031 0.709549
563.152 132.158 0.16052 0.0614635 0.740233
757.264 298.904 0.226878 -0.0205155 0.711799
654.916 393.32 0.246005 0.0236679 0.670499
535.035 515.436 0.322752 0.0844043 0.679427
553.153 495.072 0.354542 0.0892678 0.720704
532.065 387.622 0.259638 0.0794607 0.694568
916.742 624.713 0.202046 -0.0358918 0.529223
621.558 140.315 0.166073 0.0378996 0.747538
710.081 100.638 0.182787 -0.00859515 1.02655
603.85 3.71975 0.112042 0.0400475 0.741042
584.85 388.556 0.261247 0.0565836 0.695184
525.564 389.808 0.25742 0.0809318 0.690108
835.63 333.465 0.252949 -0.0605133 0.723447
831.786 333.366 0.257165 -0.0605491 0.730315
558.751 130.118 0.157218 0.061095 0.730088
938.912 212.317 0.200264 -0.108301 0.744134
713.738 383.167 0.267906 -0.00100034 0.705999
914.083 146.613 0.185977 -0.11695 0.810456
829.607 373.964 0.276003 -0.0596665 0.722296
548.287 340.853 0.25668 0.0787964 0.727987
889.61 487.49 0.362389 -0.105276 0.726446
791.915 462.299 0.296139 -0.035976 0.682511
833.396 293.445 0.229518 -0.0564055 0.720452
745.285 316.665 0.234971 -0.0152994 0.710375
937.478 275.811 0.259903 -0.140814 0.797674
895.299 298.306 0.226721 -0.081318 0.709674
550.212 453.498 0.317808 0.0841183 0.715247
708.095 3.38516 0.113112 -0.000661574 0.75359
776.889 331.168 0.275251 -0.0385146 0.76251
894.65 441.088 0.309798 -0.0939463 0.709483
596.961 451.349 0.290603 0.0530643 0.686901
836.103 451.25 0.312744 -0.0633359 0.706339
652.832 444.853 0.296385 0.0284393 0.69661
554.476 53.0641 0.130897 0.0632319 0.750918
488.605 232.94 0.198278 0.0948975 0.722674
596.008 451.599 0.290429 0.0534344 0.686564
907.757 436.215 0.326868 -0.111207 0.731137
899.665 429.334 0.339112 -0.115271 0.750112
537.585 148.309 -0.0846941 0.0205557 0.165257
814.394 221.284 0.195797 -0.0454743 0.723848
576.355 99.6451 0.161113 0.069384 0.819868
865.534 302.389 0.270672 -0.0946419 0.785527
545.204 11.808 0.115066 0.0638332 0.74536
915.15 334.833 0.247147 -0.0942631 0.711633
711.718 341.653 0.225254 0.000833018 0.675129
910.902 432.857 0.423781 -0.172754 0.833229
611.153 390.121 0.958169 0.351972 1.45288
864.221 311.082 0.22605 -0.0644739 0.697837
787.577 490.36 0.351175 -0.0425677 0.716465
732.995 408.58 0.2686 -0.00887229 0.687984
914.564 305.492 0.255228 -0.109677 0.753272
649.839 141.432 0.209264 0.0441788 0.961985
636.374 47.3752 0.12809 0.0786562 1.19315
741.138 310.798 0.251024 -0.0163511 0.74381
903.925 212.7 0.218074 -0.110958 0.793087
712.518 6.78541 -0.12226 -0.0340831 1.89827
724.692 176.017 -0.116885 -0.190437 3.59749
821.628 222.964 0.196511 -0.048639 0.723566
