714.396 326.307 0.25077 -0.0126127 0.964397
630.214 327.199 0.2506 0.0644585 0.965144
587.045 84.6819 0.054435 0.0805871 0.983474
795.645 299.589 0.223941 -0.0845171 0.961524
786.564 250.933 0.179911 -0.0739281 0.963645
713.058 187.07 0.12947 -0.0129406 0.977265
928.537 12.3522 0.00791545 -0.18217 1.01899
491.757 13.1179 0.00738587 0.146578 0.997113
877.862 184.773 0.129128 -0.146712 0.975033
559.9 259.028 0.182052 0.114851 0.958542
607.209 191.765 0.128886 0.070144 0.96228
648.797 189.685 0.129647 0.0387013 0.971535
561.069 258.539 0.183093 0.115246 0.962654
512.565 201.018 0.138474 0.15204 0.978235
863.391 230.918 0.168736 -0.142401 0.980413
743.212 304.141 0.226283 -0.0380773 0.958951
794.419 299.22 0.229562 -0.0862399 0.974399
497.228 2.62705 -0.000147052 0.145066 1.00768
634.91 76.5808 0.0494567 0.0455838 0.992914
521.687 233.626 0.170787 0.157794 0.995438
909.732 28.1474 0.011177 -0.196457 1.08729
800.629 303.237 0.262044 -0.107084 1.034
712.872 179.12 0.118909 -0.0125436 0.954012
649.612 184.98 0.125762 0.0376294 0.970368
817.969 68.6501 0.0457658 -0.0928051 0.987244
886.822 211.293 0.138552 -0.138948 0.927973
818.587 66.4304 0.044331 -0.0927339 0.985392
820.696 62.3018 0.0417201 -0.0931886 0.981428
650.151 188.865 0.129628 0.037944 0.974575
631.512 80.3496 0.0519526 0.047493 0.986419
589.327 75.3679 0.0482919 0.0772049 0.979489
918.773 98.7399 0.0683668 -0.193925 1.0358
926.268 14.5641 0.00870495 -0.183183 1.02505
793.605 248.926 0.189928 -0.0869631 0.998701
836.687 85.826 0.0563957 -0.136766 1.09391
512.578 128.496 0.0858129 0.151545 1.00675
842.064 303.339 0.234313 -0.130436 0.973951
925.342 99.5774 0.0681804 -0.183553 0.999545
822.116 55.6582 0.0375144 -0.0934145 0.979539
761.605 325.775 0.252867 -0.0563635 0.96773
839.378 324.9 0.270264 -0.139764 0.998812
858.084 54.1355 0.0359516 -0.127148 1.00566
829.334 31.7049 0.0210338 -0.102738 1.0038
503.242 15.738 0.00716851 0.14552 1.01632
609.445 188.215 0.127712 0.0696707 0.969848
761.143 325.946 0.25411 -0.0562167 0.969705
859.326 308.164 0.247085 -0.153284 0.989228
868.564 228.743 0.162483 -0.140915 0.965223
520.401 41.453 0.0253706 0.129073 0.996338
540.663 295.027 0.135115 0.0729637 0.784115
594.71 326.992 0.256643 0.100765 0.977963
579.734 307.418 0.223287 0.102871 0.95163
890.938 88.4055 0.060029 -0.157954 1.0087
591.714 330.514 0.24289 0.0940347 0.946027
797.826 327.833 0.248046 -0.086891 0.953844
868.22 306.518 0.225956 -0.144988 0.949388
614.305 32.6112 0.024374 0.0352642 0.838261
798.328 325.802 0.248725 -0.0883589 0.958849
512.11 198.275 0.137603 0.154674 0.984602
799.282 328.575 0.248124 -0.0879525 0.952578
739.104 302.45 0.223835 -0.0343181 0.957373
858.969 350.466 0.291925 -0.158156 0.984316
858.323 235.084 0.178286 -0.145665 1.00022
764.927 328.642 0.24759 -0.0573331 0.952572
781.684 248.729 0.181169 -0.071399 0.973337
815.263 587.156 0.140359 -0.0325613 0.615844
763.841 326.466 0.243682 -0.0558252 0.949448
707.931 80.0326 0.0516504 -0.00975472 0.942325
768.757 328.961 0.242245 -0.0591347 0.942176
635.759 71.7761 0.0463091 0.0437017 0.985595
714.424 326.115 0.250421 -0.0126371 0.964119
672.743 368.466 0.290762 0.0271722 0.956657
713.641 329.191 0.248455 -0.0117904 0.95476
779.684 299.843 0.22081 -0.0692155 0.954857
653.891 465.796 0.174964 0.0158216 0.707889
591.381 361.088 0.255719 0.089493 0.917335
511.942 199.619 0.137358 0.152346 0.978334
798.013 469.954 0.172066 -0.0404012 0.700478
551.237 283.082 0.200552 0.12324 0.951856
710.568 144.227 0.112054 -0.0130078 1.19594
512.713 344.608 0.286622 0.194093 0.998777
624.52 328.185 0.237039 0.0637717 0.938423
931.785 2.90344 0.00289748 -0.17969 1.00994
564.398 259.239 0.18642 0.115168 0.970217
712.815 533.246 0.184682 -0.00701324 0.681375
626.27 329.288 0.243504 0.0645452 0.948291
797.809 360.539 0.28785 -0.0916565 0.961891
614.12 619.785 0.130666 0.0172319 0.597791
599.54 360.197 0.289832 0.0993126 0.971701
677.105 330.099 0.233809 0.0185358 0.927616
611.258 193.002 0.132459 0.0696559 0.97464
706.295 60.2021 0.0393704 -0.00861797 0.899424
481.876 373.741 0.318348 0.231884 0.993791
494.535 375.29 0.336971 0.234944 1.01712
833.561 23.497 0.0168067 -0.102393 0.99116
809.91 311.559 0.237458 -0.0990331 0.964551
638.621 99.2165 0.0641598 0.0410344 0.96935
879.619 560.285 0.390504 -0.139738 0.830332
495.699 375.306 0.340558 0.237083 1.02213
708.06 65.2574 0.0424594 -0.0103657 0.995462
678.685 329.908 0.244172 0.0187592 0.94676
712.071 137.346 0.104368 -0.015479 1.24231
576.231 415.105 0.464733 0.191821 1.09188
532.704 392.251 0.369591 0.20387 1.02736
509.069 368.119 0.366285 0.253325 1.07351
786.112 251.89 0.181934 -0.0742467 0.967118
869.746 242.252 0.178629 -0.149138 0.979524
845.782 325.735 0.256096 -0.135886 0.970933
906.357 82.6006 0.0552927 -0.15006 0.95825
594.49 362.85 0.284916 0.100629 0.95967
835.701 397.81 0.337246 -0.135579 0.96717
523.389 241.232 0.178197 0.158443 0.996956
924.667 98.181 0.0673926 -0.186105 1.00703
810.465 371.092 0.263891 -0.0900935 0.909198
832.178 363.557 0.315546 -0.137585 0.996835
594.446 326.755 0.254177 0.0996879 0.973849
521.863 227.131 0.165827 0.157797 0.99866
850.127 49.3605 0.0331618 -0.117614 0.995026
640.285 372.036 0.286183 0.0556889 0.945062
842.711 305.148 0.237903 -0.13254 0.977541
857.262 351.336 0.298225 -0.160201 0.992689
772.602 433.23 0.21032 -0.0396268 0.771441
748.012 304.018 0.216755 -0.0403425 0.939124
826.842 603.821 0.127196 -0.0321659 0.598043
622.962 330.953 0.241955 0.0663001 0.942576
929.916 11.8537 0.00781757 -0.182333 1.01695
927.959 100.203 0.0686092 -0.185168 0.998241
943.337 261.052 0.260832 -0.335469 1.16134
763.843 363.783 0.277983 -0.056473 0.942557
512.414 607.076 0.12535 0.0400994 0.597182
679.733 360.53 0.285988 0.0207006 0.962686
891.818 282.12 0.216418 -0.175263 0.979462
886.94 284.379 0.224867 -0.17799 0.994219
829.14 304.785 0.233285 -0.117177 0.969238
931.492 599.288 0.231933 -0.0972669 0.688925
848.863 398.37 0.352477 -0.156865 0.984663
578.798 463.065 0.156387 0.0404916 0.688008
590.671 328.259 0.244759 0.0969894 0.95361
849.34 50.5809 0.0339763 -0.116955 0.99443
874.255 188.387 0.133528 -0.147082 0.982801
570.101 470.163 0.170973 0.0475225 0.701561
853.021 322.176 0.257091 -0.145553 0.979569
639.197 81.7806 0.0529684 0.0416725 0.985426
897.055 15.8598 0.00904836 -0.161151 1.02777
726.74 620.228 0.130879 -0.00895579 0.597193
850.888 46.2493 0.0311986 -0.117608 0.99383
709.108 113.402 0.0787515 -0.0111854 1.07461
930.456 631.667 0.122191 -0.0523136 0.584916
489.98 340.226 0.264074 0.197618 0.969276
815.321 508.336 0.118719 -0.0321668 0.621029
707.135 46.8539 0.031365 -0.00971676 0.971312
638.926 89.7874 0.058454 0.0430306 0.990936
567.864 470.438 0.170527 0.0482157 0.700903
595.587 361.57 0.284231 0.0997618 0.960771
847.546 396.023 0.3528 -0.156894 0.98903
721.962 367.992 0.289299 -0.0191205 0.953815
595.552 103.512 0.0668849 0.0739658 0.974657
799.041 327.912 0.244427 -0.0863808 0.947082
774.356 437.509 0.206886 -0.0395217 0.763828
588.122 81.8183 0.0525386 0.0795284 0.983471
793.617 434.701 0.398346 -0.10011 0.979935
675.388 262.628 0.188853 0.0198922 0.964146
493.96 79.0315 0.0498339 0.157192 1.00365
629.86 362.499 0.280289 0.0657109 0.952101
818.555 425.154 0.466818 -0.15958 1.0647
851.227 460.456 0.17908 -0.0644496 0.713705
722.112 441.862 0.199654 -0.0127175 0.752466
600.016 406.482 0.345741 0.106456 0.97086
600.384 406.139 0.346638 0.106589 0.972483
675.492 327.307 0.234045 0.0201865 0.932896
909.835 451.965 0.199892 -0.100497 0.742946
793.317 11.7495 -0.00377913 -0.0903988 1.09864
704.389 29.2765 0.0236305 -0.00755567 0.848882
889.122 283.155 0.221457 -0.177425 0.989045
756.178 366.893 0.297769 -0.0528902 0.967122
723.488 437.409 0.202827 -0.0136287 0.759673
482.29 26.9433 0.0185558 0.140025 0.957772
897.005 488.207 0.124291 -0.0565508 0.63475
854.107 365.52 0.297889 -0.148408 0.966631
623.869 357.201 0.267431 0.067943 0.941004
713.883 184.685 0.127054 -0.0135884 0.974458
629.835 363.217 0.279734 0.0653507 0.950058
593.357 364.362 0.283351 0.100297 0.954758
862.211 49.0892 0.0331723 -0.126102 0.992877
562.576 258.774 0.183343 0.114047 0.962719
685.215 357.548 0.267452 0.01368 0.938695
782.822 251.666 0.185565 -0.0734689 0.978479
593.767 53.5664 0.0324615 0.0814049 1.02395
711.987 328.63 0.24412 -0.010279 0.947937
508.397 97.332 0.063051 0.155201 1.02015
715.705 407.259 0.336741 -0.0128885 0.955396
694.516 335.742 1.09425 0.160676 2.31349
705.154 36.37 0.0257425 -0.00767613 0.817105
677.18 326.449 0.248811 0.0211857 0.961722
875.122 189.486 0.13481 -0.148646 0.984668
633.071 194.335 0.169627 0.0901276 1.1814
836.72 16.4408 0.0179665 -0.0829013 0.898536
716.594 257.993 0.186317 -0.0151664 0.966954
677.166 363.374 0.279217 0.0218725 0.947616
713.193 540.615 0.18027 -0.00703031 0.673512
715.151 409.279 0.331558 -0.0122128 0.946155
487.227 373.983 0.326679 0.234219 1.00517
734.329 314.822 0.232371 -0.0298469 0.950609
652.248 467.758 0.173885 0.016261 0.705477
863.199 305.071 0.224966 -0.140819 0.950349
851.138 464.218 0.177139 -0.0632544 0.709152
735.581 313.083 0.217433 -0.0291492 0.924246
767.31 304.405 0.213088 -0.0550728 0.930153
554.239 39.3721 0.0267882 0.0631015 0.834071
802.111 595.362 0.145372 -0.0296287 0.617873
631.741 157.036 0.127229 0.0961889 1.22953
709.278 512.169 0.202618 -0.00592352 0.710415
625.035 31.1015 0.0203619 0.049161 0.98533
877.69 188.476 0.130682 -0.144517 0.968303
863.224 7.00113 0.0060655 -0.125186 0.999584
516.082 213.245 0.154828 0.162789 1.00449
575.715 3.30549 0.00357013 0.0815251 0.982365
597.341 68.2646 0.0432624 0.0765327 1.00792
533.828 337.123 0.345009 0.234655 1.11569
551.365 406.297 0.294434 0.126559 0.908741
842.963 303.69 0.227951 -0.126432 0.959949
596.626 84.3496 0.054409 0.0761221 0.996536
576.827 307.191 0.22091 0.103844 0.947213
710.661 123.354 0.088875 -0.0132632 1.16289
867.076 306.657 0.2205 -0.139469 0.938058
713.387 327.407 0.244366 -0.0115417 0.950571
588.563 308.935 0.233021 0.100767 0.968474
953.451 223.054 -0.143954 0.0050849 0.219163
768.318 348.245 1.39549 -0.578057 2.49571
565.881 396.619 0.546309 0.281432 1.22684
601.821 409.359 0.342273 0.102087 0.962128
813.595 310.088 0.229539 -0.0986907 0.951495
532.407 270.084 0.229721 0.186327 1.06228
708.596 79.4722 0.0261654 -0.012112 1.32941
603.495 136.402 0.0770314 0.238477 1.58599
630.604 83.0192 0.0537259 0.0482521 0.985806
797.086 325.927 0.257909 -0.0911844 0.975519
598.09 110.938 0.0723535 0.0742099 0.981817
840.587 325.202 0.264337 -0.136805 0.987266
712.382 186.563 0.127606 -0.0123051 0.969865
868.869 242.788 0.17953 -0.148961 0.980868
927.008 5.98209 0.0056321 -0.173314 1.00215
609.558 196.186 0.135262 0.0716157 0.976003
647.36 192.375 0.130442 0.0392086 0.96529
677.035 326.47 0.249423 0.0214142 0.962821
521.886 227.874 0.166334 0.157659 0.998065
562.486 259.979 0.186347 0.116209 0.968214
