713.088 323.053 0.246062 -0.0122264 0.962822
629.525 323.997 0.24609 0.0649223 0.964094
585.867 82.6041 0.049761 0.0810995 0.983271
793.564 296.136 0.219968 -0.0844703 0.962087
784.642 248.002 0.175215 -0.0736113 0.96231
711.378 184.328 0.124102 -0.0124785 0.973453
926.63 9.04442 0.00284735 -0.181768 1.01634
491.394 12.2519 0.0028938 0.148441 1.0013
875.386 181.986 0.124425 -0.146563 0.973973
559.585 256.291 0.17782 0.115611 0.958748
606.312 189.399 0.1246 0.0708425 0.962928
647.779 187.268 0.125374 0.0391464 0.972216
560.888 255.808 0.17891 0.115924 0.962973
512.209 198.666 0.134018 0.15279 0.97809
861.101 227.87 0.164323 -0.142654 0.980329
741.592 300.868 0.221909 -0.0377353 0.958368
792.296 295.801 0.225512 -0.0860595 0.974734
495.766 0.534744 -0.00498076 0.145921 1.00768
633.52 74.5007 0.0448198 0.0460673 0.993169
522.366 231.094 0.16711 0.158769 0.997671
907.503 25.1854 0.00630344 -0.196471 1.08677
806.59 306.08 0.236316 -0.100304 0.974646
711.558 176.905 0.115311 -0.0125044 0.95767
648.304 182.579 0.121434 0.038267 0.970903
815.592 66.4215 0.0411055 -0.0926997 0.98733
884.274 208.503 0.133733 -0.138731 0.926369
816.373 64.2193 0.0396691 -0.0928005 0.985662
818.682 59.4913 0.0366839 -0.092777 0.978867
649.252 186.798 0.126755 0.0389985 0.980843
630.323 78.5711 0.0475206 0.048024 0.987785
588.668 74.0852 0.0441189 0.0781484 0.982911
917.686 95.2592 0.0630201 -0.193757 1.0322
924.307 11.3287 0.00366377 -0.182874 1.02275
789.196 245.417 0.192199 -0.0889474 1.02043
834.243 83.7071 0.052114 -0.137303 1.09708
511.849 126.35 0.081283 0.152474 1.00714
839.971 300.145 0.229188 -0.129842 0.971277
922.263 97.1453 0.0636079 -0.183608 0.999651
819.011 54.5355 0.0334048 -0.093751 0.983618
760.094 322.503 0.247984 -0.0560463 0.965713
838.212 321.987 0.263868 -0.138903 0.992926
855.802 51.4861 0.0310953 -0.126904 1.00439
827.982 27.7796 0.0156257 -0.102042 0.998214
503.302 14.7553 0.00275985 0.14667 1.01982
608.241 185.749 0.122829 0.07005 0.967983
759.61 322.61 0.249379 -0.0559243 0.968089
858.042 305.207 0.240883 -0.152397 0.983684
865.879 225.772 0.158149 -0.14098 0.965295
519.812 39.8288 0.0208093 0.129837 0.997619
539.728 293.322 0.130051 0.0733369 0.781543
594.38 323.844 0.252177 0.101192 0.976997
579.022 304.475 0.218623 0.103518 0.950284
888.291 85.9084 0.0553629 -0.158007 1.00866
591.193 327.383 0.238242 0.0945312 0.944688
795.815 323.86 0.244809 -0.0872866 0.956018
865.293 302.978 0.221965 -0.145001 0.949681
481.233 333.385 0.248107 0.197636 0.955347
613.37 32.7228 0.0200857 0.0357751 0.840469
797.008 322.378 0.243843 -0.0884847 0.957003
511.089 195.844 0.132587 0.154974 0.982197
797.337 325.042 0.24366 -0.0877446 0.951679
737.674 299.41 0.218755 -0.0339735 0.95487
857.608 347.32 0.285526 -0.15725 0.978974
856.703 232.073 0.172796 -0.145038 0.996223
763.197 325.181 0.243129 -0.0570181 0.951655
779.792 245.748 0.176756 -0.0712247 0.972989
809.773 572.756 0.138416 -0.0327283 0.620334
762.104 323.252 0.23856 -0.0552865 0.946909
705.838 78.6611 0.0474009 -0.00926656 0.944173
767.611 326.201 0.23572 -0.0586467 0.936259
634.125 69.2976 0.0413783 0.044048 0.983766
713.16 323.05 0.245246 -0.0122765 0.961322
671.816 364.869 0.286191 0.0276237 0.955405
712.248 325.767 0.244133 -0.0113444 0.95418
777.76 296.44 0.216795 -0.0691138 0.955279
653.615 458.225 0.17247 0.0162987 0.711277
870.258 631.741 0.190503 -0.0588361 0.642758
592.654 356.41 0.254715 0.0908076 0.923674
512.339 197.339 0.133437 0.153428 0.98038
795.221 461.75 0.169591 -0.040902 0.703986
551.826 280.114 0.19707 0.12409 0.953847
709.144 140.623 0.106369 -0.0125634 1.19007
512.009 341.621 0.281361 0.194739 0.996158
624.068 324.791 0.233014 0.0643036 0.938642
563.982 256.53 0.182037 0.115798 0.969868
710.772 522.133 0.184072 -0.00664359 0.687104
625.513 326.014 0.239105 0.0651505 0.947577
795.348 355.687 0.286158 -0.0922626 0.966973
615.266 606.177 0.128232 0.0177421 0.601173
598.388 357.223 0.283481 0.0995062 0.966983
676.083 326.678 0.229491 0.0189415 0.927162
610.092 190.546 0.127914 0.0703277 0.974237
704.269 58.4089 0.0345431 -0.00826141 0.898385
481.016 370.632 0.3122 0.232141 0.989981
493.072 372.801 0.329585 0.23414 1.01037
829.584 23.5569 0.0129367 -0.103009 0.998385
807.618 307.999 0.233475 -0.0989098 0.964953
637.494 97.3942 0.0597541 0.0414586 0.970392
885.951 567.664 0.36278 -0.13371 0.801711
493.174 373.322 0.331559 0.235456 1.01216
706.284 63.1674 0.0378292 -0.0100465 0.995903
678.344 325.879 0.241757 0.0189226 0.950838
710.673 133.134 0.0981268 -0.0149936 1.23286
579.949 409.889 0.474255 0.196181 1.10886
531.094 389.864 0.361287 0.202927 1.01927
507.466 365.883 0.358854 0.252441 1.06598
784.335 248.894 0.177422 -0.07416 0.966447
867.301 239.155 0.174214 -0.149256 0.979265
844.099 322.442 0.250724 -0.135516 0.967766
909.242 76.3497 0.0474957 -0.145601 0.936606
593.368 360.094 0.278758 0.100794 0.954908
834.578 394.479 0.330122 -0.134746 0.961312
522.461 238.689 0.173102 0.158721 0.994287
922.198 95.553 0.0627288 -0.187094 1.00825
808.326 367.122 0.259673 -0.0899791 0.908629
830.591 360.057 0.309988 -0.137118 0.993478
593.992 323.639 0.249602 0.100155 0.972629
520.979 224.609 0.160881 0.158206 0.996525
847.479 47.2319 0.0285288 -0.117629 0.995593
639.117 369.184 0.279576 0.0558519 0.939699
840.655 301.801 0.233234 -0.132385 0.976101
855.917 347.978 0.292188 -0.15967 0.988305
770.547 429.164 0.205807 -0.0393985 0.770152
747.481 301.001 0.211206 -0.0407128 0.935589
820.972 588.572 0.125089 -0.0324063 0.60233
622.69 327.401 0.238214 0.0668584 0.943529
927.725 8.78263 0.00283121 -0.182003 1.01493
924.532 97.8585 0.0641067 -0.185078 0.998573
941.51 257.752 0.255713 -0.335077 1.15871
762.349 360.207 0.272993 -0.0561638 0.940441
517.29 592.213 0.123266 0.0410133 0.601549
678.637 357.498 0.280095 0.0210114 0.958533
889.75 278.998 0.211097 -0.174605 0.976152
884.745 281.082 0.220059 -0.177853 0.992493
828.087 301.901 0.227229 -0.116728 0.964006
924.183 587.113 0.230794 -0.0981914 0.692927
848.886 396.027 0.342359 -0.155012 0.973423
581.599 454.179 0.155701 0.0414288 0.694504
589.845 325.217 0.239398 0.0973176 0.950827
846.545 48.6379 0.0294353 -0.117095 0.995837
871.525 185.639 0.129256 -0.147362 0.983588
571.768 462.585 0.168488 0.0483468 0.704983
851.098 318.766 0.252132 -0.145329 0.977402
636.682 78.3234 0.0473281 0.0420587 0.97901
894.567 13.2402 0.00420578 -0.161141 1.02739
724.616 604.215 0.129213 -0.0089144 0.601931
847.623 44.6183 0.0268009 -0.117638 0.996003
707.745 110.564 0.0738764 -0.0110409 1.07385
920.343 615.182 0.11999 -0.0527701 0.588958
489.386 337.249 0.258774 0.198164 0.966694
809.201 494.293 0.118985 -0.0328366 0.629476
705.522 45.2243 0.0268482 -0.00957235 0.972751
637.665 87.7908 0.0539308 0.0434922 0.991663
569.567 463.22 0.167851 0.0489552 0.703884
594.672 358.418 0.278963 0.100336 0.958046
844.837 391.504 0.349276 -0.156841 0.989646
720.766 364.488 0.284467 -0.0188067 0.951876
593.903 101.419 0.062253 0.074927 0.97484
797.715 324.971 0.238656 -0.0859706 0.942741
771.521 431.676 0.203742 -0.0393161 0.765596
586.899 79.8103 0.0479056 0.0801148 0.983483
793.077 432.075 0.389046 -0.0991737 0.970897
493.164 77.0438 0.045205 0.158009 1.00392
629.211 359.118 0.275521 0.0661193 0.950412
818.727 423.087 0.454687 -0.15764 1.05143
846.726 454.494 0.175621 -0.0643693 0.714792
720.314 434.88 0.197271 -0.0124774 0.756048
598.096 404.17 0.336972 0.106367 0.962154
598.696 403.526 0.338574 0.106683 0.965091
675.105 323.768 0.23068 0.0202409 0.93444
903.965 444.057 0.197685 -0.101353 0.746865
786.783 26.7084 -0.000625193 -0.093941 1.14046
702.312 29.4658 0.0194728 -0.0072787 0.852629
887.596 280.063 0.215806 -0.17683 0.984832
754.874 363.573 0.292305 -0.0525159 0.963829
721.802 431.136 0.200043 -0.0134244 0.762316
853.433 362.263 0.290539 -0.147713 0.960132
622.393 354.563 0.260182 0.0679721 0.934304
712.359 182.364 0.123425 -0.0133568 0.977889
592.64 361.288 0.278037 0.100637 0.951814
858.95 47.2254 0.0286884 -0.125913 0.99394
683.874 354.821 0.260359 0.0140063 0.932223
781.811 248.172 0.179181 -0.0732275 0.973589
595.545 54.232 0.0292417 0.0819324 1.03463
711.086 325.611 0.238753 -0.0102488 0.944722
506.329 94.1513 0.0575819 0.155162 1.01608
714.697 404.299 0.329379 -0.0125586 0.949067
690.757 336.492 0.959 0.144599 2.08075
702.975 37.1222 0.021787 -0.00739873 0.821488
676.398 323.143 0.244374 0.0213869 0.960862
873.961 186.428 0.128767 -0.147404 0.977898
617.79 175.369 0.131103 0.0814582 1.06791
822.933 43.5413 0.0273518 -0.08889 0.951177
714.185 255.074 0.182048 -0.0140146 0.966959
676.42 359.422 0.275636 0.0222721 0.948524
711.579 528.87 0.179822 -0.00684903 0.679519
714.213 405.675 0.325698 -0.0119987 0.9426
485.247 371.677 0.318781 0.233228 0.997379
732.95 311.314 0.22843 -0.0297063 0.951159
860.934 301.609 0.220458 -0.140895 0.949458
846.36 456.482 0.174539 -0.0635865 0.71229
732.135 310.201 0.212359 -0.0272049 0.921569
764.938 300.684 0.210019 -0.0548645 0.933112
561.155 43.0501 0.0248046 0.0650347 0.856522
797.243 579.16 0.145272 -0.0301328 0.624588
629.112 151.951 0.119164 0.0955193 1.21486
708.35 503.915 0.20073 -0.00588566 0.713781
623.573 29.2511 0.0156804 0.0496781 0.98589
874.596 185.807 0.126365 -0.144428 0.96867
860.475 4.8481 0.00131491 -0.125142 0.999949
515.419 210.768 0.150141 0.163393 1.00334
596.271 66.5258 0.0388205 0.0773238 1.00979
532.866 334.565 0.338887 0.23435 1.11053
551.678 402.355 0.290383 0.127305 0.908398
840.865 300.334 0.22332 -0.126334 0.958662
595.452 82.3106 0.0498136 0.0767137 0.996907
574.866 304.822 0.214501 0.104075 0.941199
708.959 118.053 0.0816332 -0.0125762 1.14821
865.478 303.615 0.214768 -0.138914 0.933853
712.165 323.889 0.24038 -0.0112673 0.950816
587.965 306.358 0.227164 0.100304 0.96382
954.229 133.926 -0.150122 0.0055291 0.221186
772.378 349.443 1.26978 -0.531302 2.30491
562.314 395.724 0.529342 0.27714 1.20509
600.775 406.398 0.335378 0.102153 0.956693
812.157 306.721 0.224167 -0.0985734 0.948737
531.539 267.414 0.224604 0.186657 1.05953
707.037 73.5686 0.0200714 -0.0115682 1.31538
838.282 347.231 0.450165 -0.25003 1.23346
659.357 163.133 0.129156 0.0487841 1.15716
703.941 58.4745 0.0351871 -0.00826435 0.966305
622.92 608.627 0.11728 0.0144201 0.590243
819.105 586.307 0.125618 -0.0321531 0.603563
650.895 435.713 0.197548 0.022127 0.756846
651.461 431.608 0.200767 0.0225815 0.76398
511.137 197.162 0.132516 0.152878 0.976878
655.762 153.396 0.0978353 0.145842 1.73722
864.253 304.16 0.226629 -0.147153 0.956834
714.011 78.2635 -0.141763 0.00246766 0.234413
798.303 595.844 0.136235 -0.0283198 0.610514
736.457 341.436 0.694568 -0.100302 1.6348
763.551 403.335 0.342469 -0.0634131 0.964694
681.9 353.891 0.255762 0.0152613 0.926548
714.772 222.325 0.290621 -0.0296739 2.42452
870.317 55.5021 0.0275236 -0.175037 1.1134
877.228 183.388 0.122822 -0.143239 0.960546
705.192 60.3147 0.0362236 -0.00917968 0.97838
805.96 304.114 0.22962 -0.0970923 0.965187
791.778 116.276 0.053738 -0.190159 1.52078
640.071 262.25 0.183683 0.0485923 0.957026
705.339 255.472 0.177639 -0.00645809 0.954042
602.307 133.465 0.0722863 0.239324 1.58652
629.224 80.853 0.0490229 0.0486768 0.985479
795.35 322.59 0.253013 -0.0908446 0.973475
599.559 111.186 0.0702163 0.0757827 0.995255
838.91 321.848 0.25914 -0.136534 0.984535
710.804 184.175 0.123738 -0.0120004 0.97227
866.494 239.699 0.175016 -0.149 0.980261
926.411 1.4344 0.00013113 -0.172314 0.995852
608.891 193.788 0.13111 0.0722325 0.977106
646.321 189.924 0.125912 0.039537 0.964844
676.349 323.014 0.245375 0.0216103 0.962963
521.457 225.336 0.161837 0.158397 0.997601
561.641 257.342 0.181482 0.116701 0.966346
