712.256 320.343 0.245978 -0.012241 0.962712
628.646 321.326 0.246006 0.0649077 0.963984
584.554 79.1207 0.0496775 0.0810849 0.983161
792.74 293.328 0.219884 -0.084485 0.961977
783.786 245.062 0.175132 -0.0736259 0.9622
710.414 181.236 0.124018 -0.0124932 0.973343
925.982 5.34166 0.0027639 -0.181783 1.01623
489.724 8.4646 0.00281035 0.148427 1.00119
874.593 178.862 0.124341 -0.146577 0.973863
558.5 253.419 0.177737 0.115597 0.958638
605.185 186.294 0.124516 0.0708278 0.962818
646.727 184.192 0.125291 0.0391318 0.972106
559.811 252.955 0.178827 0.11591 0.962863
510.956 195.683 0.133934 0.152775 0.97798
860.311 224.932 0.16424 -0.142668 0.980219
740.744 298.072 0.221826 -0.0377499 0.958258
791.489 293.05 0.225429 -0.0860741 0.974624
632.315 71.0186 0.0447364 0.0460527 0.993059
521.227 228.316 0.167027 0.158754 0.997561
906.923 21.8044 0.00621999 -0.196486 1.08666
805.793 303.349 0.236233 -0.100319 0.974536
710.562 173.71 0.115227 -0.0125191 0.95756
647.245 179.478 0.12135 0.0382524 0.970793
814.72 62.8782 0.0410221 -0.0927143 0.98722
883.411 205.233 0.133649 -0.138746 0.926259
815.499 60.6584 0.0395856 -0.0928152 0.985552
817.798 55.8784 0.0366004 -0.0927917 0.978757
648.214 183.758 0.126672 0.0389839 0.980733
629.109 75.0867 0.0474372 0.0480094 0.987675
587.347 70.558 0.0440355 0.0781338 0.9828
917.029 92.028 0.0629366 -0.193772 1.03209
923.665 7.66178 0.00358032 -0.182888 1.02264
788.423 242.717 0.192115 -0.088962 1.02032
833.557 80.6403 0.0520306 -0.137318 1.09697
510.477 123.176 0.0811995 0.152459 1.00703
839.173 297.374 0.229104 -0.129857 0.971167
921.562 93.7939 0.0635245 -0.183622 0.999541
818.135 50.9194 0.0333213 -0.0937656 0.983508
759.282 319.787 0.247901 -0.0560609 0.965603
837.448 319.36 0.263784 -0.138918 0.992816
855.018 47.9431 0.0310119 -0.126919 1.00428
827.135 24.0921 0.0155422 -0.102056 0.998103
501.691 11.0517 0.00267641 0.146656 1.01971
607.119 182.653 0.122745 0.0700353 0.967873
758.802 319.906 0.249296 -0.0559389 0.967979
857.263 302.496 0.2408 -0.152411 0.983574
865.07 222.758 0.158066 -0.140995 0.965185
518.274 36.182 0.0207258 0.129823 0.997509
538.281 289.381 0.129968 0.0733222 0.781433
593.493 321.244 0.252094 0.101177 0.976887
578.042 301.705 0.21854 0.103503 0.950174
887.564 82.5444 0.0552795 -0.158022 1.00855
590.258 324.643 0.238158 0.0945166 0.944578
794.998 321.089 0.244725 -0.0873013 0.955908
864.468 300.103 0.221881 -0.145016 0.949571
480.217 330.754 0.248024 0.197621 0.955237
611.775 28.1868 0.0200022 0.0357605 0.840359
796.192 319.608 0.243759 -0.0884994 0.956893
509.832 192.868 0.132504 0.154959 0.982087
796.514 322.252 0.243577 -0.0877593 0.951569
736.817 296.595 0.218672 -0.0339882 0.95476
856.826 344.675 0.285443 -0.157264 0.978864
855.933 229.218 0.172713 -0.145052 0.996113
762.367 322.404 0.243045 -0.0570328 0.951545
778.947 242.852 0.176673 -0.0712393 0.972879
807.999 566.984 0.138333 -0.0327429 0.620224
761.265 320.449 0.238476 -0.0553011 0.946799
704.709 74.9777 0.0473175 -0.0092812 0.944063
766.759 323.349 0.235637 -0.0586613 0.936149
632.9 65.7505 0.0412949 0.0440333 0.983656
712.325 320.332 0.245163 -0.0122911 0.961212
671.008 362.232 0.286108 0.0276091 0.955295
711.404 323.023 0.244049 -0.011359 0.954069
776.92 293.606 0.216712 -0.0691284 0.955168
652.258 453.881 0.172386 0.016284 0.711167
591.738 353.633 0.254631 0.090793 0.923564
511.086 194.361 0.133353 0.153413 0.98027
793.848 457.243 0.169508 -0.0409166 0.703876
550.772 277.297 0.196987 0.124076 0.953737
708.373 138.063 0.106285 -0.0125781 1.18996
511.11 339.179 0.281278 0.194725 0.996048
623.145 322.002 0.232931 0.064289 0.938531
562.921 253.71 0.181954 0.115783 0.969758
709.392 517.542 0.183989 -0.00665823 0.686994
624.608 323.272 0.239021 0.0651359 0.947467
794.564 353.031 0.286075 -0.0922772 0.966863
613.365 600.117 0.128149 0.0177275 0.601063
597.551 354.655 0.283398 0.0994915 0.966873
675.177 323.815 0.229408 0.0189268 0.927052
608.989 187.497 0.12783 0.0703131 0.974127
703.03 54.3818 0.0344597 -0.00827606 0.898275
480.152 368.245 0.312116 0.232127 0.989871
492.255 370.496 0.329501 0.234125 1.01026
828.739 19.8486 0.0128533 -0.103023 0.998275
806.808 305.228 0.233391 -0.0989244 0.964843
636.296 93.9245 0.0596706 0.041444 0.970282
884.888 564.183 0.362697 -0.133724 0.801601
492.361 371.024 0.331476 0.235441 1.01205
705.222 59.6418 0.0377457 -0.0100611 0.995793
677.478 323.131 0.241674 0.018908 0.950728
709.93 130.636 0.0980433 -0.0150082 1.23275
579.398 407.93 0.474172 0.196166 1.10875
530.363 387.608 0.361203 0.202912 1.01916
506.714 363.756 0.358771 0.252426 1.06587
783.485 245.976 0.177339 -0.0741746 0.966337
866.514 236.246 0.17413 -0.149271 0.979154
843.302 319.703 0.25064 -0.13553 0.967656
908.42 72.614 0.0474123 -0.145616 0.936496
592.514 357.48 0.278675 0.100779 0.954798
833.79 391.841 0.330038 -0.134761 0.961202
521.335 235.924 0.173018 0.158707 0.994177
921.511 92.2299 0.0626454 -0.187109 1.00814
807.457 364.193 0.25959 -0.0899937 0.908519
829.837 357.507 0.309905 -0.137132 0.993368
593.097 321.019 0.249518 0.10014 0.972519
519.822 221.803 0.160798 0.158192 0.996414
846.667 43.6319 0.0284453 -0.117644 0.995482
638.278 366.495 0.279492 0.0558372 0.939589
839.864 299.054 0.23315 -0.132399 0.975991
855.148 345.374 0.292105 -0.159685 0.988195
769.4 425.363 0.205723 -0.0394132 0.770042
746.599 298.091 0.211123 -0.0407274 0.935479
819.057 582.386 0.125005 -0.0324209 0.60222
621.778 324.643 0.238131 0.0668438 0.943419
927.076 5.07326 0.00274776 -0.182018 1.01482
923.832 94.5056 0.0640232 -0.185093 0.998462
940.918 255.496 0.25563 -0.335092 1.1586
761.528 357.45 0.27291 -0.0561784 0.940331
515.334 586.19 0.123182 0.0409987 0.601439
677.826 354.858 0.280012 0.0209967 0.958423
888.964 276.18 0.211013 -0.17462 0.976042
883.979 278.342 0.219976 -0.177868 0.992382
827.277 299.105 0.227145 -0.116742 0.963896
922.773 582.548 0.230711 -0.098206 0.692817
848.106 393.437 0.342275 -0.155027 0.973313
580.12 449.631 0.155617 0.0414141 0.694394
588.915 322.501 0.239314 0.0973029 0.950717
845.732 45.0458 0.0293518 -0.11711 0.995727
870.743 182.573 0.129172 -0.147376 0.983477
570.358 458.208 0.168404 0.0483321 0.704873
850.313 316.06 0.252048 -0.145344 0.977292
635.469 74.8004 0.0472446 0.0420441 0.9789
893.882 9.59686 0.00412233 -0.161156 1.02728
722.727 598.105 0.129129 -0.00892904 0.601821
846.811 41.0072 0.0267175 -0.117653 0.995893
706.832 107.548 0.073793 -0.0110555 1.07374
918.301 608.622 0.119906 -0.0527848 0.588848
488.407 334.678 0.25869 0.19815 0.966584
807.415 488.563 0.118901 -0.0328512 0.629366
704.405 41.5107 0.0267647 -0.00958699 0.972641
636.485 84.3673 0.0538474 0.0434775 0.991553
568.151 458.831 0.167768 0.0489405 0.703774
593.821 355.814 0.27888 0.100322 0.957936
844.077 388.977 0.349193 -0.156856 0.989536
719.964 361.812 0.284383 -0.0188214 0.951766
592.627 97.9892 0.0621695 0.0749124 0.97473
796.879 322.137 0.238573 -0.0859852 0.942631
770.362 427.835 0.203659 -0.0393307 0.765486
585.584 76.314 0.0478222 0.0801002 0.983373
792.34 429.54 0.388962 -0.0991883 0.970787
491.638 73.6167 0.0451215 0.157994 1.00381
628.368 356.464 0.275438 0.0661046 0.950302
818.055 420.827 0.454604 -0.157655 1.05132
845.387 450.088 0.175538 -0.0643839 0.714681
719.125 430.974 0.197188 -0.0124921 0.755938
597.342 401.67 0.336888 0.106352 0.962044
597.946 401.037 0.338491 0.106668 0.964981
674.207 320.936 0.230597 0.0202262 0.93433
902.72 439.979 0.197602 -0.101368 0.746755
786.039 23.4688 -0.00070864 -0.0939557 1.14035
886.821 277.287 0.215722 -0.176845 0.984721
754.092 360.935 0.292221 -0.0525305 0.963719
720.63 427.286 0.19996 -0.013439 0.762206
852.63 359.562 0.290455 -0.147727 0.960022
621.511 351.824 0.260098 0.0679575 0.934194
711.4 179.284 0.123342 -0.0133714 0.977779
591.783 358.662 0.277954 0.100622 0.951703
858.154 43.6191 0.028605 -0.125927 0.99383
683.018 352.046 0.260275 0.0139917 0.932113
780.97 245.285 0.179097 -0.0732421 0.973479
594.273 50.8036 0.0291583 0.0819178 1.03452
504.886 90.8574 0.0574985 0.155148 1.01597
713.935 401.68 0.329295 -0.0125732 0.948957
690.503 335.594 0.958916 0.144585 2.08064
701.522 32.459 0.0217035 -0.00741338 0.821378
675.543 320.437 0.244291 0.0213723 0.960752
873.173 183.338 0.128684 -0.147419 0.977788
616.792 172.622 0.13102 0.0814435 1.0678
713.287 252.196 0.181965 -0.0140292 0.966849
675.595 356.74 0.275553 0.0222575 0.948414
713.441 403.028 0.325615 -0.0120133 0.94249
484.401 369.321 0.318697 0.233214 0.997269
732.096 308.512 0.228347 -0.029721 0.951049
860.108 298.732 0.220374 -0.14091 0.949348
845.012 452.049 0.174455 -0.0636011 0.71218
731.23 307.247 0.212276 -0.0272195 0.921459
764.06 297.755 0.209936 -0.0548791 0.933002
559.496 38.6823 0.0247212 0.06502 0.856412
795.512 573.501 0.145188 -0.0301475 0.624478
628.223 149.501 0.11908 0.0955047 1.21475
707.078 499.656 0.200646 -0.0059003 0.713671
622.272 25.5064 0.0155969 0.0496635 0.98578
873.794 182.673 0.126281 -0.144442 0.96856
859.685 1.05211 0.00123146 -0.125156 0.999839
514.231 207.939 0.150058 0.163378 1.00323
594.991 63.0693 0.038737 0.0773091 1.00968
840.05 297.504 0.223236 -0.126348 0.958552
573.866 302.009 0.214417 0.10406 0.941089
708.131 115.287 0.0815498 -0.0125909 1.1481
864.629 300.663 0.214684 -0.138929 0.933743
711.314 321.124 0.240297 -0.0112819 0.950706
587.019 303.654 0.227081 0.10029 0.96371
873.722 635.525 0.184784 -0.0582127 0.634868
561.814 394 0.529258 0.277126 1.20498
600.017 403.876 0.335295 0.102139 0.956583
811.324 303.869 0.224083 -0.098588 0.948627
837.725 345.367 0.450082 -0.250045 1.23335
658.498 160.592 0.129072 0.0487695 1.15705
702.825 54.7982 0.0351037 -0.00827899 0.966194
620.902 602.266 0.117197 0.0144055 0.590133
817.2 580.149 0.125534 -0.0321678 0.603453
649.698 431.852 0.197464 0.0221124 0.756736
650.284 427.81 0.200683 0.0225668 0.76387
509.877 194.168 0.132432 0.152863 0.976768
655.134 151.628 0.0977519 0.145827 1.73711
863.438 301.323 0.226545 -0.147167 0.956724
725.895 98.5796 -0.141846 0.00245302 0.234303
796.475 589.89 0.136152 -0.0283345 0.610404
736.105 340.196 0.694485 -0.100317 1.63469
762.801 400.759 0.342386 -0.0634277 0.964584
681.032 351.086 0.255679 0.0152466 0.926438
714.462 221.238 0.290537 -0.0296885 2.42441
869.705 52.3491 0.0274401 -0.175052 1.11329
876.415 180.207 0.122738 -0.143254 0.960435
704.099 56.7011 0.0361402 -0.00919432 0.97827
805.149 301.336 0.229537 -0.097107 0.965077
791.343 114.141 0.0536546 -0.190174 1.52067
639.094 259.368 0.183599 0.0485776 0.956916
704.413 252.537 0.177556 -0.00647273 0.953932
601.473 131.461 0.0722029 0.23931 1.58641
628.008 77.3701 0.0489395 0.0486621 0.985369
794.557 319.895 0.25293 -0.0908592 0.973365
598.339 107.889 0.0701328 0.0757681 0.995144
838.135 319.184 0.259057 -0.136549 0.984425
709.837 181.077 0.123655 -0.012015 0.972159
865.708 236.796 0.174933 -0.149014 0.980151
607.796 190.765 0.131027 0.0722179 0.976995
645.26 186.824 0.125828 0.0395224 0.964733
675.497 320.318 0.245291 0.0215957 0.962852
520.304 222.537 0.161753 0.158382 0.997491
560.574 254.508 0.181398 0.116686 0.966236
