712.507 318.038 0.241681 -0.0121068 0.962565
629.116 318.994 0.24189 0.0652775 0.964324
584.549 76.9537 0.0450788 0.0813466 0.982684
792.612 291.037 0.215689 -0.0843862 0.962196
784.02 242.998 0.170317 -0.0734449 0.960635
710.38 179.179 0.119467 -0.0121643 0.972787
926.93 1.90271 -0.00204762 -0.181214 1.01378
489.321 5.97027 -0.00184725 0.148755 1.00066
874.019 176.812 0.120259 -0.146691 0.975232
559.218 251.352 0.173721 0.116192 0.959727
604.971 184.253 0.11934 0.0708404 0.959634
646.885 182.131 0.1205 0.039242 0.970551
560.331 251.01 0.174322 0.116082 0.962238
511.523 193.773 0.129644 0.153294 0.978455
859.858 222.709 0.160465 -0.143151 0.982349
741.03 295.596 0.218175 -0.0379134 0.96003
795.084 293.278 0.213231 -0.0845526 0.952206
632.292 68.8328 0.0401895 0.0463717 0.993013
522.48 226.324 0.163265 0.15938 0.999585
907.274 18.8229 0.00161633 -0.196448 1.08648
805.639 301.012 0.23201 -0.100233 0.97461
710.536 171.513 0.109945 -0.0121654 0.953964
646.986 177.415 0.116634 0.0387443 0.969644
814.563 60.6978 0.0365467 -0.0924941 0.987456
882.85 203.258 0.129579 -0.138903 0.9274
815.535 58.1099 0.0348803 -0.0923975 0.984272
818.057 53.1649 0.0317904 -0.0923864 0.976836
648.348 181.669 0.121922 0.0391305 0.979361
629.229 73.0615 0.0429822 0.0483081 0.988111
588.838 69.7592 0.0403832 0.0787233 0.988479
917.252 89.4712 0.0583453 -0.193648 1.03154
923.188 5.46705 -0.000804596 -0.182901 1.02395
788.091 240.435 0.188558 -0.0890813 1.02289
833.155 78.6248 0.0479343 -0.137633 1.10001
510.53 121.087 0.0766567 0.152824 1.00673
839.269 295.095 0.224463 -0.129808 0.970258
926.809 88.5241 0.0564789 -0.181224 0.985562
818.268 48.4954 0.0287022 -0.0935834 0.982983
759.218 317.395 0.243767 -0.0558816 0.965869
836.865 316.851 0.259874 -0.138802 0.993558
854.929 45.6354 0.0265297 -0.1268 1.0046
827.336 21.6286 0.0109601 -0.102054 0.998225
500.874 8.01485 -0.00212766 0.146708 1.01776
606.378 180.478 0.117291 0.0702386 0.963666
758.737 317.572 0.245004 -0.0557031 0.96783
857.099 300.183 0.236336 -0.152298 0.983002
864.255 220.623 0.154328 -0.141215 0.96733
516.946 32.9797 0.0157005 0.129861 0.994127
539.241 288.297 0.125574 0.0736643 0.781214
593.647 319.232 0.247121 0.101382 0.975005
578.588 299.702 0.213923 0.103619 0.949193
887.523 80.2569 0.0508287 -0.158069 1.00897
590.619 322.534 0.233457 0.0947927 0.943526
795.012 318.987 0.239597 -0.0868431 0.953769
863.748 297.437 0.218577 -0.145671 0.952256
480.727 328.651 0.24329 0.197956 0.954165
612.905 28.0856 0.0159462 0.0360689 0.843473
796.279 317.105 0.239754 -0.0887373 0.95758
509.639 190.848 0.127555 0.154938 0.979922
796.456 319.843 0.239298 -0.0877118 0.951568
736.962 294.469 0.214029 -0.0337904 0.953764
857.132 342.536 0.279886 -0.156738 0.975899
855.909 227.033 0.168008 -0.144675 0.994801
762.429 319.992 0.23884 -0.0569676 0.951726
778.792 240.797 0.171845 -0.0707045 0.97118
806.163 556.29 0.136787 -0.0330582 0.62612
761.315 318.498 0.233033 -0.0548056 0.943892
704.602 72.3834 0.0422906 -0.00893603 0.940677
766.489 321.219 0.23087 -0.0581128 0.934866
631.841 62.172 0.0358292 0.0442454 0.977617
712.465 318.136 0.240607 -0.0120459 0.960387
670.967 360.597 0.279896 0.0278159 0.950852
711.737 320.551 0.240237 -0.0113003 0.955129
776.795 291.425 0.212175 -0.0688051 0.954479
591.689 352.218 0.247702 0.0901214 0.917852
511.105 192.388 0.128557 0.153473 0.978665
793.807 452.177 0.166964 -0.0414106 0.707719
550.962 275.27 0.192258 0.124441 0.9527
708.25 134.59 0.100581 -0.012206 1.18325
511.483 337.215 0.276172 0.194563 0.993825
623.751 319.572 0.229079 0.064737 0.939625
557.268 253.507 0.169436 0.112146 0.942632
710.108 510.624 0.182409 -0.00658465 0.691966
625.075 321.014 0.234706 0.0654453 0.947343
794.361 350.523 0.281772 -0.0920656 0.966633
617.4 588.975 0.126371 0.0180224 0.606467
598.257 352.3 0.278997 0.099654 0.966429
675.857 321.887 0.224096 0.0186905 0.924552
608.638 185.429 0.12292 0.0707037 0.972151
702.661 50.2754 0.0283168 -0.00777639 0.88722
489.953 369.324 0.320607 0.232591 1.00116
827.313 19.4968 0.00913028 -0.103419 1.00488
806.418 302.887 0.22928 -0.0986916 0.965174
636.687 92.1341 0.0553766 0.041693 0.971653
885.007 562.097 0.355145 -0.132558 0.797517
491.504 369.412 0.324459 0.234542 1.0064
677.986 320.852 0.237292 0.0189505 0.950437
709.734 126.194 0.0914603 -0.0145025 1.22032
582.507 404.829 0.480594 0.199234 1.12074
529.372 386.173 0.353426 0.201992 1.01235
504.881 362.623 0.350327 0.250805 1.0568
783.712 243.936 0.172387 -0.0739011 0.964275
866.415 234.047 0.169691 -0.149219 0.978841
842.947 317.452 0.246071 -0.135104 0.966727
907.501 71.1196 0.043299 -0.14594 0.938918
592.793 355.479 0.273411 0.100807 0.952455
834.185 389.587 0.324246 -0.134439 0.958249
520.352 233.928 0.167336 0.158529 0.989803
922.771 89.2317 0.0576011 -0.186617 1.00495
807.309 361.917 0.255141 -0.0897747 0.9078
830.404 355.576 0.303617 -0.136487 0.988924
592.959 319.135 0.244209 0.100371 0.969789
520.439 219.835 0.156419 0.158427 0.996271
846.073 42.0424 0.0243032 -0.117854 0.998283
638.72 364.009 0.274992 0.056117 0.939145
840.089 296.833 0.228422 -0.132371 0.974742
854.516 342.755 0.288132 -0.159583 0.988661
768.848 421.036 0.203219 -0.0394389 0.773785
746.568 295.858 0.206867 -0.0404932 0.935592
817.22 568.159 0.12411 -0.0331174 0.609691
621.8 322.597 0.2333 0.0672837 0.941993
926.781 3.07838 -0.0014596 -0.181918 1.0154
922.13 93.0562 0.0603188 -0.185963 1.00333
940.64 253.041 0.25136 -0.335264 1.15867
761.55 355.042 0.268386 -0.0559671 0.939671
521.431 575.235 0.121407 0.0418202 0.60702
677.803 352.786 0.274713 0.0213878 0.956052
888.971 274.005 0.206219 -0.174273 0.974537
884.456 276.21 0.214706 -0.177372 0.989536
827.622 297.015 0.222125 -0.116563 0.961846
919.293 574.177 0.229359 -0.0991283 0.697469
848.266 391.211 0.336508 -0.154426 0.970298
583.491 443.033 0.154596 0.0423721 0.701302
588.985 320.277 0.234432 0.0977733 0.949538
845.197 43.1403 0.0250508 -0.117025 0.997369
871.317 180.273 0.124308 -0.147268 0.981726
573.62 453.143 0.166046 0.0488508 0.709036
849.927 313.804 0.247487 -0.144893 0.976361
635.743 72.8316 0.0428062 0.042245 0.979493
894.182 6.68329 -0.000530966 -0.160932 1.02664
724.414 586.458 0.127613 -0.00919432 0.607621
847.085 38.4482 0.0220817 -0.117568 0.995437
707.098 104.16 0.0683266 -0.0110591 1.06677
912.495 596.879 0.118101 -0.0531901 0.594233
520.328 330.954 0.307111 0.22171 1.06074
804.97 477.984 0.118804 -0.0334594 0.638321
704.715 39.274 0.0221888 -0.00956423 0.972266
636.437 81.9691 0.049122 0.0436832 0.990488
570.776 453.765 0.165347 0.0497255 0.707867
594.126 353.89 0.273458 0.100205 0.955204
845.092 387.325 0.341521 -0.155832 0.983088
720.132 359.703 0.279282 -0.0185672 0.949718
593.148 96.1333 0.0578063 0.0751187 0.975563
797.862 320.727 0.231892 -0.0854833 0.936475
769.978 423.609 0.201025 -0.0394208 0.76895
585.505 74.2602 0.0433097 0.0805641 0.983523
792.753 427.534 0.382325 -0.0987274 0.966556
820.044 420.784 0.441394 -0.155417 1.03651
844.189 445.978 0.172563 -0.0646732 0.717461
719.285 427.367 0.194121 -0.0122772 0.7584
597.356 399.932 0.330415 0.106098 0.957691
597.605 399.398 0.331598 0.106556 0.959959
674.177 318.922 0.224901 0.0205171 0.931247
900.08 435.026 0.195323 -0.102023 0.750957
783.154 29.1948 -0.000733323 -0.0945688 1.16049
886.617 274.992 0.21132 -0.176825 0.984389
754.426 358.811 0.286904 -0.0523921 0.961283
720.925 423.049 0.197403 -0.0133474 0.76583
853.061 357.606 0.284164 -0.146838 0.955775
621.143 350.694 0.251941 0.0672754 0.925975
711.306 177.335 0.119261 -0.013019 0.979161
592.098 356.539 0.272997 0.100828 0.95005
857.719 41.5333 0.0242164 -0.12571 0.994637
683.313 349.613 0.255917 0.0142411 0.931915
780.83 243.242 0.174254 -0.0727065 0.971702
594.007 48.0908 0.0244288 0.0821246 1.03337
504.316 88.092 0.0524836 0.15516 1.01399
714.29 399.994 0.322424 -0.0124495 0.943997
688.974 335.455 0.90575 0.13845 1.98898
701.274 32.6707 0.017773 -0.00701183 0.825105
675.827 318.259 0.239718 0.021571 0.959906
871.992 181.392 0.125304 -0.148116 0.982085
616.197 169.653 0.12518 0.0813828 1.06302
712.422 250.918 0.174874 -0.0128261 0.957084
676.082 354.104 0.271779 0.0224573 0.949352
713.535 400.795 0.320158 -0.0116653 0.940092
483.33 367.802 0.311541 0.232253 0.991302
732.287 306.275 0.223974 -0.0295978 0.950765
859.688 296.341 0.216313 -0.141005 0.949948
843.388 446.74 0.172142 -0.0640871 0.716491
731.313 304.809 0.208637 -0.0271019 0.923151
764.047 295.446 0.205901 -0.0548135 0.933712
560.193 37.2635 0.0200052 0.0646954 0.854517
793.513 562.189 0.144539 -0.0304225 0.631351
627.781 146.425 0.113718 0.0953459 1.21027
707.744 492.659 0.199532 -0.00580593 0.719459
622.372 23.491 0.011119 0.0499895 0.986591
873.171 180.653 0.12227 -0.144603 0.970144
858.598 0.00734329 -0.00286359 -0.125537 1.00431
514.395 205.923 0.145458 0.163671 1.00242
595.023 60.8523 0.0342077 0.0776143 1.00976
840.005 295.216 0.21875 -0.126304 0.95805
575.332 299.63 0.211009 0.104454 0.943377
708.007 111.565 0.0758881 -0.0122283 1.14175
863.899 298.17 0.211009 -0.139177 0.935366
711.705 319.167 0.234808 -0.0112343 0.94775
586.964 301.76 0.221558 0.100257 0.96056
565.002 389.938 0.533732 0.281121 1.21865
599.364 402.209 0.328277 0.102333 0.951521
811.002 301.453 0.220176 -0.0985998 0.94959
839.32 343.934 0.439312 -0.247064 1.21956
657.986 157.297 0.123016 0.0487222 1.14983
703.135 54.4427 0.031597 -0.00823424 0.972718
625.441 585.602 0.116679 0.0148122 0.598408
651.611 423.416 0.198231 0.0229323 0.76778
510.498 192.276 0.128186 0.153411 0.977406
651.454 142.823 0.0867275 0.142047 1.6757
861.893 298.766 0.223366 -0.147094 0.959431
795.513 578.572 0.135099 -0.0288151 0.616621
736.853 339.829 0.661106 -0.0964035 1.5795
763.538 399.267 0.334728 -0.0631149 0.958248
681.4 348.546 0.251782 0.0155075 0.927173
714.205 217.04 0.277645 -0.0282629 2.37189
868.806 50.9125 0.0236553 -0.175689 1.11791
876.558 177.855 0.117764 -0.142761 0.958668
703.817 54.5444 0.0316052 -0.00874047 0.978247
804.941 298.984 0.225458 -0.097061 0.965542
793.056 107.486 0.0466095 -0.18632 1.49481
638.9 257.215 0.1796 0.0494946 0.958057
704.585 250.408 0.173563 -0.0062579 0.955021
587.43 36.9842 0.0191275 0.0768266 0.98847
510.303 106.686 0.0646731 0.141865 0.984181
723.841 589.05 0.125683 -0.00895603 0.605003
634.767 66.5108 0.0386608 0.0425003 0.97876
844.189 449.556 0.170549 -0.0635146 0.712832
584.244 73.4964 0.0426324 0.0787666 0.971575
817.63 381.517 0.680049 -0.307423 1.38818
846.199 354.05 0.266845 -0.131932 0.936088
578.827 390.965 0.602855 0.300704 1.29085
859.046 228.558 0.165864 -0.143408 0.982884
835.957 390.744 0.318357 -0.132839 0.949039
867.83 623.888 0.184071 -0.058101 0.640697
520.497 399.388 0.339528 0.191921 0.972335
615.654 260.014 0.185618 0.0717027 0.968464
846.275 10.0708 0.00276066 -0.118777 1.01092
879.031 317.528 0.270624 -0.190202 1.00997
843.091 300.656 0.348681 -0.234903 1.21387
710.141 149.558 0.12169 -0.0153864 1.37911
600.89 128.451 0.0674148 0.239484 1.5847
628.008 75.2286 0.044392 0.0489756 0.98529
794.582 317.572 0.248452 -0.0907601 0.972776
598.458 105.843 0.0656719 0.0761257 0.995395
838.091 317.003 0.254147 -0.13612 0.982653
709.928 179.105 0.119484 -0.0118018 0.973195
865.292 234.577 0.170855 -0.14913 0.98103
608.175 188.816 0.126817 0.0726242 0.977814
645.772 184.982 0.122029 0.0398904 0.96719
675.78 318.13 0.240766 0.0218028 0.962107
520.45 220.536 0.157026 0.158521 0.996183
560.745 252.541 0.176712 0.116985 0.965138
