712.648 316.503 0.241788 -0.0119692 0.962818
629.174 317.534 0.241997 0.0654152 0.964577
584.275 74.871 0.045186 0.0814842 0.982937
792.827 289.371 0.215796 -0.0842486 0.962449
784.204 241.209 0.170424 -0.0733073 0.960888
710.415 177.302 0.119575 -0.0120267 0.97304
488.772 3.75628 -0.00174006 0.148892 1.00091
874.308 174.796 0.120366 -0.146553 0.975485
559.119 249.77 0.173829 0.11633 0.95998
604.855 182.441 0.119448 0.070978 0.959887
646.827 180.31 0.120607 0.0393797 0.970804
560.232 249.433 0.174429 0.11622 0.962491
511.282 192.123 0.129751 0.153432 0.978708
860.13 220.863 0.160572 -0.143013 0.982602
741.188 293.977 0.218282 -0.0377758 0.960283
795.307 291.587 0.213339 -0.084415 0.952459
632.094 66.7094 0.0402967 0.0465093 0.993266
522.297 224.816 0.163372 0.159518 0.999838
907.561 16.4978 0.00172352 -0.196311 1.08673
710.572 169.554 0.110052 -0.0120277 0.954217
646.924 175.576 0.116741 0.0388819 0.969896
814.706 58.3699 0.0366539 -0.0923565 0.987709
883.182 201.166 0.129686 -0.138765 0.927652
815.681 55.7621 0.0349875 -0.0922599 0.984525
818.208 50.7742 0.0318976 -0.0922487 0.977089
629.031 70.942 0.0430894 0.0484458 0.988364
588.562 67.6638 0.0404904 0.0788609 0.988732
917.582 87.277 0.0584525 -0.19351 1.0318
923.526 2.93007 -0.000697404 -0.182763 1.0242
788.256 238.802 0.188665 -0.0889437 1.02314
833.306 76.6175 0.0480415 -0.137496 1.10026
510.18 119.289 0.0767639 0.152961 1.00699
839.536 293.425 0.224571 -0.129671 0.970511
927.176 86.1953 0.0565861 -0.181086 0.985815
759.407 315.83 0.243874 -0.0557439 0.966121
837.124 315.295 0.259981 -0.138665 0.993811
855.14 43.2639 0.0266369 -0.126662 1.00485
827.485 19.1711 0.0110673 -0.101916 0.998478
500.347 5.84578 -0.00202047 0.146846 1.01801
606.259 178.664 0.117398 0.0703762 0.963919
758.925 316.013 0.245111 -0.0555654 0.968083
857.382 298.544 0.236443 -0.15216 0.983255
864.541 218.724 0.154435 -0.141077 0.967583
516.489 30.8269 0.0158077 0.129999 0.99438
539.189 286.07 0.125681 0.0738019 0.781467
593.667 317.83 0.247228 0.101519 0.975258
578.573 298.194 0.21403 0.103756 0.949446
887.805 77.9973 0.0509359 -0.157931 1.00923
590.644 321.052 0.233565 0.0949303 0.943779
795.244 317.362 0.239704 -0.0867055 0.954022
864.054 295.7 0.218685 -0.145534 0.952509
480.655 327.303 0.243397 0.198093 0.954418
612.681 25.2433 0.0160534 0.0362066 0.843726
796.511 315.486 0.239861 -0.0885997 0.957833
509.39 189.196 0.127662 0.155076 0.980174
796.692 318.213 0.239405 -0.0875741 0.951821
737.117 292.833 0.214136 -0.0336528 0.954017
857.425 340.974 0.279993 -0.1566 0.976152
856.172 225.236 0.168116 -0.144538 0.995054
762.628 318.39 0.238947 -0.05683 0.951979
778.963 239.038 0.171952 -0.0705669 0.971433
806.862 553.225 0.136894 -0.0329206 0.626373
761.516 316.871 0.23314 -0.054668 0.944145
704.558 70.0459 0.0423978 -0.0087984 0.94093
766.7 319.566 0.230977 -0.0579752 0.935119
631.64 59.9793 0.0359364 0.044383 0.97787
712.607 316.595 0.240715 -0.0119083 0.96064
671.106 359.153 0.280003 0.0279536 0.951105
711.881 319.001 0.240344 -0.0111627 0.955382
776.995 289.751 0.212282 -0.0686675 0.954732
591.754 350.721 0.247809 0.090259 0.918105
510.861 190.736 0.128665 0.15361 0.978917
794.293 449.684 0.167072 -0.0412729 0.707972
550.885 273.735 0.192365 0.124579 0.952953
708.2 133.03 0.100688 -0.0120684 1.18351
511.454 335.966 0.276279 0.194701 0.994078
623.807 318.046 0.229186 0.0648746 0.939878
557.171 251.879 0.169543 0.112283 0.942885
710.539 508.209 0.182516 -0.00644703 0.692219
625.133 319.513 0.234813 0.065583 0.947596
794.599 349.003 0.281879 -0.091928 0.966886
617.873 585.868 0.126478 0.01816 0.60672
598.322 350.941 0.279104 0.0997916 0.966682
675.974 320.277 0.224204 0.0188281 0.924805
608.526 183.654 0.123028 0.0708413 0.972404
702.619 47.6505 0.028424 -0.00763876 0.887473
489.96 368.171 0.320715 0.232729 1.00142
827.459 17.0494 0.00923748 -0.103282 1.00513
806.653 301.248 0.229387 -0.098554 0.965427
636.525 90.0272 0.0554838 0.0418306 0.971906
885.475 560.283 0.355252 -0.132421 0.79777
491.514 368.27 0.324566 0.23468 1.00665
678.097 319.316 0.237399 0.0190881 0.95069
709.673 124.66 0.0915675 -0.0143649 1.22058
582.626 403.882 0.480701 0.199371 1.12099
529.433 385.042 0.353533 0.20213 1.01261
504.893 361.565 0.350434 0.250942 1.05705
783.894 242.161 0.172494 -0.0737634 0.964528
866.701 232.217 0.169799 -0.149082 0.979094
843.226 315.822 0.246178 -0.134966 0.96698
907.85 68.5961 0.0434062 -0.145802 0.939171
592.859 354.092 0.273518 0.100944 0.952708
834.473 388.089 0.324353 -0.134301 0.958502
520.179 232.416 0.167444 0.158667 0.990056
923.121 86.9631 0.0577083 -0.186479 1.00521
807.593 360.236 0.255248 -0.0896371 0.908053
830.667 354.095 0.303725 -0.136349 0.989177
592.98 317.719 0.244316 0.100509 0.970042
520.245 218.303 0.156526 0.158565 0.996524
846.268 39.6475 0.0244104 -0.117716 0.998536
638.837 362.564 0.275099 0.0562546 0.939398
854.799 341.228 0.288239 -0.159446 0.988914
769.213 418.935 0.203326 -0.0393013 0.774038
746.742 294.162 0.206975 -0.0403556 0.935845
817.988 564.888 0.124217 -0.0329798 0.609944
621.858 321.086 0.233407 0.0674214 0.942246
922.48 90.7974 0.060426 -0.185825 1.00358
940.954 251.581 0.251467 -0.335126 1.15893
761.771 353.483 0.268493 -0.0558295 0.939924
521.74 572.17 0.121515 0.0419578 0.607273
677.94 351.336 0.27482 0.0215254 0.956305
889.293 272.252 0.206326 -0.174136 0.97479
884.765 274.508 0.214813 -0.177234 0.989789
827.88 295.335 0.222232 -0.116425 0.962099
919.96 571.787 0.229466 -0.0989907 0.697722
848.559 389.736 0.336615 -0.154289 0.970551
583.7 440.626 0.154703 0.0425098 0.701555
589.006 318.809 0.234539 0.097911 0.949791
845.391 40.7477 0.0251579 -0.116887 0.997622
871.599 178.289 0.124415 -0.14713 0.981979
573.824 450.834 0.166154 0.0489884 0.709288
850.207 312.185 0.247594 -0.144755 0.976614
635.559 70.6802 0.0429133 0.0423826 0.979746
894.458 4.18377 -0.000423774 -0.160795 1.0269
725.048 583.28 0.12772 -0.00905669 0.607874
847.281 36.0306 0.0221889 -0.117431 0.99569
707.045 102.282 0.0684338 -0.0109215 1.06702
913.481 593.378 0.118208 -0.0530525 0.594486
520.299 329.835 0.307218 0.221847 1.06099
805.611 474.847 0.118911 -0.0333217 0.638574
704.635 36.9156 0.022296 -0.00942661 0.972519
570.977 451.45 0.165454 0.0498631 0.70812
594.191 352.506 0.273565 0.100343 0.955457
845.375 385.878 0.341628 -0.155694 0.983341
720.314 358.215 0.279389 -0.0184296 0.949971
592.912 94.09 0.0579135 0.0752563 0.975816
798.106 319.052 0.231999 -0.0853457 0.936728
770.35 421.485 0.201132 -0.0392832 0.769203
585.229 72.1695 0.0434169 0.0807017 0.983776
793.018 426.153 0.382432 -0.0985898 0.966809
820.292 419.525 0.441501 -0.155279 1.03676
844.723 443.506 0.17267 -0.0645356 0.717714
719.61 425.228 0.194228 -0.0121396 0.758653
597.478 398.638 0.330522 0.106236 0.957944
597.727 398.108 0.331705 0.106694 0.960212
674.289 317.327 0.225008 0.0206547 0.9315
900.63 432.718 0.195431 -0.101886 0.75121
783.175 27.1591 -0.000626132 -0.0944312 1.16074
886.932 273.27 0.211428 -0.176687 0.984642
754.634 357.326 0.287011 -0.0522545 0.961536
721.244 420.944 0.197511 -0.0132098 0.766083
853.362 356.024 0.284272 -0.146701 0.956028
621.232 349.196 0.252049 0.0674131 0.926228
711.339 175.47 0.119368 -0.0128814 0.979414
592.165 355.148 0.273104 0.100965 0.950303
857.938 39.116 0.0243236 -0.125573 0.99489
683.459 348.081 0.256024 0.0143787 0.932168
781.005 241.489 0.174361 -0.0725688 0.971955
593.706 46.0328 0.024536 0.0822622 1.03362
503.908 86.2063 0.0525908 0.155298 1.01424
714.497 398.571 0.322531 -0.0123119 0.94425
689.022 334.971 0.905857 0.138587 1.98923
701.25 29.671 0.0178802 -0.0068742 0.825358
675.932 316.747 0.239825 0.0217086 0.960159
872.275 179.412 0.125411 -0.147978 0.982338
616.062 168.056 0.125287 0.0815205 1.06327
712.517 249.199 0.174981 -0.0126885 0.957337
676.22 352.639 0.271886 0.0225949 0.949605
713.743 399.363 0.320265 -0.0115277 0.940345
483.329 366.627 0.311648 0.232391 0.991555
732.446 304.663 0.224081 -0.0294602 0.951018
859.99 294.598 0.216421 -0.140868 0.950201
843.923 444.263 0.17225 -0.0639494 0.716744
731.48 303.108 0.208744 -0.0269642 0.923404
764.243 293.729 0.206008 -0.0546759 0.933964
559.865 34.5595 0.0201124 0.064833 0.85477
794.182 559.217 0.144646 -0.0302848 0.631604
627.615 145.013 0.113825 0.0954835 1.21053
708.133 490.42 0.19964 -0.0056683 0.719712
622.111 21.1872 0.0112262 0.0501272 0.986844
873.462 178.635 0.122378 -0.144465 0.970397
514.173 204.373 0.145566 0.163809 1.00267
594.743 58.7789 0.0343149 0.0777519 1.01002
840.279 293.51 0.218857 -0.126166 0.958303
575.314 298.108 0.211116 0.104592 0.94363
707.945 109.86 0.0759953 -0.0120907 1.142
864.215 296.384 0.211116 -0.13904 0.935619
711.851 317.593 0.234915 -0.0110967 0.948003
586.959 300.283 0.221666 0.100395 0.960813
565.098 389.121 0.533839 0.281259 1.2189
599.49 400.901 0.328384 0.102471 0.951774
811.248 299.761 0.220283 -0.0984622 0.949843
839.511 342.836 0.439419 -0.246926 1.21982
703.063 52.1443 0.0317041 -0.00809662 0.972971
625.935 582.352 0.116786 0.0149498 0.598661
651.851 421.377 0.198338 0.02307 0.768033
651.273 141.797 0.0868347 0.142184 1.67595
862.193 297.055 0.223473 -0.146957 0.959683
736.936 339.126 0.661213 -0.0962659 1.57975
763.775 397.842 0.334835 -0.0629773 0.958501
681.545 346.999 0.251889 0.0156451 0.927426
714.154 216.415 0.277753 -0.0281253 2.37214
869.014 48.8071 0.0237624 -0.175551 1.11817
876.859 175.791 0.117871 -0.142623 0.958921
703.745 52.2627 0.0317124 -0.00860284 0.9785
638.907 255.578 0.179708 0.0496322 0.95831
704.671 248.689 0.17367 -0.00612027 0.955274
587.114 34.7684 0.0192347 0.0769642 0.988723
509.936 104.776 0.0647803 0.142003 0.984434
724.482 585.841 0.125791 -0.0088184 0.605256
634.575 64.3349 0.038768 0.0426379 0.979013
817.778 380.661 0.680156 -0.307286 1.38843
846.504 352.41 0.266952 -0.131794 0.936341
578.931 390.218 0.602962 0.300842 1.2911
859.319 226.731 0.165971 -0.143271 0.983137
836.252 389.222 0.318464 -0.132701 0.949292
868.587 621.126 0.184178 -0.0579634 0.64095
520.57 398.191 0.339635 0.192059 0.972588
615.633 258.433 0.185725 0.0718403 0.968717
846.455 7.58598 0.00286785 -0.11864 1.01117
879.327 315.979 0.270731 -0.190064 1.01023
843.283 299.467 0.348788 -0.234766 1.21412
710.079 148.286 0.121797 -0.0152487 1.37937
600.622 127.371 0.067522 0.239622 1.58496
627.811 73.1097 0.0444991 0.0491132 0.985543
794.806 315.998 0.24856 -0.0906225 0.973029
598.238 103.886 0.0657791 0.0762634 0.995648
838.357 315.418 0.254254 -0.135983 0.982906
709.962 177.229 0.119591 -0.0116641 0.973448
865.575 232.756 0.170962 -0.148993 0.981283
608.065 187.068 0.126924 0.0727619 0.978067
645.716 183.16 0.122136 0.040028 0.967443
675.884 316.623 0.240873 0.0219405 0.962359
520.257 219.005 0.157133 0.158658 0.996436
560.649 250.976 0.176819 0.117123 0.965391
