613.178 121.895 0.166761 0.038408 0.744076
557.65 127.886 0.169838 0.0635209 0.74774
704.949 115.497 0.166067 -0.00179057 0.750473
553.324 117.684 0.162569 0.0621402 0.735203
730.669 236.757 0.257176 -0.503803 4.94824
716.414 227.862 -0.0908496 -0.137699 5.50049
613.255 105.161 0.157761 0.036676 0.734729
723.529 181.582 -0.117089 -0.213552 3.85125
492.007 218.978 0.20906 0.0979974 0.740979
706.018 95.5999 0.15425 -0.00186259 0.733625
706.162 115.55 0.167494 -0.00250978 0.756781
569.723 76.0439 0.0348493 0.43443 1.9418
815.23 199.421 0.193856 -0.0474702 0.717512
510.922 285.253 0.226943 0.0844547 0.708687
918.111 174.315 0.195755 -0.104546 0.754534
706.683 94.8453 0.153749 -0.00210938 0.732615
555.189 122.246 0.165617 0.0626521 0.740137
929.491 191.72 0.201159 -0.107632 0.744894
559.917 123.023 0.168086 0.062536 0.749137
812.996 208.908 0.215536 -0.0569204 0.763409
482.58 213.283 0.200064 0.0959244 0.724885
914.547 180.816 0.19939 -0.103938 0.755943
743.596 278.924 0.239443 -0.0193573 0.733848
614.973 113.512 0.163854 0.0376471 0.74684
597.908 315.319 0.27679 0.0597537 0.76568
768.266 313.262 0.289418 -0.0402805 0.784705
908.612 289.016 0.261565 -0.113638 0.760383
842.85 289.981 0.247689 -0.0693693 0.735493
736.47 289.649 0.251458 -0.0169536 0.745351
862.834 313.173 0.310425 -0.111911 0.817132
708.92 313.53 0.278333 -0.00325731 0.767347
611.744 112.505 0.161148 0.0377894 0.736675
937.635 255.939 0.253033 -0.137642 0.784112
813.514 313.289 0.293268 -0.069759 0.789828
889.273 281.737 0.247799 -0.0952214 0.743347
656.874 313.434 0.260158 0.0241133 0.738002
820.457 212.992 0.21347 -0.0582618 0.752055
594.917 315.058 0.268421 0.0584402 0.751851
699.668 7.82763 0.128401 -0.00309505 0.918813
948.18 104.9 0.158436 -0.102181 0.729426
698.835 7.08979 0.127987 -0.00148701 0.848101
518.859 371.049 0.257966 0.0814901 0.688296
785.441 364.995 0.25734 -0.0340342 0.686736
520.701 318.101 0.234573 0.078051 0.693511
522.913 363.949 0.253074 0.0785639 0.686543
835.52 313.247 0.235415 -0.0550426 0.692739
554.53 315.897 0.28701 0.0896589 0.783539
925.654 207.267 0.21642 -0.116035 0.765124
536.94 434.562 0.311728 0.0863839 0.707737
839.462 371.651 0.278804 -0.0651773 0.709757
888.83 419.316 0.307882 -0.0932852 0.707121
889.713 310.9 0.263916 -0.0973986 0.74131
895.753 426.794 0.318662 -0.100619 0.713152
886.704 417.138 0.309468 -0.0935052 0.710596
830.454 312.022 0.249302 -0.0593376 0.717109
895.745 311.72 0.258828 -0.0967036 0.731844
928.149 282.809 0.23507 -0.103514 0.717437
901.914 414.813 0.322485 -0.109194 0.726672
515.909 365.548 0.244191 0.0769281 0.672827
919.302 283.947 0.244813 -0.107138 0.734655
665.416 320.789 0.261029 0.0196126 0.732051
884.806 368.899 0.287476 -0.0927628 0.722638
925.861 348.844 0.269964 -0.107924 0.714536
844.82 373.737 0.27281 -0.0648266 0.699992
852.804 381.116 0.282789 -0.0715834 0.707152
921.114 197.787 0.209485 -0.110503 0.760007
709.538 365.634 0.26542 -0.00136681 0.698998
716.747 388.266 0.217796 -0.00103321 0.619538
782.707 314.047 0.247624 -0.0360498 0.713497
919.256 262.568 0.277154 -0.148369 0.826523
536.204 284.198 0.241933 0.0821761 0.73794
780.502 431.616 0.308644 -0.0367526 0.701252
662.102 356.625 0.259224 0.0200037 0.698226
655.454 316.505 0.237837 0.0218454 0.697648
525.239 287.433 0.241604 0.0865595 0.734178
643.398 435.548 0.280512 0.0281219 0.670285
577.117 318.308 0.244145 0.0578109 0.708255
554.255 110.116 0.160066 0.0618619 0.737708
751.224 277.357 0.227427 -0.0206328 0.712034
648.521 371.428 0.245917 0.0239041 0.66887
530.257 494.904 0.322508 0.0847116 0.678161
549.331 476.491 0.355159 0.08966 0.720393
524.365 368.421 0.25782 0.0794682 0.689932
885.513 559.116 0.223177 -0.0396318 0.554914
613.882 118.66 0.165617 0.0380975 0.745033
705.124 86.6529 0.183385 -0.00837039 1.02788
579.105 368.157 0.261052 0.0567154 0.693591
519.151 369.479 0.256868 0.0810941 0.687911
828.994 312.955 0.253531 -0.0603901 0.723346
826.78 313.603 0.255747 -0.0601864 0.72648
550.266 107.696 0.157019 0.0614228 0.72842
932.296 191.185 0.200176 -0.108009 0.742765
707.725 363.627 0.265958 -0.000608228 0.70136
907.994 127.438 0.186099 -0.11677 0.809653
823.321 353.867 0.276302 -0.0594416 0.721578
542.522 321.791 0.25656 0.0789489 0.726524
882.954 467.156 0.363902 -0.105486 0.727409
785.643 436.481 0.302353 -0.0374135 0.690901
827.028 272.467 0.229352 -0.0561561 0.718935
930.366 257.748 0.261042 -0.141033 0.799002
861.598 284.613 0.268841 -0.0940903 0.780529
545.943 434.502 0.318353 0.0844101 0.714853
771.682 312.759 0.27497 -0.0384045 0.760878
887.959 420.455 0.310205 -0.0937451 0.708872
592.048 430.713 0.290811 0.0531905 0.685996
829.419 429.578 0.314703 -0.0635963 0.708257
647.523 424.605 0.296494 0.0286789 0.695553
545.411 29.7097 0.130491 0.0633939 0.748407
485.188 212.449 0.200577 0.0955354 0.72716
590.316 431.838 0.289347 0.0534973 0.683621
901.073 415.841 0.328218 -0.111648 0.732225
894.407 411.264 0.338079 -0.114626 0.747303
570.507 199.235 -0.0839849 0.0206683 0.163874
760.026 28.7446 -0.0874549 0.0220558 0.157314
585.086 29.0584 -0.0738815 0.0196325 0.17663
807.637 199.583 0.195611 -0.045174 0.722207
703.258 317.993 0.229089 0.00156658 0.680977
888.248 460.874 0.390626 -0.123321 0.756718
943.345 382.891 0.546602 -0.344403 1.01231
636.914 467.541 0.244059 0.0252486 0.613172
497.425 284.597 0.203652 0.0754453 0.665285
573.737 12.7231 -0.0755155 0.0197488 0.174002
581.126 176.423 -0.0828957 0.0206004 0.165291
703.276 71.921 0.165011 -0.00440244 0.891194
517.125 287.347 0.24056 0.0898462 0.732466
660.791 183.889 0.343901 0.140149 1.75257
862.918 282.669 0.255608 -0.0866031 0.75776
899.702 319.675 0.351811 -0.168644 0.874009
898.219 193.688 0.2179 -0.110709 0.791568
723.23 170.272 -0.116946 -0.189947 3.59267
814.585 201.336 0.19644 -0.0482578 0.722143
