711.522 313.339 0.240515 -0.0118118 0.96389
628.014 314.364 0.240714 0.0655322 0.965628
582.142 69.9086 0.0434317 0.0814657 0.982034
791.8 286.186 0.214337 -0.0840431 0.963053
783.121 237.8 0.169102 -0.0731442 0.96192
709.265 173.552 0.118215 -0.0119151 0.974159
874.081 171.018 0.118563 -0.146254 0.974717
557.471 246.31 0.172232 0.116351 0.960226
603.554 178.656 0.118294 0.0711843 0.961848
645.57 176.616 0.119576 0.0396353 0.973257
558.122 246.012 0.172585 0.116371 0.961966
509.682 188.39 0.12856 0.153817 0.980524
859.935 217.431 0.158588 -0.142712 0.981442
739.776 290.685 0.21723 -0.0374094 0.961985
798.577 291.944 0.201868 -0.0817895 0.92478
631.871 63.0047 0.0393957 0.0461375 0.997407
520.447 221.333 0.161774 0.159537 1
906.994 12.4582 0.000410244 -0.196523 1.08895
709.356 165.734 0.108904 -0.011904 0.956331
645.419 171.746 0.115277 0.0390978 0.970582
813.633 54.1426 0.0353473 -0.0922376 0.989484
869.133 198.484 0.141433 -0.14675 0.977626
814.498 51.9505 0.0339411 -0.0924676 0.988099
816.891 46.8871 0.030826 -0.0922963 0.980315
627.45 66.157 0.0414566 0.0484424 0.988194
587.795 63.6127 0.0393898 0.0787467 0.991583
915.136 84.845 0.0583184 -0.195542 1.04104
786.915 235.553 0.18857 -0.0892338 1.02824
832.156 73.1514 0.0469702 -0.137373 1.103
507.281 114.687 0.0748239 0.152818 1.0054
839.351 290.489 0.222055 -0.129263 0.968428
929.34 80.4064 0.0538127 -0.179497 0.979198
758.222 312.505 0.243123 -0.0556743 0.968533
836.317 312.351 0.258461 -0.138512 0.994215
854.522 38.9687 0.0252862 -0.126788 1.00651
826.396 15.2107 0.00991058 -0.10216 1.00195
497.654 0.0595474 -0.00372173 0.146535 1.01704
605.516 175.093 0.11707 0.0708788 0.969253
757.752 312.648 0.24449 -0.0555461 0.970832
856.629 295.551 0.234795 -0.151884 0.983302
864.253 215.193 0.152909 -0.141302 0.968139
514.485 26.0493 0.0144056 0.130278 0.995942
537.221 281.84 0.12439 0.0740267 0.782675
592.853 314.369 0.246826 0.10196 0.978621
577.32 294.69 0.213189 0.104255 0.951865
896.266 66.2726 0.0440387 -0.151422 0.975866
588.32 318.412 0.230298 0.0945977 0.940101
793.99 313.919 0.239202 -0.0868341 0.95703
862.441 292.276 0.218474 -0.145934 0.95623
610.298 19.3092 0.0143731 0.0365024 0.844498
795.486 312.034 0.237202 -0.0880056 0.956853
505.208 184.865 0.123999 0.153367 0.972565
795.293 314.568 0.239615 -0.0879575 0.956507
736.171 289.575 0.212747 -0.0336458 0.95485
856.477 337.949 0.278568 -0.156461 0.976926
855.458 221.883 0.166762 -0.144563 0.996065
761.447 314.764 0.239036 -0.057072 0.956395
777.933 235.641 0.170727 -0.070495 0.9728
803.725 546.461 0.13625 -0.0327404 0.628794
760.226 313.243 0.233061 -0.0547664 0.9482
703.243 65.6963 0.0411476 -0.00866752 0.94313
765.199 315.862 0.23103 -0.0579821 0.93945
629.824 55.3074 0.0344549 0.0447542 0.979163
711.54 313.455 0.239339 -0.0118061 0.961456
670.113 355.844 0.279164 0.0280757 0.953122
710.696 316.006 0.238291 -0.0109488 0.954653
775.882 286.42 0.211195 -0.0686025 0.956388
588.346 348.246 0.243725 0.090513 0.913539
509.368 187.027 0.127451 0.153813 0.980506
549.103 270.344 0.19075 0.124735 0.953269
707.194 128.953 0.0985088 -0.0118486 1.18016
509.017 333.459 0.273392 0.194026 0.991354
622.991 314.415 0.228992 0.0652123 0.943641
549.086 249.975 0.161172 0.109717 0.921032
708.645 504.482 0.181081 -0.00626601 0.692801
623.84 316.276 0.233506 0.0657825 0.948623
793.429 345.617 0.281426 -0.0921088 0.96979
615.549 577.993 0.125936 0.0184784 0.609445
595.394 348.584 0.274264 0.0995475 0.96091
673.46 316.257 0.224732 0.0204191 0.930501
607.424 180.02 0.122412 0.0713964 0.976641
701.326 44.4394 0.0280701 -0.00759363 0.895556
486.698 366.015 0.316193 0.23124 0.996426
826.721 12.1542 0.00772967 -0.102975 1.00535
805.265 297.815 0.228946 -0.0986623 0.968745
634.83 85.4966 0.0539337 0.042012 0.972169
883.374 555.241 0.35417 -0.132316 0.799841
488.518 366.118 0.320152 0.233055 1.00182
676.716 316.107 0.236065 0.0194218 0.951661
708.7 121.023 0.0899514 -0.0141289 1.22034
581.802 401.834 0.479859 0.199415 1.12136
525.404 383.868 0.346504 0.199938 1.00321
502.735 359.183 0.347934 0.250789 1.05549
782.84 238.752 0.171261 -0.0736748 0.965866
865.745 228.877 0.168536 -0.148984 0.980298
842.219 312.678 0.244923 -0.134895 0.968114
906.73 64.484 0.0422211 -0.145926 0.941521
590.922 351.47 0.270782 0.10084 0.950659
833.701 385.427 0.321845 -0.133729 0.957351
519.005 228.925 0.166614 0.159251 0.992862
925.544 81.3217 0.0550118 -0.185202 0.998633
806.183 356.684 0.254398 -0.0895538 0.91015
829.849 351.232 0.301984 -0.13613 0.989297
592.042 314.32 0.243662 0.10087 0.97276
518.068 214.729 0.154628 0.158394 0.995679
847.012 33.2069 0.0220255 -0.116792 0.992994
637.862 358.909 0.275118 0.0567316 0.943165
853.688 338.137 0.287245 -0.159489 0.990598
767.689 414.791 0.202333 -0.0392332 0.77569
745.63 290.769 0.205847 -0.0402852 0.937385
814.926 558.222 0.123405 -0.0328385 0.612056
620.093 318.086 0.231402 0.0676493 0.941544
920.361 87.6544 0.0598034 -0.186566 1.00918
938.888 248.918 0.251919 -0.336808 1.1653
760.553 350.198 0.267454 -0.0556694 0.941539
521.218 562.249 0.121546 0.0423421 0.611288
888.395 269.045 0.205052 -0.174098 0.975896
882.947 271.322 0.214238 -0.177115 0.992696
826.993 292.223 0.220723 -0.116237 0.962501
916.166 564.967 0.23011 -0.0992369 0.701581
847.699 386.848 0.334679 -0.153985 0.970558
583.193 434.086 0.155489 0.0429453 0.706555
586.834 315.994 0.230888 0.0972699 0.945667
845.164 35.6872 0.0234555 -0.116543 0.996546
870.989 174.654 0.122796 -0.146747 0.981791
572.037 445.539 0.165444 0.0494182 0.711704
849.176 308.782 0.247036 -0.145342 0.979667
633.555 65.8867 0.0412856 0.0427235 0.979625
723.061 576.731 0.127003 -0.00905039 0.609992
846.583 31.1509 0.0205962 -0.116982 0.995529
705.696 99.1107 0.0677719 -0.0105454 1.07402
909.312 585.124 0.117649 -0.0530047 0.597192
510.743 327.637 0.290583 0.215107 1.03371
801.952 469.141 0.118676 -0.0330291 0.641315
703.332 32.2864 0.0208965 -0.00927703 0.974363
569.777 445.848 0.164961 0.0501581 0.710967
592.807 349.223 0.272546 0.100879 0.957197
844.611 383.226 0.339059 -0.155022 0.982197
718.391 355.752 0.276996 -0.0174382 0.948278
591.306 89.8096 0.0565821 0.075495 0.977398
796.82 315.405 0.231786 -0.0856499 0.940482
768.678 416.608 0.20073 -0.0393145 0.772166
583.049 67.1203 0.0416242 0.0806786 0.9827
791.794 423.045 0.381172 -0.0983249 0.968001
819.72 416.801 0.439506 -0.1554 1.03691
842.169 438.082 0.172228 -0.0645082 0.720587
718.055 420.222 0.193815 -0.0120592 0.761622
595.695 396.107 0.327559 0.106167 0.956143
596.694 395.04 0.330282 0.106746 0.961124
672.772 313.991 0.223504 0.0210299 0.93224
898.206 427.946 0.194778 -0.101871 0.753616
885.369 269.959 0.210974 -0.177065 0.988094
753.154 353.924 0.286602 -0.0519434 0.964457
719.79 416.691 0.196539 -0.0131368 0.76781
851.931 352.719 0.283502 -0.146676 0.958203
620.386 345.741 0.251306 0.0674963 0.928471
710.264 171.623 0.117635 -0.012805 0.979003
590.372 352.277 0.271039 0.101163 0.949708
857.133 35.0239 0.0231038 -0.125814 0.997342
681.931 344.992 0.254055 0.0147551 0.931933
779.956 238.145 0.172885 -0.072329 0.972452
592.093 41.541 0.0231421 0.0824747 1.03507
713.069 395.703 0.320312 -0.0118169 0.943807
686.694 334.744 0.850838 0.132213 1.89721
699.712 25.0998 0.0168955 -0.0067867 0.82918
674.569 313.479 0.238779 0.022101 0.961837
710.402 245.997 0.172438 -0.0117099 0.954426
674.955 349.948 0.26928 0.0226238 0.947847
712.611 396.051 0.319191 -0.0113518 0.941934
480.189 364.293 0.307545 0.231155 0.987399
731.401 301.484 0.222602 -0.0293565 0.951571
859.181 291.296 0.215235 -0.141066 0.951591
841.252 438.14 0.172198 -0.064096 0.720526
730.023 299.67 0.207702 -0.0266332 0.925128
762.848 290.34 0.204897 -0.0543857 0.935531
558.301 29.7585 0.0189647 0.0651772 0.857839
791.001 550.659 0.145316 -0.0303326 0.635979
605.892 102.784 0.0693347 0.082461 1.06178
706.418 485.411 0.19932 -0.00551828 0.72228
621.121 17.2429 0.0101572 0.0503439 0.99116
872.377 175.066 0.121264 -0.144504 0.972365
839.306 290.223 0.217754 -0.126267 0.959896
574.08 294.664 0.210147 0.104933 0.945607
584.637 297.035 0.219682 0.101012 0.960462
598.022 398.079 0.326173 0.102518 0.951322
839.191 340.745 0.436607 -0.246126 1.21755
701.781 47.9069 0.0304895 -0.00795195 0.975383
624.219 572.678 0.116606 0.0151592 0.60226
650.364 418.054 0.19668 0.0230819 0.768158
644.06 124.306 0.0688333 0.133608 1.57303
860.448 293.637 0.223073 -0.147072 0.963059
736.27 337.483 0.652601 -0.094273 1.5688
762.777 394.901 0.332994 -0.0627781 0.958687
679.208 345.022 0.246067 0.0161247 0.91925
713.608 212.884 0.269839 -0.0272185 2.33236
870.718 42.0759 0.0210309 -0.17396 1.10967
874.761 172.405 0.117716 -0.143357 0.964857
702.511 48.3203 0.0306497 -0.00848475 0.982242
637.688 252.094 0.178717 0.0498899 0.960411
703.463 245.193 0.172639 -0.0059506 0.957296
585.561 30.3254 0.0179649 0.0772563 0.991009
509.338 101.107 0.0640068 0.142387 0.988545
845.127 348.928 0.26635 -0.131975 0.938934
834.894 386.527 0.316303 -0.131736 0.948616
866.005 616.165 0.183289 -0.0578113 0.642364
517.684 396.847 0.334197 0.189867 0.965919
650.495 444.149 0.167765 0.0174482 0.714211
759.874 348.369 0.272697 -0.0565701 0.952701
632.69 17.4243 0.00709217 0.0472823 1.03392
760.421 346.562 0.277022 -0.058438 0.962525
651.999 443.189 0.1684 0.0169415 0.715554
703.395 51.1643 0.0317489 -0.00875379 0.901428
787.442 415.637 0.401899 -0.101609 1.00159
721.717 388.786 0.30781 -0.0200794 0.938364
630.456 27.4312 0.0161832 0.0450255 0.997866
719.306 243.49 0.173821 -0.019409 0.964209
599.718 124.69 0.0664155 0.240336 1.58897
626.436 68.7735 0.0431722 0.0492445 0.987241
793.731 312.714 0.247786 -0.0907439 0.975376
596.694 99.7277 0.0644404 0.0764766 0.997114
837.022 312.204 0.253547 -0.136008 0.985335
708.756 173.633 0.118752 -0.0115229 0.976649
864.908 229.449 0.169306 -0.148646 0.98115
606.543 183.298 0.125412 0.0728626 0.978587
644.435 179.466 0.121078 0.0402803 0.96973
674.295 313.686 0.238952 0.0223576 0.961772
518.861 215.479 0.155962 0.15893 0.998153
559.44 247.464 0.175789 0.117409 0.967442
