711.202 311.438 0.239898 -0.0116241 0.964648
627.629 312.385 0.240343 0.0657386 0.967026
581.703 67.1262 0.0429735 0.0816275 0.983977
791.366 283.939 0.214661 -0.084143 0.966418
782.797 235.607 0.16852 -0.0728395 0.962807
708.94 171.015 0.117382 -0.0117515 0.974164
876.065 168.014 0.116279 -0.145096 0.968915
556.747 244.168 0.171496 0.116372 0.9606
602.969 176.135 0.11749 0.0711288 0.961908
644.918 174.16 0.119018 0.0399472 0.974405
557.237 243.864 0.171811 0.116499 0.962256
495.676 184.219 0.119667 0.150388 0.950182
860.096 215.196 0.157867 -0.14251 0.981883
739.621 288.548 0.217045 -0.037419 0.963989
798.325 289.671 0.201653 -0.0817683 0.926738
630.708 59.4658 0.0384255 0.0463975 0.996173
519.647 219.185 0.161085 0.159514 1.00044
907.543 9.23611 -0.000276782 -0.196289 1.08924
709.293 163.33 0.108786 -0.0119733 0.95928
644.56 169.216 0.114557 0.0394818 0.97107
813.699 51.244 0.0348112 -0.0923065 0.991153
869.077 196.162 0.141006 -0.14675 0.979207
814.039 49.8422 0.0338734 -0.0928487 0.992912
816.624 43.9141 0.0302809 -0.092038 0.981635
626.797 63.2074 0.0408745 0.0486666 0.989387
587.148 60.8653 0.0389443 0.0791287 0.993816
911.334 84.5983 0.0596895 -0.196999 1.05317
786.548 233.504 0.188806 -0.0893823 1.03182
831.907 70.6127 0.0464467 -0.136963 1.10405
502.546 110.207 0.0720996 0.151173 0.995027
839.593 288.505 0.221379 -0.129304 0.969072
928.191 78.3718 0.0538894 -0.179971 0.983819
757.873 310.284 0.243442 -0.0556799 0.971714
835.997 310.283 0.258574 -0.138708 0.996844
855.017 35.3757 0.0244083 -0.126328 1.00553
826.531 11.9835 0.00927901 -0.102114 1.00307
604.536 172.412 0.115621 0.0705529 0.966616
757.418 310.53 0.244546 -0.0554752 0.973322
857.058 293.791 0.233568 -0.151507 0.982436
863.706 212.848 0.153371 -0.142085 0.972985
511.125 20.7278 0.0128994 0.129446 0.9898
535.143 279.9 0.122854 0.073929 0.780701
591.973 312.708 0.24565 0.102011 0.977933
577.36 292.171 0.214101 0.105183 0.956934
896.76 62.8996 0.0431531 -0.150706 0.974845
589.141 315.856 0.231787 0.095016 0.945851
793.403 311.61 0.240035 -0.0870122 0.961255
861.487 290.063 0.219171 -0.146155 0.96022
484.822 320.211 0.248066 0.201514 0.971883
609.297 15.1777 0.0135882 0.0366391 0.844558
795.339 309.923 0.237083 -0.0881052 0.958899
505.447 182.663 0.124103 0.153726 0.975944
794.931 312.304 0.240201 -0.0882237 0.960165
735.863 287.406 0.212658 -0.033534 0.957087
855.982 336.007 0.278612 -0.156378 0.979024
857.301 219.617 0.164031 -0.143474 0.98978
761.193 312.515 0.239517 -0.0572189 0.959832
777.845 233.465 0.169984 -0.0703142 0.973191
802.487 541.48 0.136463 -0.0325329 0.631322
760.193 311.091 0.233121 -0.0549659 0.95061
702.9 62.5801 0.0405402 -0.0085355 0.944169
764.818 314.223 0.229698 -0.0573839 0.93832
629.688 52.3759 0.0339374 0.0446378 0.980608
711.264 311.468 0.238928 -0.0116653 0.962756
669.932 353.861 0.279072 0.0281766 0.954979
710.144 313.969 0.238212 -0.010565 0.956649
775.848 284.405 0.210587 -0.0685501 0.957161
585.43 347.359 0.239632 0.0904804 0.907286
509.708 184.819 0.127496 0.153992 0.983707
548.902 268.222 0.190662 0.124975 0.955412
706.996 126.81 0.0980169 -0.0118101 1.18165
508.749 331.562 0.273285 0.194358 0.993251
622.395 312.568 0.228199 0.0653558 0.943892
543.522 248.996 0.155701 0.107957 0.906069
708.493 499.909 0.18195 -0.00622213 0.69629
623.498 314.408 0.23284 0.0657738 0.949178
793.739 344.598 0.278646 -0.0912873 0.965761
615.794 572.217 0.126201 0.018614 0.61214
594.32 346.893 0.27315 0.0999478 0.960731
673.425 314.613 0.223175 0.0200976 0.928917
606.724 177.539 0.121566 0.0714126 0.976523
701.337 44.5905 0.029633 -0.00767304 0.910982
485.147 364.976 0.314138 0.230354 0.994019
826.225 9.69904 0.00740733 -0.103011 1.0087
805.164 295.83 0.228432 -0.098567 0.969795
634.312 82.7094 0.0534527 0.0422442 0.973997
882.976 552.709 0.353447 -0.132082 0.801034
489.67 364.169 0.321668 0.233576 1.00616
676.662 314.048 0.235994 0.0193997 0.953683
708.07 117.721 0.0881695 -0.0135069 1.21378
584.536 398.936 0.491988 0.203146 1.13942
523.662 383.133 0.343585 0.198983 0.999488
501.951 357.878 0.346836 0.250406 1.055
782.917 236.56 0.170465 -0.0735963 0.966129
866.2 226.696 0.167507 -0.148651 0.979737
842.035 310.625 0.24476 -0.13499 0.97003
907.022 61.3706 0.0416022 -0.1458 0.942465
590.199 349.868 0.269722 0.100869 0.950387
833.166 383.309 0.322436 -0.133886 0.960266
519.497 226.823 0.166997 0.159643 0.9968
928.566 77.3438 0.0535512 -0.185605 0.996294
805.736 354.966 0.253767 -0.089054 0.910601
830.602 349.928 0.299946 -0.135829 0.987075
591.58 312.403 0.243193 0.101055 0.973892
517.471 212.548 0.154097 0.15842 0.996667
845.853 31.9303 0.0223085 -0.117542 1.0003
636.938 357.162 0.274179 0.0572365 0.943361
852.703 335.898 0.288414 -0.159876 0.995187
767.335 411.849 0.202414 -0.039188 0.777962
745.536 288.483 0.206153 -0.0404607 0.940566
814.453 553.758 0.123348 -0.0327736 0.614025
619.792 316.045 0.231133 0.0678137 0.943128
921.016 84.7214 0.0590701 -0.186512 1.00967
938.081 247.241 0.252512 -0.337831 1.16976
760.319 348.265 0.267139 -0.0555576 0.942901
521.33 557.085 0.121655 0.0426042 0.613673
888.055 266.953 0.204865 -0.174084 0.977864
883.116 269.378 0.213535 -0.176912 0.993155
827.24 290.372 0.219721 -0.116018 0.962167
847.44 384.927 0.334746 -0.154124 0.972534
581.012 433.657 0.153269 0.0430029 0.704131
586.729 313.795 0.231391 0.0977958 0.949015
845.956 31.8079 0.0224654 -0.116159 0.994863
871.321 172.178 0.121844 -0.146211 0.981098
571.665 442.3 0.165369 0.0496986 0.713676
849.24 306.735 0.246708 -0.145578 0.981311
632.491 62.2162 0.040232 0.0428266 0.977792
723.095 573.934 0.126489 -0.00899931 0.610958
846.146 28.4877 0.020213 -0.11684 0.997882
705.4 96.6109 0.0672537 -0.0104216 1.07593
907.825 578.682 0.117986 -0.0530339 0.600053
507.066 326.025 0.284497 0.212771 1.02471
801.221 464.246 0.119114 -0.03303 0.644301
702.647 28.6934 0.020105 -0.00890392 0.973889
570.442 442.279 0.165116 0.0501238 0.713403
591.91 347.691 0.271298 0.100958 0.956517
843.329 380.688 0.341483 -0.15569 0.988308
717.558 353.796 0.276816 -0.0167778 0.949948
609.912 123.781 0.0898481 0.0853179 1.08381
796.039 313.007 0.232426 -0.0856064 0.944385
768.469 413.757 0.200701 -0.0393183 0.7742
582.643 64.3729 0.0411935 0.0808339 0.984717
791.227 420.889 0.382009 -0.0983003 0.971082
819.421 415.09 0.439729 -0.155482 1.03888
841.614 435.097 0.172078 -0.0643688 0.72232
718.166 417.416 0.193681 -0.0121529 0.763438
595.819 394.024 0.328172 0.106426 0.959026
596.658 392.912 0.330944 0.10721 0.964175
672.402 311.828 0.223792 0.0213495 0.935032
897.537 424.838 0.194882 -0.101914 0.755897
884.71 267.831 0.211149 -0.177218 0.99113
752.909 352.121 0.286121 -0.051774 0.965457
719.592 413.913 0.196436 -0.013076 0.769678
851.329 350.611 0.284069 -0.146877 0.961268
621.191 343.042 0.253664 0.0678888 0.935292
709.995 169.281 0.117437 -0.0127096 0.981595
589.9 350.661 0.270128 0.101042 0.949686
857.2 31.989 0.0225334 -0.125645 0.998371
682.202 342.839 0.254525 0.0145146 0.934849
779.815 236.005 0.172009 -0.0720162 0.972383
585.135 31.2966 0.0190409 0.0814575 1.01053
712.858 393.828 0.320182 -0.0117252 0.945385
684.878 335.084 0.81441 0.128884 1.83338
699.777 20.6739 0.0159584 -0.00686362 0.828366
674.22 311.532 0.238282 0.0222666 0.962907
710.131 243.744 0.171915 -0.0115892 0.955643
675.714 347.517 0.270551 0.0220892 0.952527
712.392 393.892 0.319756 -0.0112658 0.944784
480.586 362.494 0.308109 0.231446 0.990063
731.205 299.09 0.223171 -0.0294385 0.955544
859.312 289.279 0.214627 -0.141011 0.952368
840.81 434.848 0.172206 -0.0641006 0.722649
729.683 297.73 0.206863 -0.0263753 0.92524
762.662 288.257 0.204437 -0.0542778 0.936675
557 25.8852 0.0182437 0.0654013 0.858332
789.717 544.783 0.14621 -0.0302307 0.639546
606.573 102.272 0.0706258 0.0829033 1.06887
705.845 482.855 0.198985 -0.00526488 0.723555
872.748 172.581 0.120691 -0.144679 0.973542
838.965 288.098 0.21768 -0.126291 0.962092
573.206 292.875 0.208928 0.104756 0.944665
584.388 294.701 0.220414 0.101948 0.964821
597.786 395.847 0.32687 0.103211 0.954518
839.393 339.545 0.435019 -0.2455 1.21625
701.418 44.8637 0.0299232 -0.00780647 0.97652
624.652 565.42 0.117112 0.0152967 0.605628
649.938 415.63 0.196313 0.0232642 0.76942
645.128 126.337 0.072698 0.13574 1.5965
860.354 291.481 0.22302 -0.147401 0.965367
736.12 336.578 0.651003 -0.093856 1.56741
762.325 392.431 0.334651 -0.0629661 0.963428
713.394 210.71 0.265251 -0.0267687 2.30858
870.69 39.5036 0.0205329 -0.173906 1.11141
874.732 169.971 0.117206 -0.143215 0.966045
702.145 45.062 0.0299457 -0.00833647 0.982756
637.284 249.889 0.178203 0.0500374 0.961625
703.541 242.922 0.172227 -0.00612767 0.958874
584.736 27.0381 0.0173172 0.077356 0.99158
509.239 98.6053 0.0636726 0.142254 0.990367
844.721 346.773 0.266666 -0.132177 0.94161
834.516 384.52 0.316501 -0.131803 0.95081
864.829 610.573 0.184137 -0.0579346 0.645562
518.724 394.783 0.335421 0.189974 0.969559
650.285 440.679 0.167853 0.0176178 0.716525
651.803 439.654 0.168524 0.0171108 0.717961
787.024 413.64 0.402686 -0.101688 1.00455
721.479 386.656 0.30829 -0.0200114 0.941081
625.421 350.05 0.263982 0.0660646 0.939905
567.003 34.0668 0.0229215 0.0690225 0.89659
620.965 48.0634 0.030506 0.0392055 0.898618
861.716 601.61 0.188326 -0.0587733 0.652438
809.064 371.107 0.737266 -0.329775 1.48299
663.088 158.559 0.138802 0.0548815 1.26571
817.616 35.2585 0.0215722 -0.107084 1.04969
590.392 346.289 0.256676 0.0953569 0.935858
862.818 175.205 0.131411 -0.15276 1.01855
605.938 3.28987 -0.0224615 0.0952597 1.18539
847.024 319.126 0.285655 -0.163452 1.02625
511.374 26.0043 0.016084 0.130318 0.99084
600.188 124.266 0.0670892 0.242232 1.60063
625.964 65.7483 0.0425328 0.0492679 0.988025
793.573 310.664 0.24765 -0.090826 0.977381
597.183 98.319 0.0651907 0.0774068 1.00551
837.05 310.423 0.252697 -0.135712 0.985489
708.376 171.05 0.117692 -0.0113087 0.975681
865.007 227.265 0.168672 -0.148498 0.981896
606.013 180.876 0.124724 0.07288 0.979111
644.025 177.076 0.120754 0.0405163 0.971763
673.902 311.736 0.23845 0.0225634 0.96284
518.117 213.282 0.155429 0.15912 0.999224
558.566 245.368 0.174879 0.117377 0.967263
