710.98 308.813 0.239811 -0.0115389 0.964612
627.345 309.797 0.240256 0.0658237 0.966989
581.078 63.6466 0.0428871 0.0817126 0.983941
791.199 281.221 0.214574 -0.0840579 0.966382
782.619 232.719 0.168433 -0.0727543 0.96277
708.647 167.949 0.117296 -0.0116664 0.974127
876.02 164.877 0.116192 -0.145011 0.968879
556.299 241.356 0.171409 0.116457 0.960564
602.505 173.058 0.117404 0.071214 0.961871
644.525 171.122 0.118932 0.0400324 0.974368
556.789 241.059 0.171724 0.116584 0.96222
495.037 181.145 0.119581 0.150473 0.950145
860.014 212.301 0.157781 -0.142424 0.981846
739.411 285.847 0.216959 -0.0373338 0.963953
798.153 286.78 0.201566 -0.0816832 0.926702
630.191 55.9886 0.038339 0.0464827 0.996136
519.12 216.462 0.160999 0.1596 1.0004
907.687 5.76571 -0.000363253 -0.196204 1.0892
708.992 160.165 0.1087 -0.0118881 0.959243
644.161 166.143 0.114471 0.039567 0.971034
813.581 47.6741 0.0347247 -0.0922213 0.991117
869.012 193.183 0.140919 -0.146665 0.979171
813.922 46.2722 0.0337869 -0.0927636 0.992876
816.509 40.2661 0.0301944 -0.0919529 0.981599
626.272 59.7226 0.040788 0.0487518 0.989351
586.532 57.3932 0.0388578 0.0792139 0.99378
911.422 81.4102 0.059603 -0.196914 1.05313
786.393 230.89 0.18872 -0.0892972 1.03179
831.862 67.5257 0.0463602 -0.136878 1.10401
501.808 107 0.0720131 0.151258 0.99499
839.462 285.8 0.221292 -0.129219 0.969036
928.287 74.8881 0.0538029 -0.179886 0.983782
757.685 307.673 0.243356 -0.0555947 0.971678
835.862 307.755 0.258488 -0.138623 0.996807
854.996 31.7737 0.0243218 -0.126243 1.00549
826.449 8.25005 0.00919254 -0.102029 1.00303
604.072 169.341 0.115535 0.0706381 0.96658
757.231 307.928 0.24446 -0.0553901 0.973286
856.94 291.154 0.233482 -0.151421 0.982399
863.627 209.906 0.153285 -0.142 0.972949
510.268 17.0368 0.012813 0.129531 0.989763
534.615 276.037 0.122767 0.0740141 0.780664
591.663 310.178 0.245564 0.102096 0.977896
577.001 289.493 0.214014 0.105268 0.956898
896.802 59.3063 0.0430666 -0.150621 0.974808
588.82 313.192 0.2317 0.0951011 0.945814
793.236 308.947 0.239949 -0.086927 0.961219
861.369 287.317 0.219085 -0.14607 0.960184
484.426 317.707 0.247979 0.201599 0.971846
608.646 10.6532 0.0135017 0.0367243 0.844521
795.173 307.245 0.236996 -0.08802 0.958863
504.83 179.698 0.124017 0.153811 0.975908
794.764 309.638 0.240115 -0.0881385 0.960129
735.648 284.671 0.212572 -0.0334488 0.95705
855.843 333.464 0.278525 -0.156292 0.978987
857.216 216.772 0.163944 -0.143389 0.989744
761.005 309.857 0.23943 -0.0571338 0.959796
777.664 230.618 0.169897 -0.070229 0.973155
802.212 536.231 0.136376 -0.0324478 0.631286
760.001 308.388 0.233035 -0.0548808 0.950574
702.531 58.8772 0.0404538 -0.00845035 0.944132
764.627 311.469 0.229611 -0.0572987 0.938283
629.158 48.798 0.0338509 0.044723 0.980572
711.042 308.835 0.238841 -0.0115802 0.962719
669.71 351.312 0.278985 0.0282618 0.954943
709.92 311.315 0.238126 -0.0104798 0.956613
775.666 281.652 0.210501 -0.0684649 0.957124
585.128 344.586 0.239545 0.0905656 0.907249
509.104 181.894 0.127409 0.154077 0.983671
548.477 265.47 0.190576 0.12506 0.955375
706.724 124.22 0.0979305 -0.0117249 1.18162
508.407 329.17 0.273199 0.194444 0.993214
622.097 309.876 0.228113 0.0654409 0.943856
543.041 245.93 0.155614 0.108042 0.906033
708.226 495.662 0.181864 -0.00613698 0.696254
623.205 311.746 0.232753 0.0658589 0.949141
793.572 342.038 0.278559 -0.0912021 0.965724
615.422 566.69 0.126115 0.0186991 0.612103
594.05 344.376 0.273064 0.100033 0.960694
673.165 311.839 0.223089 0.0201827 0.92888
606.271 174.532 0.12148 0.0714978 0.976487
700.944 40.6246 0.0295465 -0.00758788 0.910946
484.857 362.673 0.314052 0.230439 0.993983
826.145 5.97462 0.00732086 -0.102926 1.00867
805.008 293.158 0.228345 -0.0984818 0.969759
633.818 79.2563 0.0533663 0.0423293 0.97396
882.711 549.493 0.35336 -0.131997 0.800997
489.387 361.91 0.321582 0.233661 1.00612
676.412 311.391 0.235908 0.0194848 0.953646
707.801 115.16 0.088083 -0.0134218 1.21375
584.413 397.117 0.491901 0.203231 1.13938
523.432 380.876 0.343498 0.199068 0.999452
501.686 355.774 0.34675 0.250491 1.05497
782.74 233.691 0.170378 -0.0735111 0.966093
866.119 223.832 0.167421 -0.148566 0.979701
841.899 307.985 0.244674 -0.134905 0.969993
907.07 57.6184 0.0415158 -0.145715 0.942429
589.926 347.312 0.269636 0.100954 0.950351
833 380.793 0.32235 -0.133801 0.96023
518.982 224.115 0.16691 0.159728 0.996764
928.669 73.9068 0.0534647 -0.18552 0.996258
805.561 352.163 0.25368 -0.0889688 0.910565
830.45 347.457 0.29986 -0.135744 0.987038
516.929 209.785 0.154011 0.158505 0.996631
845.81 28.2909 0.022222 -0.117457 1.00027
636.697 354.577 0.274093 0.0573217 0.943325
852.565 333.422 0.288327 -0.159791 0.99515
767.107 408.279 0.202328 -0.0391028 0.777925
745.325 285.671 0.206067 -0.0403755 0.940529
814.172 548.162 0.123261 -0.0326884 0.613988
619.495 313.36 0.231046 0.0678988 0.943091
921.105 81.3747 0.0589837 -0.186427 1.00964
938.085 245.05 0.252426 -0.337746 1.16972
760.132 345.62 0.267053 -0.0554725 0.942864
520.889 551.586 0.121569 0.0426894 0.613636
887.973 264.208 0.204779 -0.173999 0.977828
883.031 266.706 0.213448 -0.176827 0.993119
827.098 287.645 0.219635 -0.115933 0.96213
847.275 382.461 0.33466 -0.154039 0.972497
580.635 429.398 0.153182 0.0430881 0.704094
586.405 311.141 0.231304 0.0978809 0.948978
845.911 28.1462 0.0223789 -0.116074 0.994826
871.271 169.112 0.121758 -0.146126 0.981061
571.305 438.188 0.165283 0.0497837 0.713639
849.111 304.13 0.246622 -0.145493 0.981275
631.976 58.6767 0.0401455 0.0429117 0.977756
722.775 568.348 0.126403 -0.00891415 0.610922
846.104 24.8204 0.0201265 -0.116755 0.997845
705.089 93.5906 0.0671673 -0.0103364 1.07589
907.576 572.781 0.1179 -0.0529488 0.600017
506.726 323.739 0.28441 0.212856 1.02468
800.943 459.05 0.119027 -0.0329448 0.644264
702.269 24.9499 0.0200186 -0.00881876 0.973853
570.08 438.164 0.165029 0.050209 0.713367
591.638 345.157 0.271211 0.101044 0.956481
843.167 378.279 0.341396 -0.155605 0.988272
717.357 351.21 0.276729 -0.0166926 0.949912
609.429 120.932 0.0897616 0.0854031 1.08378
795.869 310.269 0.232339 -0.0855212 0.944348
768.24 410.158 0.200615 -0.0392332 0.774164
582.019 60.8822 0.041107 0.080919 0.984681
791.056 418.492 0.381922 -0.0982152 0.971045
819.251 412.921 0.439643 -0.155397 1.03885
841.395 430.987 0.171991 -0.0642837 0.722284
717.912 413.741 0.193594 -0.0120677 0.763401
595.612 391.599 0.328085 0.106511 0.958989
596.453 390.507 0.330857 0.107295 0.964139
672.141 309.077 0.223705 0.0214347 0.934996
897.344 421.05 0.194795 -0.101829 0.75586
884.626 265.145 0.211062 -0.177133 0.991093
752.727 349.588 0.286035 -0.0516889 0.96542
719.34 410.288 0.19635 -0.0129908 0.769641
851.179 348.027 0.283983 -0.146792 0.961232
620.922 340.39 0.253577 0.0679739 0.935256
709.705 166.24 0.11735 -0.0126244 0.981558
589.627 348.105 0.270042 0.101127 0.949649
857.181 28.3406 0.0224469 -0.125559 0.998335
681.97 340.166 0.254438 0.0145997 0.934813
779.636 233.163 0.171922 -0.071931 0.972346
584.482 27.7331 0.0189545 0.0815426 1.0105
712.674 391.304 0.320095 -0.01164 0.945348
684.788 334.071 0.814324 0.128969 1.83334
699.334 16.0421 0.0158719 -0.00677846 0.82833
673.97 308.91 0.238196 0.0223518 0.962871
709.871 240.869 0.171829 -0.011504 0.955607
675.489 344.941 0.270464 0.0221743 0.95249
712.208 391.365 0.31967 -0.0111807 0.944747
480.285 360.171 0.308023 0.231531 0.990026
730.99 296.384 0.223084 -0.0293533 0.955507
859.192 286.495 0.21454 -0.140925 0.952332
840.591 430.741 0.172119 -0.0640155 0.722612
729.456 294.873 0.206777 -0.0262901 0.925204
762.464 285.421 0.204351 -0.0541926 0.936639
556.239 21.5236 0.0181572 0.0654864 0.858295
789.444 539.707 0.146124 -0.0301456 0.639509
606.058 99.2741 0.0705393 0.0829885 1.06883
705.592 478.909 0.198899 -0.00517972 0.723518
872.697 169.483 0.120605 -0.144593 0.973506
838.833 285.361 0.217593 -0.126206 0.962056
572.839 290.144 0.208842 0.104841 0.944629
584.043 292.065 0.220327 0.102033 0.964785
597.58 393.406 0.326783 0.103297 0.954481
839.27 337.726 0.434933 -0.245415 1.21621
701.046 41.2174 0.0298368 -0.00772132 0.976483
624.265 559.716 0.117026 0.0153818 0.605592
649.653 412.029 0.196227 0.0233494 0.769383
644.755 124.368 0.0726116 0.135825 1.59647
762.153 389.967 0.334564 -0.0628809 0.963392
713.261 209.558 0.265164 -0.0266836 2.30854
870.742 36.2678 0.0204464 -0.173821 1.11138
874.683 166.83 0.117119 -0.14313 0.966009
701.777 41.4431 0.0298592 -0.00825131 0.982719
636.945 247.081 0.178117 0.0501226 0.961589
703.274 240.061 0.172141 -0.00604251 0.958837
584.075 23.3775 0.0172308 0.0774411 0.991543
508.496 95.3222 0.0635862 0.142339 0.99033
844.568 344.093 0.266579 -0.132092 0.941573
834.349 381.964 0.316415 -0.131718 0.950774
864.567 605.711 0.18405 -0.0578494 0.645526
518.497 392.43 0.335334 0.190059 0.969522
649.973 436.574 0.167767 0.0177029 0.716489
651.493 435.563 0.168438 0.017196 0.717925
786.86 411.363 0.4026 -0.101602 1.00451
721.292 384.097 0.308203 -0.0199262 0.941045
625.164 347.436 0.263896 0.0661498 0.939869
566.287 29.9871 0.0228351 0.0691077 0.896553
620.389 44.0595 0.0304195 0.0392907 0.898581
861.456 596.85 0.18824 -0.0586881 0.652401
808.936 369.773 0.73718 -0.32969 1.48295
662.766 156.301 0.138716 0.0549667 1.26568
817.528 31.8203 0.0214857 -0.106999 1.04965
590.107 343.657 0.25659 0.095442 0.935821
862.765 172.305 0.131325 -0.152675 1.01851
605.322 0.0611115 -0.0225479 0.0953449 1.18536
846.895 316.729 0.285568 -0.163366 1.02622
510.526 22.3464 0.0159975 0.130403 0.990803
599.7 122.296 0.0670027 0.242317 1.6006
625.439 62.2711 0.0424463 0.049353 0.987988
793.41 308.069 0.247563 -0.0907409 0.977345
596.632 95.0794 0.0651042 0.077492 1.00548
836.913 307.849 0.25261 -0.135627 0.985452
708.082 167.991 0.117606 -0.0112235 0.975645
864.925 224.412 0.168585 -0.148413 0.98186
605.564 177.895 0.124638 0.0729651 0.979074
643.632 174.039 0.120667 0.0406015 0.971727
673.652 309.114 0.238364 0.0226485 0.962803
517.578 210.533 0.155343 0.159205 0.999187
558.124 242.59 0.174792 0.117462 0.967227
