710.074 306.371 0.239715 -0.0114234 0.964899
626.26 307.386 0.240168 0.065917 0.96732
579.526 60.0537 0.0428906 0.0818542 0.984744
790.443 278.596 0.214644 -0.0840215 0.967131
781.789 229.919 0.168295 -0.0725748 0.962855
707.688 164.761 0.116943 -0.0116252 0.973308
874.671 161.988 0.116908 -0.145477 0.972395
554.649 238.64 0.17106 0.116431 0.960057
601.07 169.895 0.117067 0.0710754 0.961065
643.375 168.033 0.118795 0.0400141 0.974428
555.02 238.459 0.171015 0.116205 0.960364
493.17 178.012 0.119413 0.150453 0.950155
858.692 209.51 0.158677 -0.142884 0.985524
738.887 283.282 0.216831 -0.0375145 0.964173
797.381 284.016 0.201553 -0.0816181 0.927215
628.631 52.5229 0.0384103 0.0468211 0.997458
517.364 213.737 0.160823 0.159761 1.00049
907.184 2.3596 -0.000326723 -0.196256 1.09022
708.084 156.9 0.10851 -0.0119115 0.959121
643.32 163.167 0.114798 0.0395458 0.972974
813.172 43.2577 0.0342908 -0.0917989 0.988835
870.502 189.899 0.138833 -0.145484 0.972035
813.352 42.2044 0.0335542 -0.0925297 0.991991
816.246 35.7539 0.0297812 -0.0916789 0.979558
624.768 55.8469 0.0406089 0.0487636 0.988929
583.802 52.7916 0.0382259 0.0792921 0.990603
912.768 77.0618 0.0587237 -0.19613 1.04869
785.494 228.356 0.189413 -0.0894855 1.03459
830.762 65.2798 0.046928 -0.137432 1.10839
499.861 103.491 0.0717579 0.150877 0.994066
838.618 283.192 0.221406 -0.129085 0.969872
926.611 72.201 0.0544596 -0.180713 0.988211
756.982 305.503 0.242474 -0.0552967 0.969919
835.296 305.492 0.258142 -0.138301 0.99639
854.026 28.3665 0.0244544 -0.126238 1.00704
825.918 3.56405 0.00888471 -0.101463 1.00091
602.458 166.079 0.114928 0.0704065 0.964682
756.517 305.675 0.243832 -0.0551668 0.972195
855.414 288.408 0.234612 -0.151607 0.985856
860.859 207.207 0.15521 -0.142502 0.980049
508.162 12.8924 0.0126912 0.129504 0.989662
532.601 272.394 0.122564 0.0740323 0.780702
590.391 307.86 0.245343 0.102199 0.977907
576.021 286.934 0.214109 0.105242 0.957681
896.593 55.2077 0.0427737 -0.15009 0.973486
587.154 310.738 0.231198 0.0953284 0.945345
792.64 306.582 0.239207 -0.0866043 0.960039
861.65 284.939 0.217624 -0.145408 0.957049
482.547 315.515 0.247288 0.201298 0.970847
607.137 6.51794 0.0137891 0.036956 0.847117
794.718 304.845 0.236454 -0.087909 0.958081
501.391 176.334 0.122877 0.153567 0.972477
794.43 307.295 0.239162 -0.0879438 0.958498
734.797 282.059 0.212511 -0.0333698 0.95746
855.223 331.035 0.278427 -0.156182 0.979433
856.93 213.975 0.163425 -0.142978 0.988481
760.045 307.503 0.238826 -0.0567054 0.958889
776.853 227.827 0.170003 -0.0702057 0.974069
800.773 531.495 0.136406 -0.0324051 0.631913
759.182 306.171 0.23171 -0.0543747 0.947943
701.241 54.1194 0.0398162 -0.00831985 0.940751
763.603 309.294 0.22822 -0.0565683 0.935453
627.488 44.176 0.0333209 0.0444981 0.977819
710.137 306.318 0.238928 -0.0114729 0.963489
668.661 349.32 0.277962 0.028261 0.953308
708.76 308.633 0.238672 -0.010155 0.958546
774.882 279.004 0.210466 -0.0683853 0.957614
586.115 340.82 0.243289 0.091245 0.915621
506.158 178.737 0.126447 0.153655 0.980515
547.446 262.722 0.190914 0.125301 0.957007
705.996 121.269 0.0975257 -0.0117797 1.17985
508.404 326.492 0.274671 0.195176 0.997243
620.476 307.654 0.227195 0.0655059 0.942082
539.189 243.546 0.153297 0.107196 0.899103
707.331 488.742 0.184152 -0.00629232 0.700895
622.091 309.424 0.232053 0.0656352 0.948016
792.95 339.721 0.278117 -0.0910176 0.965423
613.683 562.07 0.126078 0.0186789 0.612574
592.638 342.252 0.271892 0.0997782 0.959032
674.096 309.824 0.22104 0.0182829 0.92444
604.48 171.306 0.120594 0.0711868 0.973409
699.691 36.3202 0.0294343 -0.00753426 0.911038
483.172 360.847 0.312961 0.229761 0.992494
825.019 3.09969 0.00766646 -0.103312 1.01226
804.642 290.838 0.227607 -0.0982351 0.968271
632.658 75.9101 0.0535375 0.0424333 0.975704
882.166 546.422 0.352886 -0.131995 0.801406
486.93 360.011 0.319784 0.23328 1.00383
675.837 308.679 0.236513 0.0193513 0.955721
706.912 112.977 0.0884974 -0.0132445 1.21683
583.529 395.557 0.491238 0.203214 1.13909
522.324 378.573 0.343459 0.199427 1.00046
500.666 353.983 0.346541 0.250204 1.05495
781.726 230.917 0.170389 -0.0732502 0.966622
865.602 221.052 0.167197 -0.148292 0.979445
842.732 306.064 0.242413 -0.134315 0.965016
901.108 57.9106 0.0443568 -0.149439 0.962022
588.698 344.996 0.269333 0.101017 0.95036
832.391 378.225 0.322445 -0.133936 0.961281
518.84 221.486 0.167964 0.160249 1.00086
928.455 70.2705 0.0533458 -0.185341 0.996149
804.9 349.984 0.252979 -0.0885723 0.909391
829.422 345.027 0.300212 -0.135528 0.988354
515.467 207.049 0.153959 0.158526 0.997033
845.8 23.1804 0.0215819 -0.116563 0.996205
635.479 352.517 0.272757 0.0571407 0.941334
851.696 330.919 0.288748 -0.159861 0.996733
766.097 405.424 0.201962 -0.0389526 0.77766
744.42 282.944 0.206078 -0.0402764 0.941181
812.088 545.304 0.122621 -0.0322695 0.613209
618.322 310.763 0.231121 0.0681193 0.943917
921.322 77.5116 0.0585779 -0.185631 1.00738
936.921 242.996 0.253411 -0.338619 1.17318
759.49 342.994 0.26721 -0.055591 0.943913
518.555 546.327 0.121689 0.0428323 0.614492
887.437 261.551 0.204764 -0.173972 0.978352
883.156 264.072 0.213077 -0.177062 0.99286
826.751 285.183 0.219141 -0.115766 0.961295
847.455 380.99 0.331916 -0.152879 0.968212
580.66 423.298 0.155138 0.0432966 0.708499
584.841 308.776 0.230225 0.0976201 0.947231
845.214 24.3643 0.0223619 -0.116006 0.9954
870.358 166.152 0.12213 -0.146422 0.983257
569.756 435.037 0.165023 0.0496614 0.713536
848.575 301.868 0.246066 -0.144963 0.980279
630.873 55.0492 0.0401653 0.0428321 0.978645
721.042 563.269 0.126527 -0.00886588 0.611674
845.498 21.0951 0.0201338 -0.116841 0.998734
704.207 89.798 0.0665334 -0.0103487 1.07181
906.975 569.217 0.117505 -0.0528308 0.59969
503.238 321.668 0.280485 0.211213 1.01814
799.825 453.943 0.119494 -0.0331026 0.64555
701.374 19.9384 0.0195014 -0.00895363 0.970771
567.517 436.102 0.164105 0.0501554 0.711785
590.053 343.109 0.270245 0.101001 0.955006
842.956 376.126 0.340474 -0.15543 0.987479
716.78 348.111 0.278163 -0.0169352 0.953818
615.267 130.57 0.103939 0.0892432 1.12961
795.485 307.884 0.231642 -0.085394 0.943179
767.199 406.916 0.200558 -0.0391576 0.774601
580.024 56.9298 0.040883 0.0810387 0.984086
812.96 446.4 0.272905 -0.0784948 0.821025
840.563 427.076 0.172043 -0.064361 0.722997
716.722 410.431 0.19355 -0.0119882 0.763866
594.437 389.475 0.327432 0.106515 0.95864
594.458 389.197 0.328014 0.106859 0.959805
671.35 306.408 0.223744 0.0213616 0.93574
896.643 417.538 0.194774 -0.101859 0.756403
884.343 262.623 0.210742 -0.176917 0.990661
752.131 347.719 0.28469 -0.0514256 0.963054
718.194 407.144 0.196203 -0.0129163 0.769872
851.446 345.986 0.281997 -0.146143 0.958061
619.559 337.906 0.253181 0.0681903 0.935206
709.014 163.031 0.116903 -0.0127859 0.980341
588.55 345.71 0.269987 0.101212 0.950178
855.386 25.631 0.0229391 -0.125627 1.00208
681.554 337.508 0.25471 0.014274 0.936064
779.343 230.391 0.171391 -0.0720003 0.971234
582.747 23.6873 0.0187932 0.0815369 1.01016
712.115 389.884 0.31739 -0.0117449 0.941205
684.187 333.085 0.804091 0.127315 1.81879
697.815 10.9523 0.0157524 -0.00670299 0.828459
673.152 306.464 0.238098 0.0223007 0.96317
674.783 342.242 0.271157 0.0222069 0.954656
711.618 390.473 0.315677 -0.0112399 0.938224
730.133 293.818 0.223023 -0.0292703 0.955915
858.577 283.839 0.214451 -0.140814 0.95266
839.825 427.286 0.171905 -0.0639684 0.722703
728.846 292.196 0.206515 -0.0264225 0.925125
761.654 282.723 0.204224 -0.0541021 0.936881
553.549 15.8662 0.0175976 0.0650106 0.855059
787.842 534.753 0.146545 -0.0301228 0.640672
604.82 96.2631 0.0705904 0.0831083 1.06976
704.64 475.21 0.199133 -0.00525099 0.724434
872.131 166.396 0.120535 -0.144456 0.973733
838.217 282.763 0.21744 -0.126064 0.962215
582.48 289.79 0.219202 0.101598 0.962465
595.943 392.098 0.3242 0.102627 0.950484
838.997 336.128 0.434216 -0.245001 1.21526
622.236 554.587 0.117066 0.0154414 0.60625
648.327 408.11 0.196743 0.0235663 0.771131
644.974 124.871 0.0750195 0.137802 1.61548
761.612 387.848 0.333702 -0.0627829 0.962651
870.52 32.53 0.0202674 -0.173303 1.11003
874.822 163.489 0.116522 -0.142802 0.964236
700.556 37.0959 0.0295313 -0.00813811 0.981091
702.599 237.327 0.171708 -0.00622052 0.957981
582.333 19.2644 0.0170899 0.0774528 0.991379
844.394 341.843 0.265273 -0.131573 0.93962
861.759 598.069 0.185812 -0.0580207 0.648858
648.627 432.459 0.167999 0.0177711 0.717588
786.734 409.99 0.399942 -0.101138 1.00102
720.381 381.576 0.308299 -0.0197584 0.941991
624.029 345.088 0.263505 0.0661813 0.939692
564.37 25.5286 0.0227323 0.0691318 0.896683
619.046 39.9753 0.0304764 0.0393314 0.899909
860.048 592.348 0.188549 -0.0586704 0.653366
809.633 369.253 0.727479 -0.32586 1.46923
661.304 153.547 0.137958 0.0556753 1.26444
817.923 25.4844 0.0200521 -0.105996 1.04271
588.725 341.309 0.255879 0.0953752 0.935093
862.221 169.429 0.131263 -0.152532 1.01873
845.622 314.293 0.286473 -0.163338 1.02881
507.773 17.4936 0.0155723 0.129777 0.987844
580.526 63.2944 0.0450305 0.0822966 0.988582
865.635 192.794 0.145559 -0.148489 0.990362
705.498 95.8976 0.0719075 -0.0116902 1.13354
628.946 340.46 0.278938 0.0685026 0.972067
716.816 348.018 0.285059 -0.0172153 0.964497
787.099 431 0.167754 -0.0401406 0.71609
831.825 402.819 0.206275 -0.0762524 0.784021
797.869 347.685 0.28946 -0.0974104 0.968512
709.069 307.296 0.23239 -0.0104214 0.949146
627.861 546.243 0.122979 0.0150023 0.614847
622.409 11.1258 0.00977481 0.0529336 1.02738
830.876 386.314 0.590269 -0.273453 1.25427
799.008 361.438 0.822936 -0.362002 1.61868
717.115 327.944 0.994752 -0.0382373 2.16301
913.747 552.766 0.230971 -0.0994198 0.705359
717.132 327.587 1.01727 -0.0387907 2.20351
541.409 368.625 0.472827 0.292153 1.19068
717.339 326.557 1.09069 -0.0418679 2.33569
709.621 341.535 0.258945 -0.0102592 0.935174
613.822 549.986 0.136383 0.020596 0.626716
869.571 189.842 0.13992 -0.146479 0.976841
864.55 299.735 0.294376 -0.20518 1.07948
711.34 181.971 0.178831 -0.0215965 2.03417
743.781 234.411 0.170559 -0.0405412 0.959946
878.938 210.541 0.14165 -0.136085 0.922503
599.296 121.031 0.0676688 0.243259 1.60664
623.512 57.7225 0.0418126 0.0492378 0.984853
792.814 305.8 0.246988 -0.0904531 0.976393
593.645 90.1738 0.0636284 0.0769975 0.998154
836.382 305.406 0.252542 -0.135622 0.985857
707.023 164.706 0.116902 -0.011095 0.973363
864.205 221.608 0.168789 -0.14853 0.983128
603.987 174.81 0.124254 0.0729586 0.978169
642.484 170.962 0.120545 0.040587 0.97184
672.846 306.627 0.238411 0.022616 0.963463
515.832 207.799 0.154992 0.158994 0.998479
556.333 239.941 0.17421 0.117314 0.965962
