609.974 102.89 0.165404 0.0386683 0.744755
552.62 108.507 0.167439 0.0637062 0.745077
702.249 95.7333 0.163681 -0.00144969 0.747834
548.971 97.9944 0.160712 0.0623343 0.734211
730.417 233.492 0.256138 -0.503583 4.94794
715.951 224.336 -0.0926775 -0.137426 5.50043
608.968 85.358 0.156122 0.0372 0.734331
723.001 176.137 -0.118268 -0.213073 3.84681
487.259 201.636 0.206708 0.0979967 0.73893
703.162 75.319 0.152522 -0.00155812 0.733047
703.509 96.2395 0.165448 -0.00219713 0.75529
566.084 66.2559 0.0332853 0.434806 1.94223
813.776 180.518 0.191625 -0.0470096 0.715678
506.892 267.846 0.225222 0.0849187 0.708294
915.266 157.039 0.195118 -0.104295 0.756465
703.441 74.5958 0.151989 -0.00163827 0.731709
551.57 102.963 0.164099 0.0628478 0.740437
928.97 173.721 0.198968 -0.106844 0.742908
555.243 103.393 0.165527 0.0624723 0.746013
807.746 193.049 0.217769 -0.0568672 0.772497
915.008 162.496 0.196603 -0.103144 0.752683
741.437 262.082 0.237705 -0.019009 0.733455
595.03 300.392 0.274398 0.059973 0.764021
766.83 298.875 0.286312 -0.039695 0.781542
908.614 273.24 0.258608 -0.112847 0.757413
840.589 273.252 0.24669 -0.0691186 0.73653
733.065 271.638 0.265565 -0.0185769 0.777939
862.746 299.704 0.306574 -0.110757 0.812422
706.998 298.77 0.275078 -0.00291787 0.763858
607.837 92.6011 0.159377 0.0381601 0.73628
937.599 240.205 0.250469 -0.136873 0.781794
813.254 299.147 0.2891 -0.0689765 0.784612
889.756 265.419 0.244111 -0.0942007 0.738739
654.11 297.601 0.257483 0.0244578 0.735739
817.827 196.345 0.213459 -0.0583458 0.755345
591.757 299.75 0.2662 0.0588071 0.750431
947.188 84.6668 0.156958 -0.10203 0.729732
514.254 354.694 0.254789 0.081597 0.685348
783.673 347.668 0.254842 -0.0335811 0.685082
516.849 300.546 0.232477 0.0783141 0.692479
519.26 346.655 0.250793 0.0788231 0.68541
834.077 295.004 0.233252 -0.0546951 0.69175
550.91 301.839 0.283795 0.089593 0.780124
925.096 190.117 0.214365 -0.115487 0.763782
532.814 420.386 0.30769 0.086382 0.703784
838.946 356.102 0.27529 -0.064472 0.706052
887.283 403.377 0.305858 -0.0927874 0.706188
889.467 294.752 0.26089 -0.0967048 0.738532
895.167 411.745 0.315493 -0.0998574 0.71047
886.093 401.86 0.306356 -0.0927942 0.707954
829.577 294.998 0.246339 -0.058814 0.714523
898.783 295.27 0.25275 -0.0953956 0.723698
927.97 265.493 0.232678 -0.10299 0.715456
902.083 400.617 0.318584 -0.108198 0.722629
514.702 347.258 0.243383 0.0769295 0.674097
917.852 267.599 0.243484 -0.106831 0.734433
662.391 305.117 0.259295 0.0202339 0.731181
886.059 353.909 0.282219 -0.0915055 0.716305
924.485 332.401 0.2682 -0.107479 0.713807
843.392 357.479 0.270169 -0.0641174 0.697811
848.556 365.424 0.282822 -0.0706182 0.70846
920.551 180.319 0.207359 -0.109861 0.758383
706.964 350.097 0.261264 -0.00074712 0.694065
713.548 366.97 0.216057 -0.000565222 0.619456
780.712 296.98 0.245528 -0.035583 0.71243
919.08 248.282 0.274488 -0.147388 0.823728
532.895 267.852 0.240091 0.0824129 0.737308
779.221 417.997 0.303465 -0.035702 0.695158
659.598 339.639 0.257339 0.020333 0.697603
653.272 298.838 0.235903 0.0219341 0.696969
523.368 270.588 0.242104 0.087675 0.738609
640.756 419.25 0.277622 0.0283823 0.667964
863.361 630.148 0.164259 -0.0156 0.480941
570.737 300.773 0.241559 0.0593604 0.706919
550.555 90.1927 0.158005 0.0616163 0.735977
748.603 259.783 0.225819 -0.0201275 0.711769
645.503 353.058 0.243097 0.0242391 0.667111
525.747 480.314 0.318147 0.0849044 0.67437
546.977 462.266 0.352602 0.0898495 0.71888
519.447 351.66 0.254828 0.0799056 0.687562
880.381 531.234 0.225053 -0.0400777 0.559189
609.943 99.1153 0.163521 0.0383595 0.743287
702.292 72.0939 0.181211 -0.00728259 1.0246
574.956 352.115 0.257389 0.0568695 0.689765
514.776 353.013 0.253768 0.0811461 0.685111
828.671 296.766 0.249993 -0.0597475 0.719212
825.003 297.241 0.253977 -0.0597327 0.725719
545.66 87.548 0.155169 0.0616605 0.727402
929.588 173.808 0.199321 -0.107533 0.74382
705.453 346.811 0.264074 -0.000251019 0.70074
907.784 109.776 0.183941 -0.11614 0.80778
823.019 338.332 0.272683 -0.0589129 0.71769
538.047 305.612 0.254292 0.079653 0.725218
887.126 458 0.352714 -0.102692 0.713517
784.05 420.349 0.299875 -0.0370077 0.689396
825.602 254.922 0.227169 -0.0557248 0.717564
860.735 269.416 0.266378 -0.0934789 0.778506
540.942 420.974 0.313821 0.0847116 0.71006
769.684 297.619 0.272852 -0.0378095 0.759493
887.479 405.667 0.306516 -0.0926873 0.705194
588.306 415.64 0.286787 0.0533678 0.681984
828.256 414.516 0.311495 -0.0628945 0.705521
646.054 407.438 0.296166 0.0288712 0.69745
481.471 194.567 0.199121 0.0958088 0.727393
902.197 402.526 0.322616 -0.110027 0.725657
893.422 397.388 0.334837 -0.113455 0.744267
574.001 242.613 -0.084874 0.0208208 0.166296
591.293 71.0327 -0.0739486 0.0197322 0.180029
807.024 180.415 0.193263 -0.0451373 0.720589
700.498 299.152 0.228498 0.00194244 0.682932
883.119 444.641 0.394087 -0.123829 0.763113
592.06 218.657 -0.083516 0.0207729 0.168086
514.415 270.76 0.23936 0.0901822 0.733211
866.935 267.491 0.247015 -0.0841535 0.742733
933.789 433.952 0.378303 -0.152825 0.75621
931.856 432.19 0.381672 -0.154393 0.761147
694.747 331.928 0.845951 0.0439001 1.56969
731.352 179.515 -0.0554836 0.0195316 0.210372
719.83 22.5423 -0.0622711 0.0201248 0.196189
641.076 407.881 0.285272 0.0297127 0.684411
699.059 300.596 0.239329 0.0022852 0.700373
939.511 45.5449 0.159594 -0.16733 0.900473
697.814 6.27151 0.133443 -0.00134111 0.811325
925 268.243 0.44032 -0.362741 1.14487
935.999 128.221 0.177223 -0.104657 0.739441
900.297 176.139 0.213144 -0.108899 0.783284
722.64 164.483 -0.118638 -0.189638 3.59207
813.079 182.639 0.193934 -0.0476111 0.719565
