710.156 301.805 0.238142 -0.0114297 0.963831
626.289 302.867 0.238588 0.0658959 0.966226
579.708 54.8946 0.0418655 0.0820741 0.986624
790.515 273.856 0.213328 -0.0840871 0.966772
781.811 224.993 0.167002 -0.0725891 0.962612
707.837 159.71 0.115883 -0.0117441 0.974159
874.812 156.798 0.115661 -0.145653 0.972502
555.07 233.792 0.170025 0.116462 0.96057
601.355 164.847 0.116084 0.0711507 0.962184
643.249 163.003 0.117676 0.040223 0.975039
555.247 233.552 0.170066 0.116535 0.961306
494.619 173.082 0.119147 0.151263 0.954149
859.022 204.615 0.156745 -0.14232 0.982932
739.119 278.722 0.214874 -0.0375455 0.962017
790.412 274.407 0.216488 -0.0853062 0.972715
628.282 46.5967 0.0369022 0.0468063 0.996254
517.159 209.042 0.159327 0.159681 0.999519
708.193 151.736 0.107402 -0.0119963 0.959757
643.771 158.082 0.113546 0.0392058 0.972936
813.62 37.1992 0.0328139 -0.0918732 0.987954
870.57 184.832 0.137622 -0.145663 0.972211
813.579 36.3212 0.0321713 -0.0925604 0.991656
816.55 29.7377 0.028382 -0.0917493 0.979176
624.608 50.2623 0.0393165 0.0488303 0.989172
582.937 46.5569 0.0365375 0.0792306 0.988197
913.3 71.607 0.0573237 -0.196236 1.04834
785.497 223.807 0.188353 -0.0896321 1.03517
831.79 58.6267 0.0446739 -0.13651 1.10237
498.682 97.6693 0.0698263 0.150116 0.990319
839.037 278.579 0.21953 -0.129012 0.968024
926.572 66.9984 0.0534925 -0.181699 0.990713
757.293 301.121 0.24032 -0.0552926 0.967369
835.665 301.152 0.256204 -0.138193 0.994429
854.889 21.7911 0.0227693 -0.126029 1.00465
602.959 161.221 0.114515 0.0708295 0.968211
756.683 301.262 0.241853 -0.0550859 0.970083
855.407 283.777 0.23337 -0.151723 0.985675
860.137 202.339 0.154804 -0.143006 0.982973
508.055 7.31421 0.0114757 0.12971 0.990644
532.436 266.484 0.120923 0.0739455 0.779278
590.145 303.502 0.243443 0.10217 0.976012
576.219 282.15 0.213024 0.10543 0.957963
896.553 49.6302 0.0416004 -0.150289 0.974342
587.714 305.763 0.230689 0.0956084 0.946931
792.455 301.797 0.238299 -0.0866572 0.960593
861.533 280.179 0.216295 -0.145319 0.956569
482.951 310.848 0.246301 0.201734 0.971327
607.348 0.330009 0.0127101 0.0370515 0.848676
794.809 300.45 0.234166 -0.0874517 0.955166
501.405 171.348 0.121714 0.153835 0.972901
794.334 302.49 0.238226 -0.0880757 0.959013
734.765 277.158 0.211758 -0.0334137 0.958627
855.77 326.844 0.275961 -0.155793 0.976399
857.189 209.076 0.161964 -0.143025 0.987765
760.025 302.707 0.237845 -0.0567834 0.959324
779.921 223.31 0.161423 -0.0686977 0.94974
800.433 521.137 0.135631 -0.0325396 0.6327
759.263 301.347 0.230569 -0.0544864 0.94798
701.298 49.0698 0.039062 -0.00837963 0.944377
763.053 303.799 0.229148 -0.0568498 0.940514
627.628 39.2321 0.0324537 0.0447661 0.980911
710.324 301.675 0.237555 -0.0115803 0.962941
668.691 344.824 0.276299 0.0282962 0.95211
708.699 304.302 0.235948 -0.0100199 0.954771
774.962 274.056 0.209866 -0.0687741 0.959205
586.696 335.767 0.242618 0.0913879 0.916513
506.063 173.793 0.125161 0.153759 0.980362
547.417 257.99 0.18937 0.125203 0.955968
706.03 116.676 0.0961355 -0.0118575 1.17952
507.827 322.448 0.272288 0.194753 0.994312
620.44 302.92 0.225727 0.0656067 0.941327
538.289 238.578 0.151015 0.106833 0.895605
707.537 479.157 0.184355 -0.00633908 0.703373
622.126 304.761 0.23049 0.0656284 0.947022
793.197 335.219 0.276458 -0.0911216 0.96426
614.447 551.922 0.125043 0.0187002 0.612766
592.775 337.805 0.270322 0.0997011 0.957947
674.015 304.802 0.220117 0.0185171 0.925011
604.618 166.306 0.119519 0.0712862 0.974174
699.724 30.4333 0.0282773 -0.00757859 0.912077
484.416 356.158 0.312947 0.230573 0.994597
804.717 286.144 0.226258 -0.0982997 0.967813
632.745 70.2624 0.052159 0.0422341 0.975149
882.859 540.17 0.350759 -0.132582 0.800457
485.949 356.275 0.316717 0.232608 0.999851
675.636 304.193 0.234413 0.0194793 0.953426
706.857 108.348 0.0870222 -0.0132176 1.21602
584.76 391.652 0.493834 0.204326 1.14358
522.087 374.804 0.340965 0.198885 0.997539
501.013 350.016 0.345138 0.250149 1.05428
781.631 226.03 0.169117 -0.0731719 0.966414
865.72 216.151 0.165911 -0.148426 0.979277
842.791 301.381 0.241042 -0.134386 0.964503
898.471 54.5193 0.0447109 -0.151925 0.973447
588.73 340.353 0.267968 0.101214 0.94987
832.832 374.065 0.319959 -0.133737 0.958594
520.783 216.956 0.168258 0.160859 1.00576
928.679 64.3872 0.0517934 -0.183947 0.992991
804.929 345.172 0.251447 -0.0885135 0.908395
829.476 340.629 0.298738 -0.135553 0.987553
515.068 202.277 0.152382 0.15849 0.995826
846.159 17.156 0.0201927 -0.11664 0.995939
635.398 348.337 0.270114 0.0568736 0.938034
852.505 326.912 0.285808 -0.159373 0.992703
766.272 399.18 0.200712 -0.0390761 0.777398
744.543 277.96 0.205216 -0.040464 0.942024
812.395 532.703 0.122333 -0.0327701 0.615019
618.386 305.992 0.229828 0.068233 0.9436
921.383 72.2023 0.0574376 -0.186183 1.00881
958.228 238.396 0.228742 -0.315624 1.09984
759.544 338.29 0.265856 -0.0556166 0.943388
519.597 537.307 0.120386 0.0428079 0.614079
887.316 256.798 0.203586 -0.174055 0.978362
882.574 259.326 0.212467 -0.17743 0.994522
826.696 280.368 0.218003 -0.115891 0.961419
847.808 376.706 0.32986 -0.152864 0.966366
581.486 416.514 0.153477 0.0430312 0.707476
584.623 304.08 0.228568 0.0977736 0.946131
845.503 18.4536 0.0210242 -0.116123 0.995446
869.532 161.303 0.121499 -0.146653 0.985663
570.749 427.399 0.164122 0.0496853 0.714051
849.325 297.7 0.243315 -0.144368 0.97612
630.517 49.2676 0.0387832 0.0429534 0.978245
721.172 551.914 0.125779 -0.00890823 0.612533
845.941 14.6751 0.0185802 -0.116572 0.997046
704.189 84.6675 0.0651887 -0.0103645 1.07169
906.598 558.027 0.116548 -0.0531319 0.600124
497.888 317.341 0.270756 0.208153 1.00276
799.487 446.254 0.117663 -0.032908 0.64427
701.226 15.0793 0.0186641 -0.0088866 0.974579
568.184 428.218 0.163293 0.0503753 0.712549
589.786 338.744 0.268225 0.101021 0.953033
842.537 371.617 0.339862 -0.155569 0.988082
716.561 343.787 0.276164 -0.0166192 0.951797
616.843 129.318 0.10664 0.0904362 1.14218
794.542 302.641 0.231771 -0.085375 0.946384
767.325 400.398 0.199516 -0.0393143 0.774804
579.971 51.4364 0.0396499 0.0810959 0.984625
821.043 451.188 0.244334 -0.0736545 0.782788
840.163 419.312 0.171269 -0.0645965 0.723837
717.145 403.2 0.192937 -0.0121957 0.765089
593.999 385.351 0.324935 0.106611 0.956052
594.119 385.155 0.325406 0.106777 0.956951
672.052 301.487 0.223231 0.0210142 0.93705
896.194 410.823 0.193691 -0.101998 0.756483
884.643 257.963 0.209189 -0.176938 0.989666
752.14 343.163 0.283293 -0.0513909 0.962435
717.833 399.583 0.196035 -0.0127503 0.772051
851.607 341.304 0.280719 -0.146452 0.95773
620.054 332.806 0.253215 0.06857 0.937584
709.039 157.981 0.115734 -0.0128048 0.980746
588.75 340.859 0.269107 0.101597 0.950812
854.861 20.9969 0.0221758 -0.126393 1.00626
680.884 331.66 0.256885 0.01548 0.943265
779.77 225.48 0.170005 -0.0723217 0.970778
582.581 18.1224 0.0175377 0.0816419 1.01082
712.218 385.262 0.316056 -0.0117471 0.940629
684.531 330.867 0.810621 0.128493 1.83134
698.052 3.45795 0.0141199 -0.00683315 0.826518
673.118 301.811 0.236799 0.0224328 0.962811
674.97 337.657 0.269728 0.0221356 0.953957
711.602 385.94 0.314054 -0.0111219 0.937129
730.106 288.869 0.222413 -0.0293159 0.957417
858.636 278.992 0.213136 -0.140925 0.952323
839.392 419.243 0.171307 -0.0642856 0.723943
728.911 287.195 0.205316 -0.0264542 0.925073
761.702 277.779 0.203003 -0.0541636 0.936787
554.72 11.0468 0.0171667 0.0659034 0.861417
787.571 524.205 0.145991 -0.0302954 0.641847
604.196 90.7162 0.0688 0.0829158 1.06693
704.845 467.585 0.198306 -0.00527322 0.724998
872.269 161.237 0.119297 -0.144643 0.973865
838.036 277.934 0.216396 -0.126174 0.962581
581.892 285.227 0.217153 0.101719 0.960292
596.629 386.816 0.324661 0.103311 0.953299
839.502 332.955 0.431032 -0.244217 1.21094
622.552 543.2 0.116272 0.0156147 0.607049
648.496 401.98 0.195376 0.0236087 0.770586
645.029 121.466 0.0738237 0.137608 1.61791
761.951 383.821 0.331044 -0.0627521 0.959661
870.857 27.0824 0.0189304 -0.173367 1.11009
874.787 158.338 0.115614 -0.1434 0.965848
700.853 31.6001 0.0283726 -0.00838803 0.982419
702.682 232.404 0.170524 -0.00625006 0.958096
582.687 13.8888 0.0159711 0.0773809 0.992844
845.121 337.224 0.26308 -0.131719 0.93752
860.32 585.461 0.186348 -0.0585462 0.651607
649.126 424.637 0.167235 0.0178057 0.718433
786.9 405.716 0.398726 -0.101432 1.00054
720.278 376.565 0.308085 -0.0196491 0.943483
624.268 340.313 0.262376 0.066246 0.939656
565.433 20.75 0.0221781 0.0695966 0.901403
619.143 34.1291 0.0293602 0.0394081 0.901123
859.876 584.066 0.187063 -0.0587102 0.652763
661.128 149.372 0.136426 0.0556247 1.26295
818.158 19.8396 0.0187438 -0.106126 1.04293
588.136 336.666 0.25387 0.0957238 0.933399
845.733 310.039 0.284981 -0.163364 1.02796
507.565 11.8261 0.0143126 0.129955 0.988538
580.611 58.1043 0.0439678 0.0825024 0.99011
865.77 187.834 0.144279 -0.148625 0.990277
705.463 90.8432 0.0704022 -0.011693 1.13261
628.604 336.805 0.275152 0.067869 0.96608
716.933 343.436 0.283741 -0.0172569 0.964072
786.899 423.208 0.16693 -0.0402618 0.716806
831.452 396.227 0.205436 -0.0764139 0.784654
798.414 343.425 0.287204 -0.0975024 0.966069
628.769 535.973 0.121995 0.0149681 0.615183
622.412 6.11811 0.008789 0.0530835 1.02922
831.057 383.406 0.587678 -0.27299 1.25129
799.181 359.323 0.819796 -0.361236 1.6143
717.149 326.352 0.992877 -0.03819 2.15946
913.025 544.778 0.230042 -0.0996417 0.705587
541.443 365.413 0.470923 0.291951 1.18885
717.366 325.098 1.08683 -0.0417546 2.32862
709.723 336.676 0.258036 -0.0102797 0.93554
614.192 540.543 0.135104 0.0206761 0.626582
869.636 184.811 0.13872 -0.146663 0.977041
864.796 295.688 0.292623 -0.205067 1.07806
711.207 177.556 0.174074 -0.0213346 2.01134
743.844 229.489 0.169387 -0.0406097 0.960077
879.44 205.087 0.140713 -0.137077 0.923894
673.706 340.162 0.265951 0.0224748 0.943685
834.393 402.133 0.200994 -0.0752502 0.773831
805.894 204.344 0.257957 -0.26338 1.55418
925.782 327.286 0.392167 -0.358154 1.16116
704.912 94.1296 0.0705842 -0.0105872 1.00579
798.295 337.27 0.258239 -0.0880263 0.931559
687.673 343.36 0.950785 0.136637 1.91466
865.106 593.266 0.182468 -0.0584358 0.645304
927.807 583.451 0.0834998 -0.0448798 0.561211
834.668 375.134 0.313783 -0.13201 0.94883
831.589 374.117 0.32258 -0.133754 0.961945
670.425 368.756 0.309697 0.0293725 0.96005
663.943 349.124 0.262226 0.0295231 0.923732
918.298 232.94 -0.159787 0.00577784 0.231322
702.329 61.2609 0.0470162 -0.00898417 0.972091
721.472 230.573 0.169312 -0.0218706 0.9582
640.482 84.8595 0.0643922 0.0472331 1.05524
839.299 119.786 0.0990945 -0.153482 1.10859
599.65 118.389 0.0671829 0.244574 1.61464
623.232 51.681 0.0402345 0.0491071 0.983292
792.875 301.216 0.245614 -0.0904892 0.975839
593.181 84.4901 0.0620255 0.0769015 0.99651
836.631 300.969 0.250765 -0.135524 0.984298
707.144 159.535 0.11549 -0.011181 0.972771
864.258 216.73 0.167576 -0.148699 0.983208
603.643 169.637 0.122355 0.0727056 0.975567
642.311 165.772 0.118892 0.0405411 0.970271
672.882 301.976 0.237098 0.0226827 0.963077
515.743 203.063 0.153669 0.159087 0.998175
556.69 235.118 0.1732 0.117432 0.966588
