710.508 298.811 0.238057 -0.0114972 0.964086
626.512 299.927 0.238503 0.0658284 0.96648
579.546 50.7541 0.0417799 0.0820066 0.986879
791.013 270.721 0.213243 -0.0841546 0.967026
782.303 221.607 0.166917 -0.0726566 0.962866
708.131 156.073 0.115798 -0.0118116 0.974414
875.583 153.034 0.115575 -0.145721 0.972757
555.093 230.558 0.169939 0.116395 0.960824
601.388 161.241 0.115998 0.0710832 0.962439
643.378 159.428 0.11759 0.0401555 0.975293
555.27 230.32 0.16998 0.116468 0.96156
494.423 169.54 0.119062 0.151195 0.954403
859.706 201.183 0.15666 -0.142387 0.983187
739.519 275.609 0.214788 -0.037613 0.962272
790.906 271.304 0.216403 -0.0853737 0.972969
628.261 42.4124 0.0368166 0.0467388 0.996508
517.064 205.903 0.159242 0.159613 0.999773
708.492 147.977 0.107317 -0.0120638 0.960011
643.898 154.468 0.113461 0.0391383 0.973191
814.239 32.7725 0.0327283 -0.0919407 0.988209
871.307 181.231 0.137536 -0.145731 0.972466
814.196 31.9063 0.0320857 -0.0926279 0.99191
817.186 25.2118 0.0282964 -0.0918168 0.97943
624.581 46.0709 0.0392309 0.0487628 0.989427
582.775 42.3656 0.0364519 0.0791631 0.988451
914.24 67.6148 0.0572381 -0.196303 1.0486
785.961 220.751 0.188268 -0.0896996 1.03543
832.424 54.8032 0.0445883 -0.136577 1.10263
498.352 93.8794 0.0697407 0.150048 0.990573
839.632 275.448 0.219445 -0.129079 0.968278
927.589 62.7126 0.0534069 -0.181766 0.990967
757.724 298.122 0.240234 -0.0553601 0.967623
836.22 298.246 0.256119 -0.13826 0.994684
855.662 17.3015 0.0226837 -0.126096 1.0049
602.99 157.625 0.11443 0.070762 0.968466
757.111 298.277 0.241767 -0.0551534 0.970337
856.021 280.748 0.233284 -0.15179 0.98593
860.826 198.895 0.154719 -0.143073 0.983227
507.599 2.91822 0.0113901 0.129643 0.990898
532.492 262.045 0.120837 0.073878 0.779532
590.317 300.628 0.243358 0.102103 0.976266
576.346 279.107 0.212938 0.105363 0.958217
897.48 45.1629 0.0415148 -0.150356 0.974597
587.891 302.751 0.230603 0.0955409 0.947186
792.952 298.751 0.238213 -0.0867247 0.960848
862.183 276.987 0.21621 -0.145387 0.956824
483.009 308.025 0.246216 0.201667 0.971581
795.314 297.369 0.234081 -0.0875192 0.95542
501.216 167.894 0.121629 0.153768 0.973155
794.836 299.437 0.23814 -0.0881432 0.959267
735.158 274.023 0.211672 -0.0334812 0.958881
856.354 323.948 0.275875 -0.155861 0.976654
857.862 205.693 0.161878 -0.143093 0.988019
760.465 299.672 0.237759 -0.0568509 0.959579
801.322 515.522 0.135545 -0.0326071 0.632955
759.708 298.247 0.230483 -0.0545539 0.948234
701.544 44.5749 0.0389764 -0.00844713 0.944632
763.509 300.668 0.229063 -0.0569173 0.940768
627.605 34.9214 0.0323681 0.0446986 0.981166
710.677 298.676 0.237469 -0.0116478 0.963196
669.01 341.95 0.276214 0.0282287 0.952364
709.055 301.272 0.235863 -0.0100874 0.955025
775.433 270.89 0.209781 -0.0688416 0.959459
586.915 332.699 0.242532 0.0913204 0.916768
505.887 170.387 0.125075 0.153692 0.980616
547.464 254.846 0.189285 0.125135 0.956223
706.226 113.566 0.0960499 -0.011925 1.17978
507.935 319.764 0.272202 0.194686 0.994566
620.662 299.853 0.225641 0.0655392 0.941582
538.3 234.989 0.150929 0.106765 0.89586
708.13 474.638 0.184269 -0.00640658 0.703628
622.351 301.731 0.230405 0.0655609 0.947277
793.682 332.322 0.276373 -0.0911891 0.964514
615 546.019 0.124957 0.0186327 0.61302
592.997 334.966 0.270236 0.0996336 0.958201
674.328 301.628 0.220032 0.0184496 0.925265
604.656 162.769 0.119434 0.0712187 0.974428
699.974 25.6099 0.0281917 -0.00764609 0.912332
484.58 353.59 0.312861 0.230505 0.994852
805.239 283.061 0.226173 -0.0983672 0.968068
632.767 66.1279 0.0520734 0.0421666 0.975404
883.472 536.801 0.350673 -0.13265 0.800711
486.116 353.73 0.316632 0.23254 1.00011
675.939 301.171 0.234328 0.0194118 0.95368
707.041 105.281 0.0869366 -0.0132851 1.21628
585.044 389.649 0.493748 0.204259 1.14383
522.312 372.287 0.34088 0.198817 0.997794
501.182 347.663 0.345052 0.250081 1.05453
782.121 222.67 0.169031 -0.0732394 0.966669
866.416 212.758 0.165825 -0.148493 0.979531
843.38 298.33 0.240956 -0.134454 0.964757
899.402 50.0805 0.0446253 -0.151992 0.973701
833.356 371.259 0.319873 -0.133804 0.958848
520.708 213.884 0.168173 0.160792 1.00601
929.706 60.0925 0.0517078 -0.184015 0.993245
805.47 342.005 0.251361 -0.088581 0.90865
829.998 337.847 0.298652 -0.13562 0.987808
514.958 199.089 0.152296 0.158422 0.996081
846.905 12.5984 0.0201071 -0.116708 0.996193
635.684 345.414 0.270028 0.0568061 0.938288
853.072 324.093 0.285722 -0.15944 0.992958
766.864 395.221 0.200626 -0.0391436 0.777652
744.964 274.735 0.20513 -0.0405315 0.942278
813.358 526.722 0.122248 -0.0328376 0.615273
618.608 302.95 0.229742 0.0681655 0.943855
922.367 68.0406 0.057352 -0.186251 1.00906
959.071 235.56 0.228657 -0.315691 1.1001
759.99 335.311 0.265771 -0.0556841 0.943643
519.95 531.397 0.120301 0.0427404 0.614333
888.029 253.594 0.2035 -0.174123 0.978616
883.263 256.214 0.212381 -0.177498 0.994777
827.269 277.218 0.217917 -0.115959 0.961674
848.344 373.941 0.329775 -0.152932 0.966621
581.827 411.846 0.153391 0.0429637 0.707731
584.794 301.059 0.228482 0.0977061 0.946385
846.246 13.9036 0.0209386 -0.11619 0.995701
870.276 157.635 0.121413 -0.14672 0.985917
571.084 422.872 0.164036 0.0496178 0.714305
849.921 294.687 0.24323 -0.144435 0.976375
630.513 45.0098 0.0386976 0.0428859 0.978499
721.942 545.98 0.125693 -0.00897574 0.612787
846.687 10.1047 0.0184946 -0.116639 0.997301
704.402 81.0052 0.0651031 -0.010432 1.07195
907.826 551.748 0.116462 -0.0531994 0.600379
497.976 314.682 0.270671 0.208085 1.00302
800.36 440.543 0.117578 -0.0329755 0.644525
701.442 10.5103 0.0185785 -0.0089541 0.974833
568.515 423.673 0.163207 0.0503078 0.712803
590.007 335.884 0.268139 0.100954 0.953287
843.053 368.937 0.339776 -0.155636 0.988336
616.815 126.238 0.106554 0.0903687 1.14243
795.052 299.523 0.231685 -0.0854425 0.946639
767.922 396.417 0.19943 -0.0393818 0.775059
579.807 47.2624 0.0395643 0.0810284 0.984879
821.696 447.449 0.244248 -0.073722 0.783042
840.964 414.797 0.171183 -0.064664 0.724091
717.669 399.146 0.192852 -0.0122632 0.765343
594.285 382.649 0.324849 0.106543 0.956306
594.404 382.457 0.32532 0.106709 0.957206
672.354 298.367 0.223145 0.0209467 0.937304
897.046 406.647 0.193605 -0.102065 0.756737
885.341 254.82 0.209104 -0.177005 0.98992
752.564 340.301 0.283208 -0.0514584 0.962689
718.351 395.588 0.19595 -0.0128178 0.772305
852.186 338.374 0.280633 -0.14652 0.957984
620.307 329.832 0.25313 0.0685025 0.937838
709.332 154.367 0.115649 -0.0128723 0.981
588.973 337.995 0.269022 0.101529 0.951066
855.634 16.5088 0.0220902 -0.126461 1.00652
681.214 328.688 0.256799 0.0154125 0.943519
780.253 222.14 0.169919 -0.0723892 0.971033
582.375 13.8431 0.0174521 0.0815744 1.01107
712.61 382.443 0.315971 -0.0118146 0.940883
684.693 329.729 0.810536 0.128425 1.8316
673.411 298.829 0.236714 0.0223653 0.963066
675.292 334.764 0.269642 0.0220681 0.954211
711.995 383.105 0.313969 -0.0111895 0.937384
730.493 285.78 0.222328 -0.0293834 0.957671
859.284 275.773 0.21305 -0.140992 0.952577
840.191 414.729 0.171221 -0.0643531 0.724198
729.313 283.921 0.20523 -0.0265217 0.925327
762.16 274.516 0.202918 -0.0542311 0.937042
554.482 5.8161 0.0170811 0.0658359 0.861671
788.41 518.8 0.145906 -0.0303629 0.642102
604.117 87.1463 0.0687144 0.0828483 1.06718
705.407 463.312 0.19822 -0.00534072 0.725252
873.028 157.508 0.119211 -0.144711 0.974119
838.633 274.774 0.216311 -0.126242 0.962836
582.031 282.206 0.217068 0.101651 0.960546
596.918 384.104 0.324576 0.103244 0.953553
839.924 330.888 0.430946 -0.244284 1.21119
623.118 537.109 0.116186 0.0155472 0.607303
648.908 398.002 0.195291 0.0235412 0.770841
762.384 381.076 0.330958 -0.0628196 0.959915
871.656 23.0272 0.0188448 -0.173434 1.11034
875.56 154.549 0.115528 -0.143467 0.966103
701.072 27.1897 0.028287 -0.00845553 0.982674
702.998 229.073 0.170438 -0.00631756 0.95835
582.485 9.4935 0.0158855 0.0773134 0.993098
845.71 334.175 0.262995 -0.131786 0.937774
861.236 580.46 0.186263 -0.0586137 0.651862
649.585 420.133 0.16715 0.0177382 0.718688
787.324 403.204 0.398641 -0.101499 1.00079
720.675 373.731 0.307999 -0.0197166 0.943738
624.534 337.375 0.26229 0.0661785 0.93991
619.126 29.3148 0.0292746 0.0393406 0.901377
860.788 579.08 0.186978 -0.0587777 0.653017
661.197 146.699 0.13634 0.0555572 1.2632
818.777 15.5294 0.0186582 -0.106194 1.04318
588.355 333.696 0.253784 0.0956563 0.933654
846.278 307.308 0.284896 -0.163431 1.02822
507.116 7.45188 0.014227 0.129887 0.988792
580.455 54.0022 0.0438822 0.0824349 0.990364
866.481 184.342 0.144194 -0.148692 0.990532
628.864 333.988 0.275066 0.0678015 0.966334
717.307 340.598 0.283655 -0.0173244 0.964326
787.607 418.632 0.166844 -0.0403293 0.717061
832.148 392.306 0.20535 -0.0764814 0.784908
798.902 340.564 0.287119 -0.0975699 0.966323
629.337 530.057 0.121909 0.0149006 0.615437
717.293 325.407 0.992792 -0.0382575 2.15971
913.889 540.46 0.229956 -0.0997092 0.705842
614.729 534.921 0.135018 0.0206086 0.626836
744.25 226.133 0.169302 -0.0406772 0.960332
880.219 201.325 0.140628 -0.137144 0.924148
674.032 337.226 0.265866 0.0224073 0.94394
835.107 398.126 0.200909 -0.0753177 0.774085
806.281 202.364 0.257871 -0.263448 1.55443
926.367 325.035 0.392081 -0.358222 1.16141
705.159 90.2515 0.0704986 -0.0106547 1.00604
687.839 342.308 0.950699 0.13657 1.91491
866.044 588.175 0.182383 -0.0585033 0.645559
929.288 576.006 0.0834142 -0.0449473 0.561465
835.202 372.283 0.313697 -0.132078 0.949084
670.759 365.998 0.309611 0.029305 0.960304
664.269 346.115 0.26214 0.0294556 0.923986
924.628 254.803 -0.159873 0.00571034 0.231577
702.569 57.0012 0.0469306 -0.00905167 0.972345
721.829 227.223 0.169226 -0.0219381 0.958454
640.507 81.1804 0.0643066 0.0471656 1.05549
839.925 116.385 0.0990089 -0.153549 1.10884
599.44 116.13 0.0670973 0.244506 1.61489
623.205 47.4707 0.0401489 0.0490396 0.983546
793.363 298.243 0.245528 -0.0905567 0.976093
593.09 80.5831 0.0619399 0.076834 0.996764
837.195 298.015 0.25068 -0.135592 0.984552
707.437 155.891 0.115404 -0.0112485 0.973025
603.681 166.126 0.122269 0.0726381 0.975822
642.442 162.189 0.118806 0.0404736 0.970525
673.175 298.996 0.237013 0.0226152 0.963331
515.635 199.89 0.153583 0.159019 0.99843
556.716 231.921 0.173115 0.117364 0.966842
