609.035 89.4195 0.164164 0.0390001 0.744237
551.634 95.483 0.166609 0.0641201 0.745858
702.019 82.271 0.16258 -0.00106054 0.747785
548.309 84.6262 0.159961 0.0626563 0.735233
730.393 231.217 0.255162 -0.503541 4.94798
715.758 221.908 -0.093672 -0.137033 5.50067
607.843 71.4566 0.154967 0.0376164 0.733963
722.842 172.35 -0.119239 -0.212735 3.84464
486.353 189.713 0.205891 0.0983905 0.73963
702.58 61.4132 0.151565 -0.00102722 0.733243
703.14 83.5898 0.164971 -0.00179097 0.75707
564.012 59.5058 0.0323164 0.435242 1.94271
814.673 167.384 0.190109 -0.0465059 0.714552
504.675 256.095 0.223257 0.0851832 0.706402
916.124 144.696 0.194118 -0.103836 0.756671
703.072 60.5376 0.150965 -0.00118892 0.73175
930.495 161.193 0.197504 -0.106109 0.74179
554.156 90.4783 0.164873 0.0630478 0.747336
808.069 181.636 0.2168 -0.0564682 0.77274
915.987 150.104 0.19551 -0.102643 0.752635
741.393 250.604 0.236612 -0.0185388 0.733489
594.287 290.212 0.272824 0.0603001 0.763119
767.233 288.93 0.284437 -0.0392128 0.780097
909.016 262.371 0.257678 -0.112368 0.757762
841.311 261.903 0.245247 -0.0686063 0.735896
731.46 261.669 0.263651 -0.0170791 0.775865
863.709 290.305 0.304568 -0.110026 0.810719
706.906 288.547 0.273327 -0.0024677 0.762585
606.714 78.8889 0.158246 0.0385899 0.73601
938.763 229.459 0.249063 -0.136199 0.781058
813.784 289.214 0.287451 -0.0684303 0.783608
892.533 253.792 0.241455 -0.0936317 0.735829
653.653 286.697 0.255974 0.0248903 0.734974
819.758 183.551 0.209981 -0.0573406 0.749946
590.994 289.105 0.264861 0.0592458 0.75013
948.56 70.5373 0.156026 -0.101788 0.73036
512.869 343.179 0.253119 0.0819766 0.684464
782.662 335.94 0.255375 -0.0330059 0.687425
515.616 288.461 0.231063 0.0786893 0.692012
518.331 334.871 0.249423 0.0791915 0.685086
834.19 283.029 0.232386 -0.0541449 0.691938
549.795 291.985 0.282288 0.089995 0.779402
926.435 178.248 0.213035 -0.114943 0.763212
532.331 410.013 0.306195 0.0866526 0.703253
839.396 344.944 0.273932 -0.0639248 0.705664
888.803 393.419 0.303171 -0.091847 0.703669
891.166 283.648 0.258525 -0.0959016 0.73632
896.499 401.615 0.313141 -0.0990752 0.70866
830.014 283.393 0.24503 -0.0582654 0.714149
902.186 283.402 0.248228 -0.0938553 0.718026
929.6 253.583 0.23105 -0.102352 0.714311
903.868 391.02 0.315763 -0.107244 0.71992
514.009 335.083 0.242315 0.0773484 0.674257
918.948 256.344 0.242199 -0.106261 0.733824
661.84 294.71 0.258189 0.0207794 0.730623
887.193 343.093 0.280287 -0.0908196 0.714989
926.378 321.609 0.266076 -0.106676 0.711799
843.978 345.952 0.268789 -0.0636338 0.697512
847.62 353.495 0.282905 -0.0702199 0.710834
706.539 339.16 0.25916 -7.7622e-05 0.692166
713.688 352.86 0.215455 -0.000165869 0.620249
780.596 285.642 0.244825 -0.035066 0.712886
919.924 238.379 0.273161 -0.146761 0.823251
533.903 256.422 0.240884 0.0830984 0.741438
779.566 407.585 0.301453 -0.0350786 0.693777
658.252 328.919 0.255081 0.0211264 0.69525
652.141 287.709 0.2337 0.0225437 0.694328
521.052 259.816 0.238656 0.0870933 0.733507
640.619 407.53 0.27626 0.0287871 0.667743
863.024 602.204 0.16484 -0.0154738 0.483734
569.763 289.057 0.239977 0.0597278 0.706175
549.854 76.8035 0.157409 0.0620962 0.737724
748.071 247.698 0.225498 -0.0195883 0.713419
645.178 340.759 0.241962 0.0247017 0.667086
525.444 469.666 0.31669 0.0851982 0.673912
546.125 453.379 0.349872 0.0898737 0.716617
518.924 340.171 0.253583 0.080144 0.687288
878.87 513.269 0.226489 -0.0400258 0.562448
609.066 85.884 0.16267 0.0388197 0.743985
701.812 60.9628 0.17902 -0.00680359 1.02017
574.49 340.368 0.256284 0.0572925 0.689927
512.196 342.02 0.250963 0.0813513 0.682161
829.018 285.735 0.248679 -0.059074 0.718422
825.155 285.585 0.252841 -0.0592264 0.726023
544.391 73.6255 0.154117 0.0619823 0.727383
929.686 162.077 0.198685 -0.106812 0.744171
705.44 335.426 0.262689 0.000182348 0.700351
919.678 90.7682 0.175437 -0.112494 0.786393
823.997 327.379 0.270236 -0.0581994 0.715564
536.698 294.554 0.252486 0.0799512 0.72401
886.753 446.922 0.352543 -0.10252 0.715087
497.17 612.887 0.0991098 0.0240028 0.420794
784.182 409.288 0.298576 -0.0364755 0.689195
826.028 243.316 0.225976 -0.0551308 0.716957
539.78 411.334 0.311118 0.0847604 0.70773
769.658 287.361 0.271465 -0.0371713 0.758757
889.609 395.416 0.303519 -0.091963 0.702535
587.633 404.51 0.285203 0.0538316 0.681402
827.849 403.719 0.310834 -0.0622601 0.706134
645.946 396.537 0.294979 0.0292776 0.6974
904.873 393.988 0.31784 -0.108162 0.719878
894.828 388.036 0.332078 -0.112477 0.741785
590.803 123.227 -0.0752628 0.0203901 0.181005
808.791 167.103 0.191 -0.0446621 0.717646
700.606 286.845 0.227348 0.00230406 0.682769
883.324 435.436 0.392877 -0.123338 0.763017
594.32 270.776 -0.0845144 0.0214214 0.169479
870.509 256.322 0.242782 -0.0829831 0.736308
932.734 423.34 0.379035 -0.153139 0.759148
927.287 419.474 0.387988 -0.15684 0.771884
736.716 222.018 -0.0546896 0.0200941 0.214181
640.901 396.94 0.283754 0.0300845 0.683736
698.935 288.631 0.237917 0.00273258 0.699919
928.222 261.784 0.434156 -0.358095 1.13364
783.358 455.481 0.33322 -0.0387647 0.693129
741.276 353.417 0.834599 -0.113195 1.40569
732.914 175.078 -0.0348401 0.0184325 0.243899
694.58 134.695 -0.0327133 0.017751 0.246156
935 63.987 0.157202 -0.10371 0.751129
700.583 54.9163 0.171295 -0.00435544 0.929699
564.931 49.8343 0.158803 0.0707608 0.823852
694.833 6.59069 0.135787 0.000997826 0.775631
876.363 283.653 0.301096 -0.118926 0.813248
904.782 163.198 0.208832 -0.10706 0.775154
722.445 160.476 -0.119643 -0.189227 3.59206
814.017 169.554 0.192363 -0.0471207 0.718398
