709.605 292.666 0.234946 -0.0112115 0.960484
625.436 293.703 0.235544 0.0660215 0.963304
578.245 42.7908 0.0394282 0.0822524 0.985455
791.292 264.984 0.207395 -0.0830071 0.955752
781.551 214.95 0.164287 -0.0723819 0.960364
707.204 148.995 0.113331 -0.0115519 0.972399
875.024 146.044 0.113093 -0.145452 0.970685
554.07 223.772 0.167484 0.116597 0.958944
600.463 154.108 0.11377 0.0713465 0.961448
642.281 152.295 0.11504 0.0403775 0.972965
554.143 223.54 0.167467 0.116693 0.9595
493.127 162.262 0.116661 0.151453 0.952749
859.756 194.506 0.152929 -0.141154 0.976647
738.657 269.235 0.212091 -0.0373373 0.959696
787.871 263.682 0.220553 -0.0869617 0.989735
626.7 33.5842 0.0339694 0.046784 0.991794
516.013 199.236 0.156873 0.159822 0.998125
707.471 140.705 0.104781 -0.0117456 0.957724
642.835 147.176 0.11065 0.0391831 0.969755
813.686 24.8589 0.0303721 -0.0917393 0.986664
870.661 174.451 0.135039 -0.14543 0.970325
813.583 24.1373 0.0297992 -0.0924846 0.990851
816.306 17.6604 0.0261768 -0.0917375 0.97947
623.439 38.135 0.0368897 0.048989 0.987994
581.249 33.8563 0.0338335 0.0791219 0.985162
914.318 60.2176 0.054725 -0.195868 1.0459
785.092 214.634 0.186231 -0.0895735 1.03477
832.18 47.2296 0.0419966 -0.13592 1.09922
496.487 85.9889 0.0671123 0.149966 0.987586
838.895 269.187 0.216675 -0.128711 0.965505
926.751 55.5827 0.0513147 -0.181856 0.99084
756.974 292.006 0.237146 -0.0550437 0.964092
835.722 292.431 0.252771 -0.137665 0.990474
855.36 9.2767 0.0202936 -0.125882 1.00315
601.874 150.536 0.112275 0.0712468 0.967824
756.25 292.147 0.238826 -0.0547784 0.967173
855.41 274.709 0.230281 -0.151264 0.982517
859.563 192.395 0.152806 -0.143001 0.983109
530.792 253.86 0.117891 0.0739444 0.776257
588.913 294.558 0.240019 0.102213 0.972138
575.168 272.722 0.209901 0.105322 0.95469
897.019 37.4466 0.0391985 -0.15021 0.973291
586.581 296.427 0.227336 0.0955967 0.943327
792.17 292.519 0.235326 -0.086389 0.957899
861.369 270.602 0.21362 -0.145135 0.954585
481.315 301.746 0.243039 0.201794 0.968153
794.572 291.205 0.230899 -0.0870431 0.951657
499.878 160.74 0.119206 0.154014 0.971384
794.098 293.379 0.234582 -0.0874792 0.954646
734.297 267.599 0.208991 -0.03322 0.956371
855.908 318.142 0.272285 -0.155197 0.972228
856.872 199.227 0.159737 -0.142959 0.987069
759.708 293.549 0.234378 -0.0564392 0.9554
758.873 291.91 0.227567 -0.0542404 0.945207
700.613 36.5233 0.036679 -0.00824602 0.943529
762.491 294.457 0.225599 -0.0562592 0.93637
626.099 26.7382 0.0299674 0.0451508 0.979565
709.841 292.41 0.234714 -0.0114322 0.960528
668.095 335.828 0.273133 0.0284218 0.949116
708.397 295.21 0.231887 -0.0100279 0.949467
774.61 264.483 0.207108 -0.0685589 0.956949
586.246 325.898 0.240424 0.0916648 0.915622
504.498 163.285 0.122602 0.153917 0.978672
546.34 248.159 0.186725 0.125369 0.954065
705.476 106.548 0.0929941 -0.0116784 1.17404
505.749 314.169 0.267821 0.193923 0.988113
536.276 227.86 0.147563 0.106608 0.89107
706.893 463.573 0.182869 -0.00622813 0.703867
621.364 295.28 0.227679 0.0657761 0.94474
793.169 326.472 0.27264 -0.0907569 0.959857
614.433 530.963 0.123489 0.0189291 0.613354
592.578 328.523 0.268318 0.0998824 0.957375
673.329 295.08 0.217056 0.0186725 0.922137
603.359 155.662 0.117001 0.0716071 0.972628
699.017 17.3687 0.0259829 -0.00745589 0.911814
483.139 347.694 0.309464 0.230544 0.991284
804.433 276.83 0.223411 -0.098009 0.965307
631.638 58.2226 0.0496696 0.0423894 0.973803
881.666 529.063 0.348354 -0.132469 0.798615
485.476 347.666 0.314214 0.232921 0.998374
674.904 294.766 0.231738 0.0197769 0.951469
706.267 98.1971 0.0838708 -0.0129713 1.21013
586.603 384.233 0.500377 0.206933 1.15304
521.012 366.739 0.337103 0.198524 0.993354
499.686 342.359 0.341191 0.249623 1.04975
781.25 216.055 0.166515 -0.0729234 0.964516
865.648 206.249 0.163296 -0.148104 0.977266
842.651 292.178 0.23805 -0.134043 0.961716
897.884 43.4398 0.0429764 -0.152849 0.976911
833.172 365.805 0.315142 -0.133023 0.952717
520.153 207.355 0.166199 0.161153 1.00565
929.498 52.3154 0.0491538 -0.183028 0.989748
804.645 335.674 0.248303 -0.0882054 0.905306
830.025 332.472 0.293873 -0.134798 0.981011
513.461 192.296 0.149562 0.15842 0.993136
846.822 4.01793 0.0175242 -0.116269 0.992983
634.636 339.391 0.266181 0.0567352 0.933516
852.521 318.36 0.282284 -0.158805 0.988869
744.085 268.17 0.202538 -0.0402841 0.940014
810.563 511.236 0.120967 -0.0328609 0.616087
617.639 296.473 0.227059 0.0683783 0.941406
922.778 60.1233 0.0545689 -0.185196 1.00432
959.325 229.966 0.225327 -0.314513 1.09532
759.149 329.104 0.262756 -0.055377 0.940534
520.787 515.626 0.11905 0.0431859 0.615231
887.323 247.334 0.200772 -0.173644 0.975849
883.013 250.202 0.209003 -0.176565 0.990007
826.873 271.075 0.214562 -0.115436 0.957235
847.745 368.292 0.325968 -0.152261 0.962175
582.189 400.89 0.152169 0.0431993 0.70855
583.455 294.555 0.225414 0.0979623 0.943225
845.858 5.8032 0.0185587 -0.11594 0.993911
869.734 150.784 0.118932 -0.146431 0.983751
570.795 412.967 0.162104 0.0498382 0.713572
849.007 288.515 0.240657 -0.144126 0.974193
627.238 32.9546 0.0339626 0.0427485 0.964367
719.588 532.359 0.123805 -0.00862682 0.61221
846.915 1.28891 0.0158272 -0.116254 0.993496
703.566 73.6006 0.0625367 -0.0101946 1.06896
903.698 535.361 0.115145 -0.0533474 0.601101
495.972 308.718 0.266219 0.207237 0.997145
797.906 427.012 0.116457 -0.0330265 0.645716
700.518 2.1365 0.016202 -0.00874325 0.973117
568.369 413.019 0.161661 0.0506916 0.713021
588.663 329.797 0.264744 0.101109 0.949364
843.467 364.208 0.333046 -0.153956 0.978569
616.53 121.558 0.106259 0.0911209 1.14622
794.206 293.165 0.228933 -0.0851333 0.944001
766.535 387.643 0.197559 -0.0392666 0.77449
578.352 39.0749 0.0371051 0.0811971 0.982701
823.565 442.901 0.231772 -0.0717804 0.767661
838.791 405.82 0.168872 -0.0642724 0.722454
716.544 390.134 0.191019 -0.0121035 0.764871
593.272 376.634 0.321668 0.106739 0.953085
670.953 292.008 0.218956 0.0212828 0.931558
894.94 397.639 0.191667 -0.102078 0.75602
884.835 248.653 0.206235 -0.176531 0.986761
751.735 334.318 0.280047 -0.0511187 0.959253
716.804 386.788 0.194077 -0.012426 0.771718
851.375 332.573 0.276973 -0.145534 0.95344
619.304 323.432 0.250212 0.0686957 0.934989
708.299 147.22 0.112935 -0.0125085 0.977952
588.01 331.645 0.266356 0.101832 0.948774
855.487 8.10322 0.0195409 -0.125944 1.00339
680.302 322.385 0.25385 0.0156312 0.94056
779.578 215.542 0.167256 -0.0721567 0.968419
581.004 5.61537 0.0151019 0.0818148 1.00963
711.671 376.455 0.312559 -0.01149 0.937197
683.22 327.475 0.784151 0.125717 1.7856
672.405 292.631 0.233649 0.0226092 0.959608
674.368 328.74 0.266192 0.0222101 0.950141
711.102 377.085 0.310573 -0.0109153 0.933727
729.611 279.42 0.219561 -0.029101 0.954959
858.476 269.393 0.21036 -0.140632 0.950016
837.998 404.566 0.169621 -0.0643675 0.724271
728.368 277.225 0.202778 -0.0262704 0.923423
761.242 267.916 0.200396 -0.053968 0.934942
785.781 505.337 0.144514 -0.0301989 0.642457
601.583 78.6828 0.0652716 0.0828747 1.05922
704.236 453.045 0.196671 -0.00514797 0.725192
872.39 150.608 0.116799 -0.144463 0.972238
838.204 268.626 0.21292 -0.12559 0.958306
580.516 275.853 0.213653 0.101684 0.956226
595.787 378.273 0.320883 0.103262 0.949371
840.225 326.716 0.424645 -0.242264 1.20131
622.751 520.957 0.114921 0.0158026 0.608177
648.026 389.192 0.193347 0.0238262 0.770118
761.592 375.359 0.327183 -0.0623803 0.955576
871.853 15.1984 0.0163663 -0.172925 1.10716
874.881 147.585 0.11315 -0.143248 0.964375
700.156 19.1394 0.0259589 -0.00824154 0.981409
702.077 222.359 0.167928 -0.00606552 0.956289
581.256 1.40745 0.0136558 0.0776061 0.992304
844.639 327.797 0.260501 -0.131532 0.935778
859.042 571.665 0.182609 -0.0578991 0.64821
648.775 409.654 0.165626 0.0180284 0.718936
831.22 630.05 0.0599176 -0.0216658 0.525761
786.764 398.179 0.393798 -0.100803 0.994806
719.797 367.719 0.304651 -0.0194282 0.940136
623.674 330.971 0.259652 0.0663893 0.937615
858.016 566.372 0.185289 -0.0587488 0.652633
659.654 139.237 0.131428 0.0553516 1.25101
818.727 6.74349 0.0158524 -0.105715 1.03932
846.299 302.047 0.280443 -0.162305 1.0213
578.968 45.8108 0.0413526 0.082551 0.987835
865.976 177.678 0.14159 -0.148351 0.987996
626.055 329.75 0.266455 0.067094 0.950741
716.408 334.697 0.280317 -0.0170001 0.960461
785.782 410.455 0.16394 -0.039805 0.714062
798.487 334.551 0.284001 -0.097557 0.963079
716.835 323.354 0.962622 -0.0364924 2.10692
911.243 531.222 0.227314 -0.099182 0.70367
829.016 627.863 0.0601403 -0.0214437 0.52638
614.514 519.893 0.133909 0.0208996 0.62778
743.369 219.437 0.166754 -0.0404043 0.958164
880.473 194.225 0.137368 -0.136674 0.919568
673.378 331.13 0.262571 0.0223164 0.940136
919.43 550.358 0.0857771 -0.0458002 0.567595
833.826 365.995 0.311559 -0.13178 0.94766
639.515 73.8269 0.0618885 0.0472986 1.05358
648.384 393.518 0.190423 0.022876 0.762654
608.748 231.504 0.173396 0.0712979 0.954141
810.714 362.786 0.711071 -0.320489 1.44589
634.811 408.177 0.370413 0.0717158 0.959386
862.862 571.535 0.182427 -0.0591776 0.648073
874.069 432.912 0.109357 -0.0522661 0.633467
810.474 362.455 0.714288 -0.322333 1.4511
678.305 322.74 0.243462 0.0160096 0.922478
494.285 29.5211 0.0290433 0.155619 1.02235
801.922 273.624 0.224365 -0.0976915 0.974547
702.393 50.8281 0.0435117 -0.00958618 1.09654
598.918 111.662 0.065635 0.245824 1.62013
621.914 39.2064 0.0376199 0.0491905 0.980995
792.77 292.207 0.24238 -0.0902276 0.972437
593.175 74.5691 0.0609477 0.0777944 1.00276
836.406 291.995 0.247834 -0.135155 0.981644
706.466 148.734 0.112751 -0.0109532 0.970222
602.68 159.08 0.11988 0.0728186 0.97412
641.397 155.076 0.116331 0.0406919 0.968491
672.165 292.817 0.233919 0.0228551 0.959785
513.615 193.059 0.150348 0.158675 0.993663
555.5 225.186 0.170528 0.117599 0.964573
