608.033 78.2714 0.163215 0.0391834 0.743537
550.505 84.5297 0.165769 0.0642659 0.745515
701.658 70.9505 0.16149 -0.000855776 0.746653
546.979 73.2398 0.159026 0.0627953 0.734572
730.43 229.338 0.254502 -0.503483 4.94776
715.663 219.893 -0.0943366 -0.136809 5.50063
606.952 59.9278 0.154091 0.0377651 0.733474
722.802 169.202 -0.119906 -0.212544 3.84243
484.65 179.642 0.204623 0.0983772 0.738249
701.953 49.642 0.150525 -0.000715695 0.73202
702.709 72.8056 0.164212 -0.00157421 0.756942
562.474 53.8637 0.0315462 0.43546 1.94286
814.961 156.65 0.188833 -0.0460783 0.712937
504.33 245.938 0.222997 0.085508 0.707442
915.829 135.021 0.193826 -0.103672 0.757577
702.775 48.4228 0.149707 -0.000991694 0.729898
931.876 150.789 0.19619 -0.10567 0.740226
552.379 79.2373 0.16374 0.0632667 0.746067
808.369 172.131 0.215684 -0.0561942 0.771727
916.795 139.868 0.194572 -0.102419 0.752136
741.229 241.17 0.235361 -0.0182547 0.7323
593.078 281.848 0.27115 0.0604904 0.761115
767.234 280.72 0.283048 -0.0388928 0.778754
909.627 253.669 0.256382 -0.11181 0.756351
841.67 252.662 0.243996 -0.068241 0.734716
731.272 253.111 0.262244 -0.0167843 0.774391
864.156 282.888 0.302736 -0.109155 0.80816
706.604 280.114 0.271725 -0.00220059 0.760762
605.946 67.6413 0.157539 0.038766 0.736123
940.101 220.699 0.247448 -0.135504 0.778887
814.119 281.126 0.285834 -0.0680015 0.781776
893.033 244.53 0.24024 -0.0931573 0.734638
652.762 277.827 0.254403 0.0251986 0.733118
820.128 173.609 0.208827 -0.0570512 0.748902
590.017 280.232 0.263833 0.0595753 0.749598
948.637 59.6448 0.1559 -0.102208 0.732436
511.27 333.62 0.251792 0.0822227 0.683311
782.573 326.155 0.25428 -0.032733 0.686798
514.506 278.405 0.230198 0.0789431 0.691688
516.454 325.263 0.248074 0.0795412 0.683878
834.232 273.411 0.231793 -0.0539422 0.6917
548.45 283.807 0.280771 0.0901623 0.777803
928.893 168.138 0.210997 -0.11435 0.760003
530.927 401.693 0.304443 0.0868124 0.701536
838.836 335.753 0.273678 -0.0636764 0.706203
888.85 384.797 0.302144 -0.0914591 0.702936
890.829 275.048 0.258354 -0.0957105 0.73675
896.805 393.252 0.311824 -0.0986368 0.707518
830.15 274.224 0.244188 -0.0579951 0.713484
903.806 274.132 0.246628 -0.0936224 0.716142
929.149 244.15 0.230875 -0.102187 0.714991
904.31 382.824 0.314238 -0.106716 0.718492
513.546 325.253 0.241717 0.0774762 0.674143
918.854 247.532 0.241877 -0.10604 0.733964
661.028 286.052 0.257416 0.0211724 0.730005
887.232 334.361 0.279328 -0.0904015 0.714276
927.545 312.385 0.26431 -0.106165 0.710012
843.689 336.749 0.268121 -0.0633032 0.697319
847.072 344.49 0.282928 -0.0701015 0.711724
706.089 329.579 0.258381 0.000201518 0.691962
713.376 341.27 0.215068 1.291e-05 0.620613
780.052 276.44 0.244599 -0.0347776 0.713372
532.818 247.138 0.239805 0.0832415 0.740679
779.11 398.633 0.30072 -0.0347233 0.693552
658.209 319.092 0.253921 0.0211386 0.694635
651.399 277.643 0.232553 0.0228181 0.693554
519.632 250.4 0.237644 0.0874101 0.732906
639.968 397.866 0.275203 0.0290724 0.667179
861.178 581.338 0.16513 -0.0153608 0.48512
568.728 279.387 0.238933 0.0599692 0.705493
747.829 237.805 0.224564 -0.0193229 0.712904
644.924 330.592 0.241115 0.0248189 0.666741
523.664 461.373 0.314614 0.0854269 0.671906
544.389 446.125 0.347218 0.0899864 0.713789
516.429 330.979 0.251701 0.0804478 0.685061
878.274 498.733 0.226584 -0.040102 0.563681
608.15 74.7708 0.161826 0.0390088 0.743631
701.411 51.6346 0.177223 -0.00650758 1.01605
573.617 330.89 0.255209 0.0574975 0.689161
510.381 332.307 0.249572 0.0816605 0.680977
829.611 276.514 0.24719 -0.0587401 0.716737
826.576 275.99 0.250702 -0.0591066 0.723659
542.936 61.9749 0.153215 0.0621636 0.726782
930.251 152.192 0.197819 -0.106356 0.743369
705.137 326.035 0.261901 0.000398064 0.700109
917.627 82.0588 0.17634 -0.113121 0.791657
825.288 318.885 0.267469 -0.0576746 0.711718
535.363 285.271 0.251163 0.0801423 0.722887
885.205 437.597 0.353709 -0.102666 0.717527
490.43 591.89 0.0977508 0.0243872 0.419359
783.944 400.475 0.297441 -0.0361078 0.688338
826.12 233.469 0.224996 -0.0548249 0.716334
538.023 402.867 0.30937 0.0851821 0.706224
769.355 279.143 0.270223 -0.0366651 0.75727
891.813 387.968 0.299829 -0.0909575 0.697709
586.108 395.835 0.283283 0.0541406 0.679358
827.944 395.329 0.309409 -0.0618484 0.704859
645.734 388.506 0.29183 0.029067 0.693549
904.652 385.638 0.316952 -0.107704 0.719368
898.895 382.422 0.325035 -0.110184 0.731764
598.574 154.959 -0.0753054 0.0205533 0.182629
811.075 155.429 0.189268 -0.0450283 0.715875
700.955 276.709 0.225977 0.00225885 0.681388
884.446 429.593 0.388849 -0.121794 0.758072
871.692 247.161 0.240476 -0.0821244 0.732808
932.757 416.02 0.377936 -0.152655 0.758283
917.383 406.285 0.402589 -0.162138 0.793507
640.439 387.31 0.283306 0.0303923 0.684117
700.116 279.821 0.234185 0.00239904 0.693515
783.539 447.476 0.331302 -0.0384197 0.691258
740.694 349.216 0.837004 -0.112587 1.41335
739.685 228.62 -0.0349516 0.018638 0.245391
704.56 201.821 -0.034081 0.0180916 0.246001
934.818 53.0548 0.15699 -0.104195 0.753831
878.456 275.958 0.297061 -0.117434 0.806854
641.745 341.599 0.260727 0.0284408 0.687545
778.453 398.355 0.302603 -0.0348433 0.695943
887.941 236.448 0.222894 -0.0798541 0.707327
631.393 180.624 0.201614 0.0309161 0.724575
921.942 158.747 0.205414 -0.108884 0.757596
706.816 139.735 0.241016 -0.00879617 0.95893
632.834 185.209 0.209977 0.0321154 0.741688
946.403 221.141 0.240853 -0.130972 0.762704
906.953 152.972 0.206565 -0.106176 0.771164
722.384 157.161 -0.120316 -0.189029 3.5918
813.978 159.001 0.191243 -0.0466417 0.717172
