607.998 73.4881 0.162366 0.0394102 0.74451
550.375 79.7764 0.164909 0.0644555 0.746442
701.852 65.9465 0.160399 -0.000598535 0.746813
547.017 68.3978 0.158225 0.0629608 0.735692
730.471 228.342 0.253537 -0.503576 4.94774
715.621 218.826 -0.0951972 -0.136591 5.5011
606.243 54.5741 0.152827 0.0380863 0.733008
722.814 167.358 -0.120802 -0.21219 3.83789
484.009 175.347 0.203584 0.0985729 0.738656
701.876 44.4483 0.149423 -0.00033042 0.731936
702.865 68.2461 0.163479 -0.00133206 0.758211
561.632 50.891 0.0306385 0.435773 1.94375
815.863 152.077 0.187703 -0.0458494 0.713098
503.191 241.98 0.221088 0.0853684 0.705935
917.046 130.485 0.192795 -0.103579 0.758258
703.322 43.1166 0.148698 -0.000872242 0.730529
933.591 146.262 0.194847 -0.105333 0.739854
552.137 74.5624 0.163004 0.0635944 0.747405
809.286 167.809 0.214085 -0.0558275 0.770811
918.475 135.342 0.193049 -0.101854 0.751073
741.69 237.262 0.234037 -0.0180203 0.732112
592.501 278.395 0.269516 0.0606791 0.76035
767.882 277.388 0.281143 -0.0385835 0.777472
911.589 249.958 0.254352 -0.111298 0.754808
842.772 248.829 0.24244 -0.0679138 0.734116
731.72 249.5 0.259807 -0.0164438 0.771927
865.55 279.739 0.300476 -0.108564 0.806214
706.859 276.784 0.269602 -0.00195857 0.758963
605.722 62.4996 0.156425 0.0389572 0.736205
943.119 216.756 0.244817 -0.13464 0.775794
815.075 277.815 0.283914 -0.0676182 0.780475
894.804 240.575 0.238481 -0.0928127 0.733669
652.789 274.153 0.25293 0.0253606 0.732698
821.06 169.26 0.207444 -0.0567436 0.748512
589.661 276.632 0.26229 0.059683 0.749075
949.788 54.5774 0.154981 -0.102067 0.733409
511.089 329.843 0.250833 0.0824033 0.683853
783.559 322.239 0.252862 -0.0326217 0.686771
515.476 274.425 0.229871 0.0789949 0.693366
515.123 321.931 0.246413 0.0797614 0.682995
835.074 269.39 0.230789 -0.0537779 0.69222
547.752 280.443 0.279074 0.090186 0.776917
930.661 164.098 0.209471 -0.113744 0.758761
530.312 398.87 0.302647 0.0867918 0.700678
841.011 332.28 0.270723 -0.0633118 0.703751
891.038 382.257 0.299358 -0.0908482 0.700598
891.811 271.446 0.257183 -0.0954492 0.736859
898.39 390.403 0.309783 -0.0982103 0.706403
830.64 270.342 0.243356 -0.0577962 0.714342
900.042 271.088 0.250101 -0.0943486 0.724133
930.837 239.768 0.229359 -0.101948 0.714843
906.936 380.368 0.311001 -0.105987 0.715566
513.04 321.485 0.240642 0.0777143 0.674432
920.544 243.419 0.24027 -0.105757 0.733522
661.351 281.423 0.255023 0.0211487 0.728941
889.449 331.128 0.276844 -0.0899526 0.712343
929.798 308.787 0.262143 -0.105696 0.708611
846.134 333.456 0.265199 -0.0629756 0.694739
847.551 340.973 0.282457 -0.0700704 0.712964
706.701 325.61 0.257607 0.000253652 0.692982
714.011 336.999 0.214992 0.000122998 0.622476
781.003 272.722 0.24319 -0.0346269 0.71301
532.064 243.303 0.238385 0.0833764 0.74027
780.131 395.906 0.298437 -0.0344447 0.692039
658.369 315.408 0.252694 0.0213166 0.694712
650.872 273.82 0.231207 0.023252 0.693303
518.284 246.632 0.235244 0.0871082 0.730379
639.922 394.454 0.27404 0.0293287 0.667348
861.521 570.049 0.166069 -0.015591 0.488718
568.014 275.841 0.237363 0.0601303 0.70464
748.327 233.714 0.223439 -0.0191151 0.713183
644.765 326.386 0.23966 0.0251012 0.666766
522.738 459.049 0.312623 0.0854644 0.670789
542.679 444.602 0.343622 0.0897961 0.710518
515.999 327.183 0.250471 0.0806028 0.685212
878.097 492.404 0.226178 -0.0399214 0.565559
608.253 70.1233 0.161147 0.0392471 0.745153
700.971 43.2871 0.172786 -0.00568757 1.00125
573.196 327.275 0.253912 0.0577229 0.689104
510.485 328.384 0.248949 0.0819194 0.682115
830.005 272.986 0.246462 -0.058486 0.717473
826.701 272.344 0.249882 -0.058719 0.724387
543.147 57.1987 0.152608 0.0624114 0.728574
932.635 147.308 0.196077 -0.106006 0.742279
705.486 322.436 0.260734 0.000582544 0.700278
920.513 76.4439 0.174224 -0.112374 0.788715
827.664 315.242 0.264195 -0.0573495 0.708691
534.355 281.539 0.249246 0.0801808 0.721718
886.642 435.149 0.351485 -0.102226 0.716265
496.979 572.771 0.0988697 0.0247253 0.423471
784.312 397.091 0.296503 -0.035868 0.688856
827.035 229.344 0.223773 -0.0546076 0.716442
537.322 400.189 0.307232 0.0850687 0.704884
769.96 275.615 0.268603 -0.0363897 0.756602
892.036 383.875 0.299792 -0.0911919 0.699862
585.605 392.529 0.281825 0.0544111 0.679142
828.822 392.194 0.307934 -0.0616184 0.704621
645.392 386.153 0.288805 0.0291782 0.690762
905.602 382.155 0.31606 -0.107774 0.720133
900.343 379.286 0.323293 -0.109981 0.731263
592.524 160.205 -0.0754004 0.020828 0.185634
811.773 151.031 0.187403 -0.0442335 0.713607
701.673 272.676 0.22415 0.00234545 0.680357
888.522 429.828 0.381039 -0.119544 0.74904
874.091 243.243 0.237878 -0.0815625 0.730076
934.695 413.777 0.37513 -0.151894 0.756213
922.629 406.19 0.394322 -0.159451 0.783488
700.614 275.748 0.227824 0.00270334 0.684487
784.236 444.536 0.329723 -0.0382133 0.690944
735.34 254.076 -0.0353459 0.0189442 0.248113
701.389 228.942 -0.0348193 0.0184436 0.248233
935.703 48.2783 0.156206 -0.104132 0.755187
880.349 272.692 0.294348 -0.116709 0.804089
642.555 336.839 0.263314 0.0289104 0.694025
778.982 394.944 0.301808 -0.0347331 0.696672
890.193 232.652 0.220601 -0.0791473 0.704815
631.649 176.579 0.201053 0.0311097 0.725928
920.755 156.779 0.207019 -0.109746 0.762869
706.981 135.341 0.238533 -0.00856616 0.955245
632.805 181.014 0.208875 0.0323047 0.741904
947.938 217.292 0.23951 -0.130668 0.762462
910.253 178.508 0.230526 -0.121494 0.798824
892.865 91.4638 0.215362 -0.204323 1.05353
863.247 318.091 0.208908 -0.0463309 0.621592
567.601 34.5484 0.15923 0.0738184 0.849512
701.34 27.5216 0.158157 -0.00797279 1.10311
799.106 232.787 0.23052 -0.0445135 0.72799
907.169 289.231 0.336998 -0.163726 0.855226
909.044 148.321 0.204594 -0.105521 0.769211
722.375 155.379 -0.121237 -0.188764 3.59178
814.787 154.483 0.190134 -0.0463937 0.717386
