607.486 68.4019 0.162229 0.0394498 0.744358
549.779 74.7268 0.164772 0.0644951 0.746291
701.483 60.8673 0.160261 -0.000558927 0.746661
546.401 63.1831 0.158088 0.0630004 0.73554
730.465 227.521 0.2534 -0.503536 4.94759
715.564 217.938 -0.0953344 -0.136551 5.50095
605.712 49.276 0.152689 0.0381259 0.732856
722.768 166.012 -0.120939 -0.212151 3.83774
483.424 170.646 0.203447 0.0986125 0.738504
701.492 39.1101 0.149286 -0.000290812 0.731784
702.505 63.2863 0.163342 -0.00129246 0.758059
560.904 48.3551 0.0305013 0.435813 1.94359
815.609 147.071 0.187566 -0.0458097 0.712946
502.69 237.194 0.220951 0.085408 0.705783
916.945 125.871 0.192658 -0.103539 0.758106
702.94 37.7571 0.148561 -0.000832634 0.730377
933.477 141.545 0.19471 -0.105293 0.739702
551.54 69.4968 0.162867 0.063634 0.747253
809.064 163.447 0.213948 -0.0557879 0.770659
918.365 130.683 0.192912 -0.101814 0.750921
741.379 232.795 0.233899 -0.0179807 0.731961
592.135 274.322 0.269378 0.0607187 0.760199
767.612 273.493 0.281006 -0.0385439 0.77732
911.379 245.794 0.254215 -0.111258 0.754656
842.517 244.446 0.242303 -0.0678742 0.733965
731.429 245.454 0.25967 -0.0164042 0.771776
865.328 276.095 0.300339 -0.108525 0.806063
706.552 272.714 0.269465 -0.00191896 0.758812
605.196 57.2744 0.156288 0.0389968 0.736053
942.971 212.662 0.24468 -0.1346 0.775643
814.825 273.954 0.283777 -0.0675786 0.780323
894.58 236.167 0.238344 -0.0927731 0.733517
652.436 269.809 0.252792 0.0254002 0.732547
820.833 164.703 0.207307 -0.056704 0.74836
589.286 272.447 0.262153 0.0597226 0.748923
949.767 49.3663 0.154843 -0.102027 0.733257
510.682 325.089 0.250696 0.0824429 0.683701
783.228 317.549 0.252725 -0.0325821 0.686619
515.014 269.607 0.229734 0.0790345 0.693214
514.707 317.141 0.246276 0.079801 0.682843
834.776 264.601 0.230652 -0.0537383 0.692068
547.372 276.514 0.278937 0.0902256 0.776765
930.544 159.639 0.209334 -0.113705 0.758609
530.011 394.53 0.30251 0.0868314 0.700526
840.696 327.84 0.270586 -0.0632722 0.703599
890.685 377.93 0.29922 -0.0908086 0.700446
891.564 267.179 0.257046 -0.0954096 0.736708
898.031 386.166 0.309645 -0.0981707 0.706251
830.357 265.82 0.243219 -0.0577566 0.71419
899.79 266.689 0.249964 -0.094309 0.723981
930.617 235.161 0.229222 -0.101908 0.714691
906.588 376.209 0.310864 -0.105947 0.715414
512.614 316.577 0.240505 0.0777539 0.67428
920.33 239.025 0.240133 -0.105718 0.73337
661.004 277.067 0.254886 0.0211883 0.728789
889.142 326.792 0.276707 -0.089913 0.712191
929.51 304.347 0.262006 -0.105656 0.708459
845.813 328.912 0.265062 -0.0629359 0.694587
847.238 336.666 0.282319 -0.0700307 0.712812
706.359 320.995 0.25747 0.00029326 0.692831
713.604 331.338 0.214855 0.000162606 0.622324
780.698 268.184 0.243053 -0.0345873 0.712859
531.609 238.901 0.238248 0.083416 0.740118
779.794 391.494 0.2983 -0.0344051 0.691887
658.011 310.773 0.252557 0.0213562 0.694561
650.488 269.025 0.23107 0.0232917 0.693152
517.816 242.139 0.235107 0.0871478 0.730228
639.581 389.691 0.273903 0.0293683 0.667196
860.855 560.817 0.165932 -0.0155514 0.488566
567.595 271.176 0.237226 0.0601699 0.704488
748.006 229.029 0.223302 -0.0190755 0.713031
644.384 321.41 0.239523 0.0251408 0.666614
522.481 454.476 0.312486 0.085504 0.670637
542.446 440.483 0.343484 0.0898357 0.710366
515.592 322.44 0.250334 0.0806424 0.68506
877.581 485.952 0.226041 -0.0398818 0.565407
607.74 65.0266 0.16101 0.0392867 0.745001
700.695 39.5878 0.172648 -0.00564796 1.0011
572.813 322.593 0.253775 0.0577625 0.688953
510.074 323.603 0.248812 0.081959 0.681964
829.723 268.508 0.246325 -0.0584464 0.717321
826.423 267.939 0.249745 -0.0586794 0.724235
542.512 51.8522 0.15247 0.062451 0.728422
705.149 317.9 0.260597 0.000622152 0.700127
920.487 71.8377 0.174087 -0.112335 0.788563
827.358 310.805 0.264058 -0.0573099 0.708539
533.934 277.082 0.249109 0.0802204 0.721567
886.255 431.121 0.351348 -0.102186 0.716113
495.98 557.419 0.0987325 0.0247649 0.423319
783.971 392.644 0.296365 -0.0358284 0.688705
826.767 224.695 0.223636 -0.054568 0.71629
537.027 395.902 0.307095 0.0851083 0.704732
769.679 271.53 0.268466 -0.0363501 0.75645
891.681 379.544 0.299655 -0.0911523 0.69971
585.275 387.913 0.281688 0.0544507 0.67899
828.481 387.93 0.307797 -0.0615788 0.704469
645.067 381.677 0.288668 0.0292178 0.69061
905.255 378.048 0.315923 -0.107734 0.719981
900.004 375.287 0.323156 -0.109942 0.731111
591.343 177.393 -0.0755376 0.0208676 0.185482
811.515 146.025 0.187266 -0.0441939 0.713455
701.305 267.717 0.224013 0.00238506 0.680205
888.149 426.11 0.380902 -0.119504 0.748888
873.852 238.804 0.237741 -0.0815228 0.729925
934.312 410.097 0.374993 -0.151855 0.756061
922.268 402.718 0.394185 -0.159411 0.783337
700.25 270.855 0.227687 0.00274295 0.684336
783.888 440.226 0.329586 -0.0381737 0.690793
735.948 281.961 -0.0354831 0.0189838 0.247962
702.015 256.963 -0.0349565 0.0184832 0.248081
880.136 269.012 0.294211 -0.11667 0.803938
642.204 332.261 0.263177 0.02895 0.693873
778.648 390.585 0.301671 -0.0346935 0.696521
889.95 227.894 0.220464 -0.0791077 0.704663
920.638 152.323 0.206882 -0.109706 0.762717
947.783 213.085 0.239373 -0.130629 0.76231
910.134 174.442 0.230389 -0.121454 0.798672
892.955 88.2451 0.215225 -0.204283 1.05338
862.873 312.378 0.208771 -0.0462913 0.62144
567.018 30.0655 0.159092 0.073858 0.849361
701.083 24.0317 0.15802 -0.00793318 1.10296
798.829 228.272 0.230383 -0.0444739 0.727838
906.969 285.953 0.336861 -0.163686 0.855074
908.929 143.883 0.204457 -0.105481 0.769059
722.323 153.925 -0.121374 -0.188724 3.59163
814.535 149.536 0.189997 -0.046354 0.717234
