708.722 281.202 0.233767 -0.0113977 0.958606
624.09 282.208 0.234674 0.0656417 0.962204
575.313 25.9823 0.0386805 0.0817657 0.983241
790.732 252.889 0.206935 -0.0831022 0.955665
781.15 202.058 0.163411 -0.0723703 0.95893
706.032 134.362 0.111445 -0.0115866 0.966374
875.894 131.843 0.112174 -0.145259 0.968707
551.249 210.961 0.166193 0.116047 0.956102
598.427 139.883 0.113072 0.070958 0.960344
640.646 138.288 0.114347 0.0400721 0.971813
551.504 210.731 0.166271 0.116102 0.956965
488.325 147.704 0.114977 0.150335 0.947553
859.644 181.655 0.152665 -0.141327 0.977211
737.97 257.341 0.210993 -0.0374466 0.957918
786.707 251.844 0.22236 -0.0877798 0.996206
624.261 17.0965 0.0334543 0.046813 0.991275
513.653 186.687 0.156404 0.159464 0.997849
706.406 126.393 0.10452 -0.0119244 0.958397
640.473 133.195 0.110409 0.0397038 0.970616
814.056 7.72442 0.029648 -0.0916261 0.984568
871.292 160.903 0.134137 -0.145278 0.968663
814.68 5.79409 0.0284807 -0.0919973 0.984718
816.215 0.699291 0.025695 -0.0915962 0.978834
621.33 21.5132 0.0362824 0.0486154 0.986607
579.882 18.7572 0.0341254 0.0791487 0.989686
916.292 44.903 0.053822 -0.195442 1.04324
796.09 200.885 0.157555 -0.0810808 0.9416
834.009 30.3727 0.0401042 -0.134736 1.09022
492.649 70.5928 0.066485 0.149609 0.986231
838.541 257.381 0.216008 -0.128581 0.964902
929.394 38.8345 0.0501309 -0.180958 0.986285
756.206 280.53 0.236339 -0.0550169 0.963172
835.597 281.445 0.251825 -0.137607 0.989302
599.381 136.129 0.111014 0.070675 0.964231
755.618 280.672 0.23816 -0.0549287 0.966659
855.254 263.259 0.229704 -0.151329 0.98224
860.539 179.345 0.151151 -0.142353 0.978824
529.52 235.735 0.118524 0.0740801 0.77954
587.237 283.293 0.23893 0.101704 0.970447
573.148 260.763 0.208784 0.104822 0.952806
898.922 20.1466 0.03826 -0.149882 0.970365
584.678 284.693 0.226123 0.0951307 0.94132
792.461 281.192 0.233013 -0.0863177 0.953366
862.457 258.93 0.211004 -0.144165 0.948755
794.156 279.411 0.230301 -0.0872317 0.951325
496.509 146.759 0.118355 0.153459 0.969627
794.343 281.888 0.232695 -0.0875841 0.951238
733.551 255.631 0.207847 -0.0333112 0.954427
855.544 307.133 0.271591 -0.155134 0.971775
857.636 186.467 0.158314 -0.142488 0.983637
759.215 282.066 0.232787 -0.0564072 0.952602
758.246 280.084 0.226705 -0.054336 0.944137
699.281 18.7267 0.0358767 -0.00837829 0.941437
762.943 283.279 0.221345 -0.0561032 0.926962
623.385 8.43561 0.0287774 0.0446121 0.974248
708.816 280.866 0.233845 -0.0114929 0.959456
667.012 324.543 0.272521 0.0282544 0.948842
707.172 283.283 0.232342 -0.00994798 0.95153
774.035 252.528 0.205758 -0.0683153 0.954406
583.612 314.19 0.239106 0.0917892 0.91344
501.184 149.458 0.121691 0.153321 0.976765
544.547 235.715 0.1864 0.125068 0.954185
704.478 93.678 0.0917485 -0.0117014 1.16975
498.014 219.524 0.122836 0.09964 0.813007
705.362 444.53 0.186258 -0.00640248 0.708898
619.611 283.592 0.226334 0.0654396 0.942413
792.504 315.36 0.27197 -0.0907309 0.959394
611.584 506.841 0.123147 0.0188862 0.61376
590.086 317.643 0.266169 0.0996854 0.953839
671.738 283.433 0.213398 0.0182247 0.914282
601.528 141.756 0.116493 0.0712797 0.972346
804.258 265.177 0.222314 -0.098 0.963625
629.505 41.9371 0.049063 0.0421237 0.972206
879.481 514.849 0.350522 -0.133221 0.801373
482.193 338.12 0.310711 0.230663 0.992217
673.879 283.046 0.230887 0.0194623 0.950483
705.401 85.4417 0.082672 -0.0131073 1.20592
584.748 376.959 0.495806 0.205689 1.14671
510.64 359.452 0.318334 0.19067 0.963211
497.617 332.957 0.339712 0.248943 1.04775
781.211 203.217 0.165312 -0.0730389 0.962099
866.078 193.533 0.16236 -0.147904 0.975583
842.576 280.963 0.236319 -0.133264 0.958348
901.163 24.8336 0.041128 -0.151071 0.967743
832.699 355.076 0.314284 -0.133016 0.951998
517.131 194.986 0.164891 0.160201 1.00249
931.461 36.188 0.0484497 -0.183074 0.988466
804.196 323.246 0.247785 -0.0885545 0.905575
829.25 321.675 0.293647 -0.134815 0.981595
511.209 179.566 0.149222 0.158091 0.993259
633.342 327.607 0.266706 0.0570185 0.93545
853.03 308.026 0.279808 -0.158074 0.98448
743.383 255.892 0.201582 -0.0403845 0.938534
810.016 489.901 0.119819 -0.0330616 0.614619
615.476 284.825 0.225089 0.0680341 0.937667
925.2 44.0099 0.0535594 -0.18483 1.00117
939.005 221.585 0.247786 -0.337471 1.16723
758.238 317.958 0.261311 -0.0550729 0.938225
517.342 492.764 0.118334 0.0429951 0.614757
888.316 235.343 0.199473 -0.173578 0.973529
884.79 238.454 0.206894 -0.176371 0.985653
826.988 259.261 0.213088 -0.115169 0.954469
847.744 358.076 0.323852 -0.151792 0.959247
582.675 380.489 0.156995 0.043874 0.71711
582.346 282.768 0.225642 0.0977139 0.944184
870.572 136.882 0.117958 -0.146241 0.981714
568.207 395.016 0.161499 0.0498068 0.713435
849.768 277.349 0.238687 -0.143881 0.970478
625.205 15.3826 0.0331565 0.0421857 0.961961
719.067 507.36 0.122142 -0.00917159 0.611546
702.516 59.1968 0.0618645 -0.0103364 1.06817
902.188 511.221 0.114541 -0.0533775 0.600861
493.134 297.992 0.264639 0.206696 0.994777
794.524 404.373 0.120282 -0.0335509 0.651562
565.996 396.085 0.160485 0.0502379 0.711442
587.226 318.551 0.263755 0.100621 0.948193
842.362 353.298 0.334081 -0.154642 0.98158
793.91 281.619 0.226949 -0.0846751 0.940124
765.238 372.351 0.196865 -0.0392471 0.774066
576.461 23.4155 0.0370807 0.0810569 0.984931
812.471 418.381 0.264863 -0.0778303 0.8128
838.099 387.705 0.168675 -0.064728 0.72326
714.488 375.846 0.189201 -0.0117977 0.76179
592.463 365.883 0.321314 0.106275 0.95318
669.695 280.014 0.219371 0.0213258 0.932865
894.35 381.847 0.190929 -0.102063 0.75549
885.903 236.963 0.204496 -0.17595 0.98304
751.021 323.48 0.278591 -0.0510542 0.957159
716.535 372.388 0.192323 -0.0130382 0.768927
851.36 321.463 0.27609 -0.145731 0.952573
616.82 312.247 0.247855 0.0685851 0.930701
707.227 132.426 0.110663 -0.0125809 0.97032
585.616 320.973 0.263622 0.101017 0.94372
679.976 311.899 0.249558 0.014246 0.9318
778.89 202.864 0.166408 -0.0719073 0.966957
710.674 365.386 0.31236 -0.0115357 0.93757
681.262 323.014 0.744159 0.119782 1.72029
671.238 281.114 0.232574 0.0223601 0.95799
673.477 317.283 0.26611 0.0219758 0.950935
710.413 365.941 0.310432 -0.0112617 0.934183
728.83 267.57 0.218535 -0.0292306 0.953483
858.745 257.293 0.209152 -0.140468 0.948142
837.17 387.448 0.168867 -0.0644308 0.723706
727.542 264.683 0.201572 -0.0263949 0.921557
760.709 255.456 0.199207 -0.0540216 0.933078
782.876 479.981 0.149479 -0.0310083 0.649958
600.831 65.5548 0.0656548 0.0825208 1.06383
703.504 433.229 0.201595 -0.00563043 0.733252
873.181 136.539 0.115889 -0.144288 0.970381
838.054 256.545 0.212252 -0.125727 0.957972
593.315 368.789 0.31649 0.102109 0.942122
840.547 319.044 0.422059 -0.241479 1.197
619.931 497.566 0.114192 0.0156368 0.607681
646.62 373.418 0.192902 0.0235994 0.770285
760.855 364.749 0.326323 -0.0624342 0.954911
873.548 134.257 0.114398 -0.144744 0.971643
698.45 0.847893 0.0248059 -0.00809298 0.978249
701.025 209.521 0.167073 -0.00623424 0.954892
844.584 316.509 0.259449 -0.131488 0.934209
854.453 546.412 0.187572 -0.0589159 0.655116
646.966 392.276 0.164885 0.0178282 0.718397
822.509 586.134 0.0649288 -0.0220842 0.53295
786.455 389.243 0.389533 -0.0999737 0.98902
719.103 357.545 0.301496 -0.0195801 0.934986
622.316 319.672 0.258539 0.0659634 0.935986
853.189 540.347 0.19088 -0.0599441 0.660633
626.324 316.777 0.27133 0.0680464 0.96274
715.511 323.725 0.279317 -0.0170999 0.959381
785.028 391.871 0.163796 -0.040278 0.71497
797.881 323.693 0.282966 -0.0973893 0.961873
907.419 511.765 0.230866 -0.100258 0.708583
820.525 576.829 0.0668669 -0.0223448 0.536735
614.979 495.084 0.137936 0.0207499 0.633421
743.309 206.551 0.16593 -0.0410386 0.956951
672.471 318.935 0.263807 0.0223552 0.944129
839.083 442.787 0.190268 -0.0649572 0.712222
637.345 58.8908 0.0610125 0.0471313 1.05095
646.685 377.739 0.189755 0.0227351 0.762319
482.525 300.561 0.250028 0.197974 0.961821
491.459 295.623 0.25984 0.205141 0.990659
683.751 337.595 0.853879 0.12586 1.7649
874.016 280.713 0.272026 -0.195438 1.03071
573.135 7.57566 0.0287342 0.0718462 0.938275
766.321 376.753 0.192542 -0.0386171 0.764428
702.518 53.1261 0.0543274 -0.0105135 1.14234
585.442 320.286 0.262772 0.100984 0.94351
825.225 299.061 0.772858 -0.657946 1.98968
714.525 509.395 0.121639 -0.00796262 0.610353
658.007 159.345 0.160789 0.0480725 1.15923
713.854 218.964 0.354245 -0.034275 2.73416
911.397 522.935 0.110426 -0.0532251 0.592859
777.108 201.849 0.164282 -0.0696431 0.962715
493.18 306.494 0.278853 0.214544 1.00309
777.428 199.488 0.160967 -0.0690127 0.958027
819.048 34.9624 0.0369546 -0.141785 1.17624
839.415 567.587 0.0622862 -0.0246041 0.533987
797.994 317.251 0.25046 -0.0863669 0.919765
638.247 104.655 0.0923395 0.042348 0.993058
828.905 353.143 0.324591 -0.13536 0.969498
751.238 324.266 0.262783 -0.0480266 0.930162
663.45 326.863 0.264421 0.0296553 0.931851
780.768 255.566 0.215761 -0.0775034 0.971278
584.907 45.8894 0.0511069 0.0746247 0.973346
596.981 102.35 0.0650774 0.245569 1.61985
619.666 22.6805 0.0371134 0.0490117 0.980327
792.496 280.979 0.241091 -0.0901551 0.970346
589.525 57.6298 0.059134 0.0768741 0.995043
836.443 280.948 0.246519 -0.134928 0.979489
705.263 134.212 0.111215 -0.010987 0.965677
600.513 145.273 0.119359 0.0727565 0.973803
639.595 141.03 0.115582 0.040477 0.967107
670.999 281.306 0.232857 0.0226059 0.958195
511 180.268 0.149782 0.158364 0.993134
552.874 212.499 0.169411 0.117129 0.962334
