708.245 278.435 0.231631 -0.0114157 0.956592
623.466 279.365 0.232916 0.065595 0.961162
574.338 21.9011 0.0370681 0.0816261 0.982271
790.341 249.915 0.205208 -0.0830734 0.954696
780.773 198.899 0.161879 -0.0724624 0.958557
705.379 130.96 0.109897 -0.0115322 0.965931
873.291 129.512 0.112575 -0.146319 0.975987
550.215 207.834 0.164295 0.11588 0.954482
597.689 136.525 0.111645 0.0710439 0.96042
639.806 134.757 0.112466 0.0400005 0.969997
551.032 207.59 0.165044 0.116249 0.957571
487.104 144.249 0.113301 0.150273 0.946582
859.588 178.422 0.150687 -0.141042 0.975215
737.526 254.428 0.209059 -0.0374139 0.956369
786.301 248.991 0.220625 -0.0877032 0.995178
622.871 11.5461 0.0311197 0.0463881 0.985555
513.154 183.647 0.154977 0.159274 0.997592
705.601 122.562 0.10228 -0.011747 0.955042
639.077 129.353 0.108003 0.0397649 0.966661
813.759 3.99261 0.0282323 -0.0918842 0.98517
881.897 154.527 0.121733 -0.138516 0.927671
814.699 0.868073 0.0265161 -0.0916174 0.98142
620.462 17.5536 0.0347426 0.0486213 0.986158
579.461 15.1406 0.0327816 0.0790051 0.990322
916.435 41.059 0.0521644 -0.195269 1.04205
795.653 197.678 0.155922 -0.0810541 0.940873
833.947 26.5287 0.0384793 -0.134739 1.08939
490.871 66.582 0.0646811 0.149557 0.984574
839.254 254.634 0.2127 -0.128084 0.959742
931.491 33.2796 0.0474657 -0.17961 0.979417
755.729 277.676 0.23459 -0.0549576 0.962161
835.56 278.747 0.249594 -0.137428 0.987094
597.786 132.383 0.108764 0.0706651 0.960943
755.191 277.858 0.236272 -0.05487 0.965297
855.491 260.47 0.227282 -0.151097 0.979481
859.883 176.235 0.149981 -0.142596 0.97976
528.672 231.981 0.117023 0.0741245 0.779307
586.068 280.647 0.236427 0.101523 0.96751
572.036 257.985 0.20633 0.10442 0.949747
900.184 15.2524 0.0361957 -0.149847 0.967296
584.292 281.86 0.224365 0.0947649 0.940152
792.485 278.38 0.230713 -0.0863777 0.95107
861.812 255.861 0.210011 -0.144547 0.949716
793.625 276.588 0.228365 -0.0869623 0.949791
496.966 143.815 0.117635 0.153667 0.972087
794.242 279.064 0.230497 -0.0875769 0.949181
733.037 252.837 0.205055 -0.0330776 0.950521
855.612 304.475 0.269204 -0.154938 0.969444
857.181 183.365 0.157042 -0.142763 0.984184
758.992 279.244 0.230688 -0.0564668 0.950752
757.998 277.185 0.224855 -0.0544571 0.94289
698.782 16.5073 0.0353401 -0.00847162 0.947596
762.473 280.062 0.22066 -0.0564315 0.928603
621.556 3.09021 0.0266178 0.0446638 0.96981
708.19 278.208 0.231329 -0.0113697 0.956433
666.586 321.586 0.271307 0.0282651 0.949069
706.772 280.61 0.229529 -0.0100405 0.947934
773.652 249.568 0.203994 -0.0683007 0.953303
582.969 311.493 0.236913 0.0913903 0.911354
501.46 146.453 0.121008 0.15387 0.979785
543.61 232.723 0.184498 0.124842 0.952587
703.954 91.2064 0.0909465 -0.0116374 1.17343
497.266 215.851 0.121399 0.0997136 0.81299
703.841 441.167 0.184622 -0.00607104 0.708068
618.717 280.744 0.224378 0.0655005 0.940886
792.182 312.634 0.269968 -0.0906594 0.957894
610.387 501.594 0.121938 0.019037 0.613977
589.318 314.94 0.264022 0.0995206 0.95206
670.478 280.653 0.210661 0.0185439 0.910936
600.575 138.346 0.114841 0.0713376 0.971483
803.931 262.318 0.220376 -0.0978654 0.962077
628.597 37.9277 0.0474255 0.0421084 0.971224
878.559 511.348 0.350528 -0.13381 0.802022
482.243 335.196 0.309802 0.230972 0.993141
672.941 280.362 0.228169 0.0195887 0.947107
704.96 80.9862 0.0800796 -0.0131602 1.19883
584.178 375.198 0.493551 0.205323 1.14408
515.934 355.505 0.328742 0.195491 0.981175
496.151 330.661 0.336963 0.248605 1.04481
781.085 200.043 0.163449 -0.0731509 0.96066
865.981 190.367 0.160607 -0.147896 0.974481
841.929 278.072 0.234789 -0.133097 0.957848
902.418 19.8695 0.0389931 -0.150593 0.963534
832.781 352.666 0.311287 -0.132675 0.948805
515.35 191.779 0.162672 0.160113 0.999902
931.341 32.3969 0.0469171 -0.18311 0.988174
803.685 320.265 0.246203 -0.0885511 0.904979
830.336 319.57 0.289106 -0.134306 0.974856
509.48 176.268 0.14693 0.157624 0.990059
632.629 324.756 0.264917 0.0571112 0.934502
853.493 305.62 0.27649 -0.15746 0.980057
742.912 252.904 0.19983 -0.040368 0.93746
808.109 484.539 0.11867 -0.0329888 0.614957
614.803 281.937 0.223316 0.0679877 0.93657
925.836 39.7515 0.051673 -0.184368 0.998492
938.108 219.121 0.247072 -0.338212 1.16924
757.751 315.516 0.258276 -0.0546516 0.934425
517.054 486.94 0.117298 0.0431177 0.615402
888.342 232.364 0.197464 -0.173373 0.971747
885.347 235.577 0.2043 -0.175901 0.982131
826.892 256.373 0.211067 -0.115099 0.952665
847.77 355.489 0.321426 -0.151734 0.957186
581.456 377.537 0.154976 0.0438315 0.715457
581.523 279.862 0.223781 0.0976866 0.942966
870.389 133.504 0.116302 -0.14617 0.980788
567.658 390.571 0.160431 0.0499816 0.714057
849.489 274.51 0.236887 -0.143807 0.969346
624.199 11.095 0.0314854 0.042167 0.960753
717.876 501.14 0.1212 -0.00917579 0.612366
701.925 55.376 0.0601534 -0.0103109 1.06664
899.87 505.279 0.113467 -0.0534074 0.60138
491.654 295.47 0.261973 0.206064 0.991612
793.167 398.65 0.12008 -0.0338219 0.653644
566.315 390.825 0.159985 0.0503521 0.713325
586.427 315.896 0.26157 0.100425 0.946244
843.416 351.503 0.328703 -0.153574 0.974092
793.612 278.815 0.224872 -0.0845416 0.938227
764.859 369.001 0.195212 -0.0393831 0.773314
576.288 20.1734 0.035939 0.0810426 0.986784
809.959 413.312 0.271061 -0.079302 0.822561
837.044 384.687 0.166782 -0.0644039 0.721835
713.865 372.091 0.187902 -0.011846 0.761832
591.861 363.199 0.31941 0.106234 0.952044
668.724 277.228 0.216204 0.0213405 0.928627
893.532 378.412 0.189326 -0.101989 0.754817
885.783 234.017 0.202637 -0.175803 0.981673
750.664 320.712 0.276823 -0.0511184 0.95617
715.805 369.028 0.190716 -0.0130087 0.768241
851.109 318.691 0.274152 -0.145659 0.951269
616.253 309.399 0.246169 0.0685266 0.929818
706.519 129.33 0.109701 -0.0124958 0.97228
584.714 318.403 0.261213 0.100749 0.941251
679.438 309.079 0.247696 0.0142132 0.930561
778.352 199.755 0.164889 -0.0718589 0.966565
710.19 362.73 0.31026 -0.0115218 0.936037
679.957 321.949 0.721571 0.117095 1.68201
670.538 278.37 0.230378 0.0223683 0.955807
672.897 314.772 0.263332 0.021814 0.947709
709.959 363.227 0.308489 -0.0112796 0.932935
728.329 264.696 0.216581 -0.0291754 0.951899
859.198 254.514 0.206275 -0.139907 0.944034
836.071 383.293 0.167696 -0.0645078 0.724027
727.006 261.684 0.199833 -0.0263668 0.920512
760.241 252.463 0.197432 -0.0539701 0.931924
782.1 476.295 0.14799 -0.0310586 0.649338
599.275 61.0107 0.0633678 0.0821418 1.0589
702.773 428.295 0.201526 -0.00562004 0.735314
873.022 133.112 0.114178 -0.144154 0.969224
837.767 253.626 0.21047 -0.12565 0.956797
592.746 365.534 0.315846 0.102812 0.943511
840.79 317.026 0.418602 -0.240662 1.19251
619.21 491.516 0.113165 0.0156895 0.608366
646.004 369.775 0.191567 0.0236235 0.77023
760.508 362.362 0.323437 -0.062209 0.951973
876.413 129.392 0.109591 -0.142157 0.957437
699.966 206.383 0.165193 -0.00583427 0.953382
844.31 313.676 0.257574 -0.131447 0.932995
851.814 540.801 0.187081 -0.0587645 0.65616
645.706 389.396 0.162836 0.0179306 0.716694
820.877 579.85 0.063988 -0.0222212 0.53338
786.287 387.019 0.386408 -0.0997155 0.985921
718.606 355.707 0.296662 -0.0193812 0.928367
621.753 316.858 0.256784 0.0658945 0.934986
852.08 536.429 0.189436 -0.0599199 0.660119
714.985 320.886 0.277853 -0.0170614 0.959043
784.405 387.498 0.162679 -0.0405027 0.715463
797.377 320.918 0.281333 -0.0973168 0.961143
906.955 508.846 0.22879 -0.100107 0.707063
816.845 564.925 0.0670576 -0.0224941 0.539496
614.718 487.781 0.138135 0.0209731 0.636025
742.994 203.382 0.164334 -0.0411915 0.956405
829.031 429.887 0.210795 -0.0689268 0.742101
636.226 54.6894 0.0590538 0.0470692 1.0478
646.109 373.963 0.188499 0.0227528 0.762443
481.58 297.845 0.248138 0.197764 0.960416
487.688 293.48 0.254649 0.203418 0.981741
683.108 336.599 0.837257 0.123247 1.74003
572.077 3.47849 0.0272145 0.0718625 0.937832
765.592 372.883 0.191378 -0.0387081 0.764752
701.783 48.4626 0.0520485 -0.0103211 1.13722
584.836 317.478 0.261036 0.100921 0.942581
657.301 156.251 0.158734 0.0479719 1.15652
713.543 215.186 0.342167 -0.0335231 2.67415
908.646 514.766 0.109859 -0.0535172 0.594547
776.687 198.708 0.162619 -0.0696214 0.961867
508.938 299.647 0.298186 0.224394 1.05099
776.994 196.329 0.159326 -0.0689943 0.957248
835.975 556.357 0.0623538 -0.0248304 0.536499
797.64 314.328 0.248816 -0.0864523 0.919024
637.38 100.884 0.0904668 0.0422777 0.991317
828.765 350.559 0.322307 -0.135273 0.967642
750.842 321.449 0.260896 -0.0480416 0.928934
662.896 324.12 0.262347 0.0295705 0.930227
780.424 252.662 0.214046 -0.0775221 0.970297
583.941 42.0497 0.0495715 0.0746662 0.972988
574.641 24.7795 0.0388149 0.0820039 0.983663
516.249 495.969 0.114657 0.0418318 0.609309
643.782 211.188 0.167079 0.0396765 0.949684
812.709 252.433 0.205435 -0.101224 0.948642
862.761 255.588 0.201162 -0.137648 0.92983
838.241 388.867 0.162414 -0.0627796 0.713297
891.987 232.31 0.188697 -0.165952 0.948106
755.429 340.586 0.73402 -0.171192 1.56134
751.146 398.225 0.382988 -0.0563184 0.965118
628.829 173.674 0.18123 0.0895118 1.17504
844.036 353.39 0.331801 -0.154981 0.974904
855.631 543.198 0.185565 -0.0594911 0.653776
592.96 628.088 0.103785 0.0169978 0.559949
673.521 397.777 0.387285 0.0308209 0.973714
636.436 328.218 0.275552 0.0562856 0.945487
804.212 262.078 0.220889 -0.0985163 0.963751
596.258 99.6877 0.0636974 0.245694 1.61992
618.773 18.7515 0.0355911 0.0490561 0.980035
792.287 278.183 0.239115 -0.0901605 0.968779
591.175 57.1631 0.060088 0.0780871 1.00829
836.194 278.185 0.244493 -0.134719 0.977803
704.673 130.823 0.109695 -0.0109829 0.965332
599.762 141.929 0.117806 0.0727407 0.973309
638.841 137.665 0.114047 0.0405266 0.966683
670.444 278.482 0.230958 0.0225503 0.956788
508.929 176.914 0.147268 0.157861 0.989207
551.857 209.384 0.167625 0.117097 0.961112
