604.053 54.8995 0.161316 0.0397238 0.743461
545.927 61.1004 0.163754 0.0648281 0.745103
698.319 47.3548 0.15919 -0.000304825 0.745252
543.064 49.337 0.15724 0.0631994 0.734884
730.269 225.063 0.252129 -0.503329 4.94585
715.237 215.257 -0.0962705 -0.136376 5.49978
602.426 36.1518 0.1525 0.0386001 0.734322
722.411 161.639 -0.12196 -0.211529 3.82886
698.276 24.511 0.147811 -3.07821e-05 0.728876
699.499 49.0785 0.161464 -0.00102149 0.754295
558.184 40.7 0.0295531 0.436163 1.94317
812.463 133.922 0.186863 -0.0457751 0.712731
499.534 224.094 0.220227 0.0857487 0.705278
914.076 113.929 0.191758 -0.103331 0.757168
699.761 23.4996 0.14742 -0.000616197 0.728668
930.892 129.112 0.193546 -0.105053 0.738211
547.638 55.46 0.161482 0.0637219 0.744881
806.351 151.853 0.212971 -0.0555884 0.769579
915.956 118.3 0.19175 -0.101659 0.749551
738.287 220.842 0.232283 -0.0175868 0.729393
589.274 263.141 0.268169 0.0608763 0.758617
765.005 262.955 0.279634 -0.038263 0.775395
908.275 234.625 0.253402 -0.111171 0.754001
839.608 232.692 0.241105 -0.0676052 0.732451
728.608 234.493 0.259331 -0.0162438 0.772031
862.913 266.31 0.298919 -0.108127 0.804017
703.781 261.656 0.268189 -0.0016948 0.757097
601.942 43.4592 0.15541 0.0391853 0.735319
941.165 201.674 0.242931 -0.134106 0.772855
812.541 263.506 0.282122 -0.0673017 0.777915
892.413 224.491 0.236271 -0.0920917 0.730008
649.432 257.897 0.251666 0.0256283 0.731244
817.958 152.64 0.206346 -0.0565056 0.747326
586.407 261.038 0.261032 0.0598794 0.747451
946.924 36.0721 0.153915 -0.101855 0.732337
507.419 312.026 0.249481 0.0825939 0.682237
779.928 304.833 0.251458 -0.032314 0.685105
511.053 256.61 0.228251 0.0792067 0.69103
511.184 303.869 0.244845 0.0799515 0.681128
831.36 251.966 0.229738 -0.0535155 0.690973
544.473 265.661 0.27763 0.0903294 0.774986
927.887 147.904 0.208264 -0.11348 0.757326
525.975 382.868 0.300106 0.0869755 0.697395
837.565 315.98 0.26917 -0.0629262 0.701713
887.407 366.216 0.297722 -0.0904292 0.698624
888.612 255.599 0.255706 -0.0950681 0.735106
895.253 374.883 0.307519 -0.0976357 0.703517
827.613 253.213 0.241374 -0.057416 0.711922
895.739 255.335 0.249847 -0.0942367 0.724138
927.156 222.786 0.228198 -0.101658 0.713723
904.246 365.52 0.308218 -0.105153 0.711674
509.132 303.005 0.239213 0.0779304 0.672785
918.126 226.794 0.238071 -0.10518 0.730603
657.869 265.139 0.253065 0.0213949 0.72619
886.131 315.07 0.275136 -0.0895246 0.71021
926.766 292.113 0.26017 -0.105238 0.706263
843.377 317.026 0.262619 -0.0624217 0.690977
844.473 325.352 0.280316 -0.0695155 0.709898
703.735 307.841 0.256675 0.000242618 0.692495
709.72 315.762 0.213958 0.000369541 0.621577
777.682 255.611 0.241463 -0.0342873 0.710962
528.507 226.78 0.237224 0.0836293 0.738977
776.561 379.102 0.297267 -0.0342246 0.690916
654.742 298.037 0.251168 0.0215914 0.692893
648.046 255.363 0.231262 0.0233715 0.694867
515.072 229.801 0.235019 0.0878057 0.731075
636.269 376.838 0.272469 0.0295746 0.665367
852.968 536.953 0.165064 -0.0151964 0.48744
563.423 258.598 0.23505 0.0602911 0.701009
745.109 216.446 0.222124 -0.0189247 0.711529
641.475 307.406 0.238704 0.0252317 0.666112
519.078 441.899 0.310576 0.0856347 0.668468
539.906 428.85 0.342115 0.0899412 0.708898
512.878 308.57 0.249989 0.081171 0.685609
871.793 467.523 0.225761 -0.0398045 0.565357
604.482 51.4178 0.160046 0.0394701 0.744
698.559 28.1446 0.170719 -0.00536055 0.996726
569.338 309.862 0.252194 0.057912 0.68684
508.046 309.988 0.248723 0.0822796 0.682611
827.753 255.869 0.243718 -0.0581095 0.713756
824.005 256.124 0.247738 -0.0582903 0.721169
533.786 624.911 0.130763 0.0255399 0.443122
539.076 37.6673 0.151577 0.0626214 0.727582
701.972 305.523 0.259112 0.000880247 0.698259
916.169 61.1856 0.174291 -0.11261 0.790993
824.565 298.72 0.261943 -0.0568417 0.705707
529.871 264.588 0.246887 0.0802626 0.718413
884.783 421.611 0.346898 -0.101022 0.710197
490.422 512.855 0.0988689 0.0250013 0.424045
780.837 380.63 0.294596 -0.0354929 0.686509
823.784 212.184 0.222573 -0.0544141 0.715162
534.063 383.651 0.305912 0.0854218 0.703616
766.822 260.365 0.267577 -0.0361624 0.755627
889.236 368.418 0.296913 -0.0903736 0.695886
581.323 375.778 0.279262 0.0546199 0.675669
827.367 377.438 0.303101 -0.060925 0.697932
641.643 369.307 0.287286 0.0295807 0.689024
901.534 366.587 0.315125 -0.107558 0.719299
896.985 364.451 0.321406 -0.109429 0.728948
596.694 193.288 -0.0761247 0.0210513 0.185318
807.554 133.337 0.186377 -0.0435993 0.712073
698.1 254.194 0.221782 0.00258463 0.676916
885.729 416.411 0.377981 -0.118662 0.74525
871.631 227.046 0.235549 -0.0808253 0.726168
934.668 402.093 0.368563 -0.149589 0.747144
697.804 256.922 0.223026 0.00271739 0.677006
780.999 429.244 0.326656 -0.0376455 0.687033
877.346 259.079 0.293421 -0.116546 0.803207
886.85 215.378 0.219019 -0.0786065 0.702487
918.575 140.313 0.205372 -0.109316 0.760415
943.618 201.933 0.239733 -0.1314 0.764576
911.389 160.563 0.224771 -0.119323 0.788625
891.83 79.7164 0.214249 -0.204024 1.05187
564.85 19.73 0.159295 0.0742389 0.851265
699.302 14.9418 0.157448 -0.00780567 1.10273
795.914 216.366 0.230153 -0.0446235 0.728237
904.65 277.101 0.335613 -0.163364 0.853408
679.667 320.369 0.858293 0.100606 1.58236
735.165 152.584 -0.0626288 0.0214768 0.203807
559.15 159.057 -0.0657711 0.0194529 0.199338
910.841 229.781 0.251787 -0.113109 0.756491
906.049 132.337 0.203582 -0.105271 0.768197
721.921 149.559 -0.122312 -0.188489 3.58961
811.29 136.62 0.189281 -0.0462328 0.716853
