707.175 272.004 0.231007 -0.0113316 0.955398
622.407 272.938 0.232292 0.0656791 0.959968
572.703 13.5495 0.0364441 0.0817102 0.981077
789.244 243.363 0.204583 -0.0829893 0.953502
779.706 192.068 0.161255 -0.0723783 0.957363
704.235 123.631 0.109273 -0.0114481 0.964737
872.405 122.411 0.111951 -0.146234 0.974793
548.921 200.857 0.163671 0.115964 0.953288
596.328 129.098 0.111021 0.071128 0.959227
638.544 127.44 0.111842 0.0400846 0.968803
549.742 200.643 0.16442 0.116333 0.956377
485.488 136.659 0.112677 0.150357 0.945388
858.613 171.67 0.150063 -0.140958 0.974021
736.44 247.885 0.208434 -0.0373298 0.955175
785.279 242.815 0.220001 -0.0876191 0.993984
621.404 3.16221 0.0304957 0.0464722 0.984361
511.755 176.863 0.154353 0.159358 0.996398
704.434 115.062 0.101656 -0.0116629 0.953848
637.802 121.96 0.107379 0.039849 0.965468
880.856 147.148 0.121109 -0.138432 0.926477
618.995 9.23656 0.0341185 0.0487054 0.984964
577.837 6.78425 0.0321575 0.0790892 0.989128
915.953 33.7197 0.0515404 -0.195185 1.04086
794.557 190.67 0.155298 -0.08097 0.939679
833.369 19.2358 0.0378552 -0.134655 1.0882
489.035 58.6252 0.0640571 0.149641 0.98338
838.141 248.187 0.212076 -0.128 0.958548
930.891 25.4087 0.0468416 -0.179526 0.978224
754.65 271.323 0.233966 -0.0548736 0.960967
834.469 272.682 0.248969 -0.137344 0.9859
596.418 124.926 0.10814 0.0707492 0.959749
754.118 271.537 0.235648 -0.0547859 0.964103
854.396 254.255 0.226658 -0.151013 0.978287
858.921 169.509 0.149357 -0.142512 0.978566
527.137 222.672 0.116399 0.0742086 0.778113
585.01 274.269 0.235803 0.101607 0.966316
570.891 251.295 0.205706 0.104505 0.948553
899.519 7.06585 0.0355716 -0.149763 0.966102
583.199 275.208 0.223741 0.094849 0.938958
791.363 271.939 0.230089 -0.0862936 0.949876
860.661 249.334 0.209387 -0.144463 0.948522
792.501 270.126 0.227741 -0.0868782 0.948597
495.387 136.471 0.117011 0.153751 0.970893
793.115 272.607 0.229873 -0.0874928 0.947987
731.941 246.223 0.204431 -0.0329935 0.949327
854.428 298.367 0.26858 -0.154854 0.96825
856.216 176.728 0.156418 -0.142679 0.98299
757.891 272.786 0.230064 -0.0563827 0.949558
756.883 270.633 0.224231 -0.054373 0.941696
697.527 7.94106 0.0347161 -0.00838753 0.946402
761.328 273.372 0.220035 -0.0563474 0.927409
707.119 271.774 0.230705 -0.0112856 0.955239
665.566 315.254 0.270683 0.0283492 0.947875
705.689 274.1 0.228905 -0.00995642 0.94674
772.556 242.989 0.20337 -0.0682166 0.952109
581.903 304.661 0.236289 0.0914744 0.91016
499.905 139.204 0.120384 0.153954 0.978591
542.374 225.889 0.183874 0.124926 0.951393
703.039 84.8934 0.0903225 -0.0115533 1.17224
495.739 207.046 0.120775 0.0997977 0.811796
702.198 431.07 0.183998 -0.00598695 0.706874
617.63 274.113 0.223754 0.0655846 0.939692
791.052 306.415 0.269344 -0.0905753 0.9567
608.493 487.995 0.121314 0.0191211 0.612783
588.324 308.575 0.263398 0.0996047 0.950866
669.337 273.713 0.210037 0.018628 0.909742
599.236 131.039 0.114217 0.0714217 0.970289
802.834 255.914 0.219752 -0.0977813 0.960883
627.172 29.712 0.0468014 0.0421925 0.97003
876.617 503.431 0.349904 -0.133726 0.800828
481.368 329.269 0.309178 0.231056 0.991947
671.863 273.824 0.227545 0.0196728 0.945913
704.065 74.681 0.0794555 -0.0130762 1.19764
583.59 370.55 0.492927 0.205407 1.14289
515.126 349.56 0.328118 0.195575 0.979981
495.312 325.152 0.336339 0.248689 1.04361
780.023 193.241 0.162825 -0.0730668 0.959466
864.987 183.694 0.159983 -0.147812 0.973287
840.779 271.726 0.234164 -0.133013 0.956654
901.739 11.6994 0.038369 -0.150509 0.96234
831.53 346.51 0.310662 -0.132591 0.947611
513.983 185.078 0.162048 0.160197 0.998708
930.768 24.5889 0.046293 -0.183026 0.98698
802.432 313.498 0.245579 -0.088467 0.903785
829.177 313.562 0.288482 -0.134222 0.973662
508.045 169.358 0.146306 0.157708 0.988865
631.611 318.267 0.264293 0.0571953 0.933308
852.329 299.618 0.275866 -0.157376 0.978863
741.79 246.159 0.199206 -0.0402839 0.936266
805.562 471.012 0.118046 -0.0329047 0.613763
613.711 275.264 0.222691 0.0680718 0.935376
925.264 32.0922 0.0510489 -0.184284 0.997299
937.383 214.085 0.246448 -0.338128 1.16805
756.618 309.046 0.257652 -0.0545675 0.933231
515.407 473.354 0.116674 0.0432018 0.614208
887.263 225.943 0.19684 -0.173289 0.970553
884.284 229.27 0.203676 -0.175817 0.980937
825.77 249.857 0.210443 -0.115015 0.951471
846.497 349.433 0.320801 -0.15165 0.955992
580.008 367.425 0.154352 0.0439156 0.714263
580.429 273.228 0.223157 0.0977707 0.941772
869.505 126.476 0.115678 -0.146086 0.979594
566.255 380.459 0.159807 0.0500657 0.712863
711.707 639.664 0.0895645 -0.0062324 0.540114
848.359 268.264 0.236263 -0.143723 0.968152
622.709 2.50647 0.0308614 0.0422511 0.959559
715.623 487.487 0.120576 -0.0090917 0.611172
700.873 48.1086 0.0595293 -0.0102268 1.06545
896.852 491.087 0.112843 -0.0533233 0.600186
490.616 289.346 0.261349 0.206148 0.990418
790.957 386.644 0.119456 -0.0337378 0.65245
564.911 380.693 0.159361 0.0504362 0.712131
585.426 309.474 0.260946 0.10051 0.94505
842.186 345.598 0.328079 -0.15349 0.972898
792.464 272.241 0.224248 -0.0844575 0.937033
763.3 360.31 0.194588 -0.039299 0.77212
574.659 11.8408 0.035315 0.0811267 0.98559
808.434 405.652 0.270437 -0.0792179 0.821367
835.108 374.869 0.166158 -0.0643198 0.720641
712.366 363.148 0.187278 -0.0117619 0.760638
590.987 357.022 0.318786 0.106318 0.95085
667.612 270.473 0.21558 0.0214246 0.927433
891.594 369.4 0.188702 -0.101905 0.753623
884.723 227.697 0.202013 -0.175719 0.980479
749.578 314.488 0.276199 -0.0510343 0.954976
714.324 360.213 0.190092 -0.0129247 0.767047
849.876 312.455 0.273528 -0.145575 0.950075
615.205 302.785 0.245545 0.0686107 0.928624
705.386 122.047 0.109077 -0.0124117 0.971086
583.713 311.938 0.260589 0.100833 0.940057
678.362 302.502 0.247072 0.0142973 0.929367
777.299 193.006 0.164265 -0.0717748 0.965371
709.14 356.425 0.309636 -0.0114377 0.934843
679.486 319.071 0.720947 0.117179 1.68082
669.472 271.909 0.229754 0.0224524 0.954613
671.861 308.401 0.262708 0.0218981 0.946515
708.903 356.889 0.307864 -0.0111955 0.931741
727.239 258.157 0.215957 -0.0290913 0.950705
858.04 247.918 0.205651 -0.139823 0.94284
834.148 373.528 0.167072 -0.0644237 0.722833
725.856 254.79 0.199209 -0.0262827 0.919318
759.106 245.666 0.196808 -0.053886 0.93073
779.906 464.308 0.147366 -0.0309745 0.648144
597.859 53.6433 0.0627438 0.0822259 1.0577
701.242 418.888 0.200902 -0.00553595 0.73412
872.114 125.978 0.113554 -0.14407 0.96803
836.65 247.144 0.209846 -0.125566 0.955603
574.891 623.212 0.0915793 0.0179577 0.546178
591.864 359.276 0.315222 0.102896 0.942317
839.894 312.558 0.417978 -0.240578 1.19131
617.223 477.6 0.112541 0.0157736 0.607172
644.65 360.977 0.190943 0.0237076 0.769036
759.399 356.24 0.322813 -0.0621249 0.950779
875.486 122.121 0.108967 -0.142073 0.956243
698.84 199.491 0.164569 -0.00575018 0.952188
843.06 307.223 0.25695 -0.131363 0.931801
849.394 529.186 0.186457 -0.0586804 0.654966
644.174 379.381 0.162212 0.0180147 0.7155
817.274 560.497 0.0633639 -0.0221371 0.532186
785.169 381.293 0.385784 -0.0996314 0.984727
717.523 349.299 0.296038 -0.0192971 0.927173
620.726 310.336 0.256159 0.0659786 0.933792
849.685 524.958 0.188812 -0.0598358 0.658925
713.941 314.675 0.277229 -0.0169773 0.957849
782.568 377.495 0.162055 -0.0404186 0.714269
796.241 314.766 0.280709 -0.0972328 0.959949
904.593 498.865 0.228166 -0.100022 0.705869
813.361 546.169 0.0664336 -0.02241 0.538302
612.961 475.21 0.137511 0.0210572 0.634831
741.902 196.532 0.16371 -0.0411074 0.955211
827.177 420.684 0.210171 -0.0688427 0.740907
634.926 47.2236 0.0584298 0.0471533 1.04661
644.735 365.014 0.187874 0.0228369 0.761249
480.514 291.431 0.247514 0.197848 0.959222
716.643 638.832 0.0886278 -0.00706315 0.53948
486.63 287.253 0.254025 0.203502 0.980547
682.681 333.896 0.836633 0.123331 1.73884
764.001 364.024 0.190754 -0.038624 0.763558
700.803 41.5118 0.0514244 -0.0102371 1.13603
583.835 311.023 0.260412 0.101005 0.941387
656.293 150.432 0.158109 0.0480559 1.15532
713.205 212.676 0.341543 -0.033439 2.67295
905.518 500.196 0.109235 -0.0534331 0.593353
775.625 191.905 0.161995 -0.0695373 0.960673
507.982 294.045 0.297562 0.224478 1.0498
775.924 189.465 0.158702 -0.0689102 0.956054
832.355 537.282 0.0617297 -0.0247463 0.535305
796.428 307.7 0.248192 -0.0863682 0.91783
636.092 93.4549 0.0898428 0.0423618 0.990123
827.557 344.584 0.321683 -0.135189 0.966448
749.706 314.939 0.260272 -0.0479575 0.92774
661.849 317.595 0.261722 0.0296546 0.929033
779.357 246.272 0.213422 -0.077438 0.969103
582.372 33.8439 0.0489474 0.0747503 0.971794
573.013 16.4701 0.0381908 0.082088 0.982469
514.576 482.084 0.114033 0.0419159 0.608115
642.606 204.251 0.166455 0.0397606 0.94849
811.59 245.846 0.204811 -0.10114 0.947448
861.567 248.847 0.200538 -0.137564 0.928636
836.259 378.829 0.16179 -0.0626955 0.712104
890.855 225.657 0.188073 -0.165867 0.946912
754.859 337.519 0.733396 -0.171108 1.56014
750.078 392.316 0.382364 -0.0562344 0.963924
627.788 168.077 0.180606 0.0895959 1.17384
842.804 347.499 0.331177 -0.154897 0.97371
853.179 531.495 0.184941 -0.059407 0.652582
590.789 611.228 0.103161 0.0170819 0.558755
672.637 391.93 0.386661 0.030905 0.97252
635.44 321.863 0.274928 0.0563697 0.944293
803.119 255.689 0.220265 -0.0984323 0.962557
595 94.6063 0.0630733 0.245778 1.61873
617.296 10.3972 0.034967 0.0491402 0.978841
791.198 271.918 0.23849 -0.0900764 0.967585
589.688 49.3984 0.059464 0.0781712 1.00709
835.087 272.03 0.243869 -0.134635 0.976609
703.526 123.487 0.10907 -0.0108988 0.964138
598.43 134.668 0.117182 0.0728248 0.972115
637.577 130.342 0.113423 0.0406107 0.965489
669.38 272.032 0.230334 0.0226344 0.955594
507.495 170.002 0.146644 0.157945 0.988013
550.577 202.484 0.167001 0.117181 0.959918
