601.603 42.6779 0.160833 0.0398582 0.743159
543.149 48.8416 0.163216 0.0649318 0.744658
696.455 35.2491 0.158738 -0.000198735 0.745053
540.342 36.7315 0.156742 0.0632731 0.734548
730.195 223.041 0.251217 -0.503261 4.94534
715.044 213.066 -0.0967758 -0.136291 5.49957
599.555 23.1781 0.151754 0.0387476 0.733048
722.231 158.061 -0.122607 -0.211159 3.82368
696.663 11.0718 0.146907 -2.31266e-05 0.727214
697.646 37.4292 0.161198 -0.000913911 0.754648
556.101 34.2819 0.0291218 0.436368 1.94349
811.424 122.043 0.186278 -0.0458348 0.71241
496.013 212.842 0.218922 0.0856235 0.703212
914.161 102.68 0.190619 -0.103017 0.755227
698.126 9.95609 0.146446 -0.000587057 0.72674
929.458 118.348 0.193376 -0.105087 0.73878
545.173 43.3874 0.161182 0.0638612 0.745176
802.505 142.784 0.213357 -0.054437 0.77037
915.449 107.308 0.190881 -0.101281 0.748078
736.486 210.487 0.231809 -0.0174307 0.729122
587.317 253.633 0.267639 0.0609435 0.758267
763.706 253.961 0.27889 -0.0381792 0.774643
908.293 224.978 0.25186 -0.110785 0.751621
839.981 222.397 0.238421 -0.0670739 0.727686
729.353 223.089 0.231343 -0.0130429 0.714528
861.949 257.908 0.298219 -0.108046 0.80343
702.116 252.225 0.267739 -0.00159445 0.756914
599.535 30.8993 0.154932 0.0392794 0.735036
940.103 192.287 0.242479 -0.133989 0.772644
811.105 254.623 0.281744 -0.0672023 0.777871
891.291 214.342 0.235582 -0.0918949 0.729294
647.637 247.684 0.251421 0.0257157 0.731592
815.795 142.851 0.207231 -0.0567429 0.750158
584.22 251.317 0.260387 0.0599834 0.746831
946.096 23.9479 0.153493 -0.101776 0.732241
505.718 300.975 0.249388 0.0826068 0.682637
778.214 294.183 0.250951 -0.0322298 0.684785
508.579 245.315 0.227754 0.0792671 0.690761
509.253 293.042 0.244681 0.0799569 0.681175
831.245 240.748 0.227897 -0.0534033 0.688298
542.471 256.446 0.277098 0.0903638 0.774628
926.934 137.581 0.207778 -0.113371 0.757069
523.98 372.843 0.299566 0.0870158 0.697126
836.58 305.901 0.267889 -0.0627602 0.700235
885.985 356.562 0.296923 -0.0902595 0.697927
887.723 245.752 0.254754 -0.094868 0.734048
892.473 365.094 0.308249 -0.0977105 0.704988
825.176 243.238 0.242057 -0.0574071 0.71355
893.512 245.45 0.250196 -0.0943249 0.725405
924.522 213.055 0.229005 -0.101882 0.715478
902.567 356.316 0.307767 -0.104989 0.711328
506.274 291.099 0.238622 0.0781953 0.672776
918.793 215.676 0.235767 -0.104666 0.7275
655.622 255.409 0.252838 0.0216808 0.72603
885.589 305.167 0.273635 -0.089297 0.708466
925.573 281.96 0.259436 -0.105088 0.70567
843.179 306.739 0.26049 -0.0621955 0.68815
843.156 315.487 0.279526 -0.0694214 0.709264
701.861 297.302 0.256096 0.000337794 0.692094
707.608 302.883 0.213777 0.000397287 0.621807
775.961 245 0.240968 -0.0341746 0.710848
526.232 216.404 0.236764 0.0837061 0.738783
774.404 369.352 0.296843 -0.0339347 0.690617
651.647 287.832 0.249169 0.0219686 0.689774
645.108 244.797 0.230009 0.0236999 0.692721
511.256 219.267 0.233635 0.0879099 0.72885
634.128 366.077 0.271802 0.0296706 0.664851
848.614 515.312 0.165449 -0.0152201 0.488382
561.031 247.611 0.234351 0.060336 0.700396
743.592 205.552 0.22125 -0.0188343 0.710414
639.367 296.18 0.238426 0.0253289 0.666072
516.834 431.67 0.309774 0.0856626 0.667825
537.266 420.053 0.340401 0.0898808 0.70699
510.966 297.744 0.24968 0.0811324 0.685549
869.001 452.922 0.22569 -0.0397994 0.565706
601.839 38.6465 0.159109 0.0394901 0.742231
697.894 19.747 0.170691 -0.0058042 1.00041
567.153 299.016 0.251702 0.0579852 0.686597
507.528 298.505 0.24981 0.0825209 0.685225
826.04 245.419 0.243378 -0.0580242 0.713917
822.158 246.29 0.247642 -0.0581584 0.721363
528.826 599.063 0.130596 0.0256523 0.443097
536.58 25.1822 0.151441 0.0628448 0.728419
700.105 295.125 0.258333 0.000987487 0.69753
923.192 43.6738 0.168205 -0.109549 0.774485
823.22 288.666 0.260826 -0.056574 0.704348
527.232 254.036 0.245983 0.0802775 0.717451
884.345 413.889 0.343999 -0.100127 0.706433
779.114 370.623 0.293898 -0.0353703 0.685981
822.246 201.501 0.222192 -0.0543433 0.715104
531.891 373.92 0.305116 0.0854421 0.702945
765.732 250.683 0.266729 -0.036227 0.75499
887.367 358.471 0.2967 -0.0903667 0.696121
578.767 365.57 0.278034 0.0546548 0.674235
826.839 368.437 0.300584 -0.0605441 0.694642
639.126 359.587 0.285725 0.0297657 0.687061
900.922 357.589 0.313496 -0.107236 0.71744
895.842 355.442 0.320492 -0.109309 0.728171
603.184 223.996 -0.0759185 0.0211403 0.186146
806.188 121.609 0.185421 -0.0432563 0.710304
696.024 242.681 0.22334 0.00263919 0.680611
886.379 409.413 0.373736 -0.117656 0.739977
869.828 216.859 0.235646 -0.0809246 0.727128
933.261 393.822 0.367672 -0.149325 0.746408
695.613 245.407 0.22552 0.00279311 0.682483
777.558 419.529 0.326501 -0.0367894 0.687181
885.909 204.227 0.218294 -0.0785648 0.701899
916.982 130.185 0.205348 -0.109401 0.761372
939.611 192.952 0.241634 -0.13229 0.769561
908.961 152.337 0.226141 -0.119992 0.791909
559.698 2.14142 0.154917 0.0734861 0.841474
794.39 205.949 0.229695 -0.0445376 0.728065
903.575 269.629 0.335155 -0.16328 0.853227
678.403 317.329 0.844048 0.0994045 1.56045
738.901 186.642 -0.0621427 0.0215123 0.204987
565.11 195.654 -0.0656648 0.0195361 0.200069
899.893 376.089 0.424601 -0.171228 0.827905
824.748 366.822 0.30498 -0.0613843 0.701294
777.264 297.352 0.245367 -0.0299969 0.673482
818.571 414.34 0.374365 -0.0735857 0.738306
739.153 338.624 0.839419 -0.11423 1.41699
903.808 358.736 0.308676 -0.105519 0.710417
583.762 303.855 0.672702 0.318912 1.37854
601.992 116.754 0.240569 0.0804905 0.971353
498.031 218.677 0.22699 0.089241 0.715088
905.485 121.819 0.202759 -0.105009 0.767075
721.714 145.945 -0.122784 -0.188362 3.58881
810.138 124.998 0.188863 -0.0463268 0.71692
