600.943 38.7667 0.160624 0.0399412 0.742829
542.456 45.0046 0.163007 0.0650148 0.744327
695.851 31.2563 0.158529 -0.000115753 0.744723
539.625 32.7826 0.156534 0.0633561 0.734218
730.102 222.304 0.251008 -0.503178 4.94501
714.896 212.278 -0.0969847 -0.136208 5.49924
598.86 19.1276 0.151545 0.0388305 0.732718
722.042 156.861 -0.122816 -0.211076 3.82335
696.021 6.86516 0.146698 5.98552e-05 0.726884
697.052 33.5081 0.160989 -0.000830929 0.754318
555.215 32.2464 0.0289128 0.436451 1.94316
810.928 117.998 0.186069 -0.0457518 0.71208
495.587 209.199 0.218713 0.0857064 0.702882
913.728 98.8222 0.19041 -0.102934 0.754896
697.482 5.74081 0.146238 -0.000504076 0.72641
929.015 114.411 0.193167 -0.105004 0.73845
544.473 39.5335 0.160973 0.0639441 0.744846
802.074 139.229 0.213148 -0.054354 0.77004
915.01 103.415 0.190672 -0.101198 0.747748
736.076 206.874 0.2316 -0.0173477 0.728792
586.987 250.45 0.26743 0.0610265 0.757937
763.367 250.753 0.278681 -0.0380962 0.774313
907.894 221.439 0.251651 -0.110702 0.75129
839.569 218.724 0.238212 -0.0669909 0.727356
728.945 219.394 0.231134 -0.0129599 0.714198
861.612 254.808 0.29801 -0.107963 0.8031
701.773 248.942 0.26753 -0.00151147 0.756584
598.852 26.8906 0.154723 0.0393624 0.734706
939.714 188.783 0.24227 -0.133906 0.772314
810.759 251.402 0.281535 -0.0671193 0.777541
890.869 210.624 0.235373 -0.0918119 0.728964
647.279 244.246 0.251212 0.0257986 0.731262
815.351 139.151 0.207022 -0.0566599 0.749828
583.881 248.05 0.260178 0.0600663 0.746501
945.623 19.6444 0.153284 -0.101693 0.731911
505.451 297.329 0.249179 0.0826898 0.682307
777.835 290.337 0.250742 -0.0321468 0.684455
508.21 241.626 0.227545 0.0793501 0.690431
508.969 289.363 0.244472 0.0800399 0.680844
830.808 236.782 0.227688 -0.0533203 0.687968
542.153 253.413 0.276889 0.0904468 0.774298
926.517 133.832 0.207569 -0.113288 0.756739
523.854 369.45 0.299357 0.0870988 0.696796
836.196 302.18 0.26768 -0.0626772 0.699905
885.593 352.871 0.296714 -0.0901766 0.697597
887.32 242.147 0.254545 -0.094785 0.733718
892.084 361.474 0.30804 -0.0976275 0.704658
824.767 239.51 0.241848 -0.0573241 0.71322
893.099 241.773 0.249987 -0.0942419 0.725074
924.08 209.197 0.228796 -0.101799 0.715148
902.173 352.729 0.307558 -0.104906 0.710998
505.982 287.331 0.238414 0.0782783 0.672446
918.365 211.927 0.235558 -0.104583 0.72717
655.271 251.939 0.252629 0.0217638 0.7257
885.186 301.479 0.273426 -0.089214 0.708135
925.139 278.172 0.259227 -0.105005 0.70534
842.78 302.901 0.260282 -0.0621125 0.68782
842.782 311.858 0.279317 -0.0693384 0.708934
701.525 293.591 0.255887 0.000420776 0.691764
707.204 298.366 0.213568 0.000480269 0.621477
775.563 241.29 0.240759 -0.0340916 0.710518
525.827 213.038 0.236555 0.0837891 0.738453
774.099 365.699 0.296634 -0.0338517 0.690287
651.315 284.118 0.24896 0.0220516 0.689444
644.721 241.023 0.2298 0.0237829 0.69239
510.852 215.844 0.233426 0.0879929 0.72852
633.896 362.265 0.271593 0.0297536 0.664521
847.969 507.804 0.16524 -0.0151371 0.488052
560.666 243.977 0.234142 0.060419 0.700065
743.161 201.768 0.221041 -0.0187513 0.710084
639.033 292.25 0.238217 0.0254119 0.665742
516.807 428.076 0.309565 0.0857456 0.667495
488.051 635.51 0.122786 0.0277261 0.430326
537.231 416.805 0.340192 0.0899638 0.706659
510.693 294.117 0.249471 0.0812154 0.685219
868.501 447.576 0.225481 -0.0397164 0.565376
601.172 34.7145 0.1589 0.0395731 0.741901
697.372 16.7606 0.170482 -0.00572122 1.00008
566.865 295.358 0.251493 0.0580681 0.686267
507.258 294.879 0.249601 0.0826039 0.684895
825.633 241.698 0.243169 -0.0579413 0.713587
821.76 242.636 0.247433 -0.0580754 0.721033
528.559 589.378 0.130387 0.0257353 0.442767
535.84 21.1502 0.151232 0.0629278 0.728089
699.772 291.462 0.258124 0.00107047 0.6972
922.767 39.7369 0.167996 -0.109466 0.774155
822.835 284.958 0.260617 -0.056491 0.704018
526.889 250.591 0.245774 0.0803605 0.717121
883.982 410.356 0.34379 -0.100044 0.706103
778.802 366.924 0.293689 -0.0352873 0.68565
821.811 197.688 0.221983 -0.0542603 0.714774
531.766 370.575 0.304907 0.0855251 0.702615
765.375 247.335 0.26652 -0.0361441 0.75466
886.973 354.765 0.296491 -0.0902838 0.69579
578.577 361.9 0.277825 0.0547378 0.673904
826.496 364.78 0.300375 -0.0604611 0.694311
638.9 355.989 0.285516 0.0298486 0.686731
900.535 354.057 0.313287 -0.107153 0.71711
895.467 351.997 0.320283 -0.109226 0.727841
604.463 229.174 -0.0761274 0.0212232 0.185816
805.688 117.548 0.185212 -0.0431733 0.709973
695.615 238.746 0.223131 0.00272217 0.680281
886.036 406.14 0.373527 -0.117573 0.739647
869.408 213.146 0.235437 -0.0808416 0.726798
932.872 390.54 0.367463 -0.149242 0.746078
695.209 241.496 0.225311 0.00287609 0.682153
777.292 415.911 0.326292 -0.0367064 0.686851
885.454 200.259 0.218085 -0.0784819 0.701569
916.565 126.451 0.205139 -0.109318 0.761042
939.22 189.43 0.241425 -0.132207 0.769231
678.309 316.211 0.843839 0.0994874 1.56012
740.011 195.082 -0.0623516 0.0215952 0.204656
566.388 203.453 -0.0658738 0.0196191 0.199739
899.577 373.304 0.424392 -0.171145 0.827575
824.411 363.225 0.304771 -0.0613013 0.700964
776.876 293.398 0.245158 -0.0299139 0.673152
739.057 337.346 0.83921 -0.114147 1.41666
903.413 355.144 0.308467 -0.105436 0.710087
601.486 114.142 0.24036 0.0805735 0.971023
497.62 215.15 0.226781 0.089324 0.714758
905.069 118.105 0.20255 -0.104926 0.766745
721.509 144.656 -0.122993 -0.188279 3.58848
809.648 121 0.188654 -0.0462438 0.71659
