599.413 32.3516 0.160459 0.0399399 0.742845
540.965 39.2215 0.163441 0.06516 0.746266
695.281 25.2854 0.158633 -8.74233e-05 0.745676
537.381 26.2935 0.156568 0.063491 0.734853
730.141 221.652 0.25083 -0.503211 4.94582
714.905 211.568 -0.0966387 -0.136101 5.5004
597.495 12.3971 0.151443 0.0387749 0.732894
722.109 155.477 -0.12273 -0.210746 3.81944
694.561 0.568981 0.146765 0.000453453 0.727175
696.268 27.5802 0.160987 -0.00069366 0.754849
554.46 29.4736 0.029197 0.436655 1.94484
810.698 112.942 0.186298 -0.0456531 0.713314
492.695 204.139 0.218194 0.0855272 0.702485
916.633 92.9197 0.18895 -0.102227 0.751741
929.637 109.755 0.193308 -0.10495 0.739597
542.909 33.6095 0.161321 0.064066 0.746531
801.916 134.873 0.213183 -0.0542097 0.770805
915.361 98.8413 0.190964 -0.101205 0.749293
735.141 202.695 0.23167 -0.0171311 0.72961
585.289 246.583 0.267204 0.0610198 0.75825
762.955 247.392 0.278234 -0.0379178 0.77417
907.162 218.031 0.252538 -0.110763 0.753843
839.312 214.82 0.238387 -0.0668534 0.728451
728.094 214.999 0.229624 -0.0125827 0.711769
861.788 251.892 0.297661 -0.107671 0.803155
700.985 245.237 0.267331 -0.00147952 0.757
597.258 20.1586 0.15451 0.0393475 0.734514
940.035 185.298 0.242393 -0.133682 0.773221
810.673 248.151 0.281126 -0.066894 0.777497
890.8 206.763 0.235672 -0.0917346 0.730348
645.896 240.268 0.251079 0.0258876 0.731681
815.312 134.585 0.206994 -0.0565011 0.750449
582.205 244.094 0.259955 0.0600141 0.746769
948.831 12.3192 0.152048 -0.100489 0.728137
503.766 292.909 0.249912 0.082822 0.684329
777.073 286.486 0.251253 -0.0321013 0.68607
506.355 236.968 0.228013 0.0794157 0.691981
506.351 285.414 0.244686 0.0801772 0.681606
830.495 233.306 0.228251 -0.0532681 0.689163
540.317 249.554 0.277016 0.0905538 0.775391
926.921 129.649 0.207736 -0.113147 0.75782
521.501 366.105 0.299299 0.0871359 0.69744
835.496 298.649 0.268339 -0.0626546 0.701787
886.434 350.531 0.295556 -0.0897085 0.696425
886.306 239.193 0.256031 -0.0949835 0.736778
891.596 358.501 0.308543 -0.0976071 0.706238
824.145 235.974 0.242612 -0.0573033 0.715118
890.86 239.128 0.252652 -0.094652 0.73008
924.239 205.352 0.229165 -0.101788 0.716565
901.63 349.67 0.308136 -0.104913 0.712774
502.577 282.364 0.23825 0.0786411 0.673279
918.765 208.733 0.235892 -0.10447 0.727923
654.433 248.878 0.253449 0.0217037 0.727048
885.132 298.208 0.273583 -0.089124 0.709156
925.014 274.808 0.259692 -0.104986 0.706838
842.176 299.268 0.260895 -0.0621077 0.689613
843.741 307.919 0.278621 -0.0695909 0.709245
700.487 289.776 0.256276 0.000483198 0.693118
706.664 293.196 0.21361 0.000357492 0.622528
774.625 237.713 0.241706 -0.0340212 0.712707
519.864 208.174 0.233129 0.0833565 0.731764
773.54 362.399 0.296873 -0.0338958 0.691528
649.943 279.965 0.24889 0.0221067 0.690147
642.907 236.707 0.229844 0.0240235 0.69307
507.428 211.137 0.232679 0.0880359 0.727677
632.371 358.303 0.271907 0.029831 0.665918
846.104 500.613 0.166418 -0.0151395 0.490403
559.026 239.467 0.234466 0.0604565 0.701413
743.381 196.983 0.220733 -0.0189745 0.710392
637.664 287.857 0.238656 0.025475 0.667276
514.27 424.882 0.309499 0.0857987 0.668209
565.877 637.206 0.189055 0.0285658 0.48518
485.038 624.939 0.123947 0.0278087 0.432545
534.738 413.845 0.339907 0.0900904 0.707195
507.969 290.071 0.249323 0.0812474 0.685541
867.579 442.821 0.226023 -0.0396693 0.567063
599.659 28.4449 0.158903 0.0396363 0.742433
697.011 12.6615 0.170674 -0.00568432 1.00278
565.376 291.019 0.252378 0.058252 0.688599
507.126 290.436 0.25145 0.0827171 0.688754
825.822 237.856 0.242916 -0.0578409 0.713789
821.905 239.166 0.24712 -0.0578823 0.720813
524.64 580.256 0.131419 0.0259034 0.444807
533.948 14.1955 0.151104 0.0627854 0.728206
698.45 287.851 0.2575 0.00129658 0.696766
923.435 34.7372 0.168094 -0.109269 0.775039
822.346 281.274 0.26094 -0.0564293 0.705416
524.773 246.295 0.245844 0.0803954 0.717942
882.442 406.853 0.345821 -0.100458 0.709881
778.01 363.804 0.293809 -0.0351638 0.686592
821.694 193.311 0.221919 -0.0541031 0.715419
530.588 366.894 0.305724 0.085484 0.70465
765.211 243.678 0.266045 -0.0360994 0.75458
885.576 351.545 0.297877 -0.0903295 0.6986
578.042 357.539 0.279456 0.0547184 0.677267
827.552 362.68 0.297991 -0.0600295 0.691476
637.582 352.44 0.285843 0.029868 0.688008
900.403 351.437 0.313209 -0.106875 0.717726
894.211 349.09 0.321503 -0.109226 0.730445
603.105 247.1 -0.0740892 0.0212971 0.189189
805.054 112.645 0.185728 -0.0430676 0.711916
695.937 234.068 0.220397 0.00235893 0.675718
886.088 404.374 0.372493 -0.116952 0.739033
869.015 209.139 0.236424 -0.081206 0.729835
935.618 389.32 0.363947 -0.148054 0.742178
695.541 237.055 0.223145 0.00248027 0.678588
777.239 413.917 0.324685 -0.0365634 0.685479
885.22 196.464 0.218445 -0.0782474 0.702605
916.889 122.286 0.205365 -0.1092 0.762223
939.232 185.812 0.241956 -0.132392 0.771357
677.145 315.054 0.830241 0.0984138 1.54076
741.299 204.838 -0.0592034 0.0216224 0.209424
566.868 212.641 -0.0632089 0.019639 0.203817
900.345 371.856 0.422267 -0.170111 0.825465
823.443 359.871 0.305907 -0.0614005 0.703519
775.743 289.359 0.246747 -0.03002 0.676553
738.542 335.681 0.84277 -0.114894 1.42539
901.795 351.653 0.310396 -0.105831 0.713961
600.336 109.98 0.239888 0.0803878 0.970515
498.245 210.5 0.229506 0.0900213 0.721403
574.855 358.882 0.276294 0.0550127 0.672314
854.03 206.256 0.216996 -0.0618842 0.69034
890.007 201.871 -0.0889412 0.0248418 0.167972
911.323 71.8182 -0.0795626 0.0248722 0.178953
893.977 122.784 0.212412 -0.107024 0.787427
896.742 233.273 0.257013 -0.103219 0.745193
801.823 157.425 0.235215 -0.0619684 0.80263
876.127 246.633 0.294181 -0.116598 0.803334
862.088 215.644 0.255173 -0.0898179 0.763936
877.681 244.71 0.290888 -0.115768 0.799449
874.907 245.136 0.293506 -0.115936 0.804178
904.977 114.112 0.203147 -0.10502 0.768931
721.568 143.412 -0.122692 -0.188135 3.58904
809.441 116.029 0.188891 -0.0461636 0.717847
