597.27 27.6019 0.160498 0.0399909 0.74316
538.656 34.605 0.16348 0.0652111 0.746581
693.437 20.4243 0.158671 -3.637e-05 0.745991
534.982 21.488 0.156607 0.0635421 0.735167
729.902 220.941 0.250869 -0.50316 4.94614
714.611 210.809 -0.0966001 -0.13605 5.50072
595.258 7.42298 0.151481 0.0388259 0.733209
721.699 154.292 -0.122692 -0.210695 3.81976
694.461 22.8167 0.161026 -0.000642607 0.755164
552.96 27.2786 0.0292356 0.436706 1.94515
809.254 108.171 0.186337 -0.045602 0.713628
490.578 200.121 0.218232 0.0855782 0.702799
915.52 88.3014 0.188988 -0.102176 0.752056
928.544 105.107 0.193347 -0.104899 0.739912
540.591 28.9575 0.161359 0.0641171 0.746846
800.658 130.769 0.213222 -0.0541587 0.77112
914.248 94.2356 0.191002 -0.101154 0.749608
733.751 198.665 0.231709 -0.01708 0.729925
583.755 243.2 0.267243 0.0610708 0.758565
761.842 243.923 0.278273 -0.0378667 0.774485
906.201 214.094 0.252577 -0.110712 0.754157
838.161 210.721 0.238426 -0.0668024 0.728766
726.657 210.864 0.229662 -0.0125316 0.712084
860.905 248.528 0.2977 -0.10762 0.80347
699.701 241.698 0.26737 -0.00142847 0.757315
595.046 15.2517 0.154548 0.0393985 0.734829
939.13 181.322 0.242432 -0.133631 0.773535
809.652 244.653 0.281164 -0.0668429 0.777811
889.737 202.582 0.23571 -0.0916836 0.730663
644.401 236.552 0.251117 0.0259386 0.731996
814.031 130.293 0.207032 -0.0564501 0.750764
580.62 240.607 0.259993 0.0600651 0.747083
947.629 6.96072 0.152086 -0.100438 0.728452
501.893 289.144 0.24995 0.082873 0.684644
775.803 282.369 0.251292 -0.0320503 0.686384
504.338 232.996 0.228052 0.0794668 0.692295
504.447 281.576 0.244725 0.0802283 0.681921
829.236 228.899 0.22829 -0.053217 0.689477
538.735 246.372 0.277054 0.0906049 0.775706
925.892 125.276 0.207774 -0.113096 0.758135
519.98 362.803 0.299337 0.087187 0.697754
834.406 294.687 0.268378 -0.0626036 0.702101
885.487 346.671 0.295595 -0.0896574 0.69674
885.299 235.233 0.25607 -0.0949324 0.737092
890.693 354.764 0.308581 -0.0975561 0.706552
822.962 231.866 0.242651 -0.0572522 0.715432
889.844 235.101 0.252691 -0.0946009 0.730395
923.198 200.991 0.229203 -0.101737 0.71688
900.742 345.948 0.308174 -0.104861 0.713088
500.61 278.414 0.238289 0.0786922 0.673594
917.749 204.506 0.235931 -0.104419 0.728237
652.965 245.152 0.253488 0.0217548 0.727363
884.139 294.257 0.273621 -0.0890729 0.709471
924.04 270.679 0.259731 -0.104935 0.707153
841.059 295.17 0.260934 -0.0620567 0.689928
842.702 304.063 0.27866 -0.0695398 0.70956
699.099 285.848 0.256315 0.000534251 0.693432
704.958 288.322 0.213649 0.000408545 0.622843
773.341 233.648 0.241745 -0.0339701 0.713021
517.954 204.441 0.233168 0.0834076 0.732079
772.445 358.685 0.296911 -0.0338448 0.691842
648.409 276.02 0.248929 0.0221577 0.690462
641.252 232.583 0.229883 0.0240745 0.693385
505.478 207.396 0.232717 0.088087 0.727991
630.911 354.468 0.271946 0.029882 0.666232
843.968 493.028 0.166457 -0.0150885 0.490718
557.201 235.549 0.234504 0.0605075 0.701728
741.934 192.722 0.220772 -0.0189234 0.710707
636.022 283.693 0.238694 0.025526 0.667591
512.799 421.524 0.309537 0.0858497 0.668523
563.298 630.59 0.189094 0.0286169 0.485494
480.348 614.697 0.123986 0.0278597 0.43286
533.451 410.818 0.339946 0.0901414 0.70751
506.103 286.3 0.249362 0.0812984 0.685856
866.186 437.413 0.226062 -0.0396182 0.567378
597.505 23.666 0.158941 0.0396874 0.742748
695.642 9.17336 0.170713 -0.00563327 1.0031
563.671 287.215 0.252417 0.0583031 0.688913
505.275 286.704 0.251488 0.0827681 0.689068
824.643 233.743 0.242954 -0.0577898 0.714104
820.741 235.133 0.247158 -0.0578312 0.721128
520.484 570.748 0.131457 0.0259545 0.445122
531.478 9.24702 0.151142 0.0628365 0.728521
697.067 283.957 0.257538 0.00134763 0.69708
821.213 277.286 0.260978 -0.0563782 0.705731
522.946 242.624 0.245882 0.0804464 0.718257
881.612 403.341 0.34586 -0.100407 0.710196
776.908 360.038 0.293847 -0.0351127 0.686907
820.431 188.994 0.221957 -0.054052 0.715734
529.121 363.656 0.305763 0.0855351 0.704965
764.044 240.035 0.266083 -0.0360483 0.754894
884.635 347.713 0.297915 -0.0902785 0.698914
576.521 353.906 0.279494 0.0547695 0.677582
826.534 358.896 0.29803 -0.0599784 0.69179
899.529 347.768 0.313248 -0.106824 0.71804
893.357 345.533 0.321541 -0.109175 0.73076
614.126 271.648 -0.0740506 0.0213482 0.189503
803.591 107.864 0.185767 -0.0430166 0.712231
694.33 229.662 0.220435 0.00240998 0.676033
885.323 401.095 0.372531 -0.116901 0.739347
867.914 204.99 0.236463 -0.0811549 0.730149
934.872 385.948 0.363986 -0.148003 0.742493
693.953 232.701 0.223183 0.00253132 0.678903
776.24 410.339 0.324723 -0.0365124 0.685794
884.052 191.955 0.218483 -0.0781964 0.70292
915.841 117.922 0.205404 -0.109149 0.762538
938.322 181.825 0.241994 -0.132341 0.771672
676.745 313.987 0.83028 0.0984649 1.54108
751.865 228.204 -0.0591649 0.0216735 0.209739
576.928 236.116 -0.0631704 0.0196901 0.204131
899.689 369.022 0.422306 -0.17006 0.825779
822.452 356.202 0.305945 -0.0613495 0.703834
738.19 334.466 0.842808 -0.114843 1.42571
900.913 347.949 0.310435 -0.10578 0.714275
496.243 206.705 0.229545 0.0900723 0.721718
573.307 355.202 0.276333 0.0550638 0.672629
852.774 201.695 0.217035 -0.0618332 0.690654
912.985 235.857 -0.0889026 0.0248928 0.168286
926.895 96.4028 -0.0795241 0.0249232 0.179267
892.939 118.646 0.21245 -0.106972 0.787742
800.68 153.677 0.235253 -0.0619173 0.802944
875.258 243.23 0.294219 -0.116547 0.803649
861.07 211.83 0.255211 -0.0897669 0.764251
876.804 241.271 0.290927 -0.115717 0.799763
874.035 241.734 0.293545 -0.115885 0.804493
903.909 109.771 0.203185 -0.104969 0.769245
721.125 142.133 -0.122653 -0.188084 3.58935
808.015 111.326 0.18893 -0.0461125 0.718162
