596.258 23.3739 0.16032 0.0399765 0.742051
537.36 30.2101 0.163117 0.0650963 0.744865
692.665 16.3334 0.158587 -2.54819e-05 0.745198
533.514 17.0217 0.156332 0.0635419 0.733723
729.828 220.339 0.250826 -0.503082 4.94543
714.504 210.15 -0.0966533 -0.136016 5.50028
594.482 2.5128 0.150992 0.0385758 0.731135
721.569 153.065 -0.122609 -0.210335 3.81441
693.81 19.3888 0.161355 -0.000698756 0.755601
552.279 25.462 0.0293579 0.436846 1.94529
808.515 104.196 0.186076 -0.0454252 0.712297
489.393 196.322 0.217952 0.0854998 0.701618
916.513 83.69 0.187928 -0.101832 0.748899
928.351 101.246 0.19298 -0.104668 0.738375
539.661 24.8363 0.161254 0.0640427 0.745956
798.496 128.167 0.213851 -0.0535812 0.771488
913.506 90.6305 0.191025 -0.101131 0.749179
732.863 195.222 0.231427 -0.0169279 0.728676
583.009 239.968 0.267327 0.0611471 0.758277
761.049 240.964 0.278165 -0.0377245 0.773672
906.19 210.839 0.251842 -0.110361 0.752032
837.458 207.273 0.238341 -0.0667375 0.728058
725.895 207.259 0.229664 -0.0125105 0.711545
860.509 245.661 0.297407 -0.107555 0.802457
699.044 238.52 0.267133 -0.00141636 0.75633
594.048 10.7146 0.154247 0.0393138 0.733316
938.039 178.251 0.242717 -0.133686 0.773659
809.023 241.636 0.281084 -0.0668015 0.777169
889.243 199.042 0.235596 -0.0917062 0.729993
643.651 233.184 0.250865 0.0259182 0.730931
813.543 126.57 0.206652 -0.0563095 0.749297
579.809 237.252 0.259893 0.0600894 0.74645
935.514 12.7431 0.158857 -0.104538 0.749013
501.179 285.452 0.249896 0.0828108 0.683998
775.254 278.806 0.250871 -0.0320001 0.68507
503.749 229.073 0.228072 0.0794081 0.691907
503.399 278.165 0.244566 0.0801805 0.680837
828.353 224.856 0.228143 -0.0531327 0.688908
537.917 243.328 0.276807 0.0905157 0.774664
925.362 121.83 0.207658 -0.112973 0.757226
519.363 359.584 0.299279 0.0871032 0.697016
833.346 291.449 0.26878 -0.062587 0.702021
884.914 343.073 0.295504 -0.0897432 0.69626
886.178 231.392 0.254343 -0.0945422 0.733659
889.42 351.668 0.309073 -0.0975171 0.706509
822.563 228.555 0.242364 -0.0572003 0.714121
888.533 232.108 0.253388 -0.0947209 0.730894
922.988 197.536 0.228865 -0.101586 0.715465
900.109 342.729 0.308091 -0.10486 0.712441
499.192 274.781 0.237859 0.0786466 0.672153
915.835 202.072 0.237193 -0.104665 0.729442
652.413 241.104 0.252932 0.0216353 0.726415
883.702 290.881 0.273299 -0.0890028 0.70842
923.525 267.211 0.259454 -0.104817 0.706156
840.106 291.494 0.261159 -0.0620845 0.689833
844.281 300.898 0.276216 -0.0694088 0.705079
698.355 282.346 0.256011 0.000557898 0.692321
704.104 284.317 0.213327 0.000439875 0.621511
772.978 229.838 0.241095 -0.0339498 0.711454
516.965 200.94 0.232982 0.0833629 0.731101
772.107 355.223 0.296594 -0.0339534 0.690935
647.72 272.465 0.249109 0.0221579 0.690146
640.492 228.915 0.229845 0.0240652 0.692693
504.617 203.853 0.232646 0.0880587 0.727293
630.115 350.531 0.271699 0.0298816 0.665518
843.977 485.851 0.166009 -0.0151667 0.489639
557.03 231.769 0.235038 0.06051 0.702348
741.194 189.01 0.220619 -0.0188812 0.709848
634.914 280.208 0.238608 0.0256284 0.666613
512.034 418.165 0.309379 0.0858029 0.667697
560.851 627.284 0.187873 0.0285965 0.483221
532.925 407.664 0.340068 0.0901462 0.707083
505.363 282.719 0.249272 0.0812086 0.685065
864.017 432.393 0.228083 -0.0399906 0.568953
595.857 18.7408 0.158206 0.0396759 0.739739
695.104 7.46761 0.171449 -0.00565336 1.00504
563.02 283.578 0.252386 0.0582451 0.688304
503.555 283.371 0.250516 0.0825508 0.686652
823.265 230.44 0.243677 -0.0578074 0.71483
818.982 232.426 0.248402 -0.0577975 0.722346
516.247 564.054 0.130679 0.0260593 0.443352
529.522 4.02906 0.150432 0.0626711 0.725616
696.282 280.556 0.256965 0.00139861 0.695458
820.428 274.407 0.2602 -0.0558931 0.703358
522.179 239.236 0.245881 0.080417 0.717592
880.221 399.757 0.346877 -0.100657 0.711095
776.84 357.609 0.291785 -0.0348254 0.683013
819.4 185.511 0.222014 -0.0539059 0.715189
528.081 360.64 0.305438 0.0855242 0.703792
763.625 236.763 0.265687 -0.0360645 0.753685
884.082 344.346 0.297753 -0.0902841 0.698176
575.818 350.483 0.279315 0.054695 0.67668
824.541 355.011 0.299869 -0.0601294 0.693951
899.534 344.704 0.312537 -0.106743 0.716482
892.677 342.39 0.321705 -0.10931 0.730501
612.086 267.076 -0.073903 0.0213968 0.188547
803.406 103.614 0.185651 -0.0432262 0.711742
693.308 225.676 0.220556 0.00250081 0.675783
884.51 397.946 0.373056 -0.117185 0.739581
866.882 201.548 0.237034 -0.0814217 0.730937
933.758 382.909 0.364472 -0.148157 0.742629
692.253 228.787 0.2233 0.00289096 0.678631
774.477 405.396 0.327926 -0.0368017 0.689769
883.234 188.302 0.218493 -0.0781398 0.702346
915.33 114.454 0.205271 -0.109024 0.761595
937.69 178.774 0.241661 -0.131842 0.770105
676.04 312.999 0.819406 0.0970412 1.52355
752.509 229.186 -0.0589938 0.0217303 0.208834
574.866 238.28 -0.063203 0.0197381 0.202988
821.228 352.716 0.306828 -0.0614459 0.704575
738.12 333.032 0.836187 -0.114344 1.41868
901.606 345.233 0.308806 -0.105381 0.711202
495.214 203.12 0.229368 0.0900244 0.720763
572.652 351.621 0.276298 0.0550201 0.671991
852.01 197.878 0.216927 -0.0617493 0.689877
899.461 222.006 -0.0888141 0.0248879 0.167296
914.005 93.8964 -0.079864 0.0248821 0.177766
894.497 111.967 0.209111 -0.105532 0.781099
799.455 151.759 0.236894 -0.0622701 0.805538
874.598 240.302 0.294492 -0.116782 0.803855
860.012 208.784 0.255661 -0.0898435 0.764622
874.845 238.511 0.292791 -0.116357 0.802985
873.346 238.635 0.293483 -0.115902 0.804272
645.185 357.347 0.298186 0.026626 0.694342
769.861 354.708 0.298681 -0.0333921 0.69401
560.289 284.065 0.248173 0.0576982 0.680999
639.505 279.424 0.244827 0.0247587 0.67744
564.673 12.8442 0.169767 0.0742068 0.862431
619.965 398.886 -0.0837611 0.0225326 0.176487
608.721 44.7049 -0.0821266 0.022601 0.174075
937.615 133.06 0.0714898 -0.00377334 0.415811
699.193 85.3653 0.235745 -0.00888987 1.07688
674.893 149.479 0.225551 0.0101087 0.77749
902.959 106.563 0.203463 -0.105072 0.769427
720.981 141.026 -0.122647 -0.188002 3.58825
807.293 107.356 0.188614 -0.0459152 0.716715
