704.223 257.074 0.228703 -0.0110035 0.960778
618.672 257.975 0.230033 0.0663627 0.96551
786.239 227.874 0.203964 -0.0832498 0.963667
777.274 175.572 0.158503 -0.0719683 0.961693
701.026 105.765 0.107436 -0.0111005 0.973355
875.838 101.803 0.104915 -0.143082 0.961925
543.886 183.998 0.161395 0.117004 0.959421
591.55 110.668 0.108668 0.0719811 0.965672
634.511 109.236 0.10943 0.0406482 0.975029
544.67 183.843 0.16185 0.11706 0.961469
855.57 155.775 0.149618 -0.142214 0.986727
733.535 232.515 0.206208 -0.0369667 0.960894
790.161 230.129 0.195334 -0.0811293 0.936101
504.83 159.817 0.150815 0.159949 0.998593
701.325 96.4636 0.0993405 -0.0114348 0.960421
634.001 103.219 0.104454 0.0398936 0.969495
879.313 129.193 0.11872 -0.138433 0.932094
918.743 11.7699 0.0471887 -0.192978 1.03647
791.876 173.909 0.153509 -0.0809525 0.947223
483.037 38.7607 0.0619103 0.151346 0.992619
834.695 233.057 0.211716 -0.12838 0.969065
929.747 5.99657 0.0446837 -0.180448 0.987534
752.078 256.58 0.231612 -0.0546695 0.966211
832.678 258.621 0.246172 -0.137189 0.99008
592.752 106.765 0.106381 0.0713017 0.968634
751.533 256.866 0.233257 -0.0545501 0.969258
853.314 239.791 0.222978 -0.150466 0.980094
860.996 151.935 0.143261 -0.141032 0.971428
522.866 200.744 0.115721 0.0754634 0.788362
581.179 259.374 0.233673 0.102325 0.972214
566.096 235.546 0.203269 0.105535 0.953826
577.468 260.039 0.220124 0.0959027 0.941033
788.536 257.234 0.228022 -0.085829 0.955315
858.317 234.223 0.207655 -0.144604 0.955068
790.097 255.079 0.226478 -0.0872823 0.956411
489.605 118.37 0.114846 0.154977 0.977908
789.645 257.7 0.22944 -0.0873076 0.957384
729.062 230.698 0.20246 -0.0327332 0.955676
852.033 284.676 0.266616 -0.154659 0.973533
854.769 160.479 0.153792 -0.142632 0.988105
755.049 257.997 0.228151 -0.0560526 0.955417
754.119 255.511 0.222839 -0.054315 0.948966
758.84 257.916 0.218331 -0.0564936 0.934061
704.123 256.756 0.228743 -0.0109197 0.961553
662.371 301.172 0.268348 0.02876 0.952474
702.657 259.022 0.228056 -0.00958056 0.955281
769.873 227.516 0.20133 -0.0680117 0.95834
576.402 289.57 0.231907 0.091874 0.910867
494.217 121.286 0.118054 0.154818 0.984756
537.465 209.735 0.181581 0.125767 0.956826
700.117 66.0019 0.0853757 -0.0109558 1.16674
492.832 185.992 0.120986 0.101775 0.825355
697.839 408.759 0.18224 -0.00568388 0.713435
614.288 258.923 0.22182 0.0659065 0.945502
788.568 292.582 0.266701 -0.0901314 0.960635
822.298 612.203 0.08742 -0.0259181 0.543304
604.737 452.906 0.124635 0.0201259 0.627173
584.58 294.227 0.261296 0.100265 0.956141
665.703 257.402 0.211101 0.0198759 0.922992
594.581 112.831 0.111763 0.0721672 0.976369
800.464 240.944 0.217442 -0.0976015 0.966314
622.33 8.32886 0.0440843 0.0428835 0.975893
865.372 479.115 0.367845 -0.138463 0.828679
668.552 258.77 0.226028 0.0202738 0.952804
701.394 57.2896 0.0758646 -0.0126147 1.20053
591.016 358.186 0.536796 0.219367 1.20878
510.238 336.983 0.324787 0.196041 0.982206
490.514 313.076 0.333187 0.249085 1.04619
777.66 176.847 0.160544 -0.0729874 0.965464
863.611 167.452 0.157313 -0.147732 0.978119
838.101 257.286 0.231738 -0.132242 0.961198
828.76 333.344 0.308241 -0.131862 0.951536
507.77 168.421 0.158974 0.161056 1.00263
930.285 4.75882 0.0438121 -0.183548 0.994434
799.903 298.293 0.2439 -0.0886436 0.909938
826.328 299.945 0.287664 -0.134422 0.981327
502.572 152.333 0.143983 0.158834 0.995304
628.008 303.717 0.262389 0.057942 0.938945
849.892 286.052 0.274342 -0.15751 0.985169
584.66 519.584 0.434857 0.104354 0.844357
738.852 230.444 0.197489 -0.0400409 0.943055
799.061 436.001 0.118812 -0.0333292 0.625512
610.453 259.797 0.221681 0.068828 0.943584
925.187 12.1943 0.0483017 -0.184508 1.00338
943.674 200.393 0.235871 -0.330903 1.14875
754.554 294.198 0.256666 -0.0552526 0.941037
942.021 591.831 0.0836678 -0.0460079 0.543703
511.588 439.718 0.116943 0.0442566 0.624809
885.252 210.778 0.194711 -0.17327 0.976554
881.692 214.385 0.202156 -0.176022 0.988702
823.238 234.552 0.2085 -0.114946 0.957976
843.398 335.77 0.32067 -0.152256 0.964406
574.471 345.038 0.151593 0.044405 0.719331
576.741 257.884 0.221652 0.098607 0.948813
868.056 109.054 0.113293 -0.146206 0.985939
562.318 356.774 0.159769 0.0510876 0.722689
705.688 591.692 0.0898623 -0.00624982 0.550583
845.618 253.794 0.234993 -0.143895 0.975782
709.338 455.513 0.120328 -0.0087204 0.620381
697.798 28.7266 0.0564758 -0.00981844 1.07036
889.371 456.154 0.113014 -0.0539635 0.610465
486.514 275.256 0.260041 0.207655 0.997558
582.249 294.824 0.25999 0.10138 0.952729
838.897 332.255 0.32853 -0.154134 0.982189
789.445 257.006 0.223349 -0.0845167 0.945541
830.397 352.565 0.165628 -0.0645546 0.72925
587.71 343.404 0.317431 0.107222 0.957017
664.422 254.816 0.214067 0.0218478 0.934586
886.94 348.856 0.188377 -0.102505 0.762494
883.315 212.696 0.199305 -0.175552 0.984942
746.834 300.552 0.274316 -0.0507563 0.960516
710.552 340.214 0.189503 -0.0127432 0.775486
847.364 298.349 0.272083 -0.145867 0.956665
580.325 297.159 0.25959 0.10188 0.947736
947.221 590.562 0.0837548 -0.0469775 0.54402
674.847 287.528 0.245585 0.0150764 0.936106
774.566 176.76 0.161955 -0.0713478 0.971188
705.918 342.498 0.308248 -0.0107744 0.941062
676.763 313.104 0.704084 0.116754 1.65471
665.994 257 0.226909 0.0229514 0.958597
668.577 293.888 0.261541 0.0226379 0.953794
705.801 342.942 0.306322 -0.0106618 0.937671
724.186 242.943 0.214173 -0.0286863 0.957285
570.834 598 0.0883659 0.0173563 0.548699
855.848 232.729 0.203566 -0.139727 0.948332
828.918 351.458 0.166523 -0.0643906 0.73134
722.742 238.802 0.197838 -0.0260057 0.926867
756.21 229.861 0.195359 -0.0537682 0.938165
774.248 435.26 0.146951 -0.0309764 0.657606
696.933 397.948 0.199346 -0.00512143 0.740946
870.648 108.189 0.111061 -0.144121 0.97419
834.332 232.096 0.208133 -0.125728 0.96225
570.487 573.798 0.0924209 0.0186551 0.557877
588.822 345.185 0.314771 0.104097 0.950256
839.368 302.772 0.411961 -0.238812 1.18798
613.74 444.174 0.112535 0.0159512 0.617029
640.855 340.909 0.190446 0.0242817 0.777707
873.036 104.656 0.107507 -0.142895 0.966544
695.386 182.969 0.162553 -0.00515792 0.958961
840.055 292.59 0.255923 -0.13153 0.939273
844.229 501.271 0.186496 -0.059379 0.664362
639.092 356.803 0.161517 0.0188703 0.723785
807.561 510.13 0.0623151 -0.0220286 0.541695
714.722 334.839 0.295598 -0.0191424 0.93526
617.23 295.517 0.254752 0.0668164 0.940605
845.087 500.391 0.187073 -0.0599437 0.665285
942.059 601.135 0.0823683 -0.0451197 0.540613
710.934 301.025 0.274421 -0.0164555 0.96129
777.334 354.435 0.161807 -0.0402577 0.723534
794.079 300.992 0.278679 -0.0973943 0.96521
898.439 475.391 0.228598 -0.100698 0.71531
803.833 497.614 0.0654292 -0.0222819 0.547835
737.903 180.168 0.161716 -0.0399283 0.961929
815.47 394.535 0.231122 -0.0728513 0.778425
630.82 27.5341 0.0555307 0.0475633 1.05204
640.586 344.54 0.187433 0.0235765 0.77006
486.58 272.293 0.257834 0.207885 0.999752
711.003 601.316 0.0817632 -0.00694866 0.541383
758.99 342.415 0.192111 -0.0385553 0.776153
580.086 296.42 0.258768 0.101926 0.947632
895.393 460.997 0.110354 -0.054115 0.605801
772.613 175.428 0.158739 -0.0683935 0.963256
773.255 172.971 0.156744 -0.0687755 0.96312
658.478 302.86 0.260012 0.0303005 0.935194
577.64 13.3767 0.0467561 0.0757418 0.981081
510.677 448.631 0.114042 0.0428041 0.618025
839.975 334.4 0.330518 -0.155262 0.980974
583.594 569.878 0.102151 0.0178826 0.567506
612.891 256.463 0.21766 0.0658655 0.941354
642.108 355.508 0.162576 0.0178161 0.726142
487.404 276.209 0.262407 0.208681 1.00024
586.055 344.206 0.314056 0.106848 0.951004
828.873 331.958 0.308722 -0.132866 0.954614
702.458 256.817 0.222576 -0.0094852 0.947836
810.612 230.494 0.201568 -0.101481 0.950271
640.311 343.015 0.187977 0.023934 0.77222
480.698 279.726 0.265442 0.215677 0.998745
710.545 461.841 0.118211 -0.00891833 0.615673
885.91 212.571 0.194175 -0.171418 0.970229
489.921 283.704 0.27782 0.217008 1.01399
701.264 42.5554 0.0573045 -0.0128107 1.25408
547.01 205.612 -0.167901 0.00160259 0.234771
790.852 440.481 -0.171647 0.00446808 0.234051
754.672 74.3863 -0.185086 0.00489874 0.207924
878.159 81.69 0.102599 -0.224032 1.17897
865.309 12.6647 0.041809 -0.180213 1.1347
807.61 344.018 0.705946 -0.32078 1.44954
683.231 326.71 0.893752 0.133485 1.83689
715.509 256.354 0.707191 -0.0567142 4.67071
554.997 49.8273 -0.170261 0.00212562 0.228232
728.888 264.564 -0.184044 0.00461561 0.211479
613.994 448.264 0.115439 0.0162268 0.618726
713.427 180.89 0.159803 -0.0197025 0.954157
697.625 2.34957 0.0360887 -0.0101781 1.08964
619.557 292.956 0.262305 0.0686462 0.958977
674.911 140.575 0.158939 0.0870853 1.83549
739.611 67.8696 -0.191256 0.00509489 0.199446
744.833 245.833 -0.189752 0.00500525 0.202693
741.688 369.49 -0.191774 0.0050659 0.200388
793.732 452.554 -0.170431 0.00443895 0.236294
734.73 379.378 -0.182714 0.00452429 0.215037
797.893 252.203 0.0519061 -0.0272005 0.605529
751.873 329.975 0.77446 -0.179464 1.62848
808.966 169.03 0.236169 -0.253916 1.50598
697.266 419.615 0.171871 -0.00547598 0.694863
793.97 292.823 0.245484 -0.0861065 0.922055
787.74 362.154 0.114139 -0.033266 0.653183
699.444 51.774 0.0690821 -0.0103219 1.22335
712.871 181.531 0.162383 -0.0194334 0.961628
861.454 168.721 0.159683 -0.148027 0.983589
840.995 59.5718 0.0816739 -0.151212 1.09904
581.718 67.0145 0.0501768 0.233668 1.5416
788.718 257.405 0.236146 -0.0897954 0.972795
584.033 28.462 0.0562337 0.0786813 1.01047
833.285 257.879 0.240966 -0.134344 0.980319
700.281 105.123 0.106457 -0.0105318 0.969499
593.72 116.467 0.114488 0.0733974 0.977177
633.461 112.129 0.111001 0.0412239 0.971678
665.892 257.035 0.22809 0.0232926 0.961155
502.334 153.071 0.144603 0.159247 0.995431
545.603 185.819 0.164526 0.117969 0.965311
