595.84 15.2557 0.159657 0.0400109 0.74123
536.678 22.1929 0.162478 0.0651755 0.744122
692.543 8.48936 0.158111 1.38711e-05 0.744996
533.001 8.78031 0.155719 0.0635614 0.733051
729.889 218.882 0.250465 -0.503002 4.94446
714.465 208.549 -0.0972729 -0.135916 5.49973
721.591 150.364 -0.122971 -0.20994 3.80799
693.858 11.2371 0.160559 -0.000715764 0.754433
551.253 21.1383 0.0288003 0.437033 1.94537
808.44 96.542 0.185608 -0.0453805 0.712033
488.795 188.83 0.217182 0.0855135 0.700646
916.626 76.4953 0.187394 -0.101698 0.748331
928.893 93.7895 0.192212 -0.104524 0.73733
539.098 16.8082 0.16063 0.0640828 0.745256
800.53 120.37 0.212387 -0.054231 0.769562
913.904 83.289 0.190352 -0.101037 0.748392
732.842 188.222 0.230573 -0.0168594 0.727537
582.493 233.599 0.266178 0.0611178 0.756579
760.901 234.955 0.276975 -0.0374379 0.771794
906.159 204.383 0.251309 -0.110311 0.751608
836.509 200.682 0.238824 -0.0668466 0.729665
726.169 200.358 0.231159 -0.0129477 0.71541
860.931 239.905 0.296169 -0.107315 0.800679
698.909 232.182 0.265696 -0.00132463 0.754033
593.666 2.40751 0.153614 0.0393422 0.732593
938.707 171.74 0.241719 -0.133454 0.772204
809.231 235.564 0.279971 -0.0666441 0.775616
890.716 191.845 0.233864 -0.0914426 0.727154
643.328 226.476 0.249674 0.0259374 0.729094
814.429 118.547 0.204698 -0.055906 0.74558
579.188 230.734 0.258782 0.0601166 0.744805
936.097 4.81031 0.158208 -0.104432 0.748201
499.922 278.415 0.248538 0.0828081 0.681959
775.091 272.091 0.250056 -0.0318127 0.683755
503.224 221.664 0.227344 0.0794567 0.691025
501.294 271.064 0.242869 0.0803132 0.678181
827.404 217.277 0.228062 -0.0530082 0.689598
537.215 237.102 0.275921 0.0906545 0.773588
925.888 114.779 0.206877 -0.11283 0.756161
518.092 353.379 0.297515 0.0870712 0.694558
833.529 284.749 0.267666 -0.0624047 0.700534
885.964 336.864 0.293473 -0.0893743 0.693442
886.469 224.725 0.253381 -0.0943568 0.732412
890.113 346.185 0.307068 -0.0968655 0.70336
823.081 221.305 0.240884 -0.0570024 0.712046
887.329 225.909 0.253972 -0.0948529 0.732276
925.395 189.314 0.226245 -0.100985 0.711445
903.527 337.073 0.303298 -0.103839 0.705697
498.501 267.647 0.236958 0.0786265 0.670721
914.975 196.046 0.237586 -0.104814 0.730247
652.737 232.87 0.250334 0.0212439 0.723376
882.1 284.474 0.274136 -0.0890613 0.709939
923.355 260.616 0.25899 -0.104739 0.705626
840.165 284.746 0.260203 -0.0618833 0.68848
846.069 294.299 0.273247 -0.0690594 0.700723
698.131 275.356 0.255057 0.000663375 0.691088
703.92 275.314 0.212157 0.00052612 0.620269
773.79 222.697 0.239219 -0.0338936 0.708393
516.345 193.927 0.232119 0.083361 0.729926
772.522 349.033 0.294549 -0.0337879 0.688095
647.221 265.309 0.24868 0.0223752 0.689849
641.351 221.227 0.230145 0.0238426 0.694225
504.918 196.826 0.232169 0.0879035 0.726982
629.688 343.312 0.2706 0.0299758 0.66424
556.625 224.602 0.234313 0.060557 0.701449
741.121 181.719 0.219994 -0.0188279 0.709223
634.555 273.47 0.238154 0.0257452 0.665645
510.878 411.89 0.307708 0.0857968 0.665504
560.456 614.395 0.187049 0.0286685 0.482392
531.948 402.074 0.338131 0.0900144 0.704479
502.768 275.754 0.247069 0.0812741 0.68156
863.321 422.937 0.229122 -0.040392 0.570154
595.474 10.7975 0.157721 0.0397713 0.739477
694.905 1.57774 0.170944 -0.00555351 1.00582
562.496 276.455 0.251408 0.0582802 0.687033
500.01 276.721 0.247127 0.0822672 0.68094
822.416 223.819 0.243877 -0.0577309 0.715599
818.938 225.566 0.24773 -0.0577167 0.721696
518.016 546.232 0.129952 0.025915 0.442677
695.785 273.673 0.255792 0.00162913 0.693801
821.569 267.972 0.257051 -0.0551876 0.698026
521.514 232.289 0.244972 0.0804518 0.716375
882.342 394.915 0.342882 -0.0998958 0.705821
777.099 351.421 0.289701 -0.0345456 0.68006
819.876 178.372 0.220857 -0.0537253 0.713195
527.204 354.583 0.303729 0.0853596 0.701373
763.137 230.621 0.265111 -0.0357636 0.752909
884.49 338.044 0.296427 -0.0900378 0.696406
576.107 343.564 0.278557 0.0545023 0.675754
824.333 348.527 0.299147 -0.0599843 0.693093
899.453 338.479 0.3119 -0.106696 0.715798
890.844 335.757 0.323773 -0.110124 0.733957
613.686 288.494 -0.0748569 0.0215097 0.187866
803.231 96.0767 0.185559 -0.0433655 0.712627
692.849 217.895 0.218126 0.00273032 0.671578
883.891 392.136 0.372967 -0.117193 0.739585
866.789 194.726 0.236889 -0.0816527 0.73142
934.199 377.534 0.362998 -0.147794 0.740723
690.115 221.666 0.224071 0.00370049 0.68044
774.846 399.723 0.324915 -0.0364379 0.68598
883.348 181.123 0.217611 -0.0778262 0.700934
916.104 107.234 0.204292 -0.108814 0.760065
939.573 171.962 0.239503 -0.130924 0.765907
675.41 310.693 0.807953 0.0960461 1.50604
780.891 213.121 -0.031277 0.0197449 0.247771
576.74 262.687 -0.064005 0.0198377 0.202519
820.7 346.109 0.306878 -0.0614708 0.704938
737.654 330.302 0.853794 -0.117047 1.44328
497.326 196.323 0.231 0.0906131 0.724985
573.007 344.318 0.276253 0.0550533 0.672224
915.353 115.292 -0.0810877 0.0249774 0.176774
899.952 99.0628 0.202575 -0.103316 0.768894
875.033 234.542 0.293269 -0.1165 0.802072
875.133 232.761 0.291741 -0.116108 0.801517
873.178 232.919 0.293038 -0.115857 0.804043
645.011 350.732 0.297535 0.0266928 0.693619
769.687 348.127 0.298094 -0.0333216 0.693378
559.07 277.029 0.245854 0.0574626 0.67733
639.977 272.161 0.243244 0.0244082 0.675096
564.95 6.40894 0.169464 0.0739441 0.862473
614.401 411.855 -0.0843231 0.0225447 0.176283
607.455 57.5308 -0.0825295 0.0226298 0.17404
909.044 143.381 0.0810989 -0.00537033 0.430025
699.373 78.6645 0.233303 -0.00911218 1.0711
674.66 142.853 0.224852 0.0101915 0.776575
933.219 350.789 0.580204 -0.358463 1.02041
881.033 333.512 0.299438 -0.091109 0.70415
876.86 331.424 0.299782 -0.0897107 0.706461
820.082 265.491 0.255513 -0.0542756 0.697623
827.553 203.205 0.251571 -0.069672 0.755914
901.75 100.639 0.204185 -0.105611 0.772193
720.993 138.377 -0.12321 -0.187883 3.58702
807.151 99.8108 0.188091 -0.0457983 0.716224
