703.507 251.79 0.228492 -0.0109556 0.960212
617.868 252.794 0.229822 0.0664106 0.964944
785.581 222.386 0.203753 -0.0832019 0.963101
776.563 169.723 0.158292 -0.0719204 0.961127
700.079 99.5136 0.107225 -0.0110526 0.972789
875.305 95.3329 0.104704 -0.143034 0.961359
542.732 178.33 0.161184 0.117052 0.958855
590.305 104.455 0.108456 0.0720289 0.965106
633.391 103.063 0.109219 0.0406961 0.974464
543.518 178.19 0.161639 0.117108 0.960903
855.024 149.938 0.149407 -0.142166 0.986161
732.816 227.065 0.205997 -0.0369188 0.960328
789.472 224.408 0.195123 -0.0810815 0.935535
503.526 154.302 0.150604 0.159997 0.998027
700.35 90.0291 0.0991293 -0.0113869 0.959855
632.862 96.9513 0.104243 0.0399414 0.968929
878.731 122.677 0.118508 -0.138385 0.931528
918.494 5.00313 0.0469775 -0.19293 1.03591
791.169 167.913 0.153298 -0.0809047 0.946657
481.219 32.1659 0.0616992 0.151394 0.992053
834.097 227.614 0.211505 -0.128333 0.968499
751.412 251.308 0.2314 -0.0546216 0.965646
832.104 253.498 0.245961 -0.137141 0.989514
591.503 100.542 0.10617 0.0713496 0.968068
750.871 251.621 0.233046 -0.0545023 0.968692
852.745 234.467 0.222766 -0.150419 0.979528
860.439 145.945 0.14305 -0.140984 0.970862
521.483 193.143 0.11551 0.0755112 0.787796
580.339 254.281 0.233461 0.102373 0.971648
565.142 230.163 0.203058 0.105582 0.95326
576.593 254.684 0.219913 0.0959506 0.940467
787.889 251.848 0.22781 -0.0857811 0.954749
857.722 228.653 0.207444 -0.144556 0.954502
789.451 249.69 0.226267 -0.0872345 0.955845
488.095 112.375 0.114635 0.155025 0.977342
789.001 252.334 0.229229 -0.0872597 0.956818
728.329 225.196 0.202248 -0.0326853 0.955111
851.448 279.549 0.266405 -0.154611 0.972967
854.224 154.687 0.153581 -0.142584 0.987539
754.375 252.639 0.22794 -0.0560048 0.954851
753.433 250.083 0.222627 -0.0542671 0.9484
758.142 252.363 0.21812 -0.0564458 0.933495
703.407 251.477 0.228531 -0.0108718 0.960987
661.695 296.085 0.268137 0.0288078 0.951909
701.936 253.704 0.227845 -0.0095327 0.954715
769.189 221.991 0.201119 -0.0679638 0.957774
575.577 284.092 0.231696 0.0919218 0.910301
492.734 115.365 0.117843 0.154866 0.98419
536.38 204.228 0.18137 0.125815 0.95626
699.27 60.5252 0.0851646 -0.0109079 1.16618
491.416 178.886 0.120775 0.101823 0.824789
696.873 400.678 0.182029 -0.00563602 0.712869
613.459 253.577 0.221609 0.0659543 0.944936
787.949 287.433 0.26649 -0.0900836 0.960069
820.379 597.258 0.0872088 -0.0258703 0.542738
603.468 442.357 0.124424 0.0201738 0.626607
583.834 289.191 0.261085 0.100313 0.955575
664.901 251.803 0.21089 0.0199238 0.922426
593.359 106.72 0.111552 0.072215 0.975803
799.832 235.549 0.217231 -0.0975537 0.965749
620.946 1.24985 0.0438732 0.0429314 0.975327
864.559 473.167 0.367634 -0.138415 0.828113
667.792 253.452 0.225817 0.0203217 0.952239
700.558 51.862 0.0756535 -0.0125669 1.19996
590.696 354.936 0.536584 0.219415 1.20821
509.624 332.422 0.324576 0.196089 0.98164
489.841 308.874 0.332976 0.249133 1.04562
776.956 171.038 0.160333 -0.0729396 0.964898
863.065 161.629 0.157102 -0.147684 0.977553
837.497 251.918 0.231527 -0.132194 0.960632
828.147 328.278 0.30803 -0.131814 0.95097
506.508 163.001 0.158763 0.161104 1.00207
799.226 292.696 0.243689 -0.0885957 0.909372
825.744 294.974 0.287453 -0.134375 0.980761
501.233 146.737 0.143772 0.158882 0.994738
627.301 298.546 0.262178 0.0579899 0.938379
849.319 281.026 0.27413 -0.157462 0.984603
584.477 514.145 0.434646 0.104402 0.843791
738.114 224.822 0.197277 -0.0399931 0.94249
797.671 425.157 0.118601 -0.0332814 0.624946
609.62 254.441 0.22147 0.0688759 0.943018
924.9 5.2132 0.0480906 -0.18446 1.00281
943.412 195.813 0.235659 -0.330855 1.14819
753.899 288.909 0.256455 -0.0552047 0.940471
939.946 576.73 0.0834566 -0.0459601 0.543137
510.282 429.07 0.116732 0.0443045 0.624243
884.72 205.225 0.194499 -0.173222 0.975988
881.171 208.953 0.201945 -0.175974 0.988136
822.615 229.033 0.208289 -0.114898 0.95741
842.794 330.812 0.320459 -0.152208 0.96384
573.375 336.882 0.151382 0.0444529 0.718765
575.866 252.586 0.221441 0.0986549 0.948247
867.542 102.839 0.113082 -0.146158 0.985373
561.265 348.766 0.159558 0.0511354 0.722123
703.949 577.328 0.0896511 -0.00620197 0.550017
845.037 248.522 0.234782 -0.143847 0.975216
707.987 444.608 0.120116 -0.00867255 0.619815
696.816 22.4225 0.0562646 -0.00977059 1.06979
887.85 444.667 0.112803 -0.0539157 0.609899
485.629 270.518 0.25983 0.207703 0.996992
581.499 289.763 0.259779 0.101428 0.952163
838.313 327.429 0.328319 -0.154086 0.981623
788.786 251.532 0.223138 -0.0844688 0.944975
829.377 344.493 0.165417 -0.0645068 0.728684
587.12 338.608 0.31722 0.10727 0.956452
663.628 249.313 0.213856 0.0218956 0.93402
885.998 341.407 0.188166 -0.102457 0.761928
882.791 207.223 0.199094 -0.175504 0.984376
746.207 295.471 0.274105 -0.0507084 0.95995
709.653 333.087 0.189292 -0.0126953 0.77492
846.756 293.153 0.271871 -0.145819 0.956099
579.575 292.067 0.259379 0.101928 0.94717
945.142 575.477 0.0835437 -0.0469297 0.543455
674.131 282.215 0.245374 0.0151243 0.93554
773.863 170.999 0.161744 -0.0713 0.970622
705.319 337.47 0.308036 -0.0107266 0.940497
676.478 310.83 0.703872 0.116802 1.65414
665.235 251.722 0.226698 0.0229993 0.958031
684.515 627.969 0.0731971 -0.00284169 0.525469
667.891 288.771 0.261329 0.0226857 0.953228
705.199 337.885 0.306111 -0.0106139 0.937105
723.466 237.532 0.213962 -0.0286384 0.956719
569.203 583.615 0.0881548 0.0174042 0.548133
855.242 227.093 0.203355 -0.139679 0.947766
827.904 343.428 0.166312 -0.0643427 0.730774
721.976 233.091 0.197627 -0.0259578 0.926301
755.486 224.18 0.195148 -0.0537204 0.937599
773.05 425.649 0.14674 -0.0309285 0.657041
696.04 390.435 0.199135 -0.00507357 0.74038
870.121 101.874 0.11085 -0.144073 0.973624
833.724 226.59 0.207922 -0.12568 0.961684
568.912 560.002 0.0922097 0.0187029 0.557311
588.23 340.337 0.31456 0.104145 0.94969
838.945 299.025 0.41175 -0.238764 1.18741
612.373 433.131 0.112324 0.015999 0.616463
639.95 333.875 0.190235 0.0243296 0.777141
872.504 98.2491 0.107296 -0.142847 0.965978
694.534 177.197 0.162342 -0.00511006 0.958395
839.426 287.217 0.255712 -0.131482 0.938707
843.067 492.097 0.186285 -0.0593311 0.663796
638.06 348.765 0.161306 0.0189182 0.723219
805.474 494.49 0.062104 -0.0219808 0.541129
714.104 329.718 0.295387 -0.0190945 0.934694
616.495 290.327 0.254541 0.0668643 0.940039
843.927 491.241 0.186862 -0.0598958 0.664719
939.953 585.813 0.0821572 -0.0450719 0.540047
710.293 295.978 0.27421 -0.0164076 0.960724
776.303 346.28 0.161596 -0.0402098 0.722968
793.472 295.919 0.278468 -0.0973465 0.964644
897.365 467.453 0.228387 -0.10065 0.714744
801.813 482.439 0.065218 -0.022234 0.547269
737.127 174.377 0.161505 -0.0398805 0.961363
814.614 387.623 0.230911 -0.0728035 0.777859
629.567 21.1448 0.0553195 0.0476112 1.05147
639.669 337.387 0.187222 0.0236243 0.769494
485.684 267.555 0.257623 0.207933 0.999186
709.153 586.229 0.081552 -0.00690081 0.540817
758.098 335.276 0.1919 -0.0385074 0.775587
579.333 291.325 0.258556 0.101974 0.947066
893.838 449.304 0.110143 -0.0540671 0.605235
771.896 169.594 0.158528 -0.0683456 0.96269
772.536 167.118 0.156533 -0.0687277 0.962554
657.782 297.629 0.259801 0.0303483 0.934628
576.102 6.40663 0.046545 0.0757897 0.980515
509.349 437.731 0.113831 0.0428519 0.617459
839.388 329.572 0.330307 -0.155214 0.980408
582.119 556.735 0.101939 0.0179305 0.56694
612.05 251.066 0.217449 0.0659134 0.940788
641.082 347.515 0.162365 0.0178639 0.725576
486.527 271.496 0.262196 0.208729 0.99967
585.46 339.363 0.313845 0.106896 0.950438
828.263 326.912 0.308511 -0.132818 0.954048
701.724 251.421 0.222365 -0.00943735 0.94727
809.964 224.89 0.201356 -0.101433 0.949705
639.396 335.895 0.187766 0.0239819 0.771654
709.172 450.755 0.118 -0.00887047 0.615107
885.37 206.977 0.193964 -0.17137 0.969664
489.091 279.132 0.277609 0.217056 1.01343
700.434 37.1645 0.0570934 -0.0127628 1.25351
558.247 240.048 -0.168112 0.00165044 0.234205
802.808 474.888 -0.171858 0.00451594 0.233485
775.126 114.985 -0.185297 0.0049466 0.207358
877.926 76.3298 0.102388 -0.223984 1.1784
865.014 6.44424 0.0415978 -0.180165 1.13413
807.272 341.321 0.705735 -0.320732 1.44897
683.016 324.768 0.893541 0.133533 1.83633
715.343 255.239 0.70698 -0.0566664 4.67014
566.84 84.0553 -0.170472 0.00217347 0.227666
747.133 303.479 -0.184255 0.00466346 0.210913
612.65 437.318 0.115228 0.0162747 0.61816
712.599 175.052 0.159591 -0.0196546 0.953591
618.839 287.912 0.262093 0.0686941 0.958411
674.27 137.297 0.158728 0.0871331 1.83492
775.746 125.168 -0.191467 0.00514275 0.19888
773.233 295.488 -0.189963 0.00505311 0.202127
776.651 427.335 -0.191985 0.00511376 0.199822
805.444 487.013 -0.170642 0.00448681 0.235728
751.335 416.899 -0.182925 0.00457215 0.214471
796.122 239.305 0.0516949 -0.0271527 0.604963
751.613 327.662 0.774249 -0.179416 1.62791
808.728 165.446 0.235958 -0.253868 1.50542
696.249 411.111 0.17166 -0.00542812 0.694297
793.305 287.322 0.245273 -0.0860586 0.921489
786.421 352.013 0.113928 -0.0332182 0.652617
682.948 636.208 0.0719549 -0.00261064 0.522935
698.604 46.3755 0.068871 -0.010274 1.22278
712.052 175.762 0.162172 -0.0193855 0.961062
860.913 162.951 0.159472 -0.147979 0.983023
840.563 53.6522 0.0814628 -0.151164 1.09848
580.427 62.5926 0.0499656 0.233716 1.54103
788.092 252.167 0.235935 -0.0897475 0.972229
582.578 21.8436 0.0560225 0.0787291 1.00991
832.701 252.675 0.240755 -0.134297 0.979753
699.327 98.8364 0.106246 -0.0104839 0.968933
592.506 110.393 0.114277 0.0734453 0.976611
632.342 105.954 0.11079 0.0412718 0.971112
665.136 251.78 0.227878 0.0233405 0.960589
500.996 147.482 0.144392 0.159295 0.994865
544.463 180.212 0.164315 0.118017 0.964746
