591.996 6.75608 0.159456 0.0402324 0.741256
532.595 13.8163 0.162277 0.0653971 0.744147
528.781 0.098629 0.155518 0.063783 0.733076
729.487 217.496 0.250264 -0.50278 4.94449
713.975 207.024 -0.097474 -0.135694 5.49976
720.921 148.026 -0.123172 -0.209719 3.80801
690.502 2.87848 0.160358 -0.000494202 0.754458
548.567 16.6201 0.0285993 0.437255 1.9454
805.424 88.2612 0.185407 -0.0451589 0.712058
484.953 181.292 0.216981 0.085735 0.700671
914.062 68.5987 0.187193 -0.101477 0.748356
926.31 85.8649 0.192011 -0.104303 0.737356
535.012 8.39357 0.160429 0.0643043 0.745281
797.887 113.18 0.212186 -0.0540095 0.769587
911.342 75.4514 0.190151 -0.100815 0.748417
729.964 180.988 0.230372 -0.0166378 0.727562
579.529 227.243 0.265977 0.0613394 0.756604
758.455 228.68 0.276774 -0.0372163 0.77182
903.757 197.524 0.251108 -0.110089 0.751633
833.885 193.509 0.238623 -0.0666251 0.72969
723.233 193.019 0.230958 -0.0127261 0.715435
858.761 233.942 0.295968 -0.107094 0.800704
696.237 225.694 0.265495 -0.00110307 0.754059
936.405 164.917 0.241518 -0.133232 0.77223
806.881 229.307 0.27977 -0.0664225 0.775641
888.144 184.534 0.233663 -0.0912211 0.72718
640.353 219.616 0.249473 0.0261589 0.729119
811.686 110.996 0.204497 -0.0556844 0.745606
576.136 224.191 0.258581 0.0603382 0.74483
496.406 271.222 0.248337 0.0830297 0.681984
772.232 264.65 0.249855 -0.0315911 0.68378
499.52 214.206 0.227143 0.0796783 0.69105
497.716 263.738 0.242668 0.0805347 0.678206
824.539 209.526 0.227861 -0.0527867 0.689624
534.209 231.032 0.27572 0.090876 0.773613
923.43 107.31 0.206676 -0.112608 0.756187
515.096 346.927 0.297314 0.0872928 0.694583
830.894 277.655 0.267465 -0.0621832 0.700559
883.417 329.899 0.293272 -0.0891527 0.693467
883.971 217.73 0.25318 -0.0941352 0.732437
887.642 339.442 0.306867 -0.096644 0.703385
820.37 213.997 0.240683 -0.0567808 0.712071
884.833 218.92 0.253771 -0.0946314 0.732301
922.769 181.699 0.226044 -0.100763 0.711471
901.055 330.307 0.303097 -0.103617 0.705722
494.836 260.143 0.236757 0.078848 0.670747
912.457 188.8 0.237385 -0.104592 0.730272
649.774 225.959 0.250133 0.0214655 0.723401
879.564 277.499 0.273935 -0.0888397 0.709964
920.784 253.383 0.258789 -0.104518 0.705651
837.456 277.423 0.260002 -0.0616617 0.688505
843.467 287.256 0.273046 -0.0688378 0.700749
695.198 268.144 0.254856 0.000884938 0.691113
700.358 266.444 0.211956 0.000747683 0.620294
770.972 215.37 0.239017 -0.033672 0.708418
512.827 186.912 0.231918 0.0835826 0.729951
769.903 342.158 0.294348 -0.0335664 0.68812
644.131 258.047 0.248479 0.0225968 0.689874
638.115 213.726 0.229944 0.0240641 0.69425
501.351 189.795 0.231968 0.0881251 0.727007
626.653 336.078 0.270398 0.0301973 0.664265
553.196 217.323 0.234112 0.0607786 0.701475
738.126 174.121 0.219793 -0.0186063 0.709248
631.268 265.783 0.237953 0.0259667 0.66567
507.924 405.244 0.307507 0.0860184 0.665529
555.286 601.392 0.186848 0.0288901 0.482417
529.304 396.073 0.33793 0.090236 0.704504
499.246 268.531 0.246868 0.0814957 0.681585
859.796 413.232 0.228921 -0.0401705 0.570179
591.602 2.22654 0.15752 0.0399928 0.739502
559.204 269.292 0.251207 0.0585018 0.687058
496.478 269.495 0.246926 0.0824887 0.680965
819.733 216.59 0.243676 -0.0575094 0.715624
816.29 218.453 0.247529 -0.0574951 0.721721
510.424 528.234 0.129751 0.0261366 0.442703
692.862 266.503 0.255591 0.00185069 0.693826
818.867 260.734 0.25685 -0.054966 0.698051
518.104 225.356 0.24477 0.0806733 0.7164
879.967 388.462 0.342681 -0.0996742 0.705846
774.432 344.403 0.2895 -0.034324 0.680086
817.074 170.77 0.220656 -0.0535037 0.713221
524.288 348.25 0.303528 0.0855812 0.701398
760.586 224.06 0.26491 -0.035542 0.752935
881.963 331.14 0.296226 -0.0898162 0.696431
573.057 336.627 0.278356 0.0547239 0.675779
821.784 341.686 0.298946 -0.0597627 0.693118
897.041 331.893 0.311699 -0.106474 0.715823
888.525 329.447 0.323572 -0.109902 0.733983
620.264 313.995 -0.0750579 0.0217313 0.187891
800.204 87.8042 0.185358 -0.0431439 0.712652
689.561 209.876 0.217925 0.00295188 0.671604
881.685 386.181 0.372766 -0.116971 0.73961
864.212 187.52 0.236688 -0.0814311 0.731445
931.942 371.471 0.362797 -0.147573 0.740748
686.904 213.863 0.22387 0.00392205 0.680465
772.356 393.081 0.324714 -0.0362163 0.686005
880.583 173.284 0.21741 -0.0776047 0.700959
913.64 99.7622 0.204091 -0.108593 0.76009
937.243 165.055 0.239302 -0.130703 0.765932
674.46 308.525 0.807751 0.0962677 1.50606
795.892 256.372 -0.031478 0.0199665 0.247796
584.787 290.042 -0.064206 0.0200593 0.202544
493.715 189.262 0.230799 0.0908346 0.72501
569.924 337.318 0.276052 0.0552748 0.672249
923.27 138.462 -0.0812887 0.0251989 0.176799
897.493 91.6525 0.202374 -0.103094 0.768919
872.874 228.55 0.293068 -0.116279 0.802097
871.023 226.94 0.292836 -0.115635 0.804069
767.099 341.347 0.297893 -0.0331 0.693403
555.692 269.681 0.245653 0.0576842 0.677355
636.778 264.661 0.243043 0.0246297 0.675122
619.558 438.498 -0.0845242 0.0227663 0.176308
612.003 80.4928 -0.0827305 0.0228513 0.174066
900.281 118.132 0.0808979 -0.00514876 0.43005
697.273 73.495 0.233101 -0.00889062 1.07113
671.755 135.994 0.224651 0.0104131 0.7766
931.653 346.991 0.580003 -0.358242 1.02044
878.544 326.724 0.299237 -0.0908874 0.704175
874.381 324.668 0.299581 -0.0894892 0.706486
817.37 258.231 0.255312 -0.054054 0.697648
825.066 196.449 0.25137 -0.0694504 0.755939
899.313 93.285 0.203984 -0.10539 0.772218
720.271 135.866 -0.123411 -0.187661 3.58704
804.167 91.632 0.18789 -0.0455768 0.716249
