590.817 2.2691 0.158739 0.0402287 0.740929
531.388 9.41843 0.161665 0.0653572 0.744191
729.517 216.735 0.249929 -0.502772 4.94421
713.965 206.144 -0.0981176 -0.135681 5.49993
720.958 146.441 -0.123538 -0.209392 3.80268
547.828 13.8952 0.0280585 0.437382 1.9461
804.95 84.6173 0.184794 -0.0451189 0.712057
483.37 177.511 0.216329 0.0857253 0.70067
913.851 65.3195 0.186666 -0.10144 0.748548
926.311 82.5584 0.19137 -0.104232 0.737219
533.982 4.15678 0.159956 0.0643032 0.745787
797.56 109.826 0.211443 -0.0539722 0.769353
911.078 72.1947 0.189726 -0.100931 0.749062
729.321 177.716 0.229706 -0.016658 0.727542
578.444 224.107 0.26499 0.0611697 0.755939
758.002 225.833 0.275923 -0.0372503 0.771511
903.566 194.722 0.250439 -0.110088 0.751612
833.486 190.493 0.238005 -0.0666438 0.729756
722.504 189.806 0.230549 -0.012766 0.71593
858.627 231.425 0.294955 -0.106968 0.800026
695.581 222.672 0.264649 -0.00116681 0.753735
936.431 162.058 0.240761 -0.133173 0.772035
806.552 226.566 0.27888 -0.0664006 0.775236
887.768 181.561 0.233138 -0.0912614 0.727452
639.386 216.488 0.248859 0.0261511 0.729133
811.287 107.602 0.203834 -0.0556389 0.745538
575.175 220.897 0.257715 0.060157 0.744507
495.329 268.018 0.248068 0.0830102 0.682459
771.582 261.85 0.249475 -0.0316685 0.684037
498.39 210.69 0.226782 0.0796707 0.691542
496.461 260.542 0.242349 0.0805461 0.67856
823.181 207.201 0.228573 -0.0529773 0.691678
532.528 227.927 0.274531 0.0907779 0.772538
923.449 104.065 0.205986 -0.11258 0.756133
514.185 343.829 0.297157 0.0873014 0.695311
830.121 274.94 0.267341 -0.0623139 0.701342
882.536 327.174 0.293266 -0.0893884 0.694461
883.212 215.238 0.25322 -0.094353 0.733524
887.128 337.029 0.306339 -0.0967117 0.703491
819.933 210.993 0.240177 -0.0568711 0.712334
884.936 216.024 0.252843 -0.0946401 0.731806
922.431 178.694 0.225582 -0.100858 0.711872
900.516 327.715 0.302588 -0.103717 0.706009
492.503 257.051 0.235822 0.0788754 0.669911
912.063 185.982 0.236994 -0.104708 0.730762
648.898 222.765 0.249385 0.0214061 0.723223
879.052 275.141 0.273293 -0.0887235 0.709678
919.86 250.794 0.258858 -0.104767 0.70679
837.059 274.546 0.259409 -0.0617629 0.688602
843.182 284.466 0.272091 -0.0688167 0.7003
694.245 265.239 0.254535 0.000892041 0.691515
699.466 262.683 0.211823 0.000659587 0.621253
770.199 212.327 0.238774 -0.0337308 0.709185
511.491 183.386 0.231256 0.0835305 0.729907
769.156 339.567 0.293818 -0.0336071 0.68819
642.83 255.169 0.246483 0.0224959 0.687201
637.324 210.416 0.229645 0.0240037 0.694881
499.683 186.22 0.231214 0.088139 0.726784
625.796 332.963 0.270128 0.0301158 0.66481
552.192 213.938 0.23371 0.0607409 0.701896
737.456 170.759 0.219256 -0.018639 0.709507
630.392 262.909 0.238177 0.0259738 0.666798
507.178 401.906 0.307485 0.0860057 0.666456
554.102 594.293 0.187168 0.0288883 0.483854
528.592 393.187 0.337923 0.0902007 0.705313
497.849 265.527 0.2462 0.0813369 0.681212
858.559 409.173 0.228712 -0.0402962 0.571012
558.762 265.939 0.251407 0.0584658 0.688542
496.163 266.165 0.247183 0.0824883 0.682425
818.716 213.942 0.243908 -0.0576482 0.717094
815.931 215.453 0.24693 -0.0575893 0.721853
509.44 518.547 0.130025 0.0261293 0.444298
692.127 263.459 0.255448 0.00175739 0.694659
818.267 257.77 0.25639 -0.0550467 0.698429
516.842 222.072 0.244227 0.0806401 0.716494
879.085 385.651 0.342877 -0.100088 0.707154
528.129 417.926 0.25004 0.0549168 0.595208
774.017 341.79 0.288515 -0.0344096 0.679555
816.551 167.709 0.220115 -0.0534871 0.713276
523.797 344.737 0.304201 0.0858609 0.703575
760.143 220.987 0.263984 -0.0355762 0.752603
880.836 328.357 0.296574 -0.0901468 0.697964
572.421 333.338 0.278514 0.0547002 0.677031
819.349 337.928 0.302321 -0.0605979 0.699279
895.501 329.243 0.312544 -0.106921 0.718027
888.043 327.072 0.323234 -0.110112 0.734417
623.99 330.881 -0.0755082 0.0217768 0.189042
799.71 84.2072 0.184892 -0.0431909 0.713116
689.157 206.303 0.217434 0.00274333 0.671981
880.305 383.519 0.373831 -0.117553 0.74191
931.502 369.38 0.362259 -0.147686 0.740831
686.493 210.084 0.220892 0.00374641 0.675952
771.605 390.43 0.324353 -0.0363362 0.686397
880.206 170.273 0.216935 -0.077644 0.701166
914.099 96.2542 0.20312 -0.108496 0.759348
937.175 162.234 0.238611 -0.130643 0.765824
673.778 307.434 0.80087 0.09545 1.49558
813.227 271.582 -0.0260669 0.0195636 0.256936
492.484 185.702 0.230293 0.090821 0.725328
569.783 333.852 0.27693 0.0552855 0.674569
928.562 155.322 -0.08198 0.0252836 0.177601
896.034 90.4758 0.203502 -0.103735 0.772169
872.667 226.044 0.292308 -0.116264 0.801928
871.627 224.272 0.291034 -0.115337 0.801892
766.635 338.886 0.296686 -0.0331156 0.6925
554.758 266.416 0.245257 0.0575894 0.6777
636.148 261.411 0.243312 0.0245645 0.676665
622.967 454.084 -0.0849426 0.0228075 0.177491
615.66 95.4066 -0.0833017 0.0229132 0.174997
893.926 112.211 0.0820219 -0.00541624 0.43322
696.89 69.8028 0.231441 -0.00886044 1.06753
670.364 126.259 0.216872 0.0102863 0.763702
930.635 345.58 0.581127 -0.359295 1.02262
877.303 324.192 0.299567 -0.091086 0.705521
873.2 321.799 0.299998 -0.0898399 0.708248
818.33 255.182 0.253594 -0.0542825 0.695851
769.294 265.336 0.249248 -0.0302809 0.68084
898.745 212.028 0.2395 -0.0916061 0.708021
771.594 451.902 -0.0547156 0.0214373 0.221302
771.662 333.457 -0.0346045 0.0197498 0.246441
699.092 132.335 0.22586 -0.00446332 0.782498
504.641 130.742 0.211179 0.0856093 0.742704
699.181 49.8656 0.20806 -0.0150958 1.30939
762.832 274.92 -0.0392672 0.0201591 0.238431
769.197 206.541 0.229448 -0.0310087 0.695311
916.103 1.51318 0.165317 -0.109558 0.782306
928.055 68.8398 0.178933 -0.0932548 0.710084
874.003 196.608 0.244617 -0.0891889 0.736686
898.834 90.3667 0.203716 -0.105533 0.77318
720.303 134.401 -0.12401 -0.187608 3.58664
803.972 87.7538 0.186944 -0.0454835 0.715432
