590.287 0.283527 0.158802 0.0402695 0.741106
530.782 7.4996 0.161728 0.065398 0.744368
729.447 216.451 0.249992 -0.502731 4.94439
713.87 205.845 -0.0980547 -0.135641 5.50011
720.826 145.965 -0.123475 -0.209352 3.80286
547.321 13.0632 0.0281214 0.437423 1.94627
804.761 82.6093 0.184857 -0.0450782 0.712235
482.859 175.87 0.216392 0.085766 0.700848
913.792 63.3505 0.186729 -0.101399 0.748725
926.274 80.583 0.191433 -0.104192 0.737396
533.375 2.2282 0.160019 0.064344 0.745964
797.39 108.11 0.211506 -0.0539315 0.76953
911.019 70.2469 0.189789 -0.10089 0.74924
729.109 176.049 0.229769 -0.0166172 0.727719
578.123 222.737 0.265052 0.0612105 0.756117
757.864 224.412 0.275986 -0.0372095 0.771689
903.549 193.083 0.250502 -0.110047 0.75179
833.393 188.805 0.238067 -0.066603 0.729934
722.289 188.124 0.230612 -0.0127252 0.716107
858.587 230.04 0.295018 -0.106927 0.800203
695.376 221.223 0.264712 -0.00112606 0.753912
936.434 160.394 0.240824 -0.133132 0.772213
806.46 225.13 0.278943 -0.0663598 0.775413
887.728 179.812 0.233201 -0.0912207 0.72763
639.109 214.969 0.248922 0.0261918 0.72931
811.126 105.788 0.203897 -0.0555982 0.745716
574.842 219.482 0.257778 0.0601977 0.744684
494.923 266.496 0.248131 0.0830509 0.682636
771.459 260.162 0.249538 -0.0316278 0.684214
497.929 209.077 0.226845 0.0797114 0.691719
496.044 258.985 0.242411 0.0805869 0.678738
823.08 205.394 0.228636 -0.0529366 0.691856
532.173 226.645 0.274594 0.0908187 0.772716
923.418 102.217 0.206049 -0.11254 0.756311
513.899 342.516 0.29722 0.0873421 0.695489
830.066 273.325 0.267404 -0.0622732 0.70152
882.551 325.607 0.293328 -0.0893477 0.694639
883.181 213.591 0.253283 -0.0943123 0.733701
887.151 335.516 0.306402 -0.0966709 0.703668
819.835 209.289 0.24024 -0.0568303 0.712511
884.908 214.372 0.252906 -0.0945993 0.731984
922.425 176.854 0.225645 -0.100818 0.71205
900.545 326.186 0.302651 -0.103676 0.706187
492.07 255.444 0.235885 0.0789161 0.670088
912.05 184.241 0.237057 -0.104668 0.730939
648.634 221.231 0.249448 0.0214468 0.723401
879.042 273.532 0.273356 -0.0886827 0.709856
919.877 249.098 0.258921 -0.104727 0.706967
837.009 272.869 0.259472 -0.0617221 0.68878
843.144 282.859 0.272154 -0.068776 0.700477
694.05 263.638 0.254597 0.000932794 0.691693
699.237 260.674 0.211886 0.00070034 0.62143
770.05 210.642 0.238837 -0.0336901 0.709363
511.04 181.868 0.231319 0.0835713 0.730084
769.084 338.065 0.293881 -0.0335663 0.688367
642.572 253.556 0.246546 0.0225366 0.687379
637.023 208.739 0.229708 0.0240445 0.695059
499.22 184.703 0.231277 0.0881798 0.726962
625.579 331.42 0.270191 0.0301566 0.664988
551.804 212.351 0.233773 0.0607816 0.702074
737.242 168.995 0.219319 -0.0185982 0.709685
630.115 261.219 0.23824 0.0260146 0.666976
506.93 400.58 0.307548 0.0860465 0.666634
553.788 591.618 0.187231 0.0289291 0.484032
528.384 391.998 0.337986 0.0902415 0.70549
497.443 263.993 0.246263 0.0813777 0.68139
858.579 407.022 0.228775 -0.0402554 0.571189
558.426 264.405 0.25147 0.0585066 0.68872
495.756 264.639 0.247246 0.0825291 0.682602
818.619 212.265 0.24397 -0.0576074 0.717272
815.833 213.801 0.246993 -0.0575485 0.722031
508.774 514.568 0.130088 0.0261701 0.444476
691.93 261.87 0.255511 0.00179814 0.694836
818.191 256.112 0.256452 -0.055006 0.698607
516.432 220.587 0.24429 0.0806809 0.716671
879.122 384.248 0.34294 -0.100047 0.707331
527.836 416.19 0.250102 0.0549576 0.595386
773.948 340.25 0.288578 -0.0343688 0.679732
816.424 165.909 0.220178 -0.0534464 0.713454
523.526 343.453 0.304264 0.0859017 0.703753
760 219.492 0.264047 -0.0355354 0.752781
880.851 326.808 0.296637 -0.090106 0.698141
572.162 331.887 0.278577 0.0547409 0.677208
819.319 336.44 0.302384 -0.0605572 0.699456
895.527 327.766 0.312607 -0.10688 0.718205
888.063 325.655 0.323296 -0.110072 0.734595
624.967 344.603 -0.0754453 0.0218176 0.18922
799.514 82.2061 0.184955 -0.0431501 0.713293
834.597 639.057 0.171326 -0.0106139 0.461084
688.899 204.472 0.217497 0.00278408 0.672158
880.342 382.232 0.373894 -0.117512 0.742088
931.564 368.035 0.362322 -0.147645 0.741008
686.237 208.285 0.220955 0.00378716 0.67613
771.568 389.015 0.324415 -0.0362954 0.686575
880.149 168.389 0.216998 -0.0776032 0.701343
914.054 94.4033 0.203183 -0.108455 0.759526
937.18 160.55 0.238674 -0.130603 0.766001
673.715 307.012 0.800932 0.0954908 1.49576
814.527 287.685 -0.026004 0.0196044 0.257113
492.011 184.182 0.230356 0.0908618 0.725506
569.52 332.392 0.276992 0.0553263 0.674746
931.285 170.359 -0.0819172 0.0253243 0.177779
895.968 88.665 0.203564 -0.103695 0.772346
872.636 224.645 0.292371 -0.116223 0.802105
871.595 222.87 0.291097 -0.115296 0.802069
766.561 337.402 0.296749 -0.0330749 0.692678
554.411 264.834 0.24532 0.0576302 0.677877
635.882 259.765 0.243374 0.0246052 0.676843
624.085 471.687 -0.0848798 0.0228483 0.177669
616.507 111.034 -0.0832389 0.0229539 0.175175
893.733 105.736 0.0820848 -0.00537548 0.433398
696.623 68.637 0.231503 -0.00881969 1.06771
670.057 124.637 0.216935 0.010327 0.763879
930.666 344.734 0.58119 -0.359254 1.0228
877.313 322.668 0.29963 -0.0910452 0.705699
873.206 320.284 0.300061 -0.0897992 0.708426
818.252 253.507 0.253657 -0.0542417 0.696028
769.171 263.641 0.249311 -0.0302402 0.681018
898.727 210.263 0.239563 -0.0915653 0.708198
772.877 464.193 -0.0546528 0.021478 0.221479
772.947 347.635 -0.0345416 0.0197906 0.246618
698.828 130.772 0.225923 -0.00442257 0.782676
504.13 129.151 0.211242 0.0856501 0.742882
698.918 48.8496 0.208123 -0.0150551 1.30956
764.031 288.265 -0.0392043 0.0201999 0.238609
769.038 204.78 0.229511 -0.030968 0.695488
928.012 66.7111 0.178996 -0.093214 0.710261
873.956 194.937 0.24468 -0.0891482 0.736863
898.77 88.5574 0.203778 -0.105493 0.773357
720.161 133.888 -0.123947 -0.187567 3.58682
803.784 85.7697 0.187006 -0.0454427 0.71561
