701.723 244.299 0.224207 -0.0109012 0.959117
615.732 245.301 0.225055 0.0664502 0.962585
784.497 214.89 0.197428 -0.0825925 0.95634
774.793 161.773 0.15408 -0.0718357 0.960308
698.121 90.9636 0.103241 -0.0109193 0.973076
873.741 86.9509 0.100607 -0.143094 0.961157
540.551 170.098 0.157227 0.117386 0.958868
588.19 95.7723 0.104586 0.0723175 0.965866
631.189 94.2669 0.104994 0.0408429 0.97374
541.381 169.951 0.157578 0.11729 0.960583
854.502 141.676 0.144089 -0.141659 0.981606
731.207 219.454 0.20163 -0.0369925 0.959041
783.969 215.939 0.202008 -0.0841559 0.966227
500.193 145.751 0.145844 0.159991 0.995363
698.352 81.8966 0.0958674 -0.0112502 0.963163
630.973 88.3124 0.100363 0.0400339 0.969617
877.261 114.272 0.114169 -0.138297 0.930301
789.283 159.933 0.149331 -0.0809161 0.946662
832.529 220.23 0.207047 -0.128242 0.966907
749.842 244.016 0.226315 -0.0544917 0.96248
830.668 246.44 0.241056 -0.136832 0.986851
589.303 91.6871 0.10204 0.0714356 0.967674
749.124 244.261 0.228663 -0.0544152 0.967345
850.979 227.217 0.218499 -0.1503 0.978453
858.326 138.097 0.139097 -0.140795 0.970951
518.365 184.037 0.111112 0.075616 0.78619
578.024 246.762 0.228809 0.102525 0.969623
562.839 222.329 0.198571 0.105662 0.951588
573.175 247.07 0.214075 0.0960619 0.935606
785.811 244.507 0.223677 -0.0855126 0.953849
856.805 221.178 0.202334 -0.144441 0.951306
787.713 242.316 0.221874 -0.0871471 0.954404
483.684 102.876 0.109594 0.15506 0.973658
787 244.966 0.225584 -0.0873046 0.957117
726.485 217.551 0.197924 -0.0325782 0.953899
849.9 272.607 0.26178 -0.15449 0.970904
852.673 146.901 0.149433 -0.1426 0.986978
752.624 245.302 0.223109 -0.0557977 0.952268
751.411 242.621 0.21868 -0.0541032 0.947978
756.435 244.742 0.215049 -0.0568716 0.935158
701.611 244.032 0.223968 -0.0108068 0.959159
659.847 288.804 0.263805 0.0289227 0.950522
700.571 246.24 0.223726 -0.00985846 0.953858
767.398 214.417 0.196873 -0.0678817 0.956735
573.402 276.43 0.227357 0.0920777 0.908804
489.174 106.266 0.113298 0.155155 0.982375
533.721 196.151 0.17688 0.125981 0.954546
697.723 51.5797 0.0806177 -0.0108278 1.16449
489.58 169.591 0.117551 0.102714 0.82718
694.069 389.31 0.179416 -0.00552985 0.715044
611.454 246.02 0.217016 0.0658915 0.942848
786.294 280.704 0.260348 -0.0892455 0.954568
812.634 572.622 0.085109 -0.0261563 0.546388
600.878 427.501 0.119351 0.0200978 0.626433
582.056 282.014 0.256883 0.100272 0.954039
661.619 244.269 0.204183 0.0205183 0.915442
591.249 98.0279 0.107537 0.0723761 0.975935
798.187 228.142 0.212673 -0.097407 0.96394
860.575 463.662 0.367671 -0.139649 0.831453
665.986 245.915 0.22178 0.0204027 0.951608
699.325 44.7198 0.0724612 -0.0127155 1.20662
584.283 351.165 0.509995 0.213058 1.17387
507.315 325.654 0.319656 0.196026 0.978778
486.798 302.236 0.327072 0.2487 1.04116
775.144 163.142 0.156274 -0.0729001 0.964616
861.457 153.87 0.153014 -0.147773 0.977197
835.648 244.609 0.227496 -0.132279 0.96011
826.353 321.447 0.303674 -0.131784 0.949233
505.268 155.077 0.155806 0.162182 1.00571
797.47 284.892 0.240014 -0.0890803 0.909755
823.608 288.084 0.283519 -0.134154 0.980065
498.519 138.248 0.139479 0.159029 0.993674
624.224 291.7 0.255183 0.0580178 0.931355
848.001 274.194 0.269139 -0.157246 0.981761
585.65 502.552 0.440333 0.106184 0.852171
736.213 217.149 0.192339 -0.0397244 0.939566
792.814 408.21 0.116884 -0.0338376 0.629659
607.555 246.763 0.217144 0.069029 0.941763
942.889 189.142 0.230782 -0.33037 1.14554
752.063 281.618 0.252322 -0.055171 0.939461
927.634 550.934 0.0816186 -0.0464352 0.547475
511.247 410.663 0.115453 0.0450599 0.629978
883.36 197.776 0.189909 -0.173003 0.974019
879.655 201.603 0.197623 -0.175948 0.986987
821.263 221.561 0.203582 -0.11486 0.955191
840.978 324.12 0.316119 -0.152141 0.962062
571.77 325.116 0.149412 0.045246 0.722866
574.323 244.964 0.217986 0.0989001 0.948808
866.825 94.2964 0.108566 -0.1463 0.983685
560.143 337.286 0.157151 0.0516371 0.725251
701.142 550.274 0.0881319 -0.00659845 0.555041
843.294 241.447 0.229892 -0.143185 0.97238
703.939 426.749 0.118591 -0.00862289 0.624789
695.123 12.4777 0.0516758 -0.00974529 1.0679
879.8 427.048 0.110995 -0.0544542 0.614322
482.741 263.264 0.254783 0.207551 0.993908
579.148 282.538 0.254652 0.101345 0.948976
836.547 320.867 0.323993 -0.153999 0.979805
786.987 244.047 0.218729 -0.084371 0.943606
690.209 621.607 0.130244 -0.00400744 0.571549
824.986 333.473 0.163067 -0.0648457 0.731843
584.829 331.815 0.311939 0.107302 0.953057
661.603 241.664 0.20923 0.0219767 0.931978
882.257 331.58 0.185217 -0.103068 0.763732
881.876 199.791 0.193985 -0.175036 0.98094
744.531 288.375 0.269488 -0.0506627 0.957978
707.2 323.178 0.186604 -0.0126911 0.777303
844.961 286.171 0.267964 -0.14605 0.955324
577.311 284.662 0.25483 0.102184 0.945364
933.598 550.378 0.0815831 -0.0475012 0.547532
672.258 274.744 0.241263 0.0152405 0.934635
772.344 163.08 0.157464 -0.071372 0.969619
703.637 330.891 0.301536 -0.010761 0.935014
674.378 307.169 0.68099 0.114347 1.61632
663.183 244.161 0.22241 0.0232617 0.956951
680.103 597.232 0.0715606 -0.00287859 0.530225
666.366 281.335 0.258023 0.0227066 0.954005
721.627 229.973 0.209549 -0.0285241 0.955288
568.955 558.979 0.0861737 0.0175041 0.552067
853.688 219.548 0.199184 -0.139941 0.947047
823.87 332.365 0.163979 -0.0648417 0.734028
720.038 225.294 0.193592 -0.0258834 0.925827
753.614 216.459 0.191015 -0.0536705 0.936884
769.216 411.373 0.144791 -0.0313416 0.66072
694.212 378.153 0.198568 -0.00531007 0.746198
868.126 93.7776 0.10702 -0.144163 0.974517
832.084 219.16 0.203638 -0.125684 0.960542
568.068 537.863 0.0900112 0.0188627 0.560776
586.216 333.345 0.30996 0.104308 0.947547
839.058 293.678 0.40262 -0.236611 1.1761
610.703 415.972 0.110429 0.0162264 0.620786
638.37 323.586 0.187983 0.0245323 0.780501
870.909 90.0162 0.103393 -0.143204 0.966698
692.229 169.142 0.158079 -0.00469512 0.957447
837.434 280.044 0.251951 -0.131665 0.938313
837.549 477.993 0.184238 -0.0596303 0.666641
635.937 337.611 0.158713 0.0191803 0.725898
797.586 468.412 0.0605095 -0.022381 0.546495
712.251 322.5 0.291654 -0.0190059 0.934173
614.616 282.829 0.25071 0.0671682 0.93969
838.377 477.277 0.184733 -0.0601532 0.66744
928.251 558.863 0.0803782 -0.0457229 0.544557
708.347 288.921 0.269288 -0.0161463 0.958081
773.052 335.162 0.159079 -0.040556 0.725825
792.265 289.196 0.272506 -0.0970057 0.959728
892.211 455.283 0.226455 -0.101412 0.717492
795.677 462.534 0.0623458 -0.0225228 0.549941
734.148 166.36 0.156769 -0.0387166 0.958733
812.018 378.214 0.226462 -0.0729058 0.777222
627.19 11.3647 0.0509728 0.0478238 1.05059
637.741 327.232 0.184619 0.0239039 0.772062
483.654 260.176 0.253686 0.20843 0.998733
704.987 559.509 0.0797924 -0.00710524 0.545286
754.99 325.393 0.189274 -0.0385489 0.778064
577.002 284.033 0.25362 0.101993 0.94432
883.143 429.547 0.109012 -0.0544026 0.611114
770.46 161.578 0.154205 -0.0684934 0.961625
771.156 158.857 0.150997 -0.0682699 0.95734
655.785 290.264 0.255738 0.0306079 0.933665
508.929 421.337 0.111622 0.0434403 0.621058
837.751 323.02 0.325776 -0.155148 0.978267
580.592 533.075 0.100438 0.0183422 0.57165
610.185 243.301 0.213431 0.0660647 0.940346
639.159 337.172 0.159179 0.0178809 0.726836
582.723 332.625 0.307976 0.106999 0.946072
826.214 320.026 0.304801 -0.132902 0.953405
699.758 243.889 0.218503 -0.00924957 0.947043
808.443 217.308 0.197034 -0.101559 0.948528
637.48 325.849 0.185096 0.0242441 0.774066
705.745 435.11 0.115551 -0.00897311 0.618014
689.493 637.929 0.125492 -0.00384604 0.563861
570.079 103.88 -0.175978 0.00205994 0.230365
749.101 319.353 -0.19077 0.00470254 0.212539
611.124 419.788 0.113513 0.0165086 0.622821
618.403 280.049 0.261317 0.0691751 0.96475
768.95 125.48 -0.198342 0.00520021 0.199986
771.699 301.131 -0.196648 0.00510986 0.203561
814.248 520.663 -0.175627 0.00450277 0.239804
753.756 431.809 -0.188677 0.00456898 0.217307
792.793 223.041 0.0477036 -0.027686 0.607329
751.392 324.412 0.754625 -0.17599 1.59866
693.656 397.807 0.170299 -0.00545262 0.698818
791.019 279.854 0.242344 -0.0862716 0.922845
781.499 337.681 0.112425 -0.033611 0.657848
678.601 604.499 0.0703933 -0.00265423 0.52782
859.952 155.04 0.154691 -0.147769 0.980352
839.946 44.4877 0.0767291 -0.150641 1.09533
556.291 221.959 0.191703 0.105337 0.934712
571.236 596.533 0.0743351 0.014423 0.533383
580.853 33.2569 0.0653057 0.0776654 0.995983
572.371 602.35 0.0735115 0.0140198 0.531506
556.185 221.935 0.191586 0.105334 0.934464
744.807 288.264 0.271996 -0.0514436 0.962646
541.384 169.328 0.157089 0.117185 0.960594
826.792 347.655 0.56636 -0.26921 1.23463
784.79 363.66 0.356842 -0.0955945 0.950189
714.786 303.057 0.548403 -0.0325174 1.40517
744.856 288.421 0.248139 -0.0468242 0.920096
628.137 318.205 0.28146 0.0573635 0.929124
497.162 2.23331 0.041556 0.172366 1.09644
700.721 56.0728 0.0850041 -0.0140764 1.15192
506.486 265.635 0.275628 0.205522 1.03162
577.571 53.4901 0.045087 0.233342 1.53682
786.394 244.893 0.231447 -0.0896171 0.970617
580.054 12.2466 0.0519197 0.0790209 1.01007
831.023 245.464 0.236579 -0.134389 0.978962
697.512 90.3366 0.102377 -0.0104671 0.969704
589.845 101.471 0.109825 0.0736321 0.974978
630.06 97.0396 0.106359 0.0413549 0.969566
663.146 244.323 0.223095 0.0234271 0.958172
498.317 139.005 0.140106 0.159427 0.993824
542.393 172.042 0.160373 0.118282 0.964771
