701.971 241.568 0.224099 -0.0108134 0.958969
615.906 242.666 0.224947 0.066538 0.962436
784.821 211.963 0.19732 -0.0825048 0.956192
775.085 158.654 0.153972 -0.0717479 0.960159
698.237 87.6494 0.103133 -0.0108316 0.972927
874.203 83.3851 0.100499 -0.143007 0.961008
540.542 167.235 0.157119 0.117473 0.958719
588.127 92.5648 0.104478 0.0724053 0.965717
631.19 91.0408 0.104886 0.0409306 0.973591
541.372 167.094 0.15747 0.117378 0.960434
854.914 138.477 0.143981 -0.141572 0.981457
731.469 216.605 0.201522 -0.0369047 0.958892
784.288 213.058 0.2019 -0.0840681 0.966079
500.072 142.977 0.145736 0.160078 0.995214
698.466 78.4964 0.0957595 -0.0111624 0.963014
630.969 85.0408 0.100255 0.0401216 0.969468
877.739 110.699 0.114061 -0.13821 0.930152
789.604 156.732 0.149223 -0.0808283 0.946513
832.909 217.324 0.206939 -0.128154 0.966758
750.135 241.256 0.226208 -0.0544039 0.962331
831.035 243.715 0.240948 -0.136744 0.986702
589.235 88.4667 0.101932 0.0715234 0.967525
749.414 241.522 0.228555 -0.0543275 0.967196
851.377 224.369 0.218391 -0.150212 0.978305
858.749 134.834 0.138989 -0.140708 0.970802
518.478 180.178 0.111004 0.0757038 0.786042
578.169 244.197 0.228701 0.102612 0.969474
562.941 219.613 0.198463 0.10575 0.951439
573.333 244.358 0.213967 0.0961497 0.935457
786.145 241.679 0.223569 -0.0854248 0.9537
857.224 218.186 0.202226 -0.144353 0.951158
788.049 239.481 0.221766 -0.0870594 0.954255
483.471 99.8423 0.109486 0.155148 0.973509
787.334 242.152 0.225477 -0.0872168 0.956969
726.743 214.677 0.197816 -0.0324905 0.95375
850.293 269.892 0.261672 -0.154403 0.970755
853.079 143.749 0.149325 -0.142513 0.98683
752.925 242.499 0.223001 -0.0557099 0.952119
751.712 239.79 0.218572 -0.0540154 0.947829
756.749 241.855 0.214941 -0.0567838 0.935009
701.859 241.301 0.22386 -0.010719 0.959011
660.107 286.22 0.263697 0.0290105 0.950373
700.822 243.494 0.223618 -0.00977069 0.953709
767.701 211.505 0.196765 -0.067794 0.956586
573.619 273.683 0.227249 0.0921655 0.908655
488.969 103.278 0.11319 0.155243 0.982227
533.752 193.379 0.176772 0.126069 0.954397
697.725 48.6431 0.0805098 -0.0107401 1.16434
489.603 166.028 0.117443 0.102802 0.827031
694.617 385.293 0.179308 -0.00544208 0.714895
611.636 243.305 0.216908 0.0659792 0.942699
786.637 278.002 0.26024 -0.0891577 0.954419
813.757 565.454 0.0850011 -0.0260685 0.546239
601.561 422.285 0.119243 0.0201856 0.626284
582.264 279.491 0.256776 0.10036 0.95389
661.855 241.371 0.204075 0.020606 0.915293
591.188 94.87 0.10743 0.0724639 0.975787
798.527 225.285 0.212565 -0.0973192 0.963792
861.019 460.715 0.367563 -0.139561 0.831304
666.208 243.19 0.221672 0.0204904 0.951459
699.311 41.8304 0.0723533 -0.0126278 1.20647
584.548 349.507 0.509887 0.213145 1.17373
507.574 323.419 0.319548 0.196114 0.978629
486.987 300.185 0.326964 0.248788 1.04102
775.435 160.047 0.156167 -0.0728123 0.964467
861.882 150.702 0.152906 -0.147686 0.977049
836.035 241.763 0.227388 -0.132191 0.959961
826.731 318.814 0.303566 -0.131696 0.949084
505.166 152.377 0.155698 0.162269 1.00557
797.849 281.983 0.239907 -0.0889925 0.909606
823.969 285.48 0.283412 -0.134066 0.979916
498.382 135.437 0.139371 0.159117 0.993525
624.478 289.067 0.255075 0.0581056 0.931206
848.386 271.53 0.269031 -0.157158 0.981612
586.24 499.964 0.440226 0.106272 0.852023
736.489 214.2 0.192231 -0.0396367 0.939417
793.582 402.853 0.116776 -0.0337498 0.62951
607.735 244.048 0.217036 0.0691168 0.941614
943.4 186.577 0.230674 -0.330282 1.14539
752.387 278.881 0.252214 -0.0550832 0.939312
928.82 543.653 0.0815107 -0.0463474 0.547326
511.867 405.531 0.115345 0.0451476 0.629829
883.812 194.763 0.189801 -0.172915 0.97387
880.095 198.66 0.197515 -0.17586 0.986838
821.635 218.621 0.203474 -0.114773 0.955042
841.357 321.538 0.316011 -0.152053 0.961914
572.188 321.087 0.149304 0.0453337 0.722717
574.472 242.305 0.217878 0.0989878 0.948659
867.264 90.8661 0.108459 -0.146212 0.983536
560.569 333.333 0.157043 0.0517249 0.725102
702.163 543.431 0.088024 -0.00651069 0.554892
843.684 238.634 0.229784 -0.143097 0.972232
695.123 9.08327 0.0515679 -0.00965753 1.06775
880.674 421.362 0.110887 -0.0543664 0.614173
482.852 260.935 0.254675 0.207639 0.993759
579.358 279.998 0.254544 0.101433 0.948827
836.914 318.351 0.323885 -0.153911 0.979656
787.328 241.17 0.218621 -0.0842832 0.943458
691.205 615.55 0.130136 -0.00391968 0.5714
825.564 329.369 0.162959 -0.0647579 0.731694
585.116 329.426 0.311831 0.10739 0.952909
901.215 635.573 0.115429 -0.0466015 0.553901
882.836 327.747 0.185109 -0.10298 0.763583
882.322 196.815 0.193877 -0.174949 0.980791
744.842 285.749 0.26938 -0.0505749 0.957829
707.638 319.583 0.186497 -0.0126033 0.777154
845.354 283.44 0.267856 -0.145963 0.955176
577.525 282.113 0.254722 0.102272 0.945215
934.787 543.093 0.0814752 -0.0474134 0.547383
672.521 272.032 0.241155 0.0153282 0.934487
772.628 160.009 0.157357 -0.0712842 0.96947
703.963 328.322 0.301428 -0.0106732 0.934865
674.508 305.992 0.680883 0.114435 1.61617
663.397 241.455 0.222302 0.0233495 0.956802
681.255 589.538 0.0714527 -0.00279083 0.530076
666.621 278.737 0.257915 0.0227944 0.953856
721.887 227.156 0.209442 -0.0284363 0.955139
569.941 552.144 0.0860658 0.0175918 0.551918
854.105 216.534 0.199076 -0.139853 0.946898
824.444 328.282 0.163872 -0.064754 0.733879
720.308 222.325 0.193484 -0.0257956 0.925678
753.911 213.479 0.190907 -0.0535828 0.936735
769.899 406.611 0.144683 -0.0312538 0.660571
694.714 374.443 0.19846 -0.0052223 0.74605
868.571 90.307 0.106912 -0.144075 0.974368
832.466 216.224 0.20353 -0.125596 0.960393
569.005 531.272 0.0899033 0.0189504 0.560627
586.507 330.935 0.309852 0.104396 0.947398
839.358 291.67 0.402512 -0.236523 1.17595
611.391 410.59 0.110321 0.0163141 0.620637
638.767 320.076 0.187875 0.02462 0.780352
871.363 86.4919 0.103285 -0.143116 0.966549
692.407 166.122 0.157971 -0.00460736 0.957298
837.831 277.223 0.251843 -0.131578 0.938164
838.254 473.473 0.18413 -0.0595426 0.666492
636.401 333.606 0.158605 0.019268 0.72575
798.68 460.851 0.0604016 -0.0222932 0.546346
712.575 319.896 0.291546 -0.0189182 0.934025
614.849 280.216 0.250603 0.067256 0.939541
839.081 472.766 0.184625 -0.0600655 0.667292
929.453 551.494 0.0802703 -0.0456351 0.544408
708.634 286.328 0.26918 -0.0160586 0.957932
773.601 331.039 0.158971 -0.0404682 0.725676
792.612 286.539 0.272398 -0.0969179 0.959579
892.83 451.33 0.226347 -0.101324 0.717343
796.75 455.091 0.0622379 -0.022435 0.549792
734.382 163.293 0.156661 -0.0386288 0.958584
812.532 374.7 0.226354 -0.072818 0.777073
627.043 7.98903 0.0508649 0.0479115 1.05044
638.149 323.659 0.184511 0.0239917 0.771913
483.757 257.855 0.253578 0.208518 0.998584
706.057 552.32 0.0796845 -0.00701748 0.545137
755.458 321.773 0.189166 -0.0384611 0.777915
577.215 281.478 0.253512 0.102081 0.944171
884.03 423.794 0.108904 -0.0543149 0.610965
770.744 158.468 0.154098 -0.0684057 0.961476
771.443 155.716 0.150889 -0.0681821 0.957191
656.053 287.611 0.25563 0.0306956 0.933516
509.577 416.054 0.111514 0.043528 0.620909
838.119 320.503 0.325668 -0.15506 0.978118
581.499 526.821 0.10033 0.0184299 0.571501
610.363 240.566 0.213323 0.0661525 0.940197
583.013 330.208 0.307868 0.107087 0.945923
826.589 317.407 0.304694 -0.132814 0.953256
700.01 241.105 0.218396 -0.00916181 0.946895
808.801 214.334 0.196926 -0.101471 0.94838
637.884 322.29 0.184988 0.0243319 0.773917
706.503 429.662 0.115443 -0.00888535 0.617865
690.525 631.681 0.125384 -0.00375827 0.563712
568.911 120.312 -0.176085 0.0021477 0.230216
618.623 277.535 0.261209 0.0692629 0.964601
771.564 148.974 -0.198449 0.00528797 0.199837
753.998 449.976 -0.188785 0.00465674 0.217158
793.57 216.41 0.0475957 -0.0275982 0.607181
791.383 277 0.242236 -0.0861839 0.922696
782.172 332.608 0.112317 -0.0335232 0.657699
679.768 596.717 0.0702854 -0.00256646 0.527671
860.373 151.891 0.154583 -0.147681 0.980203
556.396 219.171 0.191595 0.105425 0.934563
572.325 589.054 0.0742272 0.0145108 0.533234
580.67 29.8649 0.0651978 0.0777532 0.995834
573.473 594.804 0.0734036 0.0141076 0.531357
556.291 219.146 0.191478 0.105422 0.934315
745.116 285.658 0.271888 -0.0513558 0.962498
541.374 166.469 0.156981 0.117273 0.960445
827.046 345.923 0.566252 -0.269122 1.23449
785.148 361.177 0.356735 -0.0955067 0.95004
714.955 301.592 0.548295 -0.0324297 1.40502
745.189 285.621 0.248031 -0.0467364 0.919947
628.426 315.636 0.281352 0.0574513 0.928975
700.738 53.129 0.0848962 -0.0139886 1.15177
506.6 263.43 0.27552 0.20561 1.03147
577.177 51.2317 0.0449791 0.23343 1.53667
786.72 242.137 0.231339 -0.0895294 0.970469
579.831 8.79436 0.0518118 0.0791086 1.00992
831.395 242.704 0.236471 -0.134301 0.978813
697.628 87.006 0.102269 -0.0103793 0.969556
589.787 98.3268 0.109717 0.0737199 0.974829
630.066 93.8105 0.106252 0.0414427 0.969417
663.36 241.624 0.222987 0.0235149 0.958024
498.181 136.198 0.139998 0.159515 0.993675
542.386 169.211 0.160265 0.11837 0.964622
