729.56 214.259 0.2495 -0.502759 4.94392
713.841 203.432 -0.0985461 -0.135669 5.49964
720.893 142.271 -0.123967 -0.20938 3.80239
545.688 6.21471 0.0276299 0.437395 1.9458
804.757 70.5542 0.184365 -0.0451065 0.711765
482.049 164.149 0.2159 0.0857377 0.700377
914.224 52.0279 0.186237 -0.101427 0.748255
926.678 69.2365 0.190941 -0.10422 0.736926
797.396 97.585 0.211015 -0.0539597 0.76906
911.425 59.0139 0.189298 -0.100918 0.748769
728.838 165.288 0.229277 -0.0166455 0.727249
577.604 212.865 0.264561 0.0611822 0.755646
757.645 215.07 0.275495 -0.0372378 0.771219
903.61 183.223 0.250011 -0.110075 0.751319
833.312 178.344 0.237576 -0.0666313 0.729464
721.988 177.198 0.230121 -0.0127535 0.715637
858.53 221.374 0.294526 -0.106956 0.799733
695.048 211.429 0.264221 -0.00115433 0.753442
936.684 150.646 0.240332 -0.13316 0.771742
806.317 215.921 0.278452 -0.0663881 0.774943
887.764 169.273 0.23271 -0.0912489 0.727159
638.67 204.516 0.24843 0.0261635 0.72884
811.149 94.775 0.203405 -0.0556265 0.745245
574.307 209.338 0.257286 0.0601694 0.744214
494.315 255.126 0.247639 0.0830226 0.682166
771.139 249.113 0.249046 -0.0316561 0.683744
497.213 197.449 0.226354 0.0796831 0.691249
495.418 247.435 0.24192 0.0805586 0.678268
822.907 194.121 0.228144 -0.0529649 0.691386
531.59 217.082 0.274103 0.0907904 0.772245
923.786 91.5128 0.205558 -0.112568 0.75584
513.483 332.128 0.296729 0.0873138 0.695018
829.797 262.935 0.266913 -0.0623014 0.701049
882.186 315.516 0.292837 -0.0893759 0.694168
883.135 203.514 0.252792 -0.0943406 0.733231
886.767 325.74 0.305911 -0.0966992 0.703198
819.676 198.594 0.239749 -0.0568586 0.712041
884.86 204.264 0.252415 -0.0946276 0.731513
922.512 165.952 0.225154 -0.100846 0.711579
900.188 316.421 0.30216 -0.103704 0.705716
491.424 243.594 0.235394 0.0788879 0.669618
912.124 173.852 0.236565 -0.104696 0.730469
648.209 210.71 0.248956 0.0214186 0.72293
878.819 263.416 0.272864 -0.088711 0.709385
919.75 238.747 0.25843 -0.104755 0.706497
836.733 262.138 0.258981 -0.0617504 0.688309
842.866 272.537 0.271662 -0.0688043 0.700007
693.66 252.738 0.254106 0.000904516 0.691223
698.764 247.365 0.211394 0.000672062 0.62096
769.807 199.821 0.238346 -0.0337184 0.708892
510.313 170.965 0.230828 0.083543 0.729614
768.687 327.757 0.293389 -0.0335946 0.687897
642.12 242.385 0.246055 0.0225083 0.686909
636.55 197.365 0.229216 0.0240162 0.694588
498.472 173.741 0.230785 0.0881515 0.726491
625.135 320.197 0.2697 0.0301283 0.664517
551.194 201.099 0.233282 0.0607533 0.701603
736.975 157.735 0.218828 -0.0186265 0.709214
629.633 249.488 0.237749 0.0259863 0.666505
506.604 389.748 0.307057 0.0860182 0.666163
553.084 570.899 0.18674 0.0289008 0.483562
528.09 382.217 0.337494 0.0902132 0.70502
496.831 252.567 0.245772 0.0813494 0.680919
857.91 392.67 0.228284 -0.0402837 0.570719
557.891 253.266 0.250979 0.0584783 0.688249
495.145 253.252 0.246755 0.0825008 0.682132
818.459 201.714 0.243479 -0.0576357 0.716801
815.671 203.375 0.246501 -0.0575768 0.72156
507.691 486.565 0.129597 0.0261418 0.444005
691.541 251.038 0.25502 0.00176987 0.694366
817.938 245.483 0.255961 -0.0550343 0.698136
515.785 209.742 0.243799 0.0806526 0.716201
878.615 374.887 0.342449 -0.100076 0.706861
527.38 402.75 0.249611 0.0549293 0.594915
773.539 329.719 0.288086 -0.0343971 0.679262
816.329 154.805 0.219687 -0.0534746 0.712983
523.125 333.301 0.303772 0.0858734 0.703283
759.774 209.735 0.263555 -0.0355637 0.752311
880.485 316.816 0.296145 -0.0901343 0.697671
571.719 320.976 0.278086 0.0547126 0.676738
818.934 326.48 0.301893 -0.0605855 0.698986
895.175 318.302 0.312116 -0.106908 0.717734
887.728 316.541 0.322805 -0.1101 0.734124
625.896 371.638 -0.0759368 0.0217893 0.188749
799.496 70.1665 0.184464 -0.0431784 0.712823
833.335 615.876 0.170834 -0.0106421 0.460614
688.489 192.451 0.217006 0.0027558 0.671688
879.853 373.65 0.373403 -0.117541 0.741618
931.083 359.403 0.361831 -0.147673 0.740538
685.827 196.42 0.220463 0.00375888 0.675659
771.113 379.013 0.323924 -0.0363237 0.686104
880.162 157.075 0.216507 -0.0776315 0.700873
914.421 83.6637 0.202692 -0.108483 0.759055
937.422 150.686 0.238183 -0.130631 0.765531
673.57 303.533 0.800441 0.0954625 1.49529
817.011 353.998 -0.0264954 0.0195761 0.256643
491.246 173.173 0.229865 0.0908335 0.725035
569.074 321.409 0.276501 0.055298 0.674276
932.727 193.383 -0.0824086 0.025296 0.177309
896.315 78.0845 0.203073 -0.103723 0.771876
872.615 215.978 0.29188 -0.116252 0.801635
871.576 214.185 0.290606 -0.115324 0.801599
766.168 327.205 0.296257 -0.0331032 0.692207
553.861 253.379 0.244828 0.0576019 0.677407
635.415 248.333 0.242883 0.0245769 0.676372
624.671 494.604 -0.0853712 0.02282 0.177198
617.364 132.797 -0.0837303 0.0229257 0.174704
892.903 70.4497 0.0815934 -0.00540376 0.432927
696.442 60.8369 0.231012 -0.00884797 1.06724
669.681 114.039 0.216443 0.0102987 0.763409
930.326 339.556 0.580698 -0.359283 1.02233
876.964 312.837 0.299138 -0.0910735 0.705228
872.865 310.498 0.29957 -0.0898275 0.707955
818.001 242.786 0.253166 -0.05427 0.695558
768.842 252.527 0.24882 -0.0302684 0.680547
898.68 199.562 0.239071 -0.0915936 0.707728
774.284 503.141 -0.0551442 0.0214497 0.221009
775.01 402.828 -0.035033 0.0197623 0.246148
698.544 120.627 0.225432 -0.00445085 0.782205
503.284 117.978 0.21075 0.0856218 0.742411
698.781 41.864 0.207631 -0.0150833 1.30909
765.931 337.706 -0.0396958 0.0201716 0.238139
768.785 193.537 0.229019 -0.0309963 0.695018
928.409 54.5664 0.178505 -0.0932423 0.709791
873.943 184.74 0.244189 -0.0891764 0.736393
899.128 77.9978 0.203287 -0.105521 0.772887
720.225 129.931 -0.124438 -0.187596 3.58635
803.778 73.8336 0.186515 -0.045471 0.71514
