700.471 236.834 0.221076 -0.0106141 0.958417
613.915 237.906 0.221887 0.0666392 0.961778
783.643 207.017 0.19457 -0.0822674 0.956325
773.797 153.329 0.151628 -0.0716556 0.961609
696.589 81.4695 0.100445 -0.0106181 0.973229
873.058 77.8463 0.098539 -0.143512 0.964415
537.812 161.659 0.154161 0.117507 0.958103
586.163 86.5037 0.102097 0.0725614 0.967241
629.149 84.9969 0.102445 0.0412489 0.974924
538.789 161.557 0.154831 0.117695 0.960936
855.074 132.639 0.140282 -0.140922 0.978296
730.09 211.675 0.198512 -0.0366542 0.958306
782.646 208.094 0.201433 -0.0846752 0.972756
497.979 137.475 0.143551 0.160434 0.997214
696.836 72.5892 0.0935805 -0.0109752 0.965439
629.366 79.5048 0.0985819 0.040554 0.973999
876.934 104.884 0.111503 -0.138095 0.930909
788.358 151.328 0.146759 -0.080691 0.947538
832.254 212.487 0.203706 -0.127781 0.96562
748.863 236.532 0.223414 -0.0542004 0.962388
830.287 239.218 0.237615 -0.136236 0.985372
586.002 81.8705 0.0988697 0.0720022 0.966378
748.179 236.844 0.225533 -0.0540843 0.966663
851.126 219.671 0.214695 -0.14963 0.97594
858.018 129.321 0.136261 -0.140452 0.970925
516.061 173.908 0.108874 0.0760493 0.787986
575.614 239.485 0.225247 0.102678 0.967834
560.778 214.539 0.19583 0.105941 0.9519
572.102 239.396 0.212309 0.0963451 0.938156
784.706 237.008 0.220713 -0.0848998 0.953495
857.103 213.219 0.198817 -0.144197 0.94977
787.076 234.792 0.218519 -0.0867427 0.953125
480.387 93.6458 0.106951 0.155597 0.974506
786.522 237.447 0.22213 -0.0870167 0.955721
725.319 209.688 0.19545 -0.0323409 0.954958
849.856 265.567 0.257986 -0.15389 0.968846
852.617 138.232 0.146215 -0.142058 0.985694
751.883 237.776 0.21973 -0.0555725 0.951002
750.298 234.993 0.216088 -0.0537953 0.94862
754.748 237.116 0.212181 -0.0559862 0.934991
700.364 236.575 0.220745 -0.0105259 0.95822
699.114 238.72 0.221028 -0.00939502 0.954245
766.466 206.537 0.193938 -0.067543 0.956521
571.188 268.949 0.224218 0.0923622 0.908137
485.57 97.0777 0.110619 0.156036 0.983376
531.103 188.016 0.174302 0.126704 0.955541
696.348 42.0001 0.0774414 -0.0105451 1.16279
486.81 159.941 0.115024 0.103042 0.828069
700.072 363.145 0.280969 -0.00815308 0.856516
609.267 238.475 0.213667 0.0662417 0.941635
785.524 273.591 0.257132 -0.0888371 0.953774
809.759 552.013 0.083865 -0.0262384 0.549948
599.351 412.888 0.118151 0.0205506 0.630112
579.252 275.06 0.252397 0.100422 0.950707
660.164 236.374 0.201393 0.0207429 0.915637
588.978 88.9114 0.105138 0.0729439 0.977808
797.657 220.518 0.2093 -0.0969717 0.962528
857.264 453.976 0.37314 -0.141682 0.840506
664.225 238.436 0.218379 0.0208298 0.950261
697.852 34.2535 0.0686712 -0.0123053 1.201
571.242 348.982 0.46055 0.200015 1.10845
504.285 319.32 0.315405 0.1962 0.976476
483.613 296.205 0.322809 0.248577 1.03837
774.141 154.716 0.153636 -0.0726014 0.965275
861.359 145.316 0.150091 -0.147532 0.97699
835.275 237.05 0.224627 -0.132185 0.96018
826.371 314.92 0.29886 -0.131013 0.94566
503.315 147.027 0.153639 0.162651 1.00797
796.615 277.336 0.237226 -0.0888157 0.909901
823.488 281.408 0.279141 -0.133357 0.976823
495.329 129.591 0.136554 0.159263 0.99338
622.293 284.56 0.251559 0.0583068 0.929867
847.834 267.127 0.265906 -0.157063 0.981089
787.218 633.948 0.121404 -0.0249136 0.560546
590.127 488.935 0.460442 0.110333 0.874584
735.084 209.167 0.188758 -0.0392751 0.937601
790.182 393.949 0.115564 -0.0337621 0.633107
605.468 239.222 0.214075 0.0694144 0.941187
933.738 184.566 0.239173 -0.341391 1.1811
751.034 274.408 0.248957 -0.0547145 0.938377
923.641 530.302 0.0803562 -0.0466869 0.551084
509.962 396.276 0.114197 0.0457467 0.633643
883.362 189.773 0.186895 -0.172735 0.973638
878.895 193.907 0.194978 -0.175341 0.987347
820.598 213.753 0.200754 -0.114549 0.955254
840.889 317.701 0.31145 -0.151179 0.958763
570.44 314.32 0.147999 0.0457566 0.726098
572.476 237.365 0.215452 0.0993103 0.949682
867.331 84.6581 0.10538 -0.14599 0.982317
558.815 326.754 0.155523 0.0520932 0.727991
698.721 530.111 0.0869878 -0.00640503 0.558839
842.354 233.898 0.227909 -0.143309 0.974705
693.416 1.82528 0.0487007 -0.00933382 1.06654
876.685 411.938 0.109692 -0.0545867 0.617795
576.41 275.676 0.250346 0.101446 0.945754
836.623 314.516 0.319143 -0.153141 0.976244
786.269 236.412 0.215606 -0.084043 0.942961
688.482 604.151 0.129111 -0.00383855 0.574698
823.226 322.464 0.161801 -0.0650932 0.735485
582.464 325.558 0.307241 0.107287 0.949722
896.09 621.335 0.114855 -0.0469894 0.558024
881.076 321.937 0.183256 -0.103282 0.765716
882.013 191.878 0.190713 -0.174543 0.979727
743.589 281.474 0.265894 -0.0502465 0.956342
705.661 313.535 0.185032 -0.0124322 0.780177
844.764 279.178 0.263861 -0.145191 0.952781
575.003 277.697 0.251178 0.102338 0.943561
829.937 625.36 0.0275879 -0.0182907 0.48718
928.92 529.031 0.0804561 -0.0477356 0.551442
670.834 267.458 0.237408 0.0153977 0.932537
771.683 154.644 0.154708 -0.0713097 0.969952
702.664 324.468 0.296696 -0.0106284 0.931403
672.505 303.472 0.6597 0.112211 1.58317
661.647 236.65 0.21951 0.0235993 0.956872
677.887 572.383 0.0710213 -0.00268926 0.534954
664.838 274.142 0.255475 0.0232196 0.954719
720.611 222.318 0.206197 -0.0283048 0.953935
567.967 537.864 0.0851641 0.0179123 0.556163
853.741 211.796 0.195041 -0.138738 0.943257
822.673 321.783 0.162324 -0.0651382 0.736796
718.788 217.311 0.190693 -0.0255753 0.925664
752.627 208.461 0.188074 -0.0533786 0.936596
766.94 397.396 0.144537 -0.0314324 0.665838
692.425 369.319 0.1957 -0.00491597 0.746314
868.073 84.3529 0.104239 -0.144005 0.974809
831.778 211.37 0.200457 -0.125327 0.959636
565.661 518.295 0.0888682 0.0195214 0.564606
583.589 327.392 0.304208 0.103893 0.942163
840.113 288.459 0.394849 -0.234119 1.16585
608.503 403.22 0.108547 0.016619 0.622831
636.868 314.292 0.186084 0.024896 0.782627
690.779 160.702 0.15527 -0.00440518 0.95756
835.355 465.641 0.183061 -0.0597477 0.66966
795.445 447.362 0.0595605 -0.0226424 0.550803
613.093 275.672 0.247543 0.0671951 0.93898
835.739 464.687 0.183782 -0.0601921 0.670812
922.767 536.008 0.0794567 -0.0459302 0.548925
771.318 324.389 0.157537 -0.0405015 0.728799
791.289 282.263 0.269372 -0.0963829 0.959009
890.364 445.261 0.224591 -0.101404 0.719226
792.696 438.929 0.0621936 -0.0228459 0.555902
729.536 172.398 0.180855 -0.0394862 1.01516
810.496 369.211 0.225745 -0.0731541 0.780424
625.103 1.19164 0.0483295 0.0481437 1.05206
635.838 317.941 0.182566 0.0244269 0.773838
702.658 537.03 0.0792089 -0.00698024 0.549932
753.603 316.118 0.187264 -0.0384088 0.779911
574.64 276.975 0.250088 0.102297 0.942889
769.805 153.163 0.151998 -0.0687411 0.963833
770.201 150.29 0.148236 -0.0679727 0.957579
654.171 283.088 0.25237 0.0309392 0.932678
838.24 316.805 0.320126 -0.154171 0.973297
608.404 235.651 0.210721 0.0664007 0.940703
580.828 326.148 0.304167 0.107028 0.944314
789.168 628.395 0.122843 -0.0256643 0.562939
825.7 313.305 0.301174 -0.13234 0.951996
698.445 236.309 0.215258 -0.00894236 0.9461
807.708 209.414 0.194245 -0.101267 0.948649
638.642 322.617 0.175674 0.0212939 0.7593
703.849 420.347 0.114221 -0.00881531 0.621403
687.07 620.388 0.124196 -0.00353123 0.566761
615.431 273.516 0.254963 0.0690411 0.957088
762.523 153.547 -0.20093 0.00540503 0.204111
789.782 212.969 0.0523978 -0.0290143 0.620794
859.98 146.473 0.151506 -0.147296 0.97918
553.476 214.108 0.18801 0.105265 0.932334
570.06 573.321 0.0732492 0.0148107 0.537381
572.439 578.209 0.0725156 0.0142275 0.53571
743.917 281.452 0.268211 -0.0510197 0.960557
536.952 160.591 0.152733 0.117209 0.955821
627.284 311.342 0.278279 0.0569614 0.928375
507.068 13.0967 0.0523452 0.181161 1.1411
704.429 106.996 0.13695 -0.018946 1.59581
752.781 11.4647 -0.153923 0.00297781 0.266357
827.594 570.787 -0.17018 0.00442952 0.256864
735.098 129.278 -0.193789 0.00492541 0.213499
790.707 164.46 -0.193404 0.00527541 0.214443
511.708 324.763 0.407985 0.271699 1.10262
870.309 126.425 0.122238 -0.130187 0.914289
946.465 452.16 0.0481343 -0.0429422 0.536011
699.947 271.605 0.243653 -0.00946454 0.935675
844.679 279.244 0.263761 -0.145005 0.952478
842.535 251.829 0.262694 -0.159914 1.0102
841.91 251.641 0.264112 -0.160583 1.01378
539.466 161.627 0.153772 0.115689 0.956622
573.388 42.8516 0.0407677 0.231607 1.52411
785.718 237.511 0.228202 -0.0892328 0.969648
576.242 0.173244 0.0482912 0.0789131 1.00549
830.671 238.145 0.233232 -0.133912 0.977754
696.034 80.9294 0.0997444 -0.0102117 0.970513
587.345 92.0679 0.10689 0.0738462 0.974543
628.253 88.0194 0.104165 0.0417896 0.972162
661.641 236.862 0.219971 0.0236815 0.957487
494.502 130.172 0.136734 0.15947 0.991971
539.553 163.655 0.157238 0.118449 0.963826
