729.246 213.205 0.249368 -0.502647 4.94394
713.47 202.24 -0.0986786 -0.135556 5.49966
720.389 140.454 -0.124099 -0.209268 3.80241
543.504 2.42601 0.0274975 0.437507 1.94583
801.765 64.3087 0.184233 -0.044994 0.711786
911.648 46.202 0.186105 -0.101315 0.748277
924.06 63.4007 0.190809 -0.104107 0.736948
794.787 92.1744 0.210882 -0.0538473 0.769082
908.852 53.2364 0.189165 -0.100806 0.748791
725.95 159.792 0.229145 -0.016533 0.72727
574.639 207.899 0.264428 0.0612947 0.755668
755.154 210.35 0.275362 -0.0371253 0.77124
901.126 178.2 0.249878 -0.109963 0.751341
830.629 173.008 0.237444 -0.0665188 0.729485
719.031 171.626 0.229988 -0.012641 0.715659
856.289 216.991 0.294394 -0.106843 0.799755
692.345 206.482 0.264088 -0.00104188 0.753463
934.31 145.679 0.2402 -0.133048 0.771764
803.908 211.263 0.278319 -0.0662757 0.774965
885.115 163.889 0.232577 -0.0911365 0.727181
635.678 199.23 0.248298 0.026276 0.728862
808.424 89.1039 0.203273 -0.055514 0.745267
571.256 204.227 0.257154 0.0602819 0.744235
490.738 249.475 0.247507 0.0831351 0.682188
768.164 243.532 0.248914 -0.0315436 0.683765
493.526 191.567 0.226221 0.0797956 0.691271
491.785 241.679 0.241788 0.0806711 0.678289
819.969 188.369 0.228012 -0.0528524 0.691407
528.591 212.287 0.27397 0.0909029 0.772267
921.289 86.0279 0.205425 -0.112455 0.755862
510.327 327.104 0.296596 0.0874263 0.69504
827.034 257.686 0.26678 -0.062189 0.701071
879.464 310.428 0.292705 -0.0892635 0.69419
880.55 198.384 0.252659 -0.0942281 0.733253
884.117 320.816 0.305778 -0.0965867 0.703219
816.889 193.147 0.239616 -0.0567461 0.712062
882.266 199.119 0.252282 -0.0945152 0.731535
919.789 160.371 0.225021 -0.100734 0.711601
897.544 311.492 0.302027 -0.103592 0.705738
487.691 237.678 0.235261 0.0790003 0.669639
909.519 168.546 0.236433 -0.104583 0.730491
645.215 205.394 0.248824 0.021531 0.722952
876.141 258.292 0.272732 -0.0885985 0.709407
917.046 233.478 0.258297 -0.104642 0.706519
833.882 256.71 0.258848 -0.0616379 0.688331
840.118 267.324 0.27153 -0.0686918 0.700029
690.631 247.261 0.253974 0.00101697 0.691244
695.063 240.631 0.211262 0.000784514 0.620981
766.93 194.317 0.238213 -0.0336059 0.708914
506.857 165.413 0.230695 0.0836554 0.729635
765.888 322.628 0.293257 -0.0334821 0.687918
638.93 236.773 0.245922 0.0226208 0.68693
633.293 191.592 0.229084 0.0241287 0.69461
494.963 168.164 0.230653 0.0882639 0.726513
621.931 314.668 0.269567 0.0302407 0.664539
547.768 195.408 0.233149 0.0608658 0.701625
733.966 151.969 0.218695 -0.018514 0.709236
626.26 243.599 0.237616 0.0260987 0.666527
503.401 384.603 0.306924 0.0861307 0.666185
547.281 561.043 0.186607 0.0290132 0.483583
525.222 377.577 0.337362 0.0903257 0.705041
493.242 246.883 0.245639 0.0814618 0.680941
854.045 385.49 0.228151 -0.0401713 0.570741
554.538 247.711 0.250846 0.0585908 0.688271
491.563 247.589 0.246622 0.0826132 0.682154
815.706 196.345 0.243347 -0.0575233 0.716823
812.949 198.074 0.246369 -0.0574644 0.721582
499.439 472.792 0.129464 0.0262543 0.444027
688.528 245.595 0.254887 0.00188232 0.694387
815.119 240.102 0.255828 -0.0549218 0.698158
512.38 204.281 0.243666 0.080765 0.716223
876.043 370.201 0.342316 -0.0999633 0.706883
523.461 396.284 0.249479 0.0550417 0.594937
770.682 324.476 0.287954 -0.0342846 0.679284
813.483 149.118 0.219554 -0.0533622 0.713005
520.058 328.392 0.30364 0.0859859 0.703304
757.174 204.795 0.263423 -0.0354512 0.752332
877.789 311.782 0.296013 -0.0900219 0.697693
568.516 315.636 0.277953 0.0548251 0.676759
816.244 321.499 0.30176 -0.060473 0.699008
892.606 313.529 0.311983 -0.106796 0.717756
885.253 311.95 0.322673 -0.109987 0.734146
635.457 393.492 -0.0760692 0.0219017 0.188771
796.5 63.9282 0.184331 -0.043066 0.712845
827.162 604.59 0.170702 -0.0105297 0.460635
685.152 186.327 0.216873 0.00286826 0.67171
877.476 369.351 0.37327 -0.117428 0.741639
928.65 355.04 0.361698 -0.147561 0.74056
682.528 190.381 0.220331 0.00387133 0.675681
768.404 374.082 0.323791 -0.0362112 0.686126
877.317 151.275 0.216374 -0.077519 0.700895
935.017 145.657 0.23805 -0.130518 0.765553
672.588 301.858 0.800309 0.0955749 1.49531
836.652 392.071 -0.0266279 0.0196886 0.256664
487.701 167.571 0.229732 0.090946 0.725057
565.845 316.034 0.276369 0.0554104 0.674297
944.12 214.664 -0.0825411 0.0254085 0.17733
893.864 72.6608 0.20294 -0.10361 0.771897
870.385 211.591 0.291747 -0.116139 0.801656
869.344 209.788 0.290473 -0.115212 0.801621
763.399 322.133 0.296125 -0.0329907 0.692229
550.409 247.663 0.244696 0.0577143 0.677429
632.139 242.595 0.24275 0.0246894 0.676394
633.682 518.642 -0.0855037 0.0229325 0.17722
626.252 153.95 -0.0838628 0.0230381 0.174726
883.616 51.501 0.0814609 -0.00529131 0.432949
694.531 56.8274 0.23088 -0.00873551 1.06726
928.686 336.911 0.580566 -0.35917 1.02235
874.313 307.883 0.299006 -0.090961 0.70525
870.228 305.569 0.299437 -0.089715 0.707977
815.159 237.355 0.253033 -0.0541576 0.695579
765.844 246.916 0.248687 -0.030156 0.680569
786.77 528.099 -0.0552767 0.0215622 0.22103
695.824 115.417 0.225299 -0.0043384 0.782227
499.719 112.205 0.210618 0.0857343 0.742433
697.219 38.2848 0.207499 -0.0149709 1.30911
781.086 367.331 -0.0398283 0.020284 0.23816
765.794 187.808 0.228887 -0.0308838 0.69504
925.604 48.292 0.178372 -0.0931299 0.709812
896.686 72.5861 0.203155 -0.105408 0.772908
719.682 127.981 -0.124571 -0.187483 3.58637
800.813 67.6538 0.186383 -0.0453585 0.715161
