698.811 233.655 0.220808 -0.0106335 0.959935
611.707 234.623 0.221144 0.0667088 0.962092
782.384 203.848 0.193198 -0.0819491 0.954794
772.433 149.864 0.151422 -0.0718668 0.963587
694.998 77.3353 0.100008 -0.0106639 0.974529
871.194 74.7803 0.0990098 -0.144357 0.969492
535.683 157.689 0.153861 0.117539 0.959737
583.437 81.8259 0.101278 0.0726819 0.967051
627.197 80.5784 0.101798 0.0411633 0.975343
536.716 157.606 0.154607 0.117793 0.96286
855.259 128.812 0.138947 -0.141094 0.976681
728.81 208.391 0.198338 -0.0369856 0.960198
782.164 205.001 0.198602 -0.0842105 0.967063
493.626 132.83 0.1418 0.160054 0.994018
695.395 68.8128 0.0937093 -0.0111326 0.969202
628.465 75.6565 0.0987254 0.0401378 0.977605
876.022 101.063 0.110932 -0.138187 0.931678
785.594 148.361 0.148824 -0.0812681 0.957117
831.199 209.469 0.202977 -0.127806 0.965944
747.589 233.494 0.222762 -0.0543884 0.962921
828.972 236.396 0.237526 -0.136548 0.987353
583.534 77.1127 0.0980006 0.0718601 0.965892
746.729 233.785 0.225347 -0.0542406 0.968392
850.268 216.809 0.213712 -0.149497 0.975535
857.064 125.807 0.135606 -0.140402 0.971349
512.727 168.919 0.108235 0.0759673 0.788575
573.612 236.13 0.224891 0.102695 0.969125
556.722 210.965 0.193481 0.105772 0.947834
570.49 235.853 0.212685 0.0965061 0.941226
783.649 233.899 0.220739 -0.0855404 0.955832
855.352 210.263 0.199058 -0.144482 0.952529
785.914 231.81 0.217454 -0.0867072 0.952616
785.185 234.424 0.221901 -0.0872594 0.957323
723.8 206.398 0.194788 -0.0323996 0.955445
849.091 262.856 0.257035 -0.154087 0.968918
851.84 134.824 0.145587 -0.142215 0.986288
750.412 234.702 0.219025 -0.0555865 0.951425
748.536 231.949 0.214856 -0.0534136 0.947679
753.137 234.054 0.211361 -0.0558603 0.93499
698.723 233.472 0.219811 -0.0105744 0.957995
697.549 235.556 0.220264 -0.00952261 0.954545
765.453 203.271 0.192924 -0.0677416 0.956116
568.814 265.729 0.222781 0.0917498 0.906868
482.912 92.545 0.110136 0.156099 0.984541
528.622 184.164 0.173752 0.12672 0.956378
695.139 37.902 0.0767638 -0.010579 1.16295
485.602 155.036 0.11544 0.103125 0.832027
698.495 360.1 0.284022 -0.00842958 0.861801
607.331 234.953 0.214117 0.0666837 0.945033
784.188 270.817 0.256338 -0.0888379 0.954041
805.704 545.263 0.0835923 -0.0264252 0.551381
595.486 406.483 0.118172 0.0206304 0.632248
576.47 272.139 0.250449 0.0999958 0.948354
658.136 233.02 0.199271 0.0204188 0.912688
586.628 84.2319 0.104181 0.0726691 0.97692
796.454 217.488 0.208589 -0.0970081 0.96287
854.886 452.317 0.374679 -0.141805 0.842065
662.321 235.209 0.2171 0.0207158 0.94932
696.951 34.3422 0.0708283 -0.0123938 1.21959
569.614 346.881 0.460463 0.200114 1.10937
501.771 315.952 0.315341 0.197179 0.978825
480.049 293.453 0.320805 0.248183 1.03632
772.705 151.24 0.153209 -0.0726206 0.966473
860.52 141.957 0.14948 -0.147647 0.977618
833.993 233.977 0.225368 -0.133304 0.964403
825.444 312.796 0.296357 -0.130254 0.94273
499.161 142.578 0.151966 0.162419 1.00522
794.69 274.487 0.236752 -0.0885102 0.910655
822.491 278.886 0.277936 -0.133239 0.976244
491.732 125.067 0.13536 0.15904 0.991994
620.26 281.409 0.250986 0.0582953 0.930647
846.292 264.359 0.266339 -0.157641 0.984166
783.934 627.499 0.121489 -0.0252777 0.562293
587.623 486.82 0.459467 0.110538 0.874614
734.374 205.738 0.187726 -0.0399214 0.937229
786.955 388.5 0.11533 -0.0338851 0.634649
605.07 235.98 0.213813 0.0680725 0.942269
932.874 182.414 0.238935 -0.341652 1.18272
749.449 271.532 0.248116 -0.0546425 0.938527
919.842 524.422 0.0799543 -0.0468151 0.552214
504.452 393.883 0.112771 0.0454249 0.632247
882.275 186.791 0.186385 -0.17275 0.974494
878.003 190.962 0.194337 -0.175383 0.987887
819.043 210.618 0.201024 -0.114994 0.958405
839.863 315.248 0.310441 -0.15124 0.958814
566.595 309.676 0.147813 0.0461369 0.727673
570.319 233.91 0.214918 0.0992707 0.950562
867.115 80.5829 0.104368 -0.145889 0.981258
555.195 321.885 0.155351 0.0524322 0.729791
693.913 526.156 0.0862637 -0.00642769 0.559173
841.371 230.979 0.227548 -0.143762 0.976161
872.889 406.65 0.109428 -0.0545658 0.619193
574.182 272.554 0.249438 0.101226 0.94572
837.253 312.952 0.313684 -0.151761 0.967946
785.171 233.174 0.215539 -0.0846433 0.945246
684.43 598.09 0.129179 -0.00394525 0.576402
820.203 317.747 0.162142 -0.0652053 0.738309
579.109 323.038 0.304517 0.10722 0.946742
892.427 614.498 0.115018 -0.0473735 0.559934
879.348 318.134 0.182964 -0.103614 0.767178
879.943 189.032 0.191318 -0.175071 0.983849
742.314 278.684 0.264999 -0.0504445 0.956425
703.394 308.963 0.185549 -0.0125299 0.783458
843.636 276.567 0.262839 -0.145018 0.952587
573.396 274.262 0.251553 0.10251 0.946524
823.641 606.579 0.0284775 -0.0187396 0.490896
925.531 523.114 0.0800403 -0.0479312 0.552568
668.975 264.33 0.236771 0.0153773 0.933144
770.5 151.213 0.154533 -0.071678 0.97207
701.077 322.055 0.294599 -0.0107945 0.929341
671.148 302.133 0.653139 0.111493 1.57203
660.008 233.352 0.219452 0.0235563 0.958963
672.995 559.477 0.0720197 -0.00279709 0.538676
662.822 271.316 0.25356 0.0231058 0.952548
719.075 219.1 0.205448 -0.0283625 0.954212
562.304 530.929 0.0848851 0.0179804 0.557607
852.368 208.702 0.194867 -0.139011 0.945119
820.664 317.133 0.162439 -0.0656164 0.739231
717.847 213.85 0.190158 -0.026197 0.926628
751.181 205.118 0.187389 -0.0534369 0.937067
763.418 394.039 0.143613 -0.0311586 0.665761
690.112 366.304 0.194281 -0.00509383 0.745512
867.289 80.5652 0.10367 -0.144124 0.975601
830.714 208.304 0.199725 -0.125361 0.959988
560.855 511.173 0.0886765 0.0194898 0.566226
582.324 324.255 0.304825 0.103786 0.945002
839.58 286.585 0.392957 -0.233594 1.16387
604.466 397.775 0.108237 0.0166082 0.624105
634.349 310.145 0.18597 0.0249556 0.784444
689.441 157.01 0.154737 -0.00471897 0.958425
833.348 462.568 0.182123 -0.0598633 0.669757
791.063 439.561 0.0597119 -0.0228614 0.552878
610.933 272.616 0.246274 0.0669331 0.938216
833.426 460.796 0.183446 -0.0604354 0.671896
918.159 527.164 0.0795414 -0.0462346 0.551195
770.349 320.566 0.156719 -0.041092 0.729075
789.835 279.397 0.269338 -0.0966374 0.961006
889.306 441.921 0.223843 -0.10192 0.719856
787.823 430.805 0.0625076 -0.0230017 0.558299
727.995 169.867 0.181713 -0.0395631 1.01872
809.105 366.143 0.223608 -0.0730094 0.779126
633.255 313.946 0.182196 0.0244191 0.775058
695.05 529.874 0.0793061 -0.00656738 0.551784
752.051 310.788 0.188749 -0.0392865 0.785451
572.126 273.879 0.248905 0.102124 0.942289
768.64 149.37 0.150407 -0.0684011 0.961176
768.748 146.367 0.146264 -0.0672102 0.953571
652.602 279.953 0.252255 0.030748 0.934353
836.456 314.201 0.320599 -0.154423 0.975956
606.266 232.127 0.210489 0.06664 0.942485
578.437 323.388 0.302911 0.106868 0.943827
785.164 621.494 0.123097 -0.0259018 0.564943
825.588 311.422 0.29715 -0.131432 0.946302
696.888 233.111 0.214272 -0.00910326 0.945837
806.227 206.261 0.1941 -0.10144 0.95056
636.088 318.38 0.175459 0.0212699 0.760872
700.29 414.385 0.114097 -0.00890388 0.62317
682.975 616.189 0.123646 -0.00366408 0.567481
613.284 270.565 0.25341 0.0686842 0.955669
770.219 161.04 -0.200605 0.00528459 0.206748
785.909 208.223 0.0543298 -0.0295058 0.625801
859.353 143.049 0.15058 -0.147194 0.978693
552.03 210.365 0.18843 0.105396 0.935772
564.75 564.85 0.0731317 0.0147749 0.539181
567.161 569.686 0.0723963 0.0141788 0.537506
742.434 278.664 0.267481 -0.0510451 0.960979
533.689 156.353 0.151122 0.116567 0.953131
623.369 308.686 0.275465 0.0578217 0.925149
506.077 10.3099 0.0531362 0.181924 1.14645
703.639 103.942 0.135967 -0.0188845 1.59396
842.899 602.858 -0.166949 0.00421124 0.264427
739.735 125.985 -0.192203 0.00471374 0.217669
798.233 171.667 -0.192294 0.00513225 0.218131
909.986 3.08096 0.0537588 -0.195033 1.04966
509.853 322.25 0.407425 0.271556 1.10341
870.428 121.43 0.119397 -0.128655 0.908401
942.109 443.359 0.0484098 -0.043374 0.538358
843.142 276.44 0.264068 -0.145487 0.955088
841.209 249.226 0.262504 -0.160068 1.01182
840.611 249.048 0.263914 -0.160752 1.01539
536.165 157.475 0.152848 0.115975 0.956417
782.266 39.2594 -0.158689 0.00342316 0.261988
754.68 455.239 -0.195172 0.0048256 0.217535
824.101 311.663 0.165398 -0.0691922 0.748069
748.506 200.702 0.185105 -0.05157 0.940956
605.578 401.49 0.111184 0.0167049 0.62606
638.517 62.6339 0.0985601 0.049819 1.1296
628.19 80.1387 0.101949 0.0408691 0.979044
529.277 186.956 0.174097 0.124406 0.950255
639.844 22.8864 0.0576573 0.0586916 1.24397
568.36 214.917 0.20278 0.101663 0.963109
902.014 324.369 0.512286 -0.408896 1.22018
671.708 552.816 0.0840098 -0.00230634 0.550871
900.857 323.942 0.516426 -0.41222 1.22742
823.334 639.805 0.0247918 -0.0176591 0.483416
658.328 230.548 0.205785 0.0221101 0.93268
572.307 267.759 0.237034 0.0970619 0.930858
571.87 39.1162 0.0402141 0.231589 1.525
784.516 234.539 0.227805 -0.0894938 0.970873
829.785 235.402 0.232047 -0.133727 0.976885
694.632 76.9565 0.0995522 -0.0103995 0.972853
585.024 87.6122 0.106268 0.0738814 0.975157
626.431 83.6777 0.103612 0.0416547 0.972974
659.978 233.599 0.219706 0.0236054 0.959019
491.917 125.962 0.136261 0.159572 0.99313
537.773 159.791 0.157199 0.11851 0.966264
