729.347 212.327 0.249358 -0.502785 4.94418
713.499 201.297 -0.0986641 -0.135622 5.50049
720.486 138.604 -0.124012 -0.209005 3.79657
802.643 58.3237 0.184206 -0.045169 0.712769
914.239 39.6184 0.185209 -0.101048 0.746814
925.709 57.7205 0.190578 -0.104041 0.737118
795.555 86.9378 0.210595 -0.0538813 0.769311
910.526 47.3855 0.188889 -0.100835 0.749068
726.22 154.918 0.229103 -0.0166252 0.728086
574.014 203.607 0.26387 0.0610637 0.755397
755.517 206.277 0.275143 -0.0371653 0.771727
902.918 173.555 0.249174 -0.109834 0.750811
831.419 168.278 0.23733 -0.0665712 0.730158
720.267 168.904 0.237408 -0.0142413 0.732298
857.462 213.132 0.293785 -0.106791 0.799536
692.444 202.185 0.263852 -0.00113243 0.753925
935.542 141.121 0.240221 -0.133235 0.77287
804.742 207.159 0.277857 -0.0663239 0.77503
886.157 159.101 0.232524 -0.0912007 0.727971
635.335 194.624 0.248121 0.0262398 0.729437
809.263 83.7136 0.203114 -0.055591 0.745804
570.431 199.733 0.256761 0.0602231 0.74441
489.073 244.945 0.246854 0.0829438 0.681754
768.639 238.797 0.248692 -0.0315974 0.684327
490.392 186.138 0.225092 0.0798885 0.690011
490.328 236.769 0.241347 0.0805674 0.678433
820.783 183.928 0.228268 -0.0530171 0.692328
527.418 208.134 0.27347 0.0908209 0.772174
923.212 80.2618 0.204995 -0.112575 0.756191
509.529 322.968 0.296308 0.0872959 0.695646
827.636 253.451 0.266816 -0.0622491 0.701955
880.22 306.449 0.292764 -0.089348 0.69517
882.084 193.717 0.251994 -0.0941458 0.732951
884.74 316.993 0.30603 -0.0967255 0.704472
817.87 188.213 0.239126 -0.0567566 0.7121
884.719 193.93 0.250688 -0.0942732 0.729759
919.788 156.837 0.226373 -0.101168 0.714302
899.131 307.755 0.301209 -0.103475 0.705386
487.12 232.59 0.235308 0.0788393 0.670685
911.438 163.982 0.236025 -0.104584 0.730205
643.536 201.736 0.249668 0.0222629 0.724733
877.302 254.122 0.272287 -0.0885256 0.709504
917.845 229.332 0.258638 -0.104797 0.707804
835.235 252.215 0.257982 -0.0615832 0.687754
841.223 263.087 0.270939 -0.0686563 0.699928
690.691 242.614 0.253681 0.000939751 0.691686
695.253 235.192 0.211309 0.000667702 0.621815
767.25 189.826 0.238399 -0.0336711 0.709948
506.115 160.542 0.230662 0.0835319 0.730467
766.299 318.673 0.292963 -0.0335169 0.688371
638.703 231.93 0.245627 0.0225204 0.68738
633.108 186.504 0.228937 0.0240132 0.695267
492.407 162.889 0.229305 0.087955 0.724487
621.264 310.45 0.268941 0.0302151 0.664418
546.882 190.29 0.2329 0.0608072 0.70218
733.356 146.799 0.217734 -0.0180014 0.707679
625.972 239.448 0.237835 0.0260369 0.667202
502.208 380.993 0.306205 0.0859093 0.66605
546.128 553.858 0.186721 0.0289806 0.484668
524.485 374.126 0.336883 0.0901316 0.705303
492.101 242.117 0.245262 0.0812707 0.681151
852.678 380.269 0.231685 -0.0408649 0.575635
553.39 242.988 0.250251 0.0585169 0.688165
490.563 242.831 0.246409 0.0824656 0.68267
817.079 191.428 0.242493 -0.0575425 0.716131
813.966 193.433 0.245903 -0.0574999 0.721525
497.939 461.672 0.129654 0.0261783 0.44524
688.594 241.035 0.254872 0.00179345 0.695271
815.99 236.116 0.253992 -0.054192 0.695233
511.511 199.546 0.243508 0.0806486 0.716832
876.479 366.631 0.342681 -0.100116 0.708296
498.253 399.964 0.22499 0.0530178 0.564988
771.047 320.357 0.288027 -0.0343792 0.680295
814.274 143.993 0.219442 -0.0534388 0.713661
519.699 324.41 0.303783 0.0858767 0.704452
757.847 200.245 0.262791 -0.0355537 0.752224
879.137 308.269 0.294937 -0.0896462 0.696729
567.221 311.837 0.276555 0.0545942 0.675338
815.82 317.5 0.303151 -0.0606223 0.701913
893.407 309.854 0.312015 -0.106871 0.718667
648.344 423.705 -0.0751758 0.0217924 0.190993
797.152 58.5244 0.18525 -0.0437094 0.716734
827.711 596.497 0.170907 -0.0106261 0.461828
684.624 180.98 0.216546 0.00300016 0.671912
880.163 367.131 0.369932 -0.116683 0.737935
930.374 352.126 0.360614 -0.147286 0.739884
682.248 184.259 0.218038 0.00391153 0.672362
769.034 370.43 0.323069 -0.0362842 0.686181
877.641 146.583 0.217108 -0.077807 0.703171
928.621 147.079 0.247509 -0.135704 0.784771
671.673 300.486 0.785432 0.0941901 1.4721
870.195 444.093 -0.0171384 0.0188758 0.270478
485.628 162.373 0.228741 0.0906409 0.723807
562.117 312.939 0.271258 0.0548527 0.667162
893.278 69.9221 0.204948 -0.104479 0.776803
871.304 207.743 0.29174 -0.116352 0.802708
870.583 205.862 0.289893 -0.115157 0.801474
763.826 318.363 0.295383 -0.032928 0.691958
641.996 182.724 -0.0828747 0.0229044 0.176935
874.447 56.6935 0.0871651 -0.00629869 0.442102
875.316 303.963 0.298796 -0.091039 0.705877
870.82 301.681 0.299709 -0.0898661 0.709281
602.382 12.7954 -0.0866226 0.0232282 0.170495
601.458 6.12841 -0.0864132 0.0232018 0.170677
497.879 106.499 0.210007 0.0856724 0.742094
697.295 34.4772 0.20701 -0.015051 1.30776
788.128 392.411 -0.0382389 0.0201085 0.241131
764.155 188.653 0.237831 -0.0322704 0.709988
923.249 45.123 0.181197 -0.0947891 0.71837
684.862 232.543 0.252531 0.00330851 0.698727
610.217 553.377 -0.0658316 0.0200336 0.206914
620.157 113.275 0.223375 0.0345572 0.77389
833.046 227.675 0.226014 -0.0493101 0.650811
798.158 175.674 0.245614 -0.0535937 0.74212
897.327 67.9576 0.203724 -0.105863 0.77538
719.773 126.323 -0.124559 -0.187518 3.58652
802.19 61.1737 0.185711 -0.045401 0.714456
