729.469 211.401 0.247945 -0.50212 4.93926
713.562 200.376 -0.0995934 -0.135373 5.49981
720.663 134.407 -0.124329 -0.205661 3.74426
803.146 55.1114 0.183682 -0.0449867 0.712802
915.221 36.3456 0.184539 -0.100997 0.746755
926.296 54.7378 0.190057 -0.103917 0.737248
796.1 83.8839 0.209879 -0.0536786 0.768888
911.777 43.9356 0.187917 -0.100528 0.747997
726.604 151.804 0.228278 -0.0164282 0.727473
573.902 200.614 0.262845 0.0611709 0.754372
756.03 203.473 0.27393 -0.036981 0.770448
903.393 170.928 0.248406 -0.109516 0.750254
831.972 165.351 0.236492 -0.0663324 0.729542
720.592 165.831 0.236495 -0.014025 0.731509
858.048 210.617 0.292715 -0.106505 0.798568
692.477 199.379 0.263271 -0.00085766 0.75383
936.795 138.208 0.239024 -0.132835 0.771461
805.422 204.453 0.276417 -0.0659789 0.773232
885.208 156.817 0.233122 -0.0912954 0.730299
635.426 191.546 0.247305 0.026437 0.728886
809.885 80.5247 0.202354 -0.0553728 0.745284
570.574 196.627 0.255945 0.0603097 0.743893
488.56 241.512 0.245868 0.0831635 0.68101
769.255 235.652 0.247677 -0.03145 0.683569
490.285 182.679 0.224326 0.0800595 0.689527
491.362 233.536 0.241265 0.0806887 0.679121
820.439 181.706 0.228681 -0.0529217 0.693689
526.881 205.147 0.272115 0.0908223 0.770448
924.034 77.2998 0.204274 -0.112351 0.75574
509.563 319.891 0.295636 0.0874603 0.69542
501.537 356.453 0.418325 0.154168 0.815798
827.619 250.875 0.266611 -0.0620935 0.702325
880.852 303.853 0.291672 -0.0890943 0.694293
882.177 191.223 0.251709 -0.0940268 0.733298
886.134 314.235 0.304106 -0.0964487 0.702678
818.939 185.172 0.237827 -0.0565379 0.710548
886.266 191.415 0.249244 -0.0938908 0.727521
918.354 155.755 0.227713 -0.101496 0.717079
898.367 305.18 0.301652 -0.103518 0.706747
485.828 229.366 0.23399 0.0790873 0.669062
912.251 160.994 0.235063 -0.104295 0.729452
643.698 198.772 0.248953 0.0224465 0.724294
879.124 251.257 0.269984 -0.0880138 0.706595
918.528 226.779 0.257828 -0.104559 0.707139
834.546 249.715 0.258503 -0.0614681 0.689263
841.671 260.343 0.269982 -0.0683844 0.699193
690.59 239.994 0.252084 0.00129814 0.689404
695.511 232.66 0.211692 0.000864552 0.622804
767.367 187.166 0.238174 -0.0334794 0.710332
506.1 157.237 0.229942 0.0836853 0.730054
766.525 316.086 0.291909 -0.0332488 0.687447
638.406 228.805 0.242846 0.0225971 0.683151
633.144 183.451 0.228149 0.024246 0.694548
492.441 159.646 0.22892 0.0883251 0.724814
621.505 307.513 0.268395 0.0303671 0.664211
546.899 186.992 0.232146 0.0609791 0.701717
734.265 143.198 0.216033 -0.0178209 0.705146
626.11 236.052 0.237136 0.0262491 0.666987
502.006 378.16 0.305344 0.0860462 0.665406
547.076 547.724 0.186863 0.0292591 0.485412
524.214 371.492 0.335747 0.0901856 0.704344
492.137 238.876 0.244631 0.0814538 0.680874
838.374 371.269 0.255185 -0.0451349 0.605837
553.16 239.911 0.249188 0.0586462 0.68707
490.96 239.614 0.24595 0.0826036 0.682686
819.185 187.886 0.239821 -0.0571696 0.712098
814.782 190.156 0.244627 -0.0572735 0.720374
499.603 451.738 0.1305 0.0266603 0.44724
689.122 238.024 0.254237 0.00184649 0.69506
815.643 233.247 0.254614 -0.0542841 0.697353
510.993 196.141 0.242303 0.0807511 0.71557
876.63 364.005 0.342049 -0.100036 0.708245
532.757 383.524 0.262282 0.0567002 0.612773
771.344 317.526 0.2873 -0.0342312 0.679977
814.574 140.961 0.218923 -0.0532488 0.713772
519.11 321.468 0.302728 0.0861432 0.703659
758.681 197.114 0.261379 -0.0354755 0.750756
879.384 305.701 0.294236 -0.0894359 0.696398
566.933 308.65 0.275908 0.054944 0.67518
816.497 315.054 0.301568 -0.0603018 0.700247
893.164 307.323 0.311897 -0.106818 0.719249
637.14 422.832 -0.075607 0.0220723 0.191592
797.752 55.2378 0.184643 -0.0435294 0.716566
826.638 589.68 0.171147 -0.0103989 0.462673
684.59 177.999 0.216678 0.00331729 0.673114
880.932 365.372 0.367607 -0.115886 0.735356
931.165 350.123 0.358954 -0.146737 0.738239
769.138 368.083 0.322088 -0.0360105 0.685333
878.117 143.666 0.216615 -0.0776891 0.703248
929.961 144.149 0.2463 -0.13544 0.783483
667.171 298.126 0.721765 0.089494 1.37467
598.088 207.95 0.0511367 0.0138718 0.36545
484.309 158.651 0.226906 0.0905072 0.720986
559.154 310.925 0.266148 0.0546542 0.659887
947.009 217.06 -0.0795616 0.0256156 0.182985
891.067 71.0234 0.207612 -0.105401 0.782818
871.935 205.255 0.290614 -0.115996 0.801571
871.568 203.319 0.288343 -0.114669 0.799433
763.982 315.619 0.294757 -0.0327453 0.691755
627.383 177.92 -0.0833929 0.0232026 0.177399
880.996 35.0353 0.0834141 -0.00550303 0.437822
876.032 301.332 0.297593 -0.0907991 0.704906
585.915 1.4185 -0.0870156 0.0235233 0.171054
500.22 105.861 0.21193 0.0863963 0.746312
785.338 401.411 -0.0380164 0.0203929 0.242554
764.162 186.632 0.238931 -0.0323754 0.712651
924.037 41.8835 0.180508 -0.094522 0.717977
684.915 229.432 0.251238 0.00357231 0.697374
598.97 553.945 -0.0657898 0.0202282 0.208138
621.693 113.284 0.226025 0.0348389 0.77962
828.541 228.789 0.234945 -0.0511981 0.66492
798.631 172.748 0.244596 -0.053289 0.741117
685.431 297.037 0.705659 0.0362205 1.35127
667.016 400.683 0.174814 0.00981084 0.505451
696.909 67.7338 0.250461 -0.011887 1.2055
599.463 555.249 -0.0662342 0.0202859 0.207538
850.277 186.843 0.285601 -0.106278 0.820204
568.534 96.503 0.206601 0.053833 0.740671
594.271 386.243 -0.0630488 0.020119 0.208129
895.599 167.516 0.251978 -0.110626 0.764114
900.225 63.1511 0.201064 -0.104746 0.769992
719.93 124.526 -0.125288 -0.18698 3.5809
803.047 57.5242 0.18469 -0.0451016 0.713196
