699.175 227.838 0.217569 -0.0105507 0.95885
611.559 228.971 0.217988 0.066721 0.961214
783.273 197.526 0.189608 -0.0815502 0.952627
773.143 142.989 0.148417 -0.0716866 0.962918
695.066 69.6961 0.0970849 -0.0105688 0.974028
872.926 66.5346 0.0958267 -0.143909 0.967866
534.741 151.304 0.150784 0.117513 0.95886
582.974 74.5864 0.0985404 0.0726404 0.967225
626.698 73.0928 0.0988302 0.0412222 0.974647
535.442 151.195 0.151195 0.117612 0.960785
857.264 121.107 0.134698 -0.139812 0.971419
729.333 202.241 0.195424 -0.0369191 0.959942
785.634 198.744 0.189645 -0.0830495 0.949718
493.366 126.675 0.139352 0.159954 0.995039
695.299 61.1205 0.0908938 -0.0109181 0.969114
627.918 67.9645 0.0955826 0.0401208 0.976159
877.6 93.2114 0.108009 -0.138002 0.931187
781.407 145.347 0.159718 -0.0856186 1.00263
832.35 203.229 0.199318 -0.127089 0.963535
748.229 227.642 0.219192 -0.0541258 0.960973
830.313 230.543 0.233888 -0.136166 0.985296
583.308 70.0813 0.0956312 0.0720035 0.967653
747.294 227.963 0.221827 -0.0539365 0.96657
851.863 210.658 0.20982 -0.148787 0.972593
858.44 118.49 0.132581 -0.140125 0.970532
512.39 161.638 0.105647 0.0760944 0.78913
573.173 230.596 0.221621 0.102659 0.967975
556.488 205.138 0.190298 0.105404 0.946679
570.706 230.156 0.210317 0.0965827 0.942203
784.688 227.929 0.21714 -0.0852963 0.953871
857.056 203.913 0.195202 -0.143796 0.949626
786.758 225.849 0.213859 -0.0862503 0.950547
785.986 228.486 0.218467 -0.0868685 0.955719
724.158 200.216 0.190778 -0.0320483 0.952119
850.317 257.173 0.253651 -0.153667 0.967542
853.064 127.736 0.142685 -0.142051 0.986019
751.091 228.742 0.215991 -0.0554907 0.950871
749.211 225.978 0.211395 -0.0531961 0.946033
753.605 228.017 0.20838 -0.0555703 0.93451
699.049 227.677 0.216299 -0.0104609 0.956183
697.905 229.759 0.216266 -0.00945025 0.951624
766.236 196.964 0.189677 -0.0675695 0.954951
569.792 259.931 0.221216 0.0918605 0.909469
481.477 85.6687 0.107318 0.156207 0.984418
527.762 178.088 0.170759 0.126813 0.955854
695.025 30.3236 0.0738406 -0.0105065 1.16253
485.661 147.991 0.113233 0.103419 0.833883
699.873 353.114 0.299588 -0.00865023 0.886201
606.796 229.228 0.210693 0.0668615 0.943517
785.09 265.221 0.252905 -0.0885815 0.952635
806.104 531.083 0.0820864 -0.0264247 0.554175
597.107 396.467 0.116611 0.0208179 0.634941
576.056 266.788 0.247007 0.100032 0.947075
657.989 227.014 0.195482 0.0205573 0.910314
585.91 76.9513 0.101287 0.0726861 0.976471
797.477 211.359 0.205212 -0.0967404 0.961338
851.027 442.557 0.388142 -0.145669 0.859648
662.538 229.447 0.213469 0.020609 0.947236
696.632 24.7794 0.0665261 -0.0122139 1.21029
578.254 342.264 0.490664 0.209261 1.15207
500.449 311.496 0.310753 0.196722 0.975471
773.414 144.397 0.150194 -0.0724329 0.965763
861.968 134.849 0.146391 -0.147375 0.976678
835.583 228.008 0.221336 -0.132733 0.961324
826.324 307.681 0.292356 -0.129325 0.940213
497.826 136.278 0.148855 0.162322 1.00418
795.51 268.62 0.233848 -0.0883244 0.910326
823.891 273.524 0.273778 -0.132718 0.973315
490.535 118.558 0.132363 0.158826 0.991172
620.484 275.913 0.247968 0.0582678 0.930261
847.716 258.808 0.262523 -0.157092 0.981844
784.907 612.544 0.120432 -0.0253971 0.565504
583.058 488.654 0.436535 0.107604 0.853741
734.728 199.457 0.185324 -0.0397815 0.938308
787.715 377.799 0.113914 -0.0340288 0.63777
604.901 230.235 0.210804 0.068162 0.941756
942.956 174.202 0.226035 -0.331761 1.15126
750.18 266.013 0.244084 -0.0543065 0.935805
919.62 509.082 0.0786134 -0.0470963 0.555466
506.074 384.135 0.111125 0.0458106 0.634822
884.01 180.166 0.183042 -0.172361 0.972973
880.603 184.338 0.19018 -0.174864 0.984123
820.164 204.343 0.197828 -0.114752 0.95734
841.149 310.095 0.306485 -0.150667 0.956567
567.91 302.137 0.145808 0.046157 0.729496
569.272 228.168 0.210918 0.0992243 0.947882
868.465 72.7221 0.101452 -0.145553 0.980626
556.189 314.132 0.153624 0.0527721 0.732235
695.216 515.092 0.0843255 -0.00631334 0.560946
842.582 225.026 0.224239 -0.143368 0.974787
872.941 394.944 0.108161 -0.0548506 0.622619
573.678 267.246 0.246105 0.101377 0.94456
840.28 308.476 0.305176 -0.149853 0.957558
785.797 227.306 0.212071 -0.0840288 0.943256
820.816 310.421 0.159858 -0.0650536 0.739342
579.229 318.002 0.301716 0.107389 0.94671
893.023 603.228 0.112975 -0.0473194 0.561473
880.106 310.689 0.180998 -0.10381 0.768968
881.72 182.487 0.187882 -0.174628 0.982033
742.948 273.286 0.261486 -0.0502231 0.954815
704.077 302.045 0.183432 -0.0124572 0.78494
844.938 270.954 0.259099 -0.144467 0.950576
572.991 268.998 0.248225 0.102569 0.94533
823.434 587.545 0.0267929 -0.0186804 0.493642
925.68 508.238 0.0786046 -0.048239 0.55562
669.117 258.667 0.233362 0.015513 0.931906
771.208 144.395 0.151513 -0.0715078 0.971363
701.496 316.919 0.290843 -0.0106093 0.927592
669.758 299.078 0.629378 0.108977 1.53438
659.955 227.589 0.21625 0.0237596 0.957979
675.091 542.534 0.0708774 -0.00276276 0.542279
662.962 265.9 0.250197 0.0232112 0.9513
719.511 213.093 0.202188 -0.028211 0.952954
565.409 515.314 0.0837522 0.0181882 0.561299
853.567 202.321 0.19188 -0.138758 0.944519
821.399 309.264 0.1606 -0.0657707 0.741367
718.244 207.64 0.187211 -0.0260406 0.926167
751.805 198.811 0.184376 -0.0532833 0.936428
764.18 384.474 0.142261 -0.0312404 0.668744
690.907 358.878 0.192455 -0.00498821 0.747493
869.48 72.2641 0.100245 -0.143729 0.973013
832.086 202.082 0.196145 -0.124864 0.957636
563.167 499.218 0.0869408 0.0196448 0.568548
582.709 318.97 0.303028 0.104329 0.946842
841.523 282.205 0.386393 -0.231746 1.15596
606.144 386.768 0.106862 0.0168164 0.627379
634.989 303.265 0.183959 0.0251418 0.786173
689.585 150.351 0.151749 -0.00460531 0.957836
833.938 453.233 0.180719 -0.0600583 0.672305
791.661 423.918 0.0585322 -0.0230028 0.556723
611.106 267.12 0.243621 0.0670433 0.938499
833.522 451.452 0.182145 -0.0604759 0.674579
771.445 313.649 0.153985 -0.0410147 0.729115
790.774 273.98 0.265785 -0.0963122 0.959272
889.712 434.132 0.222088 -0.102012 0.721609
789.91 421.816 0.0596357 -0.0229439 0.55854
728.176 166.569 0.18431 -0.0399879 1.02925
806.013 358.105 0.234681 -0.0751909 0.797736
633.556 307.391 0.179713 0.0246599 0.775676
696.757 514.097 0.0781934 -0.00655616 0.555415
571.716 268.583 0.245533 0.102153 0.941025
769.34 142.491 0.147419 -0.0682432 0.960553
769.444 139.421 0.143315 -0.0670624 0.95307
652.697 274.49 0.248804 0.0308436 0.93305
837.617 309.199 0.316547 -0.153673 0.973427
605.951 226.469 0.207097 0.0665947 0.940793
578.37 318.424 0.299663 0.106941 0.942995
786.048 609.186 0.121364 -0.025855 0.567029
826.861 306.245 0.292906 -0.130772 0.943503
697.178 227.198 0.211419 -0.00895001 0.945705
807.149 199.95 0.191261 -0.101339 0.950395
636.59 310.126 0.17469 0.0218629 0.765476
701.486 402.973 0.11287 -0.00888292 0.626647
685.215 594.225 0.124958 -0.00369302 0.57447
613.234 265.225 0.250257 0.0687382 0.954849
785.517 200.956 -0.204569 0.0052994 0.20908
860.9 135.933 0.147353 -0.146831 0.977239
551.69 204.459 0.185677 0.105496 0.935822
567.363 550.822 0.0714816 0.0149384 0.541725
570.579 551.606 0.0713253 0.0143709 0.541397
743.175 273.435 0.263351 -0.0507787 0.957943
533.933 150.138 0.148776 0.116411 0.954439
623.413 303.43 0.272024 0.0578817 0.924004
509.854 11.2761 0.0561468 0.185287 1.16492
703.112 98.4131 0.133135 -0.0178395 1.59392
774.986 19.385 -0.149009 0.00252791 0.281999
531.378 12.1758 -0.147064 -0.00121378 0.284496
748.965 160.969 -0.195865 0.00472787 0.220372
899.279 15.4679 0.0651509 -0.204029 1.09131
871.807 113.578 0.116364 -0.128352 0.90791
940.667 425.514 0.047428 -0.0437928 0.542674
535.503 151.126 0.149988 0.115977 0.956214
788.37 72.4422 -0.160996 0.00343243 0.266241
826.133 304.007 0.163221 -0.0698226 0.74958
750.357 194.257 0.178659 -0.0513406 0.930808
607.435 391.574 0.109462 0.0167654 0.628462
637.501 54.4946 0.0946957 0.0496882 1.12457
627.447 72.4612 0.0987384 0.0409807 0.977439
527.973 180.859 0.170781 0.1245 0.948771
566.889 209.147 0.198109 0.101195 0.958112
905.108 320.797 0.503025 -0.404378 1.20866
673.728 535.803 0.0832229 -0.0022587 0.555004
823.364 613.14 0.0237 -0.0178067 0.487505
658.456 224.533 0.20271 0.0221984 0.932151
572.227 262.211 0.234803 0.0975741 0.932046
784.621 542.515 -0.191085 0.00458195 0.233259
757.58 411.028 -0.19284 0.00449899 0.228267
505.45 389.69 0.108832 0.0446426 0.629641
706.15 273.448 0.252448 -0.0157528 0.939462
783.237 204.957 0.195921 -0.0820054 0.952399
771.438 398.266 -0.176656 0.00376587 0.251901
783.976 350.67 0.346258 -0.0943967 0.943687
711.793 298.509 0.765718 -0.0280983 1.77954
675.97 316.163 0.778289 0.121637 1.65793
639.169 72.3199 0.109925 0.0484466 1.11442
743.313 272.377 0.241096 -0.0467257 0.919158
831.341 205.813 0.20573 -0.130053 0.974683
490.853 252.42 0.254219 0.197125 0.995921
785.456 228.672 0.224273 -0.0891952 0.96903
830.883 229.471 0.228791 -0.133403 0.97577
694.739 69.4201 0.0967737 -0.0103305 0.972943
584.186 80.2927 0.10327 0.0739018 0.974346
625.86 76.1102 0.10048 0.0416705 0.97161
659.917 227.864 0.216306 0.0237638 0.957509
490.458 119.381 0.133059 0.159239 0.991571
536.806 153.455 0.154121 0.118528 0.965411
