729.125 210.471 0.247484 -0.501852 4.93855
713.135 199.392 -0.0999753 -0.135138 5.49969
720.056 132.466 -0.124655 -0.205024 3.73713
801.168 50.7795 0.183444 -0.0447361 0.713128
914.121 31.4354 0.183937 -0.100804 0.746386
925.096 49.9583 0.189498 -0.103672 0.736885
794.573 79.8314 0.209441 -0.053435 0.76878
910.769 39.055 0.187141 -0.100089 0.746858
724.865 147.871 0.227509 -0.0160446 0.726551
572.328 197.361 0.262453 0.0614253 0.754423
754.88 199.954 0.273214 -0.0367327 0.76981
901.638 167.168 0.24835 -0.109295 0.75082
831.265 161.05 0.235212 -0.0659137 0.727668
720.19 162.84 0.239001 -0.0147493 0.737814
856.929 207.108 0.2924 -0.10636 0.798804
691.187 195.852 0.262418 -0.000670005 0.752893
935.773 134.108 0.238449 -0.132527 0.771022
804.214 200.883 0.276114 -0.0658174 0.773487
884.732 152.33 0.231963 -0.0908982 0.728738
633.711 187.97 0.246737 0.0267131 0.728535
807.982 76.8627 0.202519 -0.0552841 0.746532
568.543 193.415 0.255373 0.0606624 0.743407
486.502 238.031 0.245249 0.0833991 0.680633
767.787 231.494 0.247315 -0.031221 0.683761
488.09 178.983 0.223751 0.0802912 0.689211
489.524 229.818 0.240703 0.0808918 0.678986
820.206 176.368 0.226729 -0.0525785 0.691284
525.435 202.118 0.271698 0.0909768 0.770418
922.731 72.8836 0.203814 -0.112116 0.755589
508.188 316.831 0.295122 0.0876461 0.695212
499.335 354.548 0.415844 0.153954 0.812987
826.556 246.926 0.265907 -0.061818 0.701816
880.814 187.262 0.251372 -0.0938044 0.733403
886.009 310.516 0.302513 -0.0959658 0.700912
817.836 180.963 0.237052 -0.056272 0.709851
884.813 187.455 0.249001 -0.0936935 0.72778
916.543 151.693 0.227691 -0.101378 0.717761
897.389 301.405 0.301114 -0.103242 0.706465
483.834 225.513 0.233448 0.0793418 0.668987
909.802 157.921 0.235908 -0.104388 0.731255
642.085 194.828 0.248005 0.0226452 0.723502
878.415 246.933 0.26925 -0.0878992 0.706315
918.143 222.284 0.256583 -0.104135 0.705863
833.703 245.823 0.257452 -0.0610902 0.687991
840.642 256.383 0.269285 -0.0681064 0.698702
689.245 236.134 0.251425 0.00149074 0.688987
693.798 228.062 0.211276 0.00109139 0.622824
766.061 182.923 0.237351 -0.0332129 0.709679
504.22 153.807 0.229559 0.083928 0.730091
765.445 312.331 0.291376 -0.0330331 0.68728
637.028 224.878 0.243133 0.0228629 0.684563
631.086 179.548 0.227473 0.0245826 0.693991
488.464 155.953 0.227677 0.0888392 0.722983
619.968 303.832 0.267736 0.0306213 0.663851
544.195 183.922 0.230804 0.0610217 0.699086
732.08 139.248 0.215628 -0.0173488 0.704966
624.508 231.725 0.236291 0.0264195 0.66652
500.419 375.335 0.30458 0.0862268 0.664745
545.79 540.719 0.186874 0.0294836 0.485959
522.262 369.038 0.334226 0.0902908 0.702698
490.916 235.4 0.244516 0.0816578 0.681379
831.998 366.386 0.264352 -0.0464684 0.617104
550.975 236.429 0.248275 0.0588872 0.686092
488.415 236.213 0.244877 0.082739 0.681419
817.983 183.608 0.239081 -0.0568943 0.711585
813.346 186.059 0.24422 -0.0570426 0.720508
497.649 447.158 0.129524 0.0266347 0.446126
687.664 234.261 0.253744 0.00208869 0.694901
814.422 229.169 0.253985 -0.0540151 0.697
508.86 192.634 0.241579 0.0809569 0.714979
875.389 360.687 0.34165 -0.0995784 0.707959
534.737 378.995 0.266076 0.0572199 0.617869
769.915 313.672 0.28724 -0.0339792 0.680485
813.17 136.511 0.218402 -0.0530521 0.713741
516.374 318.93 0.30058 0.08612 0.700847
757.385 193.633 0.260808 -0.0351919 0.7502
878.083 301.767 0.294078 -0.0892756 0.696758
564.743 305.467 0.274631 0.0551996 0.673743
815.682 311.528 0.300507 -0.0599359 0.699165
892.539 303.573 0.311041 -0.106535 0.718588
644.002 429.631 -0.0761116 0.0223254 0.191789
795.938 50.7988 0.184311 -0.0433063 0.716732
825.587 581.559 0.170925 -0.0103418 0.46293
682.16 174.252 0.217249 0.00381245 0.674933
880.065 362.026 0.366944 -0.115505 0.734935
930.844 346.712 0.357778 -0.146268 0.737127
767.929 364.263 0.322019 -0.0357807 0.685859
876.975 139.109 0.215893 -0.0773714 0.702582
929.15 140.046 0.245624 -0.135175 0.782934
666.336 296.716 0.71595 0.0890048 1.36607
613.095 208.324 0.0580331 0.0134685 0.375555
482.654 155.222 0.226592 0.0906802 0.721169
953.306 219.188 -0.0797441 0.0258569 0.183569
890.478 65.4441 0.206081 -0.10474 0.780753
870.807 201.747 0.290206 -0.115757 0.801561
869.254 200.165 0.289328 -0.114738 0.802056
634.832 182.254 -0.0837582 0.0234405 0.177788
864.849 44.1907 0.0883552 -0.0060073 0.445811
877.983 298.233 0.292159 -0.0889616 0.696993
590.312 3.08775 -0.0874448 0.0237455 0.17135
502.55 107.229 0.216221 0.0875297 0.754604
791.884 419.095 -0.0387775 0.0206406 0.242422
761.882 184.566 0.241536 -0.0325038 0.717406
920.206 38.9688 0.182019 -0.0955011 0.723314
684.575 295.488 0.698541 0.0363448 1.34082
663.802 394.382 0.174713 0.0102339 0.505852
695.135 52.2979 0.236387 -0.0111138 1.16924
855.331 178.073 0.2747 -0.10336 0.802401
570.288 99.5253 0.212308 0.0547616 0.751509
899.1 161.886 0.246275 -0.108184 0.752762
637.728 314.642 0.293771 0.0265436 0.691886
903.172 14.9513 0.186981 -0.116233 0.807209
609.569 562.021 -0.064203 0.0202851 0.211238
892.652 250.498 0.283154 -0.103648 0.726473
637.071 314.228 0.295842 0.0271669 0.695092
900.67 57.2567 0.199013 -0.103771 0.765748
719.284 122.853 -0.125672 -0.186709 3.58014
801.148 53.3112 0.184653 -0.0450048 0.714164
