697.703 226.97 0.217536 -0.0105713 0.958531
610.081 227.973 0.217955 0.0667004 0.960895
781.744 196.77 0.189575 -0.0815708 0.952308
771.652 142.208 0.148384 -0.0717072 0.962599
693.631 68.7301 0.097052 -0.0105894 0.973709
871.376 65.9245 0.0957938 -0.143929 0.967547
533.185 150.098 0.150751 0.117492 0.958541
581.475 73.3901 0.0985075 0.0726198 0.966906
625.244 71.9909 0.0987973 0.0412016 0.974328
533.891 149.992 0.151162 0.117591 0.960466
855.725 120.486 0.134665 -0.139832 0.9711
727.854 201.408 0.195391 -0.0369397 0.959623
784.096 197.988 0.189612 -0.0830701 0.949399
491.824 125.396 0.13932 0.159934 0.99472
693.853 60.1424 0.0908609 -0.0109387 0.968795
626.469 66.8614 0.0955497 0.0401002 0.97584
875.935 92.5673 0.107976 -0.138023 0.930868
780.005 144.63 0.159686 -0.0856392 1.00232
830.801 202.569 0.199285 -0.127109 0.963216
746.744 226.852 0.219159 -0.0541464 0.960654
828.814 229.911 0.233855 -0.136186 0.984977
581.809 68.8809 0.0955983 0.0719829 0.967334
745.823 227.178 0.221794 -0.0539571 0.966251
850.312 210.042 0.209787 -0.148807 0.972274
856.897 117.869 0.132548 -0.140146 0.970213
510.303 160.123 0.105614 0.0760738 0.788811
571.687 229.549 0.221588 0.102638 0.967656
554.935 204.013 0.190265 0.105383 0.94636
569.16 229.072 0.210284 0.0965621 0.941884
783.16 227.185 0.217107 -0.0853169 0.953552
855.441 203.273 0.195169 -0.143816 0.949307
785.219 225.103 0.213826 -0.0862709 0.950228
784.461 227.746 0.218434 -0.0868891 0.9554
722.661 199.364 0.190745 -0.0320689 0.9518
848.747 256.546 0.253618 -0.153687 0.967223
851.563 127.127 0.142652 -0.142071 0.9857
749.579 227.942 0.215958 -0.0555113 0.950552
747.688 225.168 0.211362 -0.0532167 0.945714
752.049 227.198 0.208347 -0.0555909 0.934191
697.571 226.805 0.216266 -0.0104815 0.955864
696.415 228.88 0.216233 -0.00947085 0.951305
764.725 196.183 0.189645 -0.0675901 0.954632
568.172 258.825 0.221183 0.0918399 0.90915
526.196 176.898 0.170726 0.126793 0.955534
693.947 29.4595 0.0738077 -0.0105271 1.16221
483.719 146.514 0.1132 0.103398 0.833564
698.23 352.18 0.299555 -0.00867083 0.885882
605.274 228.2 0.21066 0.0668409 0.943198
783.558 264.482 0.252872 -0.0886021 0.952316
801.738 528.535 0.0820535 -0.0264453 0.553856
594.092 394.537 0.116578 0.0207973 0.634622
574.534 265.751 0.246974 0.100012 0.946756
656.393 226.013 0.195449 0.0205367 0.909994
584.434 75.7727 0.101254 0.0726655 0.976152
795.957 210.641 0.205179 -0.096761 0.961019
849.165 441.695 0.388109 -0.14569 0.859329
661.04 228.509 0.213436 0.0205884 0.946917
695.621 23.9348 0.0664932 -0.0122345 1.20997
577.103 341.515 0.490631 0.20924 1.15176
498.927 310.444 0.31072 0.196702 0.975152
860.431 134.247 0.146358 -0.147395 0.976359
834.022 227.352 0.221303 -0.132753 0.961005
824.716 306.978 0.292323 -0.129346 0.939894
496.308 135.03 0.148822 0.162302 1.00386
793.854 267.832 0.233815 -0.088345 0.910007
822.368 272.868 0.273745 -0.132738 0.972996
488.981 117.259 0.13233 0.158805 0.990853
618.946 274.92 0.247936 0.0582472 0.929942
846.183 258.197 0.26249 -0.157113 0.981525
780.897 610.107 0.120399 -0.0254177 0.565185
581.408 487.606 0.436502 0.107583 0.853422
733.191 198.603 0.185291 -0.0398021 0.937989
784.555 376.089 0.113881 -0.0340494 0.637451
603.375 229.202 0.210771 0.0681414 0.941437
941.593 173.933 0.226002 -0.331781 1.15094
748.632 265.202 0.244051 -0.0543271 0.935486
503.072 382.104 0.111092 0.04579 0.634503
882.422 179.602 0.183009 -0.172381 0.972654
879.045 183.784 0.190147 -0.174885 0.983804
818.613 203.655 0.197795 -0.114772 0.957021
839.562 309.434 0.306452 -0.150688 0.956248
565.596 300.621 0.145775 0.0461364 0.729177
567.737 227.087 0.210885 0.0992037 0.947563
866.95 72.1209 0.101419 -0.145573 0.980307
553.895 312.618 0.153591 0.0527515 0.731916
691.133 512.545 0.0842926 -0.00633394 0.560627
841.045 224.398 0.224207 -0.143388 0.974468
869.489 393.213 0.108128 -0.0548712 0.6223
572.149 266.203 0.246072 0.101356 0.944241
838.696 307.816 0.305143 -0.149873 0.957239
784.241 226.548 0.212038 -0.0840494 0.942937
818.418 309.253 0.159825 -0.0650742 0.739023
577.726 317.011 0.301683 0.107368 0.946391
888.732 600.816 0.112942 -0.04734 0.561154
877.791 309.691 0.180966 -0.10383 0.768649
880.156 181.932 0.187849 -0.174648 0.981714
741.454 272.494 0.261453 -0.0502437 0.954496
702.028 300.876 0.1834 -0.0124778 0.784621
843.333 270.295 0.259066 -0.144488 0.950257
571.464 267.957 0.248192 0.102548 0.945011
817.194 583.729 0.02676 -0.018701 0.493323
921.106 505.823 0.0785717 -0.0482596 0.555301
667.585 257.733 0.233329 0.0154924 0.931587
769.74 143.622 0.15148 -0.0715284 0.971044
699.96 316.047 0.29081 -0.0106299 0.927273
668.997 298.599 0.629345 0.108957 1.53406
658.482 226.659 0.216217 0.023739 0.95766
670.652 539.69 0.0708445 -0.00278336 0.54196
661.48 264.99 0.250164 0.0231906 0.950981
718.018 212.241 0.202155 -0.0282316 0.952635
561.461 512.659 0.0837193 0.0181676 0.56098
851.944 201.668 0.191847 -0.138779 0.9442
819.013 308.105 0.160567 -0.0657913 0.741048
716.681 206.745 0.187178 -0.0260612 0.925848
750.254 197.982 0.184343 -0.0533039 0.936109
761.359 382.926 0.142228 -0.031261 0.668424
688.694 357.589 0.192422 -0.00500881 0.747174
867.945 71.6554 0.100212 -0.14375 0.972694
830.523 201.413 0.196112 -0.124884 0.957317
559.338 496.653 0.0869079 0.0196242 0.568229
581.208 317.985 0.302995 0.104308 0.946523
840.303 281.758 0.38636 -0.231766 1.15565
603.034 384.791 0.106829 0.0167958 0.62706
632.968 302.014 0.183926 0.0251212 0.785854
688.108 149.418 0.151716 -0.00462591 0.957517
831.096 451.755 0.180686 -0.0600789 0.671986
787.273 421.423 0.0584993 -0.0230234 0.556404
609.583 266.121 0.243588 0.0670227 0.93818
830.699 449.986 0.182112 -0.0604965 0.67426
769.04 312.384 0.153952 -0.0410353 0.728796
789.254 273.26 0.265752 -0.0963328 0.958953
887.137 432.932 0.222055 -0.102033 0.72129
785.562 419.345 0.0596028 -0.0229645 0.558221
726.853 165.795 0.184277 -0.0400085 1.02893
803.951 357.092 0.234648 -0.0752115 0.797417
631.488 306.111 0.179681 0.0246393 0.775357
692.557 511.476 0.0781605 -0.00657676 0.555096
570.178 267.534 0.2455 0.102132 0.940706
767.846 141.7 0.147386 -0.0682638 0.960234
767.93 138.62 0.143282 -0.067083 0.952751
651.171 273.544 0.248771 0.030823 0.932731
836.075 308.557 0.316514 -0.153694 0.973107
604.421 225.434 0.207064 0.0665741 0.940474
576.858 317.428 0.29963 0.10692 0.942676
782.061 606.77 0.121331 -0.0258756 0.56671
825.261 305.548 0.292874 -0.130792 0.943184
695.674 226.308 0.211386 -0.00897061 0.945386
805.594 199.23 0.191228 -0.10136 0.950076
634.473 308.82 0.174657 0.0218423 0.765157
698.31 401.092 0.112837 -0.00890352 0.626328
681.482 591.833 0.124925 -0.00371362 0.574151
611.75 264.25 0.250224 0.0687176 0.95453
784.205 212.522 -0.204602 0.0052788 0.208761
859.366 135.329 0.14732 -0.146852 0.97692
550.108 203.311 0.185644 0.105475 0.935503
563.034 547.878 0.0714487 0.0149177 0.541406
566.241 548.659 0.0712924 0.0143503 0.541078
532.366 148.924 0.148743 0.11639 0.95412
621.868 302.45 0.271991 0.0578611 0.923684
508.572 9.93824 0.0561139 0.185266 1.1646
702.426 97.7921 0.133102 -0.0178601 1.5936
785.164 27.4512 -0.149042 0.00250731 0.28168
541.889 20.1476 -0.147097 -0.00123438 0.284177
897.987 15.027 0.065118 -0.20405 1.09099
870.075 112.891 0.116331 -0.128373 0.907591
935.681 422.967 0.0473951 -0.0438134 0.542355
796.362 79.6905 -0.161029 0.00341183 0.265921
823.788 302.882 0.163188 -0.0698432 0.749261
748.792 193.415 0.178626 -0.0513612 0.930489
604.341 389.607 0.109429 0.0167448 0.628143
636.332 53.5068 0.0946628 0.0496676 1.12426
526.393 179.663 0.170748 0.124479 0.948452
565.372 208.057 0.198076 0.101175 0.957793
903.813 320.454 0.502992 -0.404399 1.20834
669.57 533.154 0.08319 -0.0022793 0.554685
816.87 609.117 0.0236671 -0.0178273 0.487186
656.918 223.564 0.202678 0.0221778 0.931832
570.666 261.143 0.23477 0.0975535 0.931727
760.991 417.462 -0.192873 0.00447839 0.227948
502.398 387.623 0.108799 0.044622 0.629321
704.634 272.584 0.252415 -0.0157734 0.939143
781.707 204.202 0.195888 -0.082026 0.95208
777.314 404.696 -0.176689 0.00374527 0.251582
782.431 349.92 0.346225 -0.0944173 0.943368
711.17 298.156 0.765685 -0.0281189 1.77922
675.283 315.744 0.778256 0.121617 1.65761
637.984 71.3521 0.109892 0.048426 1.1141
741.725 271.533 0.241063 -0.0467463 0.918839
829.82 205.167 0.205697 -0.130073 0.974364
489.334 251.308 0.254186 0.197105 0.995602
783.965 227.95 0.22424 -0.0892158 0.968711
829.362 228.827 0.228758 -0.133423 0.975451
693.301 68.452 0.0967408 -0.0103511 0.972624
582.703 79.1125 0.103238 0.0738812 0.974027
624.399 75.0067 0.100447 0.0416499 0.971291
658.444 226.933 0.216273 0.0237432 0.957189
488.905 118.083 0.133026 0.159218 0.991252
535.267 152.262 0.154088 0.118508 0.965092
