697.984 226.018 0.216605 -0.0107231 0.956981
610.344 226.866 0.21692 0.0664895 0.959065
782.12 195.978 0.188604 -0.0817019 0.950594
772.293 141.276 0.147107 -0.071779 0.959745
694.306 67.8984 0.0964373 -0.0107945 0.973119
871.956 65.1862 0.0948465 -0.143813 0.965499
533.582 148.796 0.149696 0.117111 0.95638
582.088 72.1509 0.0976442 0.0723916 0.965303
625.764 70.6353 0.0976651 0.0408931 0.971564
534.255 148.683 0.150128 0.117271 0.958412
856.297 119.777 0.133728 -0.139927 0.969367
727.734 200.558 0.19386 -0.0365843 0.95627
785.792 197.24 0.185377 -0.0824821 0.938462
493.73 124.413 0.13928 0.159764 0.995877
694.61 59.1079 0.0900069 -0.0111965 0.967229
626.889 65.4702 0.0944025 0.0398686 0.973028
876.4 91.9461 0.107154 -0.138104 0.929476
780.293 143.945 0.159213 -0.0858874 1.00215
831.578 201.841 0.197727 -0.127095 0.959969
747.109 226.005 0.218097 -0.0543298 0.958769
829.168 229.254 0.232581 -0.136117 0.982543
582.294 67.4126 0.0944298 0.07154 0.96437
746.166 226.356 0.220509 -0.0540599 0.963777
850.742 209.388 0.208627 -0.148808 0.970094
857.465 117.156 0.13161 -0.14023 0.968476
511.168 158.802 0.104884 0.0759074 0.787768
571.953 228.382 0.220524 0.102361 0.965736
555.578 202.804 0.18946 0.10504 0.945051
569.486 227.892 0.209302 0.0963092 0.940161
783.818 226.432 0.215504 -0.0854513 0.95033
855.669 202.605 0.194536 -0.144147 0.948568
785.522 224.317 0.212906 -0.0864307 0.948706
785.397 226.966 0.216471 -0.0870983 0.951387
723.02 198.458 0.189263 -0.0321495 0.948665
849.123 255.938 0.252421 -0.153755 0.965077
852.236 126.353 0.141544 -0.142065 0.983367
749.763 227.148 0.214718 -0.0554728 0.948154
748.151 224.319 0.210232 -0.0534536 0.943659
752.355 226.373 0.207327 -0.0557191 0.932374
697.893 225.837 0.215456 -0.0106664 0.954637
696.927 227.946 0.215268 -0.00982415 0.949622
765.126 195.36 0.188547 -0.0676965 0.952549
567.823 257.835 0.219742 0.0917419 0.90625
480.193 82.747 0.10624 0.155797 0.981785
526.457 175.598 0.169598 0.126427 0.953269
694.583 28.1511 0.0728371 -0.0107113 1.15974
483.291 145.08 0.111993 0.103376 0.831129
698.136 351.351 0.300407 -0.0086611 0.886374
605.788 227.17 0.20922 0.0661741 0.940217
783.851 263.754 0.251711 -0.0887241 0.95025
801.23 525.952 0.0814574 -0.0265997 0.553119
594.695 392.689 0.115885 0.0206326 0.633684
574.375 264.671 0.245493 0.0997934 0.943977
656.761 224.994 0.194634 0.0203532 0.908658
584.692 74.4024 0.100207 0.0725266 0.973817
796.28 209.897 0.204203 -0.0968643 0.959289
848.571 440.567 0.387888 -0.145938 0.858813
660.937 227.543 0.21186 0.0206043 0.943736
696.268 22.644 0.0655708 -0.0124269 1.20753
577.479 340.668 0.490879 0.209131 1.15115
499.496 309.228 0.310081 0.196318 0.973894
860.886 133.575 0.145417 -0.147406 0.97459
834.337 226.706 0.220353 -0.132881 0.959321
824.912 306.367 0.291315 -0.129516 0.938111
496.703 133.674 0.147876 0.161972 1.00196
794.248 267.235 0.232375 -0.0883737 0.907236
822.685 272.249 0.272406 -0.132743 0.970573
489.51 115.869 0.131401 0.158408 0.988992
619.553 273.845 0.247277 0.0578437 0.92885
846.359 257.588 0.261508 -0.157168 0.979822
780.207 608.255 0.119559 -0.0254896 0.56397
581.136 486.475 0.434965 0.107345 0.851295
733.862 197.727 0.183873 -0.040098 0.935004
784.645 374.699 0.11318 -0.0342471 0.63649
603.706 228.096 0.20977 0.0678881 0.939653
942.48 173.341 0.224496 -0.33123 1.14754
748.909 264.399 0.242963 -0.0544937 0.933567
503.948 380.088 0.110409 0.0456543 0.633594
882.921 178.979 0.181953 -0.172415 0.970685
879.548 183.149 0.189046 -0.17489 0.98173
819.045 202.927 0.196715 -0.114871 0.955047
839.411 308.713 0.306242 -0.151078 0.955933
566.139 299.162 0.145009 0.0459797 0.728076
567.991 225.921 0.20979 0.0989157 0.945533
867.718 71.3249 0.100431 -0.145605 0.978243
554.245 311.685 0.152414 0.0524267 0.729761
689.982 511.007 0.0835187 -0.00623283 0.559442
841.44 223.732 0.223054 -0.143431 0.972372
869.133 392.6 0.107219 -0.054901 0.620818
572.39 265.011 0.245134 0.101175 0.942704
838.79 307.25 0.304336 -0.15006 0.955739
784.59 225.786 0.211042 -0.084203 0.941175
818.524 308.295 0.159037 -0.0652643 0.737869
577.918 315.929 0.300677 0.107083 0.944608
887.898 598.335 0.112304 -0.0475404 0.560307
877.874 308.923 0.180078 -0.103999 0.767293
880.65 181.3 0.186744 -0.17463 0.979614
741.782 271.746 0.259908 -0.0503901 0.951626
702.332 299.88 0.182411 -0.0126756 0.783012
843.567 269.835 0.257845 -0.14437 0.947812
571.431 266.917 0.246563 0.102092 0.941872
816.872 580.038 0.0261316 -0.0188858 0.492622
919.16 504.188 0.0779269 -0.0482232 0.554381
666.731 257.38 0.231113 0.0159696 0.926323
770.242 142.649 0.149978 -0.071372 0.967384
700.11 315.109 0.290027 -0.0108161 0.92596
669.135 298.065 0.6289 0.108567 1.53219
658.701 225.671 0.214961 0.0235497 0.955247
674.158 533.357 0.0707653 -0.00346198 0.542418
661.714 264.027 0.249069 0.0229743 0.949038
718.327 211.338 0.201034 -0.0283547 0.950544
561.224 513.611 0.0824184 0.018001 0.558603
852.621 200.972 0.190548 -0.138841 0.94169
819.175 307.211 0.159716 -0.0659744 0.739748
717.063 206.334 0.187858 -0.0263694 0.927378
750.592 197.287 0.183826 -0.0535294 0.93529
761.358 382.19 0.14108 -0.0313239 0.666572
688.896 356.398 0.191496 -0.00519342 0.745775
868.661 70.9037 0.0992812 -0.143828 0.970882
830.987 200.703 0.195013 -0.124975 0.95529
560.164 493.915 0.0862902 0.0194824 0.567451
581.509 316.833 0.302255 0.104088 0.94526
840.753 281.252 0.384473 -0.231544 1.15219
603.636 382.962 0.106123 0.0166337 0.626116
633.319 300.857 0.182982 0.024906 0.784339
688.555 148.411 0.150701 -0.00479741 0.955532
830.867 450.45 0.179934 -0.060271 0.67088
609.842 264.995 0.242938 0.0669602 0.937201
830.378 448.602 0.181424 -0.0606786 0.673261
769.231 311.33 0.153155 -0.0412195 0.727621
789.533 272.446 0.26483 -0.0966016 0.957546
886.752 431.884 0.221377 -0.10224 0.720229
786.446 416.412 0.059248 -0.0233686 0.558013
727.294 165.174 0.183849 -0.0402624 1.02821
803.85 356.145 0.234519 -0.0755542 0.797013
631.878 304.936 0.178748 0.0244107 0.773872
693.116 510.487 0.0771017 -0.00678867 0.553503
570.283 266.45 0.244107 0.101726 0.938091
768.288 140.867 0.146526 -0.0684002 0.958783
768.373 137.792 0.142442 -0.0672225 0.951358
651.448 272.591 0.247797 0.0305798 0.930967
836.111 307.965 0.31577 -0.153879 0.971754
604.783 224.344 0.205827 0.0661671 0.938082
577.042 316.339 0.298597 0.106632 0.94086
781.669 604.186 0.120691 -0.0260575 0.565833
825.471 304.935 0.291818 -0.130948 0.941334
696.464 225.352 0.210738 -0.00954235 0.944484
805.903 198.482 0.190167 -0.101367 0.948124
632.777 303.007 0.179811 0.024325 0.777335
699.782 397.906 0.112691 -0.0094312 0.62664
680.796 590.366 0.123917 -0.00371851 0.572671
611.628 263.134 0.248166 0.0683501 0.950828
782.772 194.777 -0.206027 0.0052272 0.207562
859.912 134.63 0.14635 -0.146924 0.975108
550.651 202.07 0.18482 0.10522 0.934191
563.917 544.376 0.0708897 0.0147902 0.540764
567.119 545.201 0.0707283 0.0142183 0.540422
534.404 148.385 0.149278 0.116244 0.955924
622.145 301.37 0.271331 0.0576926 0.922559
702.829 97.0637 0.132524 -0.017899 1.59389
784.218 29.9238 -0.150744 0.00245883 0.280004
896.55 17.7168 0.0667527 -0.205577 1.09682
935.488 422.444 0.0464367 -0.0439061 0.540924
794.781 81.3253 -0.163013 0.00336973 0.263899
824.178 301.994 0.162282 -0.0701146 0.747885
749.641 192.51 0.176386 -0.0514755 0.925277
604.878 387.477 0.10887 0.0166314 0.627499
636.855 52.184 0.093685 0.0494105 1.12193
526.456 178.342 0.169409 0.124042 0.945595
565.629 206.943 0.196713 0.100621 0.954821
902.293 319.907 0.50599 -0.406461 1.21294
669.713 529.927 0.0826986 -0.00240769 0.554132
816.144 604.585 0.0230882 -0.0179889 0.486605
656.93 222.56 0.201208 0.0221153 0.928923
570.223 260.261 0.232783 0.0971478 0.927557
760.095 408.545 -0.194391 0.00443386 0.226539
503.287 385.51 0.108149 0.0445042 0.628482
704.995 271.749 0.251805 -0.0160744 0.93802
782.498 203.364 0.194792 -0.0824763 0.950141
776.523 401.001 -0.178135 0.00369518 0.250249
782.42 349.278 0.345194 -0.0944861 0.941511
711.28 297.738 0.765821 -0.0285093 1.77831
675.404 315.215 0.778455 0.12133 1.65688
638.617 70.3611 0.109192 0.0481747 1.1127
741.634 270.462 0.242171 -0.0470662 0.921404
830.731 204.444 0.204066 -0.130135 0.970918
485.092 250.684 0.247377 0.193489 0.979925
769.009 392.304 0.118164 -0.0297395 0.634706
696.659 33.3023 0.0714611 -0.0121082 1.27335
608.676 378.807 0.112412 0.0164952 0.635538
695.562 226.576 0.208246 -0.00885517 0.936055
777.746 544.301 -0.191353 0.00434762 0.233569
773.139 305.502 0.111169 -0.0342715 0.669399
804.033 198.933 0.192414 -0.10111 0.953358
673.658 149.193 0.15054 0.00689829 0.953141
784.446 227.188 0.222926 -0.0893462 0.966201
829.754 228.135 0.22768 -0.133558 0.97356
693.903 67.4831 0.0959552 -0.0105061 0.971336
583.522 78.02 0.102565 0.073664 0.973168
625.081 73.9085 0.099655 0.0414283 0.969954
658.7 225.939 0.215069 0.0235344 0.954911
489.121 116.59 0.13187 0.158705 0.988584
535.513 150.937 0.15293 0.118129 0.962623
