729.885 209.412 0.246946 -0.502199 4.93705
713.874 198.16 -0.100388 -0.135516 5.49913
721.275 129.963 -0.124987 -0.204774 3.72524
803.514 45.7412 0.18244 -0.044779 0.71081
916.293 27.8288 0.183715 -0.101259 0.746481
926.84 46.5725 0.189469 -0.10422 0.737504
796.454 75.8221 0.20922 -0.0538555 0.768873
913.451 35.0488 0.186533 -0.100375 0.745888
726.111 143.261 0.226904 -0.0162303 0.725581
573.786 192.23 0.262583 0.0611967 0.755205
756.051 196.061 0.272971 -0.0371448 0.769746
902.49 164.106 0.248442 -0.109773 0.751375
832.573 157.172 0.235023 -0.066331 0.727739
719.442 155.195 0.229039 -0.012723 0.716989
858.007 204.062 0.292099 -0.106781 0.798614
692.32 191.497 0.262701 -0.00100792 0.753931
936.937 131.314 0.238417 -0.13298 0.771343
805.34 197.321 0.275856 -0.0662345 0.773389
885.637 148.951 0.23208 -0.091362 0.729388
635.129 182.946 0.246506 0.0263301 0.728515
810.233 72.2201 0.201774 -0.0556007 0.745474
570.173 188.086 0.25531 0.0602934 0.743837
488.082 231.702 0.245114 0.0830577 0.680752
768.721 226.914 0.247183 -0.0316163 0.683889
489.833 172.625 0.223572 0.0799876 0.689328
491.825 223.905 0.24111 0.0805379 0.679763
821.367 171.603 0.226316 -0.0529243 0.691305
527.022 196.859 0.271659 0.0906447 0.770792
924.69 69.466 0.20355 -0.112576 0.7556
508.999 310.957 0.294805 0.0873075 0.694991
501.878 349.408 0.419184 0.154506 0.817449
827.42 242.985 0.265584 -0.0622008 0.701554
880.977 184.299 0.252174 -0.0944427 0.735125
886.192 306.995 0.302374 -0.0963914 0.700971
819.531 176.767 0.236416 -0.056676 0.708997
885.578 184.247 0.249193 -0.0942022 0.72837
917.697 148.264 0.227613 -0.101858 0.718063
897.346 298.205 0.301321 -0.103707 0.706847
483.908 219.353 0.232525 0.0790496 0.66736
910.28 154.483 0.236166 -0.104954 0.732561
644.478 188.72 0.24646 0.0216302 0.721763
878.885 243.204 0.269454 -0.0885151 0.707128
918.676 219.059 0.256703 -0.104644 0.706286
834.302 241.803 0.257452 -0.0615062 0.688269
838.087 253.183 0.272643 -0.0686933 0.704109
690.288 231.111 0.251219 0.00112627 0.689008
694.984 222.346 0.211315 0.000720664 0.623129
767.044 178.775 0.237603 -0.0336046 0.710469
503.933 147.264 0.227664 0.0833568 0.726517
765.861 307.879 0.291234 -0.033422 0.687358
637.616 219.53 0.241018 0.0224756 0.680902
631.276 174.304 0.226586 0.0246144 0.692332
491.686 150.868 0.229273 0.0891279 0.726609
621.011 298.522 0.267717 0.0301955 0.663854
545.657 177.933 0.230453 0.0606801 0.698906
733.273 134.59 0.215421 -0.017564 0.704902
625.869 224.957 0.235355 0.0259351 0.666026
500.412 369.14 0.303799 0.0859279 0.663979
545.554 530.879 0.186273 0.0291438 0.48533
521.961 363.542 0.333153 0.0900052 0.701511
491.909 228.94 0.24408 0.0813978 0.681091
825.93 359.672 0.278286 -0.0495957 0.634563
552.126 230.52 0.247924 0.0585534 0.685851
819.75 179.142 0.23822 -0.0572784 0.710543
688.484 229.3 0.253367 0.00182767 0.694602
814.446 225.075 0.255655 -0.0548781 0.700471
510.36 186.655 0.241325 0.0806424 0.714985
875.22 356.995 0.34179 -0.100193 0.708516
539.539 371.121 0.271464 0.0573579 0.624789
770.284 309.19 0.287152 -0.0343635 0.680616
814.458 132.392 0.218414 -0.0534852 0.714308
517.467 313.082 0.300545 0.0857851 0.701088
758.557 189.619 0.26064 -0.0355924 0.750259
878.31 298.162 0.293917 -0.0896645 0.69677
566.078 299.356 0.275039 0.0549126 0.67479
817.185 307.713 0.29853 -0.0601883 0.696529
892.604 300.225 0.311136 -0.107051 0.719028
635.268 424.872 -0.0756237 0.0218 0.192558
798.03 46.2766 0.184077 -0.043711 0.71678
824.048 569.694 0.171118 -0.0107537 0.46341
684.723 168.214 0.21549 0.00305109 0.672068
879.775 359.02 0.366612 -0.115713 0.734633
930.556 343.87 0.357823 -0.146777 0.73741
767.794 359.805 0.322318 -0.0361618 0.686468
878.701 135.09 0.215262 -0.0775772 0.701614
930.667 137.113 0.24532 -0.135582 0.78275
665.898 294.318 0.706719 0.0882023 1.35257
484.332 149.052 0.226208 0.0902845 0.720869
947.33 222.699 -0.0802769 0.0254712 0.183092
892.09 62.4927 0.20622 -0.105306 0.78154
871.876 198.862 0.289763 -0.115992 0.800938
869.209 197.53 0.290337 -0.115419 0.804388
627.199 179.177 -0.0840123 0.0230088 0.177632
873.426 15.0925 0.0841275 -0.00568941 0.44013
878.031 294.717 0.292262 -0.0893851 0.697312
506.284 104.055 0.218525 0.0879179 0.759143
764.169 177.737 0.237514 -0.0324324 0.711429
927.656 31.0725 0.177972 -0.0940163 0.713216
682.886 292.595 0.665394 0.0361088 1.28988
664.458 385.254 0.174454 0.00986917 0.505725
696.71 43.4932 0.230614 -0.0111436 1.15242
860.055 171.692 0.268258 -0.101885 0.791639
637.556 310.371 0.289185 0.0259276 0.685084
604.356 574.879 -0.0652666 0.0199682 0.210121
890.303 248.762 0.288562 -0.106158 0.734634
637.961 309.053 0.295696 0.0267171 0.695179
914.211 156.077 0.235354 -0.105314 0.728437
690.165 313.336 0.28978 0.0019407 0.682588
904.176 52.5153 0.197507 -0.10365 0.762555
720.549 120.825 -0.126079 -0.187033 3.5785
