699.697 219.817 0.216256 -0.0111587 0.956298
611.946 220.516 0.216571 0.0660539 0.958382
784.126 189.634 0.188256 -0.0821375 0.949911
774.47 134.505 0.146758 -0.0722146 0.959062
696.443 60.3878 0.0960886 -0.0112301 0.972436
874.853 57.8291 0.0944978 -0.144249 0.964816
535.216 141.66 0.149347 0.116676 0.955697
583.892 64.4568 0.0972955 0.0719559 0.96462
627.675 63.0432 0.0973164 0.0404574 0.970881
535.884 141.567 0.149779 0.116836 0.957728
858.851 113.015 0.13338 -0.140363 0.968684
729.585 194.205 0.193511 -0.0370199 0.955587
787.832 190.795 0.185028 -0.0829177 0.937779
495.222 117.351 0.138931 0.159329 0.995193
696.787 51.4528 0.0896582 -0.0116321 0.966546
628.811 57.839 0.0940538 0.039433 0.972345
879.253 84.5543 0.106805 -0.13854 0.928793
782.397 137.573 0.158865 -0.0863231 1.00146
833.671 195.728 0.197378 -0.12753 0.959286
748.901 219.917 0.217748 -0.0547654 0.958085
831.076 223.567 0.232232 -0.136552 0.98186
584.108 59.6621 0.0940811 0.0711043 0.963687
747.944 220.316 0.22016 -0.0544955 0.963094
852.832 203.468 0.208278 -0.149244 0.969411
860.039 110.362 0.131261 -0.140665 0.967793
513.373 149.454 0.104535 0.0754717 0.787085
573.51 222.029 0.220176 0.101925 0.965053
557.208 196.034 0.189112 0.104604 0.944368
571.106 221.285 0.208953 0.0958736 0.939477
785.703 220.341 0.215156 -0.0858869 0.949647
857.853 196.437 0.194187 -0.144583 0.947885
787.423 218.197 0.212557 -0.0868664 0.948023
787.28 220.893 0.216122 -0.0875339 0.950703
724.887 192.006 0.188915 -0.0325851 0.947982
850.981 250.348 0.252072 -0.154191 0.964394
854.717 119.772 0.141195 -0.1425 0.982684
751.581 220.973 0.214369 -0.0559084 0.947471
749.987 218.076 0.209883 -0.0538892 0.942976
754.22 220.041 0.206978 -0.0561548 0.931691
699.612 219.612 0.215107 -0.0111021 0.953953
698.65 221.687 0.21492 -0.0102598 0.948939
767.089 188.998 0.188198 -0.0681321 0.951866
569.491 251.069 0.219394 0.0913063 0.905566
481.714 75.1567 0.105891 0.155362 0.981102
528.067 168.642 0.16925 0.125992 0.952586
696.475 21.3711 0.0724884 -0.011147 1.15906
485.289 136.304 0.111645 0.10294 0.830445
699.637 345.209 0.300058 -0.00909674 0.885691
607.434 220.631 0.208871 0.0657385 0.939534
785.576 257.947 0.251363 -0.0891597 0.949567
804.583 510.656 0.0811087 -0.0270353 0.552436
597.476 380.789 0.115536 0.020197 0.633001
575.936 258.362 0.245144 0.0993578 0.943294
658.548 218.207 0.194285 0.0199176 0.907975
586.475 66.8103 0.099858 0.072091 0.973134
798.243 203.779 0.203855 -0.0972999 0.958606
849.707 434.91 0.387539 -0.146373 0.85813
662.628 221.151 0.211511 0.0201687 0.943052
698.114 16.0004 0.0652221 -0.0128626 1.20685
578.616 336.262 0.49053 0.208695 1.15046
501.006 303.288 0.309732 0.195883 0.973211
863.381 127.006 0.145069 -0.147842 0.973907
836.318 220.802 0.220004 -0.133317 0.958638
826.53 300.826 0.290967 -0.129951 0.937428
498.18 126.748 0.147527 0.161536 1.00127
796.084 261.03 0.232027 -0.0888093 0.906553
824.394 266.774 0.272057 -0.133179 0.969889
491.016 108.664 0.131052 0.157972 0.988309
621.144 267.539 0.246928 0.0574081 0.928167
848.172 252.135 0.26116 -0.157604 0.979139
782.955 594.275 0.11921 -0.0259253 0.563287
582.597 480.063 0.434616 0.10691 0.850612
735.788 191.154 0.183524 -0.0405337 0.93432
787.461 363.292 0.112831 -0.0346827 0.635807
605.35 221.554 0.209421 0.0674525 0.93897
944.903 168.445 0.224148 -0.331665 1.14685
750.62 258.357 0.242615 -0.0549293 0.932884
506.816 367.87 0.11006 0.0452186 0.63291
885.272 172.852 0.181604 -0.172851 0.970002
881.845 177.15 0.188697 -0.175326 0.981046
821.108 196.754 0.196366 -0.115306 0.954364
840.995 303.393 0.305893 -0.151513 0.95525
568.444 289.683 0.144661 0.045544 0.727392
569.599 219.351 0.209441 0.0984801 0.94485
870.542 64.1377 0.100083 -0.146041 0.97756
556.517 302.301 0.152065 0.051991 0.729077
693.324 495.8 0.08317 -0.00666847 0.558759
843.427 217.935 0.222705 -0.143867 0.971689
872.088 380.83 0.106871 -0.0553367 0.620134
573.955 258.687 0.244785 0.100739 0.942021
840.381 301.917 0.303987 -0.150496 0.955056
786.5 219.602 0.210693 -0.0846387 0.940492
820.876 299.708 0.158689 -0.0656999 0.737186
579.408 309.934 0.300328 0.106648 0.943925
890.679 584.356 0.111956 -0.0479761 0.559623
880.146 301.116 0.179729 -0.104435 0.76661
882.965 175.268 0.186395 -0.175066 0.97893
743.412 265.918 0.259559 -0.0508257 0.950943
704.385 291.903 0.182063 -0.0131113 0.782328
845.379 264.176 0.257497 -0.144806 0.947129
572.995 260.595 0.246214 0.101656 0.941189
821.767 557.895 0.0257829 -0.0193214 0.491939
922.602 489.178 0.0775782 -0.0486588 0.553698
668.394 251.039 0.230765 0.015534 0.92564
772.39 135.957 0.149629 -0.0718076 0.9667
701.621 309.208 0.289679 -0.0112517 0.925277
669.923 295.031 0.628551 0.108131 1.53151
660.366 219.372 0.214613 0.0231141 0.954563
677.768 516.797 0.0704166 -0.00389762 0.541735
663.298 257.949 0.24872 0.0225386 0.948355
720.137 204.999 0.200685 -0.0287903 0.949861
564.677 497.986 0.0820697 0.0175654 0.55792
854.819 194.718 0.190199 -0.139277 0.941007
821.522 298.662 0.159367 -0.06641 0.739065
718.946 199.721 0.187509 -0.0268051 0.926694
752.556 190.745 0.183477 -0.0539651 0.934607
763.846 371.934 0.140731 -0.0317595 0.665888
690.939 347.989 0.191147 -0.00562906 0.745091
871.505 63.6517 0.0989325 -0.144264 0.970199
833.093 194.536 0.194664 -0.125411 0.954606
563.526 478.833 0.0859415 0.0190468 0.566768
582.994 310.858 0.301906 0.103652 0.944576
842.159 277.125 0.384125 -0.23198 1.1515
606.519 370.684 0.105774 0.0161981 0.625432
690.485 141.527 0.150352 -0.00523305 0.954848
833.004 440.943 0.179586 -0.0607066 0.670197
611.427 258.696 0.24259 0.0665245 0.936518
832.505 439.161 0.181076 -0.0611142 0.672578
771.58 302.402 0.152807 -0.0416552 0.726938
791.213 266.782 0.264481 -0.0970373 0.956863
888.618 423.834 0.221028 -0.102675 0.719546
790.216 400.657 0.0588993 -0.0238042 0.557329
729.111 159.112 0.183501 -0.040698 1.02753
633.933 296.654 0.1784 0.0239751 0.773189
696.573 494.802 0.076753 -0.00722431 0.55282
571.856 260.085 0.243759 0.10129 0.937407
770.456 134.077 0.146177 -0.0688358 0.9581
770.571 130.904 0.142093 -0.0676581 0.950674
653.049 266.368 0.247448 0.0301442 0.930284
837.659 302.776 0.315421 -0.154314 0.971071
606.438 217.761 0.205478 0.0657315 0.937399
578.54 310.308 0.298248 0.106196 0.940176
784.401 590.321 0.120343 -0.0264931 0.56515
827.089 299.418 0.291469 -0.131384 0.940651
698.207 219.022 0.210389 -0.00997799 0.943801
807.966 192.181 0.189818 -0.101802 0.947441
634.821 294.781 0.179462 0.0238893 0.776652
702.591 386.002 0.112342 -0.00986684 0.625956
683.596 576.584 0.123568 -0.00415415 0.571988
613.183 256.961 0.247818 0.0679145 0.950145
788.112 225.874 -0.206376 0.00479155 0.206879
862.398 128.075 0.146001 -0.14736 0.974425
552.308 195.176 0.184471 0.104784 0.933508
567.619 527.416 0.070541 0.0143545 0.540081
570.822 528.223 0.0703796 0.0137826 0.539738
536.041 141.243 0.14893 0.115808 0.955241
623.695 295.173 0.270982 0.0572569 0.921876
704.142 92.3639 0.132175 -0.0183346 1.5932
776.322 75.7836 -0.151093 0.00202319 0.279321
939.712 405.597 0.046088 -0.0443417 0.540241
788.891 119.524 -0.163362 0.00293409 0.263215
826.51 293.603 0.161933 -0.0705502 0.747202
751.646 185.822 0.176037 -0.0519111 0.924594
607.733 375.296 0.108522 0.0161958 0.626816
638.511 45.4363 0.0933363 0.0489748 1.12125
528.085 171.333 0.16906 0.123606 0.944912
567.236 200.319 0.196365 0.100186 0.954138
903.529 316.477 0.505641 -0.406897 1.21226
673.096 514.361 0.0823499 -0.00284333 0.553448
821.18 581.565 0.0227395 -0.0184246 0.485922
658.667 215.973 0.200859 0.0216797 0.92824
571.832 253.748 0.232434 0.0967121 0.926874
506.195 373.097 0.107801 0.0440686 0.627799
706.618 265.708 0.251456 -0.01651 0.937337
784.476 197.079 0.194443 -0.082912 0.949458
783.786 343.926 0.344845 -0.0949218 0.940827
711.957 295.283 0.765472 -0.028945 1.77763
743.344 264.32 0.241822 -0.0475019 0.92072
832.786 198.451 0.203717 -0.13057 0.970235
486.599 244.434 0.247028 0.193053 0.979242
771.76 380.901 0.117815 -0.0301751 0.634023
698.394 27.0304 0.0711124 -0.0125439 1.27267
611.472 366.934 0.112063 0.0160596 0.634855
697.322 220.17 0.207898 -0.00929081 0.935371
774.675 574.966 -0.191701 0.00391198 0.232886
775.933 294.836 0.11082 -0.0347071 0.668715
806.078 192.682 0.192065 -0.101546 0.952675
675.555 142.268 0.150191 0.00646265 0.952458
786.293 221.252 0.222577 -0.0897819 0.965518
831.688 222.362 0.227332 -0.133994 0.972877
696.044 59.9522 0.0956065 -0.0109418 0.970653
585.298 70.457 0.102216 0.0732284 0.972485
626.988 66.3351 0.0993063 0.0409927 0.96927
660.365 219.64 0.214721 0.0230987 0.954228
490.627 109.389 0.131521 0.158269 0.987901
537.131 143.882 0.152581 0.117694 0.96194
