729.895 206.965 0.245888 -0.502085 4.93625
713.719 195.509 -0.100766 -0.135394 5.49903
721.181 125.141 -0.125588 -0.204051 3.71501
802.836 32.8142 0.182567 -0.0447081 0.712187
916.064 15.6733 0.183735 -0.101206 0.747507
927.396 33.8387 0.189039 -0.104103 0.73754
798.579 62.6685 0.207695 -0.0544297 0.766972
914.024 22.2939 0.185952 -0.100021 0.745219
725.435 131.487 0.226488 -0.016054 0.725521
572.353 181.639 0.262017 0.0613559 0.754776
755.5 186.033 0.272834 -0.0370411 0.77028
902.737 153.286 0.247925 -0.109634 0.751217
832.27 145.751 0.23465 -0.0661431 0.7278
718.673 143.3 0.228508 -0.0125091 0.716698
857.723 194.822 0.29176 -0.106553 0.798617
691.604 180.974 0.262277 -0.000876195 0.753855
937.989 120.283 0.237493 -0.132682 0.770264
804.751 187.515 0.275715 -0.0660367 0.773799
885.919 137.372 0.231378 -0.0910842 0.728748
634.018 171.639 0.246093 0.0265237 0.728502
809.977 60.0845 0.201442 -0.0554348 0.745616
568.72 177.37 0.254756 0.060414 0.74321
487.253 219.697 0.245147 0.0831454 0.681432
769.181 214.554 0.245382 -0.0315241 0.681693
488.063 159.955 0.223164 0.0801485 0.689327
490.637 211.644 0.24091 0.0806453 0.680132
822.468 157.858 0.22413 -0.052619 0.688603
525.742 186.623 0.271281 0.0907122 0.770763
924.949 57.6474 0.203225 -0.112424 0.755788
506.36 300.511 0.293001 0.0872867 0.692726
499.41 341.758 0.416383 0.154153 0.814313
829.085 231.009 0.262383 -0.0617584 0.697336
880.771 173.323 0.251732 -0.0942272 0.735184
887.369 296.475 0.300114 -0.0959213 0.698505
818.6 165.368 0.236619 -0.0565222 0.710121
887.432 172.048 0.246761 -0.0936069 0.725024
918.547 135.674 0.226397 -0.10148 0.716962
897.425 288.095 0.300352 -0.103343 0.705906
482.638 206.638 0.232342 0.0791833 0.667755
912.288 141.211 0.233652 -0.104253 0.729497
643.412 177.153 0.245797 0.0217882 0.721377
879.058 232.299 0.268388 -0.0881074 0.705981
919.514 207.49 0.255394 -0.104252 0.704938
835.235 230.088 0.255418 -0.0611288 0.685565
837.509 242.343 0.272484 -0.0685572 0.704516
689.805 219.073 0.251553 0.00111317 0.690687
693.78 208.405 0.211476 0.000956022 0.624018
765.892 167.972 0.238277 -0.033416 0.712044
501.164 134.916 0.226361 0.0833508 0.724544
765.483 297.028 0.29022 -0.0332419 0.68653
635.957 207.157 0.238401 0.0225528 0.676789
630.364 161.816 0.226067 0.0246827 0.692156
489.761 138.937 0.228618 0.0891384 0.725936
619.851 287.205 0.267345 0.0303846 0.663572
544.222 165.697 0.230111 0.0608546 0.699039
732.066 122.687 0.21591 -0.0173307 0.706753
625.15 211.69 0.234467 0.0258936 0.665653
498.808 358.229 0.302992 0.086023 0.663361
544.209 509.945 0.186365 0.0293717 0.485831
519.08 354.159 0.330493 0.0899128 0.698334
489.553 216.927 0.243005 0.0813945 0.679684
821.819 346.898 0.287183 -0.0513157 0.646181
549.969 218.765 0.246525 0.0585749 0.683811
818.251 168.46 0.239276 -0.0572111 0.71294
687.55 217.697 0.252999 0.00203012 0.694708
813.872 213.587 0.256094 -0.0550643 0.702258
508.721 174.847 0.240825 0.0807703 0.71485
875.015 347.34 0.340768 -0.0998849 0.70781
564.091 354.413 0.313529 0.0612371 0.677164
768.957 297.748 0.288614 -0.0343867 0.683622
815.085 119.595 0.217353 -0.0534369 0.713237
516.254 302.463 0.299897 0.0857974 0.700755
757.608 179.4 0.260813 -0.0353417 0.751151
878.821 287.986 0.291718 -0.0887823 0.693849
563.943 287.993 0.273792 0.0551685 0.67348
817.555 297.181 0.296615 -0.0598685 0.694413
893.481 290.502 0.308574 -0.106061 0.715715
635.362 455.135 -0.0752273 0.0220956 0.193483
797.474 33.5797 0.184408 -0.0438275 0.718935
822.43 543.016 0.172188 -0.0108461 0.465305
684.034 154.731 0.214145 0.00315248 0.670268
881.09 350.944 0.362179 -0.11415 0.729142
930.703 334.865 0.356456 -0.146252 0.73622
767.317 349.902 0.320858 -0.0358343 0.684926
879.804 122.004 0.213867 -0.0771907 0.69969
930.32 127.017 0.245247 -0.135358 0.783281
664.156 289.762 0.691637 0.0873662 1.33003
483.165 137.182 0.226279 0.0905106 0.721857
946.156 258.617 -0.0807753 0.0258132 0.182962
872.454 189.25 0.288685 -0.115778 0.799762
869.497 188.12 0.289411 -0.115089 0.803315
624.849 210.557 -0.0837394 0.0233079 0.17843
878.394 284.657 0.290622 -0.08872 0.695064
580.925 31.124 -0.0875664 0.023639 0.171821
504.829 92.9379 0.218729 0.088278 0.76015
763.309 169.057 0.241133 -0.0330812 0.717548
927.699 17.9081 0.17782 -0.0939255 0.713821
680.421 286.841 0.631293 0.0356736 1.23883
664.286 362.458 0.176664 0.00987099 0.509551
694.031 11.2095 0.209347 -0.00863729 1.09334
868.6 153.549 0.254625 -0.0980409 0.76914
636.339 299.274 0.289027 0.0262462 0.685542
601.609 617.865 -0.0650995 0.0202244 0.210897
883.797 241.861 0.297979 -0.108838 0.748706
636.161 298.603 0.29312 0.0269515 0.691904
914.936 144.16 0.23375 -0.104383 0.726012
689.293 302.312 0.289449 0.00212221 0.682744
762.452 296.667 0.295499 -0.0330712 0.694369
616.352 209.661 -0.0824456 0.0230804 0.180034
903.123 41.6675 0.198136 -0.103805 0.76504
720.429 116.36 -0.126444 -0.186808 3.5773
