729.839 205.625 0.245323 -0.501771 4.9351
713.561 194.091 -0.100948 -0.135147 5.49898
721.024 121.871 -0.125721 -0.20288 3.69847
802.926 25.0772 0.182256 -0.0445495 0.71195
917.062 7.83182 0.183013 -0.100663 0.745889
928.007 26.462 0.188619 -0.103702 0.736776
798.452 56.0726 0.207447 -0.0541984 0.766784
914.629 14.8122 0.185538 -0.0997062 0.744615
724.947 125.109 0.226512 -0.0158521 0.726007
571.539 175.955 0.261834 0.0615466 0.754815
755.101 180.575 0.272786 -0.0368026 0.770568
904.017 146.763 0.246758 -0.109182 0.749346
832.153 139.369 0.234338 -0.0658315 0.727535
717.792 136.056 0.226549 -0.0118657 0.712928
858.035 189.556 0.291082 -0.106168 0.797644
690.917 175.359 0.262355 -0.000565377 0.754377
938.32 114.192 0.237261 -0.132446 0.770196
804.95 181.897 0.274983 -0.0657602 0.772758
886.575 130.679 0.230455 -0.0905103 0.7271
633.271 165.419 0.245746 0.0267331 0.72829
802.622 60.3269 0.208054 -0.0553104 0.761127
567.909 171.487 0.254598 0.0606074 0.743343
485.161 212.926 0.244219 0.083331 0.680375
769.196 207.665 0.244417 -0.0312416 0.680572
486.415 152.923 0.222613 0.0803033 0.688769
489.258 204.859 0.240374 0.0807817 0.679736
822.306 151.137 0.223859 -0.0523194 0.688317
524.691 181.16 0.271 0.0908941 0.770584
925.372 50.8104 0.202931 -0.112136 0.755487
504.948 294.682 0.292198 0.0874558 0.692033
502.367 337.472 0.422458 0.155808 0.822298
829.179 224.662 0.261589 -0.0613708 0.696458
881.609 166.721 0.250502 -0.0936824 0.733405
887.074 290.626 0.300026 -0.0956677 0.698843
818.704 158.322 0.235712 -0.0561262 0.709094
888.222 165.269 0.245617 -0.0930856 0.723472
918.74 129.09 0.226112 -0.101148 0.716702
897.869 282.415 0.299387 -0.102835 0.704844
481.722 199.369 0.232165 0.0793906 0.66823
912.754 134.363 0.232943 -0.103797 0.728709
642.781 170.775 0.245109 0.0219133 0.720493
879.402 226.132 0.267596 -0.0876707 0.705065
919.809 201.291 0.254926 -0.103854 0.704396
834.766 223.585 0.255434 -0.0608919 0.686128
835.634 237.142 0.273742 -0.0681015 0.706419
689.196 212.602 0.250966 0.0013773 0.690113
692.934 201.763 0.211946 0.00124524 0.624614
765.602 161.478 0.237784 -0.0331115 0.711473
499.525 128.386 0.225994 0.0836224 0.724204
765.141 291.327 0.289252 -0.0327954 0.685353
634.937 200.335 0.237756 0.0228315 0.676103
629.448 154.803 0.225402 0.0248814 0.691352
489.592 132.739 0.228836 0.0891708 0.726841
618.959 280.845 0.266535 0.0305894 0.662767
543.598 158.411 0.230309 0.0612269 0.700726
732.242 115.726 0.215698 -0.0173735 0.706857
623.837 205.219 0.234364 0.0263265 0.665616
496.944 352.525 0.301717 0.0861723 0.662099
542.611 499.62 0.186098 0.0296579 0.485736
517.528 348.916 0.3293 0.0900918 0.697207
487.9 210.03 0.242516 0.0817025 0.679519
820.296 340.063 0.291486 -0.0521567 0.652064
548.833 212.191 0.246011 0.0587487 0.683387
819.347 160.971 0.2373 -0.0567586 0.709953
686.946 211.238 0.252285 0.00228874 0.693925
813.889 207.207 0.255406 -0.054722 0.701499
507.279 168.344 0.240275 0.0809298 0.714321
875.867 342.203 0.339058 -0.0993371 0.705968
561.86 348.749 0.311325 0.0615407 0.674907
769.126 292.121 0.286513 -0.0338724 0.680732
814.703 113.686 0.217317 -0.053019 0.712643
515.331 296.759 0.299418 0.0859398 0.700535
757.312 173.522 0.260611 -0.0351373 0.751274
879.29 282.176 0.290603 -0.0882479 0.692526
562.337 282.093 0.272286 0.0552525 0.671441
817.607 291.446 0.295667 -0.0594508 0.693379
896.546 285.166 0.304252 -0.104639 0.70953
636.578 479.811 -0.0749489 0.022319 0.194141
797.329 26.079 0.184144 -0.0435906 0.718699
822.544 532.572 0.171612 -0.0105562 0.464752
684.009 146.097 0.211346 0.0031958 0.665441
881.696 346.185 0.360608 -0.113505 0.727419
931.429 330.032 0.355052 -0.145512 0.734649
767.384 344.644 0.319208 -0.0354339 0.683037
854.763 147.219 0.253305 -0.0894662 0.767183
930.322 121.306 0.245127 -0.135 0.783261
662.303 286.912 0.6756 0.0869514 1.30621
481.818 130.855 0.226303 0.0909022 0.722325
948.331 280.158 -0.0802925 0.0260545 0.183825
873.495 183.71 0.287195 -0.115151 0.797195
870.35 182.649 0.288214 -0.114608 0.801364
625.978 233.611 -0.0833454 0.0235221 0.179186
877.758 278.829 0.290824 -0.0884468 0.695718
581.332 51.9602 -0.0871001 0.0238409 0.172605
504.995 89.1361 0.220815 0.0891918 0.764106
763.338 161.339 0.238908 -0.0325095 0.714327
924.029 11.8203 0.179865 -0.095162 0.721814
679.225 283.587 0.616634 0.0356899 1.21754
664.668 351.249 0.176936 0.0098956 0.510327
694.285 14.6253 0.215902 -0.00922459 1.1117
867.911 148.699 0.255527 -0.0980543 0.770716
635.463 293.353 0.288593 0.0265707 0.685333
878.283 239.438 0.307673 -0.111778 0.763137
635.665 292.81 0.292423 0.027064 0.691282
885.75 165.284 0.274703 -0.119631 0.795157
688.768 296.406 0.288817 0.00237879 0.682215
762.208 291.069 0.294173 -0.0325962 0.692683
618.309 229.636 -0.0818395 0.023278 0.181017
891.363 284.691 0.311064 -0.106593 0.720035
874.17 330.893 0.79919 -0.472984 1.26137
484.268 115.038 0.212087 0.0818019 0.70118
900.949 284.752 0.298356 -0.103032 0.701215
873.002 275.872 0.293236 -0.0882937 0.701996
673.106 420.896 0.138188 0.00944312 0.451216
939.115 249.696 0.303861 -0.139852 0.743219
790.74 70.618 0.216326 -0.052648 0.775721
701.417 78.5443 0.219588 -0.00707365 0.77504
665.126 70.3383 0.211115 0.0107188 0.757464
827.748 187.741 0.222125 -0.0473237 0.652369
535.18 429.768 -0.0549191 0.0187066 0.2198
903.312 34.9842 0.19806 -0.103696 0.765373
720.245 113.86 -0.126561 -0.186475 3.5753
