729.889 204.899 0.245115 -0.50179 4.93481
713.561 193.287 -0.101156 -0.135165 5.49869
721.062 120.605 -0.125929 -0.202898 3.69817
803.008 21.5277 0.182048 -0.0445679 0.711658
917.24 4.45784 0.182805 -0.100682 0.745597
928.173 23.0998 0.18841 -0.103721 0.736484
798.533 52.933 0.207239 -0.0542168 0.766492
914.8 11.4535 0.18533 -0.0997245 0.744323
724.97 121.92 0.226304 -0.0158704 0.725715
571.532 173.027 0.261625 0.0615282 0.754523
755.123 177.793 0.272578 -0.0368209 0.770276
904.086 143.819 0.24655 -0.109201 0.749054
832.199 136.257 0.23413 -0.0658499 0.727243
717.811 132.809 0.226341 -0.011884 0.712636
858.077 186.958 0.290874 -0.106187 0.797352
690.928 172.46 0.262147 -0.000583727 0.754085
938.437 111.279 0.237053 -0.132465 0.769905
804.981 179.144 0.274775 -0.0657785 0.772466
886.641 127.555 0.230247 -0.0905287 0.726808
633.275 162.325 0.245538 0.0267148 0.727998
802.702 57.1725 0.207846 -0.0553288 0.760835
567.902 168.482 0.25439 0.060589 0.743051
485.192 209.561 0.244011 0.0833127 0.680083
769.199 204.371 0.244209 -0.03126 0.68028
486.408 149.482 0.222405 0.080285 0.688477
489.283 201.472 0.240166 0.0807633 0.679444
822.333 147.782 0.223651 -0.0523378 0.688025
524.676 178.318 0.270792 0.0908758 0.770292
925.528 47.6275 0.202723 -0.112154 0.755195
505.018 291.581 0.29199 0.0874375 0.691741
502.454 335.189 0.42225 0.155789 0.822006
829.173 221.547 0.261381 -0.0613891 0.696166
881.651 163.73 0.250294 -0.0937008 0.733113
887.016 287.685 0.299818 -0.0956861 0.698551
818.734 155.134 0.235504 -0.0561446 0.708802
888.262 162.214 0.245409 -0.093104 0.72318
918.811 125.904 0.225904 -0.101166 0.71641
897.816 279.504 0.299179 -0.102853 0.704552
481.749 195.87 0.231957 0.0793722 0.667938
912.825 131.267 0.232735 -0.103815 0.728417
642.787 167.647 0.244901 0.0218949 0.720201
879.394 223.097 0.267388 -0.0876891 0.704773
919.817 198.205 0.254718 -0.103873 0.704104
834.758 220.39 0.255226 -0.0609102 0.685836
835.624 234.129 0.273534 -0.0681199 0.706127
689.205 209.371 0.250758 0.00135895 0.689821
692.941 197.904 0.211738 0.00122689 0.624322
765.624 158.3 0.237576 -0.0331299 0.711181
499.492 125.134 0.225786 0.083604 0.723912
765.12 288.247 0.289043 -0.0328138 0.685061
634.95 196.949 0.237548 0.0228132 0.675811
629.454 151.426 0.225194 0.0248631 0.69106
489.558 129.513 0.228628 0.0891524 0.72655
618.987 277.512 0.266327 0.030571 0.662475
543.594 155.089 0.230101 0.0612086 0.700434
732.267 112.387 0.21549 -0.0173918 0.706565
623.852 201.752 0.234156 0.0263082 0.665325
497.058 349.276 0.301509 0.086154 0.661807
542.752 493.543 0.18589 0.0296395 0.485444
517.625 345.952 0.329092 0.0900734 0.696915
487.929 206.652 0.242308 0.0816841 0.679227
820.227 336.805 0.291278 -0.0521751 0.651772
548.855 208.866 0.245803 0.0587304 0.683095
819.376 157.796 0.237092 -0.056777 0.709661
686.955 208.032 0.252077 0.00227039 0.693633
813.894 204.084 0.255198 -0.0547403 0.701207
507.272 165.131 0.240067 0.0809114 0.714029
875.777 339.405 0.33885 -0.0993554 0.705676
561.934 345.624 0.311117 0.0615223 0.674615
769.103 289.007 0.286305 -0.0338907 0.680441
814.752 110.403 0.217109 -0.0530373 0.712351
515.397 293.729 0.29921 0.0859215 0.700243
757.334 170.62 0.260403 -0.0351557 0.750982
879.239 279.169 0.290395 -0.0882662 0.692235
562.384 278.82 0.272078 0.0552341 0.671149
817.57 288.445 0.295459 -0.0594691 0.693087
896.493 282.293 0.304044 -0.104658 0.709238
637.507 483.028 -0.075157 0.0223006 0.193849
797.409 22.5744 0.183936 -0.043609 0.718407
822.326 525.853 0.171404 -0.0105745 0.46446
684.021 142.504 0.211138 0.00317745 0.665149
881.603 343.539 0.3604 -0.113523 0.727127
931.329 327.419 0.354844 -0.14553 0.734357
767.345 341.644 0.319 -0.0354522 0.682745
854.823 144.361 0.253097 -0.0894845 0.766891
930.436 118.476 0.244919 -0.135019 0.782969
662.304 285.662 0.675392 0.086933 1.30592
481.783 127.593 0.226095 0.0908839 0.722033
948.8 281.656 -0.0805006 0.0260361 0.183533
873.544 181.1 0.286987 -0.115169 0.796903
870.401 180.053 0.288006 -0.114626 0.801072
627.421 233.896 -0.0835535 0.0235037 0.178895
877.711 275.839 0.290616 -0.0884652 0.695426
583.403 50.5138 -0.0873081 0.0238226 0.172313
504.926 86.0083 0.220607 0.0891735 0.763814
763.36 158.18 0.2387 -0.0325278 0.714035
924.194 8.32159 0.179657 -0.0951803 0.721522
679.228 282.223 0.616426 0.0356716 1.21725
664.672 345.704 0.176728 0.00987725 0.510035
694.296 12.2527 0.215694 -0.00924294 1.11141
867.975 145.865 0.255319 -0.0980727 0.770424
635.487 290.237 0.288385 0.0265523 0.685041
878.282 236.792 0.307465 -0.111797 0.762845
635.689 289.739 0.292215 0.0270456 0.69099
885.815 162.619 0.274495 -0.119649 0.794865
688.772 293.288 0.288609 0.00236044 0.681923
762.189 288.044 0.293965 -0.0326146 0.692391
619.685 230.531 -0.0820476 0.0232597 0.180725
891.314 281.887 0.310856 -0.106611 0.719743
874.124 329.731 0.798982 -0.473003 1.26108
484.234 111.591 0.211879 0.0817835 0.700888
900.893 281.821 0.298148 -0.10305 0.700923
872.96 272.92 0.293027 -0.0883121 0.701704
673.08 413.249 0.13798 0.00942477 0.450925
939.095 246.978 0.303653 -0.139871 0.742928
790.812 67.5657 0.216118 -0.0526664 0.775429
701.439 75.4903 0.21938 -0.007092 0.774748
665.13 67.1605 0.210907 0.0107005 0.757172
827.748 184.172 0.221917 -0.047342 0.652077
535.859 437.448 -0.0551272 0.0186882 0.219508
903.472 31.7967 0.197852 -0.103714 0.765081
720.282 112.541 -0.126769 -0.186493 3.575
