699.564 208.132 0.213655 -0.0108806 0.957423
610.865 208.884 0.213253 0.0661889 0.957627
784.645 177.407 0.18669 -0.082385 0.953905
775.31 120.962 0.143608 -0.0718554 0.958389
696.258 45.4792 0.093544 -0.0109944 0.973992
876.589 42.9371 0.0920807 -0.144131 0.966727
533.35 128.314 0.146646 0.116933 0.956577
581.829 49.0539 0.0942292 0.0721877 0.964088
626.479 47.8312 0.0943973 0.0406654 0.970892
534.083 128.252 0.147288 0.117349 0.959494
859.029 100.394 0.132949 -0.141737 0.977625
729.59 182.016 0.190289 -0.0365451 0.954941
788.937 178.272 0.181121 -0.0823102 0.93514
495.101 104.8 0.137917 0.160365 1.0021
696.514 34.9499 0.0857905 -0.0113519 0.962363
626.986 41.7569 0.0903434 0.0396308 0.969053
881.252 69.6195 0.104243 -0.138475 0.930199
781.87 126.27 0.160087 -0.0874261 1.01552
835.767 183.506 0.193913 -0.127564 0.958274
749.131 208.266 0.215567 -0.054612 0.960287
832.222 212.361 0.229084 -0.13614 0.981576
582.414 44.3298 0.0912355 0.0712418 0.963906
748.457 208.769 0.216877 -0.0542797 0.962446
853.853 191.709 0.206127 -0.149399 0.971803
861.853 96.58 0.128711 -0.140766 0.969356
512.629 132.971 0.102815 0.0760174 0.790862
572.48 210.479 0.217442 0.102074 0.965841
555.921 183.679 0.186435 0.104803 0.945298
568.761 209.346 0.205086 0.0962205 0.937472
787.072 208.598 0.211381 -0.0857539 0.947803
857.984 184.566 0.192849 -0.144547 0.951846
788.299 206.424 0.209277 -0.0865235 0.947331
788.037 209.24 0.212727 -0.0870309 0.949684
724.996 179.645 0.18552 -0.0322197 0.946847
852.099 239.44 0.249079 -0.153797 0.964491
857.082 105.899 0.137447 -0.141638 0.979859
751.695 209.272 0.211698 -0.0554757 0.948246
750.401 206.25 0.206401 -0.0534811 0.941708
755.526 207.932 0.206169 -0.0572985 0.93734
699.663 207.89 0.212443 -0.0109847 0.954908
698.848 209.992 0.211455 -0.0102841 0.947763
767.689 176.703 0.185516 -0.0679655 0.952693
526.468 155.953 0.166702 0.126196 0.953679
696.044 5.22747 0.0685029 -0.0108339 1.15332
484.2 120.75 0.10979 0.103476 0.833889
699.628 334.281 0.292092 -0.00895172 0.879854
607.1 208.798 0.206898 0.065923 0.94196
786.139 246.603 0.251492 -0.0902976 0.956663
803.811 480.377 0.0802719 -0.0269948 0.557354
598.271 359.503 0.114356 0.0204777 0.637222
575.937 247.173 0.243735 0.0996042 0.946682
661.791 205.953 0.198747 0.0189342 0.925956
585.369 52.1641 0.0974859 0.0723253 0.975544
799.843 191.774 0.19994 -0.0970524 0.956264
838.979 416.672 0.425604 -0.155567 0.902896
662.032 209.327 0.208942 0.02061 0.944162
574.701 329.238 0.474661 0.205105 1.13217
498.908 293.649 0.304921 0.194746 0.969775
865.29 113.545 0.142029 -0.147377 0.97355
837.931 209.214 0.216066 -0.132589 0.956386
828.127 289.892 0.288676 -0.131006 0.939529
494.685 113.145 0.143498 0.160573 0.997339
796.351 249.334 0.229742 -0.0884765 0.908196
825.415 256.189 0.2689 -0.132909 0.969768
487.889 94.7797 0.128028 0.158221 0.988195
620.654 256.369 0.244484 0.0576324 0.929285
849.728 241.477 0.257338 -0.156991 0.977448
782.862 564.913 0.121416 -0.026381 0.570562
557.303 496.926 0.354639 0.095495 0.773617
736.465 178.625 0.180819 -0.040639 0.935077
489.684 639.344 0.248546 0.0755307 0.629959
786.619 343.656 0.111129 -0.0342335 0.638694
602.61 209.468 0.206066 0.0689382 0.938592
952.268 156.306 0.215781 -0.325879 1.13006
751.027 247.028 0.240532 -0.0549461 0.934952
507.892 346.725 0.108768 0.0455784 0.636898
887.571 160.369 0.178291 -0.172396 0.969065
882.656 165.178 0.186692 -0.17523 0.983828
821.701 184.633 0.194357 -0.115309 0.957227
842.556 293.386 0.3013 -0.150809 0.952632
570.104 273.826 0.145835 0.0462135 0.734773
568.156 207.57 0.206559 0.0987626 0.945015
873.002 48.7834 0.0967409 -0.145097 0.975466
556.177 286.191 0.150328 0.0524497 0.73208
693.854 466.416 0.0822656 -0.00651496 0.563606
845.044 206.512 0.21915 -0.143336 0.970257
573.349 247.435 0.2425 0.100964 0.94374
839.655 291.186 0.304508 -0.151106 0.961863
787.176 207.794 0.207418 -0.084124 0.939729
821.609 283.55 0.157317 -0.0660528 0.741073
577.619 300.066 0.294836 0.10618 0.939547
885.53 552.609 0.114847 -0.0485044 0.568066
879.958 286.104 0.178574 -0.104609 0.770753
884.618 163.064 0.183644 -0.174804 0.979642
743.606 255.024 0.256802 -0.0505441 0.951605
704.54 278.283 0.179248 -0.0129277 0.782753
846.864 253.192 0.254192 -0.144655 0.946779
572.347 249.345 0.243879 0.101895 0.942832
818.605 513.346 0.0278989 -0.0195653 0.500066
922.435 461.407 0.0762302 -0.0487916 0.557534
773.372 122.691 0.146956 -0.0718617 0.967713
701.284 298.532 0.287349 -0.0107318 0.926699
667.673 288.479 0.597278 0.104431 1.48376
660.114 207.697 0.211335 0.023064 0.953845
675.972 489.627 0.0716938 -0.00324877 0.547597
662.802 246.996 0.244585 0.0226126 0.945962
720.294 192.966 0.198048 -0.0286199 0.950844
565.249 470.678 0.080747 0.0179758 0.561767
856.548 182.354 0.187136 -0.139039 0.940832
822.472 283.602 0.157018 -0.0663231 0.740551
719.101 186.602 0.183478 -0.0265229 0.925194
753.075 178 0.180366 -0.0537343 0.934682
763.375 353.6 0.142084 -0.0318951 0.672753
691.23 333.148 0.191891 -0.00545998 0.751094
872.879 49.0723 0.0966828 -0.144249 0.973081
834.139 182.334 0.192303 -0.125474 0.956563
566.443 451.051 0.0849464 0.019091 0.571352
582.312 300.681 0.29848 0.103447 0.943935
843.724 268.812 0.378897 -0.230681 1.14705
607.275 349.029 0.104436 0.0164306 0.629375
691.25 128.169 0.1476 -0.00576358 0.955579
833.072 424.848 0.179218 -0.0609247 0.673718
610.532 247.529 0.239262 0.0666106 0.935842
833.261 422.146 0.181417 -0.0619166 0.677343
772.302 286.37 0.150965 -0.0417299 0.72969
791.437 255.92 0.26244 -0.0968284 0.959074
887.732 407.671 0.222194 -0.103787 0.725864
791.585 362.811 0.063314 -0.0252896 0.571215
634.141 281.934 0.176793 0.0241609 0.776439
698.309 464.75 0.0788278 -0.00734 0.560604
571.68 248.831 0.241708 0.101271 0.939487
764.129 129.746 0.168204 -0.0750354 1.04145
771.47 116.97 0.138475 -0.0671427 0.94845
652.955 255.167 0.245495 0.0303105 0.93244
838.92 292.941 0.310964 -0.153475 0.968717
606.022 205.702 0.203227 0.0658737 0.939449
576.982 300.265 0.293491 0.105955 0.937153
783.323 560.372 0.122855 -0.0268036 0.572915
698.635 207.233 0.208214 -0.0101717 0.945759
808.429 179.947 0.187274 -0.101298 0.948563
634.663 279.451 0.179365 0.0246581 0.783055
702.859 364.021 0.111303 -0.00971066 0.630456
686.143 543.923 0.127352 -0.0043954 0.581878
612.299 246.094 0.244639 0.0680301 0.949497
863.637 114.912 0.143648 -0.147224 0.976464
551.566 182.712 0.18245 0.105095 0.936136
571.715 501.338 0.0685442 0.0139922 0.542477
534.651 127.984 0.146553 0.116076 0.957169
775.517 140.262 -0.150952 0.00211626 0.286656
828.431 349.242 0.191882 -0.0721821 0.736004
589.528 565.979 -0.0613778 -0.00109992 0.404561
825.372 277.734 0.161021 -0.070233 0.751888
752.663 172.951 0.172958 -0.0520346 0.924418
637.156 31.1193 0.0902521 0.0493255 1.12087
528.28 158.78 0.16837 0.124593 0.951779
566.9 188.281 0.196151 0.101801 0.961913
905.389 309.253 0.498057 -0.402915 1.20549
676.563 478.349 0.0864811 -0.003076 0.564637
817.94 525.757 0.0259222 -0.0189666 0.496306
571.312 242.414 0.22969 0.0964368 0.927208
706.493 254.39 0.248602 -0.0161792 0.938204
785.143 184.867 0.191504 -0.0825605 0.949667
784.194 334.205 0.341183 -0.0944245 0.940056
743.421 252.962 0.242204 -0.0477368 0.927376
482.69 233.641 0.241398 0.19161 0.973195
770.764 360.217 0.116543 -0.0297927 0.637919
613.413 344.312 0.111549 0.0161335 0.640602
775.312 277.756 0.110905 -0.0345792 0.673588
806.877 180.462 0.189082 -0.101056 0.952673
657.415 255.311 0.250733 0.0276005 0.942127
775.586 122.544 0.145595 -0.0727394 0.962017
854.221 342.394 0.112417 -0.0544033 0.64028
799.837 264.222 -0.19928 0.00482931 0.224031
801.384 408.075 -0.206153 0.00502186 0.216232
534.986 277.464 -0.177098 0.00026885 0.254166
817.098 413.91 -0.197454 0.00485585 0.228759
575.637 488.691 0.0857698 0.0164545 0.561854
883.61 546.47 0.116793 -0.048963 0.571294
758.507 272.632 0.139423 -0.0345471 0.722554
665.515 237.245 0.220756 0.0168116 0.915417
803.484 188.09 0.194074 -0.0979997 0.948637
789.231 473.889 -0.1749 0.00344496 0.261989
506.453 352.976 0.105994 0.0443469 0.630536
706.81 125.242 0.177286 -0.0216147 2.01924
661.689 246.978 0.241998 0.0230614 0.940806
674.928 307.155 0.755523 0.118806 1.62765
829.199 289.552 0.284737 -0.129946 0.933835
871.627 224.134 0.429841 -0.476986 1.5264
710.043 126.017 0.145714 -0.0204429 0.953643
786.856 209.8 0.219567 -0.0893301 0.965497
833.107 211.044 0.223627 -0.133342 0.971112
695.779 44.6994 0.0927289 -0.010658 0.970858
582.931 54.9844 0.098727 0.0733205 0.970267
626.23 51.6738 0.0969419 0.0412055 0.971507
660.131 207.907 0.212172 0.0232267 0.955488
488.194 95.7649 0.128942 0.158682 0.989367
535.275 130.654 0.149776 0.117836 0.96245
