730.321 203.573 0.244257 -0.501725 4.93472
713.859 191.905 -0.102179 -0.135159 5.49923
721.601 117.813 -0.126667 -0.202402 3.68992
807.414 15.0934 0.180929 -0.0444752 0.711403
933.83 16.3802 0.187102 -0.103528 0.735768
802.758 46.8507 0.205811 -0.054167 0.765687
919.868 4.92283 0.184284 -0.0996768 0.744409
728.692 116.504 0.224763 -0.0158429 0.724776
574.026 168.448 0.2601 0.0613566 0.753923
758.681 173.108 0.270674 -0.0366967 0.768816
908.411 138.796 0.245593 -0.10914 0.749425
836.763 130.805 0.232662 -0.0657536 0.726615
721.454 127.369 0.224813 -0.0118241 0.711845
862.349 182.365 0.289027 -0.105935 0.796116
694.233 167.67 0.260374 -0.000669718 0.75295
943.795 105.651 0.235518 -0.132209 0.768997
808.953 174.412 0.273143 -0.0657138 0.771671
891.465 122.067 0.228928 -0.0903581 0.726392
636.222 157.37 0.243982 0.0266481 0.727292
570.421 163.691 0.252756 0.0603897 0.742287
487.353 205.003 0.242395 0.0831411 0.679238
773.575 199.376 0.242772 -0.031256 0.67984
489.471 144.848 0.221372 0.0800337 0.688417
492.016 197.055 0.238957 0.0805966 0.679187
825.899 143.702 0.223883 -0.0524413 0.69001
526.461 173.919 0.268879 0.0905923 0.768836
930.93 41.3782 0.201464 -0.11206 0.754716
507.277 287.487 0.290292 0.0873266 0.691218
502.211 332.784 0.416828 0.154581 0.816318
833.896 216.746 0.259705 -0.061279 0.695356
886.511 158.568 0.248759 -0.0935135 0.732379
892.442 283.646 0.297526 -0.0953569 0.696895
822.957 149.727 0.234264 -0.0560598 0.708826
893.253 157.168 0.244032 -0.0929682 0.722576
923.56 120.854 0.22518 -0.10121 0.71693
902.131 275.204 0.298206 -0.102858 0.705027
484.915 190.97 0.230879 0.079211 0.668219
917.127 126.615 0.232267 -0.103899 0.729299
644.938 163.747 0.244342 0.022364 0.720669
884.631 218.328 0.265545 -0.087484 0.703654
924.887 193.375 0.253546 -0.103798 0.703995
839.541 215.52 0.253738 -0.0608423 0.685343
838.663 229.506 0.274029 -0.0684204 0.709263
692.863 204.584 0.249233 0.00132264 0.68923
697.407 192.246 0.210741 0.00116426 0.624789
769.912 152.755 0.235717 -0.0330768 0.709997
501.504 120 0.224175 0.0833698 0.722874
769.33 284.192 0.287037 -0.0327315 0.683833
638.349 191.902 0.235814 0.022714 0.674838
632.826 146.055 0.223429 0.0246972 0.689822
491.344 124.509 0.227267 0.0891796 0.726169
622.469 273.153 0.264759 0.0304311 0.661966
546.135 149.944 0.228545 0.0610638 0.699718
736.182 106.867 0.214402 -0.0174329 0.706712
627.359 196.711 0.232877 0.0262413 0.665224
498.763 345.821 0.299106 0.0859678 0.660245
549.47 486.201 0.185757 0.0296639 0.487075
519.465 342.805 0.3266 0.0897733 0.695145
490.679 201.925 0.241084 0.0815671 0.679245
822.35 333.193 0.296416 -0.0533232 0.659277
551.755 204.158 0.244452 0.0586109 0.682843
823.372 152.971 0.236312 -0.0567495 0.710195
690.539 203.251 0.250571 0.00224215 0.693088
818.514 199.098 0.253421 -0.0546126 0.700198
509.315 160.181 0.238339 0.0807095 0.713009
880.568 335.969 0.336735 -0.0990763 0.704435
563.261 342.278 0.306812 0.0611819 0.670704
773.855 285.066 0.283175 -0.0337054 0.677475
819.545 104.759 0.215616 -0.0529572 0.711341
517.729 289.911 0.297449 0.0857184 0.699467
761.14 165.709 0.258524 -0.0350734 0.749577
565.412 274.674 0.270461 0.0550372 0.670506
822.241 284.325 0.293428 -0.0593524 0.691896
901.013 278.223 0.30276 -0.104537 0.709094
803.246 14.516 0.181384 -0.0433922 0.714439
829.259 517.876 0.171309 -0.010609 0.466098
688.048 137.108 0.210363 0.0031032 0.665925
886.108 340.269 0.358324 -0.113197 0.725945
937.196 324.179 0.351738 -0.14481 0.731673
771.508 337.998 0.316817 -0.0353808 0.681526
858.991 139.488 0.251936 -0.0894205 0.766761
937.096 112.293 0.242182 -0.134307 0.779454
663.176 283.581 0.668383 0.0862245 1.29686
483.677 122.334 0.224137 0.0903728 0.720234
948.302 300.339 -0.0800945 0.0259326 0.186779
878.065 176.352 0.285279 -0.115098 0.796071
874.811 175.405 0.286068 -0.114267 0.79955
882.362 271.643 0.289234 -0.0883395 0.695111
578.011 76.6273 -0.0886707 0.0237476 0.173439
506.545 80.3922 0.218786 0.0888972 0.762397
766.506 155.979 0.241258 -0.0330972 0.719778
679.886 279.716 0.603045 0.0354027 1.19786
669.444 340.52 0.17551 0.0101 0.509935
696.397 7.80327 0.214722 -0.00945872 1.10987
871.982 141.29 0.254533 -0.0981189 0.770907
638.622 286.252 0.286591 0.0264831 0.684161
881.852 233.219 0.307838 -0.112426 0.76502
638.637 285.77 0.290606 0.0270674 0.690402
890.769 157.596 0.272415 -0.119312 0.793042
766.368 283.955 0.291968 -0.0325805 0.691246
896.473 277.95 0.308473 -0.106139 0.717894
485.58 105.797 0.209722 0.0814196 0.698639
905.154 277.571 0.297361 -0.103116 0.701617
881.98 268.775 0.286266 -0.0870345 0.693066
942.542 243.313 0.304032 -0.140372 0.745031
794.482 62.4909 0.21532 -0.0526829 0.775822
704.59 68.7359 0.216918 -0.00699444 0.772111
668.008 60.3765 0.208659 0.0107021 0.754999
832.305 179.194 0.221589 -0.0475267 0.653428
514.733 456.029 -0.0554659 0.0183813 0.221689
702.256 104.272 0.310007 -0.0148843 1.14571
624.329 272.046 0.273724 0.0313097 0.676378
584.2 225.83 -0.0630627 0.0205493 0.206753
909.6 24.3585 0.195657 -0.103134 0.762201
720.829 110.112 -0.127695 -0.186472 3.57462
