700.624 206.252 0.211988 -0.0109109 0.95632
611.683 207.094 0.211838 0.0662087 0.957188
786.206 175.223 0.184672 -0.0823012 0.951812
776.478 118.596 0.142133 -0.0717406 0.957711
697.208 42.7062 0.0919627 -0.0109759 0.972768
878.563 39.642 0.0902432 -0.14365 0.964398
533.852 126.301 0.1452 0.116972 0.95601
582.676 46.8426 0.0930904 0.0722961 0.964778
627.112 45.1392 0.0927682 0.040612 0.969448
534.317 126.154 0.145459 0.117116 0.957565
860.504 97.8616 0.131577 -0.141717 0.9773
730.681 179.982 0.188809 -0.0365162 0.954326
790.217 176.127 0.179733 -0.0822969 0.934812
495.182 102.698 0.136314 0.16033 1.00093
697.344 32.3474 0.0844633 -0.0112292 0.962228
627.823 39.4688 0.0891995 0.0397248 0.969677
883.012 66.7898 0.10277 -0.138388 0.929534
782.951 124.072 0.158883 -0.0874529 1.01572
837.203 181.35 0.19239 -0.127487 0.957553
750.314 206.339 0.213694 -0.0545068 0.958656
833.637 210.361 0.227511 -0.136085 0.980747
583.257 41.9805 0.0899433 0.0711848 0.963863
749.575 206.851 0.215052 -0.0541371 0.960929
855.026 189.619 0.204953 -0.149387 0.971985
863.508 93.9032 0.127118 -0.140591 0.968246
513.571 130.804 0.101353 0.0759945 0.790389
573.187 208.759 0.215952 0.102056 0.965181
556.346 181.844 0.18439 0.104466 0.943044
569.849 207.608 0.203813 0.0960806 0.937322
788.352 206.573 0.209941 -0.0857594 0.94737
859.758 182.335 0.190849 -0.144202 0.949868
789.469 204.415 0.207798 -0.0864005 0.946744
789.185 207.244 0.211278 -0.086911 0.949177
726.04 177.578 0.183797 -0.0321141 0.945562
853.626 237.515 0.247331 -0.15364 0.963336
858.354 103.503 0.136276 -0.141699 0.980205
752.99 207.265 0.210217 -0.0555705 0.947758
751.567 204.268 0.205268 -0.0535517 0.942009
756.514 205.953 0.204627 -0.0570785 0.936607
700.776 206.003 0.210826 -0.0110547 0.953939
699.645 208.097 0.210477 -0.0100682 0.948423
768.926 174.582 0.183897 -0.0678878 0.951692
527.056 154.058 0.165262 0.126205 0.953161
696.777 2.50889 0.0671422 -0.0108551 1.1528
485.353 118.645 0.108612 0.103572 0.834311
700.727 332.685 0.290085 -0.00889806 0.878634
607.752 206.99 0.204975 0.0658195 0.940267
787.799 244.881 0.248347 -0.089883 0.95246
806.361 475.585 0.0796189 -0.0271049 0.558731
599.968 357.49 0.113186 0.020628 0.637396
576.855 245.609 0.242454 0.0995803 0.946355
661.897 203.981 0.194741 0.0190734 0.91927
585.995 49.944 0.0963201 0.0725634 0.976142
800.917 189.716 0.198621 -0.0969136 0.956075
839.796 414.892 0.425961 -0.155957 0.904243
663.21 207.458 0.206986 0.020312 0.94239
575.982 328.298 0.476074 0.205845 1.13453
498.973 292.61 0.302386 0.194112 0.966795
867.118 110.884 0.1402 -0.147052 0.971637
839.081 207.185 0.214877 -0.132549 0.956498
829.661 288.219 0.286903 -0.130963 0.938352
496.425 111.6 0.142937 0.160717 0.999557
797.727 247.402 0.228122 -0.0884154 0.907426
826.926 254.408 0.266788 -0.132641 0.967861
488.292 92.7351 0.126614 0.15819 0.987644
621.927 254.685 0.243486 0.0575099 0.92964
851.398 239.612 0.255176 -0.156643 0.975339
784.454 560.744 0.120714 -0.0262622 0.571618
557.882 496.355 0.351247 0.0952008 0.771107
737.611 176.523 0.17933 -0.0406079 0.934498
491.313 636.659 0.24614 0.0754619 0.62954
788.203 339.512 0.110847 -0.0343605 0.640947
603.359 207.629 0.204471 0.0689405 0.937794
953.507 154.158 0.214742 -0.326121 1.1307
752.201 245.219 0.238941 -0.0548911 0.934124
509.545 345.474 0.107308 0.0455824 0.636386
888.735 158.16 0.177167 -0.172353 0.969379
884.913 162.756 0.184414 -0.174781 0.980912
823.113 182.491 0.192762 -0.115204 0.956312
843.775 291.707 0.300043 -0.150766 0.952308
571.3 272.741 0.14315 0.0457086 0.731762
569.07 205.912 0.205307 0.0987298 0.944757
874.854 45.8455 0.0952824 -0.145215 0.974975
557.522 284.175 0.149126 0.0525919 0.732263
696.75 462.257 0.0815105 -0.00653493 0.564775
846.625 204.365 0.217797 -0.143625 0.970219
574.134 245.801 0.240901 0.100882 0.942908
840.593 289.411 0.303904 -0.151267 0.962773
788.269 205.804 0.205678 -0.0837907 0.938459
823.349 281.765 0.155702 -0.0658625 0.740226
578.644 298.489 0.294078 0.106445 0.940212
887.78 548.182 0.114151 -0.0486778 0.569191
881.652 283.849 0.17741 -0.104696 0.770999
886.311 160.751 0.182011 -0.174631 0.97856
744.738 253.26 0.254993 -0.05046 0.950371
705.963 276.171 0.178111 -0.0129143 0.78307
848.347 251.346 0.252604 -0.144576 0.945911
572.68 247.788 0.241707 0.1018 0.940731
822.167 507.412 0.0269467 -0.0196313 0.501175
924.642 456.859 0.0755031 -0.0489687 0.558788
774.663 120.268 0.145272 -0.0717508 0.966335
702.518 297.012 0.285693 -0.0108695 0.925678
668.032 287.543 0.594697 0.104262 1.47993
660.937 205.847 0.209758 0.0231295 0.952993
677.58 486.673 0.070537 -0.00299066 0.548044
663.711 245.283 0.242946 0.0226244 0.945032
721.14 190.977 0.196986 -0.0284587 0.951411
567.779 467.243 0.0798731 0.0181608 0.562644
858.742 180.018 0.18504 -0.138981 0.938765
824.097 281.209 0.156016 -0.0664128 0.74117
720.215 184.53 0.181982 -0.0264962 0.924635
754.276 175.864 0.178781 -0.0536731 0.933851
765.252 350.802 0.14133 -0.0319825 0.673801
692.756 331.077 0.190789 -0.00544284 0.751393
874.537 46.186 0.095243 -0.144179 0.972461
835.633 180.126 0.190623 -0.125335 0.955497
569.506 447.64 0.0840843 0.019156 0.572266
583.223 299.227 0.297209 0.103484 0.943599
845.318 267.209 0.375722 -0.229841 1.1431
609.813 346.266 0.10353 0.0164307 0.630215
692.043 125.883 0.145887 -0.00561541 0.954102
834.84 422.072 0.178462 -0.0610725 0.67459
611.404 245.856 0.237771 0.066598 0.935222
835.025 419.369 0.180675 -0.0620776 0.678239
774.224 284.39 0.149529 -0.0417636 0.729323
792.735 254.106 0.260597 -0.0966985 0.957805
889.4 405.388 0.221233 -0.103939 0.7263
789.686 363.998 0.0612366 -0.0241438 0.569369
635.92 279.514 0.176222 0.0241677 0.778015
701.243 460.424 0.0780322 -0.00736505 0.561772
572.394 247.198 0.240089 0.101242 0.938621
765.025 127.779 0.167443 -0.0751686 1.04312
772.682 114.611 0.137114 -0.0671229 0.948187
653.527 253.658 0.242687 0.0302988 0.92896
840.373 291.382 0.309025 -0.153219 0.967112
606.862 203.883 0.201504 0.0657211 0.938239
578.156 298.641 0.292941 0.106217 0.93821
785.078 557.017 0.1219 -0.0266696 0.573558
810.133 177.693 0.185211 -0.101171 0.946493
635.873 277.548 0.178019 0.0247457 0.782889
705.109 360.745 0.11059 -0.00974239 0.631707
688.821 539.922 0.126661 -0.00441628 0.582957
553.149 610.005 -0.0713516 -0.000532899 0.394503
865.329 112.32 0.141942 -0.146953 0.974961
552.253 180.846 0.180557 0.104702 0.934376
575.504 496.26 0.0678873 0.01405 0.543875
534.593 125.839 0.144789 0.116208 0.955665
770.738 153.177 -0.152428 0.00211567 0.287994
866.877 354.345 0.119844 -0.0593634 0.64435
754.407 170.697 0.170783 -0.0521814 0.921995
637.5 28.0998 0.0884288 0.0492447 1.11846
528.881 156.9 0.167401 0.125191 0.952865
567.966 186.513 0.194909 0.101648 0.961859
907.118 308.038 0.495084 -0.401691 1.20178
679.529 473.793 0.0858156 -0.00308983 0.565984
821.41 518.329 0.0251831 -0.0190696 0.497819
572.6 240.758 0.228939 0.0965042 0.928092
707.542 252.604 0.246941 -0.0161508 0.93734
786.42 182.738 0.189958 -0.0825032 0.948954
785.41 332.724 0.339609 -0.0943705 0.939193
744.591 251.191 0.240809 -0.0477285 0.926902
483.27 232.135 0.239905 0.191546 0.972462
615.753 341.333 0.110778 0.0161899 0.64174
777.384 275.042 0.110004 -0.0347091 0.674508
808.172 178.357 0.187729 -0.101051 0.952362
776.848 120.146 0.144004 -0.0726399 0.960961
856.072 339.11 0.11169 -0.0545701 0.641531
807.817 430.555 -0.208371 0.00505248 0.216906
529.81 292.612 -0.179094 0.00024121 0.255022
818.833 426.545 -0.199195 0.00487027 0.230002
885.119 542.057 0.11616 -0.0489949 0.572488
760.161 270.127 0.138636 -0.0346264 0.723631
666.375 235.519 0.218719 0.0168345 0.913556
789.214 491.921 -0.176997 0.00349933 0.26276
508.95 351.087 0.104816 0.044295 0.630675
707.021 122.406 0.174371 -0.0213796 2.00613
662.635 245.238 0.240538 0.0230851 0.940286
675.489 306.373 0.753592 0.118025 1.62476
829.987 287.723 0.28436 -0.13005 0.935166
750.861 87.9647 -0.19254 0.00411277 0.233355
803.7 483.796 0.078026 -0.0260934 0.55515
810.525 359.769 0.0555048 -0.0269473 0.563362
673.094 307.313 0.712141 0.112296 1.55333
704.046 78.0245 0.123714 -0.0174388 1.60104
788.107 207.814 0.218108 -0.0893252 0.964981
834.426 209.032 0.222167 -0.133267 0.970559
696.768 42.119 0.0913662 -0.0106618 0.97056
583.598 52.634 0.0973757 0.0733363 0.969997
627.039 49.2248 0.0955648 0.0411752 0.971118
660.989 206.067 0.210563 0.023251 0.954537
488.456 93.6373 0.127349 0.158452 0.988119
535.726 128.639 0.148293 0.117877 0.96178
