729.98 203.032 0.243956 -0.501522 4.93449
713.478 191.28 -0.102412 -0.134734 5.49984
721.075 116.161 -0.126841 -0.201517 3.67994
805.41 11.9366 0.18056 -0.0442006 0.712355
932.23 13.4803 0.186559 -0.102945 0.735883
800.826 43.9873 0.205158 -0.0536565 0.765646
918.572 1.65827 0.183516 -0.0990103 0.743936
726.548 113.838 0.224102 -0.0154983 0.724938
570.966 166.287 0.259473 0.0617503 0.754046
756.765 171.015 0.26978 -0.0362079 0.76842
907.577 136.34 0.244332 -0.108354 0.748166
835.082 128.279 0.231783 -0.0651868 0.726236
718.97 125.515 0.225506 -0.0115485 0.714739
861.243 180.318 0.287929 -0.105374 0.795447
691.742 165.592 0.259883 -0.000178331 0.753355
942.106 103.491 0.23513 -0.131727 0.769611
807.177 172.393 0.272407 -0.0651839 0.771609
889.878 119.644 0.22824 -0.0897941 0.726358
633.527 154.907 0.243299 0.0270024 0.72748
567.06 161.429 0.252032 0.0608436 0.742218
481.878 202.457 0.240783 0.0835313 0.677839
771.357 196.878 0.241521 -0.0306505 0.679113
484.945 141.815 0.220368 0.0804035 0.688074
487.307 194.023 0.23769 0.0810019 0.678775
824.158 140.481 0.222577 -0.0518148 0.689285
522.664 171.733 0.267661 0.0908348 0.767655
929.704 38.3939 0.200704 -0.111463 0.754493
502.504 285.811 0.288358 0.0875895 0.689622
496.134 332.205 0.41126 0.153982 0.809899
831.654 214.75 0.259103 -0.0606603 0.695628
886.96 154.846 0.245803 -0.0924482 0.72873
891.452 281.982 0.295836 -0.0945168 0.695632
821.944 145.812 0.231907 -0.0552914 0.706466
895.959 151.513 0.238858 -0.0914707 0.715665
924.667 116.081 0.222152 -0.100027 0.713192
901.792 273.501 0.29592 -0.101862 0.702824
480.95 188.423 0.230113 0.0794865 0.668296
917.216 122.912 0.230086 -0.10292 0.726832
641.394 162.434 0.244586 0.0232233 0.721799
882.881 216.572 0.264382 -0.0865232 0.702707
923.46 191.484 0.252782 -0.103148 0.703739
837.686 212.98 0.252754 -0.0602909 0.685341
836.796 227.289 0.273408 -0.0679939 0.709827
689.968 202.082 0.248104 0.00188233 0.688805
694.458 188.718 0.20931 0.0016124 0.624154
768.656 148.425 0.232854 -0.0324728 0.706888
497.397 117.194 0.223332 0.0837272 0.722557
766.336 282.602 0.286658 -0.0319487 0.68441
635.146 189.664 0.236652 0.0234264 0.677962
629.605 143.071 0.222123 0.0250691 0.688788
487.902 121.951 0.226607 0.0893197 0.726106
618.999 271.291 0.263351 0.0308786 0.661089
542.053 146.988 0.227434 0.0614762 0.699173
733.343 104.433 0.213951 -0.016832 0.70705
623.659 194.335 0.231897 0.0268046 0.664823
494.113 344.738 0.297444 0.0862505 0.659128
543.913 484.677 0.18516 0.0301545 0.487586
514.794 341.735 0.324276 0.0900266 0.693241
487.654 199.302 0.240996 0.0820106 0.680832
819.389 331.533 0.298754 -0.0534906 0.663312
547.171 201.323 0.243361 0.0593194 0.682725
822.062 149.519 0.234441 -0.0560498 0.708586
687.896 200.722 0.249097 0.00270093 0.692009
817.109 196.727 0.250806 -0.0534621 0.696718
504.944 157.318 0.237141 0.0810752 0.712321
883.865 335.766 0.329145 -0.0971096 0.695361
555.378 341.305 0.298233 0.0609828 0.661189
771.599 283.256 0.282054 -0.0330958 0.677121
816.82 102.886 0.215713 -0.0524625 0.712671
512.685 288.197 0.295338 0.0861428 0.6977
759.397 163.4 0.257258 -0.034589 0.748416
561.373 273.044 0.268404 0.0552176 0.668502
820.533 282.618 0.291906 -0.0586199 0.690907
900.631 276.727 0.300084 -0.103217 0.706182
801.677 10.9309 0.180616 -0.0430719 0.714279
824.221 517.298 0.17054 -0.0098828 0.4663
684.797 133.008 0.2075 0.00371548 0.661963
884.744 338.951 0.357177 -0.112523 0.725623
937.111 323.047 0.349263 -0.143608 0.729406
770.12 336.784 0.313864 -0.0347285 0.678865
858.164 136.838 0.250464 -0.0887678 0.765226
936.978 109.402 0.240727 -0.1336 0.777945
662.132 282.407 0.665293 0.0855768 1.29439
953.744 288.611 -0.0786419 0.0265654 0.190018
876.787 174.497 0.28401 -0.114091 0.794629
881.239 270.033 0.28758 -0.0874661 0.69373
503.216 77.1792 0.217917 0.0889878 0.762185
765.033 149.622 0.235386 -0.0316515 0.711784
677.765 278.498 0.589485 0.0353472 1.17673
665.912 336.99 0.175576 0.0104315 0.511508
694.497 1.36364 0.211007 -0.00883986 1.10027
884.378 228.91 0.300339 -0.109981 0.755733
635.699 283.924 0.289862 0.0275613 0.690661
888.926 155.852 0.272169 -0.118839 0.793812
898.838 276.523 0.302102 -0.103739 0.709387
903.282 275.707 0.296786 -0.102574 0.702147
880.015 266.952 0.285594 -0.0864141 0.693347
790.995 65.1459 0.219216 -0.0531511 0.784104
823.897 183.921 0.231073 -0.0486954 0.668475
511.111 453.77 -0.0542259 0.0187226 0.224699
509.689 633.798 0.0476063 0.0162725 0.344502
700.37 93.3612 0.295577 -0.0136244 1.11018
621.104 270.09 0.27275 0.0317901 0.676256
589.944 224.359 -0.062001 0.0210694 0.209561
544.083 241.318 0.38675 0.137201 0.911249
675.776 215.137 0.124705 0.00925293 0.469419
669.122 286.008 0.764841 0.0960816 1.44992
846.082 117.187 0.226546 -0.0693221 0.725514
755.895 611.2 -0.076422 0.0240888 0.198581
627.159 488.337 -0.0727567 0.022373 0.201136
908.83 20.8118 0.194531 -0.102423 0.761015
720.257 108.995 -0.127953 -0.185978 3.57413
