729.761 203.087 0.243977 -0.501364 4.93457
713.274 191.308 -0.102391 -0.134575 5.49992
720.759 116.225 -0.12682 -0.201358 3.68002
803.618 12.0612 0.180581 -0.044042 0.712432
930.478 13.6859 0.18658 -0.102786 0.73596
799.232 44.1114 0.205179 -0.0534979 0.765723
916.843 1.859 0.183537 -0.0988518 0.744014
724.881 113.931 0.224123 -0.0153397 0.725015
569.346 166.33 0.259494 0.0619089 0.754123
755.29 171.122 0.269801 -0.0360494 0.768498
905.979 136.507 0.244353 -0.108195 0.748243
833.437 128.418 0.231804 -0.0650282 0.726313
717.276 125.608 0.225527 -0.0113899 0.714816
859.829 180.458 0.28795 -0.105216 0.795525
690.202 165.678 0.259904 -1.97459e-05 0.753432
940.514 103.683 0.235151 -0.131568 0.769689
805.711 172.517 0.272428 -0.0650253 0.771686
888.209 119.807 0.228261 -0.0896355 0.726436
631.863 154.973 0.24332 0.0271609 0.727557
565.396 161.472 0.252053 0.0610022 0.742296
769.606 197.004 0.241542 -0.0304919 0.67919
482.978 141.834 0.220389 0.0805621 0.688151
485.353 194.079 0.237711 0.0811605 0.678852
822.394 140.619 0.222598 -0.0516563 0.689363
521.037 171.76 0.267682 0.0909933 0.767732
928.027 38.5957 0.200725 -0.111304 0.754571
500.703 285.925 0.288379 0.0877481 0.689699
494.721 332.32 0.411281 0.154141 0.809977
829.986 214.888 0.259124 -0.0605017 0.695705
885.331 155.002 0.245824 -0.0922896 0.728807
889.837 282.121 0.295857 -0.0943582 0.695709
820.25 145.947 0.231928 -0.0551328 0.706543
894.282 151.673 0.238879 -0.0913121 0.715743
922.936 116.259 0.222173 -0.0998686 0.71327
900.189 273.641 0.295941 -0.101703 0.702901
915.538 123.086 0.230107 -0.102762 0.72691
639.723 162.507 0.244607 0.0233818 0.721877
881.228 216.72 0.264403 -0.0863646 0.702785
921.767 191.646 0.252802 -0.102989 0.703817
835.976 213.121 0.252775 -0.0601323 0.685419
835.191 227.424 0.273429 -0.0678353 0.709904
688.238 202.188 0.248125 0.00204092 0.688882
692.405 188.838 0.209331 0.00177098 0.624232
766.965 148.541 0.232875 -0.0323142 0.706965
495.553 117.192 0.223353 0.0838858 0.722635
764.696 282.734 0.286679 -0.0317901 0.684487
633.328 189.755 0.236673 0.0235849 0.67804
627.783 143.141 0.222144 0.0252277 0.688865
486.063 121.947 0.226628 0.0894783 0.726183
617.179 271.416 0.263372 0.0310371 0.661166
540.2 147.026 0.227455 0.0616348 0.699251
731.606 104.529 0.213972 -0.0166735 0.707128
621.779 194.428 0.231918 0.0269632 0.6649
492.237 344.901 0.297465 0.0864091 0.659206
540.791 485.04 0.185181 0.0303131 0.487663
513.081 341.883 0.324297 0.0901852 0.693319
485.714 199.36 0.241017 0.0821692 0.680909
817.72 331.675 0.298775 -0.0533321 0.663389
545.309 201.396 0.243382 0.059478 0.682802
820.378 149.654 0.234462 -0.0558912 0.708663
686.177 200.826 0.249118 0.00285951 0.692087
815.429 196.862 0.250827 -0.0533035 0.696795
503.109 157.346 0.237162 0.0812338 0.712398
882.312 335.895 0.329166 -0.096951 0.695439
553.579 341.461 0.298254 0.0611414 0.661266
769.932 283.391 0.282075 -0.0329372 0.677199
815.108 103.018 0.215734 -0.0523039 0.712748
510.93 288.31 0.295359 0.0863013 0.697777
757.858 163.509 0.257279 -0.0344304 0.748493
559.538 273.161 0.268425 0.0553762 0.66858
818.921 282.753 0.291927 -0.0584613 0.690984
899.043 276.866 0.300105 -0.103059 0.706259
799.891 11.0533 0.180637 -0.0429133 0.714356
820.975 517.649 0.170561 -0.00972422 0.466377
682.879 133.099 0.207521 0.00387407 0.66204
883.293 339.069 0.357198 -0.112365 0.725701
935.622 323.168 0.349284 -0.143449 0.729483
768.52 336.923 0.313885 -0.0345699 0.678943
856.636 136.985 0.250485 -0.0886092 0.765303
935.415 109.591 0.240748 -0.133442 0.778023
661.428 282.454 0.665314 0.0857353 1.29446
950.914 289.456 -0.078621 0.0267239 0.190096
875.358 174.644 0.28403 -0.113932 0.794707
879.609 270.174 0.287602 -0.0873076 0.693808
501.472 77.1456 0.217938 0.0891464 0.762263
763.361 149.737 0.235407 -0.031493 0.711861
676.983 278.554 0.589505 0.0355058 1.17681
663.042 337.227 0.175597 0.0105901 0.511586
693.441 1.40488 0.211028 -0.00868128 1.10034
882.898 229.049 0.30036 -0.109822 0.75581
634.03 284.045 0.289883 0.0277199 0.690738
887.472 156.007 0.27219 -0.118681 0.79389
897.261 276.66 0.302123 -0.10358 0.709464
901.678 275.847 0.296807 -0.102415 0.702224
878.381 267.093 0.285615 -0.0862555 0.693424
789.47 65.2642 0.219237 -0.0529925 0.784181
822.09 184.061 0.231094 -0.0485368 0.668552
958.011 217.495 0.137358 -0.0281292 0.487126
512.568 454.071 -0.0542049 0.0188812 0.224777
494.523 635.535 0.0476273 0.0164311 0.344579
699.388 93.4124 0.295598 -0.0134658 1.11025
619.351 270.209 0.272771 0.0319487 0.676333
589.933 224.737 -0.06198 0.021228 0.209638
542.842 241.36 0.386771 0.137359 0.911327
672.043 215.354 0.124726 0.00941151 0.469496
668.511 286.05 0.764862 0.0962402 1.45
844.423 117.331 0.226567 -0.0691635 0.725592
754.039 612.241 -0.076401 0.0242474 0.198659
625.732 489.126 -0.0727357 0.0225316 0.201214
907.17 21.0052 0.194552 -0.102264 0.761093
719.93 109.059 -0.127932 -0.18582 3.57421
