729.714 202.655 0.243865 -0.501355 4.93425
713.183 190.858 -0.102503 -0.134567 5.4996
720.632 115.5 -0.126932 -0.20135 3.6797
803.71 10.0944 0.180469 -0.0440338 0.71211
930.552 11.6382 0.186468 -0.102778 0.735638
799.325 42.3417 0.205068 -0.0534897 0.765401
725.073 112.202 0.224012 -0.0153315 0.724693
569.65 164.916 0.259382 0.0619171 0.7538
755.493 169.545 0.269689 -0.0360411 0.768175
906.126 134.666 0.244241 -0.108187 0.74792
833.602 126.583 0.231692 -0.06502 0.72599
717.49 123.864 0.225416 -0.0113817 0.714494
859.999 178.844 0.287838 -0.105207 0.795202
690.437 164.125 0.259792 -1.15298e-05 0.75311
940.638 101.826 0.23504 -0.13156 0.769366
805.896 170.893 0.272316 -0.0650171 0.771364
888.355 117.901 0.228149 -0.0896273 0.726113
632.14 153.394 0.243208 0.0271692 0.727235
565.708 160.022 0.251941 0.0610104 0.741973
480.428 200.941 0.240692 0.083698 0.677594
769.878 195.116 0.24143 -0.0304837 0.678868
483.394 140.264 0.220278 0.0805703 0.687828
485.842 192.496 0.237599 0.0811687 0.678529
822.589 138.672 0.222486 -0.051648 0.68904
521.367 170.444 0.26757 0.0910016 0.767409
928.115 36.6335 0.200614 -0.111296 0.754248
501.274 284.414 0.288267 0.0877563 0.689376
495.245 331.235 0.411169 0.154149 0.809654
830.228 213.017 0.259012 -0.0604935 0.695383
885.499 153.142 0.245712 -0.0922814 0.728485
890.091 280.236 0.295746 -0.09435 0.695386
820.441 144.074 0.231816 -0.0551246 0.706221
894.449 149.755 0.238767 -0.0913039 0.71542
923.075 114.265 0.222062 -0.0998604 0.712947
900.43 271.769 0.295829 -0.101695 0.702579
915.68 121.154 0.229995 -0.102754 0.726587
640.007 160.905 0.244495 0.0233901 0.721554
881.444 214.825 0.264292 -0.0863564 0.702462
921.953 189.69 0.252691 -0.102981 0.703494
836.219 211.2 0.252663 -0.0601241 0.685096
835.432 225.614 0.273317 -0.0678271 0.709581
688.559 200.433 0.248013 0.00204913 0.688559
692.778 186.743 0.209219 0.0017792 0.623909
767.181 146.732 0.232763 -0.032306 0.706643
495.883 115.722 0.223242 0.083894 0.722312
765.035 280.929 0.286567 -0.0317819 0.684165
633.687 188.005 0.236561 0.0235932 0.677717
628.088 141.412 0.222032 0.0252359 0.688543
486.402 120.504 0.226516 0.0894865 0.72586
617.652 269.646 0.26326 0.0310454 0.660843
540.561 145.44 0.227343 0.061643 0.698928
731.8 102.722 0.21386 -0.0166652 0.706805
622.166 192.633 0.231807 0.0269714 0.664578
492.927 343.27 0.297353 0.0864173 0.658883
541.942 481.625 0.185069 0.0303213 0.48734
513.701 340.394 0.324186 0.0901934 0.692996
486.207 197.789 0.240905 0.0821774 0.680587
818.069 329.743 0.298663 -0.0533238 0.663066
545.747 199.769 0.24327 0.0594862 0.68248
820.571 147.791 0.23435 -0.055883 0.70834
686.495 199.087 0.249006 0.00286773 0.691764
815.665 194.998 0.250716 -0.0532953 0.696472
503.495 155.859 0.23705 0.081242 0.712075
882.6 334.05 0.329054 -0.0969428 0.695116
554.19 339.781 0.298142 0.0611496 0.660943
770.272 281.548 0.281963 -0.032929 0.676876
815.267 101.133 0.215623 -0.0522957 0.712426
511.483 286.825 0.295247 0.0863096 0.697454
758.064 161.864 0.257167 -0.0344222 0.74817
560.059 271.488 0.268313 0.0553844 0.668257
819.218 280.921 0.291815 -0.0584531 0.690661
899.285 275.011 0.299994 -0.103051 0.705937
799.982 9.09618 0.180525 -0.0429051 0.714034
821.715 513.504 0.170449 -0.009716 0.466055
683.166 131.183 0.20741 0.00388228 0.661717
883.569 337.346 0.357086 -0.112357 0.725378
935.863 321.396 0.349173 -0.143441 0.72916
768.901 335.117 0.313773 -0.0345617 0.67862
856.787 135.25 0.250373 -0.088601 0.764981
935.541 107.768 0.240636 -0.133433 0.7777
661.591 281.805 0.665202 0.0857435 1.29414
954.397 289.698 -0.0787328 0.0267322 0.189773
875.522 173.005 0.283919 -0.113924 0.794384
879.862 268.283 0.28749 -0.0872993 0.693485
501.704 75.7589 0.217826 0.0891546 0.76194
763.576 147.95 0.235295 -0.0314847 0.711538
677.161 277.796 0.589394 0.035514 1.17649
663.779 334.116 0.175485 0.0105983 0.511263
693.366 0.165977 0.210916 -0.00867306 1.10002
883.103 227.346 0.300248 -0.109814 0.755488
634.468 282.402 0.289771 0.0277281 0.690416
887.624 154.333 0.272078 -0.118672 0.793567
897.503 274.82 0.302011 -0.103572 0.709142
901.92 273.972 0.296695 -0.102407 0.701901
878.633 265.2 0.285503 -0.0862473 0.693101
789.572 63.5775 0.219125 -0.0529843 0.783859
822.33 182.059 0.230982 -0.0485286 0.668229
958.283 213.653 0.137246 -0.028121 0.486803
514.787 458.255 -0.0543168 0.0188894 0.224454
498.35 616.231 0.0475155 0.0164393 0.344256
699.402 92.3353 0.295486 -0.0134576 1.10993
619.804 268.51 0.272659 0.0319569 0.676011
592.613 227.819 -0.0620918 0.0212362 0.209316
543.141 240.394 0.386659 0.137368 0.911004
672.789 211.424 0.124614 0.00941973 0.469173
668.65 285.486 0.76475 0.0962484 1.44968
844.577 115.471 0.226455 -0.0691553 0.725269
757.895 612.616 -0.0765129 0.0242556 0.198336
629.474 490.48 -0.0728475 0.0225398 0.200891
907.244 19.0631 0.19444 -0.102256 0.76077
719.797 108.311 -0.128043 -0.185811 3.57389
