699.058 204.177 0.210024 -0.0106885 0.955131
609.945 204.939 0.209936 0.0662013 0.95616
785.251 173.024 0.182531 -0.0821537 0.950101
775.129 116.347 0.1409 -0.0717667 0.958706
695.832 40.0558 0.0905815 -0.0109554 0.973344
877.096 37.4131 0.089049 -0.143751 0.965743
531.488 123.559 0.143208 0.116822 0.954453
580.044 43.5919 0.0912306 0.0726401 0.963553
625.26 42.0938 0.0910575 0.0406985 0.968691
531.648 123.341 0.143161 0.116823 0.954923
860.322 94.8428 0.128577 -0.140513 0.971938
729.139 177.803 0.186703 -0.0361722 0.952634
790.282 173.899 0.172148 -0.0798156 0.917327
490.631 99.14 0.133301 0.160211 0.996017
696.099 30.416 0.0838595 -0.011306 0.966214
625.612 36.2388 0.0873369 0.03998 0.968295
882.538 63.8845 0.100566 -0.137816 0.926947
781.401 122.212 0.15831 -0.0875929 1.01879
835.742 179.341 0.190984 -0.127267 0.957793
748.891 204.309 0.211869 -0.0542331 0.95783
832.584 208.454 0.225499 -0.135697 0.979438
581.681 39.3571 0.0887862 0.0714169 0.965407
748.361 204.829 0.212733 -0.0539028 0.958839
853.638 187.652 0.203697 -0.149365 0.97269
863.513 90.9663 0.124418 -0.139902 0.96402
509.414 128.125 0.0987213 0.0758173 0.786957
571.773 206.589 0.214424 0.101888 0.96508
554.922 179.556 0.182747 0.104095 0.942537
568.539 205.486 0.202405 0.0958417 0.937331
786.262 204.664 0.20942 -0.0854543 0.949614
859.176 180.207 0.188805 -0.144153 0.948572
787.626 202.455 0.206713 -0.0860417 0.947686
788.459 205.172 0.209193 -0.0870247 0.947849
724.746 175.429 0.182654 -0.0321648 0.946581
852.868 235.602 0.245323 -0.153603 0.962377
857.026 101.31 0.134888 -0.141567 0.980602
751.823 205.203 0.209002 -0.0557178 0.948509
750.408 202.224 0.204292 -0.0537748 0.943292
754.556 204.047 0.201208 -0.0558645 0.931554
699.348 203.881 0.209545 -0.0109473 0.95458
698.48 206.047 0.209271 -0.0101919 0.949066
767.905 172.225 0.180621 -0.0672955 0.946877
524.734 151.538 0.163359 0.126132 0.951927
487.02 116.176 0.109011 0.103789 0.840413
696.282 331.92 0.234938 -0.00752277 0.808055
605.947 204.802 0.203665 0.0661563 0.940759
786.534 243 0.246452 -0.0896289 0.951614
801.443 475.933 0.0778676 -0.0265862 0.558023
598.124 356.487 0.111483 0.02038 0.636655
573.743 243.418 0.238864 0.0996398 0.942357
656.555 201.681 0.188576 0.0209781 0.908101
583.177 46.3908 0.094039 0.0726567 0.973014
798.989 187.734 0.197447 -0.0964397 0.956869
829.228 404.974 0.471686 -0.168827 0.956016
661.435 205.353 0.205243 0.0205673 0.941742
578.624 327.102 0.49171 0.210892 1.15575
496.34 290.525 0.299544 0.193929 0.964885
865.755 108.736 0.138883 -0.147004 0.972301
837.794 205.219 0.213444 -0.132473 0.9567
828.569 286.447 0.284421 -0.130496 0.936715
491.061 107.808 0.139061 0.159953 0.991685
796.792 245.582 0.226056 -0.0883762 0.906083
825.829 252.619 0.264706 -0.132287 0.966647
484.893 89.4634 0.124284 0.157989 0.984823
620.673 252.645 0.241669 0.0572079 0.929026
850.817 237.824 0.252415 -0.156083 0.972567
780.81 556.115 0.120963 -0.0263175 0.573756
562.55 488.495 0.366538 0.0976259 0.787231
735.366 174.45 0.177776 -0.0398274 0.934143
786.194 337.555 0.109441 -0.034413 0.64104
601.541 205.513 0.202659 0.0689624 0.93687
750.999 243.455 0.235681 -0.0544635 0.930231
507.776 342.292 0.106418 0.0456803 0.637657
887.857 156.05 0.175287 -0.172014 0.968297
883.973 160.672 0.183207 -0.175356 0.98214
821.957 180.432 0.190985 -0.114968 0.955561
843.178 290.087 0.29652 -0.149977 0.948838
570.084 271.564 0.141379 0.0450967 0.730434
565.173 203.329 0.201115 0.0986651 0.938793
872.382 44.2909 0.0948492 -0.145706 0.979631
555.446 282.022 0.147745 0.0526224 0.732377
693.225 456.996 0.0808669 -0.00640733 0.566619
845.385 202.474 0.216283 -0.143456 0.970084
571.066 243.934 0.237415 0.100782 0.938498
840.53 287.771 0.299623 -0.150546 0.958081
787.794 203.727 0.203578 -0.0841086 0.937052
821.946 279.762 0.154175 -0.0659606 0.740107
576.543 296.688 0.291145 0.10619 0.937775
884.398 540.294 0.115278 -0.0495791 0.572967
879.43 281.536 0.176509 -0.104782 0.772219
886.324 158.507 0.179306 -0.174025 0.975073
743.292 251.468 0.252923 -0.0501244 0.949018
704.07 273.557 0.177514 -0.0128133 0.78504
847.229 249.438 0.250464 -0.144179 0.944777
569.596 246.112 0.237808 0.101344 0.935185
814.809 499.016 0.0278274 -0.0197081 0.504781
919.388 453.693 0.074501 -0.0487454 0.559731
772.984 117.978 0.143753 -0.0713254 0.966239
700.952 295.293 0.282798 -0.0106448 0.923258
666.181 285.675 0.581783 0.103473 1.46202
828.038 637.292 0.054544 -0.0230958 0.506006
659.198 203.7 0.208153 0.0234105 0.952789
674.765 479.31 0.0715637 -0.00296691 0.551884
662.034 243.302 0.240996 0.0228063 0.944067
719.709 188.882 0.195286 -0.0283065 0.950808
564.844 462.367 0.0791534 0.0183879 0.564284
857.727 177.959 0.183757 -0.139311 0.939449
824.072 276.568 0.156695 -0.0684407 0.746738
718.068 182.467 0.179978 -0.0258037 0.923019
752.9 173.755 0.177174 -0.0535338 0.933426
763.36 347.524 0.141881 -0.0324117 0.677035
689.927 329.232 0.189663 -0.00488453 0.751706
873.548 43.5161 0.0935498 -0.143907 0.971814
834.467 178.122 0.188972 -0.125139 0.954978
566.361 444.602 0.0830119 0.0193308 0.573088
581.048 297.535 0.293798 0.103053 0.940263
844.638 265.716 0.373375 -0.229376 1.14123
606.883 344.048 0.102289 0.0166155 0.630624
689.541 123.351 0.143943 -0.00476288 0.952701
831.565 417.208 0.179888 -0.0616882 0.679041
609.269 243.598 0.238011 0.0680447 0.939134
831.462 415.93 0.181061 -0.0621231 0.680912
771.477 281.804 0.148726 -0.0415315 0.730785
791.181 252.424 0.258669 -0.0960795 0.956608
887.906 404.447 0.218953 -0.103498 0.724785
785.038 362.035 0.0613182 -0.0240493 0.571423
633.808 277.52 0.1747 0.0243239 0.777813
697.496 451.188 0.0799659 -0.00727052 0.567279
569.37 245.267 0.236905 0.101312 0.934977
762.471 127.91 0.171961 -0.0766651 1.06311
771.492 112.014 0.134963 -0.0668022 0.946044
651.699 251.749 0.239349 0.0301951 0.925234
840.461 289.815 0.304287 -0.152341 0.961613
605.037 201.793 0.199523 0.065648 0.93679
575.978 296.836 0.289933 0.105986 0.935665
781.704 551.638 0.122402 -0.0268417 0.576118
809.293 175.593 0.183396 -0.101213 0.945601
633.699 275.485 0.176557 0.0249644 0.782853
701.508 358.434 0.109387 -0.0093773 0.632215
686.473 534.259 0.12736 -0.00444242 0.585863
696.755 355.82 0.110655 -0.00806356 0.634984
864.65 109.88 0.139928 -0.146608 0.973279
550.16 178.551 0.178883 0.1048 0.933778
571.131 494.606 0.0665452 0.0142858 0.544095
532.19 123.13 0.142935 0.116261 0.954589
848.242 348.861 0.14207 -0.0630228 0.675468
753.033 168.507 0.168278 -0.0517654 0.918999
635.488 25.1555 0.0868406 0.0498458 1.1182
523.698 153.95 0.163485 0.125178 0.945992
564.135 183.935 0.190021 0.100668 0.952896
908.127 306.582 0.487418 -0.398187 1.19294
815.385 507.4 0.0264046 -0.0193977 0.502076
569.319 238.663 0.224985 0.0962649 0.923019
706.375 250.58 0.245869 -0.0162787 0.938266
785.819 180.61 0.187228 -0.0823158 0.945506
784.512 331.308 0.335919 -0.0938963 0.935818
743.683 249.288 0.240301 -0.0482348 0.928707
613.471 338.793 0.109646 0.016246 0.642433
774.893 271.86 0.111339 -0.0352321 0.679596
807.739 176.054 0.185007 -0.10088 0.94929
775.532 117.675 0.14203 -0.0722675 0.959394
851.798 334.778 0.111526 -0.0546087 0.644398
879.806 534.665 0.117352 -0.0494339 0.576245
759.055 269.476 0.136129 -0.0346094 0.720825
664.592 233.397 0.217081 0.017101 0.913353
702.795 280.59 0.195897 -0.0122361 0.80716
828.388 285.713 0.283411 -0.130083 0.936398
806.932 354.147 0.0549987 -0.0271236 0.565756
671.54 305.881 0.691916 0.10915 1.52553
758.76 471.912 -0.20052 0.00440306 0.232841
512.723 227.132 0.193029 0.119775 0.877488
655.726 251.918 0.24599 0.0282793 0.937599
623.866 40.7782 0.0894471 0.0406307 0.961239
768.192 610.472 -0.197935 0.00426794 0.239121
733.328 279.62 0.515291 -0.0802871 1.36377
663.888 296.617 0.289879 0.0239792 0.933098
764.029 204.977 -0.185448 0.00385146 0.248364
696.352 47.6333 0.101178 -0.0110643 1.03538
696.51 356.872 0.110194 -0.00798199 0.633947
849.588 92.4357 0.14143 -0.162155 1.06848
705.439 110.066 0.157149 -0.0193682 1.91285
554.046 180.504 0.184082 0.105497 0.944223
697.616 203.259 0.205115 -0.00955167 0.944811
698.021 204.349 0.201313 -0.00995273 0.932948
498.229 300.365 0.379933 0.265186 1.0715
710.865 286.198 0.673135 -0.0256487 1.62714
674.8 474.798 0.0842796 -0.00269844 0.565253
833.109 295.18 0.302838 -0.141357 0.94976
756.416 267.773 0.139099 -0.0341936 0.726996
483.307 82.9807 0.123078 0.167742 1.00808
621.133 131.158 0.149574 0.0488679 0.954639
786.95 205.816 0.216347 -0.0891963 0.96435
833.1 207.028 0.221315 -0.133644 0.972364
695.358 40.2938 0.090902 -0.0105954 0.975087
581.951 49.8591 0.0959956 0.073412 0.970568
624.782 45.9419 0.0935419 0.041374 0.969077
659.3 203.946 0.208625 0.0234043 0.95343
485.242 90.4394 0.125121 0.158266 0.985641
533.144 125.862 0.146137 0.117736 0.959716
