699.384 204.06 0.210056 -0.0105997 0.955224
610.257 204.898 0.209969 0.0662901 0.956252
785.596 172.818 0.182564 -0.0820649 0.950193
775.441 116.124 0.140932 -0.0716779 0.958798
696.073 39.8751 0.0906143 -0.0108666 0.973436
877.42 37.0511 0.0890818 -0.143662 0.965835
531.76 123.561 0.143241 0.116911 0.954545
580.272 43.5224 0.0912634 0.0727289 0.963645
625.49 41.9814 0.0910903 0.0407872 0.968783
531.92 123.342 0.143193 0.116912 0.955016
860.656 94.5323 0.12861 -0.140424 0.97203
729.464 177.648 0.186736 -0.0360834 0.952726
790.653 173.68 0.172181 -0.0797268 0.917419
490.871 99.185 0.133334 0.1603 0.996109
696.341 30.2283 0.0838923 -0.0112172 0.966306
625.84 36.1234 0.0873697 0.0400688 0.968387
882.905 63.5227 0.100599 -0.137727 0.927039
781.679 122 0.158342 -0.0875041 1.01889
836.107 179.096 0.191016 -0.127178 0.957886
749.229 204.151 0.211902 -0.0541444 0.957922
832.943 208.232 0.225532 -0.135609 0.97953
581.907 39.285 0.088819 0.0715057 0.9655
748.698 204.672 0.212766 -0.053814 0.958932
854.005 187.399 0.20373 -0.149276 0.972782
863.852 90.6486 0.124451 -0.139813 0.964112
509.824 128.072 0.0987541 0.0759061 0.78705
572.079 206.583 0.214457 0.101977 0.965172
555.227 179.551 0.18278 0.104184 0.94263
568.86 205.476 0.202437 0.0959305 0.937423
786.62 204.472 0.209453 -0.0853655 0.949707
859.56 179.94 0.188838 -0.144065 0.948664
787.984 202.26 0.206746 -0.0859529 0.947778
788.819 204.978 0.209226 -0.0869359 0.947942
725.073 175.276 0.182687 -0.032076 0.946674
853.259 235.373 0.245356 -0.153514 0.962469
857.355 101.008 0.13492 -0.141478 0.980694
752.169 205.041 0.209035 -0.0556291 0.948601
750.756 202.06 0.204325 -0.0536861 0.943384
754.914 203.878 0.201241 -0.0557757 0.931647
699.674 203.764 0.209578 -0.0108585 0.954672
698.81 205.93 0.209304 -0.0101031 0.949159
768.245 172.033 0.180654 -0.0672067 0.946969
525.021 151.553 0.163391 0.126221 0.952019
487.369 116.168 0.109043 0.103878 0.840505
696.779 331.815 0.23497 -0.00743399 0.808147
606.268 204.76 0.203698 0.0662451 0.940851
786.905 242.827 0.246485 -0.0895402 0.951706
802.67 475.637 0.0779004 -0.0264975 0.558115
598.906 356.359 0.111516 0.0204687 0.636748
574.078 243.416 0.238897 0.0997286 0.942449
656.904 201.586 0.188609 0.0210669 0.908193
583.401 46.3226 0.0940718 0.0727455 0.973106
799.341 187.525 0.197479 -0.0963509 0.956961
829.664 404.844 0.471719 -0.168739 0.956108
661.762 205.265 0.205275 0.0206561 0.941834
578.906 327.146 0.491743 0.210981 1.15584
496.693 290.599 0.299577 0.194018 0.964977
866.097 108.428 0.138915 -0.146915 0.972393
838.169 204.986 0.213477 -0.132384 0.956792
828.983 286.258 0.284453 -0.130407 0.936808
491.308 107.854 0.139094 0.160042 0.991777
797.201 245.391 0.226089 -0.0882874 0.906175
826.21 252.422 0.264739 -0.132198 0.966739
485.134 89.5076 0.124317 0.158077 0.984916
621.023 252.604 0.241701 0.0572966 0.929119
851.201 237.6 0.252447 -0.155994 0.972659
781.943 555.92 0.120996 -0.0262287 0.573848
563.101 488.524 0.366571 0.0977147 0.787323
735.704 174.283 0.177809 -0.0397387 0.934235
787.038 337.284 0.109474 -0.0343242 0.641132
601.864 205.474 0.202692 0.0690512 0.936962
751.372 243.306 0.235714 -0.0543747 0.930323
508.527 342.222 0.10645 0.0457691 0.637749
888.234 155.749 0.17532 -0.171925 0.968389
884.34 160.38 0.18324 -0.175267 0.982233
822.316 180.199 0.191018 -0.114879 0.955653
843.592 289.891 0.296553 -0.149888 0.948931
570.636 271.49 0.141412 0.0451855 0.730526
565.492 203.321 0.201147 0.0987538 0.938885
872.696 43.9412 0.094882 -0.145617 0.979723
555.996 281.965 0.147778 0.0527112 0.732469
694.339 456.774 0.0808997 -0.00631856 0.566711
845.755 202.235 0.216316 -0.143367 0.970176
571.404 243.932 0.237448 0.100871 0.93859
840.935 287.578 0.299656 -0.150457 0.958173
788.16 203.531 0.203611 -0.0840198 0.937144
822.57 279.505 0.154207 -0.0658718 0.7402
576.904 296.697 0.291178 0.106279 0.937867
885.597 540.021 0.115311 -0.0494903 0.573059
880.036 281.253 0.176542 -0.104693 0.772312
886.696 158.209 0.179339 -0.173936 0.975165
743.653 251.333 0.252956 -0.0500357 0.949111
704.579 273.411 0.177547 -0.0127245 0.785132
847.634 249.217 0.250497 -0.144091 0.944869
569.937 246.111 0.23784 0.101433 0.935277
816.486 498.589 0.0278602 -0.0196194 0.504873
920.683 453.303 0.0745338 -0.0486566 0.559823
773.29 117.759 0.143786 -0.0712366 0.966331
701.335 295.203 0.282831 -0.0105561 0.92335
666.364 285.668 0.581815 0.103562 1.46211
829.703 637 0.0545768 -0.023007 0.506098
659.517 203.616 0.208186 0.0234993 0.952882
675.955 479.09 0.0715965 -0.00287814 0.551976
662.376 243.228 0.241029 0.022895 0.94416
720.037 188.74 0.195319 -0.0282177 0.9509
565.911 462.231 0.0791862 0.0184767 0.564376
858.115 177.689 0.18379 -0.139222 0.939541
824.686 276.311 0.156727 -0.0683519 0.74683
718.412 182.317 0.18001 -0.025715 0.923111
753.244 173.572 0.177206 -0.053445 0.933519
764.099 347.309 0.141914 -0.032323 0.677127
690.494 329.107 0.189696 -0.00479575 0.751798
873.869 43.1628 0.0935826 -0.143818 0.971906
834.832 177.877 0.189005 -0.12505 0.95507
567.383 444.468 0.0830447 0.0194196 0.573181
581.408 297.541 0.293831 0.103142 0.940355
844.946 265.536 0.373408 -0.229287 1.14132
607.682 343.899 0.102321 0.0167043 0.630716
689.832 123.208 0.143976 -0.00467411 0.952793
832.348 416.99 0.179921 -0.0615994 0.679133
609.608 243.566 0.238044 0.0681335 0.939227
832.24 415.712 0.181094 -0.0620344 0.681005
772.094 281.581 0.148759 -0.0414428 0.730877
791.554 252.252 0.258702 -0.0959908 0.9567
888.622 404.21 0.218986 -0.103409 0.724878
786.166 361.683 0.061351 -0.0239605 0.571515
634.309 277.426 0.174732 0.0244126 0.777905
698.608 450.96 0.0799987 -0.00718174 0.567372
569.71 245.266 0.236937 0.101401 0.935069
762.721 127.727 0.171994 -0.0765763 1.0632
771.809 111.788 0.134995 -0.0667135 0.946136
652.054 251.682 0.239381 0.0302839 0.925326
840.865 289.624 0.30432 -0.152252 0.961706
605.359 201.751 0.199556 0.0657368 0.936882
576.341 296.845 0.289965 0.106074 0.935757
782.826 551.442 0.122435 -0.0267529 0.57621
809.652 175.367 0.183429 -0.101124 0.945693
634.193 275.393 0.17659 0.0250531 0.782945
702.343 358.229 0.10942 -0.00928852 0.632307
687.501 534.123 0.127393 -0.00435365 0.585955
697.579 355.619 0.110688 -0.00797478 0.635076
864.991 109.574 0.139961 -0.146519 0.973372
550.47 178.547 0.178915 0.104889 0.93387
572.319 494.45 0.066578 0.0143746 0.544187
532.462 123.131 0.142967 0.116349 0.954681
849.028 348.585 0.142102 -0.062934 0.67556
753.386 168.318 0.168311 -0.0516766 0.919091
635.635 25.0661 0.0868734 0.0499345 1.11829
523.99 153.965 0.163518 0.125266 0.946085
564.436 183.925 0.190053 0.100756 0.952988
908.471 306.378 0.487451 -0.398098 1.19303
817.093 506.972 0.0264374 -0.0193089 0.502169
569.664 238.658 0.225018 0.0963537 0.923111
706.732 250.472 0.245902 -0.0161899 0.938358
786.17 180.406 0.187261 -0.0822271 0.945598
784.923 331.173 0.335952 -0.0938075 0.935911
744.057 249.147 0.240334 -0.048146 0.9288
614.237 338.649 0.109679 0.0163348 0.642525
775.612 271.59 0.111372 -0.0351433 0.679689
808.095 175.83 0.18504 -0.100791 0.949382
775.843 117.452 0.142062 -0.0721787 0.959486
852.668 334.46 0.111559 -0.05452 0.64449
880.985 534.396 0.117384 -0.0493451 0.576338
759.681 269.249 0.136162 -0.0345206 0.720917
664.951 233.31 0.217114 0.0171898 0.913445
703.278 280.457 0.195929 -0.0121474 0.807252
828.802 285.524 0.283444 -0.129994 0.93649
808.104 353.761 0.0550315 -0.0270349 0.565849
671.721 305.876 0.691949 0.109238 1.52562
756.327 475.781 -0.200487 0.00449184 0.232933
513.095 227.155 0.193061 0.119864 0.877581
656.074 251.85 0.246022 0.0283681 0.937691
624.1 40.6642 0.0894799 0.0407195 0.961331
765.887 614.14 -0.197903 0.00435671 0.239214
733.535 279.553 0.515324 -0.0801984 1.36386
664.258 296.557 0.289911 0.024068 0.93319
761.337 207.665 -0.185415 0.00394024 0.248457
696.561 47.4724 0.101211 -0.0109756 1.03548
697.337 356.67 0.110227 -0.00789321 0.634039
849.859 92.1535 0.141462 -0.162066 1.06857
705.477 110.002 0.157182 -0.0192794 1.91294
554.351 180.5 0.184115 0.105586 0.944315
697.948 203.141 0.205148 -0.0094629 0.944903
698.361 204.227 0.201345 -0.00986395 0.93304
498.544 300.457 0.379965 0.265275 1.07159
711.024 286.163 0.673168 -0.0255599 1.62723
675.914 474.6 0.0843123 -0.00260966 0.565345
833.519 294.994 0.30287 -0.141268 0.949852
757.029 267.551 0.139131 -0.0341049 0.727089
483.533 83.0319 0.123111 0.167831 1.00818
621.413 131.08 0.149607 0.0489567 0.954731
787.298 205.628 0.21638 -0.0891075 0.964442
833.464 206.803 0.221348 -0.133555 0.972457
695.598 40.1142 0.0909348 -0.0105066 0.975179
582.178 49.7927 0.0960284 0.0735007 0.970661
625.014 45.8318 0.0935747 0.0414627 0.969169
659.618 203.863 0.208658 0.0234931 0.953522
485.484 90.4838 0.125154 0.158355 0.985733
533.414 125.864 0.14617 0.117824 0.959808
