699.088 206.088 0.210145 -0.0106424 0.955729
609.945 206.9 0.210057 0.0662473 0.956757
785.293 174.948 0.182652 -0.0821077 0.950698
775.129 118.357 0.141021 -0.0717206 0.959303
695.793 42.2436 0.0907027 -0.0109093 0.973941
877.027 39.5109 0.0891703 -0.143705 0.96634
531.476 125.717 0.143329 0.116868 0.95505
580.031 45.8672 0.0913519 0.0726861 0.96415
625.238 44.332 0.0911787 0.0407445 0.969288
531.636 125.498 0.143282 0.116869 0.955521
860.305 96.8097 0.128698 -0.140467 0.972535
729.167 179.745 0.186824 -0.0361261 0.953231
790.335 175.916 0.172269 -0.0797695 0.917924
490.641 101.271 0.133422 0.160257 0.996614
696.057 32.643 0.0839807 -0.0112599 0.966811
625.589 38.4914 0.0874581 0.0400261 0.968892
882.515 66.0207 0.100688 -0.13777 0.927544
781.389 124.063 0.158431 -0.0875468 1.01939
835.802 181.201 0.191105 -0.127221 0.958391
748.938 206.182 0.211991 -0.0541871 0.958427
832.66 210.211 0.225621 -0.135651 0.980035
581.668 41.6367 0.0889075 0.071463 0.966005
748.408 206.699 0.212855 -0.0538568 0.959436
853.705 189.447 0.203818 -0.149319 0.973287
863.495 92.9589 0.12454 -0.139856 0.964617
509.333 130.928 0.0988426 0.0758634 0.787555
571.763 208.546 0.214545 0.101934 0.965677
554.904 181.632 0.182868 0.104141 0.943135
568.523 207.527 0.202526 0.0958878 0.937928
786.326 206.536 0.209541 -0.0854082 0.950212
859.248 182.077 0.188926 -0.144107 0.949169
787.689 204.335 0.206835 -0.0859956 0.948283
788.524 207.047 0.209315 -0.0869786 0.948447
724.773 177.395 0.182776 -0.0321187 0.947179
852.984 237.351 0.245444 -0.153557 0.962974
857.01 103.244 0.135009 -0.141521 0.981199
751.874 207.099 0.209123 -0.0556718 0.949106
750.457 204.141 0.204413 -0.0537288 0.943889
754.61 205.994 0.20133 -0.0558185 0.932152
699.377 205.793 0.209666 -0.0109013 0.955177
698.511 207.973 0.209392 -0.0101459 0.949664
767.942 174.17 0.180742 -0.0672494 0.947474
524.717 153.654 0.16348 0.126178 0.952524
695.281 1.14616 0.0654502 -0.0105192 1.15158
486.957 118.758 0.109132 0.103836 0.84101
696.379 334.251 0.235059 -0.00747672 0.808652
605.945 206.81 0.203786 0.0662023 0.941356
786.624 244.81 0.246573 -0.0895829 0.952211
801.923 481.105 0.0779889 -0.0265402 0.55862
598.12 360.318 0.111604 0.020426 0.637253
573.729 245.385 0.238985 0.0996858 0.942954
656.571 203.766 0.188698 0.0210241 0.908698
583.165 48.6353 0.0941603 0.0727028 0.973611
799.044 189.605 0.197568 -0.0963936 0.957466
829.49 406.592 0.471808 -0.168781 0.956613
661.452 207.324 0.205364 0.0206134 0.942339
578.611 328.485 0.491831 0.210938 1.15635
496.28 292.412 0.299665 0.193975 0.965482
865.75 110.67 0.139004 -0.146958 0.972898
837.877 207.039 0.213565 -0.132427 0.957297
828.725 288.222 0.284542 -0.13045 0.937313
491.067 109.931 0.139182 0.159999 0.992282
796.902 247.527 0.226178 -0.0883301 0.90668
825.945 254.349 0.264827 -0.132241 0.967244
484.901 91.645 0.124405 0.158035 0.985421
620.681 254.612 0.24179 0.0572539 0.929624
850.931 239.543 0.252536 -0.156037 0.973164
781.267 560.875 0.121084 -0.0262714 0.574353
562.495 490.935 0.366659 0.097672 0.787828
735.397 176.447 0.177897 -0.0397814 0.93474
786.478 341.222 0.109563 -0.034367 0.641637
601.536 207.534 0.202781 0.0690085 0.937467
751.075 245.351 0.235802 -0.0544175 0.930828
507.629 346.175 0.106539 0.0457263 0.638254
887.905 157.89 0.175408 -0.171967 0.968894
884.018 162.471 0.183329 -0.17531 0.982738
822.013 182.305 0.191106 -0.114922 0.956158
843.345 291.812 0.296641 -0.149931 0.949435
570.038 274.517 0.1415 0.0451427 0.731031
565.157 205.371 0.201236 0.0987111 0.93939
872.312 46.3436 0.0949705 -0.14566 0.980228
555.386 284.959 0.147867 0.0526684 0.732974
693.449 462.02 0.0809882 -0.00636129 0.567216
845.464 204.256 0.216405 -0.14341 0.970681
571.05 245.913 0.237537 0.100828 0.939095
840.689 289.473 0.299745 -0.150499 0.958678
787.861 205.637 0.203699 -0.0840625 0.937649
822.172 282.481 0.154296 -0.0659145 0.740705
576.526 298.601 0.291267 0.106236 0.938372
885.082 545.012 0.115399 -0.049533 0.573564
879.7 284.004 0.17663 -0.104736 0.772817
886.37 160.325 0.179427 -0.173979 0.97567
743.365 253.301 0.253044 -0.0500784 0.949616
704.156 276.065 0.177635 -0.0127673 0.785637
847.361 251.223 0.250586 -0.144133 0.945374
569.579 248.099 0.237929 0.10139 0.935782
815.442 506.157 0.0279487 -0.0196621 0.505378
920.115 458.752 0.0746223 -0.0486993 0.560328
772.982 119.966 0.143875 -0.0712793 0.966836
701.022 297.179 0.28292 -0.0105988 0.923855
666.207 286.695 0.581904 0.103519 1.46262
659.214 205.642 0.208275 0.0234566 0.953387
674.965 484.735 0.0716849 -0.00292087 0.552481
662.062 245.21 0.241117 0.0228523 0.944664
719.74 190.817 0.195407 -0.0282604 0.951405
564.793 467.53 0.0792747 0.0184339 0.564881
857.799 179.86 0.183879 -0.139265 0.940046
824.295 279.242 0.156816 -0.0683946 0.747335
718.099 184.497 0.180099 -0.0257577 0.923616
752.936 175.745 0.177295 -0.0534877 0.934024
763.59 350.772 0.142002 -0.0323657 0.677632
690.026 331.906 0.189784 -0.00483848 0.752303
873.482 45.5878 0.0936711 -0.143861 0.972411
834.526 179.992 0.189093 -0.125093 0.955575
566.311 449.556 0.0831331 0.0193768 0.573686
581.034 299.436 0.293919 0.103099 0.94086
844.732 267.04 0.373496 -0.22933 1.14183
606.889 347.967 0.10241 0.0166615 0.631221
689.538 125.416 0.144064 -0.00471684 0.953298
831.943 420.352 0.180009 -0.0616422 0.679638
609.271 245.553 0.238132 0.0680907 0.939732
831.837 419.055 0.181182 -0.0620771 0.68151
771.653 284.62 0.148848 -0.0414855 0.731382
791.28 254.204 0.258791 -0.0960335 0.957205
888.329 407.148 0.219075 -0.103452 0.725383
785.402 366.928 0.0614395 -0.0240032 0.57202
633.83 280.109 0.174821 0.0243699 0.77841
697.726 456.195 0.0800872 -0.00722448 0.567877
569.352 247.256 0.237026 0.101358 0.935574
762.455 129.673 0.172082 -0.0766191 1.06371
771.491 114.068 0.135084 -0.0667562 0.946641
651.723 253.71 0.23947 0.0302412 0.925831
840.622 291.505 0.304408 -0.152295 0.962211
605.034 203.819 0.199645 0.0656941 0.937387
575.96 298.756 0.290054 0.106032 0.936262
782.158 556.344 0.122524 -0.0267956 0.576715
809.345 177.51 0.183518 -0.101167 0.946198
633.72 278.046 0.176679 0.0250104 0.78345
701.671 362.263 0.109509 -0.00933125 0.632812
686.701 538.819 0.127481 -0.00439638 0.58646
696.908 359.613 0.110777 -0.00801752 0.635581
864.646 111.81 0.14005 -0.146562 0.973877
550.139 180.657 0.179004 0.104846 0.934375
571.097 500.327 0.0666664 0.0143319 0.544692
532.178 125.288 0.143056 0.116307 0.955186
848.599 352.073 0.142191 -0.0629768 0.676065
753.069 170.55 0.168399 -0.0517194 0.919596
635.474 27.162 0.0869618 0.0498918 1.1188
523.679 156.08 0.163606 0.125224 0.94659
564.121 185.967 0.190142 0.100714 0.953493
908.298 307.733 0.487539 -0.398141 1.19354
816.032 514.679 0.0265258 -0.0193517 0.502674
569.3 240.7 0.225107 0.096311 0.923616
706.429 252.469 0.24599 -0.0162326 0.938863
785.867 182.534 0.18735 -0.0822698 0.946103
784.668 333.067 0.336041 -0.0938503 0.936416
743.759 251.185 0.240423 -0.0481888 0.929304
613.486 342.548 0.109767 0.016292 0.64303
775.095 275.133 0.11146 -0.035186 0.680194
807.79 177.961 0.185129 -0.100834 0.949887
775.531 119.68 0.142151 -0.0722214 0.959991
852.18 338.361 0.111647 -0.0545627 0.644995
880.47 539.312 0.117473 -0.0493878 0.576842
759.216 272.389 0.13625 -0.0345634 0.721422
664.619 235.414 0.217202 0.0171471 0.91395
702.877 282.97 0.196018 -0.0121901 0.807757
828.543 287.49 0.283532 -0.130037 0.936995
807.344 359.168 0.05512 -0.0270776 0.566353
671.569 306.818 0.692037 0.109196 1.52613
760.156 464.08 -0.200398 0.0044491 0.233438
512.668 229.378 0.19315 0.119821 0.878086
655.753 253.837 0.246111 0.0283253 0.938196
623.843 43.038 0.0895684 0.0406767 0.961836
769.471 602.829 -0.197814 0.00431398 0.239719
733.369 280.7 0.515412 -0.0802411 1.36437
663.931 298.491 0.29 0.0240253 0.933695
764.709 194.827 -0.185327 0.00389751 0.248962
696.313 49.6742 0.101299 -0.0110183 1.03598
696.664 360.679 0.110316 -0.00793595 0.634544
849.529 94.2132 0.141551 -0.162109 1.06907
705.397 111.277 0.157271 -0.0193221 1.91344
554.029 182.574 0.184203 0.105544 0.94482
697.646 205.202 0.205237 -0.00950563 0.945408
698.052 206.325 0.201434 -0.00990668 0.933545
498.182 301.982 0.380054 0.265232 1.0721
710.894 287.069 0.673256 -0.0256027 1.62773
674.991 479.862 0.0844008 -0.0026524 0.56585
833.272 296.903 0.302959 -0.141311 0.950357
756.569 270.641 0.13922 -0.0341476 0.727593
483.327 85.1257 0.123199 0.167788 1.00868
621.126 133.245 0.149695 0.0489139 0.955236
787.011 207.645 0.216469 -0.0891502 0.964947
833.178 208.805 0.221436 -0.133598 0.972962
695.319 42.4774 0.0910233 -0.0105493 0.975684
581.939 52.1021 0.0961169 0.073458 0.971166
624.761 48.1706 0.0936632 0.04142 0.969674
659.316 205.887 0.208747 0.0234503 0.954027
485.251 92.6167 0.125242 0.158312 0.986238
533.134 128.001 0.146259 0.117782 0.960313
