700.14 205.991 0.210193 -0.0107933 0.955254
611.122 206.738 0.210105 0.0660965 0.956283
786.311 174.94 0.1827 -0.0822585 0.950224
776.236 118.398 0.141069 -0.0718715 0.958829
697.091 42.3272 0.0907509 -0.0110601 0.973467
878.166 39.6755 0.0892185 -0.143856 0.965866
532.933 125.609 0.143377 0.116717 0.954576
581.515 45.8956 0.0914 0.0725353 0.963676
626.641 44.3826 0.0912269 0.0405937 0.968814
533.093 125.39 0.14333 0.116718 0.955046
861.36 96.9164 0.128746 -0.140618 0.972061
730.231 179.696 0.186872 -0.036277 0.952757
791.395 175.906 0.172317 -0.0799204 0.91745
492.15 101.182 0.13347 0.160107 0.99614
697.381 32.7383 0.0840289 -0.0114107 0.966337
627.001 38.5496 0.0875063 0.0398752 0.968418
883.658 66.1692 0.100736 -0.137921 0.92707
782.405 124.105 0.158479 -0.0876977 1.01892
836.758 181.224 0.191153 -0.127372 0.957916
749.929 206.122 0.212039 -0.0543379 0.957953
833.546 210.212 0.225669 -0.135802 0.979561
583.153 41.6718 0.0889556 0.0713122 0.965531
749.397 206.638 0.212903 -0.0540076 0.958962
854.62 189.477 0.203866 -0.14947 0.972813
864.563 93.071 0.124588 -0.140006 0.964143
511.251 130.75 0.0988908 0.0757125 0.78708
572.986 208.356 0.214593 0.101783 0.965203
556.243 181.459 0.182917 0.103991 0.942661
569.801 207.328 0.202574 0.095737 0.937454
787.291 206.502 0.20959 -0.085559 0.949737
860.199 182.113 0.188975 -0.144258 0.948695
788.659 204.303 0.206883 -0.0861465 0.947809
789.489 207.013 0.209363 -0.0871295 0.947972
725.855 177.344 0.182824 -0.0322696 0.946704
853.834 237.346 0.245493 -0.153707 0.9625
858.048 103.344 0.135057 -0.141671 0.980725
752.874 207.038 0.209172 -0.0558226 0.948632
751.471 204.081 0.204462 -0.0538796 0.943415
755.634 205.932 0.201378 -0.0559693 0.931677
700.43 205.697 0.209715 -0.0110521 0.954703
699.57 207.872 0.20944 -0.0102967 0.949189
768.982 174.151 0.180791 -0.0674003 0.947
526.145 153.502 0.163528 0.126028 0.95205
696.433 1.25805 0.0654984 -0.01067 1.1511
488.776 118.606 0.10918 0.103685 0.840536
697.496 333.945 0.235107 -0.00762755 0.808178
607.154 206.641 0.203834 0.0660515 0.940882
787.523 244.744 0.246621 -0.0897337 0.951737
803.935 480.078 0.0780371 -0.026691 0.558146
600.149 359.626 0.111652 0.0202752 0.636778
574.922 245.144 0.239033 0.099535 0.94248
657.765 203.628 0.188746 0.0208733 0.908224
584.624 48.6617 0.0942084 0.072552 0.973137
800.016 189.595 0.197616 -0.0965444 0.956992
830.067 406.47 0.471856 -0.168932 0.956139
662.573 207.195 0.205412 0.0204625 0.941865
579.387 328.211 0.49188 0.210788 1.15588
497.5 292.051 0.299713 0.193824 0.965008
866.78 110.768 0.139052 -0.147108 0.972424
838.792 207.043 0.213613 -0.132577 0.956823
829.537 288.155 0.28459 -0.130601 0.936839
492.568 109.829 0.13923 0.159848 0.991808
797.853 247.453 0.226226 -0.0884809 0.906206
826.778 254.312 0.264875 -0.132392 0.96677
486.457 91.5652 0.124453 0.157884 0.984946
621.802 254.393 0.241838 0.0571031 0.929149
851.767 239.537 0.252584 -0.156187 0.97269
782.965 559.792 0.121132 -0.0264223 0.573879
563.577 490.276 0.366707 0.0975211 0.787354
736.488 176.402 0.177946 -0.0399322 0.934266
788.101 340.764 0.109611 -0.0345178 0.641163
602.758 207.36 0.202829 0.0688576 0.936993
752.037 245.25 0.23585 -0.0545683 0.930354
509.913 345.42 0.106587 0.0455755 0.63778
888.855 157.965 0.175456 -0.172118 0.96842
884.949 162.541 0.183377 -0.175461 0.982263
822.981 182.317 0.191155 -0.115073 0.955684
844.126 291.76 0.29669 -0.150081 0.948961
571.77 274.103 0.141548 0.0449919 0.730557
566.442 205.173 0.201284 0.0985603 0.938916
873.428 46.4981 0.0950187 -0.145811 0.979754
557.12 284.517 0.147915 0.0525176 0.7325
695.684 460.961 0.0810364 -0.00651211 0.566742
846.363 204.27 0.216453 -0.14356 0.970207
572.254 245.668 0.237585 0.100677 0.938621
841.465 289.423 0.299793 -0.15065 0.958204
788.844 205.602 0.203747 -0.0842134 0.937175
823.406 282.294 0.154344 -0.0660653 0.74023
577.626 298.295 0.291315 0.106086 0.937898
886.593 544.076 0.115447 -0.0496838 0.57309
880.771 283.897 0.176678 -0.104887 0.772342
887.311 160.398 0.179475 -0.17413 0.975196
744.294 253.192 0.253092 -0.0502292 0.949141
705.435 275.818 0.177683 -0.0129181 0.785163
848.213 251.199 0.250634 -0.144284 0.9449
570.787 247.849 0.237977 0.10124 0.935308
818.25 504.583 0.0279968 -0.0198129 0.504904
921.869 457.912 0.0746704 -0.0488502 0.559854
774.079 120.005 0.143923 -0.0714302 0.966362
701.962 296.983 0.282968 -0.0107496 0.923381
666.747 286.577 0.581952 0.103368 1.46214
660.323 205.516 0.208323 0.0233058 0.952913
677.398 483.513 0.0717331 -0.00307169 0.552007
663.112 245.04 0.241165 0.0227015 0.94419
720.799 190.75 0.195455 -0.0284113 0.950931
567.414 466.301 0.0793228 0.0182831 0.564407
858.766 179.896 0.183927 -0.139416 0.939572
825.51 279.067 0.156864 -0.0685454 0.746861
719.215 184.429 0.180147 -0.0259085 0.923142
754.01 175.712 0.177343 -0.0536385 0.933549
765.038 350.352 0.14205 -0.0325165 0.677158
691.328 331.544 0.189832 -0.00498931 0.751829
874.607 45.7446 0.0937193 -0.144012 0.971937
835.489 180.015 0.189141 -0.125244 0.955101
568.853 448.416 0.0831813 0.019226 0.573211
582.12 299.135 0.293968 0.102948 0.940386
845.381 267.045 0.373545 -0.229481 1.14135
608.971 347.291 0.102458 0.0165107 0.630747
690.741 125.401 0.144112 -0.00486766 0.952824
833.129 419.918 0.180058 -0.061793 0.679164
610.409 245.339 0.23818 0.0679399 0.939257
833.018 418.627 0.18123 -0.0622279 0.681035
772.988 284.375 0.148896 -0.0416363 0.730908
792.152 254.136 0.258839 -0.0961843 0.956731
889.298 406.876 0.219123 -0.103603 0.724908
787.555 366.185 0.0614877 -0.024154 0.571546
635.244 279.788 0.174869 0.0242191 0.777936
699.956 455.157 0.0801353 -0.0073753 0.567402
570.563 247.007 0.237074 0.101207 0.9351
763.43 129.7 0.17213 -0.0767699 1.06323
772.627 114.111 0.135132 -0.066907 0.946167
652.805 253.517 0.239518 0.0300903 0.925357
841.39 291.454 0.304456 -0.152445 0.961736
606.256 203.652 0.199693 0.0655432 0.936913
577.065 298.448 0.290102 0.105881 0.935788
783.84 555.284 0.122572 -0.0269464 0.576241
810.344 177.516 0.183566 -0.101318 0.945724
635.122 277.732 0.176727 0.0248596 0.782976
703.488 361.661 0.109557 -0.00948207 0.632338
688.551 537.724 0.12753 -0.0045472 0.585986
698.721 359.019 0.110825 -0.00816834 0.635107
865.674 111.907 0.140098 -0.146713 0.973402
551.505 180.48 0.179052 0.104695 0.933901
573.931 498.894 0.0667146 0.0141811 0.544218
533.635 125.181 0.143104 0.116156 0.954712
849.909 351.734 0.142239 -0.0631276 0.675591
754.174 170.52 0.168447 -0.0518702 0.919122
636.691 27.2333 0.08701 0.049741 1.11832
525.115 155.922 0.163654 0.125073 0.946115
565.418 185.798 0.19019 0.100563 0.953019
908.859 307.793 0.487588 -0.398292 1.19306
818.88 513.047 0.026574 -0.0195025 0.502199
570.544 240.454 0.225155 0.0961601 0.923142
707.417 252.327 0.246038 -0.0163835 0.938389
786.878 182.519 0.187398 -0.0824206 0.945629
785.436 332.926 0.336089 -0.0940011 0.935942
744.721 251.072 0.240471 -0.0483396 0.92883
615.474 341.918 0.109815 0.0161412 0.642556
776.658 274.841 0.111508 -0.0353369 0.679719
808.784 177.966 0.185177 -0.100984 0.949413
776.635 119.72 0.142199 -0.0723722 0.959517
853.667 337.981 0.111695 -0.0547135 0.644521
881.973 538.399 0.117521 -0.0495386 0.576368
760.631 272.139 0.136298 -0.0347142 0.720948
665.736 235.248 0.21725 0.0169962 0.913476
704.084 282.729 0.196066 -0.0123409 0.807283
829.357 287.423 0.28358 -0.130188 0.936521
809.522 358.437 0.0551682 -0.0272284 0.565879
672.044 306.698 0.692085 0.109045 1.52565
752.449 470.212 -0.20035 0.00429828 0.232964
514.138 229.085 0.193198 0.119671 0.877611
656.808 253.652 0.246159 0.0281745 0.937722
625.263 43.0897 0.0896165 0.0405259 0.961362
761.856 607.59 -0.197766 0.00416316 0.239244
733.91 280.634 0.51546 -0.0803919 1.36389
664.901 298.264 0.290048 0.0238745 0.933221
757.73 201.132 -0.185279 0.00374668 0.248487
697.513 49.7469 0.101347 -0.0111691 1.03551
698.483 360.08 0.110364 -0.00808677 0.63407
850.498 94.3107 0.141599 -0.16226 1.0686
706.027 111.283 0.157319 -0.0194729 1.91297
555.365 182.399 0.184251 0.105393 0.944346
698.717 205.103 0.205285 -0.00965645 0.944934
699.14 206.222 0.201482 -0.0100575 0.933071
499.237 301.643 0.380102 0.265082 1.07162
711.335 287 0.673304 -0.0257535 1.62726
677.252 478.739 0.084449 -0.00280322 0.565376
834.05 296.838 0.303007 -0.141462 0.949883
757.969 270.397 0.139268 -0.0342984 0.727119
484.859 85.0579 0.123247 0.167637 1.00821
622.412 133.18 0.149743 0.0487631 0.954762
787.954 207.613 0.216517 -0.0893011 0.964473
834.074 208.807 0.221484 -0.133749 0.972487
696.615 42.5604 0.0910715 -0.0107001 0.97521
583.398 52.1232 0.096165 0.0733072 0.970691
626.158 48.216 0.0937113 0.0412692 0.9692
660.423 205.761 0.208795 0.0232995 0.953553
486.803 92.5357 0.125291 0.158162 0.985764
534.575 127.891 0.146307 0.117631 0.959839
