701.628 206.81 0.210065 -0.0108771 0.955725
612.57 207.543 0.209978 0.0660127 0.956753
787.944 175.776 0.182573 -0.0823423 0.950694
777.926 119.22 0.140941 -0.0719553 0.959299
698.8 43.159 0.0906233 -0.011144 0.973937
880.089 40.4615 0.0890909 -0.14394 0.966336
534.532 126.457 0.14325 0.116633 0.955046
583.216 46.7708 0.0912724 0.0724514 0.964146
628.334 45.2399 0.0910993 0.0405098 0.969284
534.691 126.238 0.143203 0.116634 0.955517
863.16 97.7068 0.128619 -0.140702 0.972531
731.792 180.525 0.186745 -0.0363608 0.953227
793.122 176.795 0.17219 -0.0800042 0.91792
493.736 102.006 0.133343 0.160023 0.996611
699.122 33.5812 0.0839013 -0.0114946 0.966807
628.704 39.41 0.0873787 0.0397914 0.968888
885.662 67.0166 0.100608 -0.138005 0.92754
783.956 124.85 0.158352 -0.0877815 1.01939
838.43 182.051 0.191026 -0.127455 0.958387
751.452 206.944 0.211911 -0.0544218 0.958423
835.116 211.014 0.225541 -0.135886 0.980031
584.856 42.5469 0.088828 0.0712283 0.966001
750.916 207.458 0.212775 -0.0540914 0.959433
856.27 190.286 0.203739 -0.149554 0.973283
866.394 93.8712 0.12446 -0.14009 0.964613
513.321 131.92 0.0987632 0.0756287 0.787551
574.413 209.143 0.214466 0.101699 0.965673
557.765 182.291 0.182789 0.103907 0.943131
571.288 208.156 0.202446 0.0956531 0.937924
788.876 207.341 0.209462 -0.0856429 0.950208
861.93 182.957 0.188847 -0.144342 0.949165
790.254 205.145 0.206755 -0.0862303 0.948279
791.08 207.856 0.209235 -0.0872133 0.948443
727.432 178.183 0.182696 -0.0323534 0.947175
855.433 238.183 0.245365 -0.153791 0.96297
859.813 104.124 0.134929 -0.141755 0.981195
754.421 207.875 0.209044 -0.0559065 0.949102
753.035 204.925 0.204334 -0.0539635 0.943885
757.23 206.796 0.20125 -0.0560532 0.932148
701.92 206.517 0.209587 -0.0111359 0.955173
701.068 208.7 0.209313 -0.0103805 0.94966
770.605 174.991 0.180663 -0.0674841 0.94747
527.703 154.336 0.1634 0.125944 0.95252
697.88 1.96489 0.0653708 -0.0107538 1.15157
490.679 119.647 0.109052 0.103601 0.841006
699.195 335.071 0.234979 -0.00771141 0.808648
608.635 207.469 0.203707 0.0659677 0.941352
789.038 245.584 0.246494 -0.0898176 0.952207
807.876 483.233 0.0779095 -0.0267749 0.558616
602.798 361.596 0.111525 0.0201913 0.637249
576.329 245.946 0.238906 0.0994511 0.94295
659.35 204.519 0.188618 0.0207894 0.908694
586.3 49.5243 0.0940809 0.0724681 0.973607
801.626 190.423 0.197488 -0.0966283 0.957462
831.344 407.37 0.471728 -0.169016 0.956609
664.069 208.029 0.205284 0.0203787 0.942335
580.318 328.721 0.491752 0.210704 1.15635
498.801 292.766 0.299586 0.19374 0.965478
868.568 111.559 0.138924 -0.147192 0.972894
840.429 207.878 0.213486 -0.132661 0.957293
831.076 289.042 0.284462 -0.130685 0.937309
494.147 110.65 0.139103 0.159764 0.992278
799.5 248.375 0.226098 -0.0885648 0.906676
828.297 255.141 0.264748 -0.132476 0.96724
488.081 92.409 0.124326 0.1578 0.985417
623.228 255.226 0.24171 0.0570192 0.92962
853.335 240.359 0.252456 -0.156271 0.97316
786.298 562.691 0.121005 -0.0265061 0.574349
564.91 491.346 0.36658 0.0974373 0.787824
738.107 177.26 0.177818 -0.0400161 0.934736
791.054 342.786 0.109483 -0.0346016 0.641633
604.247 208.193 0.202701 0.0687738 0.937463
753.565 246.116 0.235723 -0.0546522 0.930824
512.482 347.334 0.106459 0.0454916 0.63825
890.622 158.772 0.175329 -0.172202 0.96889
886.668 163.33 0.183249 -0.175545 0.982734
824.636 183.147 0.191027 -0.115157 0.956154
845.652 292.634 0.296562 -0.150165 0.949432
573.858 275.464 0.141421 0.0449081 0.731027
567.929 205.999 0.201156 0.0984764 0.939386
875.298 47.2679 0.0948911 -0.145895 0.980224
559.166 285.862 0.147787 0.0524337 0.73297
699.248 463.882 0.0809088 -0.00659597 0.567212
847.984 205.085 0.216325 -0.143644 0.970677
573.668 246.475 0.237457 0.100593 0.939091
842.968 290.28 0.299665 -0.150734 0.958674
790.464 206.461 0.20362 -0.0842972 0.937645
825.73 283.708 0.154216 -0.0661492 0.740701
578.943 299.081 0.291187 0.106002 0.938368
890.244 547.064 0.11532 -0.0497677 0.57356
883.017 285.208 0.176551 -0.104971 0.772813
889.054 161.197 0.179348 -0.174214 0.975666
745.752 254.026 0.252965 -0.0503131 0.949612
707.36 277.017 0.177556 -0.0130019 0.785633
849.824 252.067 0.250506 -0.144368 0.94537
572.205 248.66 0.237849 0.101156 0.935778
823.812 509.173 0.0278692 -0.0198968 0.505374
926.148 461.098 0.0745428 -0.048934 0.560324
775.745 120.817 0.143795 -0.071514 0.966832
703.366 297.845 0.28284 -0.0108335 0.923851
667.478 286.974 0.581824 0.103284 1.46262
661.795 206.334 0.208195 0.0232219 0.953383
681.172 486.705 0.0716055 -0.00315555 0.552477
664.536 245.862 0.241038 0.0226176 0.944661
722.339 191.58 0.195328 -0.0284951 0.951401
570.761 469.181 0.0791952 0.0181992 0.564877
860.523 180.753 0.183799 -0.139499 0.940042
827.804 280.453 0.156737 -0.0686293 0.747331
720.835 185.303 0.180019 -0.0259924 0.923612
755.649 176.572 0.177215 -0.0537224 0.93402
767.573 352.099 0.141923 -0.0326004 0.677628
693.289 332.865 0.189705 -0.00507317 0.752299
876.5 46.5243 0.0935917 -0.144095 0.972407
837.168 180.846 0.189014 -0.125328 0.955571
572.09 451.145 0.0830537 0.0191422 0.573682
583.431 299.918 0.29384 0.102864 0.940856
846.595 267.682 0.373417 -0.229565 1.14182
611.726 349.318 0.10233 0.0164269 0.631217
692.364 126.238 0.143985 -0.00495152 0.953294
835.613 421.72 0.17993 -0.0618769 0.679634
611.825 246.155 0.238053 0.0678561 0.939728
835.489 420.416 0.181103 -0.0623118 0.681506
775.282 285.811 0.148768 -0.0417202 0.731378
793.645 254.971 0.258711 -0.0962682 0.957201
891.588 408.455 0.218995 -0.103687 0.725379
791.487 369.033 0.0613601 -0.0242379 0.572016
637.127 280.985 0.174741 0.0241352 0.778406
703.532 458.067 0.0800077 -0.00745916 0.567873
571.982 247.819 0.236946 0.101123 0.93557
764.869 130.4 0.172003 -0.0768537 1.0637
774.352 114.952 0.135005 -0.0669909 0.946637
654.254 254.365 0.239391 0.0300065 0.925827
842.882 292.307 0.304329 -0.152529 0.962207
607.752 204.487 0.199565 0.0654594 0.937383
578.386 299.237 0.289974 0.105797 0.936258
787.145 558.145 0.122444 -0.0270303 0.576711
812.015 178.36 0.183438 -0.101402 0.946194
636.986 278.913 0.176599 0.0247757 0.783446
706.336 363.726 0.109429 -0.00956593 0.632808
691.539 540.357 0.127402 -0.00463106 0.586456
701.537 361.055 0.110697 -0.0082522 0.635577
867.456 112.697 0.13997 -0.146797 0.973873
553.048 181.325 0.178924 0.104612 0.934371
577.626 502.187 0.066587 0.0140972 0.544688
535.233 126.029 0.142976 0.116072 0.955182
852.616 353.536 0.142112 -0.0632115 0.676061
755.862 171.405 0.16832 -0.0519541 0.919592
638.146 27.9735 0.0868824 0.0496571 1.11879
526.682 156.762 0.163527 0.124989 0.946586
566.909 186.613 0.190063 0.100479 0.953489
910.08 308.429 0.48746 -0.398376 1.19353
824.534 517.746 0.0264464 -0.0195863 0.50267
572.003 241.289 0.225027 0.0960763 0.923612
708.87 253.168 0.245911 -0.0164673 0.938859
788.512 183.363 0.18727 -0.0825045 0.946099
786.832 333.807 0.335961 -0.0940849 0.936412
746.235 251.939 0.240343 -0.0484234 0.929301
480.489 232.49 0.234684 0.190014 0.964552
618.125 343.843 0.109688 0.0160573 0.643026
779.358 276.548 0.111381 -0.0354207 0.68019
810.443 178.804 0.185049 -0.101068 0.949883
778.322 120.541 0.142071 -0.0724561 0.959987
856.724 340.005 0.111568 -0.0547974 0.644991
885.565 541.329 0.117393 -0.0496225 0.576839
762.995 273.613 0.136171 -0.0347981 0.721418
667.255 236.124 0.217123 0.0169124 0.913947
705.897 283.859 0.195938 -0.0124248 0.807753
830.898 288.31 0.283453 -0.130272 0.936991
813.645 361.383 0.0550406 -0.0273123 0.56635
672.703 307.061 0.691958 0.108961 1.52612
738.355 450.151 -0.200478 0.00421442 0.233434
515.733 229.996 0.19307 0.119587 0.878082
658.228 254.48 0.246032 0.0280907 0.938192
626.974 43.9565 0.0894889 0.0404421 0.961832
748.371 589.857 -0.197894 0.0040793 0.239715
734.737 281.095 0.515333 -0.0804758 1.36437
666.254 299.093 0.289921 0.0237906 0.933691
744.97 183.728 -0.185406 0.00366282 0.248958
699.08 50.512 0.10122 -0.011253 1.03598
701.307 362.126 0.110236 -0.00817063 0.63454
852.077 94.9901 0.141472 -0.162343 1.06907
706.796 111.709 0.157191 -0.0195568 1.91344
556.882 183.228 0.184124 0.105309 0.944816
700.231 205.938 0.205157 -0.00974031 0.945405
700.681 207.076 0.201354 -0.0101414 0.933541
954.427 260.3 -0.190546 0.00634815 0.24377
500.37 302.217 0.379974 0.264998 1.07209
711.977 287.353 0.673177 -0.0258374 1.62773
680.754 481.677 0.0843214 -0.00288708 0.565846
835.549 297.708 0.30288 -0.141546 0.950353
760.292 271.841 0.13914 -0.0343823 0.72759
486.458 85.8853 0.12312 0.167553 1.00868
623.992 134.017 0.149616 0.0486792 0.955232
789.501 208.43 0.216389 -0.0893849 0.964943
835.663 209.619 0.221357 -0.133833 0.972958
698.32 43.3903 0.0909439 -0.010784 0.97568
585.074 52.9868 0.0960375 0.0732233 0.971162
627.844 49.0713 0.0935838 0.0411853 0.96967
661.893 206.578 0.208667 0.0232157 0.954023
488.424 93.378 0.125163 0.158078 0.986234
536.159 128.731 0.146179 0.117547 0.960309
