730.315 203.968 0.243622 -0.501559 4.93435
713.822 192.45 -0.102513 -0.134694 5.50014
721.566 117.524 -0.126971 -0.201157 3.67341
810.383 17.3341 0.180125 -0.0441983 0.712089
937.736 17.7828 0.185741 -0.102622 0.734422
805.399 48.3009 0.204314 -0.053541 0.764347
922.864 6.61629 0.183435 -0.0991836 0.744846
731.461 118.919 0.223715 -0.0156896 0.72502
574.703 171.233 0.258294 0.061574 0.752373
761.005 175.241 0.268566 -0.036066 0.766731
913.055 140.252 0.243113 -0.10803 0.746432
840.096 132.844 0.230846 -0.0650072 0.72502
723.626 130.768 0.224937 -0.0115458 0.714275
865.992 183.947 0.286334 -0.104882 0.792954
695.93 170.14 0.258524 -0.000180648 0.751338
947.378 107.172 0.234102 -0.131357 0.768075
811.536 176.461 0.271415 -0.065025 0.770424
895.608 123.845 0.227027 -0.089536 0.724597
637.664 160.037 0.242334 0.0269934 0.726256
570.898 166.476 0.251109 0.0607961 0.741209
486.172 208.555 0.239978 0.0834886 0.677135
775.8 203.125 0.241712 -0.0305097 0.679559
489.725 148.16 0.21984 0.0803016 0.687658
491.935 199.678 0.236861 0.0808988 0.678368
829.458 146.233 0.222164 -0.0517959 0.688754
526.183 176.658 0.266522 0.0906087 0.766098
934.842 42.5452 0.199985 -0.111242 0.753428
506.512 291.473 0.287359 0.0874906 0.688754
490.514 337.068 0.395767 0.150379 0.790764
836.866 219.924 0.258259 -0.0605094 0.69463
893.851 158.334 0.243299 -0.0919077 0.724856
897.186 286.927 0.294496 -0.0941811 0.694083
826.574 150.844 0.231475 -0.0551712 0.706355
899.637 157.675 0.239814 -0.0916286 0.717213
929.864 121.024 0.221724 -0.0999339 0.712785
907.126 278.301 0.295015 -0.10161 0.7019
487.624 194.336 0.230454 0.0794097 0.670127
920.275 129.534 0.23152 -0.103252 0.729176
645.973 169.06 0.244868 0.0231862 0.721863
888.528 221.396 0.263156 -0.0862058 0.70111
927.717 197.011 0.253236 -0.103228 0.704616
843.894 218.091 0.251022 -0.0600486 0.682897
843.31 231.562 0.271023 -0.0678424 0.706722
694.336 208.071 0.246785 0.00208853 0.686596
700.12 195.895 0.209382 0.00162564 0.624729
773.928 153.209 0.231616 -0.0324414 0.705256
502.404 123.253 0.223159 0.0836389 0.722908
771.83 288.161 0.284536 -0.031784 0.681616
640.244 195.77 0.237275 0.023468 0.679745
634.334 149.095 0.221811 0.0250987 0.688786
491.593 127.619 0.225754 0.0893113 0.725035
623.753 277.511 0.262708 0.0308854 0.660507
546.529 152.932 0.226758 0.0613935 0.698464
739.745 109.469 0.213703 -0.0175912 0.707827
628.655 201.401 0.23203 0.0268611 0.665048
498.479 351.038 0.296483 0.0860831 0.658262
553.768 495.496 0.185508 0.0301309 0.488511
518.107 347.751 0.322364 0.0897185 0.690982
492.294 205.561 0.240317 0.0818656 0.680177
825.513 336.593 0.296123 -0.0531391 0.660772
551.659 207.393 0.242602 0.0592443 0.681921
826.455 155.021 0.234459 -0.0559956 0.709002
692.283 206.167 0.247488 0.00287411 0.689667
823.382 201.599 0.247987 -0.0528848 0.692113
509.085 163.075 0.236306 0.0809452 0.711336
889.913 341.312 0.326832 -0.0963912 0.692401
549.821 348.401 0.281397 0.0596909 0.640925
776.835 289.019 0.280283 -0.032822 0.674783
821.456 108.063 0.215195 -0.0522827 0.71216
514.825 293.36 0.293764 0.0866643 0.696335
763.63 168.126 0.256379 -0.0344011 0.747147
566.247 279.043 0.267954 0.0551475 0.668354
824.839 287.847 0.29197 -0.0584906 0.69135
905.917 281.457 0.299156 -0.10296 0.705249
806.634 16.1653 0.180037 -0.0429968 0.713617
834.369 530.179 0.170628 -0.00985689 0.466808
689.145 139.933 0.207865 0.00400325 0.663088
889.682 343.344 0.356282 -0.112372 0.72492
943.162 327.547 0.347301 -0.142986 0.727116
775.193 342.527 0.312348 -0.0345351 0.677094
862.87 140.951 0.249643 -0.0886399 0.764223
940.876 113.599 0.240761 -0.13377 0.778854
913.321 331.097 0.653499 -0.393017 1.08491
664.134 284.554 0.668224 0.0860624 1.29956
483.456 125.215 0.222138 0.0903274 0.718112
939.816 266.992 -0.0789299 0.026534 0.190641
882.148 177.044 0.281066 -0.113053 0.790432
885.266 274.991 0.288168 -0.0875408 0.695079
514.175 90.1331 0.224259 0.0897899 0.773865
768.578 158.172 0.239308 -0.0322253 0.718288
679.372 279.926 0.582362 0.0352418 1.16821
672.41 349.108 0.175024 0.0107889 0.510922
890.13 232.087 0.296983 -0.108761 0.751377
640.275 289.525 0.288526 0.0273965 0.689106
894.379 159.115 0.27042 -0.118467 0.791141
903.435 281.173 0.301932 -0.103685 0.709608
908.38 280.491 0.296165 -0.102401 0.701666
882.782 271.795 0.287745 -0.0868824 0.697204
824.541 195.723 0.240201 -0.0505499 0.68207
497.736 433.624 -0.0546613 0.0187805 0.225202
625.215 275.998 0.27144 0.0318717 0.674694
581.634 200.288 -0.0617167 0.0210946 0.210851
545.851 244.645 0.383438 0.1364 0.906374
686.112 229.395 0.125822 0.00929155 0.471696
669.464 287.302 0.750184 0.0956556 1.42769
480.246 123.659 0.219967 0.0901856 0.714016
851.166 121.703 0.225547 -0.0690815 0.724131
744.142 597.681 -0.076746 0.0240792 0.199299
615.325 474.713 -0.0731148 0.0223747 0.201809
768.733 288.251 0.289165 -0.0315011 0.688246
504.103 228.52 0.124552 0.0292164 0.470882
545.744 378.724 0.150487 0.027202 0.475895
572.07 277.678 0.277388 0.0560187 0.683468
942.187 254.637 0.310954 -0.141254 0.748772
799.686 135.657 0.151649 -0.0135059 0.542253
815.787 98.5812 0.129427 -0.0104467 0.510176
628.994 80.5208 0.220854 0.0322886 0.775508
818.187 218.858 0.274857 -0.0603649 0.726849
892.173 164.845 0.261243 -0.105274 0.759863
768.516 189.577 0.284444 -0.0434352 0.783289
816.959 167.323 0.256163 -0.0614485 0.746347
584.117 473.926 -0.0596489 0.0204855 0.219688
581.674 12.1753 -0.0595368 0.0211508 0.209518
773.787 111.899 0.215104 -0.0317396 0.708294
913.944 24.719 0.193589 -0.102035 0.759319
720.756 110.803 -0.128061 -0.185914 3.57356
