730.514 204.799 0.24382 -0.501644 4.93504
714.057 193.417 -0.102315 -0.134778 5.50084
721.887 119.012 -0.126773 -0.201242 3.6741
812.925 21.3111 0.180323 -0.0442829 0.71278
480.465 119.312 0.212303 0.0863252 0.702662
928.579 2.65266 0.180526 -0.0996918 0.744601
940.305 21.4207 0.185939 -0.102707 0.735112
807.626 51.8472 0.204512 -0.0536255 0.765037
925.349 10.2247 0.183634 -0.0992682 0.745536
733.773 122.677 0.223913 -0.0157742 0.725711
576.751 174.843 0.258492 0.0614894 0.753064
763.091 178.56 0.268764 -0.0361506 0.767422
915.485 143.611 0.243311 -0.108114 0.747122
842.528 136.457 0.231044 -0.0650918 0.725711
725.978 134.597 0.225135 -0.0116304 0.714965
868.101 186.981 0.286533 -0.104967 0.793645
698.032 173.638 0.258722 -0.000265218 0.752029
949.763 110.399 0.2343 -0.131442 0.768766
813.666 179.702 0.271613 -0.0651096 0.771115
898.137 127.415 0.227225 -0.0896206 0.725287
639.859 163.801 0.242532 0.0269088 0.726946
572.998 170.18 0.251307 0.0607115 0.7419
488.489 212.803 0.240176 0.083404 0.677826
778.365 207.101 0.241911 -0.0305943 0.680249
492.09 152.431 0.220038 0.0802171 0.688348
494.261 203.927 0.237059 0.0808142 0.679058
832.094 150.151 0.222363 -0.0518804 0.689445
528.177 180.212 0.26672 0.0905241 0.766788
937.289 46.005 0.200183 -0.111327 0.754119
508.626 295.431 0.287557 0.0874061 0.689445
492.147 340.146 0.395965 0.150294 0.791454
839.422 223.674 0.258457 -0.0605939 0.695321
896.362 161.85 0.243498 -0.0919923 0.725546
899.832 290.564 0.294694 -0.0942656 0.694774
829.086 154.597 0.231673 -0.0552558 0.707046
902.205 161.249 0.240012 -0.0917132 0.717904
932.532 124.658 0.221922 -0.100018 0.713476
909.751 281.864 0.295213 -0.101695 0.702591
490.002 198.685 0.230653 0.0793251 0.670817
922.82 133.032 0.231719 -0.103337 0.729866
648.184 172.831 0.245066 0.0231016 0.722554
891.145 225.039 0.263354 -0.0862904 0.701801
930.409 200.615 0.253434 -0.103313 0.705307
846.544 221.954 0.25122 -0.0601332 0.683588
845.794 235.18 0.271221 -0.067927 0.707412
696.738 212.042 0.246984 0.00200395 0.687287
703.007 200.611 0.20958 0.00154107 0.625419
776.37 157.021 0.231815 -0.032526 0.705947
504.649 127.268 0.223357 0.0835543 0.723599
774.288 292.011 0.284734 -0.0318686 0.682307
642.648 199.879 0.237474 0.0233834 0.680436
636.741 153.207 0.222009 0.0250142 0.689477
493.827 131.618 0.225952 0.0892267 0.725725
626.146 281.713 0.262907 0.0308008 0.661198
548.839 157.035 0.226956 0.061309 0.699155
742.171 113.376 0.213901 -0.0176757 0.708518
631.135 205.667 0.232228 0.0267765 0.665739
500.639 355.239 0.296681 0.0859985 0.658952
557.813 503.574 0.185706 0.0300463 0.489201
520.108 351.586 0.322562 0.089634 0.691673
494.601 209.779 0.240515 0.081781 0.680868
828.178 340.592 0.296322 -0.0532237 0.661462
553.973 211.537 0.2428 0.0591597 0.682611
828.947 158.744 0.234657 -0.0560802 0.709693
694.666 210.113 0.247686 0.00278954 0.690357
825.943 205.41 0.248185 -0.0529694 0.692804
511.316 167.081 0.236504 0.0808606 0.712027
892.517 344.93 0.327031 -0.0964758 0.693092
552.145 352.796 0.281596 0.0596063 0.641615
779.347 292.937 0.280482 -0.0329066 0.675473
823.953 111.844 0.215393 -0.0523673 0.712851
516.902 297.234 0.293963 0.0865797 0.697026
765.818 171.589 0.256578 -0.0344857 0.747838
568.532 283.194 0.268152 0.0550629 0.669045
827.338 291.562 0.292169 -0.0585752 0.69204
908.517 284.987 0.299355 -0.103044 0.70594
809.164 20.1378 0.180235 -0.0430814 0.714307
839.964 539.279 0.170827 -0.00994146 0.467499
691.778 144.269 0.208063 0.00391868 0.663779
892.095 346.666 0.35648 -0.112457 0.725611
945.717 330.829 0.347499 -0.143071 0.727807
777.626 346.368 0.312546 -0.0346197 0.677785
865.122 144.241 0.249841 -0.0887245 0.764913
943.194 116.754 0.240959 -0.133854 0.779545
914.805 332.816 0.653697 -0.393102 1.0856
665.035 286.103 0.668422 0.0859778 1.30025
485.724 129.283 0.222336 0.0902429 0.718803
935.691 257.453 -0.0787317 0.0264494 0.191332
884.298 180.087 0.281264 -0.113138 0.791123
887.883 278.637 0.288366 -0.0876254 0.695769
516.282 93.8793 0.224457 0.0897053 0.774556
770.932 161.87 0.239507 -0.0323099 0.718979
680.403 281.69 0.58256 0.0351572 1.1689
676.576 356.292 0.175223 0.0107043 0.511613
892.459 235.305 0.297181 -0.108846 0.752068
642.492 293.389 0.288724 0.0273119 0.689797
896.55 162.17 0.270618 -0.118552 0.791832
906.003 284.666 0.30213 -0.103769 0.710298
911.009 284.053 0.296364 -0.102485 0.702357
885.382 275.426 0.287943 -0.0869669 0.697895
827.177 199.64 0.240399 -0.0506345 0.682761
488.744 419.926 -0.054463 0.0186959 0.225893
627.521 280.042 0.271638 0.0317871 0.675385
573.595 187.986 -0.0615184 0.0210101 0.211542
547.368 247.312 0.383637 0.136315 0.907065
691.615 238.425 0.12602 0.00920698 0.472387
670.266 288.679 0.750382 0.095571 1.42838
482.534 127.767 0.220165 0.0901011 0.714706
853.626 125.329 0.225746 -0.0691661 0.724821
738.045 589.395 -0.0765478 0.0239947 0.19999
608.217 465.175 -0.0729165 0.0222902 0.202499
771.142 292.035 0.289364 -0.0315857 0.688936
509.09 237.746 0.12475 0.0291319 0.471573
550.373 387.531 0.150685 0.0271174 0.476586
574.274 281.666 0.277586 0.0559342 0.684158
944.643 257.806 0.311152 -0.141338 0.749462
803.901 141.943 0.151847 -0.0135904 0.542943
820.773 105.861 0.129626 -0.0105313 0.510867
631.069 84.144 0.221052 0.032204 0.776198
820.517 222.343 0.275055 -0.0604495 0.72754
894.488 168.094 0.261441 -0.105359 0.760553
770.528 192.756 0.284642 -0.0435198 0.783979
819.219 170.74 0.256361 -0.0615331 0.747038
575.76 461.36 -0.0594507 0.020401 0.220379
776.245 115.76 0.215303 -0.0318242 0.708985
916.33 28.2053 0.193787 -0.10212 0.76001
721.091 112.343 -0.127862 -0.185999 3.57425
