701.784 214.392 0.210392 -0.0110651 0.956083
613.05 215.373 0.210304 0.0658247 0.957111
787.702 183.5 0.1829 -0.0825303 0.951052
777.521 127.559 0.141268 -0.0721433 0.959657
698.584 52.6218 0.0909501 -0.011332 0.974295
878.858 49.4547 0.0894177 -0.144128 0.966694
535.331 135.514 0.143576 0.116445 0.955404
583.702 56.6613 0.0915992 0.0722635 0.964504
628.542 54.9509 0.0914261 0.0403218 0.969642
535.489 135.291 0.143529 0.116446 0.955875
480.043 68.9315 0.100332 0.1542 0.976922
862.286 105.907 0.128945 -0.14089 0.97289
731.771 188.337 0.187072 -0.0365488 0.953585
792.861 184.896 0.172517 -0.0801922 0.918279
494.796 111.074 0.133669 0.159835 0.996969
698.879 43.2578 0.0842281 -0.0116826 0.967165
628.902 49.2085 0.0877055 0.0396034 0.969247
884.538 76.0795 0.100935 -0.138193 0.927898
783.544 132.486 0.158678 -0.0879695 1.01974
838.042 189.462 0.191352 -0.127643 0.958745
751.442 214.343 0.212238 -0.0546098 0.958781
834.871 217.884 0.225868 -0.136074 0.980389
585.33 52.4732 0.0891548 0.0710403 0.966359
750.91 214.843 0.213102 -0.0542794 0.959791
855.866 197.386 0.204066 -0.149742 0.973641
865.488 102.198 0.124787 -0.140278 0.964972
514.116 143.677 0.09909 0.0754407 0.787909
575.043 216.97 0.214793 0.101511 0.966031
558.454 190.729 0.183116 0.103719 0.943489
571.926 216.322 0.202773 0.0954651 0.938282
788.749 214.718 0.209789 -0.0858309 0.950566
861.471 190.392 0.189174 -0.14453 0.949523
790.114 212.564 0.207082 -0.0864183 0.948637
790.948 215.241 0.209562 -0.0874013 0.948801
727.42 186.105 0.183023 -0.0325414 0.947533
855.264 244.9 0.245692 -0.153979 0.963329
858.983 112.16 0.135256 -0.141943 0.981554
754.404 215.362 0.209371 -0.0560945 0.94946
753.012 212.51 0.204661 -0.0541515 0.944243
757.198 214.491 0.201577 -0.0562411 0.932506
702.074 214.108 0.209914 -0.0113239 0.955532
701.23 216.333 0.209639 -0.0105685 0.950018
770.423 182.815 0.18099 -0.0676721 0.947828
480.841 68.0287 0.100205 0.154976 0.98068
528.534 163.092 0.163727 0.125756 0.952878
697.599 10.6587 0.0656976 -0.0109418 1.15193
491.637 130.555 0.109379 0.103413 0.841364
699.636 343.618 0.235306 -0.00789939 0.809007
609.128 215.49 0.204034 0.0657797 0.94171
789.056 252.545 0.24682 -0.0900056 0.952565
807.843 500.819 0.0782363 -0.0269629 0.558974
603.322 375.584 0.111851 0.0200033 0.637607
576.962 253.637 0.239232 0.0992632 0.943309
659.644 212.835 0.188945 0.0206015 0.909052
586.775 59.2637 0.0944077 0.0722801 0.973965
801.394 197.862 0.197815 -0.0968163 0.95782
832.04 412.938 0.472055 -0.169204 0.956967
664.358 215.866 0.205611 0.0201907 0.942693
580.885 333.853 0.492079 0.210516 1.1567
499.654 299.975 0.299913 0.193552 0.965837
867.737 119.56 0.139251 -0.14738 0.973253
840.153 215.013 0.213812 -0.132849 0.957651
831.191 295.653 0.284789 -0.130873 0.937667
495.196 119.644 0.13943 0.159576 0.992636
799.494 255.843 0.226425 -0.0887528 0.907035
828.267 261.727 0.265075 -0.132664 0.967598
489.172 101.738 0.124653 0.157612 0.985775
623.719 262.847 0.242037 0.0568312 0.929978
853.183 246.95 0.252783 -0.156459 0.973518
786.809 578.141 0.121332 -0.0266941 0.574707
565.648 499.56 0.366906 0.0972493 0.788182
738.051 185.31 0.178145 -0.0402041 0.935094
791.052 356.216 0.10981 -0.0347896 0.641992
604.757 216.266 0.203028 0.0685858 0.937822
753.671 253.431 0.23605 -0.0548401 0.931182
513.253 361.683 0.106786 0.0453036 0.638608
889.946 166.172 0.175656 -0.17239 0.969248
886.029 170.541 0.183576 -0.175733 0.983092
824.299 190.613 0.191354 -0.115345 0.956513
845.767 299.031 0.296889 -0.150353 0.94979
574.468 286.809 0.141748 0.0447201 0.731385
568.581 214.182 0.201483 0.0982884 0.939744
874.123 56.0323 0.0952179 -0.146083 0.980582
559.836 297.082 0.148114 0.0522457 0.733328
699.47 481.2 0.0812356 -0.00678396 0.56757
847.674 212.079 0.216652 -0.143832 0.971035
574.311 254.214 0.237784 0.100405 0.93945
843.078 296.601 0.299992 -0.150922 0.959033
790.327 213.992 0.203947 -0.0844852 0.938003
825.675 293.96 0.154543 -0.0663372 0.741059
579.583 306.312 0.291514 0.105814 0.938727
890.573 562.444 0.115646 -0.0499557 0.573918
882.901 294.458 0.176878 -0.105159 0.773171
888.397 168.499 0.179675 -0.174402 0.976024
745.905 261.062 0.253291 -0.0505011 0.94997
707.622 286.564 0.177882 -0.0131899 0.785991
849.732 258.866 0.250833 -0.144556 0.945728
572.853 256.421 0.238176 0.100968 0.936136
822.913 533.371 0.028196 -0.0200848 0.505732
925.774 478.441 0.0748696 -0.049122 0.560682
775.356 129.059 0.144122 -0.071702 0.96719
703.73 304.908 0.283167 -0.0110215 0.92421
667.818 290.824 0.582151 0.103096 1.46297
662.09 214.067 0.208522 0.0230339 0.953741
681.384 505.214 0.0719323 -0.00334354 0.552835
664.89 253.274 0.241364 0.0224296 0.945019
722.383 199.316 0.195655 -0.0286831 0.951759
571.309 487.009 0.079522 0.0180113 0.565235
860.056 188.326 0.184126 -0.139687 0.9404
827.742 290.551 0.157063 -0.0688173 0.747689
720.864 193.453 0.180346 -0.0261804 0.92397
755.525 184.586 0.177542 -0.0539104 0.934378
767.78 363.909 0.14225 -0.0327884 0.677986
693.704 342.708 0.190031 -0.00526115 0.752657
875.316 55.3778 0.0939185 -0.144283 0.972765
836.779 188.306 0.189341 -0.125516 0.955929
572.646 468.407 0.0833805 0.0189542 0.57404
584.059 307.099 0.294167 0.102676 0.941215
846.597 272.637 0.373744 -0.229753 1.14218
612.184 363.732 0.102657 0.0162389 0.631575
692.37 134.825 0.144311 -0.00513951 0.953652
836.014 432.621 0.180257 -0.0620648 0.679992
612.342 253.778 0.23838 0.0676681 0.940086
835.889 431.26 0.18143 -0.0624998 0.681864
775.34 296.454 0.149095 -0.0419082 0.731736
793.689 261.771 0.259038 -0.0964562 0.95756
892.018 417.825 0.219322 -0.103875 0.725737
791.138 386.789 0.0616869 -0.0244259 0.572374
637.584 290.858 0.175068 0.0239472 0.778764
703.729 475.381 0.0803345 -0.00764715 0.568231
572.631 255.591 0.237273 0.100935 0.935928
764.558 137.646 0.17233 -0.0770417 1.06406
773.948 123.503 0.135331 -0.0671789 0.946995
654.651 261.951 0.239717 0.0298185 0.926186
843.001 298.572 0.304655 -0.152717 0.962565
608.245 212.591 0.199892 0.0652714 0.937741
579.027 306.493 0.290301 0.105609 0.936617
787.656 573.452 0.122771 -0.0272183 0.57707
811.699 186.034 0.183765 -0.10159 0.946553
637.442 288.693 0.176926 0.0245877 0.783805
706.581 377.628 0.109756 -0.00975392 0.633167
692.154 555.372 0.127729 -0.00481905 0.586815
701.795 374.855 0.111024 -0.00844019 0.635935
866.635 120.677 0.140297 -0.146985 0.974231
553.755 189.895 0.179251 0.104424 0.934729
578.088 521.632 0.0669138 0.0139092 0.545046
536.029 135.087 0.143303 0.115884 0.95554
852.662 365.153 0.142438 -0.0633994 0.67642
755.718 179.66 0.168646 -0.052142 0.91995
638.32 36.661 0.0872092 0.0494691 1.11915
527.515 165.56 0.163854 0.124801 0.946944
567.561 194.853 0.190389 0.100291 0.953848
910.286 312.567 0.487787 -0.398564 1.19389
823.601 542.313 0.0267732 -0.0197743 0.503028
572.649 249.276 0.225354 0.0958883 0.92397
709.114 260.447 0.246237 -0.0166553 0.939218
788.296 191.053 0.187597 -0.0826925 0.946458
787.19 340.189 0.336288 -0.0942729 0.93677
746.377 259.237 0.24067 -0.0486114 0.929659
481.483 240.356 0.235011 0.189826 0.96491
618.585 357.687 0.110014 0.0158694 0.643384
779.262 289.019 0.111708 -0.0356087 0.680548
810.134 186.434 0.185376 -0.101256 0.950242
777.92 128.854 0.142398 -0.0726441 0.960346
856.573 353.112 0.111895 -0.0549854 0.645349
885.903 556.52 0.11772 -0.0498105 0.577197
763.026 284.719 0.136498 -0.034986 0.721776
667.581 244.009 0.21745 0.0167244 0.914305
706.194 292.876 0.196265 -0.0126128 0.808111
831.009 294.932 0.283779 -0.13046 0.937349
494.291 220.075 -0.204453 0.00198788 0.225027
813.136 379.686 0.0553674 -0.0275003 0.566708
673.041 310.549 0.692285 0.108773 1.52648
490.037 202.06 -0.205135 0.0020654 0.223901
786.157 405.579 -0.200151 0.00402643 0.233792
516.578 238.898 0.193397 0.119399 0.87844
658.614 261.902 0.246358 0.0279027 0.93855
627.186 53.7713 0.0898157 0.0402541 0.96219
790.938 544.329 -0.197567 0.00389131 0.240073
734.949 285.146 0.51566 -0.0806638 1.36472
666.695 306.131 0.290247 0.0236026 0.93405
778.836 140.349 -0.185079 0.00347484 0.249316
698.891 59.2791 0.101546 -0.011441 1.03634
701.565 375.969 0.110563 -0.00835861 0.634898
851.222 102.373 0.141798 -0.162531 1.06943
706.66 116.595 0.157518 -0.0197448 1.9138
557.575 191.638 0.184451 0.105121 0.945174
700.388 213.652 0.205484 -0.0099283 0.945763
700.838 214.92 0.201681 -0.0103294 0.933899
903.138 4.13574 0.0633187 -0.207495 1.10233
501.179 308.363 0.380301 0.26481 1.07245
712.207 290.614 0.673504 -0.0260253 1.62809
681.067 498.968 0.0846482 -0.00307506 0.566205
835.701 304.081 0.303206 -0.141734 0.950711
760.334 282.785 0.139467 -0.0345703 0.727948
487.581 95.0822 0.123447 0.167365 1.00903
624.34 142.697 0.149942 0.0484913 0.95559
789.378 215.626 0.216716 -0.0895729 0.965301
835.41 216.577 0.221684 -0.134021 0.973316
698.107 52.8331 0.0912707 -0.010972 0.976038
585.558 62.7062 0.0963643 0.0730353 0.97152
628.061 58.7246 0.0939106 0.0409973 0.970028
662.189 214.3 0.208994 0.0230277 0.954381
489.513 102.684 0.12549 0.15789 0.986592
536.951 137.694 0.146506 0.117359 0.960667
