729.194 207.134 0.244398 -0.501031 4.93576
712.925 195.906 -0.101737 -0.134165 5.50156
719.99 123.046 -0.126195 -0.200629 3.67483
803.711 32.977 0.180901 -0.0436702 0.713503
919.152 13.8355 0.181105 -0.0990791 0.745323
930.841 32.5375 0.186517 -0.102094 0.735835
799.457 62.1675 0.20509 -0.0530128 0.76576
916.018 21.298 0.184212 -0.0986555 0.746259
725.73 133.112 0.224492 -0.0151615 0.726434
569.425 184.561 0.25907 0.0621021 0.753786
756.037 187.625 0.269342 -0.0355379 0.768145
907.397 153.12 0.243889 -0.107502 0.747845
834.352 146.584 0.231622 -0.0644791 0.726433
717.849 145.172 0.225713 -0.0110177 0.715688
861.157 195.334 0.287111 -0.104354 0.794367
690.787 183.152 0.2593 0.000347484 0.752751
941.458 119.848 0.234879 -0.130829 0.769488
806.566 188.596 0.272191 -0.0644969 0.771838
889.674 137.555 0.227803 -0.0890079 0.72601
632.145 174.015 0.24311 0.0275215 0.727669
565.469 180.16 0.251886 0.0613242 0.742622
770.1 217.794 0.242489 -0.0299816 0.680972
483.303 163.946 0.220617 0.0808298 0.689071
485.551 215.356 0.237637 0.0814269 0.679781
823.443 161.003 0.222941 -0.0512677 0.690168
520.954 189.728 0.267298 0.0911368 0.767511
928.308 56.4794 0.200761 -0.110714 0.754841
500.664 306.033 0.288135 0.0880188 0.690167
485.779 348.541 0.396543 0.150907 0.792177
831.499 233.683 0.259035 -0.0599812 0.696043
888.218 171.629 0.244076 -0.0913796 0.726269
892.396 299.838 0.295272 -0.0936529 0.695496
820.796 164.982 0.232251 -0.0546431 0.707769
893.917 171.186 0.24059 -0.0911005 0.718627
923.714 135.026 0.2225 -0.0994058 0.714199
902.336 290.991 0.295792 -0.101082 0.703313
481.072 210.394 0.231231 0.0799378 0.67154
914.366 142.979 0.232297 -0.102724 0.730589
640.46 183.054 0.245644 0.0237143 0.723276
883.222 234.747 0.263932 -0.0856777 0.702523
922.18 210.382 0.254013 -0.1027 0.706029
838.374 232.261 0.251798 -0.0595205 0.68431
838.17 244.779 0.271799 -0.0673143 0.708135
688.672 222.703 0.247562 0.00261666 0.68801
693.394 213.304 0.210158 0.00215377 0.626142
768.188 167.508 0.232393 -0.0319133 0.70667
496.439 138.075 0.223935 0.084167 0.724322
766.782 301.988 0.285313 -0.0312559 0.68303
634.311 210.946 0.238052 0.0239961 0.681158
628.27 164.405 0.222587 0.0256269 0.6902
485.642 142.364 0.22653 0.0898394 0.726448
617.93 292.823 0.263485 0.0314136 0.661921
540.446 168.126 0.227534 0.0619217 0.699877
733.752 124.269 0.214479 -0.017063 0.709241
622.503 217.14 0.232806 0.0273892 0.666461
492.354 366.466 0.29726 0.0866112 0.659675
543.713 523.87 0.186284 0.030659 0.489924
512.554 361.846 0.323141 0.0902467 0.692396
485.96 221.12 0.241094 0.0823937 0.681591
820.679 350.627 0.2969 -0.052611 0.662185
545.575 222.675 0.243378 0.0597724 0.683334
820.737 169.028 0.235235 -0.0554675 0.710415
686.645 220.713 0.248264 0.00340225 0.69108
817.84 215.676 0.248763 -0.0523567 0.693527
503.115 177.861 0.237082 0.0814733 0.71275
885.614 353.828 0.327609 -0.0958631 0.693814
543.699 364.399 0.282174 0.060219 0.642338
771.713 303.079 0.28106 -0.0322939 0.676196
815.422 122.529 0.215972 -0.0517546 0.713573
509.129 307.608 0.294541 0.0871924 0.697749
758.435 181.072 0.257156 -0.033873 0.74856
560.33 294.238 0.26873 0.0556756 0.669767
819.985 301.121 0.292747 -0.0579625 0.692763
901.191 294.011 0.299933 -0.102432 0.706662
799.98 31.7865 0.180814 -0.0424687 0.71503
825.278 560.844 0.171405 -0.00932876 0.468222
682.716 156.156 0.208641 0.00453138 0.664502
885.736 354.794 0.357058 -0.111844 0.726333
939.086 338.848 0.348078 -0.142458 0.72853
770.512 356.077 0.313124 -0.034007 0.678508
857.482 153.503 0.250419 -0.0881118 0.765636
935.106 125.964 0.241538 -0.133242 0.780267
910.94 336.832 0.654275 -0.392489 1.08633
662.003 290.199 0.669 0.0865905 1.30097
950.095 236.863 -0.0781536 0.0270621 0.192054
877.201 188.518 0.281842 -0.112525 0.791845
880.376 288.025 0.288944 -0.0870126 0.696492
508.739 103.913 0.225035 0.090318 0.775279
763.02 172.026 0.240085 -0.0316972 0.719701
676.943 286.349 0.583138 0.0357699 1.16962
663.256 374.7 0.175801 0.011317 0.512335
691.995 2.05177 0.20097 -0.00740837 1.07151
885.371 243.848 0.297759 -0.108233 0.75279
634.991 303.572 0.289302 0.0279246 0.690519
889.248 170.755 0.271196 -0.117939 0.792554
898.75 293.598 0.302708 -0.103157 0.711021
903.608 293.163 0.296942 -0.101872 0.70308
877.886 284.796 0.288521 -0.0863542 0.698618
818.832 210.216 0.240977 -0.0500218 0.683483
513.065 386.914 -0.0538849 0.0193086 0.226616
619.604 290.743 0.272216 0.0323998 0.676108
593.152 159.806 -0.0609403 0.0216228 0.212265
541.963 254.418 0.384215 0.136928 0.907788
673.82 262.318 0.126598 0.00981968 0.47311
667.576 292.315 0.750961 0.0961837 1.42911
845.307 135.571 0.226324 -0.0685534 0.725544
602.793 6.41809 0.187833 0.0430679 0.813764
754.63 567.66 -0.0759697 0.0246074 0.200712
625.148 441.989 -0.0723384 0.0229029 0.203222
763.764 301.846 0.289942 -0.030973 0.689659
490.641 262.356 0.125329 0.0297446 0.472296
533.985 410.172 0.151263 0.0277301 0.477309
566.393 292.277 0.278164 0.0565469 0.684881
937.545 266.051 0.31173 -0.140726 0.750185
790.625 159.161 0.152425 -0.0129777 0.543666
805.212 126.017 0.130204 -0.00991858 0.51159
623.61 94.1073 0.22163 0.0328167 0.776921
813.153 231.668 0.275633 -0.0598368 0.728262
886.884 177.136 0.262019 -0.104746 0.761276
763.782 201.399 0.285221 -0.0429071 0.784702
811.71 180.145 0.256939 -0.0609204 0.74776
598.235 430.839 -0.0588725 0.0210137 0.221101
767.794 126.566 0.215881 -0.0312115 0.709707
907.391 38.8113 0.194366 -0.101507 0.760732
719.142 116.507 -0.127284 -0.185386 3.57498
