728.497 208.102 0.244645 -0.500827 4.93568
712.323 196.9 -0.10149 -0.133961 5.50148
718.998 124.698 -0.125948 -0.200425 3.67475
797.782 38.0938 0.181148 -0.0434661 0.713422
913.088 18.8895 0.181352 -0.098875 0.745242
924.705 37.547 0.186764 -0.10189 0.735754
794.237 66.6711 0.205337 -0.0528088 0.765679
910.01 26.2913 0.184459 -0.0984514 0.746178
720.528 137.512 0.224739 -0.0149574 0.726353
564.796 188.491 0.259317 0.0623062 0.753705
751.43 191.417 0.269589 -0.0353338 0.768063
902.021 157.255 0.244136 -0.107298 0.747764
828.957 150.926 0.231869 -0.064275 0.726352
712.578 149.609 0.22596 -0.0108136 0.715607
856.554 198.902 0.287358 -0.10415 0.794286
686.105 187.087 0.259547 0.000551563 0.75267
935.998 124.038 0.235125 -0.130625 0.769407
801.89 192.354 0.272438 -0.0642928 0.771756
884.058 141.96 0.22805 -0.0888038 0.725929
627.205 178.207 0.243357 0.0277256 0.727588
560.714 184.2 0.252133 0.0615283 0.742541
764.574 222.222 0.242736 -0.0297775 0.680891
480.085 219.91 0.237884 0.081631 0.6797
817.682 165.614 0.223188 -0.0510637 0.690087
516.434 193.536 0.267545 0.0913409 0.76743
922.484 61.1806 0.201008 -0.11051 0.75476
495.617 310.187 0.288382 0.0882228 0.690086
481.775 351.795 0.39679 0.151111 0.792096
826.126 237.847 0.259282 -0.0597771 0.695962
882.765 175.832 0.244323 -0.0911755 0.726188
887.184 303.639 0.295519 -0.0934488 0.695415
815.292 169.393 0.232498 -0.054439 0.707687
888.355 175.459 0.240837 -0.0908964 0.718546
917.822 139.556 0.222747 -0.0992017 0.714118
897.149 294.752 0.296039 -0.100878 0.703232
908.736 147.315 0.232544 -0.10252 0.730508
635.496 187.246 0.245891 0.0239184 0.723195
877.799 238.82 0.264179 -0.0854736 0.702442
916.556 214.542 0.25426 -0.102496 0.705948
832.818 236.553 0.252045 -0.0593164 0.684229
832.987 248.766 0.272046 -0.0671102 0.708054
683.374 227.061 0.247809 0.00282074 0.687928
687.021 218.504 0.210405 0.00235785 0.626061
762.802 171.92 0.23264 -0.0317092 0.706588
491.331 142.442 0.224182 0.0843711 0.724241
761.667 306.01 0.28556 -0.0310518 0.682948
628.907 215.449 0.238299 0.0242002 0.681077
622.83 169.012 0.222834 0.0258309 0.690119
480.559 146.693 0.226777 0.0900435 0.726367
612.548 297.242 0.263732 0.0316176 0.661839
535.153 172.62 0.227781 0.0621257 0.699796
728.293 128.878 0.214726 -0.016859 0.70916
616.907 221.796 0.233053 0.0275933 0.66638
487.07 370.817 0.297506 0.0868153 0.659594
534.205 531.451 0.186531 0.0308631 0.489843
507.726 365.829 0.323388 0.0904507 0.692314
480.535 225.634 0.241341 0.0825978 0.68151
815.412 354.624 0.297147 -0.0524069 0.662104
540.232 227.14 0.243625 0.0599765 0.683253
815.285 173.393 0.235482 -0.0552634 0.710334
681.384 225.048 0.248511 0.00360632 0.690999
812.383 219.963 0.24901 -0.0521526 0.693445
497.983 182.19 0.237329 0.0816774 0.712668
880.685 357.394 0.327856 -0.095659 0.693733
538.22 368.91 0.282421 0.0604231 0.642257
766.499 307.167 0.281307 -0.0320898 0.676115
809.824 127.12 0.216219 -0.0515505 0.713492
504.192 311.672 0.294788 0.0873965 0.697667
753.604 185.045 0.257403 -0.0336689 0.748479
555.042 298.603 0.268977 0.0558797 0.669686
814.913 305.003 0.292994 -0.0577584 0.692682
896.064 297.725 0.30018 -0.102228 0.706581
794.077 36.8939 0.181061 -0.0422646 0.714949
814.382 568.815 0.171652 -0.00912468 0.46814
676.814 161.098 0.208888 0.00473546 0.66442
881.2 358.056 0.357305 -0.11164 0.726252
934.332 342.108 0.348325 -0.142254 0.728449
765.586 359.923 0.313371 -0.0338029 0.678427
852.455 157.498 0.250666 -0.0879077 0.765555
929.796 130.041 0.241785 -0.133038 0.780186
908.235 338.499 0.654522 -0.392285 1.08624
660.063 291.827 0.669247 0.0867946 1.30089
872.494 192.139 0.282089 -0.112321 0.791764
875.149 291.884 0.289191 -0.0868086 0.696411
504.071 107.985 0.225282 0.0905221 0.775197
757.824 176.292 0.240332 -0.0314931 0.71962
674.718 288.214 0.583385 0.035974 1.16954
654.119 381.868 0.176048 0.0115211 0.512254
688.673 5.49778 0.201217 -0.00720429 1.07142
880.545 247.44 0.298006 -0.108029 0.752709
630.062 307.617 0.289549 0.0281287 0.690438
884.425 174.472 0.271443 -0.117735 0.792473
893.681 297.276 0.302955 -0.102953 0.71094
898.426 296.915 0.297189 -0.101668 0.702999
872.676 288.652 0.288768 -0.0861502 0.698536
813.208 214.637 0.241224 -0.0498177 0.683402
950.707 265.787 0.137679 -0.0274477 0.488144
536.46 374.919 -0.0536379 0.0195127 0.226534
614.425 295.002 0.272463 0.0326039 0.676026
614.469 150.411 -0.0606933 0.0218268 0.212183
538.568 257.21 0.384462 0.137132 0.907706
661.593 271.898 0.126845 0.0100238 0.473028
665.857 293.759 0.751208 0.0963878 1.42902
839.822 139.984 0.226571 -0.0683493 0.725463
598.206 10.7479 0.18808 0.0432719 0.813683
774.669 559.703 -0.0757227 0.0248114 0.200631
645.681 433.95 -0.0720914 0.0231069 0.203141
758.744 305.802 0.290189 -0.0307689 0.689578
523.024 418.861 0.15151 0.0279342 0.477227
561.314 296.475 0.278411 0.0567509 0.6848
932.627 269.519 0.311977 -0.140522 0.750104
781.537 166.36 0.152672 -0.0127737 0.543585
794.466 134.504 0.130451 -0.0097145 0.511509
618.928 98.26 0.221877 0.0330208 0.77684
808.205 235.549 0.27588 -0.0596327 0.728181
881.823 181.03 0.262266 -0.104542 0.761195
759.365 205.008 0.285467 -0.042703 0.784621
806.751 184.127 0.257186 -0.0607163 0.747679
620.597 419.821 -0.0586256 0.0212177 0.22102
762.282 131.164 0.216128 -0.0310074 0.709626
901.64 43.5733 0.194613 -0.101303 0.760651
718.122 118.212 -0.127037 -0.185182 3.5749
