693.888 226.234 0.210694 -0.00998802 0.955349
605.703 227.515 0.210606 0.0669018 0.956377
778.591 195.772 0.183201 -0.0814532 0.950318
767.957 140.983 0.14157 -0.0710662 0.958923
689.321 67.7642 0.0912518 -0.0102549 0.973561
866.921 64.5849 0.0897194 -0.143051 0.96596
527.752 149.452 0.143878 0.117522 0.95467
575.443 72.0432 0.091901 0.0733406 0.96377
619.957 70.2139 0.0917278 0.0413989 0.968908
527.914 149.225 0.143831 0.117523 0.955141
851.445 119.448 0.129247 -0.139813 0.972155
723.315 200.644 0.187373 -0.0354717 0.952851
783.276 197.762 0.172818 -0.0791151 0.917544
487.67 124.834 0.133971 0.160912 0.996235
689.438 58.7661 0.0845298 -0.0106055 0.966431
620.263 64.6177 0.0880072 0.0406805 0.968512
872.376 91.1945 0.101237 -0.137115 0.927164
774.632 144.795 0.15898 -0.0868924 1.01901
828.506 201.294 0.191654 -0.126566 0.958011
743.167 225.951 0.21254 -0.0535327 0.958047
826.017 228.733 0.22617 -0.134997 0.979655
577.051 67.9162 0.0894566 0.0721174 0.965625
742.657 226.424 0.213404 -0.0532023 0.959057
846.386 208.723 0.204367 -0.148665 0.972907
854.455 115.964 0.125089 -0.139201 0.964237
504.14 162.076 0.0993917 0.0765178 0.787175
567.946 229.067 0.215094 0.102588 0.965297
550.99 203.776 0.183417 0.104796 0.942755
564.53 228.965 0.203075 0.0965422 0.937548
780.014 226.325 0.21009 -0.0847538 0.949832
851.529 202.291 0.189476 -0.143453 0.948789
781.313 224.247 0.207384 -0.0853412 0.947903
782.175 226.862 0.209864 -0.0863242 0.948067
718.904 198.587 0.183325 -0.0314643 0.946799
846.356 255.385 0.245994 -0.152902 0.962594
848.375 125.402 0.135558 -0.140866 0.980819
746 227.107 0.209673 -0.0550174 0.948726
744.522 224.416 0.204963 -0.0530744 0.943509
748.541 226.566 0.201879 -0.0551641 0.931772
694.167 225.964 0.210216 -0.0102468 0.954798
693.286 228.251 0.209941 -0.00949143 0.949284
761.45 195.218 0.181291 -0.066595 0.947094
521.109 176.564 0.164029 0.126833 0.952144
689.617 24.497 0.0659993 -0.00986473 1.1512
482.684 147.49 0.109681 0.10449 0.84063
690.926 356.625 0.235608 -0.0068223 0.808272
601.623 227.936 0.204335 0.0668568 0.940976
780.831 263.353 0.247122 -0.0889285 0.951831
788.706 526.39 0.078538 -0.0258858 0.55824
590.099 396.978 0.112153 0.0210804 0.636873
569.871 265.539 0.239534 0.10034 0.942575
651.424 225.805 0.189247 0.0216785 0.908318
578.62 74.4025 0.0947094 0.0733572 0.973231
792.395 209.651 0.198117 -0.0957392 0.957086
825.924 420.782 0.472357 -0.168127 0.956233
656.572 228.073 0.205913 0.0212678 0.941959
691.225 12.7993 0.0550124 -0.0117535 1.17465
575.943 341.865 0.492381 0.211593 1.15597
493.046 311.203 0.300214 0.19463 0.965102
857.002 132.734 0.139553 -0.146303 0.972519
830.93 226.292 0.214114 -0.131772 0.956917
822.973 305.711 0.285091 -0.129795 0.936933
488.064 133.308 0.139731 0.160654 0.991902
790.606 267.425 0.226727 -0.0876757 0.9063
819.957 271.918 0.265376 -0.131586 0.966864
481.917 115.896 0.124954 0.158689 0.985041
616.408 274.644 0.242339 0.0579083 0.929244
844.449 257.23 0.253085 -0.155382 0.972784
770.865 600.054 0.121633 -0.025617 0.573973
558.393 512.255 0.367208 0.0983264 0.787448
729.269 198.013 0.178446 -0.039127 0.93436
776.171 376.512 0.110112 -0.0337125 0.641257
597.23 228.791 0.20333 0.0696629 0.937087
954.859 167.705 0.202474 -0.314334 1.09512
745.499 264.778 0.236351 -0.0537631 0.930448
500.471 383.844 0.107088 0.0463807 0.637874
879.489 178.203 0.175957 -0.171313 0.968514
875.85 182.248 0.183878 -0.174656 0.982358
814.921 202.505 0.191656 -0.114268 0.955778
837.609 308.731 0.297191 -0.149276 0.949056
563.966 304.431 0.142049 0.0457972 0.730651
561.197 226.846 0.201785 0.0993655 0.93901
862.513 70.7524 0.0955196 -0.145006 0.979848
549.55 314.503 0.148416 0.0533228 0.732594
682.048 506.838 0.0815373 -0.00570687 0.566836
838.477 223.162 0.216954 -0.142755 0.970301
567.186 266.192 0.238086 0.101483 0.938715
835.023 306.2 0.300294 -0.149845 0.958298
781.407 225.844 0.204248 -0.0834081 0.937269
813.559 309.662 0.154845 -0.0652601 0.740325
572.817 317.511 0.291816 0.106891 0.937993
873.222 583.946 0.115948 -0.0488786 0.573184
871.056 308.56 0.177179 -0.104082 0.772437
878.074 180.364 0.179976 -0.173325 0.97529
738.126 271.949 0.253593 -0.049424 0.949236
697.678 301.291 0.178184 -0.0121128 0.785257
840.879 269.401 0.251135 -0.143479 0.944994
565.71 268.435 0.238478 0.102045 0.935402
796.163 568.497 0.0284978 -0.0190077 0.504998
904.91 503.48 0.0751714 -0.0480449 0.559948
765.927 142.317 0.144424 -0.0706249 0.966456
696.413 315.733 0.283469 -0.00994438 0.923476
663.973 296.718 0.582453 0.104173 1.46224
654.434 226.109 0.208824 0.024111 0.953007
663.019 532.529 0.072234 -0.00226645 0.552101
657.489 264.757 0.241666 0.0235067 0.944285
714.109 211.463 0.195956 -0.027606 0.951025
554.883 513.759 0.0798237 0.0190884 0.564501
849.988 200.447 0.184428 -0.13861 0.939666
815.753 306.032 0.157365 -0.0677402 0.746955
712.182 206.269 0.180648 -0.0251033 0.923236
746.555 197.259 0.177844 -0.0528333 0.933644
754.985 381.713 0.142551 -0.0317113 0.677252
683.708 357.716 0.190333 -0.00418406 0.751923
863.589 70.2449 0.0942202 -0.143206 0.972031
827.209 200.219 0.189642 -0.124439 0.955195
556.717 494.404 0.0836822 0.0200313 0.573306
577.323 318.218 0.294469 0.103753 0.94048
839.81 280.27 0.374046 -0.228675 1.14145
598.449 385.809 0.102959 0.017316 0.630841
683.718 148.406 0.144613 -0.00406242 0.952918
823.767 448.483 0.180559 -0.0609877 0.679258
605.115 265.58 0.238681 0.0687452 0.939352
823.701 447.043 0.181731 -0.0614227 0.68113
763.484 312.79 0.149397 -0.0408311 0.731002
785.604 272.291 0.25934 -0.0953791 0.956825
880.742 431.289 0.219624 -0.102798 0.725003
771.645 413.515 0.0619886 -0.0233488 0.57164
627.973 306.13 0.17537 0.0250243 0.77803
686.237 501.037 0.0806363 -0.00657005 0.567497
565.48 267.624 0.237575 0.102012 0.935194
756.346 149.263 0.172631 -0.0759646 1.06333
764.221 137.269 0.135633 -0.0661018 0.946261
647.155 273.694 0.240019 0.0308956 0.925451
835.02 308.075 0.304957 -0.15164 0.961831
600.673 225.171 0.200194 0.0663485 0.937007
572.241 317.732 0.290603 0.106686 0.935883
771.836 595.183 0.123073 -0.0261412 0.576335
802.288 198.254 0.184067 -0.100512 0.945818
627.923 303.824 0.177228 0.0256648 0.78307
692.344 398.68 0.110058 -0.00867683 0.632432
677.605 577.177 0.12803 -0.00374196 0.58608
687.715 395.772 0.111326 -0.0073631 0.635201
855.943 133.808 0.140599 -0.145907 0.973497
546.202 203.149 0.179553 0.105501 0.933995
560.086 550.562 0.0672155 0.0149863 0.544312
528.446 149.03 0.143605 0.116961 0.954806
838.971 382.495 0.14274 -0.0623224 0.675685
746.492 192.732 0.168948 -0.051065 0.919216
630.945 50.1783 0.0875109 0.0505462 1.11842
520.042 179.106 0.164155 0.125878 0.94621
560.209 207.593 0.190691 0.101368 0.953113
903.691 318.665 0.488088 -0.397487 1.19316
796.449 577.9 0.0270749 -0.0186972 0.502294
565.316 261.648 0.225656 0.0969654 0.923236
701.458 271.712 0.246539 -0.0155782 0.938483
779.215 203.243 0.187899 -0.0816154 0.945723
779.978 349.741 0.33659 -0.0931958 0.936036
738.316 270.537 0.240972 -0.0475343 0.928925
605.332 378.904 0.110316 0.0169464 0.64265
765.386 308.231 0.112009 -0.0345316 0.679814
800.794 198.582 0.185678 -0.100179 0.949507
768.375 142.235 0.1427 -0.071567 0.959611
841.091 372.82 0.112196 -0.0539083 0.644615
868.804 577.806 0.118022 -0.0487334 0.576463
750.806 301.841 0.136799 -0.0339089 0.721042
659.686 256.251 0.217751 0.0178015 0.913571
696.819 306.76 0.196567 -0.0115357 0.807377
822.779 305.01 0.284081 -0.129383 0.936615
552.88 138.606 -0.204151 0.00306497 0.224293
792.668 407.263 0.0556691 -0.0264232 0.565974
563.133 0.768471 0.0486689 0.0767158 0.974684
669.549 315.893 0.692586 0.10985 1.52575
549.784 120.726 -0.204833 0.00314249 0.223167
829.408 319.569 -0.199849 0.00510353 0.233058
508.725 252.703 0.193699 0.120476 0.877706
651.251 273.387 0.24666 0.0289798 0.937816
618.514 69.2045 0.0901175 0.0413312 0.961456
835.229 456.313 -0.197265 0.0049684 0.239339
730.468 291.348 0.515961 -0.0795867 1.36399
659.68 316.949 0.290549 0.0246797 0.933315
823.899 62.684 -0.184778 0.00455193 0.248582
843.358 8.3639 0.0561133 -0.142698 1.04874
690.356 73.2585 0.101848 -0.0103639 1.0356
687.446 396.947 0.110865 -0.00728152 0.634164
841.456 114.627 0.1421 -0.161454 1.06869
702.302 124.131 0.15782 -0.0186677 1.91306
550.139 204.638 0.184752 0.106198 0.94444
692.37 225.706 0.205786 -0.00885121 0.945029
692.681 227.176 0.201983 -0.00925226 0.933165
924.875 630.143 -0.174682 0.00483708 0.276686
891.416 18.7206 0.0636205 -0.206418 1.10159
495.352 317.962 0.380603 0.265887 1.07172
708.74 295.591 0.673805 -0.0249483 1.62735
663.964 524.51 0.0849499 -0.00199797 0.56547
827.731 313.725 0.303508 -0.140657 0.949977
748.315 299.667 0.139769 -0.0334932 0.727214
480.526 108.975 0.123748 0.168442 1.0083
956.257 189.462 0.224797 -0.318947 1.08588
616.325 156.249 0.150244 0.0495683 0.954856
780.826 226.949 0.217018 -0.0884958 0.964567
826.452 227.57 0.221985 -0.132944 0.972582
688.872 67.9398 0.0915724 -0.0098949 0.975304
577.408 77.8117 0.096666 0.0741124 0.970786
619.514 73.8902 0.0942123 0.0420744 0.969294
654.541 226.326 0.209296 0.0241048 0.953647
482.268 116.807 0.125792 0.158967 0.985858
529.437 151.484 0.146808 0.118436 0.959933
