728.115 210.55 0.244905 -0.500623 4.93474
712.095 199.624 -0.101191 -0.133734 5.50126
718.509 128.576 -0.125571 -0.199714 3.66577
796.122 52.6849 0.181494 -0.043305 0.71371
910.333 32.7992 0.181871 -0.098866 0.74609
922.384 51.0649 0.186974 -0.101705 0.735675
792.923 79.1792 0.205382 -0.0525692 0.765162
908.066 39.5118 0.184443 -0.0981762 0.745502
719.321 150.317 0.22447 -0.0145062 0.724985
564.561 200.254 0.259187 0.0624228 0.752868
750.824 202.2 0.269647 -0.0352175 0.767774
901.884 168.179 0.243174 -0.106875 0.745419
827.815 163.147 0.231999 -0.0641272 0.726145
711.943 163.346 0.22846 -0.0109624 0.72023
855.545 208.752 0.287426 -0.103997 0.794035
685.429 198.596 0.259747 0.000809697 0.752533
933.532 135.486 0.235752 -0.130657 0.770364
801.147 202.938 0.272235 -0.0640495 0.77086
882.495 154.231 0.228249 -0.0886335 0.725828
626.694 190.607 0.243532 0.0279921 0.72744
560.501 196.234 0.252115 0.0617024 0.742041
763.788 235.156 0.242773 -0.0295586 0.680471
817.924 177.212 0.221375 -0.0506845 0.687014
516.711 205.022 0.267851 0.0915283 0.767568
920.511 73.7107 0.201073 -0.110268 0.754321
494.911 322.806 0.287848 0.0883356 0.688742
824.278 250.663 0.260663 -0.0596236 0.69721
881.547 187.399 0.244187 -0.0908888 0.725588
885.428 314.964 0.296584 -0.0932971 0.696285
814.638 181.928 0.232173 -0.0542109 0.706476
887.082 187.566 0.240898 -0.0906512 0.718021
916.012 151.827 0.222793 -0.0989552 0.713957
895.447 305.689 0.297072 -0.100848 0.704271
909.134 157.986 0.230833 -0.101862 0.727177
635.499 198.255 0.244548 0.0237436 0.721225
876.757 250.519 0.264275 -0.085264 0.702127
915.491 226.092 0.254055 -0.102201 0.705287
830.587 249.825 0.253428 -0.0590462 0.685458
833.865 260.311 0.269783 -0.0665387 0.703791
682.856 239.905 0.247905 0.00301633 0.687623
685.801 235.001 0.211771 0.00271662 0.627362
761.962 184.69 0.232668 -0.0315052 0.706077
490.307 155.577 0.223585 0.0845245 0.722362
760.57 317.74 0.286567 -0.0308084 0.683998
628.794 228.792 0.239646 0.0244908 0.683117
622.505 182.628 0.223279 0.0260628 0.69063
481.043 159.956 0.226719 0.0899285 0.7256
611.849 310.265 0.263569 0.0319425 0.661282
535.014 186.18 0.227822 0.0623007 0.699349
726.734 142.265 0.214192 -0.0162333 0.707127
616.525 235.622 0.233071 0.0277866 0.665971
486.842 383.443 0.297329 0.0869765 0.659131
535.415 553.683 0.187025 0.0309625 0.490145
507.472 377.474 0.323355 0.0906683 0.691916
480.955 239.243 0.241703 0.0828124 0.681708
817.612 367.053 0.290599 -0.0511098 0.653878
540.138 240.552 0.243732 0.0601612 0.682957
814.276 185.931 0.235536 -0.0550523 0.709835
680.88 237.84 0.248568 0.00379816 0.690604
811.472 232.351 0.249121 -0.0519634 0.693167
498.006 195.348 0.237404 0.0818459 0.712271
880.422 368.16 0.327573 -0.0953539 0.692911
525.899 386.13 0.266061 0.0592284 0.62159
765.642 319.092 0.28208 -0.0319224 0.676845
808.214 140.47 0.216685 -0.0513253 0.71376
504.736 323.355 0.295675 0.0877776 0.698735
752.645 196.322 0.257612 -0.0334382 0.748585
554.762 311.617 0.269026 0.0561115 0.669327
814.484 316.681 0.292527 -0.0573942 0.69141
895.466 308.455 0.300216 -0.102114 0.706275
794.231 49.9658 0.180056 -0.0421741 0.71201
814.544 594.432 0.171674 -0.00898696 0.467798
675.848 176.618 0.211612 0.00504057 0.669094
879.572 367.17 0.359264 -0.111912 0.72853
934.045 351.894 0.347954 -0.141842 0.72747
764.475 370.939 0.31476 -0.0335578 0.679898
850.794 168.678 0.251303 -0.0878941 0.7665
927.626 141.168 0.242302 -0.133027 0.780813
880.45 339.703 0.764728 -0.454091 1.22102
660.127 296.62 0.671751 0.0871331 1.30383
871.267 202.138 0.282416 -0.112288 0.792009
874.738 303.219 0.288772 -0.0864787 0.69532
503.068 119.334 0.224132 0.0904449 0.772577
758.179 184.62 0.234053 -0.0303356 0.709308
673.073 293.202 0.566414 0.0359558 1.14253
653.362 402.723 0.176906 0.0117922 0.513169
688.06 15.8906 0.201894 -0.00711584 1.07205
881.449 256.297 0.294051 -0.106399 0.746937
629.894 319.73 0.28918 0.028202 0.689406
883.08 184.722 0.271604 -0.117534 0.792254
869.164 299.816 0.291729 -0.086287 0.702436
810.013 229.711 0.246876 -0.0507855 0.691405
940.417 293.121 0.141701 -0.0279356 0.49319
540.544 315.613 -0.052345 0.0196281 0.227997
614.229 307.694 0.272447 0.0327482 0.675541
618.587 95.1063 -0.0599194 0.022012 0.212897
661.858 300.227 0.127934 0.0100863 0.474432
665.639 297.812 0.749066 0.0961208 1.42528
858.837 36.0597 0.0830995 -0.00406126 0.443862
838.584 152.37 0.226504 -0.0680518 0.724732
757.387 317.168 0.291915 -0.0305516 0.69173
524.735 443.144 0.15271 0.02815 0.478665
561.074 309.062 0.278213 0.0568702 0.684011
857.197 639.312 -0.0434892 0.022845 0.2482
781.53 187.193 0.151896 -0.012594 0.541969
793.319 158.983 0.129925 -0.00942775 0.510397
618.114 109.563 0.220942 0.0331739 0.774575
805.316 248.694 0.281924 -0.0606213 0.736382
880.539 191.298 0.261667 -0.103926 0.760017
759.749 214.848 0.284602 -0.0429321 0.782899
805.143 196.518 0.259145 -0.0609201 0.750168
618.24 364.714 -0.0580491 0.0213212 0.221577
762.379 143.785 0.215175 -0.0309502 0.707175
796.518 53.6102 0.180843 -0.0427591 0.709805
882.002 366.388 0.325323 -0.0953928 0.6917
561.382 110.117 0.218231 0.0597217 0.766029
934.412 135.521 0.235363 -0.130558 0.769134
647.455 286.515 0.109892 0.0117091 0.451418
696.515 104.642 0.287407 -0.014469 1.13857
905.373 161.403 0.232252 -0.100253 0.726757
900.112 56.0283 0.194518 -0.101153 0.759967
717.623 122.69 -0.126768 -0.184901 3.57374
