728.283 211.216 0.244579 -0.500598 4.93312
712.301 200.378 -0.101517 -0.133709 5.49963
718.793 129.861 -0.125897 -0.199689 3.66415
797.632 58.7107 0.181168 -0.0432794 0.712084
910.927 38.4938 0.181545 -0.0988404 0.744463
922.925 56.6754 0.186648 -0.10168 0.734049
794.255 84.2734 0.205056 -0.0525436 0.763536
908.678 45.1417 0.184117 -0.0981506 0.743876
721.277 155.177 0.224144 -0.0144806 0.723359
567.42 204.42 0.258861 0.0624484 0.751242
752.349 206.065 0.269321 -0.0351919 0.766148
902.566 172.469 0.242848 -0.106849 0.743793
829.011 167.765 0.231673 -0.0641016 0.724519
713.963 168.13 0.228134 -0.0109368 0.718603
856.391 212.255 0.2871 -0.103971 0.792409
687.441 202.689 0.259421 0.000835296 0.750907
933.973 139.814 0.235426 -0.130631 0.768738
802.356 206.73 0.271909 -0.064024 0.769233
883.339 158.898 0.227923 -0.088608 0.724202
629.26 195.089 0.243206 0.0280177 0.725814
563.463 200.553 0.25179 0.061728 0.740415
765.572 239.649 0.242447 -0.029533 0.678844
481.1 187.442 0.220204 0.0813649 0.686511
483.71 237.784 0.23723 0.0818606 0.67751
819.329 182.194 0.221049 -0.0506589 0.685388
519.83 209.04 0.267525 0.0915539 0.765941
921.033 78.8506 0.200747 -0.110242 0.752694
498.464 326.458 0.287522 0.0883612 0.687116
480.05 364.479 0.389562 0.149601 0.781337
825.569 254.742 0.260337 -0.059598 0.695584
882.4 191.732 0.243861 -0.0908632 0.723962
886.339 318.406 0.296259 -0.0932715 0.694659
815.986 186.601 0.231848 -0.0541853 0.704849
887.92 191.98 0.240572 -0.0906256 0.716394
916.672 156.635 0.222467 -0.0989296 0.712331
896.281 309.124 0.296746 -0.100822 0.702645
909.809 162.574 0.230507 -0.101836 0.72555
638.024 202.72 0.244223 0.0237692 0.719599
877.703 254.505 0.263949 -0.0852384 0.700501
916.192 230.253 0.253729 -0.102176 0.703661
831.882 254.055 0.253102 -0.0590206 0.683832
835.067 264.211 0.269458 -0.0665131 0.702165
685.176 244.309 0.247579 0.00304193 0.685997
688.551 240.413 0.211445 0.00274222 0.625736
763.674 189.381 0.232342 -0.0314796 0.704451
494.042 160.607 0.223259 0.0845501 0.720736
762.284 321.361 0.286241 -0.0307828 0.682371
631.567 233.412 0.23932 0.0245164 0.681491
625.351 187.657 0.222953 0.0260884 0.689004
484.821 164.907 0.226393 0.0899541 0.723973
614.773 314.328 0.263243 0.0319681 0.659656
538.491 191.121 0.227497 0.0623263 0.697722
728.732 147.431 0.213866 -0.0162077 0.705501
619.513 240.42 0.232745 0.0278122 0.664345
490.567 386.846 0.297003 0.0870021 0.657505
541.417 558.9 0.186699 0.0309881 0.488518
510.752 380.559 0.32303 0.0906939 0.690289
484.905 243.87 0.241377 0.082838 0.680082
819.069 370.549 0.290273 -0.0510842 0.652252
543.588 245.108 0.243406 0.0601868 0.681331
815.612 190.519 0.23521 -0.0550267 0.708209
683.199 242.229 0.248242 0.00382376 0.688977
812.871 236.673 0.248795 -0.0519378 0.691541
501.663 200.054 0.237078 0.0818715 0.710644
881.37 371.174 0.327247 -0.0953283 0.691285
529.729 390.019 0.265735 0.059254 0.619964
767.358 322.783 0.281755 -0.0318968 0.675219
809.596 145.497 0.216359 -0.0512997 0.712134
508.127 326.885 0.295349 0.0878032 0.697109
754.233 200.424 0.257286 -0.0334126 0.746959
558.052 315.589 0.2687 0.0561371 0.667701
815.827 320.199 0.292201 -0.0573686 0.689784
896.296 311.844 0.29989 -0.102088 0.704648
795.764 56.0499 0.17973 -0.0421485 0.710384
817.849 600.034 0.171349 -0.00896136 0.466172
678.43 181.992 0.211286 0.00506617 0.667467
880.438 369.869 0.358938 -0.111886 0.726904
934.654 354.7 0.347628 -0.141817 0.725844
766.134 374.111 0.314434 -0.0335322 0.678271
851.73 172.794 0.250977 -0.0878686 0.764874
928.087 145.346 0.241976 -0.133001 0.779187
880.906 340.828 0.764403 -0.454065 1.21939
661.054 297.917 0.671425 0.0871587 1.3022
949.219 132.454 -0.0769555 0.0274804 0.191721
872.032 205.704 0.28209 -0.112262 0.790383
875.713 306.785 0.288446 -0.0864531 0.693694
506.449 124.207 0.223806 0.0904705 0.770951
759.902 189.275 0.233727 -0.03031 0.707682
674.123 294.784 0.566088 0.0359814 1.14091
657.767 409.146 0.17658 0.0118178 0.511543
689.401 19.7868 0.201568 -0.00709024 1.07042
882.258 259.761 0.293725 -0.106373 0.745311
632.455 323.337 0.288854 0.0282276 0.68778
883.78 188.432 0.271278 -0.117509 0.790628
870.152 303.339 0.291403 -0.0862614 0.70081
811.43 234.084 0.24655 -0.05076 0.689779
942.03 302.116 0.141375 -0.02791 0.491564
530.027 275.538 -0.0526709 0.0196537 0.226371
617.026 311.594 0.272121 0.0327738 0.673915
609.069 56.8299 -0.0602452 0.0220376 0.211271
667.514 310.576 0.127608 0.0101119 0.472806
666.451 298.952 0.74874 0.0961464 1.42365
862.975 55.4346 0.0827736 -0.00403566 0.442236
839.716 157.107 0.226178 -0.0680262 0.723105
759.084 320.708 0.291589 -0.030526 0.690103
486.302 312.687 0.125843 0.0303781 0.471144
531.696 450.717 0.152385 0.0281756 0.477038
564.198 312.872 0.277887 0.0568958 0.682385
844.607 597.714 -0.0438151 0.0228706 0.246574
784.364 195.59 0.15157 -0.0125684 0.540342
796.545 169.374 0.129599 -0.00940215 0.508771
620.62 114.412 0.220616 0.0331995 0.772949
806.587 252.377 0.281598 -0.0605957 0.734756
881.317 195.236 0.261341 -0.1039 0.75839
761.16 218.458 0.284276 -0.0429065 0.781273
806.394 200.561 0.258819 -0.0608945 0.748542
608.161 324.187 -0.058375 0.0213468 0.219951
764.113 148.902 0.214849 -0.0309246 0.705548
798.042 59.6813 0.180517 -0.0427335 0.708179
882.944 369.428 0.324997 -0.0953672 0.690074
564.361 115.1 0.217905 0.0597473 0.764403
654.363 299.271 0.109566 0.0117347 0.449792
697.65 107.542 0.287081 -0.0144434 1.13695
906.073 165.965 0.231926 -0.100227 0.725131
900.748 61.3144 0.194193 -0.101128 0.758341
717.919 124.025 -0.127094 -0.184875 3.57212
