696.957 236.309 0.209216 -0.00954496 0.953854
609.382 237.811 0.208835 0.0671746 0.954129
781.065 206.217 0.182086 -0.0810975 0.949829
770.8 152.282 0.14012 -0.0708144 0.957506
692.615 80.5465 0.0898944 -0.00986643 0.972465
868.843 76.9424 0.0883418 -0.142824 0.96489
532.339 161.341 0.142137 0.117687 0.952304
579.697 84.9453 0.0899254 0.073327 0.959978
624.154 83.3873 0.0905958 0.041822 0.968813
532.967 161.156 0.142634 0.117975 0.954606
853.875 130.497 0.127294 -0.139134 0.968937
726.346 211.128 0.185866 -0.0351134 0.951258
786.138 208.855 0.171322 -0.0787491 0.915968
491.978 136.445 0.131708 0.160513 0.991708
693.154 71.7679 0.0830532 -0.0104991 0.9649
623.928 77.2489 0.0858788 0.0408942 0.964279
873.445 104.212 0.1008 -0.137387 0.929527
776.918 155.057 0.157838 -0.0866369 1.01863
831.178 211.279 0.189986 -0.126356 0.956253
745.911 235.769 0.211615 -0.0532373 0.957993
580.666 80.8374 0.0875653 0.0727151 0.962508
745.506 236.244 0.212265 -0.0529407 0.958454
848.837 218.37 0.202773 -0.148389 0.971125
856.811 127.298 0.123353 -0.138686 0.961722
510.847 178.268 0.0980527 0.076874 0.786227
571.156 239.397 0.212514 0.102771 0.960972
555.686 214.681 0.182563 0.105516 0.943197
568.367 239.559 0.200979 0.0968076 0.934874
782.386 236.182 0.208662 -0.084175 0.948673
853.783 212.302 0.18813 -0.143276 0.948019
783.998 234.205 0.205795 -0.084945 0.946295
785.168 236.704 0.208017 -0.0861032 0.946018
721.974 209.143 0.182922 -0.0312493 0.948304
848.651 264.374 0.244439 -0.152509 0.961209
850.451 136.337 0.134018 -0.140403 0.979034
748.822 237.104 0.207615 -0.0544623 0.946056
747.582 234.504 0.203138 -0.0527641 0.941452
751.478 236.723 0.200854 -0.0549561 0.931719
697.294 236.042 0.208827 -0.00985214 0.953527
696.602 238.388 0.207245 -0.00926156 0.945109
764.292 205.725 0.179622 -0.066199 0.945244
525.639 187.88 0.16219 0.127023 0.949927
692.208 35.6568 0.0645581 -0.00945291 1.14953
489.119 162.273 0.108358 0.104846 0.839693
694.746 368.376 0.230034 -0.0064406 0.801723
605.569 238.312 0.202929 0.067261 0.939978
783.255 272.429 0.246392 -0.0887244 0.952218
796.785 548.722 0.0776049 -0.0257186 0.558304
598.362 415.231 0.11111 0.021347 0.636701
573.224 275.589 0.236725 0.100397 0.938487
655.057 236.706 0.188253 0.0222552 0.908304
582.678 87.0339 0.0926742 0.0733765 0.969203
795.092 219.685 0.196723 -0.0955353 0.955859
828.384 428.061 0.47095 -0.167588 0.954694
659.905 238.293 0.204559 0.0218044 0.941085
693.754 23.4867 0.0532402 -0.0113845 1.17119
576.344 348.648 0.482042 0.209416 1.14197
496.64 320.263 0.297765 0.194674 0.962082
858.466 143.854 0.138837 -0.146345 0.97357
833.338 235.953 0.212554 -0.131373 0.95532
825.603 314.662 0.283141 -0.129199 0.934676
793.655 277.639 0.224582 -0.0871633 0.903535
822.535 280.748 0.263343 -0.131041 0.964448
486.404 127.891 0.122862 0.158542 0.981177
619.66 284.666 0.239866 0.0582719 0.925933
846.586 265.981 0.251798 -0.155097 0.972002
778.417 620.382 0.120348 -0.0253755 0.57321
562.346 522.572 0.365793 0.0988288 0.785837
732.379 208.758 0.176635 -0.0387367 0.932256
781.902 394.972 0.108906 -0.0334234 0.640728
601.076 239.311 0.20143 0.069912 0.93485
956.733 175.892 0.200405 -0.313228 1.0915
748.512 274.532 0.234384 -0.0533518 0.928153
510.102 401.282 0.10646 0.0469131 0.638742
881.53 188.335 0.174652 -0.171166 0.967557
877.822 192.03 0.182453 -0.174374 0.981182
817.427 212.615 0.190048 -0.113862 0.954031
840.568 317.52 0.294513 -0.148572 0.945527
570.753 318.441 0.142121 0.0465886 0.73279
564.972 237.441 0.199544 0.0995929 0.936032
864.265 82.6554 0.0939033 -0.144213 0.977465
556.074 329.423 0.147112 0.0536199 0.731816
690.854 529.866 0.0803951 -0.005375 0.566425
840.919 232.735 0.214852 -0.141953 0.967186
570.852 276.167 0.236013 0.101807 0.936238
838.532 315.149 0.296192 -0.148751 0.952149
784.35 235.868 0.202517 -0.0831551 0.935562
817.331 323.697 0.1536 -0.0649202 0.7397
879.44 603.716 0.114931 -0.0486669 0.572862
874.376 321.375 0.175762 -0.103765 0.771402
879.19 190.375 0.179763 -0.173753 0.977567
741.066 281.289 0.251473 -0.0489971 0.946636
702.465 314.526 0.176268 -0.0120127 0.783095
843.181 278.505 0.249884 -0.143193 0.944149
569.492 278.34 0.236695 0.102508 0.933635
806.71 600.763 0.0274047 -0.0187189 0.504835
911.187 526.963 0.074065 -0.047811 0.559636
768.611 153.482 0.143003 -0.0702729 0.965085
699.38 325.038 0.281459 -0.00940679 0.921197
665.268 301.384 0.575634 0.103742 1.45092
657.747 236.375 0.207008 0.0244919 0.950648
673.817 557.723 0.070946 -0.00212969 0.551412
660.857 274.355 0.240144 0.0238831 0.94297
717.4 221.857 0.193777 -0.0273518 0.947708
566.152 535.832 0.0789159 0.0194099 0.564632
852.113 210.775 0.182763 -0.137921 0.937856
819.94 318.62 0.157044 -0.0681764 0.748654
716.108 217.164 0.1785 -0.025211 0.92027
749.551 207.977 0.176099 -0.0524324 0.931732
760.205 397.733 0.14135 -0.0314136 0.676626
688.267 370.849 0.188939 -0.00377722 0.750895
865.45 82.3751 0.0927873 -0.142809 0.970606
829.735 210.258 0.187784 -0.123945 0.952995
566.438 517.073 0.0825487 0.0205161 0.572919
579.726 327.474 0.291418 0.104536 0.936659
842.128 286.785 0.370931 -0.227636 1.13687
606.174 405.138 0.101789 0.0177382 0.630409
685.61 160.039 0.143055 -0.0025437 0.950891
828.148 463.933 0.178779 -0.0603835 0.677549
608.709 275.493 0.236601 0.0689799 0.936804
828.27 461.545 0.180501 -0.0611404 0.680369
767.483 326.688 0.148668 -0.0405012 0.731559
788.377 281.391 0.257172 -0.0948703 0.954128
884.66 444.128 0.218094 -0.102451 0.723729
779.084 437.487 0.0610143 -0.0230481 0.571686
632.894 319.494 0.173736 0.0253217 0.77649
695.057 523.985 0.0795404 -0.00625625 0.567166
569.187 277.58 0.235683 0.102464 0.93317
758.58 158.956 0.17169 -0.0757426 1.06349
766.974 148.936 0.134431 -0.0658276 0.945681
651.103 283.304 0.239678 0.0312131 0.926556
837.817 316.556 0.302622 -0.151088 0.958957
604.333 235.782 0.198111 0.0666369 0.934277
575.627 327.203 0.287969 0.106733 0.932421
779.214 614.327 0.12209 -0.0259448 0.576061
804.605 208.571 0.182799 -0.100122 0.945158
632.799 317.208 0.175383 0.0258997 0.781062
699.138 417.521 0.108863 -0.00836283 0.631903
685.431 596.093 0.126978 -0.00342918 0.585675
695.361 412.01 0.111091 -0.00732662 0.636789
857.974 144.741 0.139253 -0.145647 0.9724
550.358 214.236 0.177843 0.106009 0.932288
571.944 575.665 0.0661307 0.0153256 0.544043
533.447 160.99 0.142312 0.117312 0.953865
824.819 386.712 0.185425 -0.0701082 0.731737
749.942 203.846 0.165872 -0.0505347 0.913756
634.026 60.7191 0.0854137 0.0507073 1.11428
523.3 190.633 0.160802 0.125272 0.939221
563.337 218.303 0.18749 0.101288 0.947448
903.598 323.743 0.491484 -0.399777 1.19958
807.407 610.35 0.0260317 -0.0184456 0.502209
569.508 271.908 0.2243 0.0974282 0.922225
704.609 281.349 0.244399 -0.0152231 0.935829
782.868 358.039 0.335019 -0.0929924 0.934609
741.499 280.401 0.238407 -0.0471209 0.925337
612.718 397.902 0.108979 0.017308 0.6418
769.754 324.576 0.11224 -0.0343038 0.681911
803.567 208.898 0.18416 -0.0999819 0.948013
771.086 153.521 0.141318 -0.0712463 0.958387
846.134 391.013 0.110988 -0.0536437 0.644063
875.253 596.852 0.117123 -0.0486449 0.576358
755.364 317.027 0.135685 -0.033579 0.720642
663.402 266.485 0.21683 0.0181663 0.913541
704.484 318.981 0.263853 -0.014143 0.905208
825.258 313.906 0.282428 -0.128828 0.934913
802.487 431.324 0.0547637 -0.0266333 0.566319
568.472 15.6568 0.0474726 0.0770581 0.974799
670.739 320.059 0.688577 0.110614 1.52004
789.016 185.256 -0.202941 0.00546878 0.231088
654.232 283.173 0.24434 0.029547 0.934782
662.902 326.185 0.288292 0.0249671 0.93058
691.283 12.0897 0.0473097 -0.0102202 1.01662
692.777 414.011 0.110341 -0.00654738 0.63512
554.252 215.603 0.182882 0.106463 0.942072
695.564 235.847 0.204294 -0.00845989 0.943786
695.888 237.46 0.200656 -0.00881727 0.932401
543.111 535.647 -0.1701 -0.000507541 0.286019
887.96 505.435 -0.176484 0.00511957 0.276338
710.067 299.484 0.671524 -0.0244957 1.62404
673.043 546.454 0.0840532 -0.00166331 0.565477
830.45 322.358 0.301301 -0.140053 0.947318
485.62 120.884 0.122158 0.168585 1.00628
957.961 197.495 0.222952 -0.31807 1.0831
620.288 167.831 0.148829 0.0498948 0.953431
520.962 525.725 -0.184874 0.000292375 0.264385
785.277 189.91 -0.200966 0.00533451 0.233876
567.678 35.0204 -0.213418 0.00456125 0.21521
610.056 401.433 0.116422 0.0192922 0.648792
567.423 531.021 0.0797853 0.0194341 0.56665
691.999 7.21073 0.0421534 -0.0104118 1.1197
515.488 239.122 -0.175419 -0.000176271 0.270668
674.607 567.633 0.0689903 -0.00229869 0.547475
901.575 322.353 0.500986 -0.409351 1.21722
623.896 80.414 0.0889184 0.0421269 0.971339
859.97 112.941 0.116929 -0.14678 0.983609
783.545 236.649 0.215286 -0.0881031 0.962448
827.449 238.001 0.22496 -0.13399 0.978827
692.231 80.5544 0.0900302 -0.00956722 0.97349
581.95 90.7176 0.0951875 0.0743533 0.969235
623.357 86.5711 0.0924158 0.0423477 0.966464
657.977 236.549 0.207674 0.0244256 0.951781
487.27 128.872 0.124084 0.159078 0.983506
533.974 163.233 0.145022 0.11854 0.957397
