696.779 239.624 0.209708 -0.00952706 0.95498
609.123 241.188 0.209327 0.0671925 0.955255
780.926 209.556 0.182578 -0.0810796 0.950954
770.593 155.741 0.140612 -0.0707965 0.958632
692.343 84.2391 0.0903865 -0.00984852 0.97359
868.535 80.5522 0.0888339 -0.142806 0.966016
532.037 164.972 0.14263 0.117705 0.95343
579.429 88.7515 0.0904175 0.0733449 0.961104
623.89 87.1324 0.0910879 0.0418399 0.969939
532.667 164.777 0.143126 0.117993 0.955731
853.655 133.914 0.127786 -0.139116 0.970063
726.173 214.49 0.186358 -0.0350955 0.952383
786.004 212.354 0.171814 -0.0787311 0.917094
491.718 140.015 0.1322 0.160531 0.992834
692.873 75.5217 0.0835453 -0.0104812 0.966026
623.659 81.0342 0.0863709 0.0409121 0.965404
873.197 107.872 0.101292 -0.137369 0.930652
776.718 158.259 0.15833 -0.086619 1.01975
831.08 214.537 0.190478 -0.126338 0.957378
745.777 239.027 0.212107 -0.0532194 0.959118
580.4 84.6475 0.0880575 0.072733 0.963634
745.372 239.5 0.212757 -0.0529228 0.959579
848.76 221.53 0.203265 -0.148371 0.972251
856.588 130.753 0.123845 -0.138668 0.962847
510.297 182.925 0.0985448 0.0768919 0.787353
570.864 242.768 0.213006 0.102789 0.962097
555.373 218.203 0.183055 0.105534 0.944323
568.053 243.06 0.201471 0.0968255 0.936
782.284 239.456 0.209154 -0.0841571 0.949799
853.704 215.58 0.188622 -0.143259 0.949145
783.895 237.495 0.206287 -0.0849271 0.947421
785.069 239.988 0.20851 -0.0860853 0.947143
721.795 212.527 0.183414 -0.0312314 0.94943
848.655 267.48 0.244931 -0.152491 0.962334
850.237 139.696 0.13451 -0.140385 0.98016
748.691 240.415 0.208107 -0.0544444 0.947182
747.445 237.844 0.20363 -0.0527461 0.942577
751.346 240.105 0.201346 -0.0549382 0.932844
697.116 239.358 0.209319 -0.00983424 0.954653
696.422 241.741 0.207737 -0.00924365 0.946235
764.14 209.1 0.180114 -0.0661811 0.946369
525.319 191.457 0.162682 0.127041 0.951052
691.964 39.0495 0.0650502 -0.009435 1.15066
488.639 166.564 0.10885 0.104864 0.840819
694.588 372.518 0.230527 -0.00642269 0.802849
605.297 241.761 0.203421 0.0672789 0.941104
783.2 275.613 0.246884 -0.0887065 0.953344
796.88 557.454 0.078097 -0.0257007 0.55943
597.757 421.722 0.111602 0.0213649 0.637827
572.911 279.002 0.237217 0.100415 0.939613
654.817 240.288 0.188746 0.0222731 0.909429
582.418 90.7939 0.0931663 0.0733944 0.970329
794.98 222.952 0.197215 -0.0955174 0.956985
828.651 431.049 0.471442 -0.16757 0.95582
659.688 241.694 0.205052 0.0218223 0.942211
693.507 26.9002 0.0537323 -0.0113666 1.17232
576.089 351.159 0.482534 0.209434 1.14309
496.209 323.554 0.298257 0.194692 0.963208
858.267 147.206 0.139329 -0.146328 0.974695
833.281 239.157 0.213046 -0.131355 0.956445
825.664 317.836 0.283634 -0.129182 0.935802
793.616 281.066 0.225074 -0.0871454 0.904661
822.537 283.828 0.263835 -0.131023 0.965573
486.136 131.535 0.123354 0.15856 0.982302
619.399 288.093 0.240359 0.0582898 0.927059
846.59 269.035 0.25229 -0.155079 0.973127
778.552 628.631 0.12084 -0.0253575 0.574336
561.841 527.004 0.366285 0.0988467 0.786963
732.204 212.214 0.177127 -0.0387188 0.933382
781.882 401.219 0.109398 -0.0334055 0.641853
600.796 242.787 0.201922 0.0699299 0.935976
956.55 178.654 0.200897 -0.31321 1.09262
748.415 277.863 0.234876 -0.0533339 0.929278
509.207 407.801 0.106952 0.046931 0.639868
881.419 191.564 0.175144 -0.171148 0.968682
877.712 195.193 0.182945 -0.174356 0.982308
817.322 215.892 0.19054 -0.113844 0.955157
840.656 320.622 0.295005 -0.148554 0.946652
570.224 323.427 0.142613 0.0466065 0.733915
564.656 240.942 0.200037 0.0996108 0.937157
863.962 86.1991 0.0943954 -0.144196 0.978591
555.51 334.425 0.147604 0.0536378 0.732941
690.486 538.355 0.0808872 -0.00535709 0.567551
840.861 235.885 0.215344 -0.141935 0.968311
688.785 0.600052 0.0372468 -0.00850191 1.05939
570.533 279.592 0.236505 0.101825 0.937363
838.613 318.222 0.296685 -0.148733 0.953275
784.249 239.207 0.203009 -0.0831372 0.936687
817.373 328.396 0.154092 -0.0649023 0.740825
880.005 611.866 0.115423 -0.0486489 0.573987
874.541 325.688 0.176254 -0.103747 0.772527
879.078 193.557 0.180256 -0.173735 0.978692
740.969 284.519 0.251965 -0.0489792 0.947762
702.273 318.872 0.17676 -0.0119948 0.784221
843.205 281.672 0.250376 -0.143175 0.945274
569.17 281.776 0.237188 0.102526 0.934761
806.743 612.514 0.0278968 -0.018701 0.505961
911.757 535.516 0.0745571 -0.0477931 0.560762
768.405 156.906 0.143495 -0.070255 0.96621
699.253 328.374 0.281951 -0.00938888 0.922322
665.184 303.233 0.576126 0.10376 1.45205
657.532 239.735 0.2075 0.0245098 0.951773
673.343 566.869 0.0714381 -0.00211178 0.552537
660.656 277.678 0.240637 0.023901 0.944095
717.227 225.218 0.194269 -0.0273339 0.948834
565.237 544.508 0.079408 0.0194278 0.565758
852.032 214.107 0.183256 -0.137903 0.938982
819.984 323.219 0.157536 -0.0681585 0.749779
715.923 220.675 0.178992 -0.0251931 0.921396
749.389 211.424 0.176591 -0.0524145 0.932858
760.156 403.328 0.141842 -0.0313957 0.677751
688.062 375.5 0.189431 -0.00375932 0.75202
865.149 85.9451 0.0932794 -0.142791 0.971732
829.635 213.535 0.188276 -0.123927 0.95412
565.552 525.423 0.0830408 0.020534 0.574044
579.408 330.819 0.29191 0.104554 0.937785
842.147 289.195 0.371423 -0.227618 1.138
605.574 411.759 0.102281 0.0177561 0.631535
685.377 163.567 0.143547 -0.00252579 0.952017
828.393 469.463 0.179271 -0.0603656 0.678674
608.44 278.886 0.237093 0.0689978 0.93793
828.514 467.027 0.180993 -0.0611225 0.681495
767.413 331.523 0.14916 -0.0404833 0.732685
788.339 284.547 0.257664 -0.0948524 0.955254
885.062 448.928 0.218586 -0.102433 0.724855
779 445.635 0.0615064 -0.0230302 0.572811
619.369 0.761108 0.0371051 0.0487154 1.0465
632.556 323.955 0.174228 0.0253396 0.777615
694.704 532.437 0.0800325 -0.00623835 0.568291
568.864 281.02 0.236175 0.102481 0.934295
758.384 162.007 0.172182 -0.0757247 1.06462
766.761 152.461 0.134923 -0.0658097 0.946806
650.885 286.706 0.24017 0.031231 0.927682
837.899 319.595 0.303114 -0.15107 0.960082
604.056 239.266 0.198603 0.0666548 0.935402
575.301 330.575 0.288461 0.106751 0.933546
779.351 622.467 0.122582 -0.0259269 0.577186
804.486 211.909 0.183291 -0.100104 0.946284
632.464 321.627 0.175875 0.0259176 0.782188
698.86 424.031 0.109355 -0.00834492 0.633029
685.157 603.977 0.12747 -0.00341128 0.586801
695.074 418.416 0.111583 -0.00730871 0.637914
857.777 148.096 0.139745 -0.145629 0.973525
550.031 217.817 0.178335 0.106027 0.933413
575.962 2.26782 0.0378518 0.0835068 1.04189
570.97 585.261 0.0666228 0.0153435 0.545168
533.147 164.614 0.142804 0.11733 0.95499
824.966 391.468 0.185918 -0.0700903 0.732863
749.772 207.396 0.166364 -0.0505168 0.914882
633.837 64.1072 0.0859058 0.0507252 1.11541
522.967 194.256 0.161294 0.125289 0.940347
563.033 221.79 0.187982 0.101306 0.948574
903.757 325.863 0.491976 -0.399759 1.20071
807.443 622.314 0.0265238 -0.0184277 0.503334
569.178 275.416 0.224792 0.0974461 0.92335
704.464 284.662 0.244891 -0.0152052 0.936955
782.922 361.201 0.335511 -0.0929745 0.935734
741.399 283.742 0.238899 -0.047103 0.926462
769.656 330.098 0.112732 -0.0342859 0.683037
803.447 212.222 0.184652 -0.099964 0.949139
770.881 156.971 0.14181 -0.0712284 0.959513
846.313 397.137 0.11148 -0.0536258 0.645188
875.793 604.874 0.117615 -0.048627 0.577484
755.249 322.014 0.136177 -0.0335611 0.721768
663.187 269.976 0.217322 0.0181842 0.914667
704.356 322.411 0.264346 -0.0141251 0.906334
825.317 317.081 0.28292 -0.12881 0.936039
802.478 439.645 0.0552558 -0.0266154 0.567445
568.224 19.6839 0.0479648 0.077076 0.975925
670.665 321.766 0.689069 0.110632 1.52116
796.196 193.32 -0.202449 0.00548669 0.232214
654.022 286.529 0.244832 0.0295649 0.935907
662.719 329.498 0.288784 0.024985 0.931705
692.481 420.456 0.110833 -0.00652947 0.636246
553.936 219.129 0.183374 0.106481 0.943197
695.381 239.213 0.204786 -0.00844198 0.944911
695.703 240.879 0.201148 -0.00879936 0.933527
710.019 301.07 0.672016 -0.0244778 1.62516
672.609 555.01 0.0845453 -0.0016454 0.566603
830.531 325.453 0.301793 -0.140035 0.948443
620.029 171.374 0.149321 0.0499127 0.954556
525.269 523.256 -0.184382 0.000310283 0.265511
792.001 196.467 -0.200474 0.00535242 0.235001
574.644 55.471 -0.212926 0.00457916 0.216336
609.51 407.662 0.116914 0.0193102 0.649917
566.52 539.613 0.0802774 0.019452 0.567776
691.731 10.8079 0.0426455 -0.0103939 1.12082
519.725 233.554 -0.174926 -0.000158363 0.271793
484.245 347.004 -0.216007 0.00423676 0.214994
674.13 576.966 0.0694824 -0.00228078 0.5486
901.725 324.433 0.501478 -0.409333 1.21835
859.716 116.354 0.117422 -0.146762 0.984735
783.445 239.856 0.215778 -0.0880852 0.963573
571.372 3.25417 0.0386481 0.0801235 1.00883
827.387 241.098 0.225452 -0.133972 0.979952
691.959 84.2434 0.0905223 -0.00954931 0.974615
581.689 94.465 0.0956796 0.0743712 0.97036
623.092 90.3146 0.0929079 0.0423656 0.967589
657.762 239.903 0.208167 0.0244435 0.952906
487.005 132.502 0.124576 0.159096 0.984631
533.677 166.835 0.145514 0.118558 0.958523
