728.158 213.72 0.24432 -0.500468 4.93262
712.341 203.147 -0.101561 -0.133537 5.50058
718.742 133.356 -0.125805 -0.198578 3.6486
541.472 7.38163 0.0256102 0.442448 1.96244
798.223 73.1703 0.180644 -0.0430971 0.712281
910.95 52.3041 0.181335 -0.098762 0.745676
922.773 70.7527 0.186465 -0.101432 0.735041
794.584 96.8506 0.204212 -0.0521315 0.762833
908.703 59.0048 0.183781 -0.0977936 0.744333
721.629 168.528 0.224107 -0.0144116 0.724824
566.375 216.765 0.257574 0.06263 0.749833
752.575 217.78 0.268102 -0.0347647 0.764977
903.505 184.851 0.241883 -0.106342 0.743145
829.733 180.791 0.230929 -0.0638426 0.724406
715.457 185.589 0.246169 -0.013808 0.757941
856.864 223.166 0.286216 -0.10348 0.792008
687.324 214.907 0.258554 0.00114347 0.750449
934.777 151.74 0.234568 -0.130113 0.768229
802.502 218.401 0.271177 -0.0635448 0.768994
882.159 172.485 0.229255 -0.0890234 0.728544
628.998 208.156 0.242247 0.0282017 0.725152
563.02 213.345 0.250919 0.0617704 0.73975
765.157 254.644 0.243085 -0.0292049 0.680651
481 202.376 0.220238 0.0816408 0.687674
483.348 253.368 0.237424 0.0821393 0.678343
818.145 198.509 0.222903 -0.0505917 0.689015
518.707 220.905 0.266268 0.0915744 0.764687
921.588 91.7982 0.200067 -0.109784 0.752419
496.639 340.725 0.286247 0.088466 0.686106
489.592 373.728 0.406191 0.153618 0.802084
824.689 268.951 0.261603 -0.0593799 0.698288
882.092 204.976 0.244022 -0.0905949 0.725399
886.744 331.555 0.296158 -0.09299 0.695538
815.811 201.063 0.232301 -0.0539906 0.706446
891.572 203.098 0.236743 -0.0896412 0.711811
917.856 169.732 0.221387 -0.0984524 0.711778
896.304 321.516 0.297016 -0.100728 0.704461
910.002 176.005 0.230319 -0.101539 0.726253
638.109 215.863 0.243349 0.0238417 0.71921
879.117 267.566 0.262879 -0.0849695 0.700131
917.305 243.293 0.252732 -0.101708 0.703388
832.346 268.166 0.252729 -0.0587275 0.684305
838.365 277.385 0.265855 -0.0659758 0.697597
685.076 258.742 0.247078 0.0033411 0.686076
688.806 256.824 0.211362 0.00292163 0.627149
762.919 204.914 0.234022 -0.0312359 0.707604
494.583 174.325 0.223235 0.084611 0.722008
763.07 334.857 0.285419 -0.0306764 0.682469
632.252 248.07 0.238005 0.0242704 0.680159
624.088 202.528 0.222009 0.0266494 0.68801
483.381 178.323 0.224963 0.0897908 0.722072
614.535 328.824 0.262691 0.0321591 0.660206
538.207 205.501 0.2273 0.0625744 0.698441
727.516 161.805 0.212571 -0.0151825 0.703498
619.87 255.686 0.232768 0.0279076 0.665458
489.306 401.932 0.296487 0.0871774 0.657666
542.598 583.36 0.18819 0.031288 0.491666
508.791 394.683 0.321261 0.0906505 0.688763
483.824 258.807 0.240727 0.0829736 0.67984
823.899 387.372 0.279023 -0.0487357 0.639536
544.566 259.51 0.244032 0.0602511 0.683579
814.851 204.691 0.23603 -0.0547863 0.710703
683.151 256.353 0.247631 0.00409371 0.68903
812.752 250.579 0.249212 -0.0517892 0.693434
501.248 213.867 0.236816 0.0821026 0.711269
882.42 384.786 0.326066 -0.0946165 0.690463
527.359 408.075 0.263232 0.0591915 0.617532
767.724 336.855 0.281201 -0.0316137 0.675466
810.224 158.827 0.215566 -0.0510507 0.712169
506.197 340.736 0.293712 0.0878354 0.695627
754.042 213.066 0.256838 -0.0329272 0.746991
557.15 329.862 0.268641 0.056632 0.668869
816.599 333.791 0.291102 -0.056939 0.689206
896.649 324.519 0.299893 -0.101889 0.705787
794.772 71.4416 0.179304 -0.041228 0.709803
816.098 619.258 0.174851 -0.00923234 0.472174
678.412 198.511 0.214972 0.005318 0.675541
882.032 381.6 0.35781 -0.111715 0.72659
937.121 367.111 0.345248 -0.140792 0.72355
766.717 388.399 0.312855 -0.0330939 0.677008
850.1 185.187 0.252429 -0.0878888 0.769333
929.069 156.989 0.241162 -0.132665 0.778787
874.233 343.983 0.797042 -0.473437 1.26313
658.272 302.96 0.644563 0.0853689 1.26031
943.685 122.109 -0.0771935 0.0278136 0.194109
871.462 216.936 0.282427 -0.112013 0.79226
878.055 319.788 0.286198 -0.0859688 0.691855
513.902 144.571 0.2328 0.0924686 0.787585
758.006 209.312 0.244755 -0.0317738 0.725706
674.205 300.671 0.568601 0.0362961 1.1462
658.127 432.158 0.178399 0.0120522 0.515408
688.812 25.4652 0.198256 -0.00626269 1.06092
886.339 271.079 0.288094 -0.104511 0.737711
631.249 337.665 0.286486 0.0285747 0.685199
872.181 316.514 0.28951 -0.0857838 0.699102
809.552 251.477 0.254517 -0.0525301 0.701971
943.751 327.827 0.139898 -0.0272844 0.491746
617.183 326.073 0.271169 0.0327009 0.673499
602.911 35.1348 -0.060498 0.0223157 0.213682
668.09 340.527 0.130116 0.010283 0.47811
664.584 303.294 0.723632 0.0937323 1.38468
839.922 170.448 0.225838 -0.0677374 0.723745
759.532 334.489 0.290036 -0.0300792 0.688821
490.276 344.195 0.127763 0.0306922 0.475467
535.171 473.705 0.155925 0.0286665 0.48349
563.551 327.274 0.276277 0.0567178 0.680905
838.993 550.306 -0.0437114 0.0231106 0.249326
786.165 217.209 0.14965 -0.0121661 0.539149
804.245 187.659 0.122581 -0.00847235 0.500322
620.391 126.394 0.219426 0.0333127 0.771572
814.864 258.699 0.259149 -0.0556828 0.703382
878.521 208.328 0.26405 -0.104112 0.764254
761.099 227.949 0.279697 -0.0415031 0.775663
807.053 212.476 0.257321 -0.0603519 0.747105
601.48 296.894 -0.0586989 0.0216219 0.222235
765.247 162.376 0.212778 -0.0305062 0.702504
797.297 76.8241 0.182601 -0.0432438 0.714395
876.172 377.28 0.336687 -0.0984716 0.707753
905.818 179.114 0.232519 -0.100579 0.72798
617.623 270.923 0.25195 0.0316409 0.68605
625.101 455.57 -0.0847736 0.0249538 0.189189
757.868 301.512 -0.0603688 0.0240284 0.220191
632.963 133.774 0.229531 0.0290156 0.791641
868.556 265.561 0.290574 -0.0983183 0.748129
637.131 57.1245 0.226612 0.0548821 1.13924
615.885 25.092 -0.060167 0.0224748 0.213896
609.341 129.084 -0.083744 0.0250912 0.185662
629.609 34.6439 0.205666 0.0532634 1.07427
649.335 332.246 0.101845 0.0125552 0.441751
848.915 125.826 0.0894933 -0.00437885 0.452447
776.423 177.264 0.243462 -0.0455843 0.760449
495.723 113.884 0.201119 0.0823836 0.734244
900.015 75.1336 0.194469 -0.101054 0.760404
717.868 128.489 -0.127135 -0.184566 3.57132
