695.704 243.235 0.209478 -0.00936323 0.952422
608.249 244.672 0.209072 0.0672134 0.952614
779.509 213.448 0.182923 -0.0810132 0.949949
769.19 160.052 0.140842 -0.0706223 0.957322
691.426 88.642 0.0900248 -0.00968615 0.969777
867.218 85.3779 0.0885404 -0.142449 0.962704
531.358 168.794 0.142457 0.117712 0.95077
579.117 93.2279 0.0904562 0.0733052 0.958905
623.325 91.7601 0.0913307 0.0420416 0.968654
532.166 168.626 0.142966 0.117842 0.952993
852.153 138.348 0.127314 -0.138387 0.966208
725.747 218.181 0.186779 -0.0356168 0.95168
776.864 213.816 0.194781 -0.0845042 0.980413
489.526 143.362 0.13107 0.160366 0.986895
692.156 80.3484 0.0836799 -0.0104507 0.964289
623.116 85.5393 0.0862738 0.0408837 0.962654
871.225 112.944 0.101384 -0.137118 0.928851
775 162.533 0.159827 -0.0868264 1.02253
829.279 218.442 0.190797 -0.126172 0.956281
744.505 242.618 0.212237 -0.0530277 0.957515
580.236 89.5056 0.0887545 0.0732666 0.964325
744.13 243.082 0.21288 -0.0527548 0.957963
847.301 225.337 0.203131 -0.14816 0.969991
854.844 135.371 0.123813 -0.138303 0.96057
509.31 188.104 0.0982686 0.0768973 0.784542
569.758 246.186 0.212483 0.102808 0.958793
554.478 221.783 0.182862 0.105647 0.941814
567.34 246.472 0.201497 0.0969479 0.93421
780.963 243.047 0.209491 -0.0841946 0.948853
852.233 219.522 0.188439 -0.143068 0.946856
782.635 241.245 0.206038 -0.0847176 0.944921
783.173 243.565 0.209618 -0.0860024 0.947959
720.787 216.348 0.183219 -0.0311426 0.946944
847.199 270.937 0.244767 -0.152335 0.96029
848.302 144.227 0.134835 -0.140225 0.979122
747.647 244.049 0.207859 -0.0543853 0.944779
746.095 241.586 0.203159 -0.0523588 0.939559
750.224 243.822 0.20126 -0.0548773 0.930813
696.102 242.96 0.209163 -0.00972231 0.952283
695.138 245.309 0.207707 -0.00890694 0.944295
762.564 213.006 0.180938 -0.0660886 0.946597
524.72 195.074 0.162495 0.126979 0.948544
691.452 43.9266 0.0656577 -0.00935961 1.15115
492.501 170.823 0.111132 0.105246 0.846054
684.744 394.817 0.143272 -0.00412971 0.686469
604.254 245.028 0.204068 0.0679923 0.94104
781.766 279 0.246849 -0.0884572 0.951509
793.638 567.334 0.0776294 -0.0253558 0.556572
595.107 427.727 0.111414 0.0217717 0.635707
572.387 282.158 0.237253 0.100321 0.937891
654.203 244.153 0.188063 0.0219513 0.905853
582.43 95.401 0.0935834 0.0734806 0.969731
793.516 226.673 0.197722 -0.0955822 0.956455
825.525 431.652 0.480542 -0.169734 0.964251
659.06 244.964 0.20687 0.0221159 0.94482
692.682 31.0856 0.0537768 -0.0109811 1.16932
572.535 353.738 0.471294 0.2063 1.12658
494.105 326.799 0.295974 0.193712 0.957249
856.632 151.609 0.139333 -0.146106 0.972644
831.558 242.598 0.214342 -0.132121 0.95802
823.715 320.687 0.284881 -0.12943 0.93654
792.114 284.77 0.224908 -0.0868853 0.902514
820.901 287.119 0.26394 -0.130771 0.964049
485 135.175 0.122755 0.158252 0.977924
618.051 291.497 0.239502 0.0584281 0.923567
845.124 272.444 0.252108 -0.154865 0.971016
775.82 636.448 0.120538 -0.0251338 0.571867
573.376 513.19 0.405507 0.104944 0.824188
730.174 216.042 0.179076 -0.0382575 0.936613
779.518 408.338 0.10895 -0.0330963 0.639019
599.971 246.294 0.201795 0.069988 0.933768
954.096 182.536 0.201317 -0.313191 1.09183
747.063 281.267 0.235095 -0.0531716 0.927988
507.324 416.008 0.106058 0.0467108 0.635951
879.126 195.673 0.175871 -0.171371 0.968876
875.804 199.237 0.183064 -0.174065 0.980594
815.693 219.823 0.190616 -0.113561 0.953341
839.287 324.006 0.294073 -0.147943 0.94329
568.986 328.61 0.142383 0.046643 0.73141
563.501 244.361 0.199464 0.0996758 0.934057
862.74 90.8336 0.093887 -0.143497 0.974124
554.165 339.791 0.147039 0.0535495 0.729803
688.485 548.014 0.0803371 -0.00527728 0.564555
838.701 239.346 0.216684 -0.142411 0.969997
688.098 5.39364 0.0372578 -0.0083566 1.05615
569.61 282.931 0.235956 0.101649 0.934293
836.787 321.16 0.297324 -0.148772 0.952879
782.844 243.078 0.202609 -0.082734 0.933741
815.342 333.644 0.15376 -0.0645651 0.738257
875.875 621.086 0.114872 -0.0479837 0.571021
873.081 330.707 0.17563 -0.103489 0.769441
877.013 197.592 0.18073 -0.173805 0.978139
739.805 287.987 0.251386 -0.0487517 0.944691
700.53 324.043 0.17578 -0.0116593 0.780176
841.69 284.99 0.250401 -0.143171 0.94382
568.258 284.895 0.237231 0.102795 0.933148
802.18 627.175 0.0277107 -0.018334 0.503218
908.79 545.333 0.0741076 -0.0474823 0.557952
767.012 161.137 0.143513 -0.0699561 0.96418
697.998 331.489 0.281842 -0.00916746 0.920452
665.15 304.665 0.581034 0.104168 1.45974
656.662 243.223 0.207677 0.0246299 0.950285
669.584 577.04 0.0711454 -0.0017284 0.54983
659.665 280.95 0.240574 0.0240242 0.94218
716.069 228.937 0.194206 -0.0271362 0.946742
562.97 550.601 0.0794933 0.0196887 0.564222
850.212 218.153 0.183275 -0.137595 0.937131
818.124 326.99 0.158643 -0.0686277 0.750367
714.716 224.591 0.178884 -0.0249856 0.919196
748.224 215.398 0.176278 -0.0522206 0.930082
758.277 408.969 0.141727 -0.0312662 0.675586
686.467 380.072 0.189162 -0.00358541 0.749674
863.288 90.9764 0.0933328 -0.142402 0.96952
827.968 217.478 0.188251 -0.123595 0.952115
563.176 534.429 0.0825774 0.0206463 0.5712
577.739 334.105 0.2902 0.104391 0.933076
840.467 291.731 0.372372 -0.227739 1.13821
603.273 418.869 0.101849 0.0179743 0.628764
684.398 167.68 0.143501 -0.00236622 0.949781
825.945 473.154 0.180045 -0.0604632 0.678156
827.744 574.167 0.261541 -0.0709965 0.685305
607.492 282.17 0.236773 0.0690322 0.935459
825.853 472.185 0.180807 -0.0607244 0.679344
786.853 288.16 0.25686 -0.0941554 0.951576
883.541 454.476 0.21737 -0.101907 0.721164
776.611 455.126 0.061354 -0.0228762 0.570301
619.417 6.19089 0.0375629 0.0488248 1.04655
631.194 328.587 0.173807 0.0254232 0.774861
691.056 540.346 0.0801245 -0.00583513 0.566325
568.123 284.149 0.23627 0.102633 0.932761
756.844 166.21 0.174421 -0.0760946 1.06984
765.252 156.935 0.135576 -0.0657578 0.946879
649.844 290.021 0.239897 0.0313367 0.92539
836.784 322.877 0.301963 -0.150577 0.956442
603.594 242.729 0.198826 0.0666162 0.934091
574.496 333.474 0.288294 0.106705 0.931588
776.356 629.696 0.12242 -0.0256649 0.574952
803.202 215.847 0.183087 -0.0999297 0.943859
631.285 325.894 0.17579 0.0260045 0.780209
696.013 433.62 0.108078 -0.00791188 0.628333
683.351 607.434 0.128377 -0.00338263 0.586332
693.507 426.258 0.110827 -0.00726225 0.634414
856.02 152.525 0.139765 -0.145302 0.971457
549.202 221.431 0.178118 0.106075 0.930908
575.539 6.80626 0.0378133 0.0834996 1.0386
567.748 594.128 0.0663993 0.0156363 0.542861
533.579 168.542 0.143549 0.117512 0.955229
913.88 464.333 0.0487312 -0.0443912 0.553405
861.181 3.96976 0.0379088 -0.143731 1.01099
748.728 211.537 0.165827 -0.0503647 0.911486
633.393 68.1432 0.0859942 0.0508359 1.11333
523.039 197.878 0.162331 0.126097 0.941461
561.551 225.24 0.187341 0.1016 0.945196
901.866 327.915 0.493012 -0.400288 1.20127
808.322 637.459 0.0263806 -0.0187032 0.500566
570.264 278.296 0.227468 0.0977777 0.927063
703.259 287.93 0.245082 -0.0149948 0.935596
781.801 364.202 0.334866 -0.0928788 0.933202
740.39 287.325 0.238086 -0.0470005 0.923021
767.65 335.976 0.112878 -0.0341607 0.681301
801.841 216.168 0.184946 -0.0998131 0.947934
769.525 161.229 0.141569 -0.0708343 0.956576
844.006 403.447 0.111297 -0.0534684 0.643015
872.348 610.899 0.117822 -0.0484717 0.575879
753.362 327.613 0.135915 -0.0333065 0.719223
662.471 273.429 0.217327 0.0180695 0.912931
703.278 325.93 0.263328 -0.0140776 0.902758
823.17 319.675 0.285226 -0.129522 0.938746
797.93 448.042 0.0552505 -0.0261469 0.565498
567.722 24.3725 0.0478392 0.0770749 0.9728
670.498 322.945 0.693582 0.110929 1.5276
776.587 99.7997 -0.202237 0.00573497 0.229363
653.052 289.789 0.244834 0.0296778 0.934105
661.676 332.525 0.288523 0.0250567 0.929602
690.392 427.284 0.110473 -0.00634109 0.633633
553.285 222.797 0.18288 0.106087 0.939738
694.057 242.846 0.204436 -0.00808007 0.942182
694.286 244.376 0.2018 -0.00835344 0.933365
709.529 302.423 0.676043 -0.0246761 1.63146
670.125 563.232 0.0845145 -0.00146833 0.564413
828.556 328.264 0.302887 -0.140147 0.948805
619.271 175.316 0.149238 0.0499837 0.952173
523.688 440.582 -0.184735 0.000738197 0.261624
773.756 106.5 -0.200644 0.00561865 0.231626
608.279 414.078 0.116559 0.0192472 0.647313
564.121 548.708 0.0798438 0.0195708 0.565004
692.461 22.2529 0.0472755 -0.0112245 1.14355
520.935 162.301 -0.175597 0.000291588 0.267761
671.36 585.815 0.0695265 -0.00207733 0.5465
900.286 327.083 0.49906 -0.405575 1.21218
857.978 120.961 0.117406 -0.146407 0.982529
740.163 287.744 0.254261 -0.0496416 0.950061
837.641 278.01 0.644991 -0.580726 1.762
812.097 215.024 0.188538 -0.111526 0.959282
693.835 39.6243 0.0588188 -0.0115323 1.22932
560.843 543.093 0.0805594 0.0205082 0.567118
845.252 404.398 0.111905 -0.0539584 0.643253
704.619 288.007 0.244493 -0.0162005 0.934386
781.621 220.918 0.18478 -0.080995 0.938064
806.093 60.0322 -0.206295 0.00621677 0.223368
811.781 167.072 -0.214648 0.00650573 0.213575
789.354 263.804 -0.183813 0.00469272 0.258696
860.632 176.112 -0.167459 0.00474166 0.280173
791.225 440.21 0.0582636 -0.0256652 0.57102
702.82 131.686 0.152946 -0.0176479 1.88715
838.906 256.499 0.252031 -0.159218 1.00651
781.943 243.4 0.216285 -0.0880156 0.96296
571.029 8.03425 0.0386513 0.0801591 1.0061
825.637 244.615 0.226005 -0.13396 0.979446
691.133 88.8243 0.0904623 -0.00944162 0.972051
580.469 98.4146 0.0949271 0.0742554 0.965025
622.541 94.8271 0.0929621 0.0424315 0.965487
656.829 243.386 0.208332 0.0246163 0.951391
486.276 136.201 0.124153 0.15872 0.9808
533.045 170.619 0.145357 0.118544 0.955911
