694.733 244.453 0.209775 -0.00902926 0.953818
606.995 245.801 0.209368 0.0675474 0.95401
778.764 214.715 0.183219 -0.0806792 0.951345
768.442 161.223 0.141138 -0.0702883 0.958718
690.527 89.5936 0.0903212 -0.00935218 0.971173
866.682 86.6004 0.0888368 -0.142115 0.9641
529.863 169.681 0.142753 0.118046 0.952167
577.861 94.0261 0.0907525 0.0736392 0.960301
622.228 92.6136 0.091627 0.0423756 0.97005
530.678 169.511 0.143262 0.118176 0.954389
851.579 139.596 0.12761 -0.138053 0.967604
724.867 219.391 0.187076 -0.0352828 0.953076
776.134 215.036 0.195078 -0.0841702 0.981809
487.953 144.095 0.131366 0.1607 0.988292
691.256 81.2939 0.0839763 -0.0101168 0.965686
622.013 86.3878 0.0865701 0.0412176 0.96405
870.686 114.228 0.10168 -0.136784 0.930247
774.306 163.644 0.160123 -0.0864924 1.02393
828.643 219.762 0.191093 -0.125838 0.957677
743.672 243.877 0.212533 -0.0526937 0.958911
578.995 90.2938 0.0890509 0.0736005 0.965722
743.297 244.341 0.213176 -0.0524208 0.959359
846.702 226.665 0.203427 -0.147826 0.971387
854.274 136.625 0.12411 -0.137969 0.961966
507.312 189.346 0.0985649 0.0772313 0.785939
568.373 247.267 0.21278 0.103142 0.96019
553.021 222.826 0.183159 0.105981 0.94321
565.904 247.596 0.201793 0.0972819 0.935606
780.213 244.36 0.209787 -0.0838607 0.95025
851.637 220.883 0.188736 -0.142734 0.948252
781.887 242.563 0.206335 -0.0843836 0.946317
782.428 244.881 0.209914 -0.0856684 0.949355
719.89 217.558 0.183516 -0.0308086 0.94834
846.59 272.332 0.245063 -0.152001 0.961686
847.723 145.463 0.135132 -0.139891 0.980518
746.811 245.335 0.208155 -0.0540513 0.946175
745.251 242.875 0.203455 -0.0520248 0.940955
749.382 245.135 0.201557 -0.0545434 0.932209
695.132 244.177 0.209459 -0.00938834 0.95368
694.155 246.544 0.208004 -0.00857297 0.945692
761.776 214.258 0.181234 -0.0657547 0.947993
523.176 196.012 0.162792 0.127313 0.949941
690.738 44.7525 0.065954 -0.00902563 1.15255
490.61 171.848 0.111428 0.10558 0.84745
683.239 397.374 0.143569 -0.00379574 0.687865
602.968 246.174 0.204364 0.0683263 0.942436
781.012 280.36 0.247146 -0.0881232 0.952905
792.485 572.319 0.0779257 -0.0250219 0.557969
592.931 430.785 0.11171 0.0221057 0.637103
570.956 283.359 0.23755 0.100655 0.939287
653.04 245.415 0.188359 0.0222853 0.907249
581.201 96.1978 0.0938797 0.0738146 0.971127
792.804 227.964 0.198018 -0.0952482 0.957851
824.873 433.227 0.480839 -0.1694 0.965648
657.966 246.16 0.207166 0.0224498 0.946216
691.99 31.9065 0.0540731 -0.0106471 1.17071
571.309 354.776 0.471591 0.206634 1.12798
492.35 328.004 0.29627 0.194046 0.958645
856.064 152.87 0.139629 -0.145772 0.97404
830.923 243.947 0.214638 -0.131787 0.959416
823.041 322.173 0.285177 -0.129096 0.937936
791.349 286.249 0.225205 -0.0865513 0.90391
820.24 288.503 0.264236 -0.130437 0.965445
483.398 135.896 0.123051 0.158586 0.97932
616.765 292.789 0.239799 0.0587621 0.924963
844.515 273.82 0.252404 -0.154531 0.972412
571.629 515.349 0.405804 0.105278 0.825584
729.292 217.278 0.179372 -0.0379236 0.938009
778.414 411.383 0.109246 -0.0327623 0.640415
598.657 247.452 0.202091 0.070322 0.935164
953.603 183.836 0.201614 -0.312857 1.09322
746.2 282.645 0.235391 -0.0528376 0.929384
504.601 418.961 0.106355 0.0470448 0.637347
878.583 197.009 0.176167 -0.171037 0.970272
875.257 200.557 0.183361 -0.173731 0.98199
815.028 221.134 0.190913 -0.113227 0.954737
838.65 325.494 0.294369 -0.147609 0.944686
567.047 330.589 0.14268 0.0469769 0.732806
562.051 245.477 0.19976 0.10001 0.935453
862.196 92.0469 0.0941833 -0.143163 0.97552
552.138 341.806 0.147336 0.0538834 0.731199
686.611 552.697 0.0806334 -0.00494331 0.565951
838.084 240.68 0.21698 -0.142077 0.971393
687.317 6.21166 0.0375542 -0.00802262 1.05755
568.162 284.139 0.236252 0.101983 0.935689
836.15 322.623 0.297621 -0.148438 0.954275
782.088 244.418 0.202906 -0.0824 0.935137
814.515 335.789 0.154056 -0.0642311 0.739653
875.204 626.041 0.115169 -0.0476498 0.572417
872.468 332.748 0.175926 -0.103155 0.770838
876.468 198.915 0.181027 -0.173471 0.979536
738.937 289.336 0.251683 -0.0484177 0.946087
699.309 325.895 0.176077 -0.0113254 0.781572
841.062 286.428 0.250697 -0.142837 0.945217
566.802 286.108 0.237527 0.103129 0.934544
801.169 634.131 0.028007 -0.018 0.504614
908.43 550.212 0.0744039 -0.0471484 0.559348
766.264 162.298 0.143809 -0.0696221 0.965576
696.968 332.936 0.282138 -0.00883349 0.921848
664.466 305.39 0.58133 0.104502 1.46114
655.568 244.404 0.207974 0.0249639 0.951682
667.511 582.193 0.0714417 -0.00139443 0.551227
658.555 282.22 0.24087 0.0243581 0.943577
715.155 230.162 0.194502 -0.0268022 0.948138
560.168 555.263 0.0797896 0.0200227 0.565618
849.61 219.526 0.183572 -0.137261 0.938527
817.318 329.062 0.158939 -0.0682937 0.751763
713.77 225.854 0.17918 -0.0246516 0.920593
747.385 216.664 0.176574 -0.0518866 0.931478
757.11 411.698 0.142023 -0.0309322 0.676983
685.111 382.213 0.189459 -0.00325144 0.75107
862.745 92.1935 0.0936291 -0.142068 0.970916
827.328 218.802 0.188547 -0.123261 0.953512
560.424 538.868 0.0828737 0.0209803 0.572597
576.293 335.442 0.290496 0.104725 0.934472
839.907 292.882 0.372669 -0.227405 1.1396
601.124 421.959 0.102146 0.0183083 0.63016
683.421 168.762 0.143797 -0.00203225 0.951177
825.068 476.114 0.180342 -0.0601293 0.679552
826.849 577.373 0.261837 -0.0706625 0.686701
606.19 283.408 0.23707 0.0693662 0.936856
824.977 475.133 0.181104 -0.0603905 0.68074
786.11 289.538 0.257156 -0.0938215 0.952972
882.919 457.089 0.217666 -0.101573 0.722561
775.419 459.246 0.0616504 -0.0225423 0.571697
618.462 6.88475 0.0378592 0.0491588 1.04794
629.667 330.421 0.174104 0.0257572 0.776257
689.21 544.955 0.0804208 -0.00550116 0.567721
566.666 285.361 0.236567 0.102967 0.934157
756.144 167.256 0.174717 -0.0757607 1.07123
764.488 158.109 0.135872 -0.0654239 0.948275
648.674 291.334 0.240193 0.0316707 0.926787
836.148 324.334 0.302259 -0.150243 0.957838
602.296 243.883 0.199122 0.0669502 0.935487
573.035 334.81 0.288591 0.107039 0.932984
775.05 634.594 0.122717 -0.025331 0.576348
802.506 217.154 0.183384 -0.0995957 0.945256
629.772 327.698 0.176086 0.0263385 0.781605
694.414 436.832 0.108375 -0.0075779 0.629729
681.476 612.002 0.128674 -0.00304866 0.587729
691.912 429.375 0.111123 -0.00692828 0.635811
855.45 153.787 0.140061 -0.144969 0.972853
547.705 222.486 0.178414 0.106409 0.932304
574.451 7.4225 0.0381096 0.0838335 1.03999
564.83 599.521 0.0666956 0.0159703 0.544257
532.101 169.425 0.143845 0.117846 0.956626
913.652 468.878 0.0490275 -0.0440572 0.554801
860.661 5.10853 0.0382051 -0.143397 1.01238
747.875 212.828 0.166123 -0.0500308 0.912883
632.512 68.8924 0.0862905 0.0511699 1.11473
521.473 198.833 0.162628 0.126431 0.942857
560.125 226.292 0.187637 0.101934 0.946592
901.366 329.053 0.493308 -0.399954 1.20266
568.809 279.509 0.227764 0.0981117 0.928459
702.275 289.265 0.245378 -0.0146609 0.936992
781.021 365.733 0.335162 -0.0925449 0.934598
739.502 288.718 0.238382 -0.0466666 0.924417
766.567 338.406 0.113175 -0.0338267 0.682698
801.145 217.467 0.185242 -0.0994791 0.949331
768.777 162.403 0.141865 -0.0705003 0.957972
843.237 406.473 0.111594 -0.0531345 0.644411
871.654 615.71 0.118118 -0.0481377 0.577275
752.266 329.787 0.136211 -0.0329725 0.720619
661.333 274.746 0.217623 0.0184034 0.914327
702.244 327.411 0.263624 -0.0137436 0.904154
822.497 321.155 0.285522 -0.129188 0.940142
796.891 452.216 0.0555468 -0.0258129 0.566894
566.496 25.0265 0.0481355 0.0774088 0.974196
669.851 323.647 0.693878 0.111263 1.52899
744.876 107.486 -0.201941 0.00606895 0.230759
651.905 291.087 0.24513 0.0300117 0.935501
660.537 333.927 0.288819 0.0253907 0.930998
688.777 430.411 0.110769 -0.00600712 0.635029
551.819 223.844 0.183176 0.106421 0.941135
693.069 244.079 0.204732 -0.0077461 0.943579
693.288 245.628 0.202096 -0.00801947 0.934761
709 303.09 0.67634 -0.0243421 1.63286
668.111 567.992 0.0848108 -0.00113436 0.565809
827.899 329.738 0.303183 -0.139813 0.950201
618.091 176.326 0.149535 0.0503177 0.95357
503.383 445.128 -0.184439 0.00107217 0.26302
743.778 113.715 -0.200348 0.00595262 0.233022
606.233 416.974 0.116855 0.0195812 0.648709
561.333 553.344 0.0801401 0.0199047 0.5664
691.754 23.0747 0.0475719 -0.0108906 1.14494
502.998 164.5 -0.175301 0.000625559 0.269157
669.285 591.097 0.0698228 -0.00174336 0.547896
899.787 328.208 0.499357 -0.405241 1.21357
857.42 122.187 0.117702 -0.146073 0.983925
739.301 289.083 0.254557 -0.0493076 0.951457
837.19 278.76 0.645288 -0.580392 1.76339
811.429 216.316 0.188834 -0.111192 0.960678
693.183 40.439 0.0591151 -0.0111983 1.23071
558.046 547.656 0.0808557 0.0208421 0.568514
844.489 407.425 0.112201 -0.0536245 0.644649
703.638 289.346 0.244789 -0.0158666 0.935782
780.871 222.217 0.185077 -0.080661 0.93946
769.103 68.6649 -0.205998 0.00655075 0.224764
754.504 186.696 -0.214352 0.0068397 0.214972
770.217 267.904 -0.183516 0.00502669 0.260092
844.69 177.444 -0.167163 0.00507563 0.28157
790.142 444.246 0.0585599 -0.0253313 0.572416
702.416 132.369 0.153242 -0.0173139 1.88854
838.3 257.796 0.252328 -0.158884 1.00791
781.205 244.69 0.216581 -0.0876817 0.964356
569.879 8.65499 0.0389476 0.0804931 1.0075
824.999 245.927 0.226302 -0.133626 0.980842
690.235 89.7739 0.0907586 -0.00910765 0.973447
579.224 99.2181 0.0952235 0.0745894 0.966421
621.435 95.6871 0.0932584 0.0427655 0.966883
655.737 244.565 0.208628 0.0249503 0.952787
484.684 136.922 0.124449 0.159054 0.982197
531.565 171.505 0.145654 0.118878 0.957307
