516.165 1.5756 0.15762 0.0671474 0.743923
727.939 214.683 0.244448 -0.500355 4.93267
712.212 204.149 -0.101433 -0.133423 5.50063
718.496 135.012 -0.125678 -0.198465 3.64864
541.497 9.76696 0.0257381 0.442561 1.96249
795.981 78.6935 0.180772 -0.0429833 0.712328
908.553 57.7317 0.181463 -0.0986482 0.745722
920.324 76.1846 0.186593 -0.101318 0.735087
792.585 101.726 0.20434 -0.0520177 0.762879
906.315 64.4012 0.183909 -0.0976798 0.74438
719.638 173.329 0.224235 -0.0142979 0.72487
564.612 220.969 0.257702 0.0627438 0.74988
750.739 221.983 0.26823 -0.0346509 0.765024
901.29 189.538 0.242011 -0.106228 0.743192
827.581 185.627 0.231057 -0.0637288 0.724453
713.621 189.974 0.246296 -0.0136942 0.757988
854.97 227.202 0.286344 -0.103366 0.792055
685.499 219.205 0.258682 0.00125724 0.750496
932.532 156.407 0.234696 -0.129999 0.768276
800.614 222.604 0.271304 -0.063431 0.769041
879.914 177.365 0.229383 -0.0889096 0.72859
627.107 212.694 0.242375 0.0283155 0.725198
561.219 217.659 0.251047 0.0618842 0.739797
762.947 259.601 0.243213 -0.0290911 0.680697
481.241 258.19 0.237552 0.0822531 0.67839
815.857 203.659 0.223031 -0.050478 0.689062
517.001 224.919 0.266396 0.0916881 0.764733
919.236 96.936 0.200195 -0.10967 0.752466
494.522 345.15 0.286375 0.0885797 0.686152
487.841 376.965 0.406318 0.153731 0.802131
822.516 273.655 0.261731 -0.0592661 0.698335
879.874 209.72 0.244149 -0.0904812 0.725446
884.562 336.048 0.296286 -0.0928762 0.695585
813.62 205.986 0.232429 -0.0538768 0.706492
889.272 208.007 0.236871 -0.0895274 0.711858
915.453 174.839 0.221515 -0.0983386 0.711825
894.138 325.951 0.297144 -0.100614 0.704507
907.69 180.913 0.230447 -0.101426 0.7263
636.186 220.439 0.243477 0.0239554 0.719257
876.872 272.286 0.263007 -0.0848558 0.700178
914.973 248.115 0.25286 -0.101594 0.703434
830.087 273.053 0.252856 -0.0586138 0.684352
836.181 282.067 0.265982 -0.065862 0.697643
682.968 263.561 0.247205 0.00345486 0.686123
686.317 262.566 0.21149 0.00303539 0.627195
760.814 209.765 0.23415 -0.0311222 0.70765
492.74 178.935 0.223363 0.0847247 0.722055
760.942 339.451 0.285547 -0.0305626 0.682516
630.139 252.981 0.238133 0.0243842 0.680206
622.018 207.527 0.222137 0.0267631 0.688057
481.537 182.906 0.225091 0.0899046 0.722119
612.324 333.688 0.262818 0.0322729 0.660253
536.229 210.291 0.227428 0.0626882 0.698487
725.411 166.886 0.212699 -0.0150688 0.703545
617.679 260.763 0.232896 0.0280214 0.665505
487.004 406.561 0.296615 0.0872911 0.657712
538.628 591.95 0.188318 0.0314018 0.491713
506.665 398.924 0.321389 0.0907642 0.68881
481.722 263.589 0.240855 0.0830873 0.679887
821.521 392.401 0.27915 -0.0486219 0.639583
542.491 264.276 0.24416 0.0603648 0.683626
812.685 209.546 0.236158 -0.0546725 0.71075
681.059 261.144 0.247759 0.00420748 0.689076
810.55 255.419 0.24934 -0.0516754 0.69348
499.33 218.441 0.236944 0.0822163 0.711316
880.305 389.123 0.326194 -0.0945027 0.69051
524.84 413.35 0.26336 0.0593052 0.617579
765.556 341.535 0.281329 -0.0314999 0.675513
808.029 163.893 0.215694 -0.0509369 0.712215
504.131 345.047 0.29384 0.0879491 0.695673
752.131 217.456 0.256966 -0.0328134 0.747038
554.98 334.575 0.268769 0.0567458 0.668916
814.465 338.324 0.291229 -0.0568253 0.689252
894.494 328.926 0.300021 -0.101775 0.705834
792.524 76.9996 0.179432 -0.0411142 0.709849
811.715 628.794 0.174979 -0.00911858 0.472221
676.227 203.738 0.2151 0.00543177 0.675587
880.09 385.551 0.357938 -0.111601 0.726637
935.071 371.162 0.345376 -0.140678 0.723596
764.611 392.865 0.312982 -0.0329802 0.677054
848.096 189.589 0.252557 -0.087775 0.76938
926.882 161.534 0.24129 -0.132552 0.778833
873.272 345.731 0.79717 -0.473323 1.26318
657.415 304.742 0.644691 0.0854827 1.26036
942.895 105.197 -0.0770656 0.0279273 0.194155
869.533 221.012 0.282555 -0.111899 0.792307
875.846 324.373 0.286326 -0.085855 0.691901
512.334 148.701 0.232928 0.0925823 0.787632
755.995 213.937 0.244883 -0.03166 0.725752
673.24 302.718 0.568729 0.0364099 1.14624
654.5 440.262 0.178527 0.0121659 0.515455
687.73 29.0762 0.198384 -0.00614892 1.06097
884.259 275.382 0.288222 -0.104397 0.737758
629.179 342.163 0.286614 0.0286885 0.685246
870.013 321.023 0.289638 -0.08567 0.699148
807.399 256.208 0.254645 -0.0524163 0.702018
939.218 337.731 0.140026 -0.0271706 0.491792
615.048 330.761 0.271297 0.0328147 0.673545
605.809 16.0643 -0.0603701 0.0224295 0.213728
663.581 351.139 0.130244 0.0103967 0.478156
663.823 304.869 0.72376 0.093846 1.38472
837.738 175.352 0.225966 -0.0676237 0.723791
757.441 339.003 0.290164 -0.0299655 0.688867
485.821 354.924 0.127891 0.0308059 0.475514
530.96 483.245 0.156053 0.0287803 0.483537
561.448 331.836 0.276405 0.0568315 0.680952
845.31 524.545 -0.0435835 0.0232244 0.249372
782.604 225.499 0.149778 -0.0120524 0.539196
799.93 197.876 0.122709 -0.00835858 0.500369
618.704 130.853 0.219554 0.0334265 0.771619
812.718 263.383 0.259277 -0.0555691 0.703429
876.471 212.681 0.264178 -0.103998 0.764301
759.299 232.021 0.279825 -0.0413893 0.77571
805.068 216.908 0.257449 -0.0602381 0.747151
604.921 276.636 -0.058571 0.0217356 0.222281
763.082 167.499 0.212906 -0.0303924 0.702551
795.07 82.3015 0.182729 -0.04313 0.714442
874.14 381.444 0.336815 -0.0983578 0.707799
903.527 183.984 0.232647 -0.100465 0.728026
615.55 275.654 0.252078 0.0317547 0.686097
623.488 437.503 -0.0846457 0.0250675 0.189235
760.934 281.713 -0.060241 0.0241422 0.220238
631.335 138.042 0.229659 0.0291294 0.791687
866.54 269.779 0.290702 -0.0982045 0.748176
636.258 60.2496 0.22674 0.0549959 1.13929
618.81 5.99751 -0.0600391 0.0225886 0.213943
607.537 112.078 -0.0836162 0.025205 0.185708
628.666 38.0608 0.205794 0.0533772 1.07432
643.607 346.146 0.101973 0.0126689 0.441798
843.028 140.097 0.0896212 -0.00426509 0.452493
774.508 181.72 0.24359 -0.0454706 0.760496
493.978 118.635 0.201247 0.0824973 0.734291
897.731 80.2748 0.194597 -0.10094 0.760451
717.62 130.187 -0.127007 -0.184452 3.57137
