517.037 3.74971 0.157672 0.0671602 0.744111
727.981 215.034 0.244499 -0.500342 4.93286
712.269 204.552 -0.101381 -0.13341 5.50082
718.566 135.643 -0.125626 -0.198452 3.64883
541.99 11.0348 0.0257898 0.442574 1.96268
796.817 80.6634 0.180824 -0.0429705 0.712516
909.319 59.5156 0.181514 -0.0986354 0.74591
921.12 77.9748 0.186645 -0.101306 0.735275
793.316 103.466 0.204392 -0.0520049 0.763067
907.085 66.1823 0.183961 -0.097667 0.744568
720.441 175.163 0.224287 -0.014285 0.725059
565.373 222.737 0.257754 0.0627566 0.750068
751.464 223.584 0.268282 -0.0346381 0.765212
902.09 191.164 0.242063 -0.106215 0.74338
828.398 187.38 0.231109 -0.063716 0.724641
714.359 191.662 0.246348 -0.0136814 0.758176
855.674 228.646 0.286396 -0.103353 0.792243
686.246 220.901 0.258734 0.00127007 0.750684
933.286 157.961 0.234748 -0.129986 0.768464
801.34 224.161 0.271356 -0.0634182 0.769229
880.734 179.077 0.229435 -0.0888968 0.728778
627.905 214.533 0.242427 0.0283283 0.725386
561.999 219.472 0.251099 0.061897 0.739985
763.848 261.516 0.243265 -0.0290783 0.680886
482.138 260.28 0.237604 0.0822659 0.678578
816.755 205.562 0.223083 -0.0504651 0.68925
517.75 226.657 0.266448 0.091701 0.764921
920 98.632 0.200247 -0.109657 0.752654
495.35 347.088 0.286427 0.0885926 0.68634
488.46 378.417 0.40637 0.153744 0.802319
823.393 275.433 0.261783 -0.0592533 0.698523
880.707 211.409 0.244201 -0.0904683 0.725634
885.48 337.75 0.296338 -0.0928634 0.695773
814.474 207.803 0.23248 -0.053864 0.70668
890.138 209.751 0.236922 -0.0895146 0.712046
916.323 176.605 0.221566 -0.0983258 0.712013
895.041 327.614 0.297196 -0.100601 0.704695
908.526 182.614 0.230499 -0.101413 0.726488
636.993 222.288 0.243529 0.0239683 0.719445
877.769 274.026 0.263059 -0.0848429 0.700366
915.877 249.841 0.252912 -0.101582 0.703622
831.001 274.897 0.252908 -0.0586009 0.68454
837.065 283.833 0.266034 -0.0658492 0.697832
683.838 265.489 0.247257 0.0034677 0.686311
687.36 264.859 0.211542 0.00304823 0.627383
761.654 211.604 0.234202 -0.0311093 0.707839
493.588 180.916 0.223415 0.0847376 0.722243
761.828 341.279 0.285598 -0.0305498 0.682704
631.022 254.982 0.238184 0.024397 0.680394
622.896 209.549 0.222188 0.026776 0.688245
482.387 184.888 0.225143 0.0899174 0.722307
613.227 335.723 0.26287 0.0322857 0.660441
537.095 212.308 0.22748 0.062701 0.698675
726.262 168.821 0.212751 -0.0150559 0.703733
618.596 262.845 0.232948 0.0280342 0.665693
487.861 408.598 0.296667 0.087304 0.6579
540.248 595.769 0.18837 0.0314146 0.491901
507.454 400.787 0.321441 0.0907771 0.688998
482.612 265.663 0.240907 0.0831002 0.680075
822.552 394.411 0.279202 -0.0486091 0.639771
543.364 266.295 0.244211 0.0603777 0.683814
813.529 211.34 0.23621 -0.0546597 0.710938
681.922 263.06 0.24781 0.00422031 0.689264
811.434 257.246 0.249392 -0.0516626 0.693668
500.175 220.409 0.236996 0.0822292 0.711504
881.237 390.814 0.326246 -0.0944899 0.690698
525.818 415.642 0.263412 0.0593181 0.617767
766.46 343.397 0.281381 -0.0314871 0.675701
808.868 165.739 0.215746 -0.0509241 0.712403
504.938 346.932 0.293892 0.087962 0.695861
752.888 219.127 0.257018 -0.0328006 0.747226
555.854 336.588 0.268821 0.0567586 0.669104
815.358 340.092 0.291281 -0.0568124 0.68944
895.394 330.58 0.300072 -0.101762 0.706022
793.366 78.9854 0.179484 -0.0411014 0.710037
813.765 632.963 0.175031 -0.00910574 0.472409
677.137 205.797 0.215151 0.0054446 0.675775
880.945 387.081 0.35799 -0.111589 0.726825
935.973 372.688 0.345428 -0.140665 0.723785
765.503 394.677 0.313034 -0.0329673 0.677242
848.83 191.154 0.252609 -0.0877622 0.769568
927.616 163.05 0.241342 -0.132539 0.779021
873.688 346.347 0.797222 -0.47331 1.26336
657.748 305.495 0.644742 0.0854955 1.26055
938.977 96.7357 -0.0770139 0.0279402 0.194343
870.24 222.453 0.282606 -0.111886 0.792495
876.766 326.107 0.286378 -0.0858422 0.692089
513.089 150.479 0.232979 0.0925952 0.78782
756.795 215.695 0.244934 -0.0316472 0.72594
673.616 303.564 0.56878 0.0364227 1.14643
656.065 443.689 0.178579 0.0121788 0.515643
885.079 276.951 0.288274 -0.104384 0.737946
630.018 344.041 0.286665 0.0287013 0.685434
870.913 322.728 0.28969 -0.0856572 0.699336
808.261 257.994 0.254697 -0.0524035 0.702206
941.255 341.608 0.140078 -0.0271578 0.49198
615.918 332.72 0.271349 0.0328275 0.673733
601.396 7.44135 -0.0603184 0.0224423 0.213917
665.593 355.51 0.130296 0.0104096 0.478344
664.118 305.534 0.723812 0.0938589 1.38491
838.557 177.114 0.226018 -0.0676108 0.72398
758.309 340.8 0.290215 -0.0299526 0.689055
487.776 359.468 0.127942 0.0308188 0.475702
532.747 487.385 0.156104 0.0287931 0.483725
562.294 333.781 0.276457 0.0568444 0.68114
839.972 513.38 -0.0435317 0.0232372 0.24956
784.132 228.7 0.14983 -0.0120395 0.539384
619.445 132.639 0.219605 0.0334393 0.771807
813.579 265.152 0.259328 -0.0555562 0.703617
877.226 214.219 0.26423 -0.103985 0.764489
760.007 233.569 0.279877 -0.0413765 0.775898
805.834 218.548 0.2575 -0.0602253 0.747339
600.493 267.833 -0.0585193 0.0217485 0.222469
763.938 169.413 0.212958 -0.0303796 0.702739
795.901 84.2573 0.182781 -0.0431172 0.71463
875.028 383.06 0.336866 -0.098345 0.707987
904.358 185.676 0.232699 -0.100452 0.728214
616.41 277.605 0.25213 0.0317675 0.686285
632.041 139.745 0.229711 0.0291422 0.791875
636.701 61.5195 0.226792 0.0550087 1.13947
602.907 103.359 -0.0835644 0.0252178 0.185897
629.15 39.4431 0.205846 0.05339 1.07451
646.235 351.88 0.102025 0.0126818 0.441986
845.684 145.514 0.089673 -0.00425225 0.452681
775.244 183.371 0.243641 -0.0454577 0.760684
494.832 120.658 0.201299 0.0825102 0.734479
898.47 81.9805 0.194649 -0.100927 0.760639
717.693 130.835 -0.126955 -0.184439 3.57155
