518.989 4.79425 0.156895 0.0671763 0.743854
728.235 214.967 0.244282 -0.500322 4.93159
712.51 204.46 -0.102085 -0.133375 5.50062
718.965 134.981 -0.12592 -0.197853 3.63828
542.861 11.1233 0.0251084 0.442797 1.96338
798.736 81.9448 0.180019 -0.0429092 0.712208
910.036 61.4546 0.181437 -0.0987665 0.747403
922.859 79.3376 0.185938 -0.101227 0.735124
791.818 106.152 0.204921 -0.0508591 0.76479
907.392 68.3055 0.184203 -0.0979838 0.747013
722.104 176.225 0.22328 -0.0142081 0.724312
566.717 223.529 0.256614 0.0626972 0.749118
753.083 224.384 0.267026 -0.0345837 0.764104
904.039 192.261 0.240965 -0.106029 0.742435
830.166 188.558 0.23017 -0.0636148 0.724021
715.877 192.485 0.24492 -0.0135605 0.75654
857.244 229.466 0.285225 -0.103157 0.791267
687.702 221.779 0.257479 0.00132131 0.749497
935.233 158.933 0.233646 -0.129725 0.76745
802.872 224.991 0.270369 -0.0633553 0.768665
882.678 180.229 0.228382 -0.0887379 0.727925
629.31 215.62 0.24168 0.0284434 0.725119
563.378 220.338 0.250001 0.0618527 0.739086
765.245 262.968 0.242997 -0.02904 0.681393
481.814 210.616 0.219851 0.081864 0.688002
484.219 262.108 0.237359 0.082353 0.678692
817.576 207.171 0.223294 -0.0504884 0.690833
518.781 227.356 0.265219 0.0916553 0.763785
922.026 99.6225 0.19926 -0.109493 0.751911
497.168 347.966 0.286108 0.0887272 0.686718
495.391 377.671 0.415591 0.156028 0.814187
824.909 276.815 0.261253 -0.0592619 0.698548
881.208 213.189 0.244675 -0.0906784 0.727365
886.924 339.137 0.295748 -0.0928671 0.695645
816.068 209.39 0.232045 -0.053885 0.706813
891.641 211.384 0.236511 -0.0895596 0.712191
917.995 178.109 0.220966 -0.0983307 0.71198
896.471 328.992 0.2966 -0.100598 0.704544
909.144 184.389 0.230693 -0.101595 0.727896
638.472 223.966 0.243391 0.0241237 0.719836
879.276 275.436 0.262493 -0.0848494 0.700339
917.82 251.133 0.251966 -0.101524 0.703084
831.926 276.783 0.252973 -0.0585402 0.68521
838.853 285.166 0.26494 -0.0657273 0.697011
685.65 266.547 0.24717 0.00342136 0.687339
689.376 266.537 0.211253 0.00306239 0.627952
762.854 213.55 0.234478 -0.0310991 0.709034
495.032 181.84 0.222436 0.0847313 0.721561
763.274 342.569 0.285107 -0.0305379 0.682757
632.721 256.278 0.237558 0.024452 0.680354
624.006 211.117 0.221385 0.0270431 0.687658
483.383 185.795 0.223863 0.0898614 0.720938
614.987 336.957 0.262532 0.0323466 0.660777
538.951 213.546 0.226987 0.0627941 0.698877
728.02 170.028 0.211841 -0.0149871 0.703202
620.549 265.656 0.233598 0.0281829 0.666745
489.313 409.63 0.296122 0.0874705 0.657893
543.685 596.675 0.188286 0.0315168 0.492732
508.936 401.674 0.320981 0.0908926 0.68905
484.341 266.966 0.240269 0.0831728 0.679907
826.855 397.415 0.271217 -0.04709 0.630889
545.2 267.527 0.243752 0.0604619 0.68401
815.117 212.662 0.235614 -0.0546514 0.710963
683.555 264.374 0.247298 0.00425805 0.689369
813.749 258.481 0.248096 -0.0516891 0.692555
501.809 221.487 0.236284 0.0822896 0.711295
882.584 392.18 0.325632 -0.0944705 0.690496
535.469 413.168 0.27322 0.0602581 0.630573
767.949 344.715 0.280873 -0.0314816 0.675747
810.698 166.972 0.214843 -0.050843 0.711864
506.309 347.996 0.293179 0.0880394 0.695565
754.548 220 0.255769 -0.0327244 0.74613
557.567 337.746 0.268337 0.0568376 0.66922
816.743 341.376 0.290841 -0.0568352 0.689565
896.326 331.785 0.300092 -0.101937 0.706811
794.944 80.4933 0.178714 -0.0408802 0.709576
815.68 632.614 0.175329 -0.00917692 0.473804
679.499 206.839 0.212757 0.00529589 0.672472
882.973 388.977 0.355822 -0.111028 0.724366
937.292 373.986 0.344827 -0.140671 0.723556
766.046 394.971 0.31442 -0.033027 0.679895
851.802 191.812 0.250063 -0.0872465 0.765547
929.76 163.886 0.240041 -0.132219 0.777606
874.113 346.906 0.798168 -0.474004 1.26378
657.255 305.737 0.63286 0.0843754 1.24224
933.747 88.6219 -0.0777936 0.0280839 0.195151
872.204 223.276 0.280996 -0.111525 0.790586
878.041 327.286 0.286059 -0.0859505 0.692517
516.703 152.95 0.234494 0.0928873 0.791522
757.861 217.544 0.245935 -0.0317944 0.728551
674.102 304.009 0.566113 0.0363541 1.14223
658.885 445.519 0.178343 0.0122229 0.516348
887.043 278.591 0.287221 -0.104237 0.736679
631.536 345.2 0.286123 0.0287501 0.685418
872.505 324.12 0.2889 -0.0856097 0.69893
808.597 260.242 0.257344 -0.0530637 0.706925
943.628 344.503 0.139657 -0.0271871 0.492602
617.536 333.937 0.270812 0.0328798 0.673759
669.448 358.364 0.130072 0.0104376 0.479248
663.381 305.746 0.706694 0.0921032 1.35788
839.915 178.39 0.225951 -0.0678771 0.72534
759.744 342.312 0.289009 -0.0297753 0.688
492.799 362.236 0.127703 0.0309091 0.476586
536.965 488.693 0.156078 0.0288903 0.484804
563.163 335.694 0.273705 0.0564434 0.677656
830.436 506.157 -0.0444697 0.0233399 0.250118
786.466 231.709 0.149958 -0.0121249 0.540777
621.112 133.904 0.21917 0.0334876 0.772
815.858 266.153 0.25716 -0.0552546 0.701218
880.883 214.172 0.260537 -0.103076 0.759336
762.501 232.253 0.272735 -0.0403061 0.765706
807.085 219.951 0.257329 -0.0602681 0.747903
591.554 260.301 -0.059588 0.021848 0.222871
766.042 170.563 0.212012 -0.030425 0.702209
798.325 84.3928 0.181033 -0.0428799 0.712506
907.8 186.626 0.230122 -0.0995856 0.724093
617.956 278.886 0.251276 0.031813 0.685809
638.239 64.1349 0.228478 0.0552833 1.14414
600.52 101.607 -0.0847846 0.0253918 0.186266
633.922 52.9413 0.217097 0.0544851 1.10489
651.616 355.397 0.102027 0.0127012 0.44332
850.085 149.648 0.0888841 -0.00419104 0.453008
776.702 184.712 0.243255 -0.045478 0.760898
496.65 121.776 0.200838 0.0827532 0.735025
894.293 330.793 0.303058 -0.103001 0.71154
663.318 130.417 0.218101 0.0122112 0.772981
502.668 219.14 0.245667 0.0886599 0.73297
613.335 127.845 0.211946 0.0355773 0.758645
886.351 330.79 0.317395 -0.107569 0.7304
611.158 461.675 -0.0657794 0.0224944 0.219151
917.474 407.017 0.303482 -0.0961378 0.656988
526.255 157.393 0.24314 0.09348 0.8096
899.588 18.7569 0.173177 -0.111312 0.805362
809.644 214.528 0.241754 -0.0548895 0.721802
899.237 188.581 0.247647 -0.111705 0.762742
900.391 83.0007 0.193788 -0.100865 0.760212
718.096 130.65 -0.127657 -0.184343 3.57039
