696.493 248.174 0.207841 -0.00944831 0.953256
608.663 249.369 0.207514 0.0670838 0.953663
780.982 218.693 0.180931 -0.0809979 0.949728
770.693 165.204 0.138825 -0.070497 0.956611
692.799 93.6622 0.0885262 -0.00982348 0.970593
869.434 90.7961 0.0868933 -0.142368 0.962959
532.039 173.47 0.141172 0.117605 0.952507
580.15 98.1172 0.0890429 0.0731137 0.960072
624.413 96.5249 0.0896538 0.0417644 0.968725
532.777 173.271 0.141585 0.117684 0.954435
853.937 143.721 0.125937 -0.138568 0.967649
726.763 223.226 0.18523 -0.0356906 0.952688
779.194 219.091 0.189399 -0.0835055 0.970521
490.09 147.655 0.129659 0.160163 0.988178
693.545 85.5526 0.0823622 -0.0105648 0.965834
624.574 90.7195 0.0851889 0.0407131 0.96514
873.494 118.688 0.0996478 -0.136949 0.928879
776.259 167.193 0.158445 -0.0869337 1.02396
830.549 223.676 0.189667 -0.126376 0.95838
745.539 247.612 0.210658 -0.0531171 0.958506
581.315 94.3763 0.0873719 0.0730778 0.965593
745.146 248.083 0.211245 -0.0528158 0.958806
849.642 230.725 0.199886 -0.147273 0.966404
854.606 141.347 0.124346 -0.139133 0.968635
509.839 195.2 0.0968745 0.0767199 0.78589
569.955 250.747 0.210793 0.102596 0.959508
554.806 226.583 0.181041 0.105184 0.94199
567.634 251.286 0.200036 0.096813 0.935419
782.254 248.247 0.207914 -0.0843233 0.949791
854.111 224.943 0.186645 -0.143097 0.94723
783.869 246.47 0.20449 -0.0847964 0.945964
784.366 248.829 0.207862 -0.0859373 0.948419
721.798 221.445 0.181653 -0.0312171 0.947882
848.865 276.244 0.242691 -0.152187 0.960166
849.978 149.46 0.133451 -0.140364 0.980539
748.83 249.169 0.206494 -0.0546308 0.946246
747.017 246.87 0.201326 -0.0522326 0.939815
751.111 249.202 0.199545 -0.0547283 0.931354
696.986 247.898 0.207536 -0.00988776 0.953142
696.039 250.392 0.205878 -0.00909212 0.9446
763.742 218.251 0.179196 -0.0660344 0.947005
525.31 199.737 0.1613 0.126901 0.95041
692.757 47.391 0.0637968 -0.00950628 1.14963
489.821 176.804 0.108543 0.105496 0.843901
685.6 403.94 0.141725 -0.00421892 0.688332
604.815 249.898 0.202534 0.0677203 0.942014
783.313 284.603 0.243179 -0.0879792 0.947931
795.716 580.818 0.0772713 -0.0256855 0.560331
596.135 437.484 0.110958 0.0217607 0.639278
571.943 287.049 0.234944 0.100151 0.937368
654.667 249.636 0.185929 0.0218535 0.905453
583.581 100.359 0.0925336 0.0735702 0.972502
794.797 231.839 0.196075 -0.0955713 0.957218
826.105 436.91 0.480191 -0.169885 0.965861
659.604 249.955 0.205001 0.0220112 0.945034
694.163 34.6126 0.0520521 -0.0112677 1.16837
572.347 357.339 0.471035 0.20652 1.12805
492.923 331.519 0.293221 0.192926 0.955931
858.41 156.876 0.137644 -0.145916 0.97296
833.156 247.861 0.212391 -0.132014 0.958083
824.88 326.165 0.283101 -0.129305 0.937089
793.314 290.456 0.22339 -0.0869544 0.903661
822.217 292.325 0.261913 -0.130597 0.964072
485.409 139.52 0.121177 0.157891 0.978548
618.384 296.494 0.238184 0.0583608 0.925041
846.803 277.659 0.249897 -0.154666 0.9706
572.704 518.966 0.405022 0.105156 0.826383
731.415 221.308 0.17731 -0.038422 0.936976
781.069 418.907 0.108343 -0.0333357 0.642264
600.455 251.143 0.200425 0.0698799 0.935266
956.866 186.939 0.198653 -0.311915 1.08927
747.874 286.596 0.233534 -0.053124 0.928966
507.992 426.374 0.105327 0.0467263 0.638916
880.951 200.982 0.174091 -0.17115 0.969127
877.653 204.435 0.181204 -0.173814 0.980595
817.079 225.09 0.189055 -0.113562 0.954284
840.476 329.222 0.292938 -0.14824 0.945105
569.827 336.538 0.141454 0.0464964 0.733832
563.744 249.155 0.198205 0.0997272 0.935731
864.693 96.2196 0.0923681 -0.143443 0.974854
554.748 347.394 0.146239 0.0535705 0.732611
690.121 561.529 0.0798483 -0.00544701 0.568024
840.608 244.542 0.214415 -0.142277 0.969254
689.545 9.81428 0.0357343 -0.00841786 1.05629
569.225 287.798 0.233954 0.101615 0.934417
837.973 326.51 0.295492 -0.148573 0.953321
784.106 248.296 0.20151 -0.0830599 0.935982
816.739 341.792 0.152891 -0.0647817 0.740887
877.258 635.604 0.114234 -0.0481238 0.5739
874.524 338.373 0.174694 -0.103692 0.771881
878.795 202.801 0.178942 -0.17358 0.978385
740.628 293.269 0.249186 -0.0486528 0.944303
701.407 331.12 0.174777 -0.0117602 0.782489
843.484 290.4 0.248357 -0.143255 0.943917
568.088 289.768 0.235338 0.102628 0.933465
911.032 559.828 0.0736179 -0.0478428 0.561451
768.369 166.259 0.14193 -0.0699681 0.964914
698.452 336.731 0.28032 -0.0091881 0.921536
664.758 307.131 0.573963 0.103496 1.45004
657.164 248.056 0.206222 0.0246585 0.951583
671.342 591.655 0.0707294 -0.0018885 0.553343
660.365 286.122 0.238039 0.0235241 0.941036
717.003 234.007 0.192613 -0.0272017 0.94764
851.763 223.704 0.181704 -0.13752 0.937997
819.965 333.675 0.158979 -0.069707 0.755638
715.683 229.96 0.177526 -0.0250574 0.920659
749.323 220.747 0.174845 -0.052263 0.93135
759.443 418.167 0.14129 -0.031482 0.67891
687.139 386.979 0.189064 -0.00363361 0.753513
865.111 96.4821 0.091945 -0.142422 0.970773
564.612 547.065 0.0821206 0.0205768 0.574747
577.446 339.06 0.288146 0.104134 0.933187
841.887 295.743 0.369236 -0.226958 1.13602
604.486 429.251 0.101289 0.0179045 0.632143
685.427 172.712 0.142003 -0.00245996 0.950881
827.084 482.396 0.179516 -0.0607255 0.681139
828.481 582.223 0.262047 -0.0715399 0.689045
606.998 287.67 0.232638 0.0682632 0.930893
826.966 481.485 0.180221 -0.0609534 0.682228
788.247 293.5 0.254457 -0.0941112 0.950806
884.986 463.135 0.216481 -0.102146 0.723473
778.298 468.472 0.0610947 -0.0230915 0.574257
631.892 335.487 0.172911 0.0253564 0.777419
692.785 553.384 0.0798663 -0.00602652 0.5701
568.068 289.032 0.234423 0.102392 0.93314
757.957 170.507 0.173136 -0.0762342 1.07158
766.621 162.261 0.134239 -0.0658719 0.948421
650.263 295.122 0.238377 0.0312544 0.926455
838.019 328.078 0.300425 -0.150665 0.957482
603.755 247.683 0.197101 0.0665878 0.934654
574.358 338.186 0.286962 0.106748 0.933068
631.579 332.929 0.174664 0.0260889 0.782234
697.36 444.21 0.107538 -0.00807574 0.631692
684.313 619.179 0.128106 -0.00352516 0.589806
694.814 436.629 0.110272 -0.00741946 0.637747
857.845 157.786 0.13823 -0.145379 0.972414
549.71 226.241 0.176872 0.105988 0.932688
577.214 11.6546 0.0366668 0.0833549 1.04105
569.438 608.642 0.0659362 0.0155467 0.546424
534.328 173.175 0.142247 0.11734 0.956921
916.299 479.353 0.0483762 -0.0447985 0.557253
863.154 9.42547 0.0365827 -0.143984 1.0129
749.872 217.119 0.164481 -0.0504258 0.912946
634.42 71.8931 0.0843192 0.0506011 1.11303
524.463 202.522 0.161828 0.126167 0.94544
570.786 283.22 0.226068 0.097365 0.928271
703.824 292.974 0.243623 -0.0149718 0.936894
783.035 370.063 0.331602 -0.0926993 0.931432
769.169 345.736 0.112133 -0.0343537 0.684133
803.248 221.491 0.183186 -0.0997342 0.948311
770.89 166.431 0.140019 -0.0708495 0.957432
845.728 415.236 0.110256 -0.0535384 0.64523
873.472 625.353 0.117118 -0.0485258 0.578637
754.421 335.864 0.135488 -0.0334624 0.72269
663.087 278.675 0.216084 0.0179956 0.914573
703.799 331.438 0.261672 -0.0140924 0.903612
824.435 325.202 0.28312 -0.129298 0.938707
800.17 461.996 0.0547613 -0.0264257 0.569188
569.131 29.4656 0.0465893 0.0769271 0.974513
670.064 325.405 0.684453 0.109912 1.51539
732.975 50.5683 -0.207892 0.00567608 0.227234
653.335 294.886 0.24287 0.0296126 0.934278
661.893 337.677 0.286608 0.0249874 0.929984
553.682 227.507 0.181542 0.106021 0.941322
694.992 247.899 0.203007 -0.00827833 0.943439
694.886 249.504 0.200441 -0.00826231 0.934825
609.281 423.821 0.115991 0.019199 0.650602
565.564 560.287 0.0796448 0.0195841 0.569133
904.133 331.671 0.489167 -0.399869 1.19887
740.943 292.793 0.252605 -0.0496325 0.950905
841.604 279.798 0.625571 -0.567765 1.72463
694.992 42.2062 0.0565615 -0.0115691 1.22524
845.932 415.662 0.111129 -0.0538387 0.646003
705.264 293.185 0.242686 -0.0162319 0.934894
782.894 226.277 0.183161 -0.0809921 0.938837
840.393 261.382 0.249771 -0.158826 1.00584
696.322 57.8576 0.0649957 -0.011622 1.35548
549.606 226.25 0.176638 0.105868 0.9321
506.427 431.808 0.103314 0.0460083 0.634423
747.892 284.858 0.241241 -0.0551162 0.945484
765.39 345.108 0.148064 -0.0397784 0.73287
859.53 428.206 0.117612 -0.0590164 0.647237
623.077 95.6811 0.0877745 0.0414968 0.960177
913.726 196.599 -0.218557 0.00719983 0.214675
803.317 445.702 -0.207262 0.0060444 0.234586
925.419 405.163 -0.218341 0.00725126 0.216992
768.209 428.44 -0.192614 0.00478587 0.25644
804.063 335.396 0.689181 -0.322499 1.44958
495.983 274.547 0.27913 0.225162 1.04992
642.476 271.512 0.769671 0.464742 2.30791
783.248 248.474 0.21449 -0.0880775 0.963391
572.414 12.816 0.0373226 0.0799725 1.00742
827.096 249.631 0.224151 -0.1339 0.979765
692.482 93.8969 0.089085 -0.00956087 0.973353
581.603 103.318 0.0936775 0.0741337 0.966864
623.655 99.7992 0.0916242 0.0423348 0.966954
657.352 248.278 0.206513 0.0245309 0.951753
486.715 140.526 0.12254 0.158261 0.98125
533.55 175.235 0.143887 0.118356 0.957048
