521.702 3.41856 0.156687 0.0667254 0.744411
728.877 214.901 0.244074 -0.500773 4.93215
713.172 204.347 -0.102293 -0.133826 5.50117
720.026 134.8 -0.126128 -0.198304 3.63883
544.688 10.3027 0.0249003 0.442346 1.96394
801.761 81.7386 0.179811 -0.04336 0.712764
913.322 61.6042 0.181229 -0.0992174 0.747959
926.141 79.5804 0.18573 -0.101678 0.735681
794.494 105.996 0.204713 -0.0513099 0.765347
910.636 68.4645 0.183995 -0.0984347 0.74757
724.418 175.966 0.223072 -0.014659 0.724869
568.451 222.766 0.256406 0.0622463 0.749674
755.073 224.345 0.266818 -0.0350345 0.764661
906.641 192.733 0.240757 -0.10648 0.742991
832.668 188.74 0.229962 -0.0640657 0.724578
717.981 192.238 0.244711 -0.0140114 0.757097
859.351 229.84 0.285017 -0.103608 0.791823
689.629 221.483 0.257271 0.000870466 0.750054
938.002 159.438 0.233438 -0.130176 0.768007
804.95 225.147 0.270161 -0.0638061 0.769222
885.346 180.591 0.228174 -0.0891887 0.728482
631.249 215.087 0.241472 0.0279926 0.725676
565.151 219.558 0.249793 0.0614018 0.739643
767.396 263.08 0.242789 -0.0294908 0.68195
483.682 209.504 0.219643 0.0814131 0.688559
485.878 261.101 0.237151 0.0819022 0.679249
820.102 207.355 0.223086 -0.0509392 0.69139
520.405 226.413 0.265011 0.0912045 0.764342
925.129 99.9211 0.199052 -0.109944 0.752468
498.406 347.141 0.2859 0.0882764 0.687275
496.196 376.792 0.415382 0.155577 0.814744
827.047 277.188 0.261045 -0.0597128 0.699105
883.699 213.627 0.244467 -0.0911293 0.727922
888.896 339.902 0.29554 -0.0933179 0.696201
818.501 209.57 0.231837 -0.0543359 0.70737
894.239 211.86 0.236302 -0.0900104 0.712747
920.847 178.602 0.220758 -0.0987816 0.712537
898.481 329.768 0.296392 -0.101049 0.705101
911.864 184.862 0.230485 -0.102046 0.728452
640.403 223.486 0.243183 0.0236729 0.720393
881.552 276.023 0.262285 -0.0853002 0.700896
920.321 251.814 0.251758 -0.101975 0.70364
834.147 277.191 0.252765 -0.0589911 0.685767
840.988 285.615 0.264731 -0.0661782 0.697568
687.583 266.347 0.246962 0.00297052 0.687896
691.628 266.388 0.211045 0.00261155 0.628509
765.129 213.533 0.23427 -0.03155 0.709591
496.951 180.727 0.222227 0.0842804 0.722118
764.992 342.839 0.284899 -0.0309888 0.683314
634.635 255.85 0.23735 0.0240011 0.680911
626.099 210.559 0.221177 0.0265923 0.688214
485.271 184.644 0.223654 0.0894106 0.721494
616.549 336.624 0.262324 0.0318958 0.661333
540.848 212.661 0.226778 0.0623433 0.699433
730.465 169.777 0.211633 -0.0154379 0.703759
622.453 265.205 0.23339 0.0277321 0.667302
490.343 408.888 0.295914 0.0870197 0.65845
545.112 597.202 0.188078 0.031066 0.493289
509.92 400.967 0.320772 0.0904417 0.689607
485.972 265.967 0.240061 0.0827219 0.680464
828.725 398.123 0.271009 -0.0475409 0.631446
546.899 266.77 0.243543 0.0600111 0.684567
817.512 212.845 0.235406 -0.0551022 0.71152
685.486 264.16 0.24709 0.00380721 0.689926
815.985 258.771 0.247888 -0.05214 0.693112
503.579 220.47 0.236076 0.0818387 0.711852
884.275 393.043 0.325424 -0.0949214 0.691053
536.658 412.67 0.273012 0.0598072 0.63113
769.701 345.014 0.280665 -0.0319325 0.676304
813.317 167.028 0.214635 -0.0512939 0.712421
507.529 347.202 0.292971 0.0875886 0.696122
756.626 219.959 0.255561 -0.0331752 0.746687
558.996 337.17 0.268128 0.0563868 0.669777
818.557 341.861 0.290633 -0.057286 0.690121
898.309 332.566 0.299884 -0.102387 0.707367
797.979 80.2688 0.178506 -0.041331 0.710132
818.206 634.649 0.175121 -0.00962777 0.474361
681.791 206.491 0.212549 0.00484505 0.673028
884.525 389.808 0.355613 -0.111479 0.724923
939.074 375.018 0.344619 -0.141122 0.724113
767.503 395.355 0.314212 -0.0334779 0.680452
854.18 192.082 0.249855 -0.0876973 0.766104
932.45 164.383 0.239833 -0.13267 0.778162
874.903 347.541 0.79796 -0.474455 1.26434
657.993 305.429 0.632652 0.0839245 1.2428
935.033 76.2747 -0.0780017 0.027633 0.195708
874.383 223.694 0.280788 -0.111976 0.791143
880.069 327.99 0.285851 -0.0864013 0.693074
518.611 151.883 0.234286 0.0924365 0.792079
760.024 217.514 0.245727 -0.0322453 0.729108
674.935 303.767 0.565905 0.0359032 1.14278
661.142 445.982 0.178135 0.0117721 0.516904
889.16 279.202 0.287013 -0.104688 0.737235
632.977 344.929 0.285915 0.0282992 0.685975
874.505 324.79 0.288692 -0.0860606 0.699486
810.744 260.51 0.257136 -0.0535145 0.707482
947.965 345.964 0.139449 -0.027638 0.493159
619.06 333.598 0.270604 0.032429 0.674315
672.875 358.84 0.129864 0.00998676 0.479805
664.052 305.464 0.706486 0.0916524 1.35843
842.49 178.585 0.225743 -0.068328 0.725897
761.431 342.563 0.288801 -0.0302262 0.688557
495.579 362.021 0.127495 0.0304583 0.477143
539.083 488.993 0.15587 0.0284395 0.485361
564.577 335.13 0.273497 0.0559926 0.678213
823.157 498.942 -0.0446778 0.0228891 0.250674
789.981 231.962 0.14975 -0.0125757 0.541334
623.292 133.184 0.218962 0.0330368 0.772557
818.017 266.465 0.256952 -0.0557054 0.701775
883.24 214.606 0.260329 -0.103527 0.759893
764.465 232.267 0.272526 -0.040757 0.766262
809.272 220.115 0.257121 -0.060719 0.74846
587.563 251.612 -0.0597961 0.0213972 0.223427
768.576 170.458 0.211804 -0.0308758 0.702765
801.335 84.1917 0.180825 -0.0433307 0.713063
910.52 187.1 0.229914 -0.100036 0.724649
619.707 278.44 0.251067 0.0313621 0.686365
640.183 63.4675 0.22827 0.0548325 1.1447
599.771 84.2995 -0.0849927 0.0249409 0.186822
635.951 52.2311 0.216889 0.0540343 1.10545
655.98 356.16 0.101819 0.0122504 0.443877
856.317 150.119 0.088676 -0.00464188 0.453565
778.956 184.681 0.243047 -0.0459288 0.761455
498.814 120.56 0.20063 0.0823024 0.735582
896.254 331.561 0.30285 -0.103452 0.712097
665.583 129.846 0.217893 0.0117603 0.773537
504.39 218.122 0.245459 0.0882091 0.733527
615.57 127.08 0.211738 0.0351265 0.759202
888.209 331.514 0.317187 -0.10802 0.730957
606.756 453.307 -0.0659875 0.0220436 0.219707
919.362 408.094 0.303274 -0.0965886 0.657545
528.114 156.374 0.242932 0.0930292 0.810157
902.852 18.7695 0.172969 -0.111762 0.805919
811.969 214.693 0.241546 -0.0553403 0.722358
901.766 189.024 0.247439 -0.112155 0.763299
903.485 83.1775 0.19358 -0.101315 0.760769
719.18 130.462 -0.127865 -0.184794 3.57095
