701.101 243.373 0.209456 -0.010286 0.952985
612.976 244.403 0.209132 0.0661648 0.953391
786.22 213.702 0.182485 -0.0816977 0.949241
776.21 159.63 0.140132 -0.0710847 0.955039
698.287 87.2864 0.0900881 -0.0107708 0.969559
876.542 84.2233 0.088211 -0.142781 0.960978
536.753 167.695 0.143066 0.116733 0.952897
585.209 91.7936 0.0909019 0.072206 0.960247
629.638 90.1768 0.0912725 0.0406492 0.967858
537.404 167.514 0.143394 0.11677 0.954536
483.487 103.311 0.100311 0.15453 0.975659
859.995 138.134 0.127606 -0.139163 0.967251
731.969 218.209 0.186814 -0.0367482 0.952298
784.35 214.318 0.190954 -0.0842754 0.970019
495.996 142.304 0.132681 0.160075 0.992669
698.855 79.3412 0.0843942 -0.0113147 0.966777
630.404 84.8174 0.0876768 0.0397073 0.967902
880.185 112.406 0.101502 -0.137788 0.929166
781.318 162.337 0.160238 -0.0877806 1.02409
835.282 218.925 0.19195 -0.126964 0.959774
750.38 243.005 0.211996 -0.053856 0.957527
586.325 88.0975 0.0892544 0.0722151 0.965858
749.97 243.399 0.213002 -0.0536753 0.958931
855.491 226.263 0.20081 -0.147535 0.9642
861.505 135.593 0.125881 -0.140322 0.968087
516.307 186.606 0.0990246 0.0758737 0.787086
574.677 245.665 0.21305 0.101682 0.960853
558.883 221.228 0.18222 0.104071 0.940465
571.817 246.034 0.201422 0.0958375 0.934685
787.433 243.521 0.209559 -0.0852101 0.949726
860.431 219.999 0.187859 -0.143962 0.946195
789.126 241.698 0.206135 -0.085701 0.945874
789.237 244.058 0.210003 -0.0867888 0.94953
726.855 216.392 0.182837 -0.0320695 0.946372
854.787 272.26 0.243215 -0.152625 0.957686
856.234 143.984 0.134873 -0.140984 0.979364
753.735 244.417 0.207773 -0.0553282 0.945243
751.893 242.007 0.202764 -0.0529105 0.939182
756.45 244.242 0.200959 -0.0557221 0.930741
701.614 243.185 0.208723 -0.0107397 0.951735
700.683 245.505 0.207331 -0.00992325 0.944013
768.76 213.152 0.181336 -0.0668982 0.94814
484.001 102.154 0.0999794 0.155204 0.978715
529.804 194.103 0.163069 0.126011 0.950536
697.383 41.8799 0.0653892 -0.0103701 1.14807
494.552 169.502 0.109866 0.104323 0.842384
692.644 394.099 0.156401 -0.00496829 0.7042
608.971 244.959 0.203052 0.0663853 0.939036
788.09 280.24 0.244838 -0.0887239 0.947961
807.055 574.341 0.0778226 -0.02622 0.557864
602.468 429.727 0.111602 0.0208931 0.637063
576.455 281.989 0.236935 0.0991971 0.938116
659.341 244.188 0.18748 0.0210603 0.905098
588.687 94.1649 0.0942958 0.0724573 0.972199
800.083 227.135 0.197469 -0.096238 0.956306
829.576 434.843 0.484163 -0.170985 0.967036
663.805 244.956 0.206568 0.021403 0.944776
698.832 29.8266 0.0541978 -0.0121562 1.1701
578.054 353.436 0.483143 0.208516 1.14253
497.729 326.255 0.296262 0.192729 0.958965
865.363 151.288 0.138437 -0.146273 0.969752
839.018 243.401 0.213366 -0.132685 0.956377
829.832 322.252 0.284414 -0.129981 0.936645
798.436 285.675 0.22505 -0.0876784 0.903708
826.964 288.242 0.263787 -0.13139 0.9646
490.681 133.851 0.12353 0.157319 0.980611
622.667 291.583 0.2399 0.0575142 0.925159
852.089 273.64 0.251229 -0.155315 0.96993
575.471 515.219 0.404251 0.104168 0.824292
736.236 216.065 0.179985 -0.0392605 0.939464
791.262 412.279 0.108737 -0.0342145 0.63942
604.871 245.915 0.202163 0.0690289 0.935377
752.575 281.961 0.23519 -0.0538702 0.928992
513.707 418.26 0.10598 0.0456059 0.636588
887.054 196.113 0.175674 -0.17188 0.968743
883.596 199.856 0.182265 -0.173735 0.978336
822.452 220.259 0.190797 -0.11434 0.954347
845.22 325.476 0.294389 -0.14875 0.944863
574.79 329.86 0.14208 0.0454892 0.731283
568.451 243.826 0.200214 0.0987807 0.936447
871.491 90.0214 0.0940273 -0.144347 0.974505
559.807 340.301 0.147115 0.0525783 0.730821
699.568 554.241 0.0804341 -0.00618697 0.565639
845.803 240.047 0.216472 -0.143271 0.970221
573.564 282.721 0.235817 0.100742 0.93491
842.492 322.485 0.297985 -0.149695 0.955117
789.167 243.35 0.203584 -0.0839708 0.937002
888.367 630.509 0.115049 -0.0486068 0.572011
882.753 333.21 0.175188 -0.104209 0.769395
885.288 198.058 0.179952 -0.173993 0.976264
745.085 288.722 0.251319 -0.049467 0.945382
706.818 325.865 0.175025 -0.0123426 0.77928
849.632 286.526 0.248014 -0.143347 0.93992
572.204 284.98 0.236433 0.101359 0.932103
820.49 636.246 0.0285925 -0.0192627 0.505249
926.373 552.628 0.0742445 -0.0485768 0.55919
773.554 160.858 0.143815 -0.0706749 0.965285
702.761 332.231 0.282193 -0.01003 0.922105
667.207 304.765 0.576452 0.10289 1.45347
661.705 243.09 0.20815 0.0238037 0.952132
680.83 582.715 0.0719016 -0.00261138 0.551779
664.668 281.531 0.23911 0.022581 0.93976
721.835 229.007 0.194418 -0.0280488 0.947867
857.485 218.704 0.183483 -0.138321 0.938242
826.867 329.991 0.157631 -0.0688633 0.74887
719.994 224.561 0.179598 -0.0253581 0.921631
754.506 215.517 0.17627 -0.0529734 0.930548
766.613 411.938 0.14211 -0.0319879 0.676935
692.866 381.066 0.190297 -0.00447161 0.752515
871.683 90.3244 0.0936617 -0.143147 0.970455
571.297 540.52 0.0824632 0.0196897 0.5718
581.398 334.664 0.289143 0.102847 0.932028
845.326 292.833 0.372533 -0.228387 1.13948
611.073 421.589 0.101779 0.0170326 0.629517
690.454 167.76 0.145428 -0.003207 0.954909
834.761 475.402 0.181493 -0.0617886 0.681484
833.053 575.078 0.267054 -0.0725707 0.692159
611.163 282.768 0.234082 0.067369 0.930437
834.377 475.601 0.181502 -0.0616159 0.681394
685.621 623.882 0.119377 -0.00278405 0.578323
792.943 289.26 0.256223 -0.0948781 0.951053
892.324 457.888 0.217917 -0.102981 0.72308
790.423 457.731 0.0625516 -0.0240087 0.573141
637.583 328.981 0.174176 0.0243004 0.776579
703.034 549.559 0.079823 -0.00688782 0.566255
572.021 284.182 0.235546 0.101307 0.931921
762.617 166.055 0.174985 -0.0771065 1.07188
772.145 156.616 0.136119 -0.0667443 0.94881
653.929 290.573 0.238607 0.03064 0.923602
842.701 324.415 0.301837 -0.151195 0.957213
607.65 242.434 0.198574 0.0660527 0.934176
578.207 333.636 0.288192 0.105718 0.932446
786.405 636.043 0.123186 -0.0264592 0.57697
637.44 325.929 0.176545 0.0250783 0.782795
705.302 437.077 0.108097 -0.00881623 0.629231
692.105 613.413 0.12887 -0.00426861 0.58792
703.894 429.193 0.11092 -0.00854578 0.635512
864.423 152.311 0.139476 -0.145992 0.970716
554.263 220.622 0.178788 0.105224 0.933295
582.603 5.73938 0.0387896 0.0824362 1.04261
540.955 167.657 0.145264 0.116148 0.960692
872.351 427.713 0.109059 -0.0565847 0.632415
869.378 3.09032 0.038695 -0.145533 1.01644
754.636 211.627 0.166237 -0.0507975 0.913001
639.292 67.2503 0.0867096 0.049674 1.11562
531.382 196.84 0.165799 0.125814 0.951958
574.802 278.289 0.226811 0.0960477 0.926296
708.492 288.452 0.245038 -0.0159623 0.936372
787.346 366.678 0.332303 -0.0930973 0.930011
777.952 337.235 0.113901 -0.0354676 0.683924
809.81 216.569 0.183123 -0.100333 0.943663
776.47 160.903 0.141694 -0.0717126 0.957165
854.81 407.937 0.111106 -0.0538945 0.643333
884.841 620.146 0.117929 -0.0491281 0.576766
761.619 329.329 0.136296 -0.0341097 0.720513
667.552 273.685 0.217373 0.0171736 0.913736
708.532 327.121 0.262333 -0.015099 0.901842
830.05 321.149 0.28432 -0.13061 0.938312
810.893 453.731 0.055363 -0.0266836 0.566371
574.451 23.2411 0.0489527 0.0766133 0.97738
671.959 323.604 0.679971 0.107925 1.50691
721.602 63.1685 -0.205062 0.00482355 0.225708
658.076 289.854 0.245547 0.028639 0.93655
558.395 222.116 0.18317 0.10478 0.940977
699.637 243.007 0.204084 -0.00910135 0.941951
699.418 244.373 0.202452 -0.00893428 0.935699
573.578 549.989 0.0806718 0.0186796 0.567756
745.333 288.498 0.254164 -0.0502816 0.95066
856.728 409.767 0.111348 -0.0543857 0.642771
700.318 54.8834 0.0677403 -0.0125622 1.36113
553.941 220.695 0.178087 0.104847 0.931403
752.763 280.953 0.240897 -0.0555378 0.940893
772.458 337.283 0.149995 -0.0407897 0.73355
628.956 90.0006 0.0904837 0.0405256 0.963233
911.1 200.743 -0.21434 0.00627831 0.214873
780.004 458.669 -0.202094 0.00497327 0.236334
917.5 415.03 -0.21383 0.00631595 0.217681
748.308 450.722 -0.186918 0.00375099 0.259151
500.283 270.233 0.281583 0.224557 1.05168
792.917 501.131 -0.198218 0.00489928 0.243163
877.569 49.3606 0.07073 -0.164301 1.03391
699.313 50.4314 0.063446 -0.0112593 1.34886
854.171 100.5 0.111826 -0.156624 1.05049
913.194 331.06 0.476419 -0.391357 1.17562
642.506 109.083 0.11966 0.044608 1.07087
668.996 324.323 0.652551 0.108241 1.46431
699.914 314.449 1.64807 0.219193 3.11405
854.253 225.283 0.210333 -0.156082 0.989967
809.933 271.312 0.158006 -0.070813 0.805776
489.55 135.898 0.123273 0.15495 0.972111
788.142 243.908 0.216309 -0.0888734 0.963683
576.922 5.18955 0.0385605 0.0786276 1.00382
832.308 245.345 0.225764 -0.134695 0.979558
697.708 87.4617 0.0904913 -0.0103305 0.971656
586.885 97.3191 0.0959073 0.0733689 0.96859
628.722 93.5876 0.0934655 0.0414727 0.967074
661.922 243.33 0.208385 0.0236342 0.95215
491.618 134.812 0.124624 0.157519 0.982326
538.167 169.515 0.145846 0.117626 0.95771
