704.512 242.78 0.209724 -0.00988876 0.954395
616.15 244.307 0.2094 0.0665621 0.954801
789.961 212.473 0.182753 -0.0813004 0.950651
779.759 158.186 0.140399 -0.0706875 0.956449
701.244 86.0107 0.0903557 -0.0103735 0.970969
880.484 81.6888 0.0884787 -0.142384 0.962387
539.629 167.774 0.143333 0.11713 0.954307
587.909 91.2849 0.0911695 0.0726033 0.961657
632.394 89.379 0.0915402 0.0410465 0.969268
540.272 167.592 0.143662 0.117168 0.955946
486.041 103.571 0.100579 0.154927 0.977069
863.895 136.054 0.127874 -0.138766 0.968661
735.451 217.325 0.187082 -0.0363509 0.953707
787.949 213.134 0.191222 -0.0838782 0.971428
498.601 142.645 0.132948 0.160472 0.994079
701.812 78.0155 0.0846618 -0.0109174 0.968187
633.148 83.9906 0.0879444 0.0401046 0.969312
884.438 109.962 0.10177 -0.13739 0.930576
784.489 160.984 0.160506 -0.0873833 1.0255
839.23 217.453 0.192218 -0.126567 0.961184
753.953 242.141 0.212264 -0.0534588 0.958936
588.988 87.5805 0.0895221 0.0726124 0.967268
753.533 242.542 0.21327 -0.053278 0.960341
859.544 224.721 0.201077 -0.147138 0.96561
865.404 133.488 0.126148 -0.139925 0.969497
520.345 186.396 0.0992923 0.076271 0.788496
577.756 245.799 0.213317 0.102079 0.962263
561.988 221.336 0.182488 0.104468 0.941874
575.031 246.144 0.20169 0.0962348 0.936095
791.23 242.441 0.209826 -0.0848128 0.951136
864.626 218.368 0.188127 -0.143565 0.947605
792.954 240.594 0.206402 -0.0853037 0.947284
481.376 99.1212 0.0965752 0.155164 0.971429
793.044 242.97 0.21027 -0.0863916 0.95094
730.351 215.519 0.183105 -0.0316722 0.947782
858.953 270.974 0.243482 -0.152228 0.959096
860.043 141.982 0.13514 -0.140587 0.980774
757.404 243.524 0.208041 -0.0549309 0.946653
755.589 241.104 0.203032 -0.0525132 0.940592
760.228 243.311 0.201227 -0.0553248 0.93215
705.034 242.587 0.20899 -0.0103424 0.953145
704.152 244.912 0.207599 -0.00952596 0.945423
772.422 212.021 0.181604 -0.0665009 0.94955
486.539 102.414 0.100247 0.155601 0.980125
532.759 194.309 0.163337 0.126409 0.951946
699.383 40.7393 0.0656568 -0.00997285 1.14948
498.041 169.545 0.110134 0.10472 0.843794
698.81 393.856 0.156668 -0.004571 0.70561
612.219 244.866 0.20332 0.0667826 0.940446
791.963 279.341 0.245105 -0.0883267 0.949371
818.687 574.547 0.0780903 -0.0258227 0.559274
609.605 429.907 0.11187 0.0212904 0.638473
579.741 282.199 0.237203 0.0995944 0.939526
662.929 243.756 0.187748 0.0214576 0.906507
591.337 93.6733 0.0945634 0.0728546 0.973609
803.872 225.907 0.197737 -0.0958407 0.957716
833.712 434.515 0.484431 -0.170588 0.968446
667.151 244.566 0.206836 0.0218003 0.946186
700.725 28.6577 0.0544654 -0.0117589 1.17151
580.715 353.942 0.483411 0.208914 1.14394
500.999 327 0.29653 0.193127 0.960375
869.307 149.256 0.138704 -0.145876 0.971162
843.051 242.04 0.213634 -0.132288 0.957787
834.062 321.342 0.284682 -0.129583 0.938055
802.685 284.692 0.225318 -0.0872811 0.905118
830.946 287.198 0.264055 -0.130992 0.96601
493.309 134.173 0.123798 0.157716 0.982021
626.125 291.568 0.240168 0.0579115 0.926569
856.162 272.39 0.251497 -0.154918 0.97134
579.906 516.027 0.404519 0.104565 0.825701
739.815 215.125 0.180253 -0.0388632 0.940874
799.52 411.513 0.109004 -0.0338172 0.640829
608.135 245.842 0.202431 0.0694262 0.936787
756.412 281.233 0.235457 -0.0534729 0.930402
520.405 418.753 0.106247 0.0460032 0.637998
891.231 194.214 0.175942 -0.171483 0.970153
887.695 198.013 0.182533 -0.173338 0.979746
826.364 218.862 0.191064 -0.113942 0.955757
849.487 324.516 0.294657 -0.148353 0.946273
579.939 329.877 0.142347 0.0458865 0.732693
571.645 243.95 0.200482 0.099178 0.937857
875.319 87.5834 0.0942949 -0.14395 0.975915
564.928 340.443 0.147382 0.0529756 0.732231
709.895 554.713 0.0807018 -0.00578968 0.567049
849.782 238.646 0.216739 -0.142873 0.97163
576.865 282.944 0.236085 0.101139 0.93632
846.672 321.532 0.298253 -0.149297 0.956527
793.058 242.242 0.203852 -0.0835735 0.938412
899.885 630.941 0.115316 -0.0482095 0.573421
888.989 331.854 0.175455 -0.103811 0.770805
889.408 196.192 0.18022 -0.173596 0.977674
748.792 288.086 0.251587 -0.0490697 0.946792
711.881 325.341 0.175293 -0.0119453 0.78069
853.907 285.326 0.248282 -0.14295 0.94133
575.524 285.213 0.236701 0.101756 0.933513
836.277 636.806 0.0288602 -0.0188654 0.506659
939.085 552.167 0.0745122 -0.0481795 0.5606
777.026 159.455 0.144083 -0.0702776 0.966695
706.53 331.972 0.282461 -0.00963276 0.923515
669.068 304.855 0.57672 0.103288 1.45488
664.997 242.716 0.208417 0.024201 0.953542
691.717 583.462 0.0721693 -0.00221409 0.553189
668.119 281.278 0.239377 0.0229783 0.94117
725.326 228.225 0.194686 -0.0276515 0.949277
861.715 217.071 0.183751 -0.137924 0.939652
833.023 328.834 0.157899 -0.068466 0.750279
723.643 223.726 0.179866 -0.0249608 0.923041
758.224 214.453 0.176538 -0.0525761 0.931958
773.756 411.409 0.142378 -0.0315906 0.678345
698.273 380.852 0.190565 -0.00407432 0.753925
875.541 87.8796 0.0939293 -0.142749 0.971865
580.415 541.406 0.0827308 0.020087 0.57321
584.837 335.004 0.28941 0.103244 0.933437
848.568 291.845 0.372801 -0.227989 1.14089
618.446 421.648 0.102047 0.0174298 0.630927
693.658 166.892 0.145695 -0.00280971 0.956319
842.271 475.029 0.181761 -0.0613913 0.682894
840.282 575.353 0.267321 -0.0721734 0.693569
614.548 282.789 0.234349 0.0677662 0.931847
841.886 475.231 0.18177 -0.0612186 0.682804
695.227 624.976 0.119645 -0.00238676 0.579733
796.833 288.383 0.256491 -0.0944808 0.952463
899.415 457.24 0.218184 -0.102584 0.72449
801.176 457.004 0.0628192 -0.0236114 0.574551
642.393 328.804 0.174444 0.0246977 0.777989
713.36 549.98 0.0800907 -0.00649053 0.567665
575.339 284.414 0.235814 0.101704 0.933331
765.477 164.901 0.175253 -0.0767092 1.07329
775.709 155.169 0.136387 -0.066347 0.95022
657.469 290.391 0.238875 0.0310373 0.925012
846.871 323.473 0.302105 -0.150798 0.958623
610.918 242.331 0.198842 0.06645 0.935586
581.638 333.988 0.288459 0.106116 0.933856
796.81 636.877 0.123454 -0.026062 0.57838
642.175 325.751 0.176812 0.0254756 0.784205
713.268 436.834 0.108365 -0.00841894 0.630641
701.368 614.408 0.129137 -0.00387132 0.58933
711.669 428.922 0.111187 -0.0081485 0.636922
868.356 150.293 0.139744 -0.145595 0.972126
557.399 220.741 0.179056 0.105621 0.934705
584.659 5.11236 0.0390573 0.0828335 1.04402
543.796 167.727 0.145532 0.116545 0.962102
881.45 426.683 0.109326 -0.0561874 0.633825
872.738 0.206776 0.0389627 -0.145136 1.01785
758.474 210.511 0.166505 -0.0504002 0.914411
641.337 66.5939 0.0869773 0.0500713 1.11703
534.338 197.048 0.166066 0.126212 0.953368
578.142 278.479 0.227078 0.096445 0.927706
712.116 287.994 0.245306 -0.015565 0.937782
791.452 366.183 0.33257 -0.0927 0.931421
784.972 336.153 0.114169 -0.0350703 0.685334
813.718 215.209 0.18339 -0.0999356 0.945073
780.008 159.468 0.141962 -0.0713153 0.958575
863.436 406.87 0.111374 -0.0534972 0.644743
896.103 620.507 0.118197 -0.0487309 0.578176
767.826 328.402 0.136564 -0.0337124 0.721923
671.164 273.349 0.21764 0.0175709 0.915146
712.454 326.79 0.262601 -0.0147017 0.903252
834.269 320.234 0.284588 -0.130213 0.939722
822.18 452.828 0.0556307 -0.0262864 0.567781
576.849 22.5652 0.0492204 0.0770106 0.97879
673.777 323.711 0.680238 0.108322 1.50832
708.399 84.2337 -0.204794 0.00522084 0.227118
661.545 289.664 0.245814 0.0290362 0.93796
561.499 222.231 0.183437 0.105177 0.942387
703.111 242.405 0.204352 -0.00870406 0.943361
702.933 243.769 0.202719 -0.00853699 0.937108
582.885 550.928 0.0809395 0.0190768 0.569166
749.007 287.866 0.254432 -0.0498844 0.95207
865.386 408.704 0.111615 -0.0539884 0.644181
701.746 54.0247 0.068008 -0.0121649 1.36254
557.087 220.812 0.178354 0.105244 0.932813
756.519 280.235 0.241165 -0.0551405 0.942303
778.521 336.396 0.150263 -0.0403924 0.734959
631.736 89.1952 0.0907514 0.0409229 0.964643
956.216 57.6186 -0.202736 0.00726929 0.229556
915.538 241.034 -0.214072 0.00667559 0.216283
768.469 485.974 -0.201826 0.00537056 0.237744
920.613 463.747 -0.213562 0.00671324 0.219091
731.346 469.879 -0.186651 0.00414828 0.260561
503.066 270.948 0.281851 0.224954 1.05309
780.32 525.74 -0.19795 0.00529657 0.244573
880.991 46.7312 0.0709977 -0.163904 1.03532
700.755 49.5536 0.0637136 -0.010862 1.35027
857.471 98.3644 0.112093 -0.156226 1.0519
916.826 329.946 0.476686 -0.39096 1.17703
644.847 108.487 0.119928 0.0450053 1.07228
670.882 324.439 0.652819 0.108639 1.46572
700.676 314.507 1.64834 0.21959 3.11546
858.137 223.775 0.210601 -0.155685 0.991377
815.158 270.008 0.158274 -0.0704157 0.807186
492.22 136.214 0.12354 0.155348 0.973521
791.853 242.844 0.216576 -0.0884761 0.965093
579.141 4.49657 0.0388281 0.0790249 1.00523
836.159 244.06 0.226032 -0.134298 0.980968
700.652 86.1957 0.0907589 -0.00993325 0.973066
589.559 96.8435 0.096175 0.0737661 0.97
631.489 92.8094 0.0937332 0.04187 0.968484
665.215 242.955 0.208652 0.0240315 0.95356
494.243 135.135 0.124891 0.157917 0.983736
541.025 169.603 0.146114 0.118023 0.959119
