729.774 213.109 0.244161 -0.500923 4.93399
713.763 202.752 -0.102206 -0.133976 5.50301
721.019 131.873 -0.126042 -0.198454 3.64067
546.66 8.46338 0.0249867 0.442196 1.96578
815.924 69.8412 0.179897 -0.0435101 0.714604
484.28 168.652 0.211222 0.0870155 0.702955
927.932 48.7775 0.181315 -0.0993674 0.749799
941.315 66.7283 0.185816 -0.101828 0.73752
806.895 95.7038 0.2048 -0.05146 0.767186
925.204 55.8006 0.184082 -0.0985847 0.749409
737.264 166.798 0.223158 -0.0148091 0.726708
579.663 216.232 0.256492 0.0620963 0.751514
766.992 216.373 0.266905 -0.0351846 0.7665
921.04 182.414 0.240844 -0.10663 0.744831
846.663 178.717 0.230048 -0.0642157 0.726417
729.807 184.01 0.244798 -0.0141614 0.758937
871.692 221.402 0.285103 -0.103758 0.793663
701.426 213.823 0.257357 0.000720395 0.751894
952.243 148.611 0.233524 -0.130326 0.769846
817.238 216.798 0.270248 -0.0639562 0.771061
899.926 169.984 0.228261 -0.0893388 0.730321
643.388 207.408 0.241558 0.0278425 0.727516
576.612 212.825 0.249879 0.0612518 0.741483
493.115 262.291 0.240017 0.0843239 0.679826
782.078 253.93 0.242875 -0.0296409 0.683789
496.433 202.249 0.219729 0.0812631 0.690399
499.044 254.216 0.237237 0.0817521 0.681088
835.104 197.037 0.223172 -0.0510893 0.693229
531.178 220.623 0.265097 0.0910544 0.766182
939.728 87.8103 0.199138 -0.110094 0.754308
511.454 341.277 0.285987 0.0881263 0.689115
506.406 373.124 0.415469 0.155427 0.816584
841.668 268.164 0.261131 -0.0598629 0.700944
898.195 203.62 0.244553 -0.0912793 0.729761
904.158 331.355 0.295626 -0.093468 0.698041
832.88 199.676 0.231923 -0.0544859 0.709209
909.403 201.414 0.236389 -0.0901605 0.714587
936.501 167.276 0.220845 -0.0989316 0.714377
913.58 321.169 0.296479 -0.101199 0.70694
492.867 250.334 0.229729 0.080389 0.670961
926.82 174.071 0.230571 -0.102196 0.730292
652.759 215.728 0.24327 0.0235228 0.722232
896.78 266.567 0.262372 -0.0854503 0.702736
936.068 241.662 0.251844 -0.102125 0.70548
849.364 267.806 0.252851 -0.0591411 0.687606
855.804 276.58 0.264818 -0.0663283 0.699408
701.341 258.059 0.247048 0.00282045 0.689735
708.075 256.373 0.211131 0.00246148 0.630348
778.839 204.249 0.234356 -0.0317 0.71143
508.647 173.793 0.222314 0.0841304 0.723957
779.406 334.947 0.284985 -0.0311388 0.685153
648.31 247.686 0.237436 0.0238511 0.68275
639.453 202.006 0.221263 0.0264422 0.690054
496.974 177.858 0.223741 0.0892605 0.723334
630.849 329.187 0.262411 0.0317457 0.663173
553.407 205.195 0.226865 0.0621932 0.701273
744.089 159.976 0.211719 -0.015588 0.705599
636.585 256.921 0.233476 0.027582 0.669142
504.426 403.01 0.296 0.0868696 0.660289
571.179 586.476 0.188164 0.0309159 0.495128
500.039 536.42 0.126559 0.0303298 0.448618
522.949 395.564 0.320859 0.0902916 0.691446
499.106 259.169 0.240147 0.0825719 0.682303
845.953 389.304 0.271095 -0.0476909 0.633285
560.038 259.578 0.24363 0.059861 0.686406
831.726 203.106 0.235492 -0.0552523 0.713359
699.155 255.906 0.247177 0.00365714 0.691765
830.755 249.404 0.247975 -0.05229 0.694951
515.671 213.73 0.236163 0.0816887 0.713691
899.436 385.259 0.32551 -0.0950714 0.692893
551.915 405.852 0.273099 0.0596572 0.632969
784.432 336.96 0.280751 -0.0320825 0.678143
827.529 156.556 0.214722 -0.0514439 0.71426
520.306 341.461 0.293057 0.0874385 0.697961
769.064 211.596 0.255647 -0.0333253 0.748526
572.739 330.366 0.268215 0.0562367 0.671616
833.226 333.72 0.290719 -0.0574361 0.691961
913.313 324.059 0.29997 -0.102538 0.709207
812.19 68.3231 0.178592 -0.0414811 0.711972
850.386 621.734 0.175208 -0.00977784 0.4762
696.14 196.964 0.212636 0.00469498 0.674868
898.508 382.613 0.3557 -0.111629 0.726762
953.867 367.231 0.344705 -0.141272 0.725952
781.887 388.111 0.314298 -0.0336279 0.682292
867.189 182.668 0.249942 -0.0878474 0.767943
946.321 153.868 0.239919 -0.13282 0.780002
881.667 343.838 0.798046 -0.474605 1.26618
663.481 302.836 0.632738 0.0837744 1.24464
488.963 176.374 0.22107 0.0909858 0.718733
910.813 111.693 -0.0779153 0.027483 0.197548
886.948 215.003 0.280874 -0.112126 0.792982
895.386 319.248 0.285937 -0.0865514 0.694914
528.58 145.732 0.234373 0.0922864 0.793918
773.03 208.748 0.245813 -0.0323953 0.730947
681.074 300.64 0.565991 0.0357531 1.14462
685.823 433.75 0.178221 0.011622 0.518744
903.247 270.447 0.287099 -0.104838 0.739075
646.401 338.062 0.286002 0.0281491 0.687814
889.522 316.173 0.288779 -0.0862107 0.701326
824.921 251.533 0.257223 -0.0536646 0.709321
575.909 208.446 0.0254917 0.0176071 0.344267
632.861 326.426 0.270691 0.0322789 0.676155
546.533 29.342 -0.0613032 0.0219281 0.216972
703.926 341.157 0.129951 0.00983669 0.481644
668.946 303.174 0.706573 0.0915023 1.36027
856.583 168.314 0.22583 -0.068478 0.727736
775.613 334.808 0.288887 -0.0303762 0.690396
524.805 345.32 0.127581 0.0303082 0.478982
566.844 475.636 0.155956 0.0282894 0.4872
578.029 328.464 0.273584 0.0558425 0.680052
762.389 549.743 -0.0445914 0.022739 0.252514
814.326 216.198 0.149836 -0.0127258 0.543173
634.033 125.338 0.219048 0.0328867 0.774396
832.466 257.4 0.257038 -0.0558555 0.703614
896.76 205.196 0.260416 -0.103677 0.761732
776.418 224.353 0.272613 -0.0409071 0.768102
822.194 211.296 0.257207 -0.060869 0.7503
542.073 296.128 -0.0597097 0.0212471 0.225267
782.622 160.269 0.21189 -0.0310259 0.704605
815.48 72.3523 0.180911 -0.0434808 0.714902
925.577 176.289 0.23 -0.100187 0.726489
633.09 270.843 0.251154 0.0312121 0.688205
645.659 58.1867 0.228357 0.0546824 1.14654
560.972 21.0788 -0.0610844 0.0221158 0.217084
568.444 123.293 -0.0849063 0.0247909 0.188662
641.698 46.6314 0.216975 0.0538842 1.10729
695.815 332.724 0.101906 0.0121003 0.445716
898.576 120.81 0.0887624 -0.00479195 0.455404
791.232 175.811 0.243133 -0.0460789 0.763294
509.989 113.13 0.200716 0.0821523 0.737422
911.068 323.146 0.302936 -0.103602 0.713936
676.561 121.512 0.217979 0.0116102 0.775377
515.878 211.809 0.245545 0.088059 0.735367
626.6 118.981 0.211824 0.0349764 0.761042
902.295 323.506 0.317273 -0.10817 0.732796
565.667 499.282 -0.0659011 0.0218935 0.221547
936.314 399.574 0.30336 -0.0967387 0.659384
537.746 150.466 0.243018 0.0928791 0.811997
915.779 6.17702 0.173055 -0.111913 0.807758
825.745 205.263 0.241632 -0.0554904 0.724198
915.512 179.038 0.247526 -0.112306 0.765139
917.526 71.1331 0.193666 -0.101466 0.762609
720.185 127.477 -0.127779 -0.184944 3.57279
