729.519 212.628 0.244188 -0.500754 4.93442
713.475 202.223 -0.102179 -0.133807 5.50344
720.589 130.992 -0.126015 -0.198285 3.6411
545.263 6.75396 0.0250135 0.442365 1.96621
814.366 66.4374 0.179924 -0.0433411 0.715034
481.889 165.799 0.211249 0.0871844 0.703386
926.7 45.4824 0.181342 -0.0991985 0.750229
940.099 63.43 0.185843 -0.101659 0.737951
805.499 92.774 0.204826 -0.051291 0.767617
923.972 52.5366 0.184108 -0.0984158 0.749839
735.699 163.97 0.223185 -0.0146401 0.727139
577.866 213.861 0.256519 0.0622652 0.751944
765.687 213.974 0.266932 -0.0350157 0.76693
919.916 179.671 0.240871 -0.106461 0.745261
845.356 175.882 0.230075 -0.0640468 0.726848
728.349 181.457 0.244825 -0.0139925 0.759367
870.635 219.094 0.28513 -0.103589 0.794093
699.936 211.373 0.257384 0.000889352 0.752324
951.188 145.862 0.233551 -0.130157 0.770277
816.04 214.395 0.270274 -0.0637872 0.771492
898.72 167.11 0.228288 -0.0891698 0.730751
641.663 204.817 0.241585 0.0280115 0.727946
574.764 210.384 0.249906 0.0614207 0.741913
490.877 259.705 0.240044 0.0844928 0.680256
780.611 251.144 0.242902 -0.029472 0.68422
494.106 199.458 0.219756 0.081432 0.690829
496.81 251.598 0.237264 0.0819211 0.681518
833.698 194.049 0.223199 -0.0509203 0.69366
529.3 218.38 0.265124 0.0912234 0.766612
938.567 84.7178 0.199165 -0.109925 0.754738
509.521 339.093 0.286014 0.0882953 0.689545
504.999 371.709 0.415496 0.155596 0.817014
840.398 265.522 0.261158 -0.0596939 0.701374
897.022 200.881 0.24458 -0.0911104 0.730191
903.058 328.879 0.295653 -0.093299 0.698471
831.524 196.819 0.23195 -0.054317 0.709639
908.208 198.559 0.236416 -0.0899916 0.715017
912.503 318.709 0.296505 -0.10103 0.70737
490.551 247.619 0.229756 0.0805579 0.671391
925.665 171.2 0.230598 -0.102027 0.730722
651.056 213.135 0.243297 0.0236918 0.722662
895.606 263.895 0.262398 -0.0852813 0.703166
934.936 238.887 0.251871 -0.101956 0.70591
848.066 265.06 0.252878 -0.0589722 0.688036
854.566 273.951 0.264845 -0.0661593 0.699838
699.719 255.39 0.247075 0.0029894 0.690166
706.187 253.153 0.211158 0.00263043 0.630779
777.381 201.459 0.234383 -0.0315311 0.71186
506.438 171.1 0.222341 0.0842993 0.724388
778.072 332.494 0.285012 -0.0309699 0.685584
646.504 244.953 0.237463 0.02402 0.683181
637.561 199.128 0.22129 0.0266112 0.690484
494.734 175.186 0.223768 0.0894294 0.723764
629.081 326.66 0.262438 0.0319146 0.663603
551.318 202.467 0.226892 0.0623622 0.701703
742.458 156.965 0.211746 -0.015419 0.706029
634.704 254.126 0.233503 0.027751 0.669572
502.491 400.869 0.296027 0.0870386 0.660719
568.251 582.712 0.188191 0.0310848 0.495558
495.397 530.567 0.126586 0.0304987 0.449048
521.204 393.601 0.320886 0.0904606 0.691876
496.891 256.584 0.240174 0.0827408 0.682733
844.623 386.574 0.271122 -0.047522 0.633716
558.029 256.985 0.243657 0.06003 0.686836
830.384 200.293 0.235519 -0.0550833 0.713789
697.532 253.244 0.247203 0.0038261 0.692195
829.419 246.652 0.248001 -0.0521211 0.695382
513.539 211.153 0.236189 0.0818576 0.714122
898.381 382.931 0.325537 -0.0949025 0.693323
549.955 403.445 0.273125 0.0598261 0.633399
783.085 334.459 0.280778 -0.0319136 0.678573
826.117 153.55 0.214748 -0.051275 0.714691
518.44 339.331 0.293084 0.0876075 0.698391
767.708 209.077 0.255674 -0.0331563 0.748957
570.864 327.958 0.268242 0.0564057 0.672046
832.007 331.268 0.290746 -0.0572671 0.692391
912.245 321.624 0.299997 -0.102369 0.709637
810.612 64.893 0.178619 -0.0413121 0.712402
848.16 617.314 0.175234 -0.00960888 0.476631
694.328 193.904 0.212663 0.00486393 0.675298
897.53 380.477 0.355727 -0.11146 0.727192
952.919 364.997 0.344732 -0.141103 0.726382
780.637 385.826 0.314325 -0.033459 0.682722
866.028 180.087 0.249969 -0.0876785 0.768373
945.28 151.197 0.239946 -0.132651 0.780432
881.13 342.847 0.798073 -0.474436 1.26661
662.783 301.922 0.632765 0.0839434 1.24507
486.674 173.668 0.221097 0.0911548 0.719163
913.204 126.127 -0.0778885 0.0276519 0.197978
885.904 212.66 0.280901 -0.111957 0.793412
894.252 316.716 0.285964 -0.0863825 0.695344
526.602 143.29 0.234399 0.0924554 0.794349
771.628 206.109 0.24584 -0.0322264 0.731377
680.322 299.587 0.566018 0.0359221 1.14505
683.279 429.647 0.178248 0.011791 0.519174
902.177 268.014 0.287126 -0.104669 0.739505
644.804 335.747 0.286028 0.0283181 0.688244
888.393 313.678 0.288806 -0.0860417 0.701756
823.622 248.895 0.25725 -0.0534956 0.709751
547.003 150.21 0.0255185 0.017776 0.344697
631.154 323.989 0.270717 0.0324479 0.676585
548.241 43.7077 -0.0612764 0.0220971 0.217402
700.631 335.306 0.129977 0.0100056 0.482074
668.326 302.364 0.7066 0.0916713 1.3607
855.286 165.438 0.225856 -0.0683091 0.728167
774.29 332.395 0.288914 -0.0302073 0.690826
520.647 339.517 0.127608 0.0304771 0.479413
563.425 470.987 0.155983 0.0284584 0.487631
576.204 326.108 0.273611 0.0560115 0.680483
767.647 567.278 -0.0445646 0.022908 0.252944
812.056 211.329 0.149863 -0.0125569 0.543604
632.268 122.655 0.219075 0.0330556 0.774827
831.172 254.741 0.257065 -0.0556865 0.704045
895.658 202.652 0.260442 -0.103508 0.762162
775.148 221.988 0.27264 -0.0407381 0.768532
820.947 208.755 0.257234 -0.0607001 0.75073
544.641 311.651 -0.0596828 0.0214161 0.225697
781.082 157.232 0.211917 -0.0308569 0.705035
813.925 68.9632 0.180938 -0.0433118 0.715333
924.413 173.402 0.230027 -0.100018 0.726919
631.317 268.264 0.251181 0.031381 0.688635
644.39 56.266 0.228384 0.0548513 1.14697
565.783 139.409 -0.0848795 0.0249598 0.189092
640.361 44.5969 0.217002 0.0540532 1.10772
691.525 324.904 0.101932 0.0122693 0.446146
895.193 111.713 0.0887893 -0.004623 0.455835
789.907 173.215 0.24316 -0.04591 0.763724
507.693 110.225 0.200743 0.0823212 0.737852
910.008 320.739 0.302963 -0.103433 0.714366
674.908 118.798 0.218006 0.0117792 0.775807
513.827 209.362 0.245572 0.088228 0.735797
624.762 116.197 0.211851 0.0351454 0.761472
901.267 321.217 0.3173 -0.108001 0.733227
567.938 515.358 -0.0658743 0.0220625 0.221977
935.225 397.022 0.303387 -0.0965698 0.659815
535.857 148.126 0.243045 0.0930481 0.812427
914.603 3.02155 0.173082 -0.111744 0.808188
824.426 202.536 0.241659 -0.0553214 0.724628
916.325 68.0247 0.193693 -0.101297 0.763039
719.743 126.573 -0.127752 -0.184775 3.57322
