702.621 236.047 0.208236 -0.00911497 0.954435
613.547 238.003 0.207876 0.067388 0.954734
788.334 204.963 0.181189 -0.0803479 0.950437
777.818 150.058 0.139094 -0.0698733 0.956967
698.202 77.3643 0.0891588 -0.00943835 0.971899
878.538 72.3651 0.0875314 -0.141815 0.964369
535.824 160.759 0.142013 0.11806 0.954788
583.927 83.0521 0.0899473 0.0735985 0.962525
628.916 80.9517 0.0902146 0.0418676 0.96966
536.221 160.568 0.142116 0.118027 0.955665
481.332 96.0332 0.0992671 0.155763 0.977516
861.807 127.664 0.127374 -0.13846 0.972005
733.396 210.139 0.185675 -0.0353963 0.953925
786.857 205.874 0.188629 -0.0827805 0.968306
492.784 135.409 0.130291 0.16047 0.989703
698.55 69.4671 0.0837839 -0.0098607 0.970474
629.524 75.6569 0.0868804 0.0411666 0.97083
882.895 100.465 0.100453 -0.136513 0.931021
782.71 153.457 0.159114 -0.0865048 1.02573
837.94 209.88 0.190842 -0.125729 0.961496
752.237 235.222 0.210818 -0.0525571 0.959082
584.824 78.936 0.0876591 0.073096 0.965322
751.864 235.656 0.211715 -0.0523812 0.960209
858.344 217.145 0.19988 -0.146458 0.96647
863.898 124.795 0.124848 -0.139086 0.970034
516.21 177.555 0.0981629 0.0771635 0.78947
575.908 239.533 0.213149 0.103072 0.965682
558.87 214.817 0.181251 0.105411 0.942579
572.127 239.76 0.200665 0.097397 0.937348
789.26 235.339 0.208543 -0.0835734 0.951564
863.357 210.667 0.186368 -0.142205 0.94673
791.512 233.379 0.204813 -0.0843862 0.94709
791.589 235.903 0.208141 -0.0851524 0.949379
728.182 208.206 0.182898 -0.0308795 0.951308
857.617 263.907 0.24233 -0.151272 0.959841
858.647 133.481 0.133676 -0.139629 0.980751
755.896 236.429 0.206845 -0.0542897 0.947468
754.143 233.875 0.202264 -0.0520806 0.942472
758.185 236.221 0.199338 -0.0540182 0.931143
702.965 235.893 0.207258 -0.00941454 0.952527
702.02 238.083 0.206558 -0.00855588 0.946546
770.826 204.561 0.179948 -0.0656495 0.949101
481.785 94.8875 0.0989419 0.156485 0.980602
529.156 187.678 0.161972 0.127261 0.952261
696.432 32.9835 0.0646922 -0.00904555 1.15205
491.999 161.327 0.108664 0.106354 0.844069
697.395 383.653 0.158322 -0.00396878 0.710394
609.503 238.482 0.201557 0.0675164 0.939786
790.891 272.889 0.2421 -0.0869042 0.94612
816.453 560.171 0.0770866 -0.0249728 0.560439
607.186 418.575 0.111104 0.022124 0.640177
576.432 276.536 0.234475 0.100243 0.937038
661.258 236.5 0.187995 0.0221425 0.910739
587.382 85.4712 0.0931605 0.0737102 0.973682
802.386 218.552 0.196368 -0.0949889 0.958061
833.134 428.838 0.484409 -0.170305 0.96985
664.913 238.145 0.203682 0.0222757 0.942115
697.973 20.5544 0.0532989 -0.0110934 1.17296
580.131 350.323 0.485932 0.210906 1.14861
498.612 322.109 0.295357 0.194086 0.961074
867.917 140.773 0.137372 -0.145026 0.971583
842.179 234.948 0.210817 -0.130465 0.954371
833.749 315.186 0.281242 -0.128025 0.934519
801.406 277.304 0.224156 -0.08662 0.906087
829.923 280.473 0.262633 -0.130178 0.966258
489.092 127.16 0.122612 0.158685 0.982975
623.867 285.494 0.238554 0.0587303 0.926424
855.213 265.485 0.249915 -0.153958 0.971203
796.525 629.631 0.120854 -0.0251366 0.576969
579.206 511.244 0.402855 0.105098 0.825371
738.09 207.743 0.178346 -0.0380802 0.939819
796.88 399.913 0.10802 -0.0328414 0.641999
605.451 239.4 0.200981 0.0702785 0.93693
754.861 274.458 0.234036 -0.0525881 0.930639
517.358 406.71 0.105812 0.0471626 0.64054
890.706 186.178 0.173821 -0.170139 0.968277
886.707 190.161 0.181035 -0.172401 0.97969
825.003 211.314 0.189685 -0.113105 0.956053
849.235 318.157 0.291939 -0.147185 0.944193
576.99 321.211 0.141207 0.0467822 0.733665
568.526 237.693 0.198625 0.099842 0.937017
873.923 78.2544 0.0930941 -0.14348 0.97711
562.068 332.01 0.146311 0.0538564 0.733246
708.624 539.46 0.0799829 -0.00520625 0.56889
849.075 231.473 0.214509 -0.141639 0.969737
574.095 277.073 0.23456 0.102102 0.936362
845.714 314.997 0.29687 -0.148399 0.956807
791.222 234.808 0.203159 -0.082826 0.940535
899.375 619.714 0.113626 -0.0472735 0.573477
887.975 322.745 0.174173 -0.103059 0.771384
888.549 188.3 0.178449 -0.172397 0.976768
747.346 281.702 0.249684 -0.0481296 0.94596
710.02 316.705 0.174564 -0.0112013 0.782513
853.165 278.276 0.246474 -0.142044 0.940843
572.867 279.422 0.235023 0.102499 0.933146
832.761 617.985 0.0277176 -0.0179443 0.507798
936.245 535.475 0.0738017 -0.0473713 0.562419
775.313 151.42 0.142711 -0.0696103 0.967041
705.13 326.062 0.280386 -0.00885601 0.922547
667.746 301.673 0.573398 0.104123 1.45115
662.733 236.182 0.206849 0.025032 0.953334
689.434 568.82 0.0711421 -0.00143734 0.554461
666.135 275.043 0.237827 0.0238031 0.941114
723.382 221.159 0.193399 -0.0268189 0.949824
860.519 209.309 0.181897 -0.136561 0.938488
831.702 319.619 0.156565 -0.0676828 0.750747
721.604 216.341 0.178565 -0.0241299 0.923565
756.164 206.873 0.175726 -0.0517617 0.933817
771.953 400.976 0.141389 -0.0308072 0.679583
696.184 372.47 0.189594 -0.00310026 0.755144
873.916 78.5655 0.0927139 -0.141997 0.972722
577.429 528.019 0.0818765 0.0209866 0.574716
582.669 329.708 0.287656 0.103992 0.933058
848.231 286.445 0.370011 -0.226502 1.13832
615.802 410.255 0.101153 0.018256 0.632347
691.144 159.25 0.144377 -0.00196546 0.956768
841.149 465.056 0.180697 -0.060654 0.68392
612.044 276.789 0.232477 0.0685438 0.931102
841.572 466.071 0.180083 -0.0605391 0.682832
695.439 589.02 0.13674 -0.00197869 0.600785
796.498 282.062 0.253454 -0.0936218 0.949211
798.563 441.698 0.0618635 -0.022822 0.576038
640.063 320.834 0.17334 0.0255712 0.778939
711.73 536.446 0.0789305 -0.00581619 0.568685
572.388 278.729 0.233657 0.102352 0.931906
763.66 157.882 0.173941 -0.0758635 1.07378
773.663 146.978 0.135108 -0.0655013 0.950779
655.512 284.282 0.236703 0.0316418 0.923661
846.438 317.068 0.299938 -0.149883 0.957588
607.872 235.81 0.197333 0.0675626 0.935635
579.394 328.77 0.286525 0.106788 0.933115
795.408 623.812 0.122494 -0.025278 0.579639
639.837 317.89 0.175679 0.0263514 0.785088
699.478 605.646 0.127123 -0.00297219 0.588869
708.464 416.61 0.110601 -0.00708954 0.639012
866.947 141.838 0.138399 -0.144711 0.972497
554.141 214.189 0.177638 0.106459 0.934893
538.903 160.621 0.14269 0.116588 0.957447
856.927 401.109 0.142748 -0.0617244 0.679502
756.053 202.695 0.165929 -0.049447 0.916904
530.536 190.473 0.164411 0.126921 0.952794
838.653 627.086 0.0265681 -0.0182589 0.505498
574.386 272.698 0.223795 0.0970241 0.924115
710.411 281.605 0.243731 -0.0146998 0.937681
790.625 360.196 0.330667 -0.0917708 0.930873
782.81 325.154 0.113151 -0.0342814 0.686609
812.41 207.417 0.18175 -0.0991227 0.945009
778.084 151.4 0.140843 -0.0706146 0.959738
861.561 394.632 0.110498 -0.052769 0.646222
895.339 608.705 0.116695 -0.0478369 0.578545
759.744 318.455 0.175196 -0.0374965 0.780356
669.158 266.408 0.218039 0.0186664 0.919337
834.294 314.308 0.280126 -0.128307 0.934296
572.138 12.5259 0.0473311 0.0772731 0.976259
672.484 321.045 0.672227 0.108301 1.49701
659.192 283.226 0.245333 0.030451 0.94032
557.791 215.739 0.181911 0.106355 0.942363
700.772 235.592 0.202713 -0.00758818 0.943036
700.89 236.898 0.201202 -0.00767286 0.937071
747.591 281.232 0.251371 -0.0487766 0.949745
864.395 397.245 0.110388 -0.0533237 0.64489
755.125 273.677 0.239281 -0.054238 0.941488
777.106 327.683 0.148551 -0.0395773 0.734541
778.226 518.211 -0.202672 0.0062443 0.240457
925.838 491.853 -0.21452 0.00757381 0.221626
745.067 507.022 -0.186139 0.00498571 0.265244
500.401 266.126 0.280583 0.225885 1.0539
793.439 548.484 -0.198608 0.00620506 0.247352
856.043 89.7882 0.110646 -0.155256 1.0518
917.957 325.152 0.470806 -0.387042 1.16955
670.342 321.616 0.648478 0.10727 1.46005
700.29 313.291 1.64727 0.21994 3.11125
738.413 205.69 0.175852 -0.0381284 0.937691
932.053 542.807 0.0727292 -0.0458261 0.559777
738.16 205.709 0.175905 -0.0379382 0.937803
705.195 325.49 0.28275 -0.00892292 0.926735
661.634 233.812 0.194608 0.0235481 0.930436
657.339 287.271 0.261256 0.0350775 0.960759
703.122 90.326 0.112204 -0.0155238 1.54174
710.621 191.07 0.345412 -0.03037 2.08406
482.106 264.48 0.236083 0.193736 0.968179
790.179 235.897 0.214953 -0.087277 0.96469
835.369 237.053 0.223953 -0.133249 0.979548
697.739 77.6452 0.0896694 -0.00909287 0.974442
586.582 89.2654 0.0957701 0.0748229 0.97409
627.83 84.439 0.0924173 0.0428442 0.968941
663.071 236.397 0.207162 0.024783 0.953576
490.29 128.222 0.123928 0.159058 0.985503
537.522 162.687 0.145008 0.11899 0.96027
