728.368 211.911 0.244744 -0.499982 4.93811
712.279 201.453 -0.101178 -0.133183 5.50803
718.74 128.906 -0.125078 -0.197002 3.63577
539.754 2.56208 0.0261181 0.443208 1.97171
807.711 56.1842 0.180969 -0.0426429 0.719609
921.546 35.9951 0.182828 -0.0986904 0.756064
936.685 53.002 0.186522 -0.101021 0.741981
799.568 84.2788 0.205801 -0.0506127 0.772102
921.142 41.6105 0.184252 -0.0975167 0.7523
728.64 156.329 0.223849 -0.0140108 0.730999
568.193 208.213 0.25746 0.0629343 0.756454
759.964 208.172 0.267944 -0.0344488 0.77166
916.096 172.504 0.241916 -0.105907 0.750095
840.236 168.425 0.230979 -0.0633783 0.731276
719.213 177.159 0.251929 -0.0130153 0.776265
867.016 213.56 0.285762 -0.10292 0.798068
692.789 205.472 0.257961 0.00152544 0.756028
947.948 138.408 0.234452 -0.129488 0.774693
811.561 208.556 0.270587 -0.0630735 0.774748
895.058 159.29 0.228691 -0.0883294 0.734097
632.953 198.349 0.242419 0.0285974 0.73229
564.74 204.48 0.250704 0.0620527 0.746123
774.394 244.269 0.243604 -0.0288882 0.688687
481.037 192.43 0.220645 0.0820144 0.695188
483.903 245.471 0.23797 0.0825173 0.685839
828.979 185.289 0.22298 -0.0501808 0.696578
518.986 213.156 0.266045 0.0918337 0.771069
935.027 75.541 0.199985 -0.109228 0.758853
498.264 335.613 0.286813 0.0888461 0.693924
501.315 369.631 0.424621 0.157999 0.831511
835.537 259.73 0.261862 -0.0589771 0.705458
893.644 193.784 0.244891 -0.0903342 0.73355
899.707 324.173 0.296181 -0.0925533 0.70249
826.365 189.429 0.232581 -0.0536383 0.713571
904.27 191.251 0.237199 -0.0892761 0.719239
910.944 314.305 0.295435 -0.099888 0.708836
923.261 163.354 0.230659 -0.101167 0.733324
641.852 206.441 0.243818 0.0245378 0.726697
892.96 257.89 0.261875 -0.0842697 0.705244
933.023 231.867 0.251428 -0.100957 0.708269
843.188 258.845 0.253624 -0.0583002 0.692298
849.013 268.558 0.266416 -0.0654095 0.705138
691.764 249.462 0.247595 0.00366706 0.693898
697.394 245.963 0.212208 0.00316962 0.63524
771.153 194.329 0.2351 -0.0308896 0.715979
494.297 164.036 0.2233 0.0849096 0.72886
772.339 328.088 0.285553 -0.0302941 0.689566
637.446 238.66 0.238511 0.0245912 0.68788
628.045 191.822 0.222633 0.0272544 0.69583
482.735 168.258 0.224983 0.0900744 0.728839
619.777 322.063 0.263206 0.0324847 0.667917
540.099 195.694 0.227868 0.0629421 0.706225
735.587 148.651 0.212905 -0.0150675 0.71115
624.623 247.609 0.234225 0.0284677 0.673842
490.579 398.779 0.296559 0.0875635 0.66467
551.451 581.684 0.189177 0.031677 0.500027
510.588 391.632 0.321345 0.0909677 0.69579
484.836 250.968 0.241385 0.0832909 0.687665
545.983 251.569 0.243664 0.0606179 0.68951
826.19 192.426 0.235079 -0.0543376 0.716041
689.759 247.208 0.24808 0.00440673 0.696623
825.98 240.232 0.246359 -0.0510645 0.695293
501.447 204.827 0.236839 0.0823976 0.718062
895.257 379.378 0.325974 -0.0941521 0.69726
543.877 398.515 0.281177 0.0609471 0.64665
777.449 329.968 0.281256 -0.0312594 0.682469
820.395 145.493 0.215716 -0.0506107 0.719072
508.083 335.969 0.294224 0.0881191 0.703211
762.076 202.72 0.25619 -0.0325981 0.752783
560.494 324.128 0.268573 0.056763 0.675491
827.506 326.777 0.291169 -0.0565716 0.696226
908.649 316.774 0.301115 -0.10182 0.714561
803.689 54.8881 0.180489 -0.0410927 0.719694
838.66 611.563 0.177206 -0.00913675 0.482525
686.146 185.333 0.211633 0.00533305 0.676064
895.399 377.644 0.35497 -0.110373 0.72953
951.275 361.444 0.344498 -0.140069 0.729416
775.348 382.601 0.314745 -0.0327915 0.68663
863.249 173.029 0.249379 -0.0867331 0.769622
942.175 143.956 0.240776 -0.132016 0.784772
657.033 300.08 0.610937 0.0825455 1.21541
937.09 251.743 -0.0769301 0.0283621 0.202881
881.972 207.098 0.282043 -0.111373 0.798314
890.577 311.634 0.286669 -0.0857201 0.699652
514.789 135.264 0.233616 0.0926486 0.795706
765.363 200.464 0.248264 -0.0319128 0.73813
676.506 297.782 0.564455 0.0363151 1.14622
671.064 422.557 0.179735 0.0122999 0.524453
898.527 263.106 0.288507 -0.104216 0.744381
636.99 331.854 0.286648 0.0286563 0.692308
884.344 308.633 0.28992 -0.0854746 0.706654
817.438 243.721 0.26057 -0.0533764 0.717753
622.322 319.582 0.271672 0.0329951 0.681145
558.405 135.292 -0.0595535 0.0227521 0.223205
685.626 320.475 0.132078 0.0104389 0.488386
664.552 301.062 0.698248 0.0912844 1.35117
849.815 158.01 0.227788 -0.06812 0.734887
768.467 327.908 0.290064 -0.0296456 0.69574
546.82 461.136 0.158361 0.0289768 0.49427
565.22 322.446 0.273064 0.0564686 0.682677
806.833 191.898 0.145502 -0.0112821 0.540562
623.769 115.727 0.220641 0.0336538 0.780366
822.19 252.18 0.267415 -0.0571014 0.721872
898.753 192.138 0.253152 -0.100584 0.753285
770.663 214.258 0.268483 -0.039258 0.765035
817.478 201.164 0.255213 -0.0595655 0.750396
559.455 412.87 -0.0586714 0.0221514 0.230678
773.787 149.358 0.213776 -0.0302858 0.711438
807.305 58.7145 0.181926 -0.0425964 0.719785
921.842 165.465 0.230056 -0.0991019 0.729546
638.704 50.9852 0.229429 0.0553673 1.1527
545.843 297.259 -0.0840564 0.0256983 0.193769
635.322 42.9559 0.221717 0.0549597 1.12237
860.295 119.596 0.102442 -0.00589343 0.478361
784.739 165.377 0.242446 -0.0449639 0.765423
495.207 101.702 0.201565 0.0828719 0.741964
500.657 202.293 0.244464 0.0885076 0.737107
611.995 104.281 0.209096 0.0364991 0.759476
898.407 316.883 0.317372 -0.107109 0.736593
581.347 615.167 -0.0634591 0.022649 0.228706
922.04 389.474 0.316392 -0.099205 0.679441
526.949 142.976 0.245355 0.0938348 0.81921
820.695 194.946 0.24035 -0.0543413 0.725028
682.307 237.418 0.234837 0.0073203 0.680969
634.724 200.091 0.244343 0.028074 0.734587
643.327 212.148 0.269862 0.0277979 0.775562
925.109 29.0654 0.183978 -0.107466 0.776056
874.048 260.009 0.30011 -0.100382 0.767994
871.924 274.527 0.291349 -0.0890448 0.73882
882.415 164.457 0.236798 -0.0882363 0.748611
911.856 58.9371 0.194864 -0.100744 0.768102
717.851 124.986 -0.126714 -0.184069 3.57686
