728.119 211.852 0.24312 -0.499664 4.93581
712.057 201.31 -0.102782 -0.132851 5.50681
718.415 128.191 -0.126554 -0.196083 3.62359
538.91 2.23265 0.0244617 0.443758 1.9715
804.82 60.2099 0.178806 -0.0422047 0.717206
918.061 40.1158 0.181057 -0.0983542 0.754855
933.327 57.019 0.184576 -0.100633 0.740375
796.83 87.3907 0.203635 -0.0501199 0.769786
918.177 45.371 0.182187 -0.0971298 0.75041
725.961 159.482 0.221765 -0.0137127 0.729107
565.104 210.592 0.255019 0.0633076 0.75381
757.292 210.736 0.26532 -0.0338839 0.768584
912.819 175.904 0.239775 -0.105235 0.747821
837.922 171.577 0.227936 -0.0626844 0.727263
719.069 177.94 0.24492 -0.0132335 0.76453
865.133 215.948 0.282424 -0.102015 0.793592
690.222 208.002 0.255567 0.00184302 0.753549
946.417 141.089 0.231294 -0.128563 0.770327
808.517 211.281 0.268465 -0.0624396 0.772614
891.706 162.768 0.226894 -0.088044 0.732837
629.939 201.277 0.239923 0.0289622 0.729407
561.692 207.14 0.248324 0.0623755 0.74344
771.005 247.715 0.241663 -0.0284731 0.687106
481.265 249.099 0.236333 0.0828463 0.684369
825.699 189.558 0.221167 -0.0498116 0.694796
515.612 215.285 0.26319 0.0920075 0.767543
932.095 79.1505 0.197819 -0.108672 0.756515
495.525 338.172 0.284787 0.08909 0.692202
501.033 370.776 0.426491 0.159141 0.834024
832.836 262.463 0.258935 -0.0584721 0.702605
890.722 197.235 0.242641 -0.0898015 0.731093
898.064 327.281 0.292214 -0.0917783 0.698074
823.535 192.857 0.230177 -0.0531825 0.711006
901.798 193.888 0.234096 -0.08858 0.716002
909.786 317.931 0.290979 -0.0987858 0.703244
921.267 166.323 0.227531 -0.100375 0.729427
638.398 209.91 0.242103 0.0252032 0.725007
890.888 261.294 0.258403 -0.0834489 0.700999
930.555 235.392 0.248577 -0.100262 0.704947
840.412 261.811 0.250984 -0.0579228 0.689888
844.421 272.224 0.265366 -0.0648296 0.704575
688.601 252.607 0.245661 0.00406747 0.692384
694.129 250.54 0.21064 0.00342287 0.634203
767.734 197.865 0.23335 -0.0304074 0.714575
498.261 168.179 0.226527 0.0860251 0.738452
770.129 331.487 0.281742 -0.0298943 0.685192
634.406 241.966 0.23663 0.0249619 0.686397
623.985 195.485 0.220273 0.0279379 0.693153
616.692 325.366 0.26112 0.0327943 0.666051
537.053 198.762 0.225724 0.0632764 0.704206
732.399 152.386 0.211241 -0.0146907 0.710076
621.429 250.956 0.232197 0.0288446 0.672211
487.146 401.745 0.294231 0.0878609 0.66251
547.738 584.526 0.188779 0.0321226 0.500679
507.404 394.117 0.318817 0.0911793 0.693411
480.94 254.205 0.238829 0.0836081 0.684873
543.013 254.659 0.241659 0.0609573 0.687804
823.398 195.66 0.23254 -0.0538479 0.713334
686.648 250.406 0.24624 0.00479525 0.695201
822.335 243.792 0.244493 -0.0505859 0.693746
498.345 207.581 0.23457 0.0826821 0.715819
893.2 383.493 0.321652 -0.0929008 0.692046
537.927 402.36 0.275262 0.0609838 0.640414
774.866 333.632 0.277583 -0.0307167 0.678204
817.408 148.667 0.213533 -0.0502605 0.717322
504.568 338.803 0.291292 0.0882269 0.700027
759.243 205.664 0.253874 -0.03208 0.750194
556.474 327.866 0.265258 0.05699 0.671558
823.135 329.612 0.290216 -0.0561099 0.695996
905.36 319.818 0.298661 -0.101114 0.71209
799.124 60.2144 0.179911 -0.0408694 0.721585
830.27 618.083 0.176002 -0.00874169 0.482001
683.617 188.926 0.208054 0.00550004 0.671241
894.537 381.003 0.349739 -0.109223 0.723477
949.071 364.357 0.341014 -0.139083 0.725629
772.964 386.306 0.310568 -0.0322438 0.681906
861.226 175.726 0.246345 -0.0860124 0.765614
939.895 146.719 0.238154 -0.131324 0.781667
655.629 300.681 0.60857 0.0827013 1.21213
934.948 175.539 -0.0788058 0.0288362 0.202902
879.346 209.814 0.279018 -0.110093 0.794089
887.042 314.7 0.284566 -0.0852145 0.697807
506.58 132.501 0.225509 0.0920082 0.782786
762.534 203.252 0.245606 -0.0313782 0.735201
674.202 298.235 0.550236 0.036126 1.12517
667.369 430.83 0.17756 0.0124358 0.52248
893.139 267.511 0.290388 -0.104934 0.747448
633.956 334.619 0.284511 0.0290134 0.690437
880.479 310.974 0.288911 -0.0855564 0.706822
813.597 247.484 0.26025 -0.0532947 0.718402
959.546 318.382 0.142056 -0.0274015 0.503403
620.801 322.041 0.27133 0.0330239 0.682045
564.053 79.134 -0.0614325 0.0231587 0.22316
678.689 329.926 0.131743 0.010818 0.489511
661.755 301.173 0.677811 0.0900025 1.32035
766.642 331.415 0.28561 -0.0292576 0.690361
543.113 467.647 0.15765 0.0293537 0.494602
561.37 325.742 0.26979 0.0567076 0.678996
804.174 193.549 0.138497 -0.0101345 0.532325
620.777 117.511 0.217603 0.0339872 0.77643
822.316 252.95 0.257902 -0.0551378 0.709231
892.089 197.942 0.256429 -0.102056 0.759961
767.09 217.903 0.267911 -0.0387565 0.765033
817.241 200.93 0.246726 -0.0576797 0.738256
570.934 359.857 -0.0604429 0.0226179 0.230874
770.991 152.904 0.211506 -0.0299253 0.709092
803.986 63.0422 0.180148 -0.0422071 0.718413
635.618 46.8221 0.222668 0.0552168 1.1349
552.412 190.189 -0.0855295 0.0260796 0.194244
631.502 38.1177 0.214564 0.0553224 1.10452
850.361 133.639 0.101059 -0.00555669 0.478318
782.558 166.794 0.23809 -0.0440576 0.759562
498.144 205.075 0.242625 0.0888008 0.735464
610.954 108.171 0.207943 0.0363263 0.758933
900.7 319.67 0.306463 -0.103829 0.722696
589.089 551.418 -0.0646267 0.0230128 0.229608
914.656 390.735 0.31914 -0.100109 0.683834
518.301 139.167 0.235704 0.092892 0.803579
817.877 198.42 0.237506 -0.0535829 0.721294
679.259 241.015 0.23362 0.00764528 0.680591
637.134 210.763 0.258823 0.0286148 0.759174
642.24 216.457 0.272649 0.028102 0.781394
921.184 33.9762 0.182738 -0.107206 0.775488
873.113 262.103 0.294715 -0.0989348 0.760956
868.544 277.466 0.289647 -0.08864 0.737393
879.221 167.663 0.234909 -0.0878886 0.747169
618.243 266.079 0.246006 0.0319099 0.684464
687.362 200.412 0.239565 0.00343421 0.727721
874.667 259.98 0.297627 -0.102526 0.76813
908.832 56.4858 0.188705 -0.0972651 0.75946
882.609 390.615 0.333033 -0.0918565 0.699242
803.601 175.978 0.253008 -0.0604993 0.783869
908.632 62.6722 0.192919 -0.100227 0.766259
717.513 124.847 -0.128325 -0.183672 3.57458
