697.533 235.377 0.20615 -0.00916125 0.956497
606.45 236.954 0.205782 0.0672612 0.956799
784.897 204.115 0.179237 -0.0802848 0.952714
774.129 148.191 0.137234 -0.069681 0.958978
692.722 73.4076 0.0872491 -0.00917694 0.972981
876.083 70.1917 0.0867065 -0.142292 0.970204
526.324 157.668 0.140015 0.118036 0.956634
576.435 78.8853 0.088668 0.0735804 0.966315
622.586 77.2759 0.0892719 0.041959 0.974815
528.033 157.642 0.140813 0.11779 0.959548
858.045 126.628 0.127939 -0.139746 0.982552
728.065 209.201 0.1837 -0.0346915 0.956005
782.71 205.194 0.185993 -0.0816294 0.968388
482.399 131.429 0.127963 0.159753 0.98988
693.268 65.5023 0.0821207 -0.00973861 0.972518
622.491 71.7929 0.0858093 0.0417133 0.975561
880.343 98.4633 0.0992296 -0.136382 0.935073
779.256 151.851 0.157879 -0.0864598 1.02987
834.898 209.36 0.189343 -0.125537 0.964994
748.166 234.665 0.209137 -0.0526456 0.962252
577.21 74.5009 0.0860692 0.0728661 0.9677
747.668 235.176 0.2097 -0.0522598 0.962485
855.276 216.674 0.199316 -0.14697 0.972683
858.98 123.813 0.12517 -0.139039 0.979325
505.44 174.779 0.0973229 0.0771663 0.794869
568.35 238.281 0.211264 0.102802 0.96829
550.975 212.911 0.180335 0.105708 0.947796
563.834 238.507 0.198685 0.0973412 0.939838
786.5 235.016 0.205678 -0.0836827 0.95196
860.417 210.26 0.185251 -0.142238 0.951269
787.968 233.043 0.202817 -0.0842291 0.949441
788.113 235.662 0.20563 -0.0847782 0.950491
723.46 207.232 0.179495 -0.0305694 0.949554
855.044 264.296 0.240371 -0.150979 0.962498
856.067 131.943 0.132457 -0.139647 0.984953
751.329 236.039 0.204865 -0.0538711 0.949767
750.029 233.346 0.200406 -0.0521455 0.945193
754.147 235.548 0.198734 -0.0545468 0.937043
697.545 235.184 0.205474 -0.00918525 0.955369
696.938 237.392 0.204587 -0.0086707 0.949011
767.002 203.613 0.17821 -0.0656608 0.951961
520.543 185.21 0.160499 0.127069 0.955735
692.249 27.3068 0.0621722 -0.00889855 1.14821
481.842 158.495 0.106902 0.105046 0.846048
690.635 380.908 0.175285 -0.00438693 0.739512
602.223 237.348 0.199955 0.0676132 0.943152
788.601 272.831 0.234159 -0.0855867 0.938518
804.608 560.699 0.077793 -0.0253242 0.569166
596.214 417.378 0.111925 0.0221261 0.649231
567.132 276.291 0.230756 0.100043 0.936088
654.479 235.789 0.18515 0.0221327 0.911081
580.508 81.6286 0.0922669 0.0737731 0.979122
799.378 217.991 0.194313 -0.0949882 0.960185
830.673 430.852 0.484377 -0.171818 0.974728
658.518 237.417 0.200952 0.0223438 0.94268
694.248 16.7205 0.0522233 -0.011147 1.17768
583.269 349.686 0.522326 0.220859 1.19937
488.891 322.166 0.292688 0.193587 0.962696
864.647 139.598 0.136874 -0.145317 0.978174
839.041 234.835 0.209331 -0.130218 0.957946
831.217 316.445 0.278383 -0.1278 0.935784
797.101 277.553 0.223048 -0.0864506 0.910666
827.096 280.995 0.260458 -0.129942 0.968564
617.683 284.975 0.238083 0.0586293 0.932302
853.113 265.913 0.247357 -0.153613 0.972624
784.439 635.116 0.121258 -0.0250462 0.584269
570.975 515.598 0.40094 0.104673 0.828244
733.834 206.682 0.175865 -0.0381572 0.940776
787.361 399.747 0.108615 -0.032986 0.650555
599.734 238.18 0.200187 0.0694789 0.94218
953.365 175.13 0.209111 -0.321731 1.1298
750.792 274.747 0.231608 -0.0526266 0.932297
503.273 407.581 0.105746 0.0473688 0.647592
888.752 185.503 0.172227 -0.170068 0.971568
883.703 189.64 0.180285 -0.17245 0.985273
822.491 210.835 0.187172 -0.112745 0.956747
846.749 319.219 0.289919 -0.147311 0.947103
566.971 320.429 0.141726 0.0472176 0.741813
559.94 236.364 0.196351 0.0997287 0.938882
871.727 75.8574 0.0917357 -0.143275 0.98048
551.956 331.666 0.146165 0.053963 0.740159
695.612 543.895 0.0799538 -0.00533235 0.575921
847.348 231.335 0.211736 -0.141389 0.97029
566.218 276.503 0.232727 0.101957 0.939352
843.64 316.109 0.29402 -0.148355 0.958257
787.588 234.479 0.201231 -0.0826772 0.943098
888.963 622.185 0.114812 -0.0477333 0.582127
883.468 324.239 0.173355 -0.10301 0.776565
887.225 187.587 0.1763 -0.1722 0.978532
743.156 281.922 0.247666 -0.0482201 0.948591
703.214 316.879 0.174218 -0.0113043 0.788881
850.886 278.8 0.244398 -0.142151 0.943502
565.168 278.744 0.233664 0.102515 0.937247
818.785 617.34 0.0285889 -0.0185303 0.516927
927.014 536.449 0.0743618 -0.0480364 0.570931
771.471 149.536 0.140462 -0.0690664 0.967662
699.886 326.998 0.278205 -0.00891134 0.924971
663.873 301.84 0.561677 0.101891 1.43478
656.946 235.325 0.204839 0.0248118 0.955574
674.542 572.415 0.0715952 -0.00144042 0.562269
659.62 275.499 0.232923 0.0235857 0.937348
718.565 220.263 0.191679 -0.0267793 0.952806
856.755 208.93 0.181158 -0.136316 0.943893
822.897 324.445 0.153625 -0.064855 0.750307
720.044 214.121 0.18321 -0.0276047 0.944638
748.897 205.963 0.176612 -0.0501998 0.943531
763.515 402.404 0.141682 -0.030843 0.686929
688.806 373.526 0.189511 -0.00319171 0.76167
871.484 76.2614 0.0915084 -0.14187 0.976763
562.777 530.532 0.0820855 0.0208797 0.582303
576.108 330.067 0.286547 0.103332 0.937208
846.808 287.074 0.365623 -0.225032 1.13617
603.836 408.936 0.101805 0.0184183 0.641253
685.611 157.174 0.143348 -0.00179582 0.96162
834.72 470.811 0.178916 -0.0602185 0.687477
605.031 276.514 0.230279 0.068152 0.933204
835.543 469.012 0.180052 -0.0610363 0.689388
689.746 554.32 0.176015 -0.00319129 0.649965
792.305 282.247 0.252494 -0.0933951 0.954124
787.178 442.486 0.0623743 -0.023107 0.584304
631.064 321.716 0.172094 0.02584 0.783231
698.242 536.522 0.0801158 -0.00588828 0.57787
564.606 278.315 0.231642 0.10189 0.93436
760.185 156.306 0.172813 -0.0758601 1.07827
769.567 145.169 0.134043 -0.065513 0.955468
649.954 284.021 0.236093 0.0312885 0.929053
843.67 317.915 0.298608 -0.15022 0.961754
600.859 234.658 0.195651 0.0673207 0.938734
571.346 329.446 0.283707 0.106392 0.934408
784.71 626.898 0.123466 -0.0256154 0.587908
631.712 318.217 0.174884 0.0263538 0.790443
687.002 610.802 0.12739 -0.00292311 0.595963
698.455 415.534 0.111517 -0.00725875 0.648233
863.664 140.65 0.138073 -0.14527 0.979868
544.696 212.495 0.174696 0.105893 0.934493
529.746 157.589 0.141493 0.117396 0.962111
857.941 405.587 0.13347 -0.0611876 0.674747
751.887 201.735 0.16366 -0.0494114 0.918229
520.837 188.057 0.161743 0.126234 0.95276
822.046 630.921 0.0270522 -0.0184336 0.513692
568.856 271.932 0.224635 0.0965496 0.932193
705.262 281.618 0.242034 -0.0146645 0.941011
787.023 361.619 0.328941 -0.0919589 0.934323
774.45 324.234 0.114434 -0.0346052 0.696362
808.32 206.684 0.181702 -0.0994669 0.952417
854.795 395.637 0.110642 -0.0533669 0.653784
886.133 614.735 0.116847 -0.0480492 0.585493
753.246 318.323 0.175404 -0.0376057 0.787992
664.426 265.857 0.21836 0.0179361 0.926681
562.242 4.14169 0.0441917 0.0763638 0.970468
668.604 321.485 0.660226 0.107326 1.48262
653.665 282.889 0.244201 0.0301306 0.944899
549.281 213.981 0.180011 0.106192 0.944804
696.086 234.925 0.200273 -0.00808303 0.944285
694.955 236.294 0.199126 -0.00719046 0.939147
751.826 274.096 0.235934 -0.0546177 0.941148
770.791 328.45 0.148079 -0.0398416 0.740671
825.862 605.723 -0.19478 0.00611069 0.26229
786.116 595.1 -0.174609 0.00438483 0.292307
489.771 265.452 0.275456 0.223534 1.04869
917.12 326.287 0.467692 -0.386665 1.1705
665.467 322.491 0.628456 0.105748 1.43248
698.744 313.456 1.61828 0.216162 3.05821
734.19 204.602 0.173563 -0.0382727 0.939107
920.813 544.188 0.0733294 -0.0461419 0.568254
655.41 232.88 0.193065 0.0235994 0.933857
650.461 287.815 0.258116 0.0355208 0.960399
708.493 187.768 0.335317 -0.0287059 2.04993
691.135 555.104 0.0769561 -0.00441711 0.570653
567.333 579.146 0.0678266 0.0165011 0.558409
609.304 405.766 0.107595 0.0179966 0.64912
542.712 212.574 0.172777 0.105668 0.929543
657.713 277.25 0.23146 0.0246916 0.931821
776.698 386.678 -0.195215 0.00573115 0.256915
868.107 63.0593 0.0908417 -0.167636 1.06449
894.336 453.939 0.213866 -0.100674 0.726887
774.526 300.661 0.634527 -0.23788 1.54928
711.553 297.549 0.460202 -0.0261732 1.27553
811.441 567.723 0.0861998 -0.0277688 0.574471
949.162 227.79 0.276596 -0.342417 1.13173
634.629 94.0638 0.112639 0.0454392 1.06322
944.606 561.833 0.0563489 -0.0436511 0.549489
875.198 419.502 0.102291 -0.0541497 0.634299
696.554 418.432 0.110487 -0.00668151 0.645908
741.718 103.26 -0.187403 0.0051137 0.261983
690.299 391.273 0.164808 -0.00439061 0.720618
709.704 299.78 0.622279 -0.0224054 1.54479
648.781 160.525 0.14305 0.0259361 0.953523
580.104 518.544 0.0988435 0.0205981 0.60059
829.634 315.356 0.285423 -0.130556 0.947759
906.836 9.8629 0.0518537 -0.199591 1.07962
767.06 205.097 0.181419 -0.0665999 0.957194
841.191 210.856 0.186537 -0.127475 0.954176
707.319 169.199 0.256581 -0.0249445 2.24194
937.508 329.339 0.106096 -0.0847112 0.679278
786.555 235.562 0.213148 -0.0870785 0.967512
832.705 236.893 0.222084 -0.133131 0.982304
692.596 74.0846 0.088311 -0.00905008 0.977809
579.14 85.1268 0.0942641 0.0746832 0.976938
621.166 80.4548 0.0909187 0.0428133 0.971812
657.109 235.532 0.205206 0.0247328 0.955977
480.33 124.175 0.12202 0.158586 0.987171
529.502 159.819 0.143825 0.118835 0.964561
