728.667 212.694 0.243561 -0.499927 4.93638
712.669 202.231 -0.102341 -0.133113 5.50739
719.354 129.665 -0.126114 -0.196345 3.62417
541.438 4.59072 0.0249023 0.443496 1.97207
808.581 64.1696 0.179247 -0.0424675 0.717778
921.71 44.0633 0.181498 -0.098617 0.755427
937.042 61.0443 0.185016 -0.100896 0.740947
800.12 90.9579 0.204076 -0.0503827 0.770358
921.84 49.3338 0.182627 -0.0973926 0.750982
729.195 163.028 0.222206 -0.0139755 0.729679
567.948 213.565 0.25546 0.0630448 0.754382
760.086 214.003 0.26576 -0.0341467 0.769156
916.057 179.654 0.240216 -0.105498 0.748393
841.215 175.328 0.228376 -0.0629472 0.727835
721.999 181.214 0.24536 -0.0134963 0.765102
867.888 219.282 0.282864 -0.102277 0.794163
693.078 211.232 0.256008 0.00158022 0.754121
949.678 144.813 0.231734 -0.128826 0.770899
811.333 214.626 0.268906 -0.0627024 0.773185
895.061 166.596 0.227335 -0.0883068 0.733409
632.962 204.558 0.240363 0.0286994 0.729979
564.612 210.179 0.248765 0.0621127 0.744012
774.234 251.548 0.242104 -0.0287359 0.687678
480.234 199.25 0.218634 0.0821432 0.692778
484.392 252.335 0.236773 0.0825835 0.684941
829.165 193.508 0.221607 -0.0500744 0.695368
518.392 218.066 0.26363 0.0917447 0.768115
935.622 83.0341 0.19826 -0.108935 0.757087
498.13 341.229 0.285227 0.0888272 0.692774
502.751 372.867 0.426932 0.158878 0.834596
835.961 266.282 0.259376 -0.0587349 0.703177
893.967 201.027 0.243081 -0.0900643 0.731665
901.099 331.243 0.292654 -0.0920411 0.698646
826.853 196.669 0.230618 -0.0534453 0.711578
905.185 197.817 0.234537 -0.0888428 0.716574
912.841 321.88 0.29142 -0.0990486 0.703816
924.681 170.225 0.227972 -0.100638 0.729999
641.412 213.222 0.242544 0.0249404 0.725579
894.131 265.253 0.258843 -0.0837117 0.701571
933.937 239.423 0.249017 -0.100525 0.705518
843.658 265.754 0.251425 -0.0581856 0.690459
847.51 276.045 0.265806 -0.0650925 0.705146
691.685 256.212 0.246102 0.00380466 0.692956
697.795 254.74 0.211081 0.00316006 0.634775
770.945 201.533 0.23379 -0.0306702 0.715147
501.435 171.212 0.226967 0.0857623 0.739024
773.016 335.26 0.282183 -0.0301572 0.685764
637.557 245.523 0.23707 0.0246991 0.686969
627.293 199.037 0.220713 0.0276751 0.693725
480.848 173.5 0.222544 0.0905728 0.726217
619.61 328.969 0.261561 0.0325315 0.666623
540.268 202.046 0.226165 0.0630136 0.704778
735.806 156.092 0.211682 -0.0149535 0.710648
624.653 254.601 0.232638 0.0285818 0.672782
489.639 404.99 0.294671 0.0875981 0.663082
552.061 590.97 0.18922 0.0318598 0.501251
509.7 397.122 0.319257 0.0909165 0.693983
484.036 257.428 0.23927 0.0833453 0.685444
546.074 257.989 0.242099 0.0606945 0.688376
826.686 199.451 0.232981 -0.0541108 0.713906
689.719 253.986 0.24668 0.00453245 0.695773
825.591 247.681 0.244933 -0.0508487 0.694318
501.458 210.682 0.23501 0.0824193 0.716391
896.057 387.484 0.322092 -0.0931636 0.692618
540.644 405.978 0.275702 0.060721 0.640986
777.811 337.48 0.278024 -0.0309796 0.678776
820.841 152.486 0.213973 -0.0505233 0.717894
507.114 341.813 0.291733 0.0879641 0.700599
762.17 209.057 0.254315 -0.0323428 0.750766
559.3 331.271 0.265698 0.0567272 0.672129
826.027 333.415 0.290656 -0.0563727 0.696568
908.33 323.685 0.299102 -0.101377 0.712662
802.848 64.1351 0.180351 -0.0411322 0.722157
835.887 626.04 0.176442 -0.0090045 0.482573
687.166 192.8 0.208494 0.00523724 0.671813
897.174 384.742 0.35018 -0.109486 0.724049
951.896 368.216 0.341455 -0.139346 0.726201
775.641 390.088 0.311009 -0.0325066 0.682478
864.276 179.267 0.246785 -0.0862752 0.766186
943.059 150.358 0.238594 -0.131587 0.782239
656.831 302.18 0.609011 0.0824385 1.2127
922.369 193.217 -0.0783653 0.0285734 0.203474
882.14 213.181 0.279459 -0.110355 0.794661
890.103 318.644 0.285007 -0.0854773 0.698379
509.699 135.388 0.225949 0.0917454 0.783358
765.57 206.754 0.246047 -0.031641 0.735773
675.531 299.941 0.550677 0.0358632 1.12575
672.133 436.89 0.178001 0.012173 0.523052
896.027 271.125 0.290828 -0.105197 0.74802
636.635 338.023 0.284951 0.0287506 0.691009
883.469 314.831 0.289352 -0.0858192 0.707394
816.631 251.153 0.26069 -0.0535575 0.718974
492.417 161.439 0.0289467 0.0180282 0.354592
623.599 325.503 0.271771 0.0327611 0.682617
550.407 85.4083 -0.0609919 0.0228959 0.223732
685.188 337.097 0.132183 0.0105552 0.490083
662.833 302.522 0.678251 0.0897397 1.32092
769.48 335.134 0.28605 -0.0295204 0.690933
548.345 474.293 0.158091 0.0290909 0.495174
564.147 329.09 0.270231 0.0564448 0.679568
623.903 120.672 0.218043 0.0337244 0.777002
825.411 256.703 0.258343 -0.0554006 0.709803
769.884 221.201 0.268351 -0.0390193 0.765605
820.321 204.523 0.247167 -0.0579425 0.738828
556.435 365.092 -0.0600024 0.0223551 0.231445
774.429 156.69 0.211947 -0.0301881 0.709664
807.727 66.9865 0.180589 -0.0424699 0.718985
638.019 49.2525 0.223109 0.054954 1.13547
535.624 215.695 -0.0850889 0.0258168 0.194816
633.993 40.6229 0.215004 0.0550596 1.10509
858.866 141.643 0.1015 -0.00581949 0.47889
785.599 170.238 0.23853 -0.0443204 0.760134
501.153 208.043 0.243065 0.088538 0.736036
614.22 111.433 0.208384 0.0360635 0.759505
903.583 323.444 0.306904 -0.104092 0.723268
574.282 557.944 -0.0641862 0.0227499 0.23018
917.608 394.853 0.31958 -0.100371 0.684406
521.286 141.955 0.236145 0.0926292 0.804151
821.088 202.137 0.237947 -0.0538457 0.721866
682.488 244.719 0.234061 0.00738247 0.681163
639.936 213.846 0.259263 0.028352 0.759746
644.898 219.411 0.273089 0.0278392 0.781966
875.901 265.592 0.295155 -0.0991976 0.761528
882.441 171.365 0.23535 -0.0881514 0.747741
621.29 269.583 0.246447 0.0316471 0.685036
690.414 203.82 0.240005 0.0031714 0.728293
877.423 263.43 0.298068 -0.102789 0.768701
912.385 60.3586 0.189145 -0.0975279 0.760032
885.355 394.518 0.333474 -0.0921193 0.699814
806.481 179.306 0.253448 -0.0607621 0.784441
912.119 66.4937 0.193359 -0.10049 0.76683
718.471 126.346 -0.127885 -0.183935 3.57515
