593.392 12.9619 0.153549 0.0423676 0.744831
531.939 20.6757 0.156552 0.067253 0.748595
695.05 5.04023 0.151995 0.00262564 0.748698
527.836 7.21886 0.149885 0.0656975 0.737267
729.526 217.947 0.24396 -0.500124 4.93462
713.84 208.06 -0.102003 -0.133329 5.50658
720.952 138.676 -0.125537 -0.195993 3.61387
695.968 6.61703 0.153668 0.00207665 0.755805
549.825 22.6118 0.0254182 0.443486 1.97211
817.698 97.4056 0.179415 -0.0424652 0.716068
481.77 195.887 0.210292 0.0874163 0.704075
930.193 74.1696 0.180959 -0.0984397 0.752171
944.767 92.0098 0.185032 -0.100918 0.739164
533.324 14.4951 0.154305 0.0663082 0.748415
811.814 117.76 0.202512 -0.0514736 0.765934
929.758 80.0462 0.182393 -0.0971556 0.748208
738.56 192.169 0.222285 -0.0141013 0.728147
577.917 239.843 0.255324 0.0628281 0.752567
768.232 239.19 0.265255 -0.0341497 0.766504
923.557 206.72 0.240216 -0.105449 0.746688
849.651 203.962 0.22842 -0.0630195 0.726283
731.791 207.391 0.246027 -0.0143755 0.765126
875.547 242.744 0.281985 -0.102067 0.79089
701.931 237.395 0.255961 0.00144147 0.752465
591.171 0.74297 0.148179 0.0419395 0.73801
957.079 171.236 0.231466 -0.128743 0.768687
819.23 239.456 0.268346 -0.0626338 0.770463
902.828 195.027 0.227527 -0.088377 0.732146
642.936 232.618 0.240147 0.0285008 0.727909
574.658 237.445 0.248608 0.0619503 0.741898
490.602 290.65 0.239555 0.0849441 0.682235
783.862 281.45 0.24224 -0.0288664 0.686187
492.414 230.21 0.218432 0.0820503 0.691017
496.607 282.631 0.236942 0.0824711 0.683671
839.615 224.264 0.220994 -0.0502361 0.692375
528.416 243.598 0.26321 0.0913753 0.765642
942.449 112.564 0.198568 -0.108987 0.75592
509.203 368.669 0.285288 0.0884439 0.691209
511.684 391.33 0.430155 0.159211 0.836595
844.644 294.216 0.259522 -0.0588399 0.701899
902.919 228.413 0.242308 -0.0899524 0.72867
909.474 357.859 0.292854 -0.0921505 0.697477
835.68 225.987 0.230804 -0.0535762 0.710247
911.561 227.406 0.236367 -0.0892685 0.717742
921.383 348.345 0.291303 -0.0990838 0.702215
493.514 279.747 0.230988 0.0807881 0.675975
934.734 198.155 0.226495 -0.100308 0.725577
651.409 240.831 0.241933 0.0246863 0.723243
902.192 293.406 0.259308 -0.0838027 0.700674
941.014 268.171 0.250223 -0.10085 0.705665
853.427 294.263 0.25096 -0.0583975 0.688554
856 303.582 0.266005 -0.065191 0.703939
701.43 285.987 0.245876 0.00379362 0.690649
709.121 290.164 0.212887 0.00309091 0.635785
780.572 230.027 0.233141 -0.0308031 0.712649
513.09 199.946 0.226967 0.0855057 0.737303
782.261 362.995 0.28217 -0.0302833 0.684266
648.489 275.61 0.237595 0.0245093 0.686295
638.675 230.16 0.221117 0.027426 0.692726
493.603 203.112 0.223046 0.0904322 0.725575
630.429 358.559 0.261655 0.0323307 0.665309
552.14 232.22 0.226404 0.0628126 0.703566
746.139 186.659 0.211312 -0.0151882 0.708206
636.114 285.542 0.232779 0.0283367 0.671578
501.255 433.3 0.29526 0.0873002 0.662161
572.189 637.908 0.190607 0.0317412 0.5018
506.253 599.688 0.130365 0.0312409 0.457921
518.971 423.496 0.318473 0.0905416 0.691363
496.942 287.816 0.239649 0.0830059 0.68429
593.301 8.83989 0.152008 0.0421815 0.744324
557.166 288.395 0.241699 0.0604025 0.685718
835.797 228.606 0.232902 -0.0542288 0.711965
699.738 283.063 0.246989 0.0043525 0.69472
834.261 276.919 0.245422 -0.0509482 0.693519
513.24 239.765 0.235061 0.0821793 0.714835
905.216 413.847 0.321448 -0.0930747 0.69027
549.566 437.759 0.271953 0.0601874 0.63506
787.451 365.929 0.277702 -0.0311048 0.67678
829.458 182.874 0.21431 -0.0505911 0.716671
517.69 368.705 0.291521 0.0875241 0.698641
770.407 235.565 0.25434 -0.0323535 0.749037
570.279 360.551 0.265708 0.0565191 0.670585
834.841 360.308 0.290616 -0.0564707 0.695023
917.288 349.831 0.298328 -0.101198 0.709955
812.235 96.695 0.181174 -0.0418025 0.723163
697.582 225.936 0.211317 0.00521719 0.675555
905.736 408.912 0.349471 -0.109397 0.721628
786.139 418.623 0.308174 -0.0325201 0.677023
870.802 205.58 0.247609 -0.0863749 0.766105
949.746 176.24 0.238641 -0.131514 0.780563
659.813 313.83 0.597696 0.0811361 1.19309
880.255 135.542 -0.0780984 0.0285671 0.203765
889.069 236.541 0.279417 -0.110475 0.793295
898.821 345.823 0.284879 -0.0854793 0.696605
518.775 161.264 0.223929 0.0912281 0.777819
774.825 233.598 0.244512 -0.0315703 0.731653
679.3 312.802 0.540865 0.0353849 1.10876
688.212 485.075 0.178972 0.0122467 0.522963
902.366 295.799 0.292386 -0.105686 0.748948
646.145 365.916 0.283956 0.0285564 0.687938
891.766 341.262 0.289435 -0.0858729 0.706013
824.501 278.81 0.262351 -0.0539796 0.71977
685.302 567.462 0.0329567 0.0175565 0.359239
633.906 353.863 0.271816 0.0325513 0.681177
516.657 4.00812 -0.0605312 0.022852 0.224192
707.005 399.559 0.133201 0.0104263 0.490259
663.9 312.857 0.649554 0.0874006 1.27482
779.261 362.615 0.285519 -0.0298037 0.688677
572.024 527.296 0.159611 0.0288794 0.496058
575.072 357.006 0.271705 0.0566474 0.680385
634.844 150.897 0.221015 0.0335514 0.7804
833.61 284.725 0.259402 -0.0556847 0.709716
777.38 247.882 0.271855 -0.0397971 0.768908
829.377 231.156 0.245769 -0.0577421 0.734936
783.47 187.457 0.212246 -0.0301999 0.70857
817.251 99.6785 0.180538 -0.0425637 0.716987
497.014 470.853 0.0977424 0.0275563 0.439219
643.818 65.4116 0.219552 0.0541824 1.12252
640.039 58.3173 0.212353 0.0545575 1.09425
794.741 196.343 0.236262 -0.0439464 0.754046
515.222 237.188 0.246274 0.0887471 0.739339
625.458 143.327 0.211503 0.036131 0.763173
912.81 349.14 0.305574 -0.103744 0.719623
540.867 461.592 -0.0632281 0.0226816 0.231284
918.209 418.424 0.331172 -0.103522 0.696406
528.759 165.908 0.232927 0.0920356 0.796363
933.476 16.3235 0.162841 -0.106494 0.781116
831.191 230.58 0.23633 -0.0536835 0.716953
648.888 239.508 0.258525 0.0282061 0.756943
654.647 244.713 0.275249 0.0273467 0.783585
884.349 289.516 0.29342 -0.0987023 0.757406
890.195 198.727 0.235288 -0.0881085 0.74593
480.985 461.455 0.0996197 0.0290964 0.442467
632.113 298.95 0.247843 0.0316515 0.685831
492.413 288.662 0.239065 0.0842953 0.682839
700.062 233.525 0.24364 0.00283401 0.732246
883.823 286.477 0.297888 -0.102438 0.767642
692.599 546.383 -0.0206389 0.021013 0.292825
918.889 91.0385 0.189888 -0.0977299 0.759678
885.283 415.164 0.347531 -0.0956258 0.715644
813.853 204.294 0.253152 -0.0606121 0.782367
893.431 482.383 -0.0998435 0.0290705 0.176799
789.651 420.496 0.305218 -0.0332316 0.672802
754.358 163.839 0.182513 -0.0126202 0.660675
793.573 199.371 0.241447 -0.0451771 0.762415
582.354 1.10073 0.155114 0.132749 1.22551
699.135 232.913 0.232202 0.00378768 0.710413
915.29 338.874 0.299809 -0.104194 0.720572
936.777 427.388 0.400479 -0.152608 0.753353
592.77 20.4099 0.180028 0.100429 1.10906
919.99 95.4459 0.192828 -0.100102 0.763458
720.109 136.006 -0.127489 -0.184066 3.57349
