595.936 32.7614 0.153957 0.0419489 0.748692
534.191 40.5288 0.15696 0.0668343 0.752456
698.09 24.3206 0.152403 0.00220695 0.752559
530.101 27.6468 0.150293 0.0652788 0.741128
729.655 221.354 0.244369 -0.500543 4.93848
714.138 211.845 -0.101595 -0.133747 5.51044
595.406 13.1182 0.14593 0.040609 0.741862
721.238 144.664 -0.125129 -0.196411 3.61773
698.969 25.6183 0.154077 0.00165796 0.759666
552.802 33.2866 0.0258266 0.443067 1.97597
821.995 116.881 0.179824 -0.0428839 0.719929
483.442 216.732 0.2107 0.0869976 0.707936
934.92 91.7767 0.181368 -0.0988584 0.756032
949.859 109.965 0.18544 -0.101337 0.743025
535.591 34.404 0.154714 0.0658895 0.752276
815.594 135.037 0.20292 -0.0518923 0.769795
934.555 97.771 0.182801 -0.0975743 0.752069
742.184 210.871 0.222694 -0.01452 0.732008
580.093 257.822 0.255733 0.0624094 0.756428
771.857 255.924 0.265663 -0.0345684 0.770365
928.77 223.833 0.240624 -0.105868 0.750549
854.35 222.279 0.228829 -0.0634382 0.730144
735.089 224.469 0.246436 -0.0147942 0.768987
879.952 258.175 0.282394 -0.102485 0.794751
705.085 254.944 0.25637 0.00102278 0.756326
593.735 20.9236 0.148588 0.0415208 0.741871
823.281 255.851 0.268755 -0.0630525 0.774324
907.968 212.91 0.227935 -0.0887957 0.736007
645.745 251.494 0.240555 0.0280821 0.73177
576.851 255.906 0.249016 0.0615316 0.745759
492.155 312.321 0.239964 0.0845254 0.686095
788.447 301.882 0.242648 -0.0292851 0.690048
494.108 251.578 0.218841 0.0816316 0.694878
498.232 304.219 0.23735 0.0820525 0.687532
844.662 244.304 0.221403 -0.0506548 0.696236
530.208 261.205 0.263618 0.0909567 0.769502
947.374 129.725 0.198976 -0.109405 0.75978
510.71 389.506 0.285697 0.0880252 0.69507
512.738 405.923 0.430563 0.158793 0.840456
849.775 313.495 0.25993 -0.0592586 0.70576
908.208 246.321 0.242716 -0.0903711 0.732531
915.645 377.053 0.293263 -0.0925692 0.701337
840.469 245.06 0.231213 -0.0539949 0.714108
917.08 245.814 0.236775 -0.0896872 0.721603
927.62 367.244 0.291711 -0.0995025 0.706076
495.135 301.842 0.231396 0.0803694 0.679836
940.301 216.209 0.226903 -0.100726 0.729438
654.313 259.864 0.242341 0.0242676 0.727104
908.031 312.555 0.259717 -0.0842214 0.704535
947.179 286.971 0.250632 -0.101268 0.709526
858.83 314.278 0.251368 -0.0588162 0.692415
861.262 322.687 0.266414 -0.0656097 0.7078
705.055 306.429 0.246285 0.00337493 0.69451
713.4 314.423 0.213296 0.00267222 0.639646
784.774 249.163 0.23355 -0.0312218 0.71651
514.93 219.035 0.227376 0.0850871 0.741164
786.94 383.386 0.282579 -0.030702 0.688127
651.594 296.529 0.238004 0.0240906 0.690156
641.663 250.897 0.221526 0.0270073 0.696586
495.321 222.795 0.223454 0.0900135 0.729436
633.432 380.703 0.262063 0.031912 0.66917
554.297 252.659 0.226813 0.0623939 0.707427
750.004 206.337 0.21172 -0.0156069 0.712067
639.192 307.407 0.233187 0.027918 0.675439
502.606 455.969 0.295669 0.0868815 0.666022
520.425 444.19 0.318882 0.0901229 0.695224
498.556 309.346 0.240057 0.0825872 0.688151
595.849 28.695 0.152416 0.0417628 0.748185
559.346 309.628 0.242107 0.0599838 0.689579
840.573 247.58 0.233311 -0.0546474 0.715826
526.305 15.6721 0.145311 0.0649234 0.735956
703.31 303.282 0.247398 0.00393381 0.698581
839.336 296.752 0.245831 -0.0513669 0.69738
515.035 259.719 0.235469 0.0817606 0.718696
911.591 433.439 0.321857 -0.0934934 0.69413
551.66 462.416 0.272362 0.0597687 0.638921
792.286 386.775 0.27811 -0.0315235 0.680641
834.023 201.824 0.214718 -0.0510098 0.720532
519.256 389.076 0.29193 0.0871054 0.702502
774.186 253.018 0.254748 -0.0327722 0.752898
572.55 382.526 0.266116 0.0561004 0.674446
840.065 379.884 0.291024 -0.0568894 0.698884
923.376 368.319 0.298737 -0.101617 0.713815
816.405 115.866 0.181583 -0.0422212 0.727024
701.293 247.509 0.211726 0.0047985 0.679416
911.729 426.778 0.349879 -0.109815 0.725489
791.01 439.41 0.308583 -0.0329388 0.680884
875.284 222.11 0.248017 -0.0867936 0.769966
954.698 192.084 0.23905 -0.131933 0.784424
661.295 322.202 0.598104 0.0807174 1.19695
909.635 18.831 -0.07769 0.0281484 0.207626
893.559 251.867 0.279825 -0.110894 0.797155
904.825 365.118 0.285287 -0.085898 0.700466
520.682 178.965 0.224337 0.0908094 0.78168
778.794 251.815 0.24492 -0.031989 0.735514
681.013 322.032 0.541274 0.0349662 1.11262
694.099 524.925 0.17938 0.011828 0.526824
907.636 312.574 0.292795 -0.106105 0.752809
649.152 386.517 0.284364 0.0281377 0.691799
897.545 360.059 0.289844 -0.0862916 0.709874
829.17 297.261 0.262759 -0.0543983 0.723631
636.834 374.948 0.272224 0.0321326 0.685037
714.339 448.106 0.133609 0.0100076 0.49412
665.285 320.496 0.649963 0.0869819 1.27868
783.854 382.746 0.285927 -0.0302224 0.692538
576.068 574.73 0.16002 0.0284607 0.499919
577.346 378.328 0.272113 0.0562287 0.684245
637.385 168.129 0.221424 0.0331327 0.784261
838.502 303.643 0.259811 -0.0561034 0.713577
781.079 264.45 0.272263 -0.0402158 0.772768
833.842 249.032 0.246177 -0.0581608 0.738797
787.686 206.971 0.212654 -0.0306186 0.712431
821.538 119.098 0.180947 -0.0429824 0.720848
500.508 545.874 0.0981508 0.0271376 0.44308
645.661 77.2561 0.219961 0.0537638 1.12638
641.928 70.5486 0.212761 0.0541388 1.09811
798.636 213.683 0.23667 -0.0443651 0.757907
516.989 255.977 0.246682 0.0883284 0.7432
628.019 161.277 0.211911 0.0357123 0.767033
918.719 367.141 0.305983 -0.104163 0.723484
546.508 361.274 -0.0628197 0.0222629 0.235145
924.709 437.613 0.33158 -0.103941 0.700267
530.684 182.903 0.233336 0.0916169 0.800224
937.65 33.3363 0.163249 -0.106913 0.784977
651.584 257.052 0.258934 0.0277875 0.760804
657.252 261.187 0.275657 0.026928 0.787446
889.31 306.013 0.293828 -0.099121 0.761267
895.057 216.034 0.235696 -0.0885271 0.749791
483.918 534.15 0.100028 0.0286777 0.446328
635.036 319.884 0.248252 0.0312328 0.689692
493.986 310.295 0.239474 0.0838766 0.6867
703.337 251.986 0.244048 0.00241532 0.736107
888.668 302.573 0.298297 -0.102856 0.771503
684.478 338.147 -0.0202305 0.0205943 0.296686
891.077 433.397 0.34794 -0.0960445 0.719504
817.683 220.441 0.25356 -0.0610308 0.786228
794.62 441.55 0.305626 -0.0336503 0.676663
526.811 6.88437 0.144733 0.0673866 0.751099
758.795 186.406 0.182921 -0.0130388 0.664535
797.39 216.365 0.241855 -0.0455958 0.766276
584.5 13.6153 0.155522 0.13233 1.22938
921.185 356.834 0.300217 -0.104613 0.724433
942.955 443.686 0.400888 -0.153027 0.757213
594.83 33.3259 0.180436 0.10001 1.11292
924.569 112.523 0.193236 -0.100521 0.767319
720.411 142.084 -0.127081 -0.184484 3.57735
