712.928 266.023 0.206544 -0.0103162 0.964349
621.463 268.035 0.205739 0.0660542 0.963511
801.074 235.182 0.180229 -0.0816327 0.962216
790.39 180.505 0.13832 -0.0710664 0.96915
709.5 108.22 0.088157 -0.0103793 0.982965
892.814 103.621 0.0874766 -0.143703 0.979548
543.438 191.328 0.140546 0.11703 0.964995
594.433 114.589 0.0891603 0.0722628 0.974447
639.816 112.319 0.089913 0.0408317 0.983681
545.361 191.153 0.14149 0.116719 0.968351
490.781 126.861 0.0984567 0.154398 0.989455
874.178 157.903 0.128852 -0.141213 0.99219
744.031 240.254 0.184465 -0.0360372 0.964924
798.453 235.443 0.186894 -0.0829354 0.977693
500.238 164.8 0.128516 0.158648 0.998307
710.108 100.531 0.0828242 -0.0109139 0.981655
639.903 107.158 0.0867328 0.0406519 0.985626
898.68 132.647 0.0996133 -0.137552 0.942852
939.96 5.17614 0.0280866 -0.192851 1.04738
794.25 180.789 0.157846 -0.0875243 1.03632
481.152 40.5429 0.0433169 0.151924 1.00483
851.332 239.395 0.190378 -0.127201 0.974648
763.69 265.03 0.208947 -0.0535447 0.968541
594.91 110.179 0.0863022 0.0715475 0.974771
763.276 265.311 0.210115 -0.0534632 0.970392
871.396 246.051 0.2005 -0.148559 0.982693
875.311 155.276 0.125962 -0.140444 0.988591
526.786 219.764 0.0976614 0.0759617 0.802463
583.498 268.72 0.211717 0.101628 0.976311
566.616 245.405 0.180066 0.104284 0.953765
579.058 270.738 0.198249 0.0959389 0.94559
803.011 265.609 0.20596 -0.0850171 0.959485
877.215 240.889 0.186508 -0.143894 0.961366
804.321 263.624 0.203641 -0.0856799 0.958406
486.207 122.693 0.0945711 0.154761 0.984292
804.17 266.14 0.206731 -0.0861529 0.959994
739.454 238.703 0.180345 -0.0318067 0.958662
871.401 293.31 0.241585 -0.152539 0.972136
871.923 162.992 0.13355 -0.141184 0.995199
767.143 266.875 0.205349 -0.0549539 0.957699
766.13 264.426 0.201006 -0.0533993 0.953476
704.472 5.26604 0.0251447 -0.00852411 0.995197
770.388 266.912 0.199675 -0.0558508 0.946184
712.961 265.953 0.205698 -0.0103245 0.962763
712.422 268.324 0.205433 -0.00977656 0.957888
783.116 234.844 0.179242 -0.0670011 0.96151
491.268 125.613 0.0981576 0.155159 0.992668
537.541 218.085 0.16126 0.126011 0.964562
706.089 57.5613 0.0623441 -0.0100314 1.15497
503.112 199.06 0.108097 0.10419 0.856471
712.728 425.835 0.177037 -0.00565189 0.750031
617.684 269.099 0.200242 0.0664529 0.950654
804.737 303.234 0.235431 -0.0869966 0.948079
623.515 478.961 0.113023 0.0210752 0.658537
582.821 307.368 0.232036 0.0988993 0.945596
671.13 268.935 0.186438 0.0209952 0.921065
597.951 116.574 0.092667 0.0725279 0.986916
815.583 248.123 0.195546 -0.0967349 0.970452
627.661 9.14858 0.0263488 0.043586 0.99234
845.491 457.843 0.485968 -0.173069 0.983728
673.887 268.995 0.201171 0.0213228 0.950031
707.711 47.0623 0.0526424 -0.0122538 1.18601
596.22 368.375 0.542143 0.225208 1.23094
502.959 350.944 0.293533 0.192593 0.971214
881.149 170.619 0.137571 -0.146682 0.987048
855.339 264.731 0.210343 -0.131565 0.967293
847.825 346.241 0.279609 -0.129286 0.945018
951.751 0.254955 0.0255021 -0.184892 1.01092
814.623 309.565 0.223591 -0.0879159 0.918899
842.983 309.615 0.261374 -0.131315 0.977427
497.396 157.08 0.12128 0.156922 0.992958
630.319 317.541 0.234317 0.0578059 0.931512
869.25 294.454 0.24844 -0.155103 0.981927
583.095 552.099 0.398384 0.103072 0.833297
750.067 238.542 0.177238 -0.0395078 0.951188
817.275 459.432 0.1103 -0.0342421 0.661254
615.481 269.795 0.20092 0.068349 0.95088
945.59 7.27751 0.0296512 -0.183597 1.0157
766.744 305.531 0.23273 -0.0539364 0.941657
531.333 467.164 0.107548 0.0464197 0.658639
905.334 215.474 0.173422 -0.171847 0.981842
900.386 218.981 0.180814 -0.173751 0.993519
838.932 241.385 0.187965 -0.114086 0.965697
863.287 348.342 0.291192 -0.148831 0.956376
589.384 366.186 0.143523 0.0462357 0.752765
575.825 268.532 0.196881 0.0985387 0.94687
888.437 108.558 0.0923289 -0.144647 0.989141
574.101 377.515 0.14774 0.0529756 0.750696
732.041 624.615 0.0815398 -0.00635618 0.586351
863.525 260.519 0.212905 -0.143043 0.980226
581.158 307.555 0.233138 0.100842 0.947193
859.683 344.593 0.295628 -0.149974 0.968138
803.947 265.397 0.202093 -0.0840066 0.952095
906.7 365.646 0.174923 -0.104655 0.786977
903.175 217.138 0.177822 -0.174067 0.989793
758.592 311.772 0.248444 -0.0494799 0.957234
723.093 358.406 0.17491 -0.0122461 0.797275
867.498 308.555 0.246016 -0.143836 0.953751
580.528 309.588 0.234726 0.101514 0.946575
787.678 181.381 0.141474 -0.0705587 0.977625
715.052 357.469 0.279199 -0.0101474 0.933783
671.519 318.081 0.557034 0.100003 1.43267
672.169 266.305 0.204876 0.0236326 0.962465
674.904 306.263 0.233899 0.0224427 0.946403
734.338 251.287 0.192389 -0.0279966 0.961506
873.853 240.047 0.182113 -0.137757 0.953209
846.638 368.905 0.15519 -0.0663694 0.760788
765.143 237.679 0.177558 -0.0514784 0.952842
789.968 454.391 0.143658 -0.0322739 0.698003
709.67 415.956 0.191224 -0.00444512 0.772067
888.098 109.168 0.0921905 -0.14323 0.985786
596.459 608.114 0.0837124 0.0199718 0.59289
860.45 309.35 0.364607 -0.225635 1.14104
633.782 471.435 0.103295 0.0170357 0.651436
701.82 189.637 0.144019 -0.0029922 0.970406
861.5 521.942 0.181005 -0.0618108 0.698355
620.46 307.359 0.232005 0.0673514 0.943915
862.224 519.92 0.182099 -0.0626204 0.700194
716.703 572.378 0.21868 -0.00552306 0.704755
808.473 311.752 0.252931 -0.0948297 0.962087
826.553 519.789 0.0641617 -0.0245453 0.595553
651.195 362.857 0.17356 0.0247119 0.793453
735.706 614.757 0.0819554 -0.00717785 0.588915
580.183 309.355 0.232775 0.100805 0.943762
774.012 183.463 0.172846 -0.0769533 1.08498
786.298 177.77 0.134263 -0.0666491 0.962727
665.337 315.137 0.237069 0.0301235 0.938009
581.041 14.7767 0.0290854 0.0769972 0.999385
859.85 346.354 0.299747 -0.151696 0.970748
616.489 266.844 0.195841 0.0660692 0.94583
585.688 359.404 0.28478 0.105358 0.943367
651.568 358.646 0.176393 0.0252304 0.800764
727.703 474.894 0.113341 -0.00854875 0.659252
880.192 171.54 0.138762 -0.146716 0.98879
561.277 245.516 0.175353 0.104807 0.943012
590.219 25.7658 0.0364395 0.0824577 1.05336
545.742 190.976 0.141234 0.116258 0.967941
897.273 467.961 0.121875 -0.0602988 0.668572
884.44 20.1963 0.0369662 -0.144983 1.02956
768.891 234.938 0.164721 -0.0507206 0.927876
537.976 220.908 0.162663 0.125275 0.962168
583.395 303.46 0.224707 0.0957934 0.939542
720.58 311.891 0.242949 -0.0158824 0.950016
802.563 390.846 0.3305 -0.0934204 0.943914
801.287 376.155 0.11621 -0.0360557 0.707421
824.649 237.617 0.18273 -0.100857 0.961942
885.713 455.198 0.112158 -0.0546716 0.664089
774.104 358.844 0.176912 -0.0389774 0.798304
679.057 298.063 0.217052 0.0173269 0.930918
583.217 44.8218 0.0464582 0.0759616 0.987647
675.704 336.619 0.657242 0.105962 1.48394
668.075 313.955 0.242624 0.0289385 0.948512
565.752 246.245 0.181026 0.1053 0.95439
710.568 267.622 0.20036 -0.00819864 0.949113
766.699 303.566 0.239158 -0.0559167 0.955366
794.369 374.016 0.14971 -0.0412614 0.751309
763.7 494.892 -0.195277 0.00486117 0.272284
953.406 580.989 -0.211697 0.00656778 0.246478
503.225 291.97 0.275375 0.222227 1.05559
931.623 347.286 0.467578 -0.386758 1.17645
673.11 338.197 0.627882 0.104449 1.4378
750.476 236.648 0.174612 -0.0395302 0.948695
671.28 265.039 0.193592 0.0224581 0.941875
664.991 317.133 0.259244 0.0343946 0.969589
559.475 245.773 0.173739 0.104823 0.938945
673.131 308.16 0.232611 0.0235718 0.941362
919.509 499.266 0.216215 -0.1025 0.738005
782.813 315.039 0.630409 -0.237453 1.54796
721.009 316.573 0.45822 -0.0269167 1.2783
649.778 124.89 0.113112 0.0442704 1.07143
908.503 481.668 0.104242 -0.0557773 0.645653
716.983 313.927 0.633784 -0.0234816 1.57144
627.421 9.39173 0.026563 0.044687 0.999733
612.372 588.431 0.100816 0.0194969 0.611752
949.828 36.8093 0.0319651 -0.117638 0.842698
781.36 236.086 0.182641 -0.0666581 0.967145
857.776 241.408 0.187456 -0.128863 0.963503
709.409 200.844 -0.188877 0.00415521 0.275498
620.761 495.638 0.107984 0.0206115 0.647327
667.691 314.104 0.241376 0.0290304 0.946315
621.881 489.94 0.109638 0.0207108 0.651019
746.654 426.523 -0.184361 0.00426796 0.287861
756.078 422.319 -0.184817 0.00442109 0.287051
880.577 87.3084 0.095249 -0.235152 1.24795
699.815 172.377 -0.175829 0.00345842 0.294237
766.572 340.213 0.596048 -0.146833 1.37606
867.773 61.9118 0.0655904 -0.14268 1.0476
670.95 306.362 0.222174 0.0238576 0.927153
720.146 351.188 0.273104 -0.0146678 0.934526
631.977 346.355 0.255891 0.0577065 0.921695
614.136 300.133 0.219368 0.0693019 0.934402
820.923 245.387 0.188869 -0.0982686 0.960755
872.426 272.689 0.220564 -0.149404 0.971531
576.816 270.349 0.195965 0.0964361 0.941807
860.708 276.638 0.249068 -0.159164 1.01876
802.511 265.289 0.213499 -0.0883559 0.975265
586.112 27.5399 0.0372055 0.078916 1.01997
848.635 265.671 0.222532 -0.134298 0.990282
709.325 108.605 0.0891185 -0.0103025 0.987383
596.739 120.137 0.0949199 0.0735719 0.985842
638.582 115.557 0.0916224 0.0416079 0.980886
672.268 266.558 0.205001 0.0235468 0.962242
498.176 157.937 0.122346 0.157252 0.9947
546.38 193.038 0.144164 0.117596 0.972207
