714.168 271.9 0.204138 -0.0098387 0.962126
622.364 274.411 0.203085 0.0665277 0.960653
570.169 0.0675964 0.0138253 0.083908 1.00187
802.064 240.83 0.178074 -0.0809731 0.960557
791.088 186.468 0.136655 -0.0706375 0.968966
710.1 115.102 0.0864084 -0.00983474 0.982464
892.457 109.84 0.0859763 -0.143261 0.979993
544.546 198.413 0.138537 0.117588 0.963723
595.403 122.023 0.0872727 0.0727669 0.973374
640.777 119.563 0.0883508 0.0414148 0.983958
546.544 198.218 0.139421 0.117122 0.966807
491.939 134.453 0.0964521 0.154776 0.987933
875.22 163.306 0.126352 -0.140287 0.989033
745.249 245.996 0.182542 -0.03566 0.963976
799.573 241.02 0.18424 -0.082103 0.974606
501.699 171.961 0.126655 0.159043 0.997314
710.722 107.456 0.0809785 -0.0103906 0.980733
640.303 114.341 0.084959 0.0415264 0.985089
899.586 138.802 0.0973078 -0.136677 0.9403
939.718 10.8846 0.0261513 -0.192067 1.04561
795.022 185.951 0.15543 -0.086765 1.03356
481.867 48.5212 0.0411172 0.151712 1.00138
853.116 244.975 0.186735 -0.125752 0.968884
955.573 4.77312 0.0224796 -0.17776 0.989162
764.965 270.812 0.205999 -0.0528042 0.964904
595.814 117.668 0.0845081 0.0721867 0.974155
764.447 271.049 0.207249 -0.0526677 0.966961
871.944 250.673 0.199522 -0.148768 0.984416
878.231 160.431 0.12227 -0.139499 0.98151
527.814 230.419 0.094984 0.0762127 0.799184
583.278 275.497 0.207756 0.101944 0.970143
567.659 252.21 0.177706 0.104683 0.951581
580.448 277.373 0.196147 0.096337 0.944095
804.393 271.26 0.203157 -0.0842221 0.956291
878.356 246.151 0.184326 -0.143241 0.959678
805.63 269.191 0.201187 -0.085024 0.956075
487.456 130.439 0.0926429 0.155208 0.983045
805.459 271.633 0.204374 -0.085539 0.957933
740.527 244.752 0.177805 -0.0311596 0.955945
873.061 298.258 0.23887 -0.151742 0.969423
872.793 168.371 0.131099 -0.140173 0.992188
768.093 272.556 0.203122 -0.0541699 0.955921
767.463 270.208 0.198617 -0.0528732 0.951312
704.832 14.3947 0.024244 -0.00808146 1.00072
772.099 273.184 0.196038 -0.0551151 0.940883
713.991 271.867 0.203272 -0.00966799 0.960486
713.421 274.207 0.203328 -0.00909322 0.956401
784.315 240.539 0.177193 -0.0665804 0.960173
492.453 133.218 0.0961505 0.155434 0.990947
538.932 224.998 0.159381 0.126531 0.963632
706.178 62.7746 0.0600972 -0.00941376 1.15145
507.94 207.737 0.107258 0.10421 0.858723
715.351 433.998 0.175716 -0.0052452 0.750273
618.718 275.583 0.197837 0.0669632 0.948439
806.207 308.691 0.233131 -0.0864347 0.946184
626.968 490.449 0.111726 0.0217228 0.658977
584.619 313.442 0.230792 0.0995827 0.945972
672.563 275.254 0.185146 0.0215588 0.921573
598.879 123.734 0.0905302 0.0728008 0.984737
816.865 253.525 0.193192 -0.0961588 0.968345
628.071 17.6743 0.0248207 0.0445615 0.993944
843.67 458.24 0.503132 -0.177399 1.00128
675.227 275.234 0.198798 0.021689 0.947869
707.686 52.4344 0.0506721 -0.0115942 1.18404
595.768 373.036 0.533714 0.223857 1.21962
504.029 357.154 0.291108 0.193084 0.969198
882.002 175.974 0.135498 -0.146166 0.985556
856.694 270.009 0.20772 -0.130657 0.964517
850.241 351.53 0.276373 -0.128754 0.941653
951.399 6.47314 0.0236319 -0.184245 1.00968
816.188 315.382 0.221152 -0.0872696 0.916799
844.596 314.598 0.258574 -0.1305 0.974566
499.218 164.411 0.119727 0.157559 0.993132
631.84 323.967 0.232088 0.0581469 0.929673
870.93 299.366 0.245536 -0.15416 0.978749
585.302 559.474 0.397289 0.103725 0.831993
751.081 244.508 0.17534 -0.0389449 0.950199
819.912 469.354 0.109234 -0.0339192 0.662281
616.699 276.219 0.198637 0.0687794 0.949002
944.857 13.6249 0.0279176 -0.183097 1.01542
768.153 311.244 0.23031 -0.0533417 0.939561
536.676 476.97 0.106903 0.0471009 0.660615
906.367 220.499 0.171231 -0.171161 0.980068
901.369 223.661 0.179019 -0.173704 0.993243
840.6 246.925 0.185104 -0.113339 0.962147
866.018 353.893 0.286829 -0.147614 0.95085
592.073 374.609 0.142802 0.0471503 0.754458
577.234 275.147 0.194889 0.0989971 0.945641
888.844 114.383 0.0903866 -0.144102 0.987905
577.08 386.317 0.146588 0.0536643 0.751536
735.535 636.47 0.0806198 -0.00571908 0.587648
864.782 265.531 0.210483 -0.14226 0.977984
582.93 313.791 0.2313 0.101165 0.946326
861.379 349.447 0.293033 -0.149183 0.965741
805.321 271.551 0.198719 -0.0827814 0.947099
842.828 355.748 0.325342 -0.145582 0.997479
904.257 222.061 0.175573 -0.173366 0.987877
760.136 317.386 0.245637 -0.0489356 0.954358
724.661 365.923 0.173491 -0.0115547 0.797473
868.856 313.65 0.243751 -0.143057 0.951897
581.963 315.906 0.232575 0.101928 0.945088
788.509 187.271 0.139352 -0.0699532 0.975871
716.584 363.424 0.276388 -0.00961249 0.931052
635.457 320.77 0.263868 0.0659398 0.983568
673.4 272.52 0.202125 0.0239719 0.959317
675.851 312.389 0.231268 0.0231887 0.943856
735.489 257.198 0.189998 -0.0274316 0.959258
875.567 245.609 0.179335 -0.136906 0.949858
848.438 376.669 0.153808 -0.0660288 0.761104
766.267 243.598 0.175366 -0.0509178 0.951109
792.486 463.636 0.14238 -0.0318426 0.698398
712.103 424.427 0.189193 -0.00400056 0.770961
888.516 115.003 0.0901921 -0.142606 0.984348
602.321 619.181 0.0829569 0.0205527 0.594579
862.811 313.128 0.359106 -0.223509 1.13273
637.928 482.39 0.102293 0.0175449 0.65256
702.74 195.951 0.141908 -0.00246382 0.968744
622.252 312.598 0.232572 0.0687126 0.948311
865.231 529.144 0.180273 -0.06217 0.699533
719.893 493.892 0.371479 -0.00893483 0.870544
810.782 317.214 0.24956 -0.0944582 0.958098
829.551 532.227 0.0632761 -0.0241903 0.597032
653.437 371.038 0.171893 0.0252053 0.793069
742.407 630.215 0.0802469 -0.00710143 0.588732
581.474 315.791 0.230477 0.101239 0.94193
774.627 188.265 0.170628 -0.0762759 1.08281
787.188 183.888 0.131941 -0.0659574 0.960324
666.277 321.839 0.233273 0.0306312 0.933018
581.746 22.8811 0.027196 0.0773813 0.997704
862.38 351.74 0.295441 -0.150395 0.965236
618.318 273.169 0.194118 0.0663101 0.945343
586.279 366.148 0.281004 0.105649 0.938907
653.58 367.195 0.174273 0.025717 0.799352
721.4 526.053 0.303901 -0.00816033 0.796044
731.119 487.077 0.111684 -0.00809605 0.658899
880.913 176.925 0.136581 -0.145902 0.986785
562.211 252.542 0.172882 0.105205 0.94052
590.716 32.9748 0.0344589 0.0828768 1.05152
546.589 198.062 0.138882 0.116606 0.965492
626.77 4.1877 0.017058 0.0459495 1.00526
914.943 490.948 0.102262 -0.0563922 0.646013
884.221 26.365 0.0350961 -0.144402 1.02853
770.417 241.404 0.162093 -0.0502206 0.924827
538.134 227.971 0.159711 0.125625 0.958227
584.953 309.692 0.223383 0.0966248 0.939741
722.082 317.889 0.239929 -0.0154249 0.946624
804.336 396.105 0.327752 -0.0926833 0.941416
803.536 386.977 0.114231 -0.0354388 0.70646
826.105 243.159 0.180241 -0.100315 0.959473
887.579 463.443 0.111483 -0.0545958 0.666051
776.079 366.105 0.17544 -0.0386195 0.798421
680.416 304.29 0.214967 0.0178342 0.929471
584.145 52.8861 0.0446563 0.0764194 0.986707
675.443 340.229 0.64123 0.104965 1.45879
669.497 319.738 0.240699 0.0294267 0.947534
566.801 253.038 0.178641 0.105678 0.952156
711.887 273.789 0.197788 -0.00774612 0.946438
768.248 309.026 0.236801 -0.0555083 0.953471
796.789 383.38 0.147645 -0.0407678 0.750008
757.959 447.68 -0.195747 0.00526082 0.27681
504.079 297.81 0.272533 0.221988 1.05218
933.794 350.303 0.463533 -0.384655 1.17139
673.394 341.533 0.618637 0.103897 1.42374
672.563 271.532 0.190911 0.0228144 0.938927
666.32 322.877 0.257057 0.0348515 0.96782
559.364 253.274 0.169894 0.1048 0.932753
674.531 314.185 0.230357 0.0240192 0.939665
921.231 505.495 0.215498 -0.102358 0.73907
784.361 317.414 0.619307 -0.233889 1.52967
721.888 320.191 0.451133 -0.0261167 1.26717
650.244 130.705 0.110741 0.044695 1.06828
910.754 492.038 0.10308 -0.0554856 0.646463
572.303 0.817738 0.014215 0.0840549 1.00889
717.564 316.53 0.622933 -0.0225608 1.5532
626.078 13.2165 0.0220617 0.044413 0.984373
618.337 598.062 0.100379 0.0199493 0.613799
947.096 48.4691 0.0321171 -0.118094 0.84724
782.352 241.725 0.180498 -0.0660345 0.965566
700.535 162.735 -0.189292 0.00449796 0.279929
626.935 501.762 0.108291 0.0209392 0.651376
668.989 320.162 0.238826 0.0295 0.943996
626.304 499.872 0.108837 0.0212405 0.652608
739.401 389.11 -0.186024 0.00468844 0.290592
748.413 387.823 -0.18661 0.00484052 0.289656
880.759 91.2299 0.0933385 -0.234025 1.24431
693.249 126.333 -0.175786 0.00384095 0.299246
767.665 343.054 0.590612 -0.145419 1.36852
871.012 64.4628 0.0608017 -0.140877 1.03582
672.469 312.485 0.220626 0.0243561 0.926779
721.915 357.419 0.269612 -0.0142886 0.930501
633.697 352.412 0.254379 0.0582296 0.921306
615.627 306.549 0.21753 0.0698046 0.933411
821.966 250.917 0.186891 -0.0977006 0.959462
873.548 277.617 0.218389 -0.148688 0.969971
578.283 276.989 0.193987 0.0968815 0.940655
861.895 281.148 0.246679 -0.158359 1.0166
712.656 272.296 0.198411 -0.00843389 0.950219
489.352 132.47 0.0941525 0.154353 0.983374
735.055 497.842 0.108392 -0.00884266 0.651589
583.455 6.90228 0.0177277 0.0811325 1.02974
806.392 488.394 0.113776 -0.0298528 0.659446
621.43 313.896 0.227833 0.0673204 0.938664
845.863 365.469 0.525487 -0.261447 1.20881
731.477 194.14 0.142686 -0.0250002 0.973497
807.399 534.429 0.174967 -0.0383743 0.693761
504.115 180.607 0.133972 0.159663 0.998844
843.645 345.342 0.27859 -0.126665 0.953983
880.813 117.97 0.0989995 -0.151959 1.02484
481.366 138.199 0.096285 0.157518 0.974725
899.809 272.461 0.226793 -0.183002 0.994274
803.775 270.672 0.210914 -0.0876189 0.972601
586.695 35.2824 0.035343 0.0794842 1.01883
849.936 270.699 0.21988 -0.133374 0.987402
709.94 115.405 0.0873235 -0.00977312 0.9867
597.237 127.211 0.0926018 0.0740296 0.983048
639.433 122.704 0.0897905 0.0421407 0.980047
673.339 272.616 0.202682 0.0241105 0.96025
500.006 165.218 0.120921 0.158124 0.99545
547.861 199.959 0.142604 0.11836 0.972407
