599.139 52.2103 0.156344 0.0420654 0.756236
536.268 60.5853 0.15946 0.0669942 0.760381
703.248 42.7631 0.154995 0.00232439 0.760999
531.837 47.9638 0.15268 0.0654497 0.748586
729.598 225.546 0.246808 -0.500414 4.94572
714.225 216.59 -0.0990622 -0.133509 5.51839
598.138 32.464 0.148064 0.0407762 0.748326
720.801 151.698 -0.122508 -0.191795 3.62087
704.554 18.0755 0.14355 0.00227511 0.743536
703.914 43.7157 0.156513 0.00184226 0.767516
555.486 46.3432 0.0284135 0.443343 1.98442
830.912 135.946 0.182257 -0.0427466 0.72785
484.846 240.357 0.213212 0.0871727 0.716001
947.341 107.193 0.182789 -0.0985342 0.761693
537.581 54.135 0.156915 0.0658618 0.759174
823.18 152.432 0.205349 -0.0517218 0.777675
944.219 114.535 0.185662 -0.0976385 0.761353
749.45 230.78 0.225515 -0.0145918 0.741006
583.014 278.787 0.25802 0.062596 0.764034
779.434 275.095 0.266924 -0.0342092 0.775709
940.526 241.738 0.242579 -0.105531 0.757528
864.249 241.72 0.231118 -0.0632161 0.737794
741.218 243.633 0.244398 -0.0136767 0.767384
889.868 275.158 0.283972 -0.102105 0.801052
710.808 274.824 0.258731 0.00123733 0.764101
596.872 40.4838 0.150823 0.041574 0.748664
831.313 274.251 0.271008 -0.0626448 0.781664
915.631 231.879 0.232449 -0.0888832 0.747995
650.512 272.967 0.24275 0.0282321 0.739227
579.859 277.432 0.251477 0.0617404 0.753605
493.779 337.893 0.24229 0.0846878 0.694128
798.004 325.116 0.244817 -0.0290803 0.697566
495.462 276.148 0.221107 0.0818027 0.702561
499.46 329.39 0.239276 0.0822299 0.695077
853.766 266.526 0.225294 -0.0505652 0.706315
531.923 282.124 0.265752 0.0910652 0.77676
957.911 146.35 0.201532 -0.109253 0.767936
512.051 416.288 0.287524 0.0881276 0.702014
513.841 425.647 0.433889 0.159445 0.848907
861.041 335.757 0.261838 -0.0589902 0.712693
920.775 265.179 0.243966 -0.0899306 0.738561
928.982 399.9 0.295354 -0.0922536 0.708719
848.996 266.246 0.235195 -0.0539453 0.724412
927.776 265.555 0.24001 -0.0896515 0.730898
942.732 389.417 0.292261 -0.0989517 0.711712
496.694 328.036 0.233838 0.0806039 0.6878
952.934 234.526 0.228754 -0.100376 0.736524
659.292 281.555 0.244637 0.0244665 0.734783
920.211 334.015 0.262302 -0.0840493 0.712724
869.299 337.254 0.254547 -0.0585788 0.701209
869.7 343.151 0.271143 -0.0657213 0.719927
712.092 330.019 0.248635 0.0035467 0.702365
721.809 342.779 0.216997 0.00284707 0.649059
793.695 270.294 0.235676 -0.0311098 0.723783
518.368 240.524 0.232326 0.0862323 0.754612
796.593 408.023 0.284826 -0.0304665 0.6958
655.069 320.608 0.240778 0.0251223 0.698768
647.323 274.052 0.223796 0.0270005 0.704332
496.1 245.355 0.225999 0.0905318 0.737557
638.907 407.893 0.26434 0.0321269 0.676854
557.039 276.067 0.22907 0.0625716 0.715072
757.299 227.486 0.214009 -0.0152871 0.719597
644.117 331.8 0.234119 0.0281738 0.68184
503.691 485.272 0.297063 0.087003 0.673099
522.462 470.475 0.321403 0.0904795 0.703645
500.334 334.538 0.242538 0.0828502 0.69652
598.902 48.1787 0.154839 0.0419489 0.75584
699.204 6.47741 0.156752 -0.00254584 0.981743
562.508 334.668 0.244524 0.0602055 0.697578
848.497 269.431 0.238276 -0.0547268 0.727266
528.278 36.0523 0.147708 0.0650106 0.743543
710.111 326.684 0.249658 0.00415135 0.706243
847.218 316.664 0.251738 -0.0520551 0.712275
516.782 282.953 0.237727 0.0819167 0.726325
925.221 457.625 0.324003 -0.0932138 0.701677
538.454 509.37 0.252809 0.0583605 0.620438
802.29 411.957 0.280384 -0.0312831 0.688344
845.011 220.993 0.215931 -0.0508722 0.726431
520.173 415.607 0.293149 0.0871781 0.708572
781.716 272.781 0.257136 -0.0325741 0.760401
576.691 408.587 0.26923 0.0564229 0.68379
851.001 403.383 0.293253 -0.0566252 0.70651
937.098 390.029 0.300498 -0.1014 0.720909
824.902 134.66 0.18399 -0.0420356 0.734884
707.03 271.671 0.214352 0.00544648 0.687491
925.281 449.451 0.351045 -0.109317 0.731701
801.297 465.803 0.310451 -0.0326559 0.688026
884.596 239.578 0.250599 -0.0867631 0.778312
662.157 333.794 0.589523 0.0805084 1.18687
906.049 43.6009 -0.0750544 0.0283577 0.216022
903.433 268.756 0.281476 -0.110292 0.80337
918.217 388.182 0.287007 -0.0854968 0.707214
522.01 198.742 0.226556 0.0910399 0.789133
785.319 273.922 0.253453 -0.0329053 0.752581
683.531 334.398 0.539545 0.0350423 1.11284
707.144 572.452 0.18235 0.0120465 0.535683
917.276 331.721 0.29688 -0.106301 0.762963
652.951 416.328 0.280927 0.0284309 0.690535
910.058 382.341 0.291856 -0.0859514 0.717076
838.3 318.308 0.26613 -0.0543799 0.732841
642.249 398.67 0.276847 0.032651 0.696816
731.676 504.033 0.136207 0.0102082 0.50235
666.819 330.524 0.645461 0.0866136 1.27606
794.975 410.42 0.283529 -0.02926 0.692952
586.095 630.864 0.163246 0.0287034 0.509174
580.882 404.886 0.274169 0.056405 0.69162
641.598 187.604 0.225013 0.0333349 0.794192
849.559 324.998 0.26059 -0.0555647 0.719126
787.986 283.437 0.27605 -0.0402515 0.782686
837.831 271.09 0.257928 -0.0598952 0.761238
796.999 227.67 0.21385 -0.0302709 0.717757
830.419 138.131 0.183417 -0.0428723 0.728904
509.934 633.436 0.100869 0.027435 0.451528
647.487 89.5142 0.221699 0.0537945 1.1318
643.203 80.6812 0.212098 0.0538987 1.0976
806.518 232.305 0.238871 -0.0441386 0.765335
520.577 278.617 0.251208 0.0888082 0.754268
633.685 182.13 0.216316 0.0354296 0.778257
930.937 387.581 0.308516 -0.104125 0.732028
502.755 376.638 -0.0614855 0.0225155 0.241742
933.84 459.462 0.340679 -0.105566 0.715388
531.268 201.204 0.234162 0.0914927 0.805204
947.868 47.641 0.165171 -0.106718 0.791914
656.891 278.074 0.264554 0.0279707 0.773532
905.292 234.096 0.23809 -0.0883389 0.757745
497.588 335.276 0.24384 0.0844577 0.69804
709.811 276.531 0.260015 0.00171531 0.764762
597.792 137.159 -0.00919832 0.0200549 0.316031
825.608 237.685 0.255341 -0.0606771 0.793
767.65 209.978 0.185611 -0.0128823 0.672897
809.972 230.622 0.234635 -0.0440737 0.758034
581.569 16.792 0.150239 0.130749 1.21426
932.076 377.399 0.304482 -0.104961 0.734834
596.555 47.0748 0.182718 0.100051 1.12005
934.222 403.858 0.400439 -0.160678 0.816773
522.152 423.718 0.57497 0.239021 0.983822
881.411 244.962 0.262448 -0.0924097 0.796238
892.452 447.853 0.364605 -0.0987836 0.746373
883.53 243.801 0.259992 -0.0920376 0.792564
936.857 122.762 0.191705 -0.0990099 0.770679
891.017 422.618 0.37366 -0.109141 0.774842
798.676 415.304 0.285418 -0.0307324 0.692012
705.628 213.188 -0.0332122 0.0230604 0.28048
699.349 10.3702 0.158441 -0.00151638 0.939794
504.479 248.049 0.238147 0.0946985 0.759638
950.933 302.681 0.0905271 -0.00348657 0.471235
945.046 309.503 0.0948664 -0.00455494 0.476959
906.885 343.359 0.274898 -0.0839058 0.723649
885.818 233.782 0.262853 -0.099567 0.810866
908.049 237.297 0.264586 -0.111831 0.808854
786.445 228.094 0.229126 -0.0317928 0.749891
683.239 242.045 0.713293 0.198158 2.61802
933.96 129.017 0.196047 -0.100564 0.77628
720.341 149.441 -0.124569 -0.184232 3.58479
