712.712 282.661 0.203712 -0.00917063 0.967456
619.8 285.249 0.202682 0.0671084 0.966037
566.868 9.66692 0.0132683 0.0843108 1.0053
801.572 251.493 0.177738 -0.0803029 0.966118
790.358 196.893 0.136628 -0.0701496 0.97555
708.554 125.304 0.085975 -0.00921536 0.987492
891.807 120.398 0.0861681 -0.142889 0.987567
541.195 209.022 0.138296 0.11817 0.969517
592.376 132.33 0.0865845 0.0731669 0.977181
638.536 129.74 0.0879169 0.0419461 0.988933
543.489 208.663 0.139592 0.118015 0.974065
488.276 144.609 0.0963017 0.15548 0.994117
875.036 173.448 0.126308 -0.139839 0.995583
744.184 256.641 0.182151 -0.0350227 0.969378
798.92 251.5 0.183764 -0.081223 0.979693
621.991 2.00764 0.00949143 0.0490078 1.02303
498.269 181.955 0.126723 0.159985 1.00428
709.179 117.63 0.0804112 -0.0097663 0.985157
637.961 124.356 0.0841507 0.0419163 0.988457
900.289 149.756 0.0966819 -0.135819 0.944704
616.528 4.39545 0.0109823 0.0511136 1.00951
939.481 20.7406 0.0258746 -0.191382 1.05119
794.347 195.397 0.1551 -0.0860999 1.03905
846.795 6.83809 0.0133103 -0.132919 1.10661
853.282 255.485 0.186269 -0.125057 0.974116
955.524 15.3826 0.0222648 -0.177188 0.995169
764.232 281.569 0.205346 -0.0521244 0.969656
592.784 127.964 0.0839684 0.0727547 0.978685
763.712 281.717 0.206712 -0.0520331 0.972018
871.584 260.691 0.199897 -0.148336 0.991873
877.877 170.692 0.122443 -0.139214 0.988907
522.495 246.001 0.0943674 0.0767338 0.803893
580.211 286.157 0.207369 0.102539 0.975576
564.286 263.102 0.177505 0.10547 0.957559
576.943 288.847 0.195015 0.0966109 0.947712
804.401 282.113 0.20241 -0.0836738 0.960967
879.159 256.513 0.184056 -0.143182 0.965909
805.263 280.011 0.200769 -0.084328 0.961444
483.605 140.656 0.0924279 0.155886 0.988983
805.284 282.314 0.20406 -0.0850823 0.963673
739.392 255.537 0.177452 -0.0305277 0.961465
874.101 308.986 0.237735 -0.150918 0.973346
872.656 178.425 0.131031 -0.139756 0.998713
767.176 283.439 0.202626 -0.0533642 0.961091
766.539 281.252 0.197886 -0.0519949 0.955916
703.182 24.5952 0.0239916 -0.00746296 1.0065
771.805 283.997 0.196254 -0.0550573 0.947995
712.621 282.611 0.202951 -0.0090791 0.9661
712.025 285.324 0.202066 -0.00846078 0.959765
783.646 251.214 0.176832 -0.0659174 0.965683
488.711 143.333 0.095941 0.156084 0.996825
535.317 235.654 0.159038 0.127137 0.969172
704.827 70.3801 0.0589898 -0.00883995 1.15221
515.666 217.88 0.113556 0.105441 0.885246
713.748 452.222 0.175679 -0.00465924 0.756627
615.93 286.619 0.197485 0.0676867 0.954033
806.212 319.591 0.232921 -0.0861241 0.952227
623.444 514.78 0.112205 0.0223807 0.666386
581.94 324.355 0.231181 0.10031 0.953202
669.582 287.194 0.183911 0.0227098 0.925069
595.808 133.836 0.0898443 0.0733221 0.988627
816.628 264.083 0.192769 -0.0954819 0.973658
625.831 27.9575 0.0246073 0.0451689 0.999904
843.693 468.372 0.50657 -0.177617 1.00978
673.311 286.262 0.198491 0.0223138 0.953522
706.264 60.2727 0.0500107 -0.0109006 1.18715
593.319 381.058 0.534367 0.224791 1.2246
497.778 369.119 0.288175 0.192874 0.970136
882.206 186.144 0.135128 -0.145512 0.990966
856.818 280.646 0.207302 -0.129873 0.969869
850.884 362.957 0.275391 -0.127938 0.946191
951.271 16.7877 0.0233882 -0.183617 1.01553
816.012 327.111 0.220889 -0.0866261 0.922563
846.332 325.626 0.256225 -0.129838 0.976149
495.094 174.47 0.119213 0.158031 0.997901
629.231 335.652 0.231424 0.0587064 0.93471
871.812 309.808 0.244616 -0.15346 0.983202
582.488 573.351 0.401719 0.105362 0.841944
750.066 255.393 0.174947 -0.0383071 0.955659
819.607 492.148 0.109938 -0.0334282 0.670246
612.499 287.651 0.197323 0.0700782 0.952184
945.774 23.3222 0.0273369 -0.182345 1.01938
767.605 322.681 0.229416 -0.0526802 0.944019
531.095 503.652 0.106765 0.0475722 0.666512
906.759 230.598 0.171231 -0.170947 0.986799
902.159 233.593 0.178613 -0.173345 0.998806
840.665 257.401 0.184989 -0.112998 0.968456
866.876 364.623 0.286536 -0.147407 0.956922
588.398 391.572 0.143354 0.0479877 0.762127
574.006 286.227 0.194544 0.0996307 0.951305
888.152 124.785 0.0905125 -0.143589 0.995166
572.477 402.845 0.147308 0.0549366 0.759822
865.651 275.867 0.209749 -0.141826 0.982734
621.521 0.0288773 0.00874701 0.0449469 0.990182
579.146 325.328 0.230221 0.101794 0.950348
862.588 360.551 0.291301 -0.148222 0.968964
805.596 282.774 0.197687 -0.0822354 0.950943
838.751 364.702 0.340232 -0.148764 1.02361
904.344 232.037 0.175736 -0.173113 0.995005
759.436 328.404 0.245098 -0.0483376 0.959544
723.163 381.259 0.17374 -0.0109528 0.804385
868.939 324.29 0.243905 -0.142551 0.958673
578.351 327.136 0.232097 0.102839 0.950565
787.739 197.599 0.139263 -0.0694056 0.982209
715.513 376.246 0.273616 -0.00912325 0.932194
632.381 331.522 0.260666 0.0662521 0.984416
671.393 283.59 0.201166 0.0245361 0.963235
673.948 323.374 0.231426 0.0239029 0.950589
734.627 267.898 0.189729 -0.0270694 0.965017
876.062 256.191 0.179425 -0.136895 0.956815
849.264 395.045 0.153238 -0.0652471 0.766021
766.621 254.873 0.173649 -0.0506828 0.952855
792.072 484.443 0.14283 -0.03134 0.705677
710.928 444.617 0.18669 -0.00356889 0.772691
888.62 125.249 0.089899 -0.142065 0.990038
863.907 321.581 0.356651 -0.221983 1.13398
634.552 507.272 0.102771 0.0181975 0.659995
701.157 206.441 0.141587 -0.00185067 0.974309
619.634 323.877 0.231909 0.0691895 0.953228
866.317 550.269 0.180673 -0.0617522 0.706597
718.806 502.769 0.384772 -0.00874831 0.890472
810.866 328.08 0.249038 -0.0939737 0.963355
830.039 563.367 0.0639384 -0.0237497 0.604918
651.047 386.898 0.171968 0.0257502 0.799562
578.257 326.913 0.230445 0.102104 0.948344
773.773 197.071 0.170343 -0.0756239 1.08842
786.504 194.531 0.131499 -0.0652724 0.965472
663.466 333.879 0.231394 0.0315372 0.935614
579.089 33.0297 0.0269495 0.0779599 1.0034
863.36 362.865 0.293882 -0.149303 0.968701
625.934 5.00353 0.0112758 0.0466969 1.02498
615.574 284.386 0.193646 0.0669018 0.950503
582.293 378.261 0.279312 0.106195 0.942241
650.548 382.83 0.174285 0.0265941 0.805737
720.25 542.816 0.303158 -0.00765149 0.801637
730.533 517.375 0.110462 -0.00761791 0.662452
881.183 187.024 0.136319 -0.145492 0.99268
588.389 42.4232 0.0341808 0.0833842 1.05703
543.251 208.614 0.138709 0.117292 0.971545
624.036 13.7485 0.0164689 0.0465648 1.00881
916.418 516.369 0.102729 -0.0558576 0.653362
883.788 36.2926 0.0348202 -0.143763 1.03423
769.857 252.455 0.162518 -0.0500855 0.932675
533.088 239.188 0.157848 0.125563 0.959192
581.77 321.288 0.222533 0.0969107 0.944188
720.769 329.051 0.239566 -0.0147749 0.952163
804.289 407.243 0.327601 -0.0922253 0.947608
803.243 406.817 0.114651 -0.0349734 0.713815
825.646 253.767 0.180232 -0.0996965 0.965897
573.704 9.71174 0.0133804 0.077572 0.995146
889.05 484.743 0.112427 -0.0545755 0.674657
775.617 380.901 0.175975 -0.0383264 0.806045
677.857 316.063 0.213651 0.0188499 0.933161
673.542 346.264 0.635015 0.105877 1.45468
563.84 263.922 0.178557 0.106217 0.958359
766.991 319.155 0.238322 -0.055044 0.96328
795.737 400.871 0.147996 -0.0400032 0.757101
731.962 399.256 -0.191309 0.00568603 0.291901
499.916 307.188 0.271983 0.222761 1.05729
935.356 358.049 0.46179 -0.383286 1.17474
664.283 334.275 0.255059 0.0351533 0.969948
556.786 264.314 0.170874 0.105824 0.941628
672.298 324.781 0.231477 0.025167 0.94862
922.66 523.627 0.216092 -0.101951 0.746369
784.975 322.949 0.610956 -0.231241 1.52059
720.953 327.331 0.447683 -0.0252824 1.26693
648.22 139.656 0.110186 0.0452642 1.07279
912.114 516.662 0.103695 -0.0550549 0.65421
569.887 11.0386 0.0140674 0.0846143 1.01522
623.626 23.3404 0.0216464 0.0449457 0.989072
613.438 629.763 0.100528 0.0207296 0.620587
667.041 332.38 0.236927 0.0297342 0.945833
718.422 336.248 -0.18142 0.00509728 0.305901
768.205 349.885 0.582002 -0.143944 1.36064
720.326 368.685 0.269922 -0.0134344 0.937438
613.438 318.249 0.21677 0.0697553 0.937984
711.313 283.3 0.197883 -0.00788573 0.955361
485.503 142.68 0.0938859 0.154933 0.989058
581.746 17.878 0.0181772 0.0821431 1.03966
805.964 513.707 0.113898 -0.0291493 0.666039
618.858 325.252 0.227528 0.0678888 0.944355
846.697 373.236 0.52229 -0.259532 1.20989
730.208 204.469 0.142166 -0.024356 0.97863
807.822 560.203 0.173392 -0.0374155 0.697536
498.665 190.616 0.132311 0.159474 0.999683
844.048 356.274 0.278008 -0.126036 0.959306
900.369 282.54 0.226372 -0.182208 0.999574
642.789 92.6197 0.073448 0.0482527 1.09069
566.495 11.472 0.0142857 0.0840589 1.00226
617.444 56.0128 0.0323665 0.0393178 0.902958
789.644 197.86 0.139711 -0.0710262 0.982824
704.56 38.282 0.0331664 -0.00921362 1.12044
882.208 154.767 0.114236 -0.146346 1.00425
735.338 350.335 -0.181045 0.00531198 0.306889
809.15 319.47 0.22694 -0.0860983 0.942986
762.19 367.812 0.264801 -0.0479681 0.930395
504.055 413.353 0.381682 0.230828 1.00771
507.722 410.501 0.388741 0.233825 1.01906
926.056 49.7562 0.0459575 -0.197268 1.07839
707.047 80.4363 0.0574613 -0.00902179 0.994551
581.844 271.953 0.187089 0.0942771 0.960801
614.769 5.41418 0.0115829 0.0512494 1.00154
803.727 281.205 0.210281 -0.0870977 0.977471
583.903 44.8624 0.0348718 0.0799524 1.02323
850.111 280.961 0.219289 -0.132565 0.992304
708.329 125.545 0.0868775 -0.00910055 0.991641
594.157 137.338 0.0919846 0.0746217 0.987355
637.26 132.979 0.0894757 0.0426703 0.985535
671.354 283.476 0.202165 0.0247514 0.965339
495.843 175.225 0.120375 0.158611 1.00015
544.615 210.393 0.142426 0.119002 0.978426
