714.08 280.523 0.203117 -0.00934058 0.966282
621.396 283.318 0.202088 0.0669385 0.964864
567.963 7.96808 0.0126739 0.0841409 1.00413
802.766 249.144 0.177143 -0.0804729 0.964945
791.489 194.582 0.136034 -0.0703196 0.974377
709.666 123.212 0.0853805 -0.00938531 0.986318
892.803 117.764 0.0855737 -0.143059 0.986393
542.863 207.347 0.137702 0.118 0.968344
593.732 130.554 0.08599 0.072997 0.976007
639.764 127.857 0.0873224 0.0417762 0.98776
545.138 206.995 0.138997 0.117845 0.972891
489.898 143.171 0.0957073 0.15531 0.992943
876.072 170.939 0.125713 -0.140009 0.994409
745.458 254.441 0.181557 -0.0351926 0.968204
800.096 249.196 0.183169 -0.0813929 0.978519
622.94 0.141621 0.00889696 0.0488379 1.02185
499.924 180.5 0.126129 0.159815 1.0031
710.283 115.526 0.0798167 -0.00993625 0.983984
639.182 122.472 0.0835562 0.0417463 0.987283
901.349 147.035 0.0960875 -0.135989 0.94353
617.519 2.53166 0.0103879 0.0509436 1.00834
940.388 17.863 0.0252801 -0.191552 1.05001
795.386 193.223 0.154506 -0.0862698 1.03788
847.566 4.29077 0.0127158 -0.133089 1.10543
854.421 253.035 0.185674 -0.125227 0.972943
956.46 12.3845 0.0216703 -0.177358 0.993995
765.503 279.319 0.204751 -0.0522943 0.968482
594.127 126.19 0.083374 0.0725847 0.977512
764.98 279.475 0.206117 -0.052203 0.970844
872.695 258.249 0.199302 -0.148506 0.990699
878.916 168.157 0.121849 -0.139384 0.987733
524.844 243.682 0.0937729 0.0765639 0.802719
581.904 284.346 0.206775 0.102369 0.974402
566.024 261.293 0.176911 0.1053 0.956386
578.717 286.951 0.19442 0.096441 0.946538
805.63 279.743 0.201815 -0.0838438 0.959794
880.293 253.976 0.183461 -0.143351 0.964736
806.489 277.641 0.200174 -0.0844979 0.960271
485.245 139.22 0.0918334 0.155716 0.987809
806.509 279.95 0.203466 -0.0852523 0.962499
740.687 253.325 0.176857 -0.0306977 0.960292
875.267 306.499 0.237141 -0.151088 0.972172
873.693 175.935 0.130437 -0.139926 0.99754
768.459 281.156 0.202031 -0.0535342 0.959917
767.83 278.954 0.197291 -0.0521649 0.954743
704.11 22.462 0.0233971 -0.00763291 1.00533
773.105 281.66 0.195659 -0.0552273 0.946821
713.991 280.469 0.202357 -0.00924905 0.964926
713.413 283.162 0.201471 -0.00863073 0.958591
784.863 248.907 0.176238 -0.0660873 0.96451
490.322 141.9 0.0953466 0.155914 0.995652
537.062 233.974 0.158443 0.126967 0.967998
705.606 68.495 0.0583953 -0.0090099 1.15104
517.677 215.984 0.112961 0.105271 0.884073
715.916 448.793 0.175085 -0.00482919 0.755454
617.567 284.658 0.19689 0.0675167 0.95286
626.554 510.391 0.11161 0.0222107 0.665212
671.144 285.011 0.183316 0.0225398 0.923895
597.133 132.077 0.0892499 0.0731521 0.987453
817.807 261.722 0.192174 -0.0956519 0.972484
626.873 26.0715 0.0240128 0.0449989 0.99873
844.915 466.009 0.505975 -0.177787 1.00861
674.799 284.168 0.197897 0.0221438 0.952348
706.984 58.3994 0.0494163 -0.0110705 1.18598
594.767 379.692 0.533772 0.224621 1.22343
499.963 367.346 0.28758 0.192704 0.968962
883.256 183.617 0.134533 -0.145682 0.989792
857.98 278.182 0.206707 -0.130043 0.968695
852.146 360.422 0.274796 -0.128108 0.945017
952.198 13.828 0.0227937 -0.183787 1.01435
817.333 324.573 0.220294 -0.0867961 0.921389
847.529 323.21 0.25563 -0.130008 0.974975
496.757 173.012 0.118619 0.157861 0.996727
630.958 333.544 0.23083 0.0585365 0.933537
872.968 307.357 0.244022 -0.15363 0.982029
585.035 570.369 0.401124 0.105192 0.840771
751.354 253.137 0.174352 -0.0384771 0.954485
821.809 487.55 0.109343 -0.0335982 0.669073
614.152 285.691 0.196729 0.0699082 0.95101
946.699 20.399 0.0267424 -0.182515 1.01821
768.962 320.326 0.228821 -0.0528502 0.942845
534.659 499.456 0.106171 0.0474022 0.665338
907.845 228.035 0.170637 -0.171117 0.985625
903.236 231.075 0.178018 -0.173515 0.997632
841.822 254.965 0.184395 -0.113168 0.967282
868.104 362.095 0.285942 -0.147577 0.955748
590.936 388.552 0.14276 0.0478177 0.760954
575.775 284.353 0.19395 0.0994607 0.950132
889.144 122.182 0.089918 -0.143759 0.993993
575.11 399.812 0.146713 0.0547666 0.758648
866.788 273.419 0.209155 -0.141996 0.981561
580.976 323.394 0.229626 0.101624 0.949174
863.802 358.074 0.290706 -0.148392 0.96779
806.841 280.369 0.197093 -0.0824054 0.949769
839.918 362.442 0.339637 -0.148934 1.02244
905.423 229.503 0.175142 -0.173283 0.993831
760.785 326.117 0.244504 -0.0485075 0.95837
725.041 378.284 0.173146 -0.0111228 0.803212
870.137 321.768 0.243311 -0.142721 0.957499
580.187 325.202 0.231503 0.102669 0.949391
788.864 195.312 0.138668 -0.0695755 0.981035
717.067 373.911 0.273022 -0.0092932 0.93102
633.982 329.579 0.260072 0.0660821 0.983242
672.86 281.533 0.200572 0.0243661 0.962061
675.496 321.241 0.230832 0.023733 0.949415
735.939 265.706 0.189134 -0.0272393 0.963843
877.208 253.635 0.17883 -0.137065 0.955642
850.928 391.547 0.152644 -0.0654171 0.764848
767.887 252.569 0.173055 -0.0508528 0.951681
794.21 480.334 0.142235 -0.0315099 0.704503
713.035 441.333 0.186096 -0.00373884 0.771518
889.617 122.635 0.0893046 -0.142235 0.988864
864.921 319.532 0.356056 -0.222153 1.13281
637.641 502.801 0.102177 0.0180276 0.658821
702.426 204.364 0.140992 -0.00202062 0.973135
621.327 321.868 0.231315 0.0690196 0.952055
868.258 545.899 0.180079 -0.0619222 0.705424
720.585 500.054 0.384178 -0.00891826 0.889298
812.126 325.697 0.248444 -0.0941436 0.962181
832.625 557.405 0.0633439 -0.0239197 0.603745
653.184 384.022 0.171374 0.0255803 0.798388
580.098 324.972 0.229851 0.101934 0.94717
774.765 195.054 0.169749 -0.0757938 1.08724
787.653 192.203 0.130904 -0.0654423 0.964298
665.09 331.705 0.2308 0.0313672 0.93444
580.213 31.3062 0.026355 0.07779 1.00222
864.575 360.385 0.293288 -0.149473 0.967527
626.879 3.1304 0.0106813 0.0465269 1.0238
617.216 282.415 0.193052 0.0667318 0.94933
584.231 376.213 0.278717 0.106025 0.941068
652.658 380.001 0.173691 0.0264242 0.804563
722.328 539.507 0.302563 -0.00782144 0.800464
733.173 512.747 0.109867 -0.00778786 0.661278
882.232 184.506 0.135724 -0.145662 0.991506
589.399 40.7626 0.0335863 0.0832142 1.05586
544.907 206.94 0.138114 0.117122 0.970372
625.034 11.8686 0.0158744 0.0463948 1.00763
918.353 511.304 0.102135 -0.0560275 0.652188
884.666 33.618 0.0342258 -0.143933 1.03305
771.152 250.078 0.161924 -0.0502555 0.931501
534.873 237.481 0.157254 0.125393 0.958018
583.599 319.332 0.221939 0.0967407 0.943015
722.211 326.819 0.238972 -0.0149448 0.95099
805.651 404.774 0.327007 -0.0923953 0.946435
805.223 402.946 0.114056 -0.0351434 0.712642
826.817 251.359 0.179637 -0.0998665 0.964723
574.81 7.97419 0.0127859 0.0774021 0.993972
890.974 480.103 0.111833 -0.0547454 0.673483
777.341 377.835 0.17538 -0.0384964 0.804871
679.423 313.867 0.213057 0.01868 0.931987
674.493 345.099 0.63442 0.105707 1.45351
565.58 262.115 0.177962 0.106047 0.957185
768.311 316.868 0.237728 -0.055214 0.962106
797.579 397.398 0.147401 -0.0401732 0.755927
749.62 382.772 -0.191903 0.00551608 0.290727
501.764 305.761 0.271388 0.222591 1.05611
936.371 355.967 0.461196 -0.383456 1.17357
665.831 332.217 0.254464 0.0349834 0.968774
558.591 262.469 0.17028 0.105654 0.940454
673.856 322.644 0.230883 0.0249971 0.947446
924.293 519.633 0.215497 -0.102121 0.745195
785.734 321.618 0.610362 -0.231411 1.51942
721.953 325.826 0.447089 -0.0254524 1.26576
649.29 137.92 0.109592 0.0450943 1.07161
914.062 511.616 0.103101 -0.0552249 0.653036
570.956 9.34629 0.013473 0.0844444 1.01405
624.687 21.4398 0.0210519 0.0447758 0.987899
617.128 624.214 0.0999336 0.0205596 0.619413
668.63 330.237 0.236332 0.0295642 0.944659
732.372 324.694 -0.182015 0.00492733 0.304728
769.092 348.423 0.581407 -0.144114 1.35947
721.848 366.368 0.269328 -0.0136044 0.936264
615.176 316.207 0.216176 0.0695853 0.93681
582.753 16.1886 0.0175827 0.0819731 1.03848
808.262 509.016 0.113304 -0.0293193 0.664865
620.576 323.213 0.226934 0.0677188 0.943182
810.014 555.789 0.172797 -0.0375854 0.696363
500.351 189.145 0.131717 0.159304 0.99851
845.294 353.801 0.277413 -0.126206 0.958133
643.752 90.887 0.0728535 0.0480827 1.08951
618.795 53.9704 0.0317721 0.0391479 0.901784
790.767 195.57 0.139117 -0.0711962 0.981651
705.33 36.3061 0.0325719 -0.00938357 1.11926
883.219 152.236 0.113642 -0.146516 1.00307
749.102 338.933 -0.181639 0.00514203 0.305715
810.438 317.024 0.226346 -0.0862682 0.941813
763.632 365.388 0.264206 -0.048138 0.929222
506.244 411.592 0.381088 0.230658 1.00653
509.867 408.773 0.388147 0.233655 1.01788
926.962 47.0173 0.045363 -0.197438 1.07722
708.079 78.3298 0.0568668 -0.00919174 0.993377
583.538 270.105 0.186495 0.0941071 0.959627
615.782 3.54574 0.0109884 0.0510795 1.00037
804.931 278.887 0.209687 -0.0872676 0.976297
584.997 43.1658 0.0342773 0.0797824 1.02205
851.25 278.579 0.218695 -0.132735 0.99113
709.434 123.463 0.086283 -0.0092705 0.990468
595.495 135.582 0.0913902 0.0744517 0.986181
638.504 131.093 0.0888813 0.0425004 0.984362
672.817 281.426 0.20157 0.0245815 0.964166
497.5 173.77 0.11978 0.158441 0.998976
546.253 208.733 0.141832 0.118832 0.977253
