604.272 44.3988 0.155767 0.0420512 0.756214
540.348 52.6678 0.158808 0.0670849 0.760015
708.988 35.3613 0.154471 0.00239977 0.761203
536.123 39.8713 0.152079 0.0655223 0.748172
730.566 223.652 0.244765 -0.495805 4.89833
714.992 215.496 -0.0985103 -0.133313 5.516
602.767 24.512 0.147522 0.0410075 0.748092
722.156 148.033 -0.121885 -0.189559 3.58511
709.976 10.7941 0.143405 0.00256917 0.744783
709.571 37.6632 0.156942 0.00180822 0.770617
559.303 46.3142 0.0294207 0.448041 2.00568
836.803 129.636 0.182229 -0.042841 0.72972
489.166 233.323 0.213657 0.0876811 0.718401
954.802 101.782 0.181938 -0.0979431 0.760399
540.944 45.8446 0.155917 0.0659683 0.757509
828.935 146.917 0.204442 -0.0514667 0.776847
950.793 109.1 0.185265 -0.0974982 0.761912
754.326 225.61 0.22422 -0.0142974 0.739405
585.69 273.849 0.256662 0.0626096 0.762294
784.032 271.244 0.265165 -0.0337876 0.773136
945.993 237.564 0.242204 -0.105396 0.758076
869.27 237.167 0.230839 -0.0629865 0.738335
745.248 239.744 0.233018 -0.0110994 0.744388
895.946 271.946 0.281777 -0.101343 0.797771
715.04 270.824 0.256219 0.00141823 0.75988
602.023 32.5216 0.150182 0.0415505 0.748064
837.371 270.672 0.268333 -0.0620744 0.777423
922.406 227.536 0.231137 -0.0884099 0.746402
654.542 267.716 0.241854 0.0282448 0.738603
582.963 271.791 0.250536 0.0618201 0.753155
495.897 331.529 0.240954 0.0848003 0.693267
802.636 318.973 0.243563 -0.0287493 0.697629
500.719 269.439 0.221184 0.0816322 0.703885
501.665 322.783 0.238132 0.082469 0.694617
858.583 261.553 0.225055 -0.0502503 0.707072
534.528 276.677 0.26501 0.0911887 0.776557
512.987 411.764 0.28558 0.0882514 0.700124
516.438 421.699 0.436543 0.160529 0.852098
866.639 332.249 0.260542 -0.0585961 0.711343
929.242 260.5 0.240979 -0.0891197 0.734619
932.185 396.844 0.296078 -0.0920408 0.710236
854.14 261.816 0.234732 -0.0536821 0.724486
932.427 261.681 0.240274 -0.0895249 0.732214
950.054 387.006 0.289561 -0.0981853 0.708781
500.409 320.992 0.233454 0.0807565 0.688654
956.302 231 0.230058 -0.100512 0.739696
664.206 276.699 0.243704 0.024128 0.733814
924.976 329.757 0.262307 -0.0840645 0.713978
873.921 333.539 0.254334 -0.0582486 0.701516
877.82 340.271 0.267643 -0.0652312 0.715198
716.571 324.745 0.247376 0.0036536 0.701621
726.417 335.308 0.274692 -0.00215624 0.733174
799.347 265.408 0.234156 -0.0308796 0.722114
521.323 234.386 0.231383 0.0862034 0.753928
801.062 404.71 0.283382 -0.0301128 0.694525
658.571 315.439 0.239166 0.0253692 0.697103
653.566 267.313 0.223218 0.0264283 0.705027
499.58 238.879 0.225212 0.0903898 0.737266
642.439 403.233 0.263289 0.0322428 0.676196
560.247 269.889 0.228146 0.0626978 0.714589
762.311 221.803 0.21394 -0.0152279 0.720823
647.305 326.318 0.233183 0.0286074 0.68133
505.054 480.36 0.29536 0.0870936 0.672031
523.58 466.028 0.31968 0.0906478 0.702462
503.577 327.812 0.241994 0.0830296 0.697077
603.633 40.1472 0.153996 0.041965 0.754693
566.142 327.855 0.244254 0.0604601 0.698817
854.288 264.841 0.23703 -0.0543803 0.7261
532.445 27.4754 0.146834 0.0649185 0.742009
714.284 322.051 0.247918 0.00440718 0.704342
851.602 311.774 0.252031 -0.0520832 0.7141
519.47 276.793 0.236678 0.0819858 0.725639
930.514 455.735 0.322381 -0.0926769 0.70025
578.578 468.593 0.308479 0.062874 0.688942
805.697 407.338 0.280666 -0.0310212 0.689794
851.34 215.597 0.214848 -0.0506748 0.725594
521.583 410.853 0.291587 0.0873347 0.707313
787.09 268.523 0.255259 -0.0324027 0.757845
580.272 401.523 0.269763 0.0568382 0.686236
857.171 401.425 0.290292 -0.0560054 0.702847
944.099 388.022 0.297819 -0.100559 0.717781
831.171 128.523 0.183337 -0.04184 0.734671
710.641 265.923 0.213561 0.00606145 0.687151
932.749 449.605 0.3465 -0.108027 0.726221
803.057 460.042 0.31218 -0.0323336 0.691588
889.984 234.782 0.24985 -0.0867699 0.778721
662.482 331.877 0.580552 0.0802108 1.17382
875.875 174.388 -0.0772097 0.0287251 0.215941
910.097 265.323 0.279065 -0.109575 0.799869
924.226 385.556 0.285335 -0.0849449 0.705517
526.094 193.166 0.226591 0.0909987 0.790056
787.332 272.212 0.262072 -0.0342351 0.766484
684.488 332.661 0.530774 0.0350949 1.09958
714.342 563.015 0.182278 0.0121349 0.536959
945.626 327.301 0.267537 -0.0969885 0.722582
656.483 411.353 0.280461 0.0285529 0.690918
916.334 379.926 0.289669 -0.0852728 0.714581
839.891 315.031 0.271802 -0.0554439 0.741741
644.935 394.311 0.275344 0.0329653 0.695547
740.875 489.226 0.13646 0.01038 0.504429
800.741 409.581 0.27843 -0.0282889 0.686112
592.379 620.265 0.16286 0.0290102 0.510048
583.003 400.21 0.272532 0.0566198 0.690207
645.39 180.625 0.222222 0.033088 0.790007
859.741 320.287 0.25096 -0.0533694 0.706157
799.242 273.197 0.250867 -0.0357139 0.745219
836.824 270.686 0.269915 -0.0626245 0.780269
802.288 222.343 0.213439 -0.0300992 0.718082
836.056 132.158 0.18362 -0.0429801 0.731135
520.639 620.116 0.0996452 0.0276574 0.451176
647.474 80.6598 0.216066 0.0540305 1.10688
815.765 223.254 0.228964 -0.0422898 0.749778
525.694 273.752 0.253512 0.0894265 0.758718
936.368 385.331 0.307047 -0.103515 0.730511
936.781 456.712 0.342634 -0.10616 0.717912
951.944 43.1983 0.165902 -0.106983 0.796113
664.421 277.634 0.282616 0.028041 0.802377
911.516 229.869 0.236985 -0.0879283 0.756563
498.918 329.373 0.242159 0.0846285 0.696404
714.471 279.922 0.29631 -0.000798581 0.822076
512.503 162.072 -0.00445963 0.0199597 0.324318
817.233 223.315 0.228842 -0.0428505 0.749403
587.382 16.6142 0.152837 0.13129 1.2288
940.357 376.395 0.30051 -0.103658 0.729245
598.376 39.5131 0.180324 0.0993416 1.11232
898.551 447.731 0.360321 -0.0975661 0.741214
886.244 240.294 0.261329 -0.0920306 0.796065
943.043 119.25 0.192241 -0.099224 0.771884
801.06 409.943 0.287057 -0.0305001 0.695458
939.663 300.786 0.102876 -0.00574592 0.489728
932.469 232.754 0.247401 -0.106019 0.774274
796.663 222.99 0.220173 -0.0305302 0.731908
683.72 240.906 0.71527 0.203997 2.63087
577.058 472.756 0.303797 0.0619927 0.682271
564.463 140.593 0.171728 0.0510429 0.695894
557.403 318.391 0.235241 0.061387 0.691678
905.606 373.046 0.299975 -0.087831 0.732122
704.815 34.6883 0.178207 -0.0037708 1.01163
949.081 350.598 0.348883 -0.153083 0.810863
650.616 207.89 -0.082519 0.0274351 0.208734
914.152 442.039 0.372826 -0.114205 0.756324
710.999 85.0734 0.206787 -0.00555546 0.947185
653.101 492.773 -0.0892583 0.0280128 0.200918
703.366 11.0018 0.160424 -0.00507991 1.08913
656.981 126.199 0.266413 0.0551036 1.17882
846.502 134.652 0.18561 -0.0477003 0.733967
950.185 327.242 0.263038 -0.0956658 0.716116
827.217 243.733 0.242408 -0.0499074 0.756463
932.862 393.505 0.279555 -0.0834885 0.693609
853.396 457.773 0.345301 -0.065618 0.722089
737.295 337.49 1.07534 -0.143322 1.77586
556.084 79.6206 0.17647 0.069503 0.795439
931.776 390.551 0.280356 -0.0841325 0.696369
692.677 452.576 -0.0834254 0.0276011 0.210059
751.024 238.977 0.251156 -0.0177962 0.782139
886.335 483.379 0.296458 -0.0582548 0.662941
922.321 561.501 0.430797 -0.116101 0.717389
864.399 460.407 0.28368 -0.0484037 0.662903
947.16 389.664 0.294409 -0.0993456 0.712677
490.246 418.702 0.384851 0.150673 0.803818
899.835 388.026 0.339738 -0.103302 0.76675
926.595 446.841 0.359762 -0.112794 0.740433
899.627 54.1774 -0.0806438 0.0289645 0.209794
940.891 123.659 0.195377 -0.100467 0.776198
721.703 145.841 -0.123919 -0.182192 3.55147
