721.164 273.846 0.200956 -0.0104055 0.967227
627.799 275.846 0.200446 0.0659823 0.967174
811.203 242.588 0.174845 -0.0813108 0.965434
800.488 187.059 0.133711 -0.0711688 0.974553
718.302 113.958 0.0832494 -0.0103811 0.986949
905.079 109.006 0.0828473 -0.143396 0.98446
549.651 198.524 0.135988 0.116986 0.970514
601.107 120.893 0.0842348 0.0722211 0.978317
647.463 118.397 0.0852154 0.0407383 0.98846
551.363 198.229 0.136946 0.116878 0.97405
496.098 133.321 0.0936733 0.15427 0.994031
886.467 163.551 0.12347 -0.14082 0.99483
752.885 247.671 0.179233 -0.0359463 0.968601
808.341 242.767 0.180799 -0.0822075 0.978799
507.1 171.521 0.124853 0.158906 1.00674
719.114 106.23 0.0780023 -0.0110119 0.98599
646.519 112.677 0.0809516 0.0407518 0.985908
912.984 138.828 0.0940599 -0.13686 0.944643
953.448 7.73533 0.0232804 -0.19237 1.0509
803.466 186.256 0.15262 -0.0872258 1.03949
486.316 45.849 0.0382777 0.150995 1.0069
864.368 247.188 0.18224 -0.125702 0.970424
773.068 273.044 0.202446 -0.0532389 0.969045
601.923 116.613 0.0819432 0.0718124 0.981139
772.48 273.331 0.20353 -0.0530179 0.970664
882.358 252.778 0.196033 -0.148809 0.988571
889.561 160.698 0.119398 -0.139905 0.987259
533.006 233.244 0.0915826 0.0754971 0.803447
587.478 276.787 0.204834 0.101691 0.976027
573 252.765 0.176293 0.104884 0.96163
585.89 278.407 0.194668 0.0962429 0.953505
813.288 273.497 0.200108 -0.0846958 0.961821
890.115 248.164 0.180695 -0.143831 0.963889
814.798 271.717 0.197415 -0.0851942 0.959636
491.554 129.251 0.0898607 0.15473 0.989126
815.093 274.053 0.20047 -0.0861184 0.961469
748.354 246.369 0.17465 -0.0316317 0.961058
884.276 301.742 0.233995 -0.15156 0.970887
884.136 168.681 0.127924 -0.14051 0.996933
776.331 274.672 0.200025 -0.054758 0.961364
775.493 272.49 0.195163 -0.0530832 0.95578
713.559 11.6725 0.0216631 -0.00862924 1.00809
780.955 275.247 0.193408 -0.0561337 0.947543
721.191 273.705 0.20036 -0.0104059 0.966316
720.391 276.61 0.198824 -0.00953238 0.958338
793.047 242.145 0.17424 -0.0670853 0.965845
496.921 132.162 0.0934294 0.154672 0.996938
543.069 225.518 0.156342 0.12594 0.969019
713.173 58.8974 0.0558965 -0.00994087 1.14914
527.145 205.438 0.112798 0.104989 0.89138
724.827 441.161 0.173333 -0.00580535 0.757412
624.108 277.02 0.195426 0.0666209 0.955563
638.569 498.48 0.110522 0.02113 0.66868
679.384 277.323 0.182198 0.0208801 0.927343
604.149 122.535 0.0873785 0.0724592 0.989322
826.013 255.676 0.18964 -0.0961674 0.972271
635.416 14.7316 0.0220958 0.0439954 1.00015
850.188 463.71 0.504918 -0.179343 1.00907
682.093 276.933 0.196406 0.0208188 0.954927
714.494 48.5194 0.0467801 -0.0120448 1.18287
595.199 376.086 0.516737 0.219317 1.20511
504.616 360.502 0.284965 0.191218 0.968859
894.012 176.512 0.131875 -0.146193 0.988763
866.952 272.51 0.204258 -0.13095 0.96897
859.85 355.816 0.272356 -0.128921 0.945487
826.441 319.804 0.216769 -0.0875609 0.918955
855.411 318.355 0.252954 -0.130669 0.974869
503.518 163.744 0.117223 0.15733 1.00034
638.751 325.503 0.231572 0.0572136 0.940541
881.705 302.679 0.240873 -0.154034 0.980734
589.696 563.964 0.39977 0.104305 0.842334
759.275 246.296 0.171775 -0.0393258 0.95423
834.746 477.966 0.108049 -0.0346867 0.672076
620.347 278.291 0.194514 0.0688967 0.951832
776.293 314.458 0.226464 -0.05375 0.943419
545.519 488.739 0.104552 0.0463975 0.667519
918.537 222.084 0.167626 -0.171295 0.983848
914.115 225.15 0.174879 -0.174047 0.99575
850.652 248.784 0.18216 -0.113992 0.967921
875.996 358.033 0.282944 -0.148044 0.955083
599.916 378.735 0.141483 0.046909 0.763936
582.127 276.212 0.192702 0.0988686 0.953586
899.81 114.017 0.0881682 -0.144729 0.996126
583.585 390.313 0.145141 0.0538938 0.761003
876.686 268.304 0.20534 -0.142219 0.978206
481.606 293.947 0.225525 0.202568 0.988926
586.905 316.1 0.227704 0.10054 0.950684
871.674 353.979 0.287551 -0.148914 0.96694
814.868 274.001 0.195236 -0.083377 0.951565
845.072 358.215 0.342541 -0.151227 1.02977
915.936 223.606 0.17222 -0.173607 0.992344
767.879 320.66 0.241585 -0.0493689 0.957709
733.977 370.46 0.171596 -0.0122779 0.805644
878.642 316.959 0.240628 -0.143338 0.957306
585.364 318.278 0.228715 0.101611 0.949025
797.887 187.866 0.136045 -0.0703555 0.980201
723.309 368.363 0.270382 -0.0102337 0.931188
638.855 323.298 0.254921 0.064718 0.979429
679.587 274.349 0.198913 0.0233863 0.96435
681.757 314.783 0.228442 0.0227719 0.94992
743.35 259.001 0.186734 -0.0281439 0.964136
886.748 247.288 0.176927 -0.138323 0.957473
861.702 384.327 0.151023 -0.0664741 0.767087
775.985 245.699 0.170849 -0.0517514 0.952435
805.211 472.067 0.140781 -0.0325464 0.707076
721.524 433.887 0.184355 -0.00470912 0.773474
900.757 114.333 0.087378 -0.143242 0.990348
615.948 635.623 0.0812958 0.0199803 0.603206
872.03 315.972 0.352135 -0.222324 1.13025
649.028 491.974 0.100755 0.0171951 0.661513
710.112 196.474 0.138954 -0.00298577 0.974293
627.428 314.842 0.229524 0.0680016 0.953824
880.08 541.066 0.177544 -0.0629682 0.706141
725.533 492.717 0.390158 -0.0100135 0.898446
819.64 320.485 0.245882 -0.0949113 0.96231
849.198 547.118 0.0617917 -0.0247939 0.606233
661.317 375.871 0.169667 0.0246215 0.800426
585.37 317.821 0.227401 0.101066 0.947643
782.119 188.374 0.167856 -0.0767639 1.08887
796.607 184.488 0.128892 -0.0663794 0.965539
671.338 325.167 0.228384 0.030386 0.934935
587.821 19.6473 0.0242184 0.0765902 1.00172
873.123 356.653 0.289121 -0.149867 0.964916
623.854 274.572 0.19159 0.0658481 0.952281
589.409 369.65 0.276282 0.104918 0.941581
660.71 371.895 0.171986 0.025456 0.806608
954.443 96.6341 -0.180203 0.00829765 0.30723
745.422 502.552 0.108542 -0.00879868 0.664183
892.402 177.456 0.1335 -0.146348 0.991929
596.838 30.1672 0.031687 0.0822035 1.05741
553.35 198.014 0.137839 0.116422 0.977199
933.177 503.385 0.100595 -0.0570439 0.654542
895.955 23.8928 0.032444 -0.144835 1.03534
780.185 242.987 0.159536 -0.0514816 0.931816
541.482 228.896 0.155522 0.124345 0.960079
591.207 311.554 0.22186 0.0954721 0.948068
728.891 320.827 0.236504 -0.0159125 0.951329
812.638 400.938 0.323237 -0.0932037 0.944853
817.271 393.907 0.112634 -0.0362233 0.715387
835.53 244.992 0.177333 -0.100659 0.965208
904.672 471.576 0.110416 -0.0558758 0.676201
786.71 371.162 0.17328 -0.0395162 0.806011
686.583 306.82 0.211693 0.0174266 0.934663
676.531 342.549 0.619411 0.103109 1.43286
571.565 254.276 0.175445 0.104729 0.95704
776.265 311.835 0.233589 -0.056188 0.958665
807.896 389.505 0.145877 -0.0411966 0.758385
679.867 414.354 -0.194478 0.00456134 0.293321
506.572 298.653 0.269345 0.221466 1.05735
943.179 353.362 0.4586 -0.384687 1.17401
671.697 326.032 0.251997 0.0339536 0.969128
564.86 254.321 0.168073 0.104489 0.941176
680.175 316.174 0.228515 0.0239846 0.947988
933.983 514.003 0.214113 -0.103222 0.747664
789.987 319.106 0.601542 -0.230061 1.508
726.5 322.14 0.440595 -0.0269688 1.25848
655.985 129.276 0.10713 0.0440285 1.07092
928.55 503.481 0.101582 -0.056211 0.655485
633.724 10.6441 0.0196263 0.0439753 0.992543
629.288 613.952 0.0982101 0.0196516 0.621585
675.332 323.416 0.234644 0.0282858 0.946801
655.165 358.961 -0.184586 0.00386922 0.307266
772.99 345.705 0.575317 -0.143989 1.35357
728.222 361.038 0.266167 -0.0145441 0.935445
621.438 309.009 0.214226 0.0685338 0.9382
590.163 4.23046 0.0153047 0.080691 1.03772
626.581 316.321 0.224588 0.0666092 0.943764
820.149 548.134 0.171461 -0.0386245 0.699016
505.928 180.04 0.129619 0.158539 0.999715
853.402 349.645 0.273721 -0.126654 0.956227
650.619 81.0766 0.0701838 0.0469131 1.08753
628.253 41.8909 0.0297438 0.0381084 0.902725
799.882 188.092 0.136824 -0.0722608 0.981996
713.493 25.2621 0.0298691 -0.0102897 1.11615
893.848 144.595 0.111437 -0.147267 1.00347
676.557 377.299 -0.182147 0.00407617 0.311536
818.275 311.419 0.223915 -0.0870505 0.942231
771.062 360.687 0.260066 -0.0490626 0.926665
483.13 299.892 0.214467 0.184984 0.958757
510.354 405.173 0.378609 0.229413 1.00697
513.872 402.469 0.385581 0.232386 1.01817
934.691 43.6328 0.0477385 -0.201047 1.09015
716.489 67.0863 0.0533953 -0.00959969 0.9871
589.583 262.406 0.18418 0.0929831 0.960153
649.361 492.86 0.104417 0.0174959 0.664772
742.784 501.476 0.108836 -0.00810945 0.664884
544.373 493.56 0.102996 0.0459482 0.66419
664.774 389.926 0.14732 0.0195626 0.762442
639.065 499.47 0.110267 0.020933 0.668057
906.024 179.923 0.128285 -0.146985 0.967423
499.237 361.982 0.35273 0.254751 1.05282
674.487 322.234 0.547095 0.0996962 1.42522
902.332 230.289 0.194084 -0.18264 1.03283
510.91 159.924 0.12526 0.171244 1.04814
654.99 201.35 0.139784 0.0384202 0.968984
585.286 276.375 0.200051 0.100761 0.967512
812.88 272.962 0.207279 -0.0881145 0.976616
592.497 32.0477 0.0321981 0.0786867 1.02255
859.827 273.124 0.216118 -0.133536 0.991034
717.971 114.259 0.0841503 -0.0102362 0.991069
602.8 126.124 0.0895792 0.0735553 0.98817
646.201 121.717 0.0869729 0.0415654 0.985939
679.439 274.309 0.199818 0.0236495 0.966193
503.913 164.539 0.118111 0.157684 1.00148
552.784 199.988 0.140214 0.118081 0.979855
