617.964 18.9807 0.15367 0.040912 0.754869
553.708 27.3455 0.156711 0.0659457 0.75867
723.105 10.3769 0.152374 0.00126055 0.759857
549.946 13.7042 0.149983 0.0643831 0.746826
732.751 219.186 0.242668 -0.496944 4.89698
716.821 210.781 -0.100607 -0.134453 5.51466
725.361 140.215 -0.123982 -0.190699 3.58377
723.411 13.1464 0.154845 0.000668997 0.769272
562.696 34.1208 0.027324 0.446902 2.00433
851.26 105.731 0.180132 -0.0439802 0.728374
502.355 208.576 0.21156 0.0865419 0.717056
554.439 20.2684 0.153821 0.0648291 0.756164
841.834 125.567 0.202346 -0.0526059 0.775502
766.687 203.555 0.222123 -0.0154366 0.73806
596.878 252.539 0.254565 0.0614704 0.760949
794.898 251.718 0.263068 -0.0349269 0.77179
958.574 217.83 0.240107 -0.106536 0.75673
881.897 215.973 0.228743 -0.0641257 0.73699
757.245 218.116 0.230922 -0.0122387 0.743043
906.697 254.2 0.27968 -0.102482 0.796425
726.152 250.228 0.254122 0.000279009 0.758535
616.074 6.45132 0.148085 0.0404113 0.746719
848.307 251.68 0.266237 -0.0632136 0.776077
935.297 206.906 0.22904 -0.0895491 0.745057
666.306 245.619 0.239757 0.0271055 0.737258
594.422 250.002 0.248439 0.0606809 0.751809
509.076 306.394 0.238857 0.0836611 0.691922
814.98 296.262 0.241467 -0.0298886 0.696284
514.042 244.342 0.219088 0.080493 0.702539
514.838 297.692 0.236035 0.0813298 0.693272
871.692 238.95 0.222959 -0.0513895 0.705727
545.53 255.701 0.262913 0.0900495 0.775212
525.08 387.871 0.283483 0.0871122 0.698779
525.063 404.453 0.434446 0.159389 0.850753
878.397 311.057 0.258445 -0.0597353 0.709998
941.877 239.913 0.238882 -0.0902589 0.733274
942.904 376.993 0.293981 -0.09318 0.708891
866.678 240.203 0.232635 -0.0548213 0.723141
945.124 241.009 0.238177 -0.0906641 0.730868
513.824 295.475 0.231357 0.0796173 0.687308
675.99 254.539 0.241607 0.0229887 0.732469
936.877 309.127 0.26021 -0.0852038 0.712633
885.998 311.819 0.252237 -0.0593878 0.70017
889.337 319.506 0.265546 -0.0663704 0.713852
728.693 301.725 0.245279 0.00251438 0.700276
737.362 314.32 0.272595 -0.00329546 0.731829
811.731 243.353 0.232059 -0.0320189 0.720769
533.312 211.749 0.229287 0.0850641 0.752583
812.092 382.859 0.281285 -0.031252 0.69318
671.081 291.584 0.23707 0.02423 0.695758
666.411 243.293 0.221122 0.0252891 0.703681
512.091 215.319 0.223115 0.0892506 0.735921
654.663 378.772 0.261192 0.0311036 0.67485
572.955 245.853 0.226049 0.0615586 0.713244
775.309 198.725 0.211843 -0.0163671 0.719477
660.301 301.445 0.231087 0.0274681 0.679984
517.562 454.912 0.293263 0.0859544 0.670686
534.994 442.674 0.317583 0.0895086 0.701117
516.605 302.946 0.239898 0.0818904 0.695732
617.411 14.5645 0.151899 0.0408257 0.753348
578.768 303.569 0.242157 0.0593209 0.697472
866.727 243.369 0.234933 -0.0555196 0.724755
546.567 0.729389 0.144737 0.0637792 0.740663
726.352 299.15 0.245821 0.00326795 0.702997
863.596 290.335 0.249934 -0.0532224 0.712755
531.924 253.202 0.234582 0.0808466 0.724294
940.35 435.96 0.320285 -0.0938162 0.698905
589.928 444.922 0.306382 0.0617347 0.687597
864.61 193.224 0.212751 -0.051814 0.724249
533.381 387.464 0.28949 0.0861954 0.705968
798.384 248.279 0.253163 -0.0335419 0.756499
592.471 377.224 0.267666 0.055699 0.684891
867.944 380.542 0.288195 -0.0571446 0.701501
954.794 368.598 0.295722 -0.101698 0.716436
845.465 104.827 0.18124 -0.0429793 0.733326
724.129 241.1 0.211464 0.00492222 0.685806
941.883 431.299 0.344403 -0.109166 0.724876
813.232 438.569 0.310083 -0.0334728 0.690243
901.769 215.565 0.247753 -0.0879091 0.777376
667.629 321.443 0.578456 0.0790715 1.17248
849.761 145.372 -0.0793064 0.0275859 0.214596
921.013 247.638 0.276968 -0.110714 0.798524
935.305 365.205 0.283238 -0.0860842 0.704172
537.489 171.591 0.224494 0.0898594 0.788711
798.352 252.426 0.259975 -0.0353743 0.765138
690.065 321.43 0.528677 0.0339557 1.09824
733.449 523.707 0.180181 0.0109957 0.535614
957.402 307.285 0.26544 -0.0981277 0.721237
667.971 388.096 0.278364 0.0274136 0.689573
927.214 359.978 0.287572 -0.086412 0.713235
850.982 295.067 0.269705 -0.0565831 0.740396
656.533 371.103 0.273248 0.0318261 0.694202
766.059 441.001 0.134363 0.00924073 0.503084
811.998 387.222 0.276333 -0.0294282 0.684767
615.183 573.797 0.160763 0.027871 0.508703
595.055 376.188 0.270435 0.0554806 0.688862
656.824 159.501 0.220126 0.0319488 0.788661
871.865 298.556 0.248863 -0.0545086 0.704812
810.828 252.493 0.24877 -0.0368532 0.743874
847.692 251.812 0.267818 -0.0637637 0.778924
815.481 199.365 0.211342 -0.0312384 0.716737
850.427 108.377 0.181523 -0.0441193 0.72979
655.458 64.8676 0.213969 0.0528913 1.10553
828.07 202.056 0.226867 -0.0434291 0.748433
537.206 251.87 0.251416 0.0882873 0.757373
946.719 366.514 0.30495 -0.104655 0.729166
946.022 438.058 0.340538 -0.107299 0.716567
674.46 258.603 0.28052 0.0269018 0.801032
924.039 209.705 0.234889 -0.0890676 0.755217
511.985 304.444 0.240062 0.0834892 0.695059
724.059 261.989 0.294213 -0.00193781 0.820731
829.553 202.109 0.226745 -0.0439897 0.748058
594.492 0.298843 0.15074 0.130151 1.22746
950.938 357.422 0.298413 -0.104797 0.7279
606.349 22.6387 0.178227 0.0982023 1.11097
491.653 413.522 0.248818 0.0812706 0.64514
897.541 221.862 0.259232 -0.0931698 0.79472
957.468 97.6412 0.190144 -0.100363 0.770539
811.966 388.209 0.284961 -0.0316394 0.694113
944.674 213.572 0.245305 -0.107158 0.772929
809.403 200.756 0.218077 -0.0316694 0.730563
686.241 235.626 0.713173 0.202858 2.62952
588.613 448.652 0.3017 0.0608535 0.680926
579.153 113.472 0.169632 0.0499037 0.694549
570.428 293.471 0.233145 0.0602478 0.690333
714.626 16.4736 0.17611 -0.00491003 1.01029
958.339 334.991 0.346786 -0.154222 0.809518
922.59 424.999 0.370729 -0.115344 0.754979
721.035 66.9539 0.20469 -0.00669468 0.94584
839.065 223.282 0.240311 -0.0510467 0.755117
944.209 372.577 0.277459 -0.0846277 0.692264
740.035 331.88 1.07324 -0.144461 1.77452
568.283 56.4213 0.174373 0.0683638 0.794094
943.084 369.754 0.278259 -0.0852717 0.695024
668.779 390.014 -0.0855221 0.0264619 0.208714
762.078 219.114 0.249059 -0.0189354 0.780794
897.065 460.881 0.294361 -0.059394 0.661595
929.246 543.558 0.4287 -0.11724 0.716044
875.604 437.469 0.281584 -0.0495429 0.661558
499.953 399.606 0.382754 0.149533 0.802473
909.085 370.718 0.337641 -0.104441 0.765405
935.371 429.194 0.357665 -0.113933 0.739087
875.826 2.95647 -0.0827405 0.0278253 0.208449
955.124 102.322 0.19328 -0.101606 0.774853
724.935 137.924 -0.126016 -0.183331 3.55013
