617.884 14.9934 0.153562 0.0407631 0.754497
553.753 23.3843 0.156607 0.0657662 0.758413
723.255 6.26959 0.152187 0.00105309 0.759192
549.987 9.57232 0.149801 0.0641248 0.74617
732.814 218.463 0.241791 -0.496902 4.8964
716.84 210.076 -0.100759 -0.134658 5.51428
725.419 139.029 -0.124106 -0.190878 3.58313
723.512 9.12361 0.154662 0.000480231 0.768629
562.403 32.3678 0.0272154 0.446746 2.00414
851.089 101.931 0.180137 -0.0441049 0.728105
502.543 204.771 0.211407 0.0863188 0.716575
554.633 16.3773 0.153796 0.0646423 0.756146
841.946 122.014 0.202263 -0.0528018 0.77518
766.786 199.912 0.222138 -0.015656 0.737938
597.185 249.201 0.254523 0.0612456 0.760704
795.13 248.542 0.262862 -0.0351208 0.771118
958.981 214.458 0.239801 -0.1066 0.755787
882.556 212.422 0.228109 -0.0641512 0.735376
757.923 214.426 0.228409 -0.0121116 0.737623
907.02 251.094 0.279456 -0.102688 0.79582
726.311 246.853 0.254121 6.44075e-05 0.758363
615.957 2.31848 0.147917 0.0402415 0.746056
848.246 248.427 0.266375 -0.063456 0.776173
937.902 203.093 0.227234 -0.0892566 0.741069
666.418 242.198 0.239715 0.0269328 0.736882
594.702 246.563 0.248309 0.0604398 0.751416
510.182 302.515 0.239277 0.0834356 0.692341
814.918 292.401 0.241767 -0.030161 0.696524
514.633 240.538 0.219184 0.0802687 0.702479
515.432 294.219 0.23631 0.0811526 0.693209
871.321 235.901 0.223787 -0.0517921 0.706443
545.864 252.486 0.262864 0.0898323 0.774958
525.841 384.346 0.28366 0.0868474 0.698628
524.133 402.204 0.431191 0.15839 0.846913
878.479 307.424 0.258531 -0.0600193 0.709843
939.816 237.744 0.241117 -0.09109 0.736078
942.625 373.23 0.294177 -0.0934686 0.708976
866.548 236.543 0.232832 -0.0550881 0.723286
945.359 237.576 0.238167 -0.0909274 0.730458
514.715 291.442 0.23155 0.0793621 0.687444
676.24 250.946 0.241582 0.0227588 0.73225
936.606 305.418 0.260427 -0.0854915 0.712749
885.827 308.223 0.252487 -0.0596389 0.700162
889.224 315.747 0.265567 -0.0665791 0.713733
728.684 298.165 0.246724 0.00224515 0.702121
736.587 312.548 0.28538 -0.00443717 0.749199
811.61 239.764 0.23237 -0.0322661 0.721059
530.909 208.19 0.226725 0.0844313 0.746822
812.461 379.24 0.281032 -0.0315048 0.692528
671.429 287.666 0.237171 0.0239809 0.695729
666.713 239.465 0.221211 0.0250531 0.703617
512.218 211.686 0.223041 0.0891136 0.73564
655.275 374.776 0.261613 0.0308153 0.675111
573.352 242.181 0.226057 0.0613194 0.712994
775.457 194.872 0.211704 -0.0165673 0.719025
660.613 297.663 0.231652 0.0272829 0.680471
518.188 450.806 0.293205 0.0857157 0.670438
535.819 438.689 0.317847 0.0893116 0.701341
517.516 299.269 0.240177 0.0816281 0.695825
617.517 10.4758 0.151755 0.0405972 0.7529
579.543 299.738 0.242547 0.0590844 0.697854
865.84 240.489 0.236205 -0.055943 0.726289
726.606 295.844 0.244874 0.0031186 0.700944
865.631 287.442 0.248286 -0.0532774 0.709242
532.468 249.626 0.234671 0.0806175 0.724221
940.292 432.169 0.320241 -0.0940624 0.69869
590.369 440.967 0.306497 0.0615614 0.687559
864.563 189.492 0.212835 -0.0520529 0.724213
534.006 384.251 0.289285 0.0857843 0.705205
798.651 244.946 0.253065 -0.0337963 0.756066
593.13 373.234 0.267976 0.0554707 0.685093
867.839 376.727 0.288349 -0.0574023 0.701519
954.375 364.885 0.295964 -0.101971 0.716602
845.605 100.849 0.181121 -0.0431719 0.732902
724.321 237.171 0.211661 0.00467848 0.68586
943.448 428.484 0.342798 -0.109148 0.722649
812.959 434.614 0.310418 -0.0336479 0.690444
903.081 211.88 0.246924 -0.0881857 0.775787
667.822 319.479 0.579453 0.0792189 1.17498
854.56 147.819 -0.0795836 0.0272844 0.21377
920.858 244.556 0.277141 -0.110988 0.798662
936.046 362.193 0.282667 -0.0861472 0.702761
537.684 168.245 0.224336 0.0896194 0.788278
797.658 249.956 0.262263 -0.0359164 0.768416
690.158 319.586 0.52774 0.0337967 1.09698
734.203 519.528 0.179697 0.0107327 0.534255
956.718 304.463 0.266583 -0.0987341 0.722116
668.489 384.025 0.278794 0.0271387 0.689988
930.596 357.624 0.28478 -0.0861508 0.708579
851.094 291.493 0.269599 -0.0568089 0.740125
656.748 367.706 0.272365 0.0315373 0.692622
765.893 431.333 0.135452 0.00888937 0.504266
811.849 382.744 0.27722 -0.02986 0.685922
616.713 563.807 0.161752 0.0275986 0.509636
595.693 372.224 0.270763 0.0552616 0.689102
656.956 156 0.219844 0.0317258 0.788
870.636 295.283 0.251035 -0.055251 0.707603
810.964 248.831 0.248488 -0.0370122 0.743315
847.533 248.647 0.268183 -0.0640662 0.77938
816.279 195.414 0.210617 -0.0314234 0.715019
850.402 104.469 0.181484 -0.0442932 0.729525
655.587 62.8864 0.214245 0.0527445 1.10625
828.209 198.403 0.226752 -0.0436425 0.748107
537.255 248.355 0.250906 0.0879715 0.756387
949.45 363.448 0.302407 -0.104401 0.725515
946.941 434.685 0.339402 -0.107347 0.71516
674.307 254.501 0.277244 0.0266022 0.795902
923.732 206.26 0.235119 -0.0893496 0.755506
513.111 300.467 0.240472 0.0832639 0.695558
724.231 259.029 0.294186 -0.00215566 0.820576
829.33 198.778 0.227191 -0.0442835 0.748675
950.714 353.448 0.298503 -0.105153 0.728163
606.269 20.0715 0.178081 0.0980169 1.1104
492.909 408.893 0.249339 0.081101 0.64559
895.172 219.286 0.260838 -0.0932581 0.797361
958.298 93.6481 0.189544 -0.100193 0.768718
810.105 380.1 0.295074 -0.0342896 0.708464
811.21 196.729 0.215704 -0.0315721 0.725314
685.742 235.418 0.71659 0.206543 2.62225
588.237 445.85 0.300253 0.0605414 0.678679
577.742 109.029 0.169187 0.0500381 0.693311
569.626 290.024 0.232312 0.060119 0.688464
714.746 14.8808 0.176836 -0.00519629 1.01226
957.595 332.077 0.34761 -0.154708 0.810467
922.313 421.643 0.370932 -0.115613 0.755105
721.126 64.1268 0.204599 -0.0068755 0.945553
843.169 219.919 0.234273 -0.0496887 0.742133
943.223 368.338 0.278239 -0.0850552 0.693246
740.067 330.867 1.07231 -0.144261 1.77423
564.839 46.0315 0.169777 0.067529 0.784468
943.37 366.187 0.277951 -0.0854085 0.694261
675.652 389.237 -0.0859442 0.0261866 0.207634
762.244 215.678 0.248818 -0.0191305 0.780312
893.848 455.124 0.298953 -0.0604842 0.666515
928.996 539.521 0.428756 -0.117575 0.716231
876.8 434.5 0.281968 -0.0502141 0.661076
501.179 396.633 0.38355 0.149386 0.80324
908.877 367.369 0.337864 -0.104753 0.765636
936.182 425.746 0.35596 -0.113701 0.737326
876.443 5.13155 -0.0828529 0.0274849 0.207861
901.102 204.415 0.209048 -0.0595928 0.701744
946.744 430.77 0.31548 -0.0946168 0.694794
717.633 64.1856 0.217371 -0.0124071 1.13846
578.027 375.624 -0.0255171 0.0208203 0.295422
695.973 371.81 -0.0847413 0.0262324 0.209234
667.848 336.59 -0.0918551 0.0266686 0.198464
698.706 151.802 -0.0765201 0.0258509 0.217879
930.005 500.427 0.373852 -0.101522 0.702892
955.213 515.646 0.319816 -0.0842149 0.653183
903.995 428.252 0.369472 -0.102395 0.749077
954.201 600.289 0.357937 -0.0872258 0.640917
801.119 367.841 0.27449 -0.0263513 0.692069
932.239 500.883 0.379796 -0.105416 0.706994
903.091 369.564 0.358 -0.112645 0.787245
889.032 319.398 0.322971 -0.0991381 0.792466
843.953 202.342 0.226223 -0.0492123 0.742367
649.832 58.2325 0.204704 0.0480086 0.998355
810.816 201.779 0.224877 -0.0347066 0.740916
956.1 98.3154 0.192668 -0.101529 0.773103
724.992 136.724 -0.126141 -0.183515 3.54951
