722.638 264.451 0.198684 -0.0113061 0.969081
627.908 266.068 0.198476 0.0648485 0.969794
814.512 232.587 0.172853 -0.0821963 0.967973
803.895 175.648 0.131873 -0.072088 0.977406
720.295 100.204 0.0812027 -0.0112058 0.988696
911.522 95.6106 0.0807894 -0.144022 0.986197
549.08 186.532 0.134676 0.116017 0.975004
601.231 107.092 0.0827489 0.0712332 0.982432
647.999 104.683 0.0833728 0.0398325 0.991097
549.071 186.339 0.134375 0.115821 0.9745
493.958 119.726 0.0919415 0.153248 0.997121
891.706 152.066 0.1214 -0.141354 0.996714
754.975 237.795 0.176819 -0.0366636 0.969903
811.557 232.997 0.178723 -0.0830444 0.981073
504.418 159.147 0.122546 0.157657 1.00787
721.413 92.469 0.0764628 -0.0120678 0.989931
647.431 98.6241 0.078865 0.0394428 0.987396
918.98 125.859 0.0923858 -0.13778 0.948027
806.589 175.806 0.150993 -0.0881754 1.04303
486.309 31.5355 0.0380492 0.152153 1.01912
868.629 237.379 0.180627 -0.127 0.974201
775.66 263.849 0.200083 -0.054169 0.970701
601.92 102.738 0.080437 0.0709077 0.985169
775.214 264.269 0.200839 -0.0539515 0.971475
887.363 243.86 0.193139 -0.149113 0.988664
896.195 148.818 0.116606 -0.140421 0.986745
530.656 218.73 0.0895005 0.0744034 0.805569
587.576 266.774 0.203671 0.1006 0.980684
572.166 242.114 0.174421 0.103835 0.96448
585.287 268.279 0.192797 0.0951819 0.956416
816.424 264.178 0.198132 -0.0856249 0.964559
894.828 238.688 0.178499 -0.144362 0.965761
818.05 262.457 0.195174 -0.0859916 0.961619
489.318 115.441 0.0881486 0.15375 0.99232
818.627 265.077 0.197447 -0.0866802 0.961574
750.522 236.109 0.172941 -0.0326509 0.964386
888.762 293.664 0.231379 -0.152221 0.97228
889.393 157.333 0.126011 -0.141419 0.999557
779.086 265.594 0.19705 -0.0555102 0.961521
778.289 263.176 0.192354 -0.0539293 0.956412
783.799 265.289 0.192283 -0.057624 0.952506
722.766 264.272 0.198135 -0.0113888 0.968299
721.951 267.074 0.196585 -0.0105143 0.960402
796.048 232.068 0.172207 -0.0679871 0.968302
496.14 118.824 0.0923805 0.153901 1.00284
541.531 214.187 0.154309 0.124865 0.97141
715.226 44.562 0.0532478 -0.0108506 1.14676
530.425 190.918 0.115096 0.1056 0.907748
726.115 431.724 0.171086 -0.00668208 0.759837
623.994 267.073 0.193331 0.0655628 0.957959
638.69 483.849 0.109653 0.0202331 0.67389
680.433 267.012 0.180459 0.0197986 0.930615
604.174 108.955 0.0858385 0.0715303 0.993234
829.371 246.22 0.187562 -0.0968983 0.974562
851.742 458.795 0.505227 -0.180987 1.01325
682.758 267.08 0.19459 0.0200234 0.958057
716.306 34.9819 0.0447839 -0.0127251 1.18444
587.712 373.854 0.482583 0.208963 1.16444
502.319 352.236 0.282216 0.189928 0.970364
899.368 165.316 0.129955 -0.147026 0.991345
871.719 263.688 0.201489 -0.131682 0.969726
864.525 349.455 0.267483 -0.128938 0.942954
830.17 311.213 0.214256 -0.0885573 0.920571
858.704 310.656 0.250534 -0.13111 0.976607
501.807 151.165 0.115626 0.156362 1.00395
638.339 316.285 0.229437 0.0565681 0.943323
886.032 294.772 0.238244 -0.154639 0.982065
587.566 559.928 0.393702 0.102639 0.84077
761.668 236.001 0.169791 -0.0402779 0.956855
837.401 462.749 0.10753 -0.0356881 0.678101
620.086 268.324 0.192412 0.067891 0.954189
778.942 305.926 0.223829 -0.0547578 0.9448
544.644 472.345 0.10396 0.0456032 0.673439
924.487 212.216 0.165193 -0.171878 0.985092
920.561 215.647 0.171702 -0.17414 0.994766
854.387 239.046 0.180423 -0.114896 0.971204
879.719 351.156 0.280065 -0.148461 0.956191
599.936 365.424 0.140989 0.0461353 0.76986
581.294 266.13 0.190477 0.0976771 0.955609
905.745 101.085 0.0863597 -0.145586 0.998925
582.934 379.36 0.143281 0.0526417 0.763666
754.2 629.675 0.0794265 -0.00740153 0.604569
880.804 259.407 0.203275 -0.14291 0.980614
586.278 306.697 0.225904 0.0995735 0.953881
877.333 348.095 0.2816 -0.148785 0.962604
818.709 264.872 0.192456 -0.0842704 0.952158
844.339 351.525 0.353543 -0.15561 1.04922
921.682 213.959 0.169758 -0.174037 0.993376
770.05 312.425 0.239094 -0.0502521 0.95938
736.031 359.313 0.170463 -0.0134805 0.810343
884.37 309.46 0.236122 -0.14364 0.955151
584.627 309.043 0.226607 0.100495 0.951498
801.232 176.561 0.134237 -0.0713048 0.983149
724.525 360.992 0.267027 -0.0111446 0.931504
645.868 315.951 0.28546 0.0670429 1.03038
680.525 264.667 0.196919 0.0223079 0.966943
682.1 305.965 0.225948 0.022036 0.951595
745.371 249.037 0.18512 -0.029197 0.967754
890.706 237.128 0.176073 -0.139918 0.963396
865.366 372.561 0.150079 -0.0676469 0.772203
807.733 458.185 0.140781 -0.0338224 0.713741
723.151 424.138 0.182524 -0.00581147 0.776657
906.708 101.335 0.0856519 -0.144248 0.993582
615.664 616.957 0.0807836 0.0191054 0.609266
876.426 310.33 0.34698 -0.221757 1.1265
649.436 474.767 0.100343 0.0163539 0.667951
711.776 185.032 0.137137 -0.00395995 0.977197
627.567 305.705 0.227634 0.0668326 0.956721
884.19 531.148 0.176345 -0.0642287 0.710485
822.932 312.757 0.242838 -0.0955541 0.96273
853.479 528.541 0.0613218 -0.0259642 0.612227
662.024 364.47 0.168515 0.0236343 0.805057
758.818 620.22 0.080223 -0.00845022 0.607298
584.739 308.447 0.22552 0.100021 0.950642
784.766 178.521 0.16621 -0.0777121 1.09234
800.005 172.839 0.126944 -0.0672437 0.968027
672.081 315.819 0.227132 0.0294076 0.939281
587.879 3.13625 0.0227016 0.0755826 1.0059
877.204 349.951 0.285752 -0.150344 0.965237
623.141 264.607 0.189179 0.0650929 0.953905
588.208 362.13 0.272643 0.103332 0.941243
789.424 545.242 0.282212 -0.0431863 0.780575
661.264 360.274 0.171084 0.0245968 0.81182
747.472 487.49 0.107836 -0.00986056 0.669807
897.739 166.342 0.131497 -0.147083 0.994188
596.981 14.9981 0.0302244 0.081442 1.06265
552.276 186.149 0.136034 0.115332 0.9801
938.338 489.24 0.0997411 -0.0581668 0.659774
902.489 8.53664 0.0306706 -0.145691 1.03806
782.126 232.2 0.158294 -0.0520689 0.936352
540.203 217.587 0.153483 0.122992 0.96229
589.983 302.478 0.218702 0.0941763 0.948343
730.388 312.662 0.233523 -0.0168 0.951786
815.897 395.572 0.317989 -0.0936156 0.942375
820.18 379.301 0.112375 -0.0374014 0.721831
839.5 235.133 0.175119 -0.101547 0.96724
908.96 456.659 0.109875 -0.0571532 0.682242
789.38 360.928 0.17162 -0.040505 0.809471
687.401 297.442 0.209648 0.0164787 0.937287
675.969 338.953 0.604426 0.100461 1.41404
570.476 243.661 0.173282 0.103606 0.95911
778.462 303.328 0.231434 -0.057026 0.961025
811.457 377.607 0.1447 -0.0424966 0.763025
671.886 318.195 0.247839 0.0328209 0.967513
564.775 243.008 0.167281 0.103725 0.947009
940.769 508.398 0.210507 -0.103878 0.74821
793.047 315.456 0.58458 -0.226283 1.48396
656.625 116.929 0.104918 0.0429485 1.07205
932.195 486.661 0.101403 -0.0574683 0.662325
628.5 597.625 0.0977124 0.0189192 0.627372
675.846 314.639 0.232437 0.0273441 0.949079
673.081 510.111 -0.182783 0.00289194 0.320098
775.928 342.837 0.556235 -0.141798 1.32819
729.09 352.799 0.264583 -0.0151972 0.939034
620.706 299.645 0.211539 0.0676357 0.939545
626.372 307.212 0.222233 0.0655099 0.9457
822.147 538.31 0.170057 -0.0393406 0.703015
504.393 167.887 0.128157 0.157708 1.00384
857.251 342.762 0.270055 -0.126973 0.955868
821.784 303.392 0.219693 -0.0871452 0.940398
773.154 352.968 0.257285 -0.0498989 0.92806
480.606 290.124 0.212016 0.183508 0.960392
718.835 51.883 0.0515714 -0.010574 0.989686
649.771 475.672 0.104147 0.0166744 0.671432
543.413 476.889 0.102442 0.0451884 0.670205
638.932 485.035 0.109316 0.0200923 0.673111
673.347 318.557 0.519199 0.0939545 1.38205
917.605 215.831 0.175482 -0.176418 1.00435
657.155 80.2103 0.081876 0.0482885 1.15176
485.906 11.0672 0.0256011 0.141357 0.998567
617.926 634.975 0.0780452 0.0180413 0.603042
713.388 9.91186 0.0252874 -0.00991363 1.1684
824.696 486.249 0.110891 -0.0315309 0.672533
481.774 114.815 0.0835888 0.149241 0.969898
809.873 304.694 0.266161 -0.0973111 1.01363
666.941 377.336 0.146237 0.0180057 0.767371
717.145 100.598 0.103736 -0.0192214 1.52882
489.045 222.487 -0.210044 0.00268837 0.272612
902.434 80.8231 0.0903409 -0.228258 1.21519
721.696 313.94 0.588542 -0.0239489 1.50731
750.097 630.688 0.0784059 -0.0065688 0.60358
727.643 439.498 0.164999 -0.006975 0.748922
878.954 276.659 0.236593 -0.158412 1.01248
827.502 248.656 0.191273 -0.0966413 0.978074
815.978 263.981 0.205026 -0.0888727 0.97856
592.301 15.9017 0.0304102 0.0775133 1.02497
864.561 264.762 0.212923 -0.134071 0.990608
720.135 100.675 0.0823088 -0.0112132 0.993699
603.22 112.799 0.088437 0.0726611 0.993644
646.983 108.123 0.0852574 0.0405238 0.989068
680.309 264.761 0.197564 0.0225717 0.968077
501.585 151.918 0.116042 0.156434 1.00338
551.092 188.233 0.137845 0.116835 0.980954
