721.634 262.19 0.198237 -0.0115119 0.966734
626.017 263.365 0.198436 0.0644178 0.96853
814.707 230.263 0.17229 -0.0820802 0.96502
803.685 172.57 0.132006 -0.0720091 0.975998
719.728 95.7262 0.0810531 -0.0114249 0.985439
913.854 91.5253 0.0802252 -0.1432 0.981218
546.445 182.664 0.134742 0.115423 0.973447
599.125 102.308 0.0828168 0.0707789 0.980325
646.451 100.011 0.0831958 0.0393637 0.987765
546.05 182.487 0.134016 0.115021 0.971533
490.508 114.811 0.0918431 0.152241 0.994218
892.423 149.127 0.121663 -0.141271 0.995647
755.171 235.204 0.176547 -0.037405 0.967907
821.566 234.844 0.162703 -0.079997 0.934567
501.447 154.964 0.122552 0.156731 1.00574
720.607 88.1133 0.0767472 -0.0121414 0.988517
646.551 93.9511 0.0788992 0.038603 0.984777
920.829 122.214 0.0921808 -0.137431 0.945149
806.544 173.109 0.151416 -0.0883459 1.04257
482.921 25.3594 0.0382085 0.151141 1.01605
869.346 235.263 0.180069 -0.126682 0.97144
775.248 261.793 0.199524 -0.0541807 0.968076
600.288 97.961 0.0804423 0.0700159 0.982373
774.785 262.139 0.200481 -0.0540362 0.969398
888.522 242.08 0.192144 -0.14846 0.984734
897.708 145.632 0.116403 -0.140286 0.984205
525.863 214.503 0.088842 0.073615 0.801978
585.231 264.139 0.203238 0.0998589 0.97837
569.611 239.044 0.174109 0.103096 0.962228
583.354 265.3 0.193306 0.0947141 0.9564
816.748 262.395 0.196847 -0.0853039 0.960221
895.368 236.673 0.178259 -0.143904 0.963687
818.269 260.626 0.194177 -0.0857135 0.957869
485.791 110.418 0.0880634 0.152734 0.989422
819.106 263.241 0.196176 -0.0864782 0.957378
749.922 233.628 0.172283 -0.0327252 0.961183
889.585 292.224 0.230382 -0.151758 0.969351
890.661 154.383 0.125708 -0.141021 0.996522
778.984 263.402 0.196537 -0.0557798 0.959216
778.078 261.181 0.191258 -0.0538761 0.952503
782.946 263.268 0.191826 -0.0572526 0.950002
721.885 261.909 0.197921 -0.0117076 0.966582
721.298 265.062 0.195151 -0.0109564 0.955681
795.604 229.583 0.172286 -0.0679445 0.967054
492.042 113.787 0.0918466 0.152568 0.998019
537.484 210.682 0.15319 0.124016 0.966739
714.937 40.774 0.0539058 -0.0111046 1.14667
528.54 186.388 0.116108 0.105317 0.909344
724.195 429.114 0.173821 -0.00702861 0.762427
622.136 264.307 0.1934 0.065091 0.95692
634.764 483.038 0.109337 0.019859 0.672298
678.639 264.467 0.180105 0.0196312 0.928471
602.016 104.197 0.0857096 0.0709832 0.990262
829.837 244.094 0.187049 -0.0969217 0.971956
857.16 465.11 0.478666 -0.174135 0.98499
681.04 264.608 0.194197 0.0198925 0.955949
715.987 31.7281 0.0457553 -0.0129041 1.18654
576.587 376.049 0.445203 0.198075 1.11577
497.475 350.848 0.27913 0.187876 0.964329
901.012 162.429 0.129379 -0.146484 0.987534
872.139 261.779 0.201287 -0.131577 0.968114
864.806 348.659 0.265925 -0.128255 0.939519
830.264 309.584 0.21353 -0.0884875 0.918203
859.589 309.398 0.249122 -0.130907 0.973076
498.456 146.787 0.115514 0.155511 1.00142
635.941 314.603 0.227926 0.0559871 0.939203
886.587 293.425 0.237286 -0.153994 0.979138
538.988 638.276 0.27792 0.084624 0.729385
761.161 233.609 0.168911 -0.0402109 0.952991
836.554 462.318 0.107223 -0.0356827 0.676432
617.931 265.81 0.191693 0.0671823 0.95115
778.258 304.212 0.223259 -0.054688 0.942601
539.584 470.437 0.103862 0.0450663 0.672267
925.783 209.964 0.164911 -0.171579 0.982915
921.208 213.483 0.171786 -0.173855 0.993575
854.529 236.87 0.180243 -0.114618 0.969369
881.415 350.952 0.276586 -0.147348 0.949628
597.444 364.766 0.14191 0.045465 0.768579
578.77 263.375 0.190178 0.0970189 0.953533
907.341 97.3554 0.0860957 -0.144822 0.995109
579.185 377.255 0.142841 0.0520798 0.761735
750.898 631.17 0.0793063 -0.00755206 0.603396
881.478 257.632 0.202696 -0.142519 0.978023
583.588 304.359 0.225256 0.0989577 0.951623
877.624 347.23 0.279922 -0.147897 0.959231
818.855 262.979 0.191611 -0.084044 0.948842
849.131 351.827 0.33479 -0.150283 1.02269
923.102 211.811 0.169297 -0.173602 0.990621
769.383 310.858 0.238301 -0.0502352 0.956813
735.166 358.958 0.168875 -0.0138321 0.805826
884.883 308.136 0.235104 -0.143057 0.952325
581.891 306.932 0.225606 0.099624 0.948364
801.318 173.51 0.133999 -0.0712205 0.980501
723.262 359.814 0.265716 -0.0113349 0.928535
636.976 313.111 0.250687 0.0626121 0.976943
679.022 262.321 0.196264 0.0219554 0.964067
680.333 303.795 0.225723 0.0219153 0.950216
744.641 246.646 0.184653 -0.0293138 0.965253
891.556 235.07 0.175536 -0.139442 0.960621
865.539 371.805 0.14936 -0.0673884 0.769562
805.661 456.912 0.143254 -0.0341395 0.715286
721.209 422.187 0.184584 -0.00608063 0.778191
908.558 97.5229 0.0853985 -0.143761 0.990069
610.362 617.402 0.0807143 0.0187321 0.608218
876.809 309.562 0.345861 -0.220961 1.1234
645.824 474.581 0.0998938 0.0159157 0.66591
710.909 181.741 0.136765 -0.00423863 0.974214
625.738 303.475 0.227283 0.0661588 0.954973
881.775 529.167 0.17911 -0.0646584 0.712735
822.689 311.324 0.242288 -0.0953574 0.960629
849.573 525.822 0.0652937 -0.0264348 0.615451
659.695 362.585 0.168027 0.023214 0.803079
755.525 617.635 0.083921 -0.00885025 0.609992
581.731 306.253 0.22452 0.099391 0.947622
784.58 176.01 0.166671 -0.0779014 1.09198
800.207 169.602 0.126643 -0.067234 0.965248
670.366 313.941 0.226383 0.0289951 0.93674
878.71 349.647 0.282322 -0.149192 0.95885
621.025 261.948 0.188665 0.0645097 0.951416
585.338 360.323 0.271556 0.102705 0.938898
772.399 494.896 0.38926 -0.0532646 0.891402
658.823 359.02 0.170058 0.0241276 0.808593
744.991 486.454 0.1077 -0.0100073 0.668608
898.585 163.561 0.131463 -0.146694 0.99216
548.752 182.323 0.13517 0.114412 0.975533
938.754 490.051 0.0993778 -0.0578772 0.65789
904.374 3.61523 0.0307834 -0.145092 1.03446
783.424 229.604 0.157089 -0.0528661 0.931871
539.458 213.914 0.154675 0.122088 0.964032
586.425 300.184 0.217451 0.0939109 0.944909
729.561 310.92 0.232874 -0.0171699 0.949464
816.114 395.507 0.314844 -0.0931965 0.937258
818.272 375.059 0.116604 -0.0383634 0.727126
839.953 232.983 0.17419 -0.101051 0.963359
911.183 455.56 0.109633 -0.0576681 0.680934
788.78 359.505 0.171021 -0.0406223 0.807269
685.9 295.399 0.209222 0.0161445 0.93511
673.731 338.645 0.5831 0.0974928 1.38323
567.585 240.535 0.172959 0.103101 0.956937
810.733 376.148 0.144289 -0.042497 0.761151
670.406 316.478 0.24624 0.0321128 0.963641
563.725 239.207 0.169105 0.103661 0.950676
940.044 509.415 0.211073 -0.103562 0.7473
655.505 113.554 0.106012 0.0430055 1.07397
933.607 488.804 0.100714 -0.0572167 0.65964
625.362 592.583 0.101802 0.0188243 0.63102
776.907 342.392 0.54181 -0.139945 1.30846
727.82 351.716 0.262921 -0.0152615 0.935342
618.185 297.377 0.210995 0.0672797 0.937256
624.729 304.628 0.222841 0.065076 0.945987
764.284 418.804 0.497112 -0.0747379 1.07423
500.577 163.675 0.127621 0.156682 1.00013
857.465 341.792 0.26851 -0.126347 0.952542
772.723 351.933 0.255894 -0.0500295 0.924785
646.484 475.937 0.10351 0.0161302 0.669051
538.028 474.763 0.102407 0.0447551 0.669197
634.621 484.834 0.108828 0.0197834 0.671136
671.355 317.248 0.50484 0.0919036 1.3601
916.857 214.831 0.177696 -0.176735 1.00626
656.116 75.7506 0.0816159 0.0477166 1.1474
482.197 4.01775 0.0255569 0.140045 0.994371
612.298 639.875 0.0774143 0.017577 0.600688
713.15 4.76048 0.0253913 -0.0100848 1.16409
809.528 303.265 0.265666 -0.0971322 1.01165
664.336 378.295 0.144098 0.0173708 0.761486
717.055 97.7962 0.103768 -0.019426 1.52483
902.58 80.19 0.0928001 -0.229252 1.21782
721.277 312.497 0.575274 -0.0242022 1.48855
745.834 625.894 0.0825632 -0.00682973 0.607102
725.508 435.152 0.169099 -0.00733342 0.753874
880.054 275.256 0.235718 -0.158247 1.00936
828.494 246.332 0.191278 -0.0975337 0.977039
668.361 200.408 -0.173288 0.00251545 0.323842
663.003 218.053 -0.175449 0.00249521 0.321088
899.171 111.083 0.100533 -0.152701 1.02622
639.394 274.008 -0.190184 0.00270482 0.300605
562.373 0.304928 0.0197156 0.0663955 0.89703
803.803 173.777 0.133842 -0.0728159 0.979191
728.452 311.87 0.23086 -0.0160909 0.944955
742.118 488.756 0.107037 -0.00916124 0.667157
612.793 634.489 0.0781633 0.0176657 0.602419
781.712 233.034 0.166201 -0.0542743 0.947026
598.282 107.1 0.0863477 0.0724108 0.983311
720.036 186.966 0.148374 -0.0114373 0.998097
719.889 186.957 0.148374 -0.0113221 0.998128
936.938 68.3634 0.0579458 -0.131505 0.922186
862.008 233.695 0.173715 -0.116749 0.960107
923.203 415.572 0.338632 -0.191992 0.933555
909.899 170.274 0.134244 -0.15283 0.983856
672.747 339.822 0.575224 0.0972165 1.36841
589.915 17.3949 0.0352068 0.0800106 1.03244
666.107 118.733 0.130346 0.0521919 1.25685
875.559 237.356 0.178554 -0.128909 0.963843
614.838 76.5447 0.079693 0.0818106 1.11193
816.241 262.148 0.204122 -0.088731 0.975141
590.512 10.1176 0.0307352 0.0769912 1.02294
865.102 263.102 0.212187 -0.133633 0.987627
719.448 96.2421 0.0822034 -0.0113516 0.990694
601.229 108.239 0.0885806 0.0722224 0.991787
645.491 103.581 0.0852406 0.0400777 0.986403
678.985 262.225 0.197499 0.0221873 0.966728
498.67 147.608 0.116203 0.155686 1.00182
548.27 184.441 0.137609 0.116076 0.978411
