720.948 260.927 0.199263 -0.0116723 0.970722
624.273 261.835 0.199462 0.0642574 0.972517
815.104 228.878 0.173316 -0.0822406 0.969007
804.126 170.463 0.133032 -0.0721695 0.979985
719.437 92.3645 0.0820789 -0.0115853 0.989427
915.732 88.7387 0.081251 -0.143361 0.985206
543.912 179.849 0.135767 0.115263 0.977434
597.383 98.5939 0.0838426 0.0706185 0.984313
645.299 96.4744 0.0842215 0.0392033 0.991753
543.505 179.658 0.135042 0.114861 0.975521
487.471 110.994 0.0928688 0.152081 0.998205
893.849 147.115 0.122689 -0.141431 0.999634
754.915 233.71 0.177573 -0.0375653 0.971895
822.044 233.393 0.163729 -0.0801574 0.938554
498.545 151.796 0.123578 0.156571 1.00972
720.347 84.6702 0.077773 -0.0123018 0.992505
645.407 90.3108 0.079925 0.0384426 0.988765
922.768 119.612 0.0932066 -0.137591 0.949137
806.991 171.336 0.152442 -0.0885063 1.04656
480.006 20.3943 0.0392343 0.150981 1.02004
870.289 234.137 0.181095 -0.126842 0.975428
775.138 260.693 0.20055 -0.054341 0.972063
598.574 94.2034 0.081468 0.0698555 0.986361
774.67 261.046 0.201507 -0.0541966 0.973386
889.612 241.15 0.19317 -0.14862 0.988722
899.222 143.528 0.117429 -0.140447 0.988192
522.011 210.806 0.0898678 0.0734546 0.805965
583.052 262.532 0.204264 0.0996985 0.982357
567.232 237.003 0.175135 0.102936 0.966215
581.076 263.62 0.194332 0.0945537 0.960388
817.074 261.397 0.197873 -0.0854642 0.964209
896.586 235.611 0.179285 -0.144065 0.967675
818.619 259.601 0.195203 -0.0858739 0.961856
482.678 106.494 0.0890892 0.152574 0.993409
819.456 262.249 0.197202 -0.0866386 0.961366
749.609 232.068 0.173309 -0.0328856 0.96517
890.541 291.832 0.231407 -0.151918 0.973338
892.05 152.437 0.126734 -0.141182 1.00051
778.908 262.298 0.197563 -0.0559402 0.963203
777.998 260.02 0.192284 -0.0540365 0.95649
782.913 262.138 0.192851 -0.0574129 0.95399
721.202 260.643 0.198947 -0.011868 0.97057
720.588 263.791 0.196177 -0.0111168 0.959669
795.799 228.139 0.173312 -0.0681049 0.971042
489.043 109.983 0.0928724 0.152407 1.00201
534.777 208.183 0.154216 0.123856 0.970727
714.875 37.5955 0.0549316 -0.011265 1.15066
525.476 183.183 0.117134 0.105157 0.913332
722.839 429.355 0.174847 -0.007189 0.766415
620.312 262.732 0.194426 0.0649306 0.960907
631.318 483.45 0.110363 0.0196986 0.676286
677.401 262.945 0.18113 0.0194708 0.932459
600.336 100.585 0.0867353 0.0708228 0.99425
830.346 242.957 0.188075 -0.0970821 0.975943
857.211 466.412 0.479692 -0.174295 0.988978
679.884 263.212 0.195223 0.0197321 0.959937
715.986 28.6266 0.0467811 -0.0130645 1.19053
574.548 375.878 0.446228 0.197915 1.11976
494.137 350.009 0.280156 0.187716 0.968317
902.496 160.57 0.130405 -0.146644 0.991522
873.028 260.971 0.202313 -0.131737 0.972102
865.376 348.766 0.266951 -0.128416 0.943506
830.625 309.055 0.214556 -0.0886479 0.92219
860.19 309.127 0.250148 -0.131068 0.977063
495.51 143.476 0.11654 0.15535 1.0054
634.139 313.647 0.228951 0.0558267 0.943191
887.493 293.069 0.238312 -0.154155 0.983126
760.968 232.046 0.169936 -0.0403712 0.956979
837.023 462.883 0.108248 -0.0358431 0.68042
616.039 264.22 0.192719 0.067022 0.955138
778.062 303.551 0.224285 -0.0548484 0.946589
534.277 470.33 0.104887 0.0449059 0.676254
927.357 208.754 0.165937 -0.17174 0.986903
922.699 212.349 0.172812 -0.174015 0.997563
855.319 235.709 0.181269 -0.114778 0.973357
882.125 351.154 0.277612 -0.147508 0.953616
594.286 363.619 0.142936 0.0453047 0.772566
576.431 261.644 0.191204 0.0968585 0.957521
909.098 94.7192 0.0871215 -0.144982 0.999097
575.671 376.223 0.143867 0.0519194 0.765722
749.201 634.709 0.0803321 -0.00771244 0.607384
882.457 256.84 0.203722 -0.14268 0.982011
581.239 303.161 0.226282 0.0987973 0.955611
878.292 347.402 0.280948 -0.148058 0.963218
819.209 261.949 0.192637 -0.0842044 0.95283
849.445 352.079 0.335816 -0.150443 1.02668
924.624 210.65 0.170323 -0.173763 0.994608
769.079 310.296 0.239327 -0.0503955 0.9608
734.211 358.343 0.169901 -0.0139925 0.809813
885.77 307.864 0.23613 -0.143217 0.956313
579.508 305.752 0.226632 0.0994637 0.952351
801.729 171.431 0.135025 -0.0713809 0.984489
722.324 359.632 0.266741 -0.0114952 0.932523
635.288 312.249 0.251713 0.0624517 0.98093
677.863 260.921 0.19729 0.0217951 0.968054
679.078 302.868 0.226749 0.0217549 0.954204
744.241 245.253 0.185679 -0.0294742 0.969241
892.746 233.963 0.176561 -0.139602 0.964608
866.435 371.537 0.150386 -0.0675488 0.77355
805.49 457.592 0.14428 -0.0342998 0.719274
719.858 422.381 0.185609 -0.00624101 0.782179
910.339 94.8598 0.0864243 -0.143921 0.994056
605.399 620.276 0.0817401 0.0185717 0.612206
877.382 309.636 0.346887 -0.221121 1.12739
642.552 474.784 0.10092 0.0157553 0.669897
710.3 179.446 0.13779 -0.00439901 0.978202
623.883 302.4 0.228309 0.0659984 0.95896
882.591 531.285 0.180136 -0.0648188 0.716722
822.93 310.933 0.243314 -0.0955178 0.964617
850.485 527.127 0.0663195 -0.0265952 0.619438
657.659 361.799 0.169052 0.0230536 0.807067
753.981 620.892 0.0849468 -0.00901064 0.61398
579.344 305.061 0.225545 0.0992306 0.951609
784.803 174.387 0.167697 -0.0780618 1.09597
800.623 167.384 0.127668 -0.0673944 0.969235
668.951 313.068 0.227408 0.0288347 0.940727
879.381 349.847 0.283348 -0.149353 0.962837
619.176 260.318 0.189691 0.0643493 0.955404
582.888 359.788 0.272582 0.102545 0.942885
771.625 496.322 0.390285 -0.053425 0.895389
656.803 358.207 0.171083 0.0239672 0.812581
743.656 487.199 0.108726 -0.0101677 0.672595
900.031 161.733 0.132489 -0.146854 0.996147
546.255 179.522 0.136196 0.114251 0.97952
941.221 491.287 0.100404 -0.0580376 0.661878
906.34 0.00143051 0.0318092 -0.145253 1.03844
783.489 227.951 0.158115 -0.0530265 0.935858
536.759 211.453 0.155701 0.121928 0.96802
584.091 298.92 0.218477 0.0937505 0.948896
728.828 310.222 0.233899 -0.0173302 0.953451
816.053 396.003 0.315869 -0.0933569 0.941246
818.543 374.365 0.117629 -0.0385237 0.731114
840.61 231.703 0.175216 -0.101212 0.967346
913.024 456.232 0.110659 -0.0578285 0.684922
788.564 359.057 0.172046 -0.0407827 0.811257
684.696 294.331 0.210248 0.0159841 0.939098
672.868 338.558 0.584126 0.0973324 1.38722
565.158 238.484 0.173985 0.102941 0.960925
810.82 375.74 0.145315 -0.0426574 0.765139
669.043 315.717 0.247266 0.0319524 0.967629
561.23 237.099 0.170131 0.103501 0.954664
941.581 511.423 0.212099 -0.103722 0.751288
654.596 110.7 0.107037 0.0428451 1.07796
935.957 490.017 0.10174 -0.0573771 0.663628
621.114 595.036 0.102828 0.0186639 0.635008
776.651 342.589 0.542836 -0.140106 1.31244
726.958 351.465 0.263947 -0.0154219 0.93933
616.2 296.143 0.212021 0.0671194 0.941243
622.835 303.536 0.223866 0.0649156 0.949975
763.697 419.477 0.498138 -0.0748983 1.07821
497.629 160.592 0.128647 0.156522 1.00412
857.966 341.831 0.269536 -0.126508 0.95653
772.337 351.784 0.25692 -0.0501899 0.928773
643.251 476.203 0.104536 0.0159698 0.673039
532.64 474.714 0.103433 0.0445947 0.673184
631.159 485.274 0.109854 0.019623 0.675124
670.499 316.995 0.505866 0.0917433 1.36409
918.272 213.752 0.178722 -0.176896 1.01025
655.407 72.7692 0.0826417 0.0475563 1.15139
713.172 1.23766 0.026417 -0.0102452 1.16808
809.639 302.879 0.266691 -0.0972926 1.01564
662.166 377.517 0.145124 0.0172104 0.765474
717.079 96.2104 0.104794 -0.0195864 1.52881
904.001 78.3995 0.0938259 -0.229413 1.22181
720.816 312.411 0.5763 -0.0243626 1.49254
744.039 629.311 0.083589 -0.00699011 0.61109
724.139 435.454 0.170125 -0.00749381 0.757861
880.911 274.765 0.236744 -0.158407 1.01335
828.979 245.239 0.192304 -0.097694 0.981027
659.6 261.647 -0.172263 0.00235507 0.327829
653.635 279.908 -0.174423 0.00233483 0.325076
900.737 108.784 0.101559 -0.152861 1.03021
623.753 347.413 -0.189158 0.00254444 0.304592
804.24 171.703 0.134868 -0.0729763 0.983179
727.7 311.166 0.231886 -0.0162513 0.948942
740.72 489.528 0.108062 -0.00932163 0.671145
607.767 637.758 0.0791891 0.0175053 0.606407
781.747 231.499 0.167227 -0.0544347 0.951014
596.531 103.47 0.0873735 0.0722504 0.987298
719.543 184.886 0.149399 -0.0115977 1.00208
719.395 184.877 0.1494 -0.0114824 1.00212
939.331 64.8375 0.0589716 -0.131665 0.926173
862.897 232.477 0.174741 -0.116909 0.964094
924.106 416.56 0.339658 -0.192153 0.937542
911.454 168.523 0.13527 -0.15299 0.987843
671.864 339.736 0.57625 0.0970561 1.3724
588.373 12.8171 0.0362325 0.0798502 1.03642
665.528 116.607 0.131372 0.0520315 1.26084
876.571 236.242 0.17958 -0.12907 0.967831
613.651 73.2734 0.0807188 0.0816502 1.11592
816.555 261.202 0.205147 -0.0888914 0.979128
588.962 5.37203 0.0317609 0.0768308 1.02692
865.888 262.359 0.213213 -0.133793 0.991614
719.157 92.9216 0.0832292 -0.011512 0.994682
599.537 104.69 0.0896064 0.072062 0.995775
644.319 100.083 0.0862664 0.0399173 0.990391
677.831 260.833 0.198525 0.0220269 0.970716
495.727 144.311 0.117229 0.155526 1.00581
545.776 181.682 0.138635 0.115915 0.982399
