721.493 261.429 0.199354 -0.0116673 0.970808
624.823 262.265 0.199552 0.0642623 0.972603
815.69 229.461 0.173407 -0.0822357 0.969093
804.764 171.058 0.133122 -0.0721646 0.980071
720.163 92.9449 0.0821693 -0.0115804 0.989513
916.452 89.4468 0.0813414 -0.143356 0.985292
544.587 180.266 0.135858 0.115268 0.977521
598.14 99.0969 0.083933 0.0706235 0.984399
646.036 97.004 0.0843119 0.0392082 0.991839
544.182 180.076 0.135132 0.114866 0.975607
488.241 111.409 0.0929592 0.152086 0.998291
894.492 147.767 0.12278 -0.141426 0.999721
755.491 234.247 0.177663 -0.0375604 0.971981
822.663 234.006 0.16382 -0.0801524 0.93864
499.243 152.179 0.123668 0.156576 1.00981
721.079 85.2543 0.0778634 -0.0122969 0.992591
646.154 90.8469 0.0800154 0.0384475 0.988851
923.503 120.336 0.093297 -0.137586 0.949223
807.561 171.887 0.152532 -0.0885013 1.04664
480.882 20.8695 0.0393247 0.150986 1.02013
870.867 234.753 0.181185 -0.126837 0.975514
775.682 261.233 0.200641 -0.0543361 0.972149
599.334 94.709 0.0815585 0.0698605 0.986447
775.211 261.584 0.201597 -0.0541917 0.973472
890.171 241.767 0.19326 -0.148615 0.988808
899.883 144.193 0.117519 -0.140442 0.988278
522.934 211.371 0.0899582 0.0734596 0.806051
583.598 262.924 0.204355 0.0997035 0.982443
567.834 237.41 0.175226 0.102941 0.966302
581.645 264.027 0.194422 0.0945586 0.960474
817.629 261.973 0.197963 -0.0854593 0.964295
897.176 236.251 0.179375 -0.14406 0.967761
819.179 260.181 0.195293 -0.085869 0.961942
483.461 106.913 0.0891796 0.152579 0.993495
820.014 262.829 0.197292 -0.0866337 0.961452
750.195 232.607 0.173399 -0.0328807 0.965257
891.064 292.445 0.231498 -0.151913 0.973425
892.687 153.084 0.126825 -0.141177 1.0006
779.461 262.847 0.197654 -0.0559352 0.963289
778.561 260.575 0.192375 -0.0540316 0.956577
783.476 262.698 0.192942 -0.057408 0.954076
721.747 261.145 0.199037 -0.011863 0.970656
721.142 264.3 0.196267 -0.0111118 0.959755
796.382 228.707 0.173402 -0.0680999 0.971128
489.81 110.397 0.0929628 0.152412 1.00209
535.423 208.581 0.154306 0.123861 0.970813
715.525 38.1309 0.055022 -0.0112601 1.15075
526.232 183.639 0.117224 0.105162 0.913418
723.54 430.057 0.174938 -0.00718405 0.766501
620.875 263.168 0.194516 0.0649356 0.960993
632.321 484.286 0.110453 0.0197035 0.676372
677.992 263.447 0.181221 0.0194758 0.932545
601.078 101.081 0.0868257 0.0708278 0.994336
830.91 243.541 0.188165 -0.0970772 0.97603
857.518 466.97 0.479782 -0.17429 0.989064
680.44 263.691 0.195313 0.019737 0.960023
716.62 29.1561 0.0468715 -0.0130595 1.19061
574.829 376.129 0.446319 0.19792 1.11985
494.592 350.304 0.280247 0.187721 0.968403
903.136 161.227 0.130495 -0.14664 0.991608
873.582 261.582 0.202403 -0.131732 0.972188
865.866 349.372 0.267041 -0.128411 0.943593
831.18 309.663 0.214646 -0.088643 0.922276
860.684 309.71 0.250238 -0.131063 0.977149
496.225 143.867 0.116631 0.155355 1.00549
634.652 314.086 0.229042 0.0558317 0.943277
888.004 293.671 0.238402 -0.15415 0.983212
761.563 232.6 0.170027 -0.0403663 0.957065
838.067 463.878 0.108339 -0.0358382 0.680506
778.585 304.099 0.224376 -0.0548435 0.946675
535.298 471.09 0.104978 0.0449109 0.67634
927.958 209.41 0.166027 -0.171735 0.986989
923.284 212.993 0.172902 -0.17401 0.997649
855.896 236.315 0.181359 -0.114773 0.973443
882.605 351.764 0.277702 -0.147503 0.953702
595.062 364.225 0.143026 0.0453096 0.772652
577.007 262.052 0.191294 0.0968635 0.957607
909.796 95.4097 0.0872119 -0.144977 0.999183
576.449 376.823 0.143958 0.0519244 0.765808
750.548 635.911 0.0804225 -0.00770749 0.60747
883.006 257.45 0.203813 -0.142675 0.982097
581.759 303.554 0.226372 0.0988023 0.955697
878.765 348.001 0.281038 -0.148053 0.963304
819.777 262.536 0.192727 -0.0841995 0.952916
849.843 352.609 0.335906 -0.150438 1.02676
925.215 211.298 0.170414 -0.173758 0.994694
769.576 310.823 0.239417 -0.0503906 0.960887
734.896 358.997 0.169992 -0.0139875 0.809899
886.295 308.483 0.236221 -0.143212 0.956399
580.028 306.145 0.226722 0.0994686 0.952437
802.361 172.021 0.135115 -0.0713759 0.984575
722.789 360.133 0.266832 -0.0114903 0.932609
635.761 312.658 0.251803 0.0624566 0.981017
678.413 261.394 0.19738 0.0218 0.968141
679.589 303.336 0.226839 0.0217599 0.95429
744.806 245.779 0.185769 -0.0294692 0.969327
893.341 234.603 0.176652 -0.139597 0.964694
867.222 372.352 0.150477 -0.0675439 0.773636
806.337 458.456 0.144371 -0.0342949 0.71936
720.523 423.054 0.1857 -0.00623606 0.782265
911.042 95.5545 0.0865147 -0.143916 0.994142
606.688 621.33 0.0818305 0.0185767 0.612292
877.76 310.138 0.346977 -0.221116 1.12748
643.611 475.652 0.10101 0.0157603 0.669984
710.937 179.974 0.137881 -0.00439406 0.978288
624.394 302.823 0.228399 0.0660034 0.959046
883.362 532.213 0.180226 -0.0648139 0.716808
823.429 311.497 0.243404 -0.0955128 0.964703
851.917 528.364 0.0664099 -0.0265903 0.619524
658.342 362.397 0.169143 0.0230586 0.807153
755.278 622.064 0.0850372 -0.00900569 0.614066
579.866 305.455 0.225636 0.0992355 0.951695
785.33 174.894 0.167787 -0.0780568 1.09605
801.277 167.987 0.127759 -0.0673894 0.969322
669.466 313.535 0.227499 0.0288397 0.940813
879.851 350.448 0.283439 -0.149348 0.962923
619.748 260.759 0.189781 0.0643542 0.95549
583.342 360.17 0.272672 0.10255 0.942971
771.968 496.883 0.390376 -0.0534201 0.895476
657.478 358.797 0.171174 0.0239722 0.812667
900.664 162.384 0.132579 -0.146849 0.996234
546.928 179.939 0.136286 0.114256 0.979607
942.37 492.425 0.100494 -0.0580326 0.661964
907.086 0.727501 0.0318996 -0.145248 1.03853
784.116 228.541 0.158205 -0.0530215 0.935944
537.402 211.852 0.155791 0.121933 0.968106
584.624 299.322 0.218567 0.0937554 0.948982
729.332 310.724 0.23399 -0.0173253 0.953537
816.478 396.564 0.31596 -0.093352 0.941332
819.465 375.228 0.11772 -0.0385188 0.7312
841.196 232.304 0.175306 -0.101207 0.967432
914.072 457.276 0.110749 -0.0578236 0.685008
789.251 359.752 0.172137 -0.0407777 0.811343
685.237 294.819 0.210339 0.015989 0.939184
673.077 338.799 0.584217 0.0973374 1.3873
565.765 238.893 0.174075 0.102946 0.961011
811.616 376.526 0.145405 -0.0426524 0.765225
669.523 316.161 0.247357 0.0319574 0.967715
561.846 237.511 0.170221 0.103506 0.95475
942.276 512.328 0.212189 -0.103717 0.751374
655.232 111.174 0.107128 0.04285 1.07804
937.094 491.144 0.10183 -0.0573721 0.663714
776.888 342.932 0.542926 -0.140101 1.31253
727.426 351.966 0.264037 -0.0154169 0.939416
616.742 296.577 0.212112 0.0671243 0.94133
623.355 303.965 0.223957 0.0649206 0.950061
763.957 419.898 0.498228 -0.0748934 1.0783
498.321 160.972 0.128738 0.156527 1.0042
858.446 342.421 0.269626 -0.126503 0.956616
772.823 352.33 0.25701 -0.0501849 0.928859
644.287 477.06 0.104626 0.0159748 0.673125
533.672 475.481 0.103523 0.0445997 0.673271
632.166 486.113 0.109945 0.019628 0.67521
670.743 317.249 0.505956 0.0917482 1.36418
918.842 214.383 0.178812 -0.176891 1.01034
810.093 303.398 0.266782 -0.0972877 1.01573
662.943 378.185 0.145214 0.0172153 0.76556
904.536 78.9839 0.0939163 -0.229408 1.22189
721.028 312.671 0.57639 -0.0243577 1.49263
745.35 630.488 0.0836794 -0.00698517 0.611176
881.41 275.346 0.236834 -0.158402 1.01344
829.534 245.816 0.192394 -0.0976891 0.981113
647.945 261.536 -0.172172 0.00236001 0.327915
641.916 279.917 -0.174333 0.00233978 0.325162
901.387 109.44 0.10165 -0.152856 1.03029
610.523 348.48 -0.189068 0.00254938 0.304678
804.874 172.295 0.134958 -0.0729714 0.983265
728.208 311.672 0.231977 -0.0162464 0.949028
609.091 638.843 0.0792795 0.0175102 0.606493
597.278 103.967 0.0874639 0.0722554 0.987384
720.146 185.401 0.14949 -0.0115928 1.00217
719.997 185.391 0.14949 -0.0114775 1.0022
940.156 65.6225 0.059062 -0.13166 0.926259
863.49 233.097 0.174831 -0.116904 0.96418
924.549 417.212 0.339749 -0.192148 0.937628
912.091 169.185 0.13536 -0.152985 0.987929
672.077 339.98 0.57634 0.0970611 1.37248
666.046 117.011 0.131463 0.0520364 1.26092
877.157 236.867 0.17967 -0.129065 0.967917
614.319 73.7346 0.0808092 0.0816552 1.11601
817.093 261.766 0.205238 -0.0888864 0.979214
589.796 5.91997 0.0318514 0.0768358 1.02701
866.419 262.948 0.213303 -0.133788 0.991701
719.877 93.4978 0.0833196 -0.011507 0.994768
600.272 105.182 0.0896968 0.072067 0.995861
645.052 100.61 0.0863568 0.0399222 0.990477
678.378 261.304 0.198615 0.0220319 0.970802
496.44 144.701 0.11732 0.155531 1.0059
546.442 182.095 0.138726 0.11592 0.982485
