723.743 263.5 0.197306 -0.0118558 0.973794
625.76 264.245 0.197704 0.0641386 0.97612
819.111 231.167 0.171601 -0.0823263 0.972668
808.134 172.113 0.131096 -0.0720899 0.98279
722.524 93.2599 0.0806814 -0.0117199 0.994236
922.165 89.2992 0.0791936 -0.143118 0.987138
544.523 181.437 0.134006 0.115195 0.980945
599.282 99.5959 0.0826388 0.0707226 0.990072
647.583 97.4247 0.0829194 0.0391756 0.996988
544.375 181.311 0.133293 0.114582 0.978933
487.713 111.817 0.091128 0.151837 1.00158
899.745 148.34 0.120278 -0.140975 1.00061
758.155 236.026 0.175673 -0.0376515 0.975048
826.227 235.917 0.16217 -0.0802604 0.942657
500.468 153.16 0.122796 0.156615 1.01648
723.48 85.4459 0.0763115 -0.0124491 0.997067
647.825 91.419 0.0789281 0.0384943 0.995252
929.011 120.907 0.0914386 -0.137574 0.952457
810.554 172.649 0.150864 -0.0886184 1.05059
480.441 20.3111 0.0375985 0.150785 1.0237
875.045 236.636 0.179037 -0.126582 0.978006
778.42 263.184 0.198921 -0.0544255 0.975989
600.875 95.4549 0.0808352 0.0702306 0.994641
777.994 263.652 0.199565 -0.0541988 0.97648
895.493 243.701 0.190371 -0.148331 0.989538
905.084 144.834 0.115231 -0.140088 0.989863
523.02 214.501 0.0882382 0.0733111 0.809854
583.963 264.927 0.202281 0.0994599 0.985355
568.136 239.241 0.173313 0.102735 0.969575
582.169 266.126 0.192648 0.0944054 0.964097
821.361 264.098 0.195841 -0.0856274 0.967149
901.774 238.37 0.177148 -0.143572 0.969795
823.084 262.372 0.192956 -0.0859955 0.964254
482.886 107.292 0.0873592 0.152347 0.99684
823.753 265.007 0.195108 -0.0867281 0.964153
752.725 234.383 0.171551 -0.0329408 0.968709
895.486 294.756 0.229476 -0.151993 0.976645
897.523 153.737 0.12471 -0.141065 1.00303
782.365 265.226 0.195281 -0.0557891 0.965267
781.359 262.706 0.190585 -0.0540406 0.960151
786.662 264.898 0.190958 -0.0575729 0.957216
723.882 263.244 0.196942 -0.011954 0.973499
723.644 266.224 0.194954 -0.0115133 0.964598
799.567 230.42 0.171543 -0.0681817 0.974521
487.247 110.491 0.090182 0.151723 1.00109
534.988 210.141 0.152139 0.123607 0.973285
717.335 36.6353 0.0527468 -0.0112262 1.15116
504.939 189.176 0.102093 0.101264 0.874044
727.871 445.456 0.149971 -0.00685358 0.741552
621.546 265.711 0.191612 0.0644251 0.961646
634.44 491.966 0.109591 0.0198235 0.682124
679.763 265.693 0.179641 0.0193612 0.93666
602.219 101.573 0.0855973 0.0710058 1.00038
834.522 245.353 0.186267 -0.0971562 0.97939
860.718 471.091 0.478732 -0.174601 0.992361
681.715 265.975 0.192974 0.019817 0.962266
718.53 28.9454 0.0455547 -0.0133 1.19789
573.539 379.014 0.43944 0.19623 1.11613
494.217 352.952 0.278516 0.187551 0.972167
907.822 162.093 0.128627 -0.146585 0.994821
878.387 263.782 0.199852 -0.131678 0.97397
870.047 352.658 0.264801 -0.128401 0.946346
835.086 312.38 0.212742 -0.0888777 0.925931
863.87 312.115 0.248716 -0.130889 0.981245
496.218 144.638 0.11511 0.155335 1.01001
635.716 316.826 0.227107 0.0556621 0.946585
892.543 296.094 0.235995 -0.154024 0.985505
764.362 234.446 0.168186 -0.0404784 0.960507
843.991 471.564 0.107458 -0.036141 0.686176
781.542 306.794 0.222316 -0.0549251 0.949725
536.872 477.017 0.104492 0.0451462 0.683064
933.668 210.796 0.163606 -0.171589 0.988892
927.92 214.474 0.170956 -0.173706 1.00059
859.802 238.216 0.179274 -0.114556 0.976109
887.636 355.505 0.274273 -0.147066 0.954259
596.81 369.073 0.141976 0.0451872 0.77781
577.476 264.171 0.189513 0.0967042 0.961186
915.154 95.3197 0.0852863 -0.145181 1.00232
578.026 382.198 0.142697 0.0517012 0.77051
886.94 259.264 0.202128 -0.142739 0.9861
582.064 306.281 0.22406 0.0984196 0.95809
882.955 351.096 0.27891 -0.148066 0.9662
823.456 264.977 0.19055 -0.0841485 0.955315
853.087 355.496 0.334595 -0.150661 1.03025
930.851 212.735 0.16789 -0.173455 0.996179
772.353 313.525 0.237187 -0.0504583 0.963587
738.113 363.969 0.168196 -0.0141827 0.813468
891.82 311.707 0.232861 -0.142888 0.956641
580.218 309.006 0.224234 0.0990352 0.95444
805.796 173.036 0.133206 -0.0714846 0.987748
724.689 363.409 0.264807 -0.0114414 0.935847
636.727 315.209 0.249825 0.0622651 0.984056
680.1 263.305 0.195813 0.0216683 0.972381
681.134 306.114 0.224341 0.0215722 0.956364
747.036 247.872 0.183338 -0.029262 0.971161
897.966 236.416 0.174733 -0.139643 0.967966
871.814 376.49 0.149773 -0.067909 0.77978
810.928 465.557 0.143359 -0.0344661 0.724492
723.463 427.013 0.185515 -0.0064577 0.789006
916.078 95.6363 0.0847342 -0.14401 0.997615
609.918 629.268 0.0816106 0.0186813 0.619508
646.837 482.977 0.100306 0.0156783 0.676105
713.096 181.142 0.135954 -0.00452684 0.981395
625.557 305.076 0.227151 0.065941 0.963832
887.349 536.152 0.181096 -0.0654865 0.725041
827.281 314.413 0.240653 -0.0954705 0.966268
858.105 536.856 0.0662803 -0.0268535 0.62668
660.16 367.317 0.167459 0.0229712 0.810951
760.38 630.856 0.0850544 -0.00917166 0.621271
579.914 308.324 0.223081 0.0988721 0.953579
787.864 175.541 0.166148 -0.0781728 1.10005
804.584 169.066 0.126092 -0.0675029 0.973255
670.942 316.164 0.225935 0.028784 0.944884
884.543 353.575 0.28084 -0.149482 0.965209
620.711 262.834 0.187917 0.0641897 0.958991
583.206 363.462 0.270103 0.102446 0.945302
774.546 501.633 0.389674 -0.0537318 0.899709
659.368 364.08 0.169055 0.0237419 0.815506
904.807 163.272 0.131044 -0.146918 1.00059
547.198 181.126 0.134559 0.11408 0.983352
948.848 500.335 0.0999094 -0.058257 0.668205
787.318 230.466 0.156313 -0.0530922 0.939324
540.437 212.983 0.156733 0.122565 0.979712
584.666 301.73 0.21665 0.0939332 0.952516
731.543 313.437 0.231898 -0.0174222 0.956509
820.368 401.209 0.312116 -0.0931156 0.941392
824.619 383.227 0.11567 -0.0383827 0.734105
845.469 234.07 0.173187 -0.101433 0.970236
920.754 464.284 0.109959 -0.0582021 0.690962
793.078 364.455 0.170528 -0.0409155 0.815363
673.213 341.056 0.572674 0.0955029 1.37372
565.892 240.84 0.17198 0.102688 0.963762
817.337 382.251 0.143788 -0.0432127 0.769335
671.316 318.313 0.246713 0.0317565 0.973603
562.692 239.244 0.168946 0.103426 0.959765
947.277 517.816 0.211978 -0.104238 0.757643
656.413 111.069 0.104966 0.0426332 1.07997
943.832 497.825 0.101418 -0.0578474 0.670493
779.454 345.097 0.534616 -0.139349 1.30501
729.957 355.408 0.261446 -0.0157751 0.941526
616.982 299.113 0.210074 0.0673831 0.944547
624.483 306.4 0.222413 0.0647619 0.954208
765.928 422.99 0.498932 -0.0755145 1.08298
500.035 162.034 0.12841 0.157064 1.01282
863.021 346.085 0.266372 -0.126179 0.957231
776.368 356.639 0.252977 -0.0502278 0.928242
648.126 484.08 0.103965 0.0157309 0.679345
534.944 483.866 0.102524 0.0446088 0.678654
635.071 492.646 0.109387 0.0196121 0.681681
671.171 318.805 0.500412 0.0910048 1.35982
920.864 217.411 0.180861 -0.178308 1.02019
480.324 108.033 0.0856596 0.148922 0.984591
813.552 306.077 0.263313 -0.0969373 1.01563
665.403 382.605 0.144374 0.0171429 0.771412
907.097 80.4177 0.094231 -0.230351 1.22927
722.103 313.864 0.570162 -0.0244274 1.48712
885.421 277.36 0.23467 -0.158213 1.01612
833.003 247.628 0.190458 -0.0976738 0.98438
631.838 302.521 -0.178334 0.00238177 0.329338
905.597 110.091 0.100391 -0.153075 1.03465
610.452 379.142 -0.192429 0.00270631 0.309833
808.53 173.357 0.132535 -0.072837 0.984633
730.385 314.264 0.230203 -0.0163482 0.952733
598.036 104.205 0.0856923 0.0722155 0.99132
722.271 186.628 0.147857 -0.0116938 1.0059
948.624 61.6916 0.0545628 -0.13051 0.92466
867.054 234.892 0.173626 -0.117084 0.969106
929.039 421.087 0.337805 -0.192089 0.940925
915.955 170.426 0.134124 -0.152944 0.992689
672.28 341.899 0.567821 0.096023 1.36437
666.898 116.04 0.128387 0.0515681 1.25877
881.243 238.671 0.177929 -0.12908 0.971618
615.057 73.2714 0.0788454 0.081325 1.11809
695.355 178.122 -0.196215 0.00395411 0.300237
613.103 295.437 -0.20967 0.00390995 0.282359
901.489 154.86 0.122088 -0.138937 0.989839
536.149 248.679 0.224193 0.170788 1.06824
605.264 190.639 0.138334 0.07102 0.971822
938.159 33.6877 0.0533314 -0.204658 1.12513
617.334 122.116 -0.164058 0.00180286 0.345932
935.995 336.253 0.255271 -0.182087 0.953995
583.85 363.143 0.271082 0.102466 0.946915
728.305 446.994 0.165705 -0.00754672 0.756703
645.829 384.287 0.110699 0.0197536 0.728902
757.471 346.247 0.510147 -0.0872868 1.27213
888.006 542.334 0.178144 -0.0641543 0.720027
736.543 178.318 0.132461 -0.0209119 0.975729
820.686 263.737 0.203226 -0.0891026 0.982366
590.274 4.84251 0.0299645 0.0766442 1.02946
870.501 264.903 0.21121 -0.1338 0.994612
722.238 93.7224 0.0816818 -0.0116462 0.998836
601.468 105.7 0.088332 0.0720245 1.00105
646.4 100.963 0.0847426 0.0399016 0.994674
679.794 263.366 0.196578 0.0220156 0.973819
497.228 145.594 0.116338 0.155803 1.01238
546.582 183.29 0.136869 0.115688 0.985815
