616.698 5.43306 0.15287 0.0403659 0.764449
550.952 13.2344 0.155861 0.0653196 0.768205
733.978 216.921 0.237546 -0.493794 4.86572
717.881 209.097 -0.102284 -0.135329 5.51899
727.333 135.18 -0.125186 -0.18943 3.55463
725.637 0.982418 0.154063 -0.000148836 0.779006
564.92 29.6445 0.0268551 0.450479 2.03156
855.211 98.1021 0.179782 -0.0448085 0.738314
496.354 199.168 0.21069 0.0857883 0.726
551.899 6.16043 0.153259 0.0643841 0.766907
846.592 118.023 0.200975 -0.0534863 0.78347
767.986 197.55 0.221029 -0.016193 0.74633
593.211 245.887 0.25333 0.0607139 0.76925
796.918 247.552 0.261465 -0.0358077 0.779282
888.098 211.408 0.226578 -0.0649703 0.743232
759.618 212.105 0.224104 -0.0122903 0.739463
912.677 251.554 0.277091 -0.103165 0.80209
726.084 245.138 0.252837 -0.000562306 0.766606
852.631 247.976 0.26399 -0.0641875 0.782542
944.943 202.634 0.225736 -0.0899451 0.748833
663.961 239.497 0.238884 0.0265619 0.746144
590.088 243.415 0.246879 0.0600062 0.759255
502.823 300.382 0.239262 0.0832457 0.702354
816.098 293.502 0.242082 -0.0310365 0.70708
509.13 236.723 0.21973 0.0800657 0.713805
508.624 291.966 0.236637 0.081015 0.703763
874.131 237.03 0.224938 -0.0530299 0.718232
539.879 249.037 0.260904 0.0891276 0.781639
516.54 384.411 0.281894 0.0865867 0.706311
512.508 405.046 0.421187 0.155757 0.84252
882.015 309.143 0.257409 -0.060787 0.718468
944.876 238.735 0.24081 -0.0920528 0.74583
947.334 377.894 0.292862 -0.0941948 0.717019
871.032 236.363 0.231746 -0.0559849 0.73178
950.588 238.818 0.238051 -0.0919934 0.740412
506.163 289.179 0.231108 0.0793881 0.696773
672.308 248.605 0.240392 0.0230219 0.740849
941.492 307.933 0.259655 -0.0863721 0.721761
890.257 310.293 0.251147 -0.0604834 0.708328
891.565 317.844 0.265789 -0.0675281 0.724265
727.604 298.048 0.246466 0.00161957 0.711996
735.643 313.008 0.288154 -0.00539151 0.763212
813.631 238.965 0.231731 -0.0330036 0.730469
525.482 203.083 0.22581 0.0839383 0.755811
812.126 383.291 0.280425 -0.0318281 0.701106
669.117 286.483 0.237393 0.0233921 0.706513
664.198 236.865 0.221306 0.0246959 0.714504
502.795 205.76 0.220629 0.0890161 0.742007
651.06 376.207 0.262304 0.0304589 0.685834
573.684 240.558 0.228566 0.0599628 0.726809
778.624 191.914 0.21001 -0.017583 0.726545
657.678 296.427 0.231635 0.0267433 0.690996
508.622 453.666 0.292548 0.0854351 0.678944
525.379 442.548 0.314319 0.0886104 0.706028
510.039 297.185 0.239775 0.0813691 0.705196
616.647 0.716839 0.151078 0.0401096 0.763035
574.719 297.777 0.242618 0.0586754 0.708357
869.798 240.325 0.235237 -0.0567594 0.735086
725.497 295.534 0.244859 0.00247041 0.711284
870.04 288.944 0.246313 -0.0538948 0.716163
527.091 245.897 0.234601 0.080296 0.734597
945.221 439.222 0.3179 -0.0945308 0.705249
581.182 446.601 0.301158 0.0607356 0.690093
868.448 188.565 0.212658 -0.0529546 0.734203
526.221 384.323 0.288309 0.0854064 0.713813
800.506 243.874 0.251418 -0.0343364 0.763776
587.529 374.005 0.267496 0.0549359 0.694265
871.628 381.111 0.285839 -0.0580399 0.707905
850.108 96.4905 0.180559 -0.0440103 0.742974
725.857 235.349 0.211503 0.00333958 0.696117
538.81 597.245 0.264973 0.0567243 0.598999
950.57 436.872 0.337627 -0.108713 0.725297
813.179 439.725 0.309187 -0.0343404 0.698507
907.88 211.439 0.245679 -0.0887278 0.783978
662.118 320.275 0.538408 0.0752446 1.12032
914.692 435.121 -0.0842289 0.0269905 0.222687
927.218 244.881 0.274718 -0.111547 0.804915
940.023 366.369 0.282015 -0.086982 0.711748
530.061 160.862 0.221019 0.0891169 0.792421
800.077 248.712 0.259022 -0.0362384 0.773422
687.271 320.476 0.501455 0.0328362 1.0651
729.248 519 0.183538 0.00990813 0.550232
950.236 308.761 0.278614 -0.103812 0.748947
665.034 385.668 0.278097 0.0264915 0.699001
935.25 361.804 0.283043 -0.0866184 0.716066
852.266 293.277 0.27161 -0.0582006 0.752931
652.34 369.848 0.270821 0.0310862 0.699961
761.327 433.832 0.138234 0.00814498 0.518906
610.617 559.086 0.166289 0.0271094 0.526751
588.801 374.598 0.267198 0.0543372 0.693536
657.167 157.529 0.226512 0.0316119 0.810103
874.471 296.454 0.249396 -0.0559006 0.715525
806.369 254.031 0.26351 -0.0401177 0.776318
863.8 240.906 0.245104 -0.0599576 0.75342
814.34 198.634 0.219237 -0.0338396 0.740501
854.764 100.439 0.180846 -0.0449378 0.739103
647.24 18.6321 0.182318 0.0497558 1.02666
826.151 203.008 0.236067 -0.04632 0.773592
532.533 245.129 0.251063 0.0876343 0.766726
955.206 367.689 0.300239 -0.105015 0.732579
669.713 248.229 0.261442 0.0261404 0.780998
932.75 205.407 0.232065 -0.0898553 0.760157
506.056 298.167 0.240325 0.0829676 0.705451
724.404 251.494 0.270409 -0.0012041 0.793492
496.421 500.974 -0.00993208 0.018717 0.331637
833.099 197.566 0.226731 -0.0454307 0.758098
957.788 358.82 0.295315 -0.105194 0.732903
605.092 10.2498 0.175366 0.0976398 1.11404
485.886 407.743 0.251034 0.081032 0.65828
900.607 218.849 0.258562 -0.0935332 0.803449
810.719 383.042 0.294669 -0.0352014 0.717815
814.915 194.487 0.213846 -0.0322552 0.732289
678.072 214.702 0.576639 0.173335 2.1937
574.925 102.184 0.169256 0.0495617 0.70444
564.415 287.372 0.23287 0.0599739 0.700036
927.529 428.508 0.366777 -0.115605 0.759009
957.056 295.505 0.249327 -0.0881178 0.714889
848.62 217.97 0.233816 -0.0518029 0.752882
740.979 331.792 1.0214 -0.138796 1.71199
560.57 32.982 0.166591 0.0666291 0.789086
870.385 443.468 0.337973 -0.0688015 0.722679
929.535 546.939 0.43017 -0.119112 0.726241
873.669 437.252 0.290475 -0.0529598 0.680714
495.996 396.357 0.386634 0.149971 0.815591
932.595 429.248 0.365235 -0.117366 0.756903
904.222 204.298 0.210057 -0.0608006 0.714227
591.545 461.917 -0.0228366 0.0201508 0.313092
935.483 506.604 0.346718 -0.0917537 0.69217
904.379 432.201 0.371896 -0.104198 0.761431
888.118 531.132 0.471385 -0.114349 0.762956
800.988 370.302 0.274722 -0.0271408 0.702399
894.793 369.533 0.376193 -0.11904 0.821303
944.169 318.321 0.255004 -0.0818355 0.70775
677.094 340.13 0.789937 0.0960647 1.3853
940.101 330.919 -0.0746889 0.0273165 0.235425
941.889 491.342 0.37722 -0.1131 0.724362
903.23 532.194 0.30551 -0.0580625 0.64887
930.991 206.408 0.235952 -0.092371 0.767688
590.54 25.4503 0.182252 0.0792768 0.941625
938.442 510.659 0.368486 -0.102736 0.706258
893.948 613.843 0.342396 -0.0582332 0.640576
744.306 318.311 0.808306 -0.111601 1.51319
813.901 298.833 0.242307 -0.0297184 0.703843
720.679 140.681 0.295411 -0.0140339 1.13665
699.924 272.494 -0.0760817 0.0252155 0.232438
920.126 321.22 -0.0795328 0.0270995 0.22827
509.403 153.167 0.225778 0.106106 0.817885
947.373 493.388 0.364961 -0.109049 0.71354
699.725 128.392 0.198212 0.0107382 0.763554
590.32 134.391 0.197787 0.0539649 0.756958
724.421 10.2622 0.164196 -0.00202859 0.827076
726.916 132.967 -0.127231 -0.182305 3.52403
