723.607 264.438 0.197936 -0.0121117 0.977421
624.712 265.049 0.198333 0.0638827 0.979748
819.901 231.956 0.172231 -0.0825822 0.976295
808.893 172.362 0.131725 -0.0723458 0.986417
722.583 92.6799 0.0813106 -0.0119758 0.997863
924.097 88.9663 0.0798228 -0.143374 0.990766
542.788 181.387 0.134635 0.114939 0.984572
598.166 98.8835 0.083268 0.0704667 0.993699
646.939 96.7764 0.0835486 0.0389197 1.00062
542.632 181.259 0.133922 0.114327 0.98256
485.565 111.07 0.0917571 0.151582 1.00521
901.345 148.524 0.120908 -0.141231 1.00424
758.371 236.771 0.176302 -0.0379074 0.978675
827.115 236.774 0.162799 -0.0805163 0.946284
498.463 152.816 0.123426 0.15636 1.02011
723.559 84.8011 0.0769407 -0.012705 1.00069
647.187 90.7127 0.0795573 0.0382384 0.998879
931.061 120.821 0.0920678 -0.13783 0.956085
811.275 172.939 0.151493 -0.0888743 1.05422
876.335 237.55 0.179667 -0.126838 0.981633
778.789 264.193 0.19955 -0.0546814 0.979616
599.788 94.7147 0.0814644 0.0699747 0.998268
778.358 264.664 0.200194 -0.0544547 0.980107
896.932 244.699 0.191 -0.148587 0.993166
906.764 144.985 0.11586 -0.140344 0.993491
520.211 214.72 0.0888674 0.0730552 0.813481
582.545 265.67 0.20291 0.099204 0.988982
566.548 239.748 0.173942 0.102479 0.973202
580.678 266.897 0.193277 0.0941495 0.967725
822.132 265.184 0.19647 -0.0858833 0.970777
903.324 239.342 0.177777 -0.143827 0.973422
823.877 263.448 0.193586 -0.0862514 0.967881
480.676 106.489 0.0879884 0.152091 1.00047
824.549 266.107 0.195738 -0.086984 0.967781
752.894 235.109 0.17218 -0.0331967 0.972336
896.872 296.195 0.230105 -0.152249 0.980272
899.09 153.968 0.125339 -0.141321 1.00666
782.773 266.269 0.195911 -0.056045 0.968895
781.764 263.73 0.191215 -0.0542965 0.963778
787.116 265.952 0.191587 -0.0578288 0.960844
723.747 264.18 0.197572 -0.0122099 0.977127
723.5 267.195 0.195583 -0.0117692 0.968226
800.176 231.175 0.172172 -0.0684376 0.978148
485.093 109.731 0.0908112 0.151467 1.00472
533.115 210.337 0.152768 0.123351 0.976912
717.474 35.8807 0.053376 -0.0114821 1.15479
502.321 189.095 0.102722 0.101008 0.877671
727.42 449.211 0.1506 -0.00710946 0.745179
620.428 266.537 0.192241 0.0641692 0.965273
632.258 496.951 0.11022 0.0195676 0.685751
679.17 266.626 0.18027 0.0191054 0.940287
601.152 100.901 0.0862265 0.0707499 1.00401
835.426 246.285 0.186897 -0.0974121 0.983017
861.496 473.767 0.479362 -0.174857 0.995988
681.172 266.886 0.193604 0.0195611 0.965893
718.7 28.224 0.0461839 -0.0135559 1.20151
572.204 380.38 0.440069 0.195974 1.11976
491.863 354.333 0.279145 0.187296 0.975794
909.487 162.405 0.129256 -0.146841 0.998448
879.673 264.938 0.200482 -0.131933 0.977597
871.172 354.608 0.26543 -0.128657 0.949973
835.974 313.976 0.213372 -0.0891335 0.929559
864.938 313.646 0.249346 -0.131145 0.984872
494.157 144.208 0.11574 0.155079 1.01364
634.659 318.147 0.227736 0.0554062 0.950213
764.641 235.193 0.168815 -0.0407342 0.964134
845.392 476.455 0.108087 -0.0363969 0.689803
781.896 308.222 0.222945 -0.055181 0.953352
533.027 481.63 0.105121 0.0448903 0.686691
935.502 211.567 0.164235 -0.171845 0.992519
929.665 215.267 0.171585 -0.173962 1.00422
860.953 239.123 0.179903 -0.114812 0.979737
888.903 357.482 0.274903 -0.147322 0.957887
594.717 371.431 0.142605 0.0449314 0.781437
575.933 264.922 0.190142 0.0964483 0.964813
916.971 95.0602 0.0859155 -0.145437 1.00595
575.629 384.734 0.143327 0.0514453 0.774137
888.285 260.382 0.202757 -0.142995 0.989727
580.525 307.414 0.224689 0.0981637 0.961717
884.16 353.001 0.279539 -0.148322 0.969827
824.26 266.086 0.191179 -0.0844044 0.958943
853.926 357.25 0.335224 -0.150917 1.03388
932.637 213.518 0.168519 -0.173711 0.999806
772.606 314.973 0.237816 -0.0507142 0.967214
737.944 366.292 0.168826 -0.0144386 0.817095
893.191 313.317 0.23349 -0.143143 0.960269
578.649 310.168 0.224863 0.0987793 0.958067
806.529 173.293 0.133836 -0.0717405 0.991375
724.431 365.283 0.265436 -0.0116973 0.939474
635.747 316.449 0.250454 0.0620092 0.987683
679.555 264.181 0.196442 0.0214124 0.976009
680.537 307.385 0.22497 0.0213163 0.959992
747.134 248.708 0.183967 -0.0295179 0.974789
899.488 237.366 0.175362 -0.139899 0.971594
873.382 379.302 0.150403 -0.0681649 0.783407
811.676 469.856 0.143989 -0.034722 0.728119
723.022 430.168 0.186144 -0.00671359 0.792633
917.915 95.3724 0.0853634 -0.144266 1.00124
606.569 638.007 0.0822398 0.0184254 0.623135
644.831 487.93 0.100935 0.0154224 0.679732
712.959 181.333 0.136584 -0.00478272 0.985022
624.446 306.249 0.22778 0.0656851 0.967459
889.088 541.45 0.181726 -0.0657424 0.728668
828.037 315.94 0.241282 -0.0957264 0.969895
860.05 544 0.0669095 -0.0271094 0.630307
659.02 369.584 0.168088 0.0227153 0.814578
760.173 639.75 0.0856836 -0.00942754 0.624898
578.34 309.481 0.22371 0.0986163 0.957207
788.369 175.837 0.166777 -0.0784287 1.10368
805.324 169.276 0.126721 -0.0677588 0.976882
670.223 317.531 0.226564 0.0285281 0.948511
619.581 263.635 0.188546 0.0639338 0.962618
581.601 365.12 0.270732 0.10219 0.948929
774.602 504.865 0.390303 -0.0539877 0.903336
658.233 366.29 0.169684 0.023486 0.819133
906.429 163.595 0.131673 -0.147174 1.00422
545.497 181.078 0.135188 0.113824 0.986979
952.15 506.087 0.100539 -0.0585129 0.671832
787.835 231.218 0.156942 -0.0533481 0.942952
538.636 213.212 0.157362 0.122309 0.98334
583.141 302.837 0.217279 0.0936773 0.956143
731.416 314.842 0.232527 -0.0176781 0.960136
820.965 403.509 0.312745 -0.0933715 0.945019
825.675 386.333 0.116299 -0.0386386 0.737733
846.504 234.923 0.173816 -0.101689 0.973864
923.415 469.103 0.110588 -0.058458 0.694589
793.582 366.851 0.171157 -0.0411714 0.81899
672.798 342.008 0.573303 0.095247 1.37735
564.263 241.362 0.172609 0.102432 0.967389
670.635 319.644 0.247343 0.0315006 0.97723
561.021 239.749 0.169575 0.10317 0.963392
949.67 522.568 0.212607 -0.104494 0.76127
655.942 110.67 0.105595 0.0423773 1.08359
947.023 503.492 0.102048 -0.0581033 0.67412
779.631 346.278 0.535245 -0.139605 1.30863
729.761 357.204 0.262075 -0.016031 0.945154
615.754 300.254 0.210703 0.0671272 0.948174
623.342 307.6 0.223042 0.064506 0.957836
765.962 424.952 0.499561 -0.0757704 1.08661
498.007 161.763 0.129039 0.156808 1.01645
864.07 347.943 0.267001 -0.126435 0.960858
776.617 358.545 0.253606 -0.0504836 0.931869
646.164 489.003 0.104594 0.015475 0.682972
531.008 488.646 0.103153 0.0443529 0.682281
632.896 497.649 0.110016 0.0193563 0.685308
670.764 319.664 0.501041 0.0907489 1.36344
664.204 385.26 0.145004 0.0168871 0.775039
722.004 314.679 0.570791 -0.0246833 1.49075
886.666 278.594 0.235299 -0.158468 1.01974
833.884 248.573 0.191087 -0.0979297 0.988007
608.222 410.505 -0.1918 0.00245042 0.31346
809.29 173.618 0.133164 -0.0730929 0.988261
722.223 186.889 0.148486 -0.0119497 1.00953
951.072 60.9656 0.0551919 -0.130766 0.928287
868.29 235.784 0.174255 -0.11734 0.972733
917.686 170.822 0.134753 -0.1532 0.996317
882.599 239.615 0.178558 -0.129336 0.975245
696.656 205.626 -0.195586 0.00369822 0.303864
600.479 368.135 -0.209041 0.00365406 0.285986
534.534 249.159 0.224822 0.170532 1.07187
604.079 190.759 0.138964 0.0707642 0.97545
939.965 33.1998 0.0539606 -0.204914 1.12875
619.963 138.287 -0.163429 0.00154698 0.34956
937.737 338.136 0.255901 -0.182343 0.957622
582.256 364.795 0.271711 0.10221 0.950542
727.874 450.637 0.166334 -0.00780261 0.76033
644.177 387.201 0.111328 0.0194977 0.732529
757.521 347.441 0.510776 -0.0875427 1.27576
889.772 547.781 0.178773 -0.0644102 0.723654
736.628 178.515 0.13309 -0.0211677 0.979357
821.435 264.804 0.203855 -0.0893585 0.985994
589.257 3.346 0.0305937 0.0763883 1.03309
871.675 266.038 0.21184 -0.134056 0.998239
722.296 93.1547 0.082311 -0.0119021 1.00246
600.392 105.066 0.0889612 0.0717686 1.00468
645.737 100.341 0.0853718 0.0396457 0.998301
679.248 264.24 0.197207 0.0217597 0.977446
495.185 145.176 0.116967 0.155547 1.01601
544.881 183.262 0.137498 0.115432 0.989442
