610.626 6.21729 0.15335 0.0404489 0.766471
544.046 13.8593 0.156308 0.0654225 0.770149
733.523 217.553 0.236716 -0.493013 4.86275
717.505 209.894 -0.101603 -0.135097 5.52097
726.705 136.051 -0.124425 -0.188853 3.55016
720.685 2.0953 0.154621 2.44137e-05 0.781342
563.822 31.0181 0.0276996 0.45142 2.03778
851.275 100.269 0.180243 -0.0446315 0.7404
488.536 201.555 0.211169 0.0858731 0.728246
544.629 6.55378 0.15364 0.0645906 0.768785
843.015 120.173 0.201432 -0.0533063 0.785584
763.351 200.265 0.221474 -0.0159916 0.748501
587.273 248.362 0.253742 0.0608581 0.771601
792.828 250.259 0.262136 -0.0356308 0.78216
884.265 214.193 0.227287 -0.0648787 0.746204
754.965 214.901 0.224673 -0.0121723 0.741954
909.732 254.312 0.277582 -0.103015 0.804676
721.408 247.915 0.253278 -0.000383216 0.768916
849.229 250.791 0.264379 -0.063996 0.784841
941.483 205.531 0.226502 -0.0898933 0.751849
658.022 242.106 0.238998 0.0268449 0.747957
583.762 246.064 0.247177 0.0601728 0.761249
493.899 304.227 0.239386 0.08343 0.703918
811.601 297.32 0.242206 -0.0307224 0.708815
500.715 239.447 0.219859 0.0801737 0.715501
500.52 295.599 0.237234 0.0812133 0.706131
870.219 239.958 0.224967 -0.0526444 0.719981
533.448 251.586 0.261277 0.0892439 0.783726
507.616 388.728 0.28121 0.0867169 0.707285
497.553 411.917 0.405981 0.152318 0.825681
878.536 312.941 0.257253 -0.0603629 0.719904
943.998 240.705 0.238944 -0.0911227 0.744779
945.074 382.694 0.292332 -0.0936109 0.71794
867.179 239.721 0.232135 -0.0556835 0.733792
947.533 242.159 0.23837 -0.0916376 0.742373
497.631 292.742 0.2314 0.0795166 0.698727
666.472 251.302 0.239965 0.0232334 0.741703
938.851 311.939 0.259452 -0.0858838 0.722996
887.081 314.111 0.250852 -0.0601185 0.709618
888.151 321.795 0.265745 -0.0670878 0.725802
722.383 301.472 0.2462 0.00181728 0.713332
732.243 314.946 0.269786 -0.00380394 0.738981
809.377 242.041 0.231756 -0.0326742 0.731976
521.2 205.432 0.228515 0.0844208 0.762991
807.662 387.968 0.280333 -0.0314529 0.702709
662.829 290.134 0.237291 0.0235904 0.707826
657.895 239.861 0.221345 0.0248933 0.715995
495.375 208.161 0.221122 0.089105 0.744253
644.103 380.883 0.261992 0.0307128 0.687155
567.115 244.129 0.229822 0.0602262 0.729999
774.91 194.485 0.209751 -0.0175837 0.727312
651.15 300.082 0.231562 0.0268714 0.692525
499.441 459.822 0.292269 0.0855546 0.68015
515.189 450.042 0.311717 0.0883795 0.703911
500.256 300.978 0.239268 0.081589 0.705779
610.251 1.49618 0.151592 0.0403131 0.76519
567.04 301.359 0.242551 0.058843 0.70979
867.114 242.809 0.234202 -0.0562561 0.735138
720.223 298.855 0.245485 0.00260092 0.714055
864.906 292.113 0.247682 -0.0537487 0.720294
519.232 248.473 0.234515 0.0803767 0.736008
943.269 445.003 0.316954 -0.0938515 0.705766
573.6 452.307 0.300622 0.0608129 0.691147
863.791 191.965 0.213697 -0.0527067 0.737253
517.923 388.546 0.287904 0.0855567 0.715126
796.301 246.759 0.251774 -0.0340429 0.765933
580.236 378.843 0.267376 0.0549905 0.695615
868.85 385.998 0.284883 -0.0575866 0.708331
958.735 374.052 0.293074 -0.101989 0.72427
846.125 98.5625 0.181007 -0.0438214 0.745085
720.606 238.716 0.211761 0.00338087 0.697907
528.255 606.595 0.264199 0.056728 0.600226
949.542 442.871 0.335705 -0.107663 0.724559
809.75 445.65 0.307761 -0.0339595 0.698503
903.677 214.67 0.24686 -0.0884553 0.787366
656.898 322.906 0.518374 0.0736943 1.09143
924.787 247.72 0.274863 -0.111272 0.806706
937.842 370.639 0.2813 -0.0864838 0.71271
515.778 155.675 0.213083 0.0877865 0.779904
801.014 246.464 0.245179 -0.0337414 0.75365
683.867 322.579 0.493612 0.0329569 1.05543
719.27 524.112 0.185942 0.0100366 0.555332
659.018 390.014 0.278309 0.0266493 0.701114
930.091 365.363 0.284802 -0.086515 0.720497
848.166 297.081 0.273019 -0.0581662 0.756413
802.321 578.155 0.065961 0.0137924 0.426859
645.679 374.364 0.270689 0.031364 0.701445
748.938 442.673 0.140129 0.00829573 0.523006
598.266 571.379 0.167328 0.027216 0.529407
652.594 160.643 0.228384 0.0317933 0.814675
875.862 298.899 0.242366 -0.0540873 0.707174
796.325 262.527 0.281968 -0.0426557 0.805812
863.408 242.181 0.240554 -0.0585841 0.74776
809.927 201.524 0.21997 -0.0336882 0.74326
850.77 102.634 0.181221 -0.0446661 0.740891
821.834 206.493 0.237674 -0.0463197 0.777549
527.403 248.577 0.253551 0.0881066 0.772022
950.784 371.605 0.301627 -0.104775 0.736226
663.169 248.871 0.25554 0.0263598 0.773265
930.056 208.308 0.232234 -0.0895488 0.761802
496.972 301.894 0.240135 0.083093 0.706569
719.991 250.703 0.259999 -0.000211149 0.77894
566.662 490.232 -0.00852391 0.0189432 0.335296
829.317 200.206 0.226905 -0.0451444 0.75978
956.475 363.798 0.294063 -0.104274 0.732512
601.329 9.61578 0.174992 0.0973494 1.11271
900.538 220.918 0.256956 -0.093313 0.802054
806.933 387.792 0.293767 -0.0347708 0.718312
810.202 197.45 0.214786 -0.0321138 0.735462
675.365 211.394 0.553514 0.166114 2.1174
569.841 104.963 0.170699 0.049288 0.70856
556.316 290.693 0.233318 0.0603652 0.702416
933.955 437.568 0.354317 -0.111819 0.74568
948.709 312.579 0.278546 -0.103772 0.750346
845.05 220.454 0.235604 -0.0525287 0.758319
740.065 333.048 1.00264 -0.135583 1.68965
860.952 443.948 0.349704 -0.0706539 0.738288
929.941 555.9 0.425336 -0.117429 0.723119
868.378 441.704 0.291904 -0.052709 0.684438
926.403 432.298 0.370861 -0.118473 0.765072
899.437 207.915 0.211082 -0.0605219 0.717283
629.357 445.252 -0.0190103 0.0201219 0.319821
485.106 316.087 -0.0577058 0.0210308 0.260711
937.953 517.008 0.339809 -0.0896869 0.686356
875.122 523.886 0.497176 -0.119672 0.790094
798.13 375.654 0.270333 -0.0263186 0.69828
890.874 372.766 0.378766 -0.119284 0.826303
674.035 342.047 0.771865 0.0949398 1.36338
943.193 499.379 0.371612 -0.111154 0.720181
896.186 534.528 0.310674 -0.0588909 0.656611
586.487 26.8764 0.183211 0.0793758 0.944804
743.603 319.632 0.782297 -0.107266 1.4773
809.329 302.764 0.242312 -0.0293602 0.705382
718.11 138.667 0.290086 -0.0132771 1.1253
733.392 269.531 -0.0721421 0.0252489 0.239178
952.573 322.527 -0.0757849 0.027235 0.234819
506.65 22.1665 -0.065837 0.0226493 0.243553
597.081 28.8213 0.18852 0.0856835 1.0186
499.345 151.688 0.222357 0.105285 0.812921
940.135 495.677 0.371581 -0.110421 0.722442
694.499 130.68 0.198956 0.0109299 0.766185
957.767 498.291 0.348925 -0.106522 0.703011
584.031 136.23 0.198294 0.054079 0.75923
720.053 10.7238 0.164267 -0.00181033 0.827816
692.123 166.599 -0.067405 0.024595 0.244039
933.945 76.8539 -0.0478599 0.0267194 0.269232
509.64 411.321 0.545136 0.230218 0.960294
716.664 55.2919 0.211137 -0.010594 1.09887
609.258 50.4522 -0.0244389 0.0205014 0.302167
611.78 19.619 0.18104 0.0967297 1.15992
910.818 380.696 0.248762 -0.057252 0.668273
915.286 500.737 0.393879 -0.107055 0.736551
943.359 312.435 0.2572 -0.0859974 0.719284
726.28 133.87 -0.126477 -0.181767 3.5201
