721.63 265.863 0.188238 -0.0126147 0.976571
621.95 266.102 0.18875 0.0633365 0.979175
818.43 233.587 0.162852 -0.0829511 0.976202
807.715 173.619 0.122128 -0.0726744 0.985618
720.807 93.068 0.0720071 -0.0124187 0.997898
924.784 89.7236 0.0697896 -0.143127 0.988127
539.974 181.878 0.125744 0.114459 0.985863
595.207 98.8618 0.0738283 0.0698558 0.993232
644.725 96.8895 0.074263 0.0382814 1.00066
539.185 181.816 0.124355 0.113521 0.981705
482.236 110.8 0.0828598 0.151234 1.0067
901.931 149.578 0.110549 -0.140946 1.00065
756.852 238.19 0.16682 -0.0385248 0.978313
825.282 238.777 0.154064 -0.0811438 0.947976
496.156 152.576 0.114868 0.155899 1.0226
721.688 85.2174 0.0678592 -0.0130868 1.00167
644.751 90.5299 0.069747 0.0374753 0.996763
931.77 122.896 0.0821968 -0.137908 0.953873
811.344 173.021 0.140198 -0.0887361 1.04778
875.133 239.347 0.170117 -0.126957 0.981028
777.155 265.973 0.189194 -0.0548206 0.977127
597.432 94.9329 0.0725562 0.0694064 0.999665
776.672 266.299 0.190175 -0.0546884 0.978493
896.784 246.568 0.180472 -0.148348 0.990111
905.569 146.471 0.106988 -0.140837 0.995009
516.718 220.186 0.0804148 0.0727081 0.815839
579.617 266.434 0.193295 0.098508 0.98835
563.325 240.758 0.164289 0.101729 0.972329
578.763 267.48 0.18598 0.0942299 0.972425
820.906 267.135 0.186534 -0.0861768 0.969305
903.413 241.461 0.167138 -0.143669 0.970297
822.544 265.434 0.183751 -0.0865162 0.96664
823.365 268.093 0.185505 -0.0871609 0.965801
750.965 236.646 0.162706 -0.0335632 0.971962
895.862 298.196 0.220489 -0.152534 0.979451
898.885 155.05 0.115532 -0.141311 1.00511
781.305 268.078 0.185589 -0.0563585 0.96679
779.941 265.42 0.18229 -0.0548521 0.964676
785.086 268.567 0.180003 -0.0571766 0.95541
721.816 265.671 0.187698 -0.0127361 0.975835
721.252 268.572 0.186567 -0.0121452 0.969029
798.638 232.731 0.162805 -0.0688467 0.978042
481.911 109.401 0.081757 0.150723 1.00557
529.699 210.951 0.143553 0.122937 0.97733
716.492 31.8972 0.0427829 -0.0120094 1.14749
500.885 191.384 0.0953057 0.101179 0.883683
722.444 420.044 0.230086 -0.0102608 0.858072
618.237 268.082 0.182043 0.0628069 0.963143
628.753 497.801 0.104881 0.0194436 0.694621
676.714 268.258 0.171573 0.0186995 0.941916
598.666 101.14 0.0775115 0.0704589 1.00617
834.261 247.89 0.177329 -0.0978239 0.982468
861.467 478.296 0.464379 -0.173571 0.986782
678.381 268.436 0.184014 0.0193415 0.965209
717.964 25.9796 0.0372741 -0.0143147 1.20231
532.687 395.707 0.327332 0.166484 0.985776
487.342 355.434 0.268419 0.186346 0.973317
909.152 163.777 0.119501 -0.146745 0.996987
878.954 267.005 0.190169 -0.131835 0.975294
870.961 357.723 0.253695 -0.128557 0.945623
834.038 316.51 0.203843 -0.0893803 0.929272
864.164 315.726 0.238777 -0.131154 0.982225
490.751 143.864 0.10645 0.154242 1.01364
630.935 320.294 0.215816 0.0547532 0.945548
553.144 613.372 0.322827 0.0924572 0.793005
763.297 237.059 0.158483 -0.0412248 0.961627
836.176 477.451 0.102843 -0.0372601 0.699154
780.184 310.289 0.213196 -0.055646 0.952476
533.293 481.024 0.100081 0.0449933 0.696564
935.191 213.272 0.154535 -0.171983 0.991556
929.263 216.824 0.161716 -0.173803 1.00273
860.118 241.036 0.169877 -0.114879 0.977863
887.636 359.776 0.264695 -0.147376 0.956329
592.785 374.82 0.135712 0.044534 0.786993
573.152 265.864 0.181861 0.0964428 0.967135
917.146 95.9029 0.0763137 -0.145481 1.00467
574.159 388.039 0.136337 0.0509347 0.779589
887.25 262.084 0.193513 -0.143504 0.989773
576.617 308.907 0.214529 0.0977962 0.959973
883.931 355.573 0.267852 -0.14809 0.965733
822.866 268.201 0.181146 -0.0845741 0.957416
850.454 359.019 0.333667 -0.153051 1.04152
932.865 215.159 0.158487 -0.173791 0.997867
770.581 317.03 0.2276 -0.0508067 0.965242
734.187 369.711 0.161293 -0.0147864 0.821105
893.011 315.8 0.222396 -0.143086 0.957034
575.187 311.541 0.215167 0.0983587 0.957311
805.591 174.393 0.123828 -0.0720016 0.989392
722.012 367.418 0.25528 -0.0120644 0.938095
624.338 317.049 0.207501 0.0574781 0.937384
676.881 265.532 0.186576 0.0210954 0.974782
677.645 309.316 0.214449 0.0210059 0.957518
745.209 250.201 0.174567 -0.0299414 0.974577
898.385 239.427 0.166187 -0.140339 0.971791
867.559 382.34 0.143968 -0.0691404 0.789984
805.354 471.129 0.138965 -0.0357069 0.736654
719.159 432.563 0.179336 -0.00710324 0.797767
917.532 96.5284 0.0762392 -0.144757 1.00195
605.185 631.441 0.0777476 0.0180141 0.633904
641.629 488.938 0.0957625 0.0150895 0.689044
711.285 182.365 0.127228 -0.00547656 0.984912
622.656 306.929 0.219907 0.0651297 0.970506
882.049 541.73 0.176505 -0.0671793 0.736067
826.514 318.181 0.231032 -0.0956999 0.967762
846.899 542.715 0.0625512 -0.0281329 0.641482
655.997 372.247 0.16102 0.0224546 0.819599
751.128 634.549 0.081661 -0.0100871 0.635704
574.713 310.882 0.213817 0.0982018 0.956129
788.204 175.159 0.155254 -0.0783619 1.0966
804.52 170.787 0.116635 -0.0680418 0.974273
666.652 319.968 0.214579 0.0282896 0.94355
617.012 264.838 0.179269 0.063318 0.962869
577.698 366.794 0.260222 0.101778 0.946993
766.235 487.734 0.437847 -0.0594079 0.959615
655.401 369.557 0.161984 0.0230263 0.822832
906.163 164.869 0.121987 -0.147232 1.00298
542.782 181.432 0.126621 0.113712 0.989515
940.122 507.312 0.09548 -0.0600262 0.681267
785.994 233.333 0.148316 -0.0540149 0.944662
535.464 213.804 0.148206 0.121795 0.983769
580.082 303.95 0.207963 0.0932634 0.956424
729.426 316.516 0.22301 -0.0182503 0.959771
819.628 406.422 0.301673 -0.0935597 0.941864
610.228 549.947 0.567994 0.125453 0.961393
819.537 398.305 0.105358 -0.0377929 0.735545
845.483 236.829 0.164054 -0.101949 0.972662
913.976 475.114 0.10425 -0.0592635 0.701029
789.772 369.51 0.164266 -0.0419577 0.824411
669.093 343.198 0.541045 0.0928031 1.33876
561.394 242.275 0.16368 0.102018 0.968443
667.817 321.288 0.23645 0.0310438 0.97418
557.021 241.012 0.159964 0.10289 0.962498
943.251 523.953 0.206603 -0.106081 0.7671
653.507 109.021 0.0950792 0.0416226 1.07881
935.364 502.981 0.0972452 -0.0598713 0.684354
781.456 348.587 0.501871 -0.135493 1.26874
727.346 359.752 0.25109 -0.0162705 0.942122
612.794 301.618 0.201398 0.0667503 0.948472
620.442 308.994 0.213592 0.0640699 0.957614
767.561 434.463 0.452031 -0.0719044 1.03978
496.32 161.57 0.121265 0.1572 1.02185
863.323 350.629 0.255383 -0.126072 0.956823
774.34 360.744 0.243976 -0.0507738 0.931433
642.951 487.68 0.0999077 0.0152482 0.693473
530.806 488.558 0.0980911 0.0445424 0.691921
630.309 497.443 0.10491 0.0190355 0.69477
667.099 319.913 0.473204 0.088739 1.32915
661.376 389.671 0.137555 0.016277 0.779365
720.946 315.292 0.523023 -0.0232087 1.4206
886.573 280.168 0.224409 -0.158238 1.01618
832.705 250.178 0.181174 -0.0980899 0.986586
808.091 174.884 0.123445 -0.0733085 0.986995
718.977 175.333 0.113874 -0.0103534 0.958304
867.148 237.699 0.164566 -0.117466 0.971845
915.555 172.635 0.126003 -0.152961 0.99745
880.195 241.084 0.170221 -0.12985 0.978103
723.321 201.1 -0.210169 0.00301103 0.310212
636.561 377.401 -0.224353 0.00295402 0.291767
529.885 249.015 0.213206 0.168886 1.0658
601.472 191.696 0.130124 0.0703457 0.97673
921.131 58.8982 0.0665426 -0.219226 1.18825
643.206 130.728 -0.17807 0.000866238 0.354865
578.819 366.204 0.261744 0.101761 0.949545
723.685 451.155 0.161334 -0.00836313 0.76879
640.231 388.101 0.10707 0.0198836 0.743803
779.848 365.31 0.271169 -0.060426 0.958838
882.642 549.414 0.172981 -0.0655478 0.730051
734.756 179.719 0.123896 -0.0216255 0.979756
675.787 218.399 -0.216961 0.00283997 0.300834
744.602 94.6965 -0.192623 0.00282825 0.332864
598.241 98.6372 0.0757561 0.0703039 1.00508
633.003 25.3153 0.0302507 0.0378519 0.96617
530.913 493.113 0.0967948 0.0438236 0.689073
717.07 33.1503 0.041322 -0.0141775 1.25193
899.363 244.59 0.176337 -0.147602 0.984748
585.443 12.8308 0.0267362 0.0735063 1.0145
692.96 194.693 -0.213671 0.00284965 0.30515
693.265 373.634 -0.209975 0.00262642 0.313587
696.638 367.201 -0.209225 0.00263498 0.314598
571.385 392.597 0.133546 0.0506381 0.773538
636.637 11.9648 0.0269368 0.0418688 1.02282
736.505 471.292 0.137342 -0.0118137 0.735443
864.115 434.134 0.0372018 -0.0294556 0.643202
736.866 478.006 0.133855 -0.0116243 0.729117
720.635 365.596 0.258789 -0.0111545 0.944527
579.604 307.31 0.216166 0.0969182 0.964784
758.202 177.643 0.122854 -0.0377693 0.980377
938.323 275.111 0.197438 -0.178537 0.974733
875.359 266.146 0.193722 -0.132271 0.983563
820.164 266.432 0.193953 -0.0896109 0.984658
586.443 2.10037 0.0214596 0.0758709 1.03339
871.071 267.75 0.201351 -0.133924 0.995544
720.684 93.2952 0.0726934 -0.0124135 1.0012
597.407 104.915 0.0794799 0.0711696 1.00392
643.507 100.61 0.0762853 0.0391062 0.999151
676.772 265.592 0.18737 0.0212991 0.97623
491.461 144.773 0.107485 0.154632 1.0153
541.628 183.658 0.128036 0.114677 0.989017
