723.168 266.111 0.188722 -0.0126885 0.978907
622.892 266.324 0.189234 0.0632628 0.981511
820.65 233.654 0.163336 -0.0830249 0.978539
809.931 173.299 0.122612 -0.0727482 0.987954
722.545 92.2378 0.0724911 -0.0124924 1.00023
927.961 88.8265 0.0702736 -0.143201 0.990463
540.563 181.59 0.126228 0.114385 0.9882
596.193 98.0731 0.0743122 0.069782 0.995568
645.987 96.0983 0.074747 0.0382076 1.003
539.774 181.523 0.124839 0.113447 0.984042
482.589 110.122 0.0833437 0.15116 1.00903
904.774 149.118 0.111033 -0.14102 1.00298
758.652 238.275 0.167304 -0.0385986 0.98065
827.662 238.865 0.154547 -0.0812176 0.950313
496.53 152.164 0.115352 0.155825 1.02494
723.432 84.3432 0.0683432 -0.0131605 1.004
646.03 89.6898 0.070231 0.0374015 0.9991
935.124 122.173 0.0826808 -0.137982 0.95621
813.368 172.76 0.140682 -0.0888099 1.05011
877.711 239.467 0.170601 -0.12703 0.983364
779.041 266.238 0.189678 -0.0548943 0.979463
598.425 94.1326 0.0730401 0.0693326 1.002
778.55 266.566 0.190659 -0.0547622 0.980829
899.457 246.743 0.180956 -0.148422 0.992448
908.471 145.983 0.107472 -0.140911 0.997345
517.376 219.903 0.0808987 0.0726343 0.818175
580.311 266.647 0.193779 0.0984343 0.990686
563.986 240.812 0.164772 0.101655 0.974665
579.474 267.696 0.186464 0.0941562 0.974762
823.109 267.419 0.187018 -0.0862505 0.971641
906.237 241.597 0.167622 -0.143743 0.972633
824.773 265.707 0.184235 -0.08659 0.968976
825.598 268.383 0.185988 -0.0872347 0.968137
752.751 236.717 0.16319 -0.033637 0.974299
898.475 298.703 0.220973 -0.152608 0.981787
901.678 154.633 0.116016 -0.141384 1.00745
783.253 268.356 0.186073 -0.0564322 0.969126
781.893 265.68 0.182774 -0.0549259 0.967012
787.102 268.847 0.180487 -0.0572504 0.957746
723.358 265.918 0.188182 -0.0128099 0.978171
722.806 268.836 0.187051 -0.012219 0.971365
800.721 232.79 0.163289 -0.0689205 0.980378
482.263 108.713 0.0822409 0.150649 1.0079
530.208 210.827 0.144037 0.122863 0.979666
717.944 30.9871 0.0432669 -0.0120832 1.14982
501.344 191.003 0.0957897 0.101105 0.886019
724.162 421.376 0.23057 -0.0103345 0.860409
619.187 268.311 0.182527 0.0627332 0.96548
630.668 500.269 0.105365 0.0193699 0.696957
678.071 268.501 0.172057 0.0186258 0.944253
599.648 100.391 0.0779955 0.0703852 1.00851
836.536 248.057 0.177813 -0.0978977 0.984804
863.416 479.827 0.464863 -0.173645 0.989118
679.683 268.685 0.184498 0.0192677 0.967545
719.339 25.129 0.0377581 -0.0143885 1.20465
532.98 396.576 0.327816 0.16641 0.988112
487.477 356.093 0.268903 0.186273 0.975653
912.038 163.41 0.119985 -0.146819 0.999323
881.53 267.305 0.190653 -0.131909 0.97763
873.434 358.618 0.254179 -0.128631 0.94796
836.417 317.127 0.204327 -0.089454 0.931608
866.51 316.331 0.239261 -0.131228 0.984561
491.11 143.39 0.106934 0.154169 1.01598
631.921 320.843 0.2163 0.0546794 0.947884
553.564 616.036 0.323311 0.0923834 0.795342
765.2 237.129 0.158966 -0.0412985 0.963964
840.338 479.828 0.103327 -0.0373338 0.70149
782.102 310.835 0.21368 -0.0557198 0.954812
534.222 483.246 0.100565 0.0449195 0.698901
938.195 213.235 0.155019 -0.172056 0.993892
932.165 216.816 0.1622 -0.173877 1.00507
862.602 241.162 0.170361 -0.114953 0.980199
890.169 360.683 0.265179 -0.14745 0.958665
593.934 375.855 0.136196 0.0444602 0.789329
573.843 266.068 0.182345 0.0963691 0.969471
920.175 95.0817 0.0767977 -0.145554 1.007
575.166 389.183 0.136821 0.0508609 0.781925
889.828 262.357 0.193997 -0.143577 0.992109
577.28 309.362 0.215012 0.0977224 0.96231
886.404 356.444 0.268336 -0.148164 0.968069
825.131 268.49 0.18163 -0.0846478 0.959753
852.404 359.835 0.334151 -0.153125 1.04386
935.819 215.139 0.158971 -0.173865 1.0002
772.375 317.61 0.228084 -0.0508805 0.967578
736.308 370.739 0.161777 -0.0148601 0.823441
895.674 316.426 0.22288 -0.14316 0.95937
575.843 312.012 0.215651 0.098285 0.959647
807.778 174.082 0.124312 -0.0720753 0.991728
723.498 368.3 0.255764 -0.0121381 0.940431
625.308 317.579 0.207985 0.0574043 0.93972
678.153 265.765 0.187059 0.0210217 0.977118
678.897 309.815 0.214932 0.0209321 0.959855
746.927 250.358 0.17505 -0.0300152 0.976914
901.17 239.549 0.166671 -0.140412 0.974127
871.06 383.582 0.144452 -0.0692141 0.792321
808.641 473.262 0.139449 -0.0357806 0.73899
721.179 434.117 0.17982 -0.00717701 0.800103
920.575 95.7065 0.0767231 -0.144831 1.00429
607.355 635.952 0.0782316 0.0179403 0.636241
643.764 491.355 0.0962464 0.0150157 0.69138
712.867 182.094 0.127712 -0.00555032 0.987248
623.559 307.389 0.220391 0.0650559 0.972843
885.898 544.559 0.176989 -0.0672531 0.738403
828.663 318.791 0.231516 -0.0957737 0.970098
852.338 546.236 0.0630351 -0.0282067 0.643819
657.5 373.255 0.161504 0.0223809 0.821935
755.149 639.189 0.0821449 -0.0101608 0.63804
575.369 311.349 0.214301 0.098128 0.958466
789.95 174.947 0.155738 -0.0784356 1.09893
806.765 170.434 0.117119 -0.0681156 0.976609
667.858 320.531 0.215063 0.0282159 0.945887
617.959 265.047 0.179753 0.0632443 0.965205
578.307 367.585 0.260706 0.101704 0.949329
767.672 489.281 0.438331 -0.0594817 0.961951
656.888 370.54 0.162468 0.0229525 0.825168
908.998 164.515 0.122471 -0.147306 1.00531
543.383 181.146 0.127105 0.113639 0.991851
945.774 510.179 0.0959639 -0.0601 0.683603
788.124 233.374 0.1488 -0.0540887 0.946998
535.994 213.703 0.148689 0.121722 0.986106
580.777 304.379 0.208447 0.0931896 0.95876
730.978 317.078 0.223494 -0.0183241 0.962107
821.658 407.593 0.302157 -0.0936335 0.9442
610.679 551.599 0.568478 0.125379 0.963729
823.175 399.752 0.105842 -0.0378667 0.737881
847.896 236.922 0.164538 -0.102023 0.974999
918.985 477.51 0.104734 -0.0593373 0.703366
792.324 370.563 0.16475 -0.0420314 0.826747
669.693 343.684 0.541529 0.0927294 1.3411
562.048 242.336 0.164164 0.101944 0.970779
668.948 321.847 0.236934 0.03097 0.976516
557.66 241.062 0.160448 0.102816 0.964834
947.317 526.516 0.207087 -0.106155 0.769436
654.655 108.435 0.0955632 0.0415489 1.08115
940.898 505.779 0.0977291 -0.0599451 0.686691
782.565 349.182 0.502355 -0.135567 1.27107
728.866 360.587 0.251574 -0.0163443 0.944458
613.694 302.047 0.201882 0.0666765 0.950809
621.357 309.468 0.214076 0.0639962 0.95995
768.879 435.61 0.452515 -0.0719782 1.04211
496.685 161.208 0.121749 0.157126 1.02419
865.704 351.466 0.255867 -0.126146 0.95916
776.206 361.619 0.24446 -0.0508475 0.933769
531.729 490.88 0.098575 0.0444686 0.694258
667.734 320.327 0.473688 0.0886652 1.33149
663.118 390.878 0.138039 0.0162032 0.781702
721.7 315.687 0.523507 -0.0232824 1.42293
889.001 280.555 0.224893 -0.158311 1.01852
834.949 250.36 0.181658 -0.0981636 0.988922
810.303 174.574 0.123929 -0.0733822 0.989332
869.714 237.802 0.16505 -0.11754 0.974181
918.468 172.328 0.126487 -0.153034 0.999786
882.818 241.215 0.170705 -0.129924 0.980439
923.583 58.1177 0.0670265 -0.219299 1.19059
579.431 366.99 0.262228 0.101687 0.951881
725.923 452.943 0.161818 -0.00843689 0.771127
642.036 389.338 0.107554 0.0198098 0.74614
781.633 366.191 0.271653 -0.0604998 0.961174
886.562 552.348 0.173465 -0.0656216 0.732387
736.506 179.427 0.12438 -0.0216993 0.982092
646.986 259.617 -0.216477 0.0027662 0.30317
727.562 113.951 -0.192139 0.00275449 0.335201
634.366 23.9548 0.0307346 0.0377781 0.968507
531.85 495.497 0.0972788 0.0437499 0.691409
718.359 32.4052 0.0418059 -0.0142513 1.25426
902.083 244.751 0.176821 -0.147676 0.987084
586.445 11.5501 0.0272202 0.0734325 1.01684
668.355 228.916 -0.213187 0.00277589 0.307486
671.826 408.515 -0.209491 0.00255266 0.315923
675.643 400.961 -0.208742 0.00256121 0.316934
572.388 393.788 0.13403 0.0505643 0.775874
637.917 10.6873 0.0274207 0.041795 1.02516
739.132 473.384 0.137826 -0.0118874 0.73778
870.104 436.226 0.0376857 -0.0295293 0.645539
739.55 480.187 0.134339 -0.011698 0.731453
722.094 366.46 0.259273 -0.0112282 0.946863
580.278 307.756 0.21665 0.0968445 0.967121
760.104 177.34 0.123338 -0.0378431 0.982713
941.31 275.483 0.197922 -0.17861 0.97707
877.875 266.441 0.194206 -0.132345 0.985899
822.302 266.713 0.194437 -0.0896847 0.986994
587.436 0.807323 0.0219435 0.0757971 1.03573
873.504 268.055 0.201835 -0.133997 0.99788
722.411 92.4731 0.0731773 -0.0124873 1.00354
598.381 104.186 0.0799639 0.0710958 1.00626
644.761 99.8397 0.0767692 0.0390325 1.00149
678.039 265.825 0.187854 0.0212253 0.978566
491.822 144.307 0.107969 0.154558 1.01763
542.221 183.385 0.12852 0.114603 0.991353
