616.074 6.6334 0.153823 0.0401996 0.769244
548.889 14.4164 0.156781 0.0651732 0.772922
544.835 0.0246811 0.150241 0.0637586 0.761734
734.172 218.054 0.237189 -0.493262 4.86552
718.122 210.5 -0.10113 -0.135346 5.52375
727.71 136.879 -0.123952 -0.189103 3.55293
726.923 2.35973 0.155094 -0.000224954 0.784115
565.978 32.5567 0.0281725 0.45117 2.04056
859.196 101.317 0.180716 -0.0448809 0.743173
492.768 203.684 0.211642 0.0856238 0.731019
549.514 7.05158 0.154113 0.0643412 0.771558
849.967 121.313 0.201905 -0.0535557 0.788357
769.775 202.244 0.221947 -0.016241 0.751274
591.617 250.635 0.254215 0.0606087 0.774374
798.819 252.5 0.262609 -0.0358802 0.784933
891.987 216.286 0.22776 -0.0651281 0.748977
761.354 217.039 0.225146 -0.0124217 0.744727
916.586 256.487 0.278055 -0.103265 0.807449
726.919 250.199 0.253751 -0.000632584 0.771689
855.749 253.025 0.264852 -0.0642454 0.787614
949.804 207.507 0.226975 -0.0901426 0.754622
663.275 244.447 0.239471 0.0265955 0.75073
588.204 248.369 0.24765 0.0599235 0.764022
498.091 307.323 0.239859 0.0831806 0.706692
818.893 300.419 0.242679 -0.0309717 0.711588
505.06 241.942 0.220332 0.0799243 0.718274
504.773 298.61 0.237707 0.0809639 0.708904
878.209 242.439 0.22544 -0.0528938 0.722754
537.274 253.824 0.26175 0.0889946 0.786499
511.544 392.449 0.281683 0.0864675 0.710058
500.255 414.783 0.406454 0.152068 0.828454
886.296 316.125 0.257726 -0.0606122 0.722677
953.356 386.595 0.292805 -0.0938602 0.720713
874.841 242.118 0.232608 -0.0559328 0.736565
955.965 244.532 0.238843 -0.091887 0.745146
501.968 295.788 0.231873 0.0792672 0.7015
671.856 253.751 0.240438 0.0229841 0.744476
947.283 315.112 0.259925 -0.0861332 0.72577
895.171 317.391 0.251325 -0.0603679 0.712391
895.857 325.019 0.266218 -0.0673371 0.728575
728.586 304.546 0.246673 0.00156791 0.716105
738.034 317.948 0.270259 -0.00405331 0.741754
816.413 244.47 0.232229 -0.0329235 0.734749
525.3 207.443 0.228988 0.0841714 0.765764
814.612 391.963 0.280806 -0.0317023 0.705482
668.573 293.133 0.237764 0.023341 0.710599
663.656 242.361 0.221818 0.0246439 0.718768
499.464 210.271 0.221595 0.0888557 0.747026
649.644 384.863 0.262465 0.0304634 0.689928
571.812 246.581 0.230295 0.0599768 0.732772
781.86 196.504 0.210224 -0.0178331 0.730085
657.019 303.291 0.232035 0.026622 0.695298
503.38 464.402 0.292742 0.0853052 0.682923
518.965 454.249 0.31219 0.0881301 0.706684
504.491 304.035 0.239741 0.0813396 0.708552
615.727 1.87227 0.152065 0.0400637 0.767963
571.796 304.409 0.243024 0.0585936 0.712563
874.735 245.228 0.234675 -0.0565054 0.737911
726.401 301.899 0.245958 0.00235156 0.716828
872.592 295.092 0.248155 -0.053998 0.723067
523.448 250.923 0.234988 0.0801273 0.738781
951.491 449.62 0.317427 -0.0941009 0.708539
578.059 456.76 0.301095 0.0605636 0.69392
871.547 193.895 0.21417 -0.0529561 0.740026
521.835 392.193 0.288377 0.0853073 0.717899
802.586 249.049 0.252247 -0.0342923 0.768706
585.012 382.666 0.267849 0.0547411 0.698388
876.399 389.965 0.285356 -0.0578359 0.711104
853.902 99.5882 0.18148 -0.0440707 0.747858
727.371 241.32 0.212234 0.00313151 0.70068
533.504 614.202 0.264672 0.0564786 0.602999
957.424 447.271 0.336178 -0.107912 0.727332
816.524 450.212 0.308234 -0.0342089 0.701276
910.887 216.586 0.247333 -0.0887047 0.790139
659.387 324.551 0.518847 0.073445 1.0942
931.801 249.831 0.275336 -0.111521 0.809479
946.215 374.468 0.281772 -0.0867331 0.715483
519.852 157.29 0.213556 0.0875371 0.782677
807.549 248.814 0.245652 -0.0339908 0.756424
686.618 324.316 0.494085 0.0327075 1.05821
729.787 532.647 0.186415 0.00978719 0.558105
664.404 393.929 0.278782 0.0263999 0.703887
938.214 369.065 0.285275 -0.0867643 0.72327
854.941 299.857 0.273492 -0.0584155 0.759187
845.778 604.84 0.0664339 0.0135431 0.429632
650.999 378.134 0.271162 0.0311146 0.704218
763.193 451.41 0.140602 0.00804636 0.525779
608.206 581.728 0.167801 0.0269667 0.53218
657.302 162.145 0.228857 0.0315439 0.817448
883.944 302.046 0.242839 -0.0543367 0.709947
801.978 264.756 0.282441 -0.0429051 0.808585
870.744 244.525 0.241027 -0.0588334 0.750533
816.926 203.528 0.220443 -0.0339375 0.746033
858.666 103.704 0.181693 -0.0449154 0.743664
828.36 208.394 0.238147 -0.0465691 0.780322
531.305 250.847 0.254024 0.0878572 0.774795
958.793 375.243 0.3021 -0.105024 0.739
668.103 251.14 0.256013 0.0261104 0.776039
938.036 210.268 0.232707 -0.0897982 0.764575
501.165 304.951 0.240608 0.0828436 0.709342
725.341 252.961 0.260472 -0.000460517 0.781713
510.461 473.707 -0.00805094 0.0186938 0.338069
836.237 202.124 0.227378 -0.0453938 0.762553
604.527 10.3871 0.175465 0.0971001 1.11548
481.411 416.837 0.252393 0.0810144 0.664078
907.462 222.828 0.257429 -0.0935624 0.804827
813.548 391.629 0.29424 -0.0350201 0.721085
817.368 199.451 0.215259 -0.0323632 0.738235
676.759 212.174 0.553987 0.165864 2.12017
575.392 106.295 0.171172 0.0490386 0.711333
561.129 293.71 0.233791 0.0601158 0.705189
941.245 441.7 0.35479 -0.112069 0.748453
956.684 315.566 0.279019 -0.104021 0.753119
852.083 222.553 0.236077 -0.0527781 0.761092
741.594 334.027 1.00311 -0.135832 1.69243
867.502 448.12 0.350177 -0.0709033 0.741061
936.973 561.272 0.425809 -0.117679 0.725892
876.213 446.468 0.292377 -0.0529583 0.687211
933.281 436.209 0.371334 -0.118722 0.767845
907.984 210.091 0.211555 -0.0607713 0.720056
585.01 437.642 -0.0185373 0.0198725 0.322594
946.192 522.543 0.340282 -0.0899363 0.689129
880.565 528.22 0.497649 -0.119921 0.792867
805.13 379.576 0.270806 -0.026568 0.701053
896.745 375.755 0.379239 -0.119534 0.829076
675.81 343.304 0.772338 0.0946904 1.36615
959.257 337.81 -0.0704 0.0272757 0.24471
950.783 504.326 0.372085 -0.111403 0.722954
904.639 540.65 0.311147 -0.0591403 0.659384
590.256 27.6037 0.183684 0.0791264 0.947577
745.496 320.757 0.78277 -0.107515 1.48007
721.347 139.628 0.290559 -0.0135265 1.12807
934.626 345.96 -0.0753119 0.0269856 0.237592
600.547 29.5886 0.188993 0.0854342 1.02138
503.065 153.217 0.22283 0.105036 0.815694
947.659 500.561 0.372053 -0.11067 0.725215
588.899 137.714 0.198767 0.0538296 0.762003
725.669 11.089 0.16474 -0.0020597 0.830589
660.813 174.662 -0.0669321 0.0243456 0.246812
907.362 78.7302 -0.0473869 0.02647 0.272006
511.764 413.493 0.545609 0.229968 0.963067
720.238 55.9731 0.21161 -0.0108433 1.10164
572.396 50.7841 -0.0239659 0.020252 0.30494
614.842 20.4287 0.181513 0.0964803 1.16269
919.986 385.089 0.249235 -0.0575013 0.671046
922.193 505.472 0.394352 -0.107304 0.739324
951.93 315.643 0.257673 -0.0862468 0.722057
666.896 174.732 -0.0876544 0.0260443 0.218664
885.248 180.885 -0.0792477 0.0266161 0.230078
483.146 193.158 0.19527 0.0792352 0.703166
752.829 329.426 0.247776 -0.00629103 0.701471
787.91 159.052 -0.0869951 0.0262854 0.219493
881.687 321.685 0.281814 -0.0704201 0.75346
796.603 378.953 0.302246 -0.0310696 0.738998
859.869 437.867 0.338677 -0.064454 0.737149
935.222 516.218 0.385726 -0.107741 0.726213
483.734 209.553 0.211718 0.0876962 0.726398
727.297 134.707 -0.126004 -0.182016 3.52287
