621.421 5.43646 0.153194 0.0402119 0.771789
553.48 13.3763 0.156132 0.0651773 0.775424
734.815 217.666 0.236123 -0.491959 4.85487
718.635 210.424 -0.101885 -0.135272 5.52529
728.63 135.828 -0.124475 -0.188272 3.54214
733.34 0.844498 0.154441 -0.000239357 0.786662
568.135 33.7902 0.0279579 0.452796 2.0504
867.382 101.005 0.18017 -0.0448484 0.745862
496.856 204.698 0.210956 0.08562 0.733488
554.119 5.84957 0.153472 0.0643916 0.774273
857.612 120.685 0.200907 -0.0534642 0.790065
776.608 203.023 0.220953 -0.01617 0.752955
595.749 251.759 0.253067 0.0605343 0.775981
805.346 253.332 0.26139 -0.0358093 0.786547
900.229 217.035 0.227034 -0.0650887 0.751355
769.234 217.903 0.221696 -0.0121657 0.74142
924.715 257.191 0.276501 -0.103024 0.808447
732.667 251.12 0.252703 -0.000606657 0.773615
863.323 253.795 0.263387 -0.0641456 0.78879
958.817 208.069 0.226167 -0.0900502 0.756832
668.352 245.579 0.23865 0.0267149 0.752982
592.307 249.423 0.24641 0.05988 0.765553
503.158 309.938 0.240181 0.0833406 0.710417
826.508 302.424 0.242302 -0.0310162 0.714512
509.51 243.466 0.219851 0.079973 0.721085
509.884 301.403 0.238223 0.081181 0.712788
885.128 244.686 0.226565 -0.0531953 0.727841
540.49 254.993 0.260444 0.088868 0.787767
515.028 395.577 0.280681 0.0865038 0.712014
501.757 417.762 0.403997 0.151557 0.828202
894.335 318.198 0.257343 -0.0606592 0.725547
882.59 243.542 0.232456 -0.0560262 0.739795
506.763 298.102 0.231707 0.0793579 0.704671
677.361 255.074 0.239609 0.0229978 0.746662
954.571 317.146 0.260579 -0.0863748 0.730151
903.692 319.547 0.250868 -0.0604278 0.715171
904.049 327.193 0.265671 -0.0673693 0.731152
735.105 306.585 0.246151 0.00156277 0.718798
744.338 319.786 0.266953 -0.00381657 0.74045
823.093 246.246 0.232637 -0.0329905 0.738807
528.883 208.294 0.227934 0.0840848 0.767407
822.12 394.856 0.280158 -0.0317513 0.708031
674.619 295.133 0.237495 0.0233532 0.7137
669.654 243.822 0.221404 0.0246587 0.721684
503.333 211.25 0.220868 0.0888497 0.749408
655.459 387.832 0.261855 0.0304874 0.69255
578.476 249.747 0.232303 0.0600881 0.738847
789.043 197.187 0.2096 -0.0177977 0.732724
663.226 305.465 0.231762 0.0266425 0.698427
507.056 468.692 0.291904 0.0853607 0.685027
522.852 457.68 0.311517 0.0881504 0.709134
508.437 306.747 0.239237 0.0814536 0.710938
620.985 0.59391 0.151438 0.0401246 0.770592
576.792 306.534 0.242596 0.0586271 0.715397
882.205 246.797 0.234766 -0.056629 0.74149
732.886 303.915 0.245582 0.00233492 0.719741
880.493 296.96 0.247875 -0.0540733 0.726119
527.705 252.452 0.234449 0.0801441 0.741411
582.728 460.488 0.300431 0.0605765 0.69635
879.423 194.703 0.213777 -0.0529465 0.742939
525.88 395.066 0.287787 0.0853189 0.720418
809.324 249.851 0.250932 -0.0341329 0.770204
589.976 385.853 0.267359 0.0547801 0.700957
883.086 392.376 0.285977 -0.0579241 0.715359
862.183 99.0466 0.180796 -0.0440621 0.750315
734.682 242.601 0.212094 0.0030092 0.704294
529.514 635.88 0.253099 0.0556997 0.593958
823.774 453.849 0.307632 -0.0342262 0.703776
920.029 217.185 0.245584 -0.0884126 0.790205
661.042 325.953 0.511657 0.0728194 1.08578
940.139 250.395 0.273835 -0.111303 0.810599
955.237 377.287 0.281139 -0.0867543 0.717928
518.232 152.992 0.207508 0.0866846 0.775582
814.81 249.232 0.243167 -0.0335243 0.75612
689.104 325.682 0.489149 0.032589 1.0533
740.774 545.034 0.185056 0.00999523 0.559207
670.094 396.902 0.27833 0.0264147 0.706629
947.041 371.795 0.284567 -0.0867629 0.725589
862.12 301.714 0.273156 -0.0585261 0.761954
896.273 624.011 0.0652263 0.013646 0.432451
656.526 381.197 0.27057 0.0311449 0.70667
777.542 457.005 0.141155 0.00804606 0.53037
620.106 587.349 0.168303 0.0270266 0.536655
655.554 142.936 0.205933 0.0313728 0.780617
893.121 303.944 0.24165 -0.0542606 0.711703
807.222 265.492 0.281029 -0.0423062 0.810018
883.088 243.245 0.234473 -0.0575135 0.743832
824.665 204.156 0.21945 -0.0339207 0.747865
866.871 103.348 0.181097 -0.0448738 0.746266
835.062 209.422 0.237995 -0.0466759 0.78347
534.248 251.917 0.252367 0.0876957 0.775527
671.989 250.552 0.250117 0.026182 0.770264
947.034 211.174 0.231621 -0.0894819 0.765831
505.532 307.274 0.240207 0.0829029 0.71213
731.117 252.634 0.255289 -0.000131925 0.77707
839.963 206.654 0.232787 -0.0465063 0.774698
605.458 4.72836 0.171797 0.0961142 1.10588
486.079 420.393 0.251991 0.081079 0.666958
915.715 223.288 0.255872 -0.093257 0.805503
820.565 394.5 0.293618 -0.0350171 0.723565
825.72 200.074 0.21363 -0.0322002 0.738653
674.873 204.588 0.51487 0.157005 2.00248
581.633 107.174 0.171349 0.0491392 0.715625
562.92 296.644 0.230409 0.0601146 0.702867
948.538 444.707 0.354824 -0.112255 0.751555
859.349 223.346 0.235392 -0.0526873 0.763545
744.504 336.228 0.944054 -0.126053 1.6098
879.469 454.908 0.339936 -0.0689248 0.732395
944.123 565.553 0.426136 -0.117986 0.728889
884.687 450.238 0.291347 -0.0528476 0.689333
945.877 441.416 0.3633 -0.116664 0.761666
913.026 210.736 0.213683 -0.0614669 0.728614
537.534 447.372 -0.0193791 0.0199666 0.326323
951.994 524.706 0.343353 -0.0908785 0.695562
881.556 526.137 0.509753 -0.122896 0.807279
810.113 381.431 0.275894 -0.027249 0.711031
636.205 515.322 0.253833 0.0329795 0.629926
901.558 377.624 0.381366 -0.1203 0.834673
677.573 343.839 0.773433 0.0949821 1.3705
934.662 372.436 -0.0711211 0.02743 0.248853
956.039 506.301 0.375226 -0.11245 0.729395
911.771 543.631 0.31306 -0.059659 0.664718
589.724 17.0464 0.176711 0.078038 0.934331
748.158 321.637 0.763636 -0.104657 1.45315
724.64 137.454 0.286556 -0.0132038 1.12112
909.305 385.038 -0.0758582 0.0271506 0.241939
600.568 20.9285 0.182837 0.0842388 1.00788
492.966 142.874 0.209524 0.102283 0.794642
952.641 502.308 0.375557 -0.111827 0.732078
594.921 141.481 0.201439 0.054422 0.77016
730.908 10.3557 0.164518 -0.00193395 0.834394
626.194 187.976 -0.0668373 0.024424 0.251846
874.813 72.6881 -0.0452902 0.026475 0.279485
508.542 417.98 0.534389 0.226964 0.951514
724.207 41.8355 0.199809 -0.00978921 1.07239
530.975 39.9295 -0.0225762 0.0202583 0.3114
614.563 12.285 0.175822 0.0955847 1.14728
909.889 383.687 0.269605 -0.0618945 0.701066
926.197 506.634 0.399113 -0.108659 0.747339
959.95 317.581 0.257795 -0.0863822 0.725751
532.726 319.967 -0.088411 0.0261846 0.222741
850.221 223.258 -0.0796673 0.0267566 0.234579
495.409 196.114 0.199792 0.0799863 0.715711
752.712 323.546 0.273954 -0.00809727 0.74768
721.351 268.337 -0.08767 0.0264683 0.223649
889.355 323.554 0.280666 -0.0702149 0.755222
806.576 382.901 0.291024 -0.0296651 0.728068
876.191 448.448 0.320068 -0.0606884 0.717885
934.621 512.991 0.395714 -0.110169 0.74072
495.019 210.698 0.216337 0.0888786 0.74017
728.219 133.71 -0.126535 -0.18128 3.51334
