736.047 264.932 0.180674 -0.0137329 0.977584
633.926 265.457 0.180609 0.0618185 0.978685
835.625 231.751 0.155737 -0.0838035 0.978155
825.442 170.19 0.115289 -0.0738869 0.988202
736.669 87.9259 0.0653631 -0.0136421 1.00081
946.485 83.7339 0.0633874 -0.144097 0.991804
551.991 179.477 0.118871 0.112792 0.988174
608.227 94.3944 0.066864 0.0683601 0.994732
658.574 92.0959 0.0673609 0.0369825 1.00247
550.582 179.399 0.117207 0.112076 0.983299
493.204 107.1 0.076048 0.149651 1.00895
921.687 145.146 0.104104 -0.141998 1.00446
772.118 236.604 0.159456 -0.0393188 0.979601
830.016 229.861 0.167375 -0.0873916 1.00801
507.644 149.629 0.108311 0.154147 1.02581
737.663 79.5946 0.0607193 -0.0142808 1.00231
658.674 85.5251 0.0627037 0.0361571 0.997924
954.458 118.05 0.0757852 -0.139043 0.957739
827.168 169.196 0.133666 -0.0898731 1.05131
485.204 11.5814 0.0224249 0.14858 1.03025
895.172 237.769 0.161883 -0.12756 0.980152
793.107 264.922 0.181757 -0.0559226 0.978517
610.123 90.2317 0.0653326 0.0678338 0.999912
792.359 265.242 0.18277 -0.0556492 0.979948
916.315 245.022 0.172744 -0.148731 0.990468
926.374 142.043 0.0998278 -0.141193 0.995954
533.53 220.62 0.074012 0.0714617 0.819877
590.782 265.558 0.185511 0.0968877 0.988799
574.985 239.465 0.156935 0.100192 0.973729
590.338 266.68 0.178385 0.0926872 0.973407
837.39 266.045 0.179708 -0.0868812 0.972057
924.552 240.015 0.159118 -0.144183 0.96995
839.189 264.193 0.17712 -0.0873808 0.96997
488.118 102.483 0.0718926 0.149415 1.00223
840.092 267.073 0.178514 -0.0878325 0.968225
766.63 235.063 0.155363 -0.0346349 0.973339
915.084 298.031 0.212355 -0.152961 0.979569
919.15 150.713 0.108495 -0.142058 1.00682
797.019 266.862 0.178779 -0.0572969 0.969856
796.109 264.278 0.175278 -0.0559738 0.967191
801.603 267.851 0.172551 -0.0580604 0.956735
736.482 264.906 0.179785 -0.0139764 0.975928
736.061 267.893 0.17874 -0.0134012 0.969391
815.841 231.078 0.154837 -0.0696834 0.977737
495.68 106.204 0.0762324 0.149453 1.01281
541.328 209.194 0.136538 0.121288 0.979299
730.033 24.1232 0.0357814 -0.0131919 1.14063
511.033 190.965 0.0869224 0.0997616 0.881542
735.309 410.375 0.279617 -0.0124908 0.928274
630.455 267.284 0.174582 0.0616507 0.964529
654.572 501.672 0.100417 0.0181587 0.702953
691.746 268.021 0.163652 0.0169209 0.941983
611.558 96.5987 0.0704111 0.0687668 1.00703
851.987 246.386 0.169816 -0.0987042 0.983511
880.747 487.396 0.440694 -0.170326 0.970437
692.665 267.471 0.176893 0.0177293 0.967402
730.77 13.5557 0.0275262 -0.0151775 1.18557
562.63 388.955 0.374412 0.179608 1.05325
496.995 355.934 0.260234 0.18423 0.973603
929.228 159.748 0.112875 -0.147643 1.00012
898.236 266.225 0.182202 -0.132306 0.975266
889.915 359.679 0.244833 -0.129072 0.944818
851.793 317.684 0.196018 -0.0896678 0.929677
881.35 316.024 0.230679 -0.131276 0.982393
502.479 140.876 0.100006 0.152572 1.01716
642.967 321.001 0.207511 0.0536069 0.945368
581.727 590.069 0.358137 0.0975242 0.83456
779.582 235.513 0.151368 -0.0423414 0.963608
864.102 481.77 0.0983469 -0.0388148 0.707507
796.334 310.577 0.205375 -0.0566417 0.953286
558.271 485.459 0.0953873 0.043806 0.704354
956.247 210.802 0.147035 -0.172045 0.992026
950.814 213.993 0.153823 -0.174474 1.00293
878.993 239.433 0.162232 -0.1156 0.97849
906.424 361.381 0.256257 -0.147933 0.956379
612.204 374.369 0.132769 0.0439848 0.797811
584.601 265.132 0.174283 0.0949994 0.968091
938.534 89.8137 0.0695584 -0.146187 1.00696
593.12 390.179 0.131016 0.0497914 0.786009
906.208 261.143 0.185368 -0.143498 0.989141
588.414 308.973 0.206787 0.0959593 0.960832
903.607 357.614 0.257787 -0.148314 0.962919
840.252 267.363 0.173926 -0.0853909 0.959279
863.657 360.154 0.331849 -0.155182 1.0485
954.289 212.538 0.150804 -0.174221 0.998157
785.927 317.529 0.219285 -0.051626 0.965025
748.861 366.431 0.183538 -0.016681 0.86479
913.054 316.512 0.213876 -0.143586 0.95648
586.543 311.843 0.207074 0.0966326 0.957434
823.383 170.987 0.116693 -0.0731662 0.990977
736.655 369.194 0.246757 -0.0134715 0.937949
638.959 317.632 0.207227 0.0569553 0.949288
690.33 264.536 0.179147 0.0198566 0.97621
691.009 309.596 0.206317 0.0197274 0.957647
760.853 248.952 0.166944 -0.0312384 0.975351
918.742 237.911 0.158567 -0.140858 0.972289
890.802 385.739 0.138211 -0.0703149 0.795282
828.837 473.799 0.135479 -0.0373379 0.745796
738.058 438.401 0.172242 -0.00817335 0.800084
939.644 90.2775 0.0692825 -0.145653 1.00376
637.289 635.701 0.0738342 0.016858 0.64355
667.569 491.788 0.0915747 0.0140361 0.698164
726.263 179.479 0.120186 -0.00667834 0.986802
634.406 307.123 0.211407 0.0635849 0.969819
906.01 547.779 0.171912 -0.0686306 0.742773
844.121 318.697 0.222546 -0.0967255 0.967332
879.34 541.742 0.0607446 -0.0301019 0.6547
673.972 372.697 0.156005 0.0212566 0.826863
782.134 636.701 0.079328 -0.0113734 0.647095
586.524 310.935 0.206244 0.0964968 0.957378
802.543 171.204 0.148366 -0.0794046 1.09899
822.141 167.395 0.110037 -0.0691643 0.977619
680.254 319.982 0.207878 0.0270566 0.946651
629.814 263.986 0.171974 0.0618153 0.964542
588.686 368.513 0.251094 0.0996746 0.945616
778.833 491.564 0.431485 -0.0605811 0.960616
673.56 370.359 0.156738 0.0216338 0.829491
920.669 397.88 -0.208861 0.00491049 0.338805
928.295 160.803 0.113692 -0.147314 1.00046
554.658 179.027 0.119459 0.111801 0.990854
803.376 231.885 0.141246 -0.055036 0.946707
546.643 211.965 0.140875 0.120167 0.985079
592.864 303.703 0.201507 0.0915656 0.959668
744.057 316.77 0.215102 -0.0194872 0.960507
836.202 409.663 0.291935 -0.0940743 0.940118
588.539 622.838 0.416716 0.103246 0.838671
863.708 235.128 0.156633 -0.102627 0.973862
942.557 480.607 0.0995466 -0.0606369 0.708816
809.294 372.247 0.157954 -0.0428526 0.828517
674.362 344.425 0.512715 0.0893835 1.30604
571.468 241.486 0.154926 0.100471 0.966172
679.877 321.269 0.228584 0.030198 0.975184
568.772 240.091 0.152245 0.100993 0.962696
665.639 103.234 0.0864209 0.0397064 1.07351
803.784 354.085 0.406124 -0.120458 1.14863
624.187 302.589 0.191772 0.0651539 0.945208
632.53 309.275 0.205375 0.0625685 0.957544
777.441 433.914 0.459249 -0.0742636 1.05552
507.962 158.643 0.115185 0.156221 1.0272
882.559 352.653 0.24555 -0.126516 0.954222
789.896 362.481 0.235829 -0.0514709 0.931875
556.969 491.465 0.0938395 0.0433682 0.700757
590.567 91.3846 -0.249462 0.00322078 0.279185
672.751 320.197 0.446485 0.0849293 1.2959
480.695 102.277 0.067923 0.145596 0.982338
681.304 388.592 0.133999 0.0153108 0.789914
728.781 315.537 0.487499 -0.0231391 1.37137
904.39 279.347 0.216389 -0.158356 1.01607
849.296 249.132 0.173302 -0.0978868 0.986186
825.851 171.512 0.116354 -0.0743812 0.988712
886.702 236.184 0.15649 -0.117885 0.971322
934.69 169.18 0.120176 -0.154024 1.00237
898.244 239.12 0.163554 -0.130492 0.981411
589.963 367.599 0.253097 0.0997946 0.949058
743.771 453.921 0.157114 -0.00949935 0.776444
799.324 369.814 0.234995 -0.0568328 0.922713
907.169 554.971 0.168655 -0.0672272 0.737303
564.293 165.662 -0.222423 0.00124585 0.314916
648.232 19.1522 0.023694 0.0365998 0.969189
919.239 243.097 0.168631 -0.148005 0.985048
591.749 390.453 0.130585 0.0501782 0.785348
760.697 472.796 0.134251 -0.0137471 0.74539
759.673 480.963 0.130215 -0.0128581 0.738008
734.619 367.245 0.250236 -0.0122261 0.944325
590.683 307.735 0.207795 0.0951401 0.964055
775.277 174.5 0.115887 -0.0393927 0.982564
893.224 264.926 0.186737 -0.132921 0.985913
557.623 106.201 0.107077 0.186055 1.24666
930.281 239.72 0.146027 -0.135355 0.942869
885.806 146.694 0.142241 -0.177439 1.16586
937.576 83.6953 0.0669379 -0.14734 1.01342
633.057 117.245 0.109306 0.0814933 1.15637
861.835 484.036 0.0978156 -0.0379293 0.706185
727.37 71.2164 0.0720853 -0.0194426 1.44829
526.353 385.765 0.395035 0.239258 1.08025
610.556 66.9075 0.056582 0.0729266 1.03748
849.66 242.027 0.167648 -0.0973557 0.986326
624.681 76.8263 -0.204222 0.00117503 0.338237
626.238 44.7577 -0.199968 0.00110401 0.343393
648.787 193.021 0.135914 0.04993 1.00678
506.551 8.47105 0.0223138 0.160731 1.10274
675.914 190.963 0.13594 0.0301805 1.01047
660.366 38.4931 0.044554 0.0451049 1.11967
503.014 290.64 0.253319 0.217072 1.06924
581.812 263.049 0.168753 0.0943823 0.960692
502.023 1.98633 0.0182249 0.158762 1.09124
862.153 289.549 -0.206549 0.00420839 0.339738
838.407 259.609 -0.22432 0.00346615 0.313606
654.537 504.897 0.099421 0.0179913 0.700915
933.636 123.227 0.0895309 -0.146285 1.00319
654.777 500.894 0.100531 0.0181322 0.703332
599.543 8.79251 0.021677 0.0726573 1.02197
597.901 5.35172 0.0194414 0.071836 1.01374
798.361 234.306 0.153196 -0.0559931 0.969133
744.734 363.037 0.231332 -0.018518 0.926332
604.555 14.1274 0.0267133 0.080298 1.07661
894.066 367.45 0.261113 -0.138782 0.954939
694.426 303.103 0.184377 0.0155691 0.931807
619.9 61.0194 0.0589569 0.0776644 1.10272
503.4 283.602 0.224759 0.192388 1.03229
602.597 192.063 0.127722 0.0789936 0.986813
837.024 265.373 0.186297 -0.0904033 0.985508
889.553 266.782 0.193284 -0.134407 0.995305
736.399 88.0759 0.0659007 -0.0135748 1.00346
609.633 100.291 0.0719362 0.069564 1.00312
657.618 96.0128 0.0695719 0.0377053 1.00173
690.264 264.802 0.179552 0.0199372 0.976568
501.79 141.616 0.100163 0.152586 1.01575
552.759 181.22 0.120734 0.113178 0.990145
