742.212 260.978 0.18108 -0.0151577 0.981439
638.843 261.264 0.181016 0.0603937 0.98254
843.519 227.448 0.156143 -0.0852283 0.98201
833.57 164.796 0.115695 -0.0753117 0.992057
743.891 80.9656 0.0657697 -0.0150669 1.00466
957.508 76.7036 0.063794 -0.145522 0.995659
556.467 173.84 0.119278 0.111367 0.992029
613.72 87.4091 0.0672706 0.0669353 0.998587
664.654 85.1895 0.0677675 0.0355577 1.00632
555.076 173.708 0.117614 0.110651 0.987154
497.325 100.426 0.0764547 0.148226 1.01281
931.513 139.535 0.104511 -0.143423 1.00832
778.985 232.264 0.159863 -0.0407436 0.983456
837.488 225.766 0.167782 -0.0888163 1.01186
511.64 143.836 0.108717 0.152722 1.02966
744.943 72.4867 0.061126 -0.0157055 1.00616
664.835 78.4412 0.0631103 0.0347324 1.00178
834.654 164.34 0.134073 -0.0912979 1.05517
489.523 3.49655 0.0228315 0.147155 1.03411
903.983 233.727 0.16229 -0.128985 0.984007
800.061 261.119 0.182164 -0.0573474 0.982372
615.622 83.2321 0.0657392 0.066409 1.00377
799.282 261.454 0.183176 -0.057074 0.983803
925.294 241.251 0.173151 -0.150156 0.994323
936.425 136.29 0.100234 -0.142617 0.999809
539.107 213.232 0.0744186 0.070037 0.823732
595.179 261.343 0.185918 0.095463 0.992654
579.48 234.685 0.157342 0.0987668 0.977584
594.838 262.351 0.178791 0.0912625 0.977262
845.088 262.319 0.180115 -0.088306 0.975912
934.004 235.99 0.159524 -0.145608 0.973804
846.958 260.42 0.177527 -0.0888056 0.973825
492.244 95.6495 0.0722992 0.14799 1.00608
847.873 263.339 0.178921 -0.0892573 0.97208
773.5 230.627 0.15577 -0.0360596 0.977194
923.666 295.153 0.212762 -0.154386 0.983423
928.849 145.235 0.108902 -0.143482 1.01067
804.117 263.028 0.179186 -0.0587216 0.973711
803.247 260.373 0.175684 -0.0573986 0.971046
808.925 263.93 0.172957 -0.0594852 0.96059
742.671 260.938 0.180191 -0.0154011 0.979783
742.292 263.918 0.179146 -0.014826 0.973246
823.433 226.717 0.155244 -0.0711082 0.981592
499.809 99.5604 0.076639 0.148029 1.01667
545.612 203.925 0.136945 0.119863 0.983154
736.442 17.2592 0.0361881 -0.0146167 1.14448
515.801 184.077 0.0873291 0.0983369 0.885397
740.849 408.308 0.280024 -0.0139156 0.932128
635.444 262.986 0.174989 0.0602259 0.968384
662.899 498.281 0.100824 0.016734 0.706808
697.693 263.681 0.164058 0.0154961 0.945838
616.985 89.7989 0.0708178 0.067342 1.01088
859.95 242.435 0.170223 -0.100129 0.987366
886.857 487.299 0.4411 -0.171751 0.974292
698.358 263.361 0.1773 0.0163045 0.971257
736.977 6.82793 0.0279329 -0.0166023 1.18942
565.776 386.52 0.374819 0.178183 1.0571
500.299 352.512 0.260641 0.182806 0.977458
939.117 154.405 0.113282 -0.149067 1.00397
906.896 262.684 0.182609 -0.133731 0.979121
897.938 357.543 0.245239 -0.130497 0.948673
859.835 314.557 0.196425 -0.0910926 0.933532
889.153 313.382 0.231086 -0.132701 0.986248
506.508 134.852 0.100413 0.151147 1.02102
647.923 317.403 0.207918 0.0521821 0.949223
585.408 588.907 0.358544 0.0960994 0.838414
786.754 231.022 0.151774 -0.0437662 0.967463
876.875 478.946 0.0987536 -0.0402395 0.711362
803.251 307.356 0.205782 -0.0580665 0.957141
564.847 481.303 0.0957939 0.0423812 0.708209
887.533 235.371 0.162639 -0.117025 0.982345
914.533 359.417 0.256664 -0.149358 0.960234
618.339 369.895 0.133176 0.04256 0.801665
589.092 260.717 0.17469 0.0935747 0.971946
949.146 83.074 0.069965 -0.147611 1.01081
599.076 385.749 0.131423 0.0483667 0.789864
914.872 257.639 0.185775 -0.144922 0.992996
592.749 305.155 0.207194 0.0945346 0.964687
911.616 355.621 0.258194 -0.149739 0.966774
848.15 263.556 0.174333 -0.0868157 0.963134
870.014 358.543 0.332256 -0.156607 1.05236
792.489 314.484 0.219691 -0.0530508 0.96888
755.903 363.182 0.183945 -0.0181058 0.868645
921.738 313.782 0.214282 -0.14501 0.960335
590.87 308.033 0.20748 0.0952078 0.961289
831.438 165.633 0.117099 -0.074591 0.994832
742.444 366.591 0.247164 -0.0148963 0.941804
643.856 314.002 0.207633 0.0555306 0.953143
695.927 260.448 0.179553 0.0184318 0.980065
696.476 306.072 0.206723 0.0183027 0.961501
767.508 244.765 0.167351 -0.0326632 0.979205
928.077 233.854 0.158974 -0.142282 0.976144
901.745 382.494 0.138617 -0.0717397 0.799137
839.263 471.388 0.135885 -0.0387627 0.749651
745.586 435.662 0.172648 -0.00959811 0.803938
950.315 83.5153 0.0696892 -0.147077 1.00762
646.818 634.116 0.0742408 0.0154332 0.647405
676.426 488.118 0.0919814 0.0126114 0.702019
732.832 174.097 0.120592 -0.0081031 0.990657
639.138 303.488 0.211813 0.0621601 0.973673
917.244 547.246 0.172319 -0.0700554 0.746628
851.504 315.873 0.222952 -0.0981502 0.971187
895.201 539.117 0.0611513 -0.0315267 0.658555
680.513 368.836 0.156412 0.0198318 0.830718
794.922 635.979 0.0797347 -0.0127982 0.650949
590.856 307.111 0.206651 0.095072 0.961233
809.226 166.694 0.148773 -0.0808294 1.10285
830.366 161.835 0.110444 -0.070589 0.981474
685.633 316.498 0.208284 0.0256319 0.950505
634.817 259.636 0.172381 0.0603905 0.968397
592.794 365.4 0.251501 0.0982498 0.949471
783.717 490.914 0.431891 -0.0620059 0.96447
680.067 366.488 0.157144 0.0202091 0.833346
922.005 464.775 -0.208455 0.00348573 0.342659
559.145 173.415 0.119865 0.110376 0.994709
811.161 227.21 0.141653 -0.0564608 0.950562
550.928 206.806 0.141281 0.118742 0.988934
597.282 299.813 0.201913 0.0901408 0.963523
750.108 313.547 0.215509 -0.020912 0.964362
842.947 408.093 0.292342 -0.095499 0.943973
591.968 621.992 0.417123 0.101821 0.842526
872.089 230.91 0.157039 -0.104052 0.977717
957.104 478.13 0.0999532 -0.0620617 0.71267
817.98 368.897 0.15836 -0.0442773 0.832372
677.327 342.75 0.513122 0.0879587 1.3099
575.971 236.658 0.155333 0.099046 0.970027
684.956 318.023 0.22899 0.0287732 0.979039
573.281 235.2 0.152651 0.099568 0.966551
671.19 97.2418 0.0868275 0.0382817 1.07736
808.598 352.567 0.406531 -0.121883 1.15249
629.059 298.652 0.192179 0.0637292 0.949062
637.337 305.569 0.205782 0.0611437 0.961399
781.92 432.923 0.459656 -0.0756884 1.05937
511.917 153.003 0.115592 0.154797 1.03106
890.397 350.439 0.245956 -0.12794 0.958077
796.542 359.927 0.236236 -0.0528956 0.93573
482.78 284.442 0.196929 0.178623 0.978606
563.582 487.357 0.0942461 0.0419434 0.704611
566.904 37.5653 -0.249055 0.00179602 0.28304
675.904 318.273 0.446892 0.0835045 1.29975
484.85 95.1905 0.0683296 0.144171 0.986193
732.092 313.913 0.487906 -0.0245638 1.37523
912.52 276.366 0.216795 -0.159781 1.01993
857.158 245.248 0.173709 -0.0993116 0.99004
833.968 166.149 0.116761 -0.0758059 0.992567
895.499 232.014 0.156897 -0.11931 0.975177
944.565 164.058 0.120582 -0.155448 1.00623
907.079 235.121 0.163961 -0.131916 0.985266
594.059 364.502 0.253504 0.0983698 0.952913
751.842 451.192 0.157521 -0.0109241 0.780299
806.168 367.343 0.235401 -0.0582576 0.926567
918.572 554.522 0.169062 -0.068652 0.741158
555.121 241.784 -0.222016 -0.000178912 0.318771
654.913 10.3574 0.0241007 0.035175 0.973043
928.359 239.251 0.169038 -0.14943 0.988902
938.15 10.7058 -0.169097 0.00429364 0.388906
769.827 470.053 0.134657 -0.0151719 0.749245
768.956 478.263 0.130622 -0.0142829 0.741863
740.322 364.652 0.250643 -0.0136509 0.94818
595.023 303.932 0.208201 0.0937153 0.96791
782.644 169.058 0.116294 -0.0408175 0.986419
901.672 261.434 0.187144 -0.134346 0.989768
940.247 235.443 0.146433 -0.13678 0.946724
893.453 142.229 0.142647 -0.178864 1.16972
948.142 76.8889 0.0673445 -0.148765 1.01728
874.599 481.228 0.0982222 -0.039354 0.71004
732.043 66.6967 0.0724919 -0.0208673 1.45215
615.913 59.9031 0.0569887 0.0715018 1.04133
857.59 238.016 0.168054 -0.0987805 0.990181
654.09 187.943 0.136321 0.0485053 1.01064
510.771 1.13758 0.0227204 0.159306 1.10659
681.522 185.928 0.136347 0.0287558 1.01433
665.935 31.7563 0.0449607 0.0436802 1.12352
506.24 287.068 0.253726 0.215647 1.0731
586.344 258.528 0.169159 0.0929575 0.964547
860.109 350.667 -0.206143 0.00278363 0.343593
864.977 352.739 -0.223913 0.00204139 0.317461
943.901 117.16 0.0899376 -0.147709 1.00704
605.184 0.516376 0.0220836 0.0712325 1.02583
805.76 229.887 0.153602 -0.0574179 0.972988
750.827 360.282 0.231739 -0.0199427 0.930186
609.869 6.5729 0.0271199 0.0788732 1.08046
901.929 365.533 0.26152 -0.140207 0.958794
700.268 299.261 0.184783 0.0141444 0.935661
624.985 54.5419 0.0593635 0.0762396 1.10657
506.791 279.725 0.225166 0.190963 1.03615
607.544 186.701 0.128128 0.0775688 0.990668
844.556 261.745 0.186703 -0.091828 0.989362
897.803 263.388 0.193691 -0.135832 0.99916
743.589 81.1483 0.0663074 -0.0149996 1.00731
615.046 93.5127 0.0723429 0.0681393 1.00697
663.668 89.1711 0.0699785 0.0362805 1.00559
695.855 260.722 0.179959 0.0185125 0.980423
505.816 135.588 0.10057 0.151161 1.0196
557.221 175.633 0.12114 0.111754 0.994
