738.048 215.264 0.236951 -0.494151 4.8619
721.443 208.147 -0.101419 -0.13748 5.53243
733.451 131.323 -0.124069 -0.190469 3.5492
488.064 107.044 0.192148 0.0963495 0.768506
575.184 27.7906 0.0283887 0.450587 2.05759
899.578 80.15 0.180285 -0.0469432 0.752155
515.086 187.759 0.210895 0.0832774 0.739641
886.231 102.705 0.200978 -0.0556226 0.796403
802.968 187.462 0.22065 -0.0183185 0.758464
614.001 238.587 0.252763 0.0581924 0.781842
829.615 241.063 0.26137 -0.0380446 0.79303
931.926 202.275 0.226627 -0.0671409 0.756712
795.755 202.437 0.221516 -0.0143639 0.747333
952.927 246.098 0.275911 -0.105019 0.813816
755.12 238.245 0.252481 -0.00278587 0.779593
889.795 241.88 0.2631 -0.0662418 0.79465
690.13 231.718 0.238664 0.0244176 0.759246
610.634 235.739 0.245913 0.0576156 0.771062
522.266 296.426 0.240798 0.0810598 0.717641
855.149 290.057 0.242784 -0.0332907 0.721548
528.674 228.002 0.220315 0.0777335 0.728013
528.962 287.816 0.238777 0.0789116 0.719847
916.171 230.506 0.227115 -0.0554747 0.73498
556.782 242.321 0.260147 0.0864745 0.79353
532.997 385.245 0.281218 0.0842199 0.719055
514.576 410.791 0.404142 0.149152 0.834637
924.328 307.296 0.257851 -0.06294 0.732603
912.481 229.976 0.233198 -0.0583507 0.747184
527.072 283.957 0.232537 0.076968 0.712206
698.646 241.647 0.240165 0.0210992 0.753767
934.964 308.555 0.251461 -0.0627384 0.72221
933.488 316.723 0.266234 -0.0696219 0.738437
760.084 294.229 0.246593 -0.000707421 0.725762
767.934 308.783 0.267319 -0.00611016 0.747344
851.107 232.65 0.233263 -0.0353646 0.745931
546.298 193.108 0.227738 0.0817014 0.773223
849.049 386.134 0.280667 -0.0340356 0.715096
698.257 281.832 0.238 0.0210705 0.720773
693.44 228.71 0.221802 0.0223866 0.728561
520.762 195.34 0.220603 0.086433 0.755115
678.415 377.274 0.262507 0.0282031 0.699768
600.518 235.685 0.233939 0.0574508 0.747876
817.274 180.337 0.209546 -0.01999 0.738894
687.443 291.803 0.232295 0.0243645 0.705562
525.711 460.426 0.293186 0.0831599 0.692452
540.113 449.683 0.31194 0.085821 0.715818
527.724 293.366 0.239886 0.0791461 0.718085
596.845 294.135 0.243044 0.0564354 0.721895
911.085 233.811 0.236143 -0.0590047 0.749811
757.762 291.475 0.246044 6.63139e-05 0.726738
910.432 286.208 0.248638 -0.0563158 0.73281
546.277 238.213 0.234949 0.0778967 0.748468
601.837 452.497 0.300753 0.0583346 0.703039
910.357 178.559 0.21395 -0.0550777 0.749452
544.034 385.113 0.288481 0.082933 0.727608
610.547 375.111 0.267907 0.0524958 0.708083
911.11 384.035 0.287011 -0.0602595 0.723132
894.007 78.1991 0.18091 -0.0462383 0.756739
762.022 226.699 0.212549 0.000733589 0.711307
554.159 628.814 0.253746 0.0533994 0.601313
849.662 447.231 0.308294 -0.0365464 0.711025
950.778 203.841 0.244697 -0.0903333 0.794515
671.705 320.897 0.512397 0.070524 1.09269
537.15 137.267 0.208784 0.0845042 0.783933
841.557 235.839 0.242997 -0.0357452 0.762197
700.43 320.073 0.489363 0.0305676 1.06036
782.359 533.147 0.185566 0.00772433 0.566464
692.26 387.485 0.278609 0.0241052 0.713307
888.579 291.367 0.273716 -0.0608056 0.769014
678.434 371.152 0.270964 0.0288935 0.713457
832.53 436.339 0.141683 0.00581998 0.537511
660.849 573.957 0.168932 0.0247646 0.544079
677.484 121.893 0.202759 0.0286117 0.781452
924.323 291.824 0.242385 -0.0565856 0.719114
829.26 255.013 0.281883 -0.0444106 0.817549
911.517 230.369 0.236358 -0.0600566 0.753022
853.41 188.332 0.219076 -0.0360444 0.753376
899.229 82.4306 0.181074 -0.0469781 0.752315
859.608 197.26 0.240665 -0.0492689 0.793903
548.909 236.86 0.249385 0.084993 0.777742
692.924 237.274 0.249658 0.0238331 0.775866
524.767 293.938 0.240963 0.0806205 0.719453
753.122 240.164 0.255557 -0.0022973 0.783788
866.82 192.61 0.233331 -0.0487883 0.781778
505.877 408.777 0.252583 0.0788181 0.674158
945.617 210.352 0.254288 -0.0948581 0.808705
846.183 386.301 0.294188 -0.0373159 0.730696
562.363 90.7076 0.0659401 0.0241924 0.463059
855.955 183.544 0.212681 -0.0342625 0.742904
602.173 83.3602 0.169918 0.0471093 0.718443
583.355 282.625 0.230689 0.0579621 0.709485
887.949 209.217 0.235069 -0.054755 0.769175
751.21 334.006 0.944866 -0.128429 1.616
912.75 454.282 0.329286 -0.0690299 0.726392
915.532 443.689 0.291467 -0.055395 0.695921
947.47 194.675 0.213401 -0.0636672 0.734229
901.255 524.489 0.509076 -0.1253 0.81372
836.208 372.113 0.277043 -0.0295621 0.718931
661.71 506.753 0.254871 0.0307985 0.637499
923.682 372.191 0.381982 -0.122604 0.841719
685.062 340.703 0.774164 0.0926219 1.37688
954.851 581.382 -0.0710701 0.025229 0.256071
942.053 539.805 0.314199 -0.0620897 0.672365
606.745 2.78252 0.178504 0.0758448 0.943936
756.164 318.749 0.764525 -0.10705 1.45975
738.504 127.888 0.287196 -0.0154639 1.12794
615.664 7.27743 0.184016 0.0820151 1.01611
510.151 126.8 0.210084 0.0999461 0.801751
614.886 124.574 0.202177 0.0523797 0.777553
583.273 337.995 -0.0667385 0.0222236 0.259048
824.48 166.613 -0.0429006 0.0242178 0.289461
519.575 412.129 0.535765 0.224843 0.959373
740.219 28.8637 0.200739 -0.0121013 1.07984
940.934 374.627 0.270157 -0.0641817 0.708257
950.462 503.754 0.40023 -0.111114 0.754998
927.875 526.117 -0.0790017 0.0245502 0.24257
515.1 178.183 0.200084 0.0776658 0.722415
775.926 313.096 0.274473 -0.0103671 0.754716
608.966 94.7133 -0.0839431 0.0238098 0.233589
603.24 149.419 -0.0843806 0.0238345 0.23312
916.736 313.847 0.281182 -0.0724857 0.762341
831.8 374.394 0.29127 -0.0319198 0.734763
902.907 442.539 0.320609 -0.062985 0.724973
518.08 195.879 0.220669 0.0873677 0.75482
624.196 93.8979 -0.0732315 0.0231076 0.247211
620.098 90.9015 -0.073105 0.0230773 0.247346
620.983 309.952 0.274405 0.0546649 0.758753
600.958 11.7953 0.17861 0.0710361 0.891813
952.65 504.895 0.398188 -0.110975 0.752752
953.595 504.708 0.399262 -0.112071 0.753652
916.452 331.324 -0.0694552 0.0249699 0.255087
733.082 129.152 -0.126125 -0.183476 3.52041
