738.832 215.077 0.238316 -0.494739 4.86526
722.166 207.99 -0.100054 -0.138068 5.53579
734.688 130.807 -0.122704 -0.191056 3.55256
490.107 100.346 0.193513 0.095762 0.771861
576.871 26.391 0.0297538 0.45 2.06095
907.7 73.2683 0.18165 -0.0475307 0.755511
517.311 181.894 0.21226 0.0826899 0.742996
893.323 97.1438 0.202343 -0.0562102 0.799759
808.91 182.57 0.222016 -0.0189061 0.76182
616.97 234.554 0.254128 0.0576049 0.785197
835.178 237.709 0.262735 -0.0386321 0.796386
939.742 197.888 0.227992 -0.0677285 0.760068
801.67 197.585 0.222881 -0.0149514 0.750689
959.886 243.362 0.277276 -0.105607 0.817172
759.867 234.488 0.253846 -0.00337344 0.782948
896.156 238.695 0.264465 -0.0668294 0.798006
694.276 227.379 0.240029 0.02383 0.762602
613.653 231.487 0.247278 0.057028 0.774418
524.308 292.025 0.242163 0.0804723 0.720996
861.879 286.452 0.244149 -0.0338782 0.724904
530.992 222.626 0.22168 0.0771459 0.731369
531.11 283.327 0.240142 0.0783241 0.723202
923.969 226.191 0.22848 -0.0560623 0.738335
559.019 238.385 0.261512 0.0858869 0.796885
534.822 382.399 0.282583 0.0836323 0.72241
515.638 409.36 0.405507 0.148564 0.837993
931.805 304.39 0.259216 -0.0635275 0.735958
919.995 225.881 0.234563 -0.0589382 0.75054
529.26 279.233 0.233902 0.0763804 0.715562
702.915 237.401 0.24153 0.0205116 0.757122
942.814 305.511 0.252826 -0.063326 0.725565
940.929 314.11 0.267599 -0.0702095 0.741793
765.296 290.546 0.247958 -0.00129499 0.729118
772.869 305.746 0.268684 -0.00669772 0.7507
857.692 228.444 0.234628 -0.0359522 0.749286
548.707 188.06 0.229103 0.0811138 0.776579
855.203 384.153 0.282032 -0.0346231 0.718451
702.717 277.672 0.239366 0.0204829 0.724129
697.997 223.727 0.223167 0.021799 0.731917
522.95 189.942 0.221968 0.0858454 0.758471
682.389 374.377 0.263873 0.0276155 0.703124
603.588 231.008 0.235304 0.0568632 0.751232
823.763 174.939 0.210911 -0.0205775 0.742249
691.903 287.475 0.23366 0.023777 0.708917
527.327 458.377 0.294551 0.0825723 0.695808
541.786 447.834 0.313305 0.0852335 0.719173
529.846 288.935 0.241251 0.0785586 0.72144
599.838 289.967 0.244409 0.0558478 0.72525
918.506 229.832 0.237508 -0.0595923 0.753166
762.941 287.754 0.247409 -0.00052125 0.730093
917.827 282.883 0.250003 -0.0569034 0.736165
548.654 233.468 0.236314 0.0773091 0.751824
604.364 450.717 0.302118 0.0577471 0.706394
918.113 173.542 0.215315 -0.0556653 0.752808
545.937 382.426 0.289846 0.0823455 0.730963
613.495 372.135 0.269273 0.0519083 0.711438
918.056 382.322 0.288377 -0.060847 0.726487
901.97 71.3796 0.182275 -0.0468259 0.760094
767.861 221.431 0.213914 0.000146025 0.714662
556.516 628.235 0.255111 0.0528119 0.604669
855.501 446.259 0.309659 -0.037134 0.714381
958.248 200.142 0.246062 -0.0909208 0.797871
673.521 319.974 0.513762 0.0699364 1.09605
539.604 131.476 0.21015 0.0839166 0.787288
847.73 231.958 0.244362 -0.0363328 0.765553
702.539 319.135 0.490728 0.02998 1.06371
791.062 529.635 0.186931 0.00713676 0.56982
696.19 385.045 0.279974 0.0235177 0.716662
894.992 288.658 0.275081 -0.0613931 0.77237
682.257 368.392 0.272329 0.0283059 0.716813
845.276 427.501 0.143048 0.00523242 0.540866
667.611 569.707 0.170297 0.0241771 0.547434
681.759 116.042 0.204124 0.0280241 0.784807
932.181 288.376 0.24375 -0.0571732 0.72247
834.457 252.181 0.283248 -0.0449982 0.820905
918.909 226.387 0.237723 -0.0606441 0.756378
860.168 183.46 0.220441 -0.0366319 0.756731
907.329 75.5971 0.182439 -0.0475657 0.75567
865.819 193.253 0.24203 -0.0498564 0.797259
551.159 232.593 0.250751 0.0844055 0.781098
696.913 233.306 0.251023 0.0232455 0.779221
526.84 289.537 0.242328 0.0800329 0.722808
757.787 236.495 0.256922 -0.00288486 0.787144
873.323 188.35 0.234696 -0.0493758 0.785133
507.569 405.432 0.253948 0.0782306 0.677514
952.765 206.948 0.255653 -0.0954457 0.812061
852.011 384.551 0.295553 -0.0379035 0.734051
577.368 35.386 0.0673052 0.0236049 0.466414
862.952 178.373 0.214046 -0.0348501 0.746259
606.171 75.1167 0.171283 0.0465218 0.721799
586.33 277.956 0.232054 0.0573746 0.71284
894.849 205.084 0.236434 -0.0553426 0.77253
752.524 333.925 0.946231 -0.129016 1.61935
919.164 453.826 0.330651 -0.0696174 0.729747
922.724 442.636 0.292832 -0.0559826 0.699276
956.015 189.72 0.214766 -0.0642548 0.737584
905.653 525.641 0.510441 -0.125888 0.817075
842.189 369.908 0.278408 -0.0301497 0.722286
665.784 504.94 0.256236 0.030211 0.640854
929.099 371.54 0.383347 -0.123192 0.845075
686.33 340.346 0.775529 0.0920343 1.38024
949.552 540.233 0.315564 -0.0626772 0.675721
757.776 318.505 0.76589 -0.107638 1.4631
741.563 125.355 0.288561 -0.0160515 1.1313
618.53 2.5886 0.185381 0.0814275 1.01946
512.262 121.107 0.211449 0.0993585 0.805106
618.376 118.585 0.203542 0.0517922 0.780909
566.224 510.326 -0.0653735 0.021636 0.262404
816.047 262.092 -0.0415355 0.0236302 0.292816
520.43 411.202 0.53713 0.224256 0.962729
743.881 24.9835 0.202104 -0.0126888 1.0832
948.735 372.583 0.271522 -0.0647693 0.711612
956.51 504.48 0.401595 -0.111702 0.758354
517.458 171.735 0.201449 0.0770782 0.72577
780.848 310.264 0.275838 -0.0109547 0.758072
889.541 91.0801 -0.00575597 0.0238164 0.340302
837.429 372.457 0.292635 -0.0325073 0.738119
909.288 441.838 0.321974 -0.0635726 0.728329
520.236 190.477 0.222034 0.0867801 0.758176
607.861 335.742 -0.0718664 0.02252 0.250567
603.19 330.094 -0.0717399 0.0224898 0.250701
522.707 17.41 -0.0444617 0.0200064 0.283217
623.897 306.729 0.27577 0.0540774 0.762109
604.097 5.83683 0.179975 0.0704485 0.895169
958.759 505.629 0.399553 -0.111562 0.756107
959.703 505.449 0.400627 -0.112659 0.757007
932.483 529.973 -0.0680901 0.0243824 0.258443
734.33 128.625 -0.12476 -0.184064 3.52377
