739.859 213.473 0.237858 -0.495348 4.86718
723.019 206.354 -0.100512 -0.138677 5.53771
736.217 127.85 -0.123162 -0.191665 3.55448
494.555 89.7398 0.193055 0.095153 0.773784
578.315 21.7988 0.029296 0.449391 2.06287
917.233 62.0799 0.181192 -0.0481397 0.757433
522.097 171.884 0.211802 0.0820809 0.744919
901.701 87.4205 0.201885 -0.0568192 0.801681
816.325 173.418 0.221558 -0.019515 0.763742
621.862 226.446 0.25367 0.0569959 0.787119
841.951 230.196 0.262278 -0.0392411 0.798308
480.342 75.3538 0.183126 0.0932542 0.755699
948.674 189.128 0.227534 -0.0683374 0.76199
809.108 188.407 0.222423 -0.0155604 0.752611
766.087 226.552 0.253389 -0.00398241 0.784871
903.57 231.321 0.264007 -0.0674383 0.799928
700.202 218.804 0.239571 0.023221 0.764524
618.665 223.109 0.246821 0.0564191 0.77634
529.084 283.092 0.241705 0.0798633 0.722919
869.927 278.177 0.243691 -0.0344872 0.726826
535.919 212.955 0.221222 0.0765369 0.733291
535.94 274.34 0.239685 0.0777151 0.725125
932.935 217.367 0.228022 -0.0566713 0.740258
563.321 230.465 0.261054 0.0852779 0.798808
539.329 374.731 0.282125 0.0830234 0.724333
518.848 403.848 0.405049 0.147955 0.839915
940.288 296.814 0.258758 -0.0641365 0.737881
928.65 217.347 0.234105 -0.0595472 0.752462
534.203 269.974 0.233445 0.0757715 0.717484
708.957 228.869 0.241072 0.0199027 0.759045
951.665 297.719 0.252369 -0.063935 0.727488
949.308 306.842 0.267141 -0.0708185 0.743715
772.157 282.262 0.2475 -0.00190396 0.73104
779.3 298.215 0.268227 -0.0073067 0.752622
865.598 219.827 0.23417 -0.0365612 0.751209
553.323 178.998 0.228645 0.0805049 0.778501
862.574 377.191 0.281574 -0.0352321 0.720374
709.114 268.943 0.238908 0.019874 0.726051
704.498 214.345 0.222709 0.02119 0.733839
527.564 180.457 0.22151 0.0852364 0.760393
688.458 366.469 0.263415 0.0270065 0.705046
608.83 222.086 0.234846 0.0562542 0.753154
831.774 165.187 0.210453 -0.0211865 0.744172
698.44 278.455 0.233202 0.023168 0.710839
531.891 450.957 0.294093 0.0819634 0.69773
546.133 440.874 0.312847 0.0846245 0.721096
534.671 279.98 0.240793 0.0779496 0.723362
605.188 281.26 0.243952 0.0552389 0.727173
927.058 221.425 0.237051 -0.0602013 0.755089
769.775 279.447 0.246951 -0.00113022 0.732016
926.313 274.941 0.249545 -0.0575123 0.738088
553.413 224.511 0.235856 0.0767002 0.753746
609.317 443.679 0.301661 0.0571381 0.708317
927.102 164.154 0.214857 -0.0562743 0.75473
550.402 374.979 0.289389 0.0817365 0.732886
618.815 364.252 0.268815 0.0512993 0.713361
925.936 375.677 0.287919 -0.061456 0.72841
911.346 60.2709 0.181817 -0.0474348 0.762017
775.497 211.627 0.213456 -0.000462949 0.716585
562.678 620.138 0.254653 0.0522029 0.606591
862.467 440.056 0.309202 -0.0377429 0.716303
676.254 316.172 0.513305 0.0693274 1.09797
544.212 121.772 0.209692 0.0833076 0.789211
855.188 223.756 0.243904 -0.0369418 0.767475
705.54 315.201 0.49027 0.0293711 1.06564
802.64 518.739 0.186473 0.00652779 0.571742
702.047 377.664 0.279517 0.0229087 0.718585
902.439 281.561 0.274623 -0.0620021 0.774292
688.085 360.756 0.271871 0.0276969 0.718735
861.407 411.69 0.14259 0.00462345 0.542789
678.747 557.442 0.169839 0.0235681 0.549357
687.798 106.16 0.203666 0.0274151 0.78673
941.12 280.202 0.243293 -0.0577821 0.724392
840.776 245.305 0.28279 -0.0456071 0.822827
927.428 217.996 0.237265 -0.0612531 0.7583
868.277 174.268 0.219983 -0.0372409 0.758654
916.837 64.4576 0.181981 -0.0481746 0.757592
873.227 185.1 0.241572 -0.0504654 0.799181
482.734 73.8316 0.182439 0.0921384 0.754921
555.591 224.274 0.250293 0.0837965 0.78302
702.587 225.181 0.250565 0.0226366 0.781144
531.619 280.622 0.241871 0.0794239 0.724731
763.912 228.67 0.256464 -0.00349383 0.789066
881.049 179.887 0.234238 -0.0499848 0.787056
512.502 396.787 0.25349 0.0776216 0.679436
858.997 377.947 0.295096 -0.0385125 0.735974
612.581 62.7264 0.170825 0.0459128 0.723721
591.821 268.705 0.231596 0.0567656 0.714763
902.928 196.663 0.235977 -0.0559516 0.774453
754.237 331.984 0.945773 -0.129625 1.62128
926.342 448.236 0.330193 -0.0702264 0.73167
930.823 436.206 0.292374 -0.0565916 0.701199
482.364 398.766 0.34607 0.136317 0.782286
910.404 522.117 0.509983 -0.126497 0.818998
849.445 362.803 0.27795 -0.0307586 0.724209
672.505 496.886 0.255778 0.029602 0.642776
935.121 366.799 0.382889 -0.123801 0.846997
688.223 337.788 0.775071 0.0914254 1.38216
957.733 534.606 0.315106 -0.0632862 0.677643
759.862 316.155 0.765432 -0.108247 1.46503
745.481 119.627 0.288103 -0.0166604 1.13322
516.495 111.595 0.210991 0.0987495 0.807029
623.821 108.602 0.203084 0.0511832 0.782831
543.349 547.668 -0.0658313 0.021027 0.264326
799.929 288.871 -0.0419933 0.0230212 0.294739
523.046 406.838 0.536672 0.223647 0.964651
748.513 17.4384 0.201646 -0.0132978 1.08512
957.429 365.503 0.271064 -0.0653782 0.713535
522.519 161.075 0.200991 0.0764693 0.727693
787.198 302.971 0.275381 -0.0115637 0.759994
854.639 140.852 -0.00621382 0.0232075 0.342224
844.276 365.74 0.292177 -0.0331163 0.740041
916.507 436.034 0.321516 -0.0641816 0.730251
524.828 180.99 0.221576 0.0861711 0.760098
582.969 367.214 -0.0723242 0.021911 0.252489
577.846 360.678 -0.0721978 0.0218808 0.252624
502.556 36.5464 -0.0449195 0.0193974 0.28514
628.822 299.16 0.275312 0.0534684 0.764031
936.893 573.313 -0.068548 0.0237734 0.260365
782.2 352.489 -0.0681864 0.022798 0.258403
610.845 577.295 -0.0608758 0.0212072 0.272645
541.645 80.8615 -0.0582215 0.0206926 0.268516
689.084 136.106 0.312262 0.0469909 1.18892
681.684 365.655 0.251249 0.028396 0.690294
767.731 89.9669 0.194447 -0.00153244 0.774124
522.12 379.536 0.259809 0.0790617 0.694901
536.279 218.314 0.253534 0.0953377 0.795713
735.871 125.632 -0.125218 -0.184673 3.52569
