741.069 210.366 0.234409 -0.494579 4.85688
723.903 203.429 -0.102809 -0.138967 5.53803
484.312 53.2186 0.176423 0.0906698 0.749153
737.951 122.07 -0.125288 -0.191295 3.54459
499.449 75.5238 0.19025 0.0946717 0.773708
579.702 15.3198 0.0274313 0.450395 2.06987
928.254 47.7669 0.178877 -0.0483306 0.758288
527.586 158.799 0.209022 0.0816643 0.744965
912.776 73.5047 0.19859 -0.0568632 0.800391
825.411 161.191 0.218664 -0.0197034 0.763441
627.432 215.323 0.250196 0.0564923 0.785954
850.823 219.703 0.258678 -0.0393707 0.796851
485.661 60.6701 0.180544 0.0928356 0.756044
959.831 177.197 0.224697 -0.0685118 0.76198
818.918 175.969 0.218374 -0.0155939 0.749933
773.91 215.601 0.249964 -0.0042665 0.783779
913.653 220.924 0.260321 -0.0674717 0.798336
707.365 207.355 0.236598 0.0228834 0.764191
624.337 211.792 0.24342 0.0559463 0.775227
535.746 271.93 0.239917 0.0795756 0.724452
878.655 269.472 0.243092 -0.0350267 0.729099
542.406 200.624 0.218991 0.0761712 0.734351
542.781 263.706 0.238395 0.0775438 0.727134
943.776 206.128 0.225822 -0.0570893 0.741114
567.73 219.682 0.257401 0.0846309 0.797191
544.858 364.713 0.279414 0.0826191 0.724619
514.58 399.668 0.38888 0.144121 0.823155
951.683 286.671 0.255546 -0.0643824 0.737298
940.391 205.52 0.23074 -0.059738 0.751608
540.815 258.423 0.23164 0.0755712 0.719061
715.934 219.24 0.240358 0.0197037 0.761811
959.393 297.106 0.264761 -0.0711791 0.744367
780.555 271.467 0.2452 -0.00226273 0.731865
788.386 287.474 0.261892 -0.00737208 0.747651
876.206 207.67 0.230538 -0.0367324 0.750035
555.328 166.263 0.222974 0.0796479 0.77208
871.636 367.812 0.278983 -0.0355603 0.720804
717.053 257.734 0.236987 0.0195139 0.727511
712.512 202.42 0.220507 0.0208461 0.734838
532.759 167.892 0.218609 0.0847652 0.760194
696.062 356.026 0.26146 0.0266757 0.706363
615.948 211.205 0.233517 0.0559533 0.755468
841.792 152.105 0.20764 -0.0214688 0.744245
706.624 266.935 0.231371 0.0228207 0.712459
537.614 441.401 0.291414 0.0815723 0.69804
655.539 612.624 0.141031 0.0257387 0.517002
552.018 431.699 0.310427 0.084132 0.721669
541.693 268.897 0.239235 0.0776505 0.725213
611.558 270.737 0.24176 0.0550044 0.727765
938.132 209.868 0.233989 -0.0604139 0.754771
778.059 268.681 0.244718 -0.00146923 0.732917
936.687 264.336 0.246976 -0.05781 0.738531
559.308 213.015 0.23343 0.076311 0.754315
615.796 434.303 0.299344 0.0567403 0.709061
938.042 151.7 0.212252 -0.056493 0.755064
554.426 365.872 0.285547 0.0813599 0.731388
625.547 354.025 0.266664 0.0509921 0.714334
935.35 366.462 0.285464 -0.0617882 0.729079
923.434 45.821 0.178826 -0.0473286 0.760472
783.321 202.086 0.216519 -0.00134018 0.726397
597.787 561.818 0.290214 0.054435 0.649029
870.96 431.455 0.306723 -0.0381034 0.716878
677.641 311.009 0.491581 0.0672742 1.06858
548.947 108.118 0.206258 0.0826624 0.787818
867.569 209.838 0.236256 -0.0363161 0.759995
708.794 309.759 0.474552 0.0286462 1.04535
815.324 499.326 0.186958 0.00603352 0.576703
709.378 367.691 0.277342 0.022541 0.719639
910.025 272.774 0.274119 -0.062755 0.777381
695.505 350.87 0.269607 0.0272926 0.719496
874.797 385.829 0.144124 0.00405795 0.549966
694.693 536.234 0.170339 0.0232485 0.554136
694.333 85.2077 0.195075 0.0269607 0.776089
951.285 269.538 0.241447 -0.0582588 0.725924
852.466 233.511 0.27374 -0.0450673 0.812956
940.664 205.119 0.232086 -0.0609435 0.754682
878.044 161.208 0.216789 -0.0372463 0.758335
928.345 49.8132 0.179453 -0.048405 0.758087
881.309 175.287 0.240439 -0.0510589 0.8017
488.355 59.1783 0.17988 0.0916409 0.755253
555.84 209.882 0.240852 0.082168 0.772242
709.32 212.315 0.243873 0.0222709 0.77489
537.581 269.316 0.239496 0.079096 0.725404
772.553 215.578 0.248674 -0.00344288 0.781183
891.981 167.226 0.229936 -0.0499244 0.784459
520.153 385.008 0.25224 0.0774849 0.681847
868.323 369.299 0.291501 -0.0387309 0.734972
621.687 49.758 0.170094 0.0457138 0.727902
599.786 256.847 0.230531 0.0565202 0.717789
913.343 185.034 0.232822 -0.0560881 0.773817
759.721 330.399 0.868167 -0.119247 1.51595
939.885 442.9 0.321961 -0.0694336 0.725303
946.016 430.007 0.284077 -0.0557045 0.694613
506.125 385.818 0.36983 0.142042 0.814841
935.334 534.406 0.470503 -0.118516 0.783138
855.284 352.956 0.28055 -0.0317696 0.731364
684.984 470.841 0.274259 0.029601 0.668505
941.534 360.492 0.382183 -0.124673 0.848856
689.566 333.718 0.766691 0.0918884 1.37512
765.995 312.61 0.708255 -0.100521 1.38225
751.39 103.191 0.274686 -0.0159645 1.10571
517.065 93.9985 0.204165 0.0972347 0.799275
630.094 94.4744 0.199718 0.0506778 0.781658
514.262 635.679 -0.0685846 0.0210153 0.26772
775.439 346.01 -0.0438738 0.0230128 0.299032
753.56 12.3953 0.20336 -0.0141855 1.09416
538.459 154.951 0.20746 0.077692 0.744277
795.764 293.993 0.271172 -0.0117797 0.757296
855.838 357.025 0.28386 -0.0326686 0.733072
932.44 430.389 0.309871 -0.0627796 0.720318
530.208 168.482 0.21881 0.0857047 0.760173
544.034 451.897 -0.0745257 0.0218568 0.256427
538.793 444.373 -0.0743916 0.021824 0.256569
630.569 287.005 0.2614 0.0522032 0.748251
517.096 139.904 -0.0609386 0.0207012 0.271726
692.554 125.188 0.30446 0.0457616 1.17497
691.455 349.486 0.258704 0.0281071 0.706305
485.3 597.559 0.590321 0.211251 0.800524
773.057 94.3349 0.205643 -0.00318731 0.799749
548.021 363.991 0.281409 0.0823466 0.727467
540.529 206.591 0.247644 0.0932163 0.789812
737.608 119.847 -0.127348 -0.184384 3.51685
