762.261 238.05 0.174516 -0.0182217 0.99504
652.252 238.236 0.174441 0.0571615 0.996136
871.867 201.665 0.149711 -0.0882384 0.995812
861.987 133.511 0.109696 -0.0783368 1.0069
766.718 42.3441 0.0601726 -0.0182588 1.02115
565.912 143.817 0.113433 0.108333 1.00757
627.393 49.7008 0.0615699 0.0638333 1.0145
681.618 47.3554 0.0620228 0.0324178 1.02212
564.648 143.479 0.111873 0.107643 1.00301
503.385 65.0414 0.0706279 0.145113 1.02834
801.787 207.101 0.15317 -0.0433915 0.996422
864.116 200.905 0.161187 -0.0917119 1.02525
517.085 112.758 0.101995 0.149034 1.04189
767.827 32.7802 0.0551174 -0.0186788 1.02063
681.667 40.0244 0.0577743 0.0319621 1.01943
861.352 135.209 0.127333 -0.0941273 1.06766
936.62 208.694 0.155924 -0.131795 0.997872
824.464 238.359 0.17545 -0.0604772 0.995611
629.686 45.4389 0.0601617 0.0631972 1.02026
823.483 238.764 0.176483 -0.0601646 0.997094
959.353 217.214 0.166571 -0.153064 1.00785
553.273 176.184 0.0696963 0.0672243 0.842461
604.91 238.847 0.178427 0.0922151 1.00401
589.316 209.305 0.150631 0.0955852 0.990688
604.985 239.504 0.171186 0.0878272 0.988266
873.327 239.603 0.173258 -0.0913583 0.988729
874.897 237.232 0.171301 -0.0919488 0.988249
498.308 59.6842 0.0666188 0.144914 1.02197
875.674 240.462 0.172651 -0.0922001 0.986252
796.582 204.865 0.149574 -0.0391836 0.991665
957.162 275.855 0.205416 -0.157198 0.995382
828.573 240.17 0.172858 -0.061632 0.987686
827.887 236.977 0.169628 -0.0605173 0.98587
835.122 240.43 0.166814 -0.0630537 0.975271
762.744 237.913 0.17371 -0.0184344 0.993607
762.358 240.912 0.172811 -0.0177747 0.987366
850.331 200.872 0.148694 -0.0741036 0.995065
505.94 64.2758 0.0707515 0.144761 1.03178
554.127 176.265 0.130789 0.116645 0.997433
525.707 147.703 0.0847945 0.0988107 0.912399
750.928 379.81 0.377869 -0.0199096 1.07091
648.236 239.275 0.168917 0.0577369 0.983453
691.116 473.268 0.0975084 0.0137374 0.727791
716.522 239.062 0.158925 0.0121235 0.962965
630.572 52.7698 0.0648671 0.0640112 1.02559
495.422 455.647 0.0948111 0.063295 0.731039
889.571 218.393 0.163203 -0.103065 0.999626
922.709 493.418 0.402732 -0.16672 0.954242
716.427 240.07 0.171428 0.0127945 0.986434
580.933 371.954 0.394983 0.182156 1.10102
505.888 335.554 0.253884 0.179507 0.990685
938.933 239.937 0.176505 -0.136847 0.993848
928.075 342.338 0.238228 -0.133148 0.96141
888.893 294.212 0.190592 -0.0944114 0.94902
919.157 295.912 0.223266 -0.135255 0.997178
513.016 102.852 0.0945321 0.147943 1.03641
662.684 297.844 0.201579 0.0486086 0.963033
600.716 573.593 0.367672 0.095276 0.865662
811.083 204.884 0.145855 -0.0469263 0.982632
921.305 454.751 0.0953736 -0.0437394 0.732205
827.494 287.521 0.1993 -0.0611573 0.97106
585.453 454.248 0.092466 0.0398855 0.729269
920.305 210.546 0.155544 -0.120042 0.994326
946.371 345.068 0.248786 -0.152048 0.971533
635.977 343.364 0.128898 0.0401948 0.821509
600.332 237.104 0.168829 0.090378 0.987122
616.42 360.686 0.127325 0.0458212 0.809182
840.691 632.103 0.0703358 -0.0150699 0.664386
947.065 235.062 0.179358 -0.147689 1.00689
603.622 284.891 0.200665 0.0911701 0.978324
942.739 341.486 0.250455 -0.152186 0.977791
876.954 240.479 0.167892 -0.0899631 0.976819
926.242 350.103 0.259115 -0.142544 0.978465
815.685 296.007 0.21246 -0.0561197 0.981075
762.672 337.932 0.298275 -0.026851 1.04365
954.228 295.014 0.208057 -0.148035 0.974621
601.615 287.791 0.201044 0.0919622 0.975174
859.367 134.609 0.110844 -0.0772587 1.00867
761.647 350.808 0.240271 -0.017892 0.954982
665.242 298.151 0.242557 0.0569085 1.0257
713.242 237.382 0.172933 0.0151047 0.993512
713.569 286.024 0.200178 0.0150318 0.975209
789.73 220.299 0.161179 -0.0357878 0.993767
941.324 360.455 0.133995 -0.0752904 0.817188
876.581 452.333 0.130867 -0.0420675 0.767692
772.011 418.081 0.166886 -0.0130278 0.820161
680.155 615.801 0.0706179 0.0124516 0.667674
707.255 462.188 0.0886881 0.00940187 0.722977
752.616 143.808 0.114537 -0.0105933 1.00538
650.32 285.069 0.200828 0.0586987 0.97799
957.731 536.98 0.166946 -0.0728862 0.763382
878.429 297.371 0.216378 -0.101251 0.984933
952.793 516.061 0.0561659 -0.0346429 0.677568
701.861 345.181 0.152565 0.0166464 0.850583
845.546 626.563 0.0705713 -0.0160318 0.665677
601.574 286.813 0.200145 0.0918119 0.974989
832.666 139.15 0.141511 -0.0835785 1.1138
858.966 129.805 0.104614 -0.0736962 0.99692
702.746 296.919 0.201887 0.0220293 0.964376
648.654 236.082 0.166114 0.057058 0.982431
602.943 349.189 0.244171 0.0948933 0.961818
804.015 490.592 0.408032 -0.0634545 0.9593
700.46 345.706 0.151294 0.0171509 0.848592
569.176 143.506 0.114319 0.107326 1.01119
837.821 200.017 0.136127 -0.0596191 0.966681
607.97 279.668 0.195012 0.0868093 0.975824
770.249 294.891 0.20809 -0.0238408 0.976034
868.1 396.477 0.284798 -0.0984331 0.955972
487.027 467.11 0.336068 0.193914 0.929871
603.876 613.838 0.416083 0.0993758 0.85996
902.609 205.201 0.150987 -0.107277 0.992574
847.945 347.137 0.153819 -0.0475773 0.850565
586.553 210.69 0.149907 0.0963929 0.986822
700.262 300.214 0.222082 0.0256149 0.991102
584.564 209.409 0.147057 0.0961437 0.982254
686.396 62.8633 0.0801852 0.0350057 1.08964
866.504 349.512 0.25772 -0.0979463 0.97756
642.604 277.049 0.186454 0.0606685 0.964579
650.618 285.471 0.198868 0.0578305 0.97428
815.23 448.494 0.354417 -0.0682604 0.964018
919.508 334.675 0.239481 -0.130896 0.97174
819.749 343.418 0.22996 -0.0560008 0.950045
488.309 262.63 0.190976 0.175563 0.993562
584.934 460.683 0.090932 0.0392918 0.725582
599.302 11.6472 -0.259875 -0.00136599 0.302141
684.684 307.005 0.436869 0.079658 1.30449
682.79 630.403 0.0686651 0.0117311 0.663273
491.268 58.3079 0.0629054 0.141304 1.00329
742.893 303.874 0.472616 -0.0271688 1.36948
813.174 639.612 0.080864 -0.011294 0.670387
838.815 632.975 0.070107 -0.0147073 0.664043
885.489 221.371 0.167369 -0.102282 1.00412
862.352 135.012 0.110806 -0.0788706 1.00758
928.336 206.407 0.150309 -0.122198 0.988648
940.651 210.3 0.157173 -0.134781 0.9981
884.349 48.1348 -0.206531 0.000331882 0.364892
492.902 454.792 0.336125 0.194228 0.941536
604.246 348.164 0.246432 0.095135 0.965758
779.779 432.943 0.152023 -0.0141348 0.797229
857.701 357.387 0.160402 -0.0527832 0.851541
958.732 540.523 0.16519 -0.0721624 0.760652
801.118 447.559 0.130851 -0.0184697 0.769659
801.351 457.84 0.125834 -0.0175328 0.760493
759.436 349.334 0.243024 -0.0167351 0.959969
605.41 283.838 0.201322 0.0905268 0.980776
808.774 137.862 0.110047 -0.0447056 1.00075
935.383 239.585 0.178821 -0.136815 0.999032
930.112 106.387 0.125281 -0.176381 1.15662
745.675 37.5038 0.0655041 -0.0237328 1.46614
629.507 22.3781 0.0520272 0.0686418 1.06037
887.887 213.846 0.160335 -0.101658 1.00051
669.252 161.491 0.132769 0.0456138 1.02966
697.399 157.157 0.129217 0.0257853 1.02689
682.228 5.71007 0.0472485 0.041457 1.15828
494.634 263.761 0.22019 0.201556 1.04555
601.413 237.552 0.172384 0.0915763 0.993698
683.082 632.839 0.0683913 0.0116426 0.662591
770.758 343.025 0.225888 -0.0228074 0.945432
931.414 350.982 0.255282 -0.143423 0.972783
718.556 277.24 0.179159 0.0110106 0.951541
636.025 17.5982 0.053248 0.0742393 1.12334
619.065 157.544 0.121975 0.0748984 1.00548
651.956 292.388 0.188353 0.0528474 0.949068
710.558 360.136 0.124963 0.0111766 0.80651
731.911 164.387 0.256414 -0.0335962 2.36871
958.652 123.014 0.111794 -0.148429 1.03514
737.686 81.7416 0.101603 -0.0230961 1.74671
602.586 153.913 0.118075 0.0840702 1.0009
607.838 240.05 0.173258 0.0868587 0.991594
907.418 398.139 0.318862 -0.145075 0.98799
955.837 271.174 0.0910775 -0.0709609 0.811149
950.043 267.823 0.0953379 -0.07218 0.820245
738.797 112.317 0.153598 -0.0305177 1.81543
506.193 103.263 -0.235064 -0.0023563 0.329965
656.694 245.1 0.200214 0.0614274 1.03713
904.118 220.213 0.186471 -0.132242 1.04849
484.113 451.014 0.343263 0.207826 0.950705
918.298 304.955 0.222291 -0.130107 0.983907
488.118 608.073 0.473788 0.217296 0.885025
956.647 568.495 -0.159028 0.00307938 0.441494
786.44 273.199 -0.199017 -0.00032774 0.379334
931.788 353.296 0.155471 -0.0836811 0.848226
709.621 363.871 0.128234 0.0116301 0.808386
487.763 472.162 0.0879686 0.0609706 0.718898
715.561 285.115 0.206218 0.0139916 0.986181
481.396 495.013 0.363913 0.204695 0.923862
713.779 235.271 0.163541 0.0142067 0.977498
854.044 503.752 0.196523 -0.0468203 0.800696
865.184 396.084 0.288858 -0.0980355 0.960449
940.941 342.954 0.255419 -0.153813 0.982306
861.438 392.002 0.296065 -0.0991666 0.972093
693.387 457.176 0.121818 0.0151338 0.756821
871.88 239.439 0.179782 -0.0946627 1.00204
928.935 241.539 0.186771 -0.13869 1.01198
766.258 42.6564 0.0606646 -0.0181509 1.02355
628.68 56.8155 0.0666976 0.0650074 1.02319
680.397 51.616 0.0641329 0.0331898 1.02102
712.849 237.63 0.173478 0.0154001 0.994251
511.836 103.508 0.0944065 0.147813 1.03392
566.727 145.865 0.115306 0.10868 1.00954
