764.437 235.248 0.17269 -0.0179323 0.996658
653.6 235.273 0.172615 0.0574508 0.997754
875.084 198.684 0.147885 -0.0879491 0.997431
865.395 129.832 0.10787 -0.0780475 1.00852
769.562 37.5083 0.0583466 -0.0179694 1.02277
566.766 139.842 0.111607 0.108622 1.00919
628.945 44.7565 0.0597439 0.0641227 1.01612
683.643 42.4767 0.0601967 0.0327071 1.02374
565.507 139.486 0.110047 0.107932 1.00462
503.771 60.1679 0.0688019 0.145403 1.02996
804.398 204.071 0.151344 -0.0431022 0.99804
867.102 197.977 0.159361 -0.0914225 1.02687
517.498 108.485 0.100169 0.149323 1.04351
770.719 27.8241 0.0532913 -0.0183895 1.02225
683.725 35.0463 0.0559482 0.0322514 1.02105
864.427 131.712 0.125507 -0.093838 1.06928
940.33 205.882 0.154098 -0.131506 0.999491
827.116 235.654 0.173624 -0.0601879 0.99723
631.247 40.4644 0.0583356 0.0634866 1.02188
826.117 236.065 0.174657 -0.0598753 0.998712
554.784 172.057 0.0678702 0.0675137 0.84408
605.887 235.836 0.176601 0.0925044 1.00563
590.285 205.971 0.148805 0.0958745 0.992306
606.015 236.463 0.16936 0.0881165 0.989884
876.402 236.968 0.171432 -0.091069 0.990348
878.001 234.576 0.169475 -0.0916595 0.989867
498.673 54.72 0.0647928 0.145203 1.02358
878.779 237.833 0.170825 -0.0919108 0.98787
799.188 201.794 0.147748 -0.0388943 0.993283
831.296 237.47 0.171032 -0.0613426 0.989305
830.63 234.243 0.167802 -0.060228 0.987488
837.973 237.714 0.164988 -0.0627644 0.976889
764.932 235.107 0.171884 -0.0181451 0.995226
764.563 238.118 0.170985 -0.0174853 0.988985
853.378 197.849 0.146868 -0.0738142 0.996684
506.339 59.4077 0.0689255 0.14505 1.0334
554.865 172.578 0.128963 0.116934 0.999051
526.581 143.421 0.0829685 0.0991 0.914018
752.143 378.135 0.376043 -0.0196203 1.07253
649.602 236.285 0.167091 0.0580263 0.985071
694.608 472.614 0.0956824 0.0140267 0.729409
718.51 236.126 0.157099 0.0124128 0.964583
632.103 47.9034 0.0630411 0.0643005 1.02721
496.824 454.45 0.0929851 0.0635843 0.732658
892.822 215.609 0.161377 -0.102775 1.00124
924.761 492.439 0.400906 -0.16643 0.95586
718.289 237.198 0.169602 0.0130838 0.988052
581.325 369.991 0.393157 0.182445 1.10264
506.123 333.101 0.252058 0.179796 0.992304
942.502 237.415 0.174679 -0.136558 0.995466
931.16 340.582 0.236402 -0.132859 0.963028
892.073 291.998 0.188766 -0.0941221 0.950638
922.209 293.848 0.22144 -0.134965 0.998796
513.421 98.448 0.092706 0.148233 1.03803
664.075 295.326 0.199753 0.0488979 0.964652
601.415 572.311 0.365846 0.0955654 0.867281
813.861 201.812 0.144029 -0.046637 0.984251
927.35 454.311 0.0935476 -0.0434501 0.733824
830.079 285.196 0.197474 -0.060868 0.972678
587.851 453.224 0.0906399 0.0401748 0.730887
923.89 207.719 0.153718 -0.119753 0.995945
949.49 343.375 0.24696 -0.151759 0.973151
637.977 341.038 0.127071 0.0404841 0.823128
601.337 234.032 0.167003 0.0906673 0.98874
618.313 358.488 0.125499 0.0461105 0.8108
847.441 634.554 0.0685098 -0.0147806 0.666005
950.641 232.537 0.177532 -0.1474 1.00851
480.068 254.744 0.194241 0.190789 1.01212
604.577 282.207 0.198839 0.0914595 0.979943
945.808 339.771 0.248629 -0.151897 0.979409
880.133 237.83 0.166066 -0.0896738 0.978438
929.134 348.422 0.257289 -0.142254 0.980084
818.079 293.75 0.210634 -0.0558304 0.982694
764.223 335.998 0.296449 -0.0265617 1.04527
957.712 292.957 0.206231 -0.147746 0.97624
602.561 285.121 0.199218 0.0922515 0.976793
862.736 130.943 0.109018 -0.0769694 1.01029
763.565 348.827 0.238445 -0.0176026 0.9566
666.404 295.756 0.240731 0.0571979 1.02732
715.056 234.497 0.171107 0.0153941 0.995131
715.301 283.515 0.198351 0.0153212 0.976827
792.201 217.371 0.159353 -0.0354985 0.995386
946.139 358.796 0.132169 -0.0750011 0.818806
881.159 451.489 0.129041 -0.0417782 0.769311
774.892 416.582 0.16506 -0.0127385 0.82178
684.739 617.666 0.0687919 0.0127409 0.669292
711.107 461.532 0.0868621 0.0096912 0.724595
755.029 140.085 0.112711 -0.0103039 1.007
651.597 282.458 0.199002 0.058988 0.979608
881.251 295.231 0.214552 -0.100961 0.986552
704.14 342.972 0.150739 0.0169357 0.852201
852.327 628.927 0.0687453 -0.0157425 0.667296
602.523 284.135 0.198319 0.0921012 0.976608
835.296 135.769 0.139685 -0.0832891 1.11542
862.426 126.052 0.102788 -0.0734069 0.998538
704.416 294.46 0.200061 0.0223187 0.965995
650.037 233.063 0.164288 0.0573473 0.984049
603.809 346.943 0.242345 0.0951826 0.963436
805.458 489.377 0.406206 -0.0631652 0.960918
702.744 343.499 0.149468 0.0174402 0.85021
570.046 139.543 0.112493 0.107615 1.0128
840.95 196.895 0.134301 -0.0593297 0.968299
608.976 276.944 0.193186 0.0870986 0.977443
772.349 292.544 0.206264 -0.0235514 0.977652
870.476 394.967 0.282972 -0.0981437 0.95759
487.185 465.242 0.334242 0.194203 0.931489
604.501 612.595 0.414257 0.0996652 0.861579
906.087 202.291 0.149161 -0.106987 0.994193
851.472 345.189 0.151992 -0.047288 0.852184
587.512 207.356 0.148081 0.0966822 0.98844
701.779 297.825 0.220256 0.0259042 0.992721
585.526 206.048 0.145231 0.096433 0.983872
688.167 58.3809 0.0783592 0.0352951 1.09126
868.995 347.726 0.255894 -0.0976569 0.979178
643.906 274.335 0.184628 0.0609579 0.966197
651.912 282.857 0.197042 0.0581198 0.975898
816.937 447.155 0.352591 -0.0679711 0.965636
922.5 332.864 0.237655 -0.130607 0.973358
488.485 259.62 0.18915 0.175853 0.995181
587.374 459.755 0.089106 0.0395811 0.727201
658.479 147.722 -0.261701 -0.00107665 0.30376
685.36 305.158 0.435043 0.0799474 1.30611
491.625 53.2551 0.0610794 0.141593 1.0049
743.748 302.185 0.47079 -0.0268794 1.3711
888.662 218.62 0.165543 -0.101993 1.00573
865.752 131.351 0.10898 -0.0785813 1.0092
932.053 203.537 0.148483 -0.121909 0.990267
944.384 207.509 0.155347 -0.134492 0.999719
493.077 452.888 0.334299 0.194518 0.943155
605.109 345.919 0.244606 0.0954244 0.967377
782.984 431.632 0.150197 -0.0138455 0.798847
861.241 355.54 0.158576 -0.0524939 0.853159
804.942 446.529 0.129025 -0.0181804 0.771277
805.311 456.951 0.124008 -0.0172435 0.762112
761.317 347.346 0.241198 -0.0164458 0.961588
606.371 281.153 0.199496 0.0908161 0.982394
811.725 134.139 0.108221 -0.0444163 1.00236
938.889 237.066 0.176995 -0.136526 1.00065
933.555 102.879 0.123455 -0.176091 1.15824
747.273 33.5103 0.0636781 -0.0234435 1.46776
630.975 17.2472 0.0502011 0.0689311 1.06199
891.143 211.018 0.158509 -0.101369 1.00213
670.813 157.905 0.130943 0.0459031 1.03128
699.209 153.558 0.127391 0.0260746 1.02851
683.918 0.707874 0.0454224 0.0417464 1.1599
602.403 234.501 0.170557 0.0918657 0.995317
687.84 635.051 0.0665653 0.0119319 0.664209
772.832 340.993 0.224062 -0.0225181 0.94705
934.378 349.308 0.253456 -0.143134 0.974401
653.353 289.785 0.186527 0.0531367 0.950686
713.353 358.098 0.123137 0.0114659 0.808129
603.739 150.075 0.116249 0.0843596 1.00252
909.806 396.735 0.317036 -0.144785 0.989608
955.521 265.284 0.0935118 -0.0718907 0.821863
739.862 109.492 0.151772 -0.0302283 1.81705
907.195 217.58 0.184645 -0.131953 1.05011
484.237 449.08 0.341437 0.208116 0.952323
921.379 302.937 0.220465 -0.129817 0.985526
488.293 606.461 0.471962 0.217586 0.886643
893.554 498.32 -0.160854 0.00336871 0.443112
731.297 182.797 -0.200843 -3.84036e-05 0.380952
936.054 351.54 0.153644 -0.0833918 0.849845
712.366 361.86 0.126408 0.0119194 0.810004
717.257 282.623 0.204392 0.0142809 0.9878
481.528 493.221 0.362087 0.204985 0.925481
715.682 232.33 0.161715 0.0144961 0.979116
857.399 503.016 0.194697 -0.046531 0.802315
867.512 394.57 0.287032 -0.0977462 0.962068
943.955 341.253 0.253593 -0.153524 0.983925
863.687 390.469 0.294239 -0.0988773 0.973711
696.358 456.112 0.119992 0.0154232 0.75844
874.861 236.83 0.177956 -0.0943734 1.00366
932.294 239.057 0.184945 -0.1384 1.0136
769.084 37.8317 0.0588386 -0.0178616 1.02516
630.193 51.9879 0.0648715 0.0652967 1.0248
682.403 46.7843 0.0623069 0.0334792 1.02263
714.656 234.749 0.171652 0.0156895 0.995869
512.237 99.103 0.0925805 0.148102 1.03554
567.577 141.919 0.11348 0.10897 1.01116
