767.021 233.502 0.17153 -0.0177245 1.00103
654.565 233.449 0.171455 0.0576587 1.00212
879.502 196.434 0.146725 -0.0877412 1.0018
869.871 126.433 0.106709 -0.0778397 1.01289
772.703 32.4385 0.0571864 -0.0177616 1.02714
566.568 136.465 0.110447 0.10883 1.01356
629.807 39.7435 0.0585837 0.0643305 1.02049
685.363 37.4767 0.0590366 0.032915 1.02811
565.296 136.088 0.108887 0.10814 1.00899
502.658 55.4587 0.0676417 0.145611 1.03433
807.688 201.865 0.150184 -0.0428943 1.00241
871.168 195.761 0.1582 -0.0912147 1.03124
516.582 104.672 0.0990089 0.149531 1.04788
773.912 22.5677 0.0521312 -0.0181817 1.02662
685.473 29.8934 0.0547881 0.0324593 1.02542
868.45 128.521 0.124347 -0.0936301 1.07365
945.725 203.795 0.152937 -0.131298 1.00386
830.634 233.96 0.172464 -0.05998 1.0016
632.136 35.4004 0.0571755 0.0636944 1.02625
829.607 234.378 0.173497 -0.0596675 1.00308
554.689 168.788 0.0667101 0.0677215 0.84845
606.159 233.995 0.175441 0.0927122 1.01
590.394 203.644 0.147645 0.0960824 0.996677
606.319 234.615 0.1682 0.0883243 0.994254
880.721 235.323 0.170272 -0.0908612 0.994718
882.36 232.894 0.168315 -0.0914516 0.994238
497.482 49.8813 0.0636327 0.145411 1.02796
883.152 236.201 0.169665 -0.091703 0.99224
802.438 199.539 0.146588 -0.0386864 0.997653
834.928 235.799 0.169872 -0.0611348 0.993675
834.279 232.52 0.166642 -0.0600202 0.991858
841.804 236.041 0.163828 -0.0625566 0.981259
767.533 233.358 0.170724 -0.0179373 0.999596
767.185 236.409 0.169825 -0.0172775 0.993355
857.463 195.571 0.145708 -0.0736064 1.00105
505.266 54.7013 0.0677654 0.145258 1.03777
554.479 169.709 0.127803 0.117142 1.00342
525.839 139.774 0.0818084 0.0993078 0.918388
753.737 378.176 0.374883 -0.0194125 1.0769
650.547 234.461 0.165931 0.0582341 0.989441
698.039 476.571 0.0945222 0.0142346 0.733779
720.577 234.33 0.155939 0.0126207 0.968954
632.98 43.0033 0.0618809 0.0645083 1.03158
495.59 457.723 0.0918249 0.0637921 0.737028
897.404 213.651 0.160217 -0.102567 1.00561
928.612 494.111 0.399746 -0.166223 0.960231
720.23 235.44 0.168442 0.0132916 0.992422
581.091 369.744 0.391997 0.182653 1.10701
505.042 332.495 0.250897 0.180004 0.996674
947.799 235.83 0.173519 -0.13635 0.999836
936.024 340.515 0.235242 -0.132651 0.967398
896.741 291.207 0.187606 -0.0939143 0.955008
926.852 293.089 0.22028 -0.134758 1.00317
512.447 94.444 0.0915459 0.14844 1.0424
665.182 294.382 0.198593 0.0491057 0.969022
601.467 574.894 0.364686 0.0957732 0.871651
817.404 199.552 0.142869 -0.0464291 0.988621
936.4 458.077 0.0923874 -0.0432422 0.738194
833.617 284.242 0.196314 -0.0606601 0.977049
588.772 456.628 0.0894798 0.0403827 0.735257
929.049 205.647 0.152558 -0.119545 1.00031
954.5 343.348 0.2458 -0.151551 0.977521
639.32 341.15 0.125911 0.0406919 0.827498
601.58 232.143 0.165843 0.0908751 0.99311
619.331 358.971 0.124339 0.0463183 0.81517
955.964 230.893 0.176372 -0.147192 1.01288
604.821 281.022 0.197679 0.0916673 0.984313
950.719 339.682 0.247469 -0.151689 0.983779
884.612 236.191 0.164906 -0.0894659 0.982808
933.742 348.43 0.256128 -0.142046 0.984454
821.325 292.906 0.209474 -0.0556225 0.987064
766.215 335.622 0.295289 -0.0263538 1.04964
602.78 283.976 0.198058 0.0924593 0.981163
867.15 127.568 0.107858 -0.0767616 1.01466
765.985 348.72 0.237284 -0.0173948 0.960971
667.337 294.804 0.23957 0.0574057 1.03169
716.923 232.703 0.169947 0.0156019 0.999501
717.124 282.441 0.197191 0.015529 0.981197
795.273 215.365 0.158193 -0.0352906 0.999756
953.516 359.561 0.131009 -0.0747932 0.823176
887.881 454.409 0.127881 -0.0415704 0.773681
778.56 418.114 0.1639 -0.0125307 0.82615
689.124 627.38 0.0676317 0.0129488 0.673663
715.105 465.421 0.0857019 0.00989903 0.728965
757.714 136.804 0.11155 -0.0100961 1.01137
652.5 281.316 0.197842 0.0591959 0.983978
885.391 294.462 0.213392 -0.100754 0.990922
706.445 343.033 0.149579 0.0171435 0.856571
861.674 639.29 0.0675852 -0.0155346 0.671666
602.743 282.976 0.197158 0.0923091 0.980978
838.625 132.748 0.138525 -0.0830813 1.11979
866.95 122.553 0.101628 -0.0731991 1.00291
706.103 293.538 0.198901 0.0225265 0.970365
650.998 231.188 0.163128 0.0575552 0.98842
603.991 346.644 0.241185 0.0953905 0.967806
807.792 490.831 0.405046 -0.0629574 0.965288
705.041 343.576 0.148308 0.0176481 0.85458
569.893 136.174 0.111333 0.107823 1.01717
845.077 194.543 0.13314 -0.0591219 0.972669
609.294 275.688 0.192026 0.0873065 0.981813
774.966 291.647 0.205104 -0.0233436 0.982023
874.196 395.551 0.281811 -0.0979359 0.96196
485.867 466.229 0.333082 0.194411 0.935859
604.541 615.484 0.413097 0.099873 0.865949
911.007 200.115 0.148001 -0.106779 0.998563
856.44 345.432 0.150832 -0.0470802 0.856554
587.586 205.043 0.146921 0.09689 0.99281
703.298 296.937 0.219096 0.026112 0.997091
585.58 203.706 0.144071 0.0966408 0.988242
689.698 53.9574 0.077199 0.0355029 1.09563
872.752 347.669 0.254734 -0.0974491 0.983548
644.758 273.069 0.183468 0.0611657 0.970567
652.831 281.721 0.195882 0.0583276 0.980268
819.593 448.22 0.35143 -0.0677632 0.970006
927.172 332.668 0.236495 -0.130399 0.977728
487.156 258.027 0.18799 0.17606 0.999551
588.316 463.385 0.0879458 0.0397889 0.731571
700.637 238.344 -0.262862 -0.000868829 0.30813
685.988 304.387 0.433883 0.0801552 1.31048
490.319 48.2968 0.0599192 0.141801 1.00927
744.805 301.457 0.469629 -0.0266716 1.37547
893.127 216.712 0.164383 -0.101785 1.0101
870.222 127.981 0.10782 -0.0783734 1.01357
937.42 201.393 0.147323 -0.121701 0.994637
949.832 205.452 0.154187 -0.134284 1.00409
491.839 453.707 0.333139 0.194725 0.947525
605.302 345.6 0.243445 0.0956322 0.971747
787.108 433.664 0.149037 -0.0136377 0.803218
866.317 355.96 0.157416 -0.0522861 0.857529
810.005 449.237 0.127865 -0.0179725 0.775647
810.55 460.006 0.122848 -0.0170357 0.766482
763.678 347.208 0.240038 -0.016238 0.965958
606.637 279.955 0.198335 0.0910239 0.986764
815.361 130.77 0.107061 -0.0442085 1.00673
944.081 235.477 0.175835 -0.136318 1.00502
938.193 99.4875 0.122295 -0.175884 1.16261
748.874 29.7306 0.062518 -0.0232357 1.47213
631.795 11.9494 0.049041 0.069139 1.06636
895.714 208.987 0.157349 -0.101161 1.0065
672.072 154.943 0.129783 0.0461109 1.03565
700.905 150.534 0.12623 0.0262824 1.03288
602.647 232.627 0.169397 0.0920735 0.999687
775.483 340.808 0.222901 -0.0223103 0.95142
939.116 349.342 0.252296 -0.142926 0.978772
654.368 288.758 0.185367 0.0533446 0.955056
716.268 358.691 0.121977 0.0116738 0.812499
604.094 146.87 0.115089 0.0845674 1.00689
913.761 397.294 0.315876 -0.144578 0.993979
740.915 107.128 0.150612 -0.0300205 1.82142
911.594 215.728 0.183485 -0.131745 1.05448
482.912 449.807 0.340277 0.208324 0.956693
926.084 302.312 0.219305 -0.129609 0.989896
487.045 608.746 0.470802 0.217793 0.891013
838.551 438.214 -0.162014 0.00357654 0.447482
682.521 105.23 -0.202003 0.000169422 0.385322
715.223 362.506 0.125248 0.0121272 0.814374
719.057 281.536 0.203231 0.0144888 0.99217
480.159 494.478 0.360926 0.205192 0.929851
717.641 230.486 0.160554 0.0147039 0.983486
862.476 506.176 0.193537 -0.0463232 0.806685
871.151 395.133 0.285872 -0.0975383 0.966438
948.783 341.176 0.252433 -0.153316 0.988295
867.192 390.946 0.293079 -0.0986695 0.978082
699.309 459.09 0.118832 0.015631 0.76281
492.68 479.041 0.361341 0.201376 0.944155
521.67 528.885 0.403033 0.181624 0.925501
540.119 570.257 0.831213 0.348485 1.04195
697.206 134.314 0.185485 0.0530425 1.38903
858.85 289.307 0.250444 -0.103538 1.05637
695.394 119.528 0.160752 0.0503286 1.33254
520.427 589.306 0.610219 0.25925 0.956259
508.583 90.5778 0.0878179 0.14754 1.03551
481.133 332.086 0.215356 0.168304 0.950793
795.952 208.082 0.137628 -0.0305437 0.964697
710.494 291.139 0.206262 0.0202595 0.984697
717.605 284.092 0.198105 0.0152102 0.980596
889.077 364.987 0.125023 -0.0486659 0.812872
686.733 328.849 0.510137 0.0877963 1.33989
879.045 235.194 0.176795 -0.0941656 1.00803
937.253 237.506 0.183785 -0.138192 1.01797
772.202 32.7794 0.0576784 -0.0176538 1.02953
631.04 47.1509 0.0637114 0.0655045 1.02917
684.098 41.859 0.0611468 0.033687 1.027
716.513 232.958 0.170492 0.0158973 1.00024
511.245 95.1005 0.0914203 0.14831 1.03991
567.388 138.584 0.11232 0.109178 1.01553
