769.337 235.34 0.167154 -0.0202568 1.00025
656.138 235.004 0.167094 0.0551321 1.00139
882.993 198.542 0.142142 -0.090115 1.00028
873.061 128.062 0.102622 -0.0803232 1.01274
775.316 33.4984 0.0530862 -0.0201138 1.0266
568.052 137.621 0.106314 0.106319 1.01326
631.958 40.8597 0.0547518 0.0619188 1.02143
687.743 38.5639 0.0551673 0.0304172 1.02879
566.98 137.26 0.104871 0.10564 1.00915
504.396 56.241 0.0636477 0.143071 1.03447
810.319 203.689 0.145896 -0.0453867 1.00181
874.766 197.487 0.153259 -0.093469 1.02883
517.644 105.257 0.0945785 0.146784 1.04648
776.646 23.6942 0.0481606 -0.0206273 1.02667
687.796 30.9576 0.0508349 0.0299688 1.02565
872.097 129.354 0.11966 -0.0959231 1.07167
949.387 205.924 0.148732 -0.133763 1.00342
833.147 235.891 0.168244 -0.0623949 1.00121
634.028 36.3739 0.0532132 0.0613376 1.02658
832.399 236.356 0.169086 -0.0621708 1.00222
556.817 172.631 0.0633067 0.0653308 0.850282
606.894 235.873 0.171743 0.0908091 1.00981
591.203 205.247 0.142796 0.093454 0.99453
606.996 236.197 0.163562 0.0860485 0.992914
883.613 237.657 0.166009 -0.0931846 0.993965
885.802 235.083 0.163862 -0.0940324 0.993311
499.383 50.7888 0.0597415 0.142941 1.0285
886.014 238.369 0.16565 -0.0942292 0.992258
804.953 201.438 0.142385 -0.0411503 0.997201
837.644 237.818 0.165676 -0.0636796 0.993362
836.817 234.681 0.162515 -0.0624482 0.991505
843.859 238.148 0.160158 -0.0649302 0.982088
769.823 235.222 0.16636 -0.0204513 0.998834
769.555 238.239 0.165812 -0.0199183 0.993448
860.354 197.527 0.141639 -0.0761227 1.00093
507.009 55.4027 0.0637401 0.142702 1.03788
556.147 171.035 0.123951 0.114715 1.00385
528.662 141.974 0.0788143 0.0972558 0.921711
753.218 377.183 0.402742 -0.0227495 1.11213
652.179 236.136 0.161885 0.0557609 0.989374
698.791 476.722 0.0926646 0.0119035 0.738862
723.116 236.153 0.152556 0.00979478 0.970545
634.967 43.9041 0.0579149 0.0621049 1.03199
499.387 457.906 0.0899459 0.0618347 0.741973
900.751 215.661 0.155819 -0.104987 1.00479
921.35 489.758 0.419455 -0.174716 0.981711
722.329 237.229 0.164309 0.0106907 0.992199
576.104 373.791 0.369329 0.174929 1.08153
505.798 333.975 0.246795 0.177648 0.995986
951.578 238.156 0.169114 -0.138759 0.998947
939.067 343.614 0.231394 -0.135302 0.967167
899.757 293.9 0.183334 -0.0964622 0.954687
931.706 295.978 0.214692 -0.137177 0.999907
514.03 95.1604 0.0874443 0.145835 1.04217
666.762 296.408 0.194882 0.0466747 0.969346
611.439 558.496 0.396924 0.098749 0.902626
819.277 201.264 0.13963 -0.0489104 0.990908
934.326 460.814 0.090286 -0.045918 0.742575
836.352 286.68 0.192165 -0.0633208 0.976642
591.204 457.198 0.0875366 0.0382173 0.740153
932.647 207.726 0.148246 -0.121997 0.999728
957.451 346.296 0.242212 -0.154285 0.977676
641.129 343.267 0.123624 0.0385179 0.831365
603.157 234.013 0.162127 0.0884247 0.993199
621.161 360.737 0.121838 0.0441671 0.818928
605.327 283.066 0.192622 0.0891987 0.982043
953.546 342.506 0.24379 -0.154293 0.983859
888.017 238.443 0.160423 -0.0920234 0.981966
940.183 351.968 0.246806 -0.143237 0.976911
823.904 295.186 0.204957 -0.0581395 0.986097
773.08 339.401 0.253389 -0.027223 0.998752
603.499 285.83 0.193324 0.0900471 0.979709
870.315 129.185 0.103755 -0.0792255 1.01443
767.969 351.386 0.233362 -0.0199911 0.960623
667.164 295.903 0.225086 0.0537358 1.01586
718.688 234.491 0.16552 0.0131956 0.998553
718.925 284.594 0.192878 0.013016 0.98042
798.046 217.452 0.15332 -0.0377464 0.997564
954.252 362.417 0.12843 -0.0777758 0.826709
887.444 456.263 0.126007 -0.0443869 0.77812
779.598 420.173 0.161728 -0.0151091 0.829687
688.906 623.028 0.0661077 0.0106416 0.679467
715.559 465.513 0.0838657 0.00753762 0.734255
760.153 138.269 0.107496 -0.0126149 1.01139
654.023 283.201 0.193799 0.0567081 0.983704
888.941 297.065 0.208349 -0.10318 0.988924
707.859 346.866 0.145748 0.0146911 0.857033
858.185 635.774 0.0659945 -0.0181984 0.677326
603.727 284.832 0.192691 0.089848 0.979944
842.226 133.052 0.133382 -0.0853125 1.11635
870.252 124.258 0.0974297 -0.0756649 1.00243
707.826 295.659 0.195196 0.0200581 0.970702
652.672 232.769 0.159187 0.0551145 0.988715
605.117 348.469 0.237567 0.0931685 0.968067
811.611 498.145 0.390513 -0.0645834 0.953532
706.634 345.647 0.145538 0.0152332 0.857602
570.903 137.206 0.106815 0.105264 1.01575
847.663 196.633 0.12931 -0.0616879 0.973398
610.538 277.575 0.187725 0.0847726 0.981008
776.878 294.407 0.199758 -0.0254755 0.979126
876.751 398.55 0.277862 -0.100623 0.961516
492.761 464.801 0.340873 0.195744 0.946693
613.917 595.948 0.448503 0.103346 0.896711
915.049 202.252 0.143453 -0.109343 0.997277
857.983 348.658 0.147647 -0.0497085 0.858546
589.182 206.503 0.142743 0.0942696 0.992495
704.937 299.031 0.21396 0.0235413 0.994863
587.077 205.123 0.139929 0.0941346 0.988152
691.871 53.7427 0.0724073 0.0328527 1.09262
867.343 349.226 0.27041 -0.103574 1.00804
646.352 275.013 0.179845 0.0587715 0.97112
654.547 283.528 0.192004 0.0557772 0.980417
821.982 452.096 0.345444 -0.070054 0.966651
930.444 335.71 0.232285 -0.132955 0.976905
496.41 260.023 0.194702 0.178446 1.01767
591.533 462.784 0.086313 0.0375566 0.73713
592.269 105.179 -0.272658 -0.00335354 0.310545
686.607 305.656 0.421425 0.0767074 1.29361
492.496 49.5885 0.0562466 0.139484 1.01055
747.077 302.898 0.453081 -0.0286606 1.35076
896.567 218.7 0.159798 -0.104146 1.00883
873.327 129.566 0.103808 -0.0808948 1.01376
940.18 204.025 0.144018 -0.124336 0.995641
954.273 207.812 0.149326 -0.136411 1.00182
488.428 457.926 0.322735 0.190493 0.939645
606.517 347.62 0.239658 0.0932278 0.971537
788.009 435.267 0.147163 -0.0163047 0.807446
885.969 362.937 0.125308 -0.0516121 0.822499
810.184 450.699 0.126031 -0.020604 0.780196
810.621 461.195 0.121094 -0.0196864 0.771224
765.495 349.688 0.236321 -0.0187563 0.96597
607.895 281.725 0.194363 0.0886414 0.986549
818.01 132.4 0.103194 -0.0467332 1.00732
947.29 237.556 0.171887 -0.1389 1.00529
752.32 21.7897 0.053576 -0.0252324 1.44368
633.855 12.3203 0.0449122 0.0665585 1.06571
898.946 210.946 0.153056 -0.103596 1.00593
673.664 155.569 0.124649 0.0435631 1.03329
702.819 150.154 0.119614 0.0235906 1.02796
607.667 237.359 0.175491 0.0919256 1.01507
777.45 343.162 0.219553 -0.0249663 0.952305
943.638 353.153 0.246602 -0.145056 0.975388
655.776 290.973 0.180844 0.050788 0.954131
717.509 361.141 0.119466 0.00929763 0.816073
603.458 144.333 0.105899 0.0809718 0.997958
916.845 400.643 0.311425 -0.147029 0.992331
744.239 95.9128 0.132736 -0.031222 1.74897
583.734 635.479 -0.247024 -0.00433778 0.338636
920.885 214.528 0.170225 -0.131538 1.03843
501.307 442.33 0.370742 0.21765 0.991836
740.691 627.066 -0.2521 -0.00494215 0.329995
882.254 306.02 -0.250768 -0.00534558 0.334685
492.292 604.814 0.479117 0.219233 0.898846
928.13 537.139 -0.168359 0.00119976 0.452153
798.194 223.632 -0.207434 -0.00219224 0.391769
715.911 364.706 0.122733 0.00995705 0.818017
720.883 283.594 0.198348 0.0119472 0.99042
490.598 489.916 0.37576 0.208726 0.946812
719.323 232.53 0.156765 0.0123791 0.983743
863.128 508.096 0.191573 -0.0492108 0.810092
873.669 398.381 0.281727 -0.100057 0.965468
951.507 344.061 0.248915 -0.155926 0.988425
869.855 393.657 0.28951 -0.101652 0.978057
700.323 459.864 0.117044 0.0133048 0.767576
505.804 472.454 0.381883 0.20647 0.967961
912.606 616.763 0.56807 -0.186653 0.929034
517.772 536.638 0.385491 0.174482 0.912466
533.495 581.312 0.800842 0.338427 1.01858
699.076 135.262 0.18294 0.0505053 1.38544
866.017 291.477 0.235963 -0.103894 1.03895
698.121 125.483 0.165941 0.0483612 1.34689
531.264 576.931 0.644434 0.268504 0.981161
498.179 76.5956 0.0694441 0.138016 1.00603
487.769 334.295 0.219547 0.168602 0.960633
481.858 422.298 0.289591 0.187824 0.945768
792.365 221.522 0.163643 -0.0364823 1.01367
711.61 293.366 0.201213 0.0181119 0.98263
718.81 286.41 0.193146 0.0130586 0.97861
886.513 364.898 0.124068 -0.0511717 0.819921
687.353 331.619 0.490058 0.0823301 1.31056
882.308 237.197 0.172365 -0.0966896 1.00717
940.887 239.584 0.17934 -0.140564 1.01703
774.998 33.8869 0.0537541 -0.0201846 1.02997
633.141 48.107 0.0596981 0.0629567 1.02919
686.356 42.9131 0.0571675 0.0312075 1.02713
718.353 234.673 0.166145 0.0134459 0.999544
513.129 95.8895 0.0874853 0.145774 1.04032
568.797 139.685 0.108175 0.106723 1.01527
