743.072 210.483 0.237933 -0.494188 4.84769
725.677 204.107 -0.0985608 -0.140355 5.54773
486.97 35.804 0.179814 0.089243 0.75934
741.119 121.432 -0.121077 -0.191727 3.53967
501.692 60.3395 0.193169 0.0931193 0.782702
584.716 15.3779 0.0317577 0.450694 2.08832
953.887 32.3182 0.182145 -0.0495378 0.768037
530.017 147.153 0.211219 0.0799145 0.75251
931.817 63.238 0.202789 -0.0574745 0.81154
843.388 152.558 0.22163 -0.0208304 0.772439
634.021 208.851 0.252478 0.0549995 0.794109
868.983 215.153 0.260676 -0.040495 0.804299
488.037 43.9756 0.183768 0.0913249 0.765741
836.43 167.596 0.221847 -0.0167947 0.760237
788.402 210.121 0.252131 -0.00559338 0.791506
935.021 216.851 0.262381 -0.068415 0.805904
719.094 200.502 0.239329 0.0213952 0.773046
631 204.762 0.245642 0.0544352 0.783274
538.532 266.417 0.24298 0.0781591 0.734112
898.976 267.149 0.247361 -0.0364902 0.740125
551.54 194.52 0.227422 0.0755737 0.753058
547.07 258.367 0.242478 0.0762098 0.738212
571.367 213.522 0.259687 0.0829646 0.805256
547.657 364.748 0.282742 0.0811203 0.734532
509.502 403.985 0.383991 0.140599 0.822743
543.518 252.028 0.234481 0.0742043 0.728281
727.787 212.938 0.242962 0.0183125 0.770529
480.13 101.179 0.202266 0.0983052 0.769192
795.569 268.94 0.249648 -0.00364314 0.743046
801.413 286.753 0.2699 -0.00902147 0.764031
897.527 201.256 0.233416 -0.0380364 0.759243
559.389 156.458 0.225712 0.0780965 0.780877
891.487 370.594 0.281815 -0.0368118 0.729969
729.546 252.824 0.240126 0.0181485 0.737155
725.269 194.417 0.223731 0.0194702 0.744607
535.787 157.549 0.221416 0.0832606 0.769229
707.068 356.241 0.265567 0.0252651 0.717311
621.685 201.607 0.234034 0.0543399 0.76139
863.016 141.457 0.210256 -0.0228831 0.752949
719.01 262.033 0.234839 0.0214554 0.722644
539.991 444.754 0.295129 0.080138 0.708545
678.348 613.842 0.145554 0.024474 0.529376
553.493 435.805 0.312678 0.0825553 0.730224
546.251 263.844 0.243524 0.0762957 0.736583
618.837 266.352 0.245424 0.0535364 0.73805
793.429 264.953 0.247952 -0.00281611 0.742741
563.676 205.476 0.236536 0.0748238 0.763856
621.204 438.458 0.302243 0.0552891 0.71853
558.103 366.054 0.289986 0.0801043 0.74271
632.44 353.496 0.26982 0.0495768 0.72422
959.186 369.787 0.287865 -0.0630354 0.737697
948.452 30.028 0.181213 -0.0474659 0.766969
799.065 193.989 0.220338 -0.00246733 0.737493
619.252 541.168 0.329142 0.055716 0.696919
888.2 437.223 0.311091 -0.0393956 0.727962
681.826 311.866 0.491302 0.0655509 1.07279
552.254 94.0461 0.207869 0.0808043 0.794436
888.59 203.293 0.238183 -0.0374391 0.767652
714.422 311.21 0.472247 0.0269886 1.04564
841.31 497.289 0.192345 0.00447506 0.59056
720.187 368.98 0.280223 0.021174 0.729016
928.624 272.127 0.279167 -0.0644317 0.789504
705.813 351.189 0.272766 0.0259253 0.729158
913.714 372.366 0.14869 0.00264497 0.56261
714.542 536.772 0.174905 0.0219765 0.566571
707.001 73.2718 0.199092 0.0253764 0.787024
870.771 230.587 0.276078 -0.0466978 0.820651
957.788 203.648 0.241169 -0.0635603 0.773316
900.012 152.091 0.219376 -0.0384372 0.766867
954.2 34.3545 0.182631 -0.0496105 0.767622
900.761 169.031 0.243499 -0.0523302 0.81088
491.044 42.4756 0.183194 0.0901544 0.765167
555.803 199.62 0.239234 0.079997 0.774309
720.523 203.393 0.242525 0.0208794 0.777426
540.956 264.099 0.243014 0.0777013 0.73558
786.908 209.857 0.25091 -0.0047407 0.789199
914.097 158.265 0.231315 -0.0507449 0.79115
521.12 385.176 0.254967 0.0760273 0.691074
886.549 372.11 0.294649 -0.0399305 0.744647
631.9 31.7381 0.173679 0.0443203 0.738381
608.624 250.675 0.23607 0.0551556 0.731712
938.194 177.515 0.234374 -0.057313 0.780562
768.144 334.583 0.800386 -0.110263 1.42446
517.116 385.557 0.389464 0.144224 0.844082
953.24 547.483 0.471141 -0.119276 0.790238
865.475 354.47 0.297024 -0.0349896 0.758071
702.201 442.865 0.351513 0.0292367 0.763931
958.803 365.044 0.385832 -0.126099 0.858373
692.101 335.63 0.761401 0.0899375 1.37193
957.754 514.136 0.350325 -0.0716246 0.725304
772.315 314.202 0.695671 -0.100065 1.36792
760.808 95.4016 0.274344 -0.0170108 1.10493
516.523 76.5176 0.203737 0.0947573 0.801978
638.705 79.7651 0.201614 0.0489357 0.788969
760.635 25.6537 0.222071 -0.0170662 1.14202
544.463 144.045 0.21148 0.0760896 0.755658
809.841 293.453 0.27337 -0.0124936 0.764822
957.802 438.286 0.309555 -0.063463 0.725916
533.741 158.35 0.221995 0.0842118 0.769977
638.452 284.517 0.266476 0.0508867 0.760523
702.118 349.22 0.261576 0.0267147 0.715698
484.315 605.214 0.596641 0.21032 0.812276
788.215 82.9535 0.208779 -0.00453745 0.809057
550.103 364.255 0.283956 0.080807 0.736302
538.875 196.297 0.245266 0.0906963 0.790423
485.372 541.247 -0.056784 0.0199025 0.283249
542.735 218.131 0.152996 0.0435007 0.599647
506.574 168.644 0.210389 0.0827288 0.73438
512.718 166.844 0.197719 0.0729061 0.707008
560.611 78.3707 0.199332 0.0745178 0.783311
861.227 290.186 0.282951 -0.0359639 0.781918
845.407 298.122 0.313874 -0.0403651 0.82336
880.507 216.831 0.257905 -0.0433041 0.797016
709.08 283.145 0.265214 0.0250954 0.759279
941.785 436.145 0.329219 -0.0672987 0.746422
708.998 281.817 0.253423 0.0247914 0.741341
878.805 350.047 0.269439 -0.0300577 0.725294
721.234 228.425 0.282681 0.020434 0.836824
556.209 210.472 0.264017 0.0926476 0.817523
794.023 345.683 0.328984 -0.0143538 0.805092
740.8 119.241 -0.123119 -0.184896 3.51284
