742.909 210.356 0.236488 -0.494243 4.85024
725.5 203.968 -0.100006 -0.140409 5.55028
482.111 37.107 0.178369 0.0891889 0.761895
740.846 121.095 -0.122522 -0.191781 3.54222
497.343 61.5815 0.191724 0.0930651 0.785257
583.592 14.5543 0.0303127 0.45064 2.09087
954.664 33.3514 0.1807 -0.049592 0.770592
525.902 149.612 0.209774 0.0798603 0.755065
932.34 64.0898 0.201344 -0.0575287 0.814095
843.01 154.646 0.220185 -0.0208845 0.774994
631.585 211.171 0.251033 0.0549454 0.796664
868.965 217.297 0.259231 -0.0405492 0.806854
483.291 45.2739 0.182324 0.0912707 0.768296
835.963 169.996 0.220402 -0.0168489 0.762791
787.552 212.422 0.250686 -0.00564754 0.794061
935.639 218.961 0.260936 -0.0684692 0.808459
717.427 203.017 0.237884 0.0213411 0.775601
628.451 207.196 0.244197 0.0543811 0.785829
534.626 270.235 0.241535 0.078105 0.736667
899.255 270.68 0.245916 -0.0365444 0.74268
547.81 197.374 0.225977 0.0755195 0.755613
543.292 262.029 0.241033 0.0761557 0.740767
568.368 215.764 0.258242 0.0829105 0.807811
544.143 369.259 0.281297 0.0810662 0.737087
506.553 407.194 0.382546 0.140545 0.825298
539.559 255.857 0.233036 0.0741502 0.730836
726.221 215.584 0.241517 0.0182584 0.773083
794.707 272.472 0.248203 -0.0036973 0.745601
800.707 290.014 0.268455 -0.00907563 0.766586
897.759 203.923 0.231971 -0.0380905 0.761798
555.926 158.563 0.224267 0.0780424 0.783432
891.745 375.067 0.28037 -0.0368659 0.732524
727.881 256.384 0.238681 0.0180943 0.73971
723.502 197.355 0.222286 0.019416 0.747162
531.947 159.835 0.219971 0.0832065 0.771784
705.191 361.047 0.264122 0.0252109 0.719866
618.861 204.352 0.232589 0.0542857 0.763945
862.811 143.74 0.208811 -0.0229373 0.755503
717.141 265.996 0.233394 0.0214013 0.725199
536.303 450.463 0.293685 0.0800839 0.7111
550.206 440.842 0.311233 0.0825011 0.732779
542.459 267.584 0.242079 0.0762415 0.739138
615.92 270.049 0.24398 0.0534823 0.740605
792.536 268.462 0.246507 -0.00287026 0.745296
560.224 208.234 0.235091 0.0747696 0.766411
618.545 443.786 0.300798 0.055235 0.721085
554.801 370.381 0.288541 0.0800502 0.745265
629.754 358.141 0.268375 0.0495226 0.726775
949.167 31.0541 0.179768 -0.0475201 0.769524
798.127 197.031 0.218893 -0.00252149 0.740048
616.615 547.687 0.327697 0.0556618 0.699474
888.467 442.125 0.309646 -0.0394498 0.730517
680.876 312.936 0.489857 0.0654967 1.07534
548.681 95.4476 0.206424 0.0807501 0.796991
888.733 205.844 0.236738 -0.0374933 0.770207
713.628 312.352 0.470802 0.0269345 1.04819
840.396 510.455 0.1909 0.0044209 0.593115
718.566 373.559 0.278778 0.0211199 0.731571
929.211 274.828 0.277723 -0.0644858 0.792059
703.999 355.656 0.271321 0.0258711 0.731713
913.757 388.072 0.147245 0.00259081 0.565165
710.781 553.737 0.17346 0.0219223 0.569126
705.069 74.5264 0.197647 0.0253223 0.789579
870.793 232.649 0.274633 -0.046752 0.823206
958.657 206.088 0.239724 -0.0636144 0.775871
900.245 154.236 0.217931 -0.0384913 0.769422
954.983 35.4124 0.181186 -0.0496646 0.770177
901.025 170.751 0.242054 -0.0523844 0.813435
486.324 43.7658 0.181749 0.0901003 0.767722
552.346 202.173 0.237789 0.0799428 0.776864
718.898 205.865 0.24108 0.0208253 0.779981
537.09 267.866 0.241569 0.0776471 0.738135
786.035 212.187 0.249465 -0.00479486 0.791753
914.487 160.126 0.22987 -0.0507991 0.793705
516.741 391.092 0.253522 0.0759731 0.693629
886.768 376.253 0.293204 -0.0399846 0.747202
628.637 33.2749 0.172234 0.0442661 0.740936
605.488 254.388 0.234625 0.0551015 0.734266
938.846 179.657 0.232929 -0.0573672 0.783117
767.901 335.048 0.798941 -0.110317 1.42701
757.632 32.2895 -0.0791918 0.0211876 0.257861
514.332 388.422 0.388019 0.14417 0.846637
954.092 551.334 0.469696 -0.11933 0.792793
865.48 358.242 0.295579 -0.0350437 0.760626
700.741 447.078 0.350068 0.0291826 0.766486
959.601 367.409 0.384387 -0.126153 0.860928
691.544 336.197 0.759956 0.0898834 1.37448
958.755 519.4 0.34888 -0.0716788 0.727859
772.049 314.675 0.694226 -0.100119 1.37048
760.114 95.2967 0.272899 -0.0170649 1.10748
512.573 77.6922 0.202292 0.0947032 0.804532
636.03 81.0756 0.200169 0.0488815 0.791524
775.757 566.989 -0.0421085 0.0219056 0.313644
759.902 25.0754 0.220626 -0.0171204 1.14457
540.549 146.418 0.210035 0.0760355 0.758213
809.233 296.741 0.271925 -0.0125477 0.767377
958.79 443.206 0.30811 -0.0635172 0.728471
529.887 160.633 0.22055 0.0841577 0.772532
635.988 287.902 0.265031 0.0508326 0.763078
700.157 354.024 0.260131 0.0266606 0.718253
481.82 609.096 0.595196 0.210266 0.814831
787.264 84.0371 0.207334 -0.00459161 0.811612
546.635 368.72 0.282511 0.0807528 0.738857
535.37 198.606 0.243821 0.0906421 0.792978
512.009 503.716 -0.0540814 0.0195606 0.294166
488.997 329.523 -0.058229 0.0198483 0.285803
535.816 227.465 0.151551 0.0434466 0.602202
502.005 171.635 0.208944 0.0826746 0.736935
507.822 170.431 0.196274 0.0728519 0.709563
556.998 79.7569 0.197887 0.0744637 0.785866
861.168 293.148 0.281506 -0.0360181 0.784472
845.253 300.587 0.312429 -0.0404192 0.825915
880.597 219.072 0.25646 -0.0433583 0.799571
942.586 440.554 0.327774 -0.0673528 0.748977
707.174 285.519 0.251978 0.0247372 0.743896
878.904 354.513 0.267994 -0.0301118 0.727849
553.139 212.557 0.262572 0.0925935 0.820078
793.426 348.672 0.327539 -0.014408 0.807646
517.729 401.429 -0.0447121 0.0190343 0.306354
526.757 33.3665 0.193282 0.374122 1.55412
869.322 148.379 0.212226 -0.0261349 0.760292
905.79 271.011 0.23361 -0.0325291 0.722357
533.295 188.693 0.216719 0.0759339 0.742155
524.606 159.224 0.218129 0.084461 0.767827
593.44 71.9835 0.191691 0.0597431 0.772536
589.611 64.5812 0.187016 0.0591975 0.763971
709.295 46.7965 0.180259 0.0234163 0.756762
748.192 136.358 0.348519 -0.0287485 1.39548
792.481 446.421 0.3036 -0.00415092 0.722564
813.612 465.179 0.311083 -0.0117745 0.720956
630.581 368.749 0.307881 0.0569886 0.769527
535.465 552.764 0.324004 0.0815083 0.69471
505.837 590.671 0.288182 0.0760239 0.655798
636.865 357.016 0.276932 0.0489354 0.738188
740.524 118.897 -0.124564 -0.18495 3.5154
