771.458 241.315 0.159204 -0.020037 1.00177
654.444 241.025 0.158963 0.0549059 1.00242
888.798 203.635 0.134484 -0.0894892 1.0022
878.321 131.128 0.0954952 -0.0798416 1.01562
777.537 34.0388 0.0463618 -0.0199511 1.03022
563.737 140.978 0.0990828 0.105934 1.01576
630 41.7964 0.0480294 0.0616571 1.02486
687.054 39.0763 0.048184 0.0304434 1.03121
562.807 140.637 0.097854 0.105388 1.01246
498.337 57.2251 0.0568154 0.14264 1.03774
813.632 209.022 0.137931 -0.0448161 1.00284
879.688 201.669 0.146057 -0.0930161 1.03207
511.452 107.149 0.0870428 0.145824 1.04728
779.122 23.978 0.0414385 -0.0205671 1.03019
687.128 31.4258 0.0440284 0.0300419 1.02883
876.788 131.303 0.112658 -0.0954798 1.07495
957.321 211.019 0.141085 -0.132989 1.00554
837.293 241.861 0.160284 -0.0618814 1.00271
631.639 36.9945 0.0463298 0.0612255 1.02925
836.567 242.223 0.161212 -0.0617516 1.004
550.865 183.69 0.0561144 0.065092 0.853231
603.664 241.611 0.163725 0.0904014 1.01115
587.621 210.597 0.135282 0.0931042 0.996872
603.59 242.538 0.155263 0.0855316 0.99357
889.795 243.877 0.157904 -0.0925782 0.995217
891.932 241.222 0.155953 -0.0934672 0.994971
493.369 51.8517 0.0530316 0.142511 1.03212
892.006 244.472 0.157831 -0.0936871 0.994296
808.084 206.582 0.134916 -0.0408057 0.999706
842.09 243.931 0.15782 -0.0632913 0.995247
840.987 240.86 0.154704 -0.0618965 0.99335
848.224 244.574 0.152671 -0.0644807 0.984717
771.959 241.136 0.158573 -0.0202617 1.0008
771.465 244.343 0.158011 -0.0195854 0.995453
865.276 202.491 0.134216 -0.0756645 1.0035
500.995 56.2102 0.0567749 0.142086 1.04063
551.775 175.343 0.116915 0.114416 1.00721
524.888 147.45 0.0733142 0.0976665 0.930041
756.156 388.74 0.370373 -0.0217668 1.0821
650.526 242.233 0.154353 0.0556537 0.991966
699.844 492.179 0.0892453 0.0122154 0.75113
724.039 242.779 0.145123 0.00970209 0.973402
632.898 44.5856 0.0510676 0.0619099 1.03508
496.996 471.722 0.0866338 0.0629452 0.754802
907.168 221.026 0.148064 -0.104341 1.00662
917.884 494.307 0.436958 -0.180189 1.00545
722.878 243.302 0.156537 0.0107639 0.994302
571.761 383.021 0.360865 0.174084 1.07904
497.701 342.788 0.236181 0.176124 0.993819
946.368 352.339 0.22333 -0.134567 0.969705
905.954 302.084 0.175926 -0.0960418 0.958
940.151 303.532 0.205378 -0.136172 0.999485
665.51 304.345 0.187096 0.0466372 0.971821
609.713 571.709 0.394885 0.0996065 0.908845
822.408 206.516 0.1327 -0.0484693 0.99471
939.204 474.878 0.0870274 -0.0464126 0.755418
840.837 294.445 0.183899 -0.062867 0.978087
590.864 471.606 0.0842517 0.0388381 0.752901
939.946 212.975 0.140725 -0.121319 1.00212
641.066 354.366 0.120825 0.0390478 0.843343
599.634 239.989 0.154249 0.0881957 0.995058
619.806 372.906 0.117217 0.04463 0.828549
601.571 290.768 0.183966 0.08883 0.982577
894.021 244.881 0.152846 -0.0915327 0.984433
947.601 361.619 0.239329 -0.142663 0.978996
828.155 302.962 0.196345 -0.0577764 0.986913
777.025 348.992 0.234389 -0.0265702 0.985816
599.723 293.628 0.184812 0.0897228 0.980534
875.406 132.244 0.0966653 -0.0787462 1.01743
770.305 361.147 0.224391 -0.0198469 0.961443
665.867 303.474 0.21734 0.0536468 1.01701
718.908 240.4 0.157677 0.0133805 1.0004
719.502 292.348 0.184317 0.0129628 0.981184
801.036 222.991 0.145637 -0.0374237 0.999645
890.343 469.116 0.124314 -0.0448924 0.791545
782.057 432.532 0.158195 -0.0152737 0.839879
690.018 639.798 0.0634833 0.0111155 0.693579
717.168 480.141 0.0806427 0.00776274 0.747192
761.891 141.595 0.100448 -0.0124623 1.01463
651.285 291.154 0.184339 0.0567357 0.982657
895.532 304.955 0.1996 -0.102492 0.989379
708.304 357.514 0.140597 0.0149202 0.865497
600.017 292.565 0.184228 0.0895163 0.980878
845.986 134.378 0.12613 -0.0848486 1.1188
875.601 127.447 0.0902917 -0.0752363 1.0053
707.945 303.541 0.187451 0.0200955 0.973237
651.054 238.828 0.151619 0.0549759 0.991202
600.945 358.362 0.227671 0.0926766 0.967247
802.371 487.398 0.452541 -0.0703564 1.02017
706.832 356.479 0.140261 0.0155423 0.865767
566.816 140.411 0.0997658 0.105038 1.019
851.966 202.097 0.12254 -0.0614393 0.977804
606.681 285.045 0.178927 0.0845557 0.981442
779.477 302.447 0.191238 -0.0252874 0.98001
884.109 410.682 0.266219 -0.0995655 0.958669
486.903 476.776 0.334953 0.196158 0.950124
612.108 609.835 0.446806 0.104306 0.902236
921.924 207.489 0.135798 -0.10863 0.999273
884.782 409.245 0.257756 -0.0967929 0.951948
862.207 359.742 0.142255 -0.0497137 0.866419
585.703 211.784 0.135503 0.094045 0.995671
704.771 306.788 0.204435 0.0234972 0.994138
583.124 210.533 0.13247 0.0939752 0.990784
691.146 53.4476 0.0652712 0.0329891 1.09476
644.53 282.409 0.172421 0.0587202 0.974134
652.136 291.642 0.182721 0.0556492 0.979603
825.919 464.885 0.336379 -0.0695505 0.966346
939.026 345.03 0.22245 -0.131772 0.976105
489.089 266.227 0.185874 0.17725 1.01753
590.593 478.267 0.0828377 0.0382367 0.749443
684.051 310.873 0.38785 0.0733349 1.25144
486.364 51.079 0.0497161 0.139246 1.01493
749.374 307.268 0.415895 -0.0270951 1.30243
878.454 132.633 0.0967109 -0.0803732 1.01678
947.75 209.316 0.136496 -0.123602 0.997992
939.36 227.007 -0.229775 -0.00140305 0.38637
602.372 357.352 0.229669 0.0927376 0.970608
790.004 447.195 0.14485 -0.0163879 0.819767
890.417 374.249 0.120932 -0.0518788 0.832788
813.106 466.364 0.123047 -0.0207249 0.791233
780.036 422.646 0.248248 -0.0251268 0.930694
767.663 359.663 0.226729 -0.0184872 0.965603
604.359 289.16 0.185763 0.0882578 0.987264
821.492 135.646 0.0961943 -0.0464423 1.01075
955.968 243.567 0.163423 -0.137939 1.00569
754.537 8.56199 0.039648 -0.0242576 1.408
631.479 11.0007 0.0376193 0.0661717 1.06681
907.052 216.999 0.14379 -0.102505 1.0033
673 160.167 0.119061 0.0436485 1.03835
702.871 154.506 0.113763 0.023673 1.03275
603.229 242.629 0.165123 0.0911723 1.0124
779.94 352.712 0.211279 -0.0247585 0.954278
952.648 362.936 0.236572 -0.143722 0.974506
654.282 298.952 0.173551 0.0508102 0.95773
718.405 373.171 0.114983 0.00951633 0.826056
598.752 148.296 0.0987057 0.0815614 1.00054
926.632 412.502 0.297683 -0.145067 0.986607
746.625 80.9969 0.110233 -0.0294222 1.66285
926.72 220.154 0.164041 -0.13108 1.04184
489.084 457.158 0.351935 0.213529 0.980722
781.395 415.722 -0.216063 -0.00190099 0.408373
716.518 376.213 0.118423 0.010278 0.828403
721.373 291.024 0.189839 0.0119938 0.991223
487.336 500.564 0.375029 0.21076 0.954607
867.2 523.635 0.187187 -0.0492731 0.818548
879.542 408.552 0.272562 -0.0995612 0.966636
502.591 482.765 0.380563 0.208165 0.975029
501.186 562.011 0.357189 0.169394 0.896
529.459 592.955 0.801681 0.341506 1.01861
699.123 140.177 0.183598 0.0508096 1.39324
866.414 299.838 0.239113 -0.10518 1.05431
698.185 130.493 0.166186 0.0486513 1.35508
528.509 587.514 0.646515 0.271261 0.985929
497.388 82.9465 0.0669063 0.139015 1.01895
481.623 343.247 0.212939 0.168632 0.964643
482.976 430.81 0.295246 0.191885 0.962092
795.072 227.022 0.156146 -0.0361773 1.01571
711.837 301.26 0.192686 0.0180888 0.98348
719.225 294.097 0.184924 0.0131256 0.980097
890.873 376.309 0.119745 -0.0514171 0.830308
684.942 339.521 0.446228 0.0768427 1.25572
666.218 124.778 0.165748 0.101056 1.41791
510.543 28.6496 0.0456565 0.329834 1.486
734.659 141.784 0.0977226 0.00364533 1.0063
498.351 595.606 0.47278 0.21745 0.920505
800.328 216.445 0.158002 -0.042038 1.03601
624.938 625.541 0.573378 0.118099 0.931107
516.278 299.83 0.242278 0.189375 1.0592
955.374 61.1308 -0.228337 -0.00123586 0.385949
542.187 516.012 0.47243 0.204548 0.994559
939.706 303.207 0.205348 -0.135985 0.99983
950.433 629.57 0.441022 -0.167091 0.892469
554.961 564.926 0.961895 0.390775 1.09413
558.593 374.464 0.316425 0.165754 1.04585
829.009 302.366 0.196825 -0.0586036 0.988304
654.199 84.8596 0.107342 0.0865329 1.26465
539.642 542.763 0.60236 0.258176 1.02221
947.406 629.739 0.445799 -0.166677 0.894051
703.997 495.283 0.0889548 0.0111466 0.7499
633.11 152.318 0.102189 0.0625318 1.00337
633.462 152.32 0.102543 0.0625225 1.00441
778.794 305.328 0.192669 -0.0248468 0.978858
833.74 410.941 0.260684 -0.0635912 0.952808
480.72 347.868 0.286961 0.230875 1.04862
683.534 341.637 0.437769 0.0767624 1.24046
888.356 243.084 0.164171 -0.0960302 1.00817
948.945 245.337 0.170934 -0.139526 1.01753
777.156 34.3692 0.0470263 -0.0199994 1.03359
631.042 48.9574 0.0528615 0.0627582 1.03236
685.845 43.7247 0.0504157 0.0311893 1.03058
718.798 240.641 0.158239 0.0134727 1.00115
507.327 97.6692 0.0803301 0.145046 1.04261
564.621 143.015 0.101017 0.106372 1.01807
