771.392 245.31 0.161664 -0.0197398 1.00609
653.322 245.485 0.161422 0.0552031 1.00674
889.608 206.912 0.136943 -0.0891919 1.00651
878.621 133.979 0.0979548 -0.0795444 1.01993
776.524 36.8154 0.0488214 -0.0196539 1.03454
561.492 145.179 0.101542 0.106231 1.02007
627.908 45.2257 0.0504891 0.0619544 1.02917
685.39 42.2565 0.0506437 0.0307406 1.03553
560.538 144.848 0.100314 0.105685 1.01677
495.41 61.2771 0.0592751 0.142938 1.04205
813.788 212.635 0.14039 -0.0445189 1.00716
880.35 204.864 0.148516 -0.0927188 1.03639
508.841 111.351 0.0895025 0.146121 1.0516
778.072 26.7032 0.0438982 -0.0202699 1.03451
685.426 34.5706 0.0464881 0.0303391 1.03314
876.967 134.053 0.115117 -0.0951825 1.07926
958.793 214.052 0.143545 -0.132692 1.00986
837.834 245.589 0.162744 -0.0615842 1.00703
629.554 40.3978 0.0487895 0.0615227 1.03356
837.102 245.951 0.163671 -0.0614543 1.00832
547.582 188.744 0.0585741 0.0653892 0.857547
602.124 246.238 0.166184 0.0906986 1.01547
585.765 215.159 0.137741 0.0934014 1.00119
601.992 247.254 0.157722 0.0858288 0.997886
890.849 247.443 0.160363 -0.0922809 0.999533
892.993 244.763 0.158412 -0.09317 0.999287
490.356 55.9015 0.0554913 0.142808 1.03644
893.086 248.038 0.160291 -0.0933898 0.998612
808.179 210.215 0.137375 -0.0405085 1.00402
842.695 247.689 0.16028 -0.0629941 0.999563
841.567 244.611 0.157164 -0.0615993 0.997666
848.903 248.363 0.15513 -0.0641834 0.989033
771.896 245.132 0.161033 -0.0199645 1.00512
771.413 248.387 0.160471 -0.0192881 0.999769
865.864 205.851 0.136676 -0.0753673 1.00782
498.099 60.247 0.0592345 0.142383 1.04494
549.523 179.804 0.119375 0.114713 1.01152
521.822 152.048 0.0757738 0.0979638 0.934357
756.689 393.259 0.372833 -0.0214696 1.08641
649.346 246.765 0.156813 0.0559509 0.996282
699.364 501.998 0.091705 0.0125126 0.755446
723.513 247.111 0.147583 0.00999932 0.977718
630.871 48.0191 0.0535273 0.0622071 1.03939
492.899 481.923 0.0890935 0.0632424 0.759118
908.233 224.321 0.150524 -0.104044 1.01094
920.67 499.569 0.439418 -0.179892 1.00977
722.371 247.54 0.158996 0.0110611 0.998618
570.661 388.229 0.363324 0.174381 1.08336
495.505 348.595 0.23864 0.176421 0.998135
948.672 356.642 0.22579 -0.13427 0.974021
907.574 306.227 0.178386 -0.0957446 0.962316
942.019 307.287 0.207838 -0.135874 1.0038
664.689 309.366 0.189555 0.0469344 0.976137
609.235 579.897 0.397344 0.0999037 0.913161
822.637 210.11 0.135159 -0.0481721 0.999026
942.923 483.393 0.0894871 -0.0461154 0.759734
841.712 298.659 0.186359 -0.0625697 0.982403
588.367 481.481 0.0867113 0.0391353 0.757217
941.28 216.105 0.143185 -0.121022 1.00644
639.673 361.043 0.123285 0.039345 0.847659
597.996 244.697 0.156708 0.088493 0.999374
618.106 380.056 0.119676 0.0449272 0.832865
600.108 295.877 0.186426 0.0891272 0.986893
895.144 248.49 0.155306 -0.0912354 0.988749
949.946 365.921 0.241789 -0.142366 0.983312
828.942 307.233 0.198805 -0.0574791 0.991229
777.539 353.81 0.236849 -0.026273 0.990132
598.247 298.778 0.187272 0.09002 0.98485
875.684 135.11 0.099125 -0.078449 1.02175
770.802 366.273 0.226851 -0.0195496 0.965759
665.145 308.209 0.219799 0.053944 1.02133
718.358 244.606 0.160137 0.0136777 1.00471
719.173 297.009 0.186776 0.01326 0.9855
801.149 226.758 0.148096 -0.0371265 1.00396
893.07 477.021 0.126773 -0.0445951 0.795861
782.961 439.611 0.160655 -0.0149764 0.844195
716.899 489.787 0.0831024 0.00805998 0.751508
761.265 144.986 0.102907 -0.0121651 1.01894
650.297 296.069 0.186799 0.0570329 0.986973
896.992 308.959 0.202059 -0.102195 0.993695
707.909 363.725 0.143057 0.0152174 0.869813
598.541 297.704 0.186687 0.0898136 0.985194
845.901 137.19 0.12859 -0.0845514 1.12311
875.879 130.307 0.0927514 -0.0749391 1.00962
707.543 308.379 0.189911 0.0203927 0.977553
649.863 243.34 0.154079 0.0552732 0.995518
599.693 364.079 0.230131 0.0929738 0.971563
803.858 492.899 0.455001 -0.0700591 1.02449
706.415 362.682 0.142721 0.0158395 0.870083
564.607 144.589 0.102226 0.105335 1.02331
852.467 205.606 0.125 -0.0611421 0.98212
605.239 290.101 0.181386 0.0848529 0.985758
779.783 306.951 0.193698 -0.0249902 0.984326
886.098 415.802 0.268679 -0.0992683 0.962985
484.821 484.044 0.337413 0.196455 0.95444
611.8 618.474 0.449265 0.104603 0.906552
923.068 210.667 0.138257 -0.108332 1.00359
886.782 414.411 0.260216 -0.0964956 0.956264
863.809 365.362 0.144714 -0.0494164 0.870735
583.831 216.366 0.137963 0.0943422 0.999987
704.385 311.53 0.206895 0.0237944 0.998454
581.204 215.138 0.134929 0.0942725 0.9951
689.678 56.6767 0.0677309 0.0332864 1.09907
643.416 287.339 0.17488 0.0590174 0.97845
651.15 296.575 0.185181 0.0559465 0.983919
827.554 470.615 0.338839 -0.0692533 0.970662
941.191 349.256 0.22491 -0.131474 0.980421
486.684 271.43 0.188334 0.177547 1.02185
588.072 488.326 0.0852973 0.038534 0.753759
683.761 314.499 0.390309 0.0736321 1.25576
483.189 55.1509 0.0521758 0.139543 1.01925
749.487 310.456 0.418355 -0.0267978 1.30675
878.761 135.49 0.0991706 -0.080076 1.02109
949.148 212.407 0.138956 -0.123305 1.00231
601.143 363.03 0.232129 0.0930348 0.974924
791.068 454.719 0.14731 -0.0160907 0.824083
892.545 380.298 0.123392 -0.0515815 0.837104
814.587 474.536 0.125507 -0.0204277 0.795549
780.935 428.54 0.250707 -0.0248296 0.93501
768.127 364.754 0.229189 -0.0181899 0.969919
602.933 294.219 0.188223 0.088555 0.99158
821.34 138.767 0.0986539 -0.046145 1.01507
957.617 246.816 0.165883 -0.137641 1.01001
753.274 11.6284 0.0421077 -0.0239604 1.41231
629.398 14.3366 0.040079 0.066469 1.07113
908.101 220.283 0.14625 -0.102208 1.00761
671.768 163.965 0.12152 0.0439458 1.04267
701.841 158.167 0.116223 0.0239703 1.03707
601.693 247.258 0.167583 0.0914695 1.01672
780.495 357.789 0.213739 -0.0244612 0.958594
955.067 367.263 0.239031 -0.143425 0.978822
653.287 304.07 0.176011 0.0511075 0.962045
718.079 379.967 0.117443 0.00981356 0.830372
596.758 152.427 0.101165 0.0818586 1.00486
929.041 417.229 0.300143 -0.144769 0.990923
745.662 83.8695 0.112693 -0.0291249 1.66717
927.866 223.226 0.1665 -0.130783 1.04616
487.113 463.948 0.354395 0.213826 0.985038
811.442 520.053 -0.213603 -0.00160376 0.412689
716.19 383.024 0.120882 0.0105752 0.832719
721.068 295.608 0.192299 0.012291 0.995539
485.361 507.98 0.377489 0.211058 0.958923
869.807 531.847 0.189647 -0.0489758 0.822864
881.457 413.6 0.275021 -0.099264 0.970952
500.815 489.762 0.383023 0.208462 0.979345
499.268 570.69 0.359649 0.169691 0.900316
528.392 600.249 0.80414 0.341803 1.02292
698.291 143.221 0.186058 0.0511069 1.39755
867.467 303.552 0.241572 -0.104883 1.05862
697.293 133.589 0.168645 0.0489485 1.35939
527.361 595.13 0.648974 0.271558 0.990245
494.433 87.124 0.069366 0.139312 1.02326
480.763 437.595 0.297706 0.192182 0.966408
795.148 230.77 0.158605 -0.0358801 1.02003
711.478 306.001 0.195145 0.018386 0.987796
718.899 298.779 0.187384 0.0134228 0.984413
893.025 382.411 0.122204 -0.0511199 0.834624
684.774 343.225 0.448688 0.0771399 1.26004
665.241 127.954 0.168207 0.101353 1.42222
509.116 32.7314 0.0481162 0.330132 1.49032
733.799 145.307 0.100182 0.00394256 1.01062
496.653 604.238 0.47524 0.217747 0.924821
800.389 220.029 0.160461 -0.0417408 1.04032
624.938 633.841 0.575838 0.118396 0.935423
514.393 304.9 0.244738 0.189672 1.06352
541.005 522.928 0.47489 0.204845 0.998875
941.567 306.96 0.207808 -0.135687 1.00415
954.68 637.371 0.443482 -0.166794 0.896785
554.198 571.26 0.964355 0.391072 1.09845
557.262 379.885 0.318885 0.166052 1.05017
829.8 306.621 0.199284 -0.0583064 0.99262
652.892 88.2271 0.109802 0.0868301 1.26896
538.582 549.622 0.60482 0.258474 1.02652
951.609 637.527 0.448259 -0.16638 0.898367
703.596 505.165 0.0914145 0.0114438 0.754216
631.432 156.325 0.104648 0.062829 1.00769
631.79 156.323 0.105003 0.0628197 1.00873
779.107 309.863 0.195129 -0.0245496 0.983174
835.179 416.31 0.263143 -0.063294 0.957124
683.356 345.413 0.440229 0.0770596 1.24477
889.366 246.59 0.16663 -0.095733 1.01248
950.503 248.571 0.173394 -0.139229 1.02184
776.142 37.151 0.0494859 -0.0197022 1.03791
629.011 52.4168 0.0553212 0.0630555 1.03668
684.191 46.9304 0.0528754 0.0314865 1.0349
718.25 244.846 0.160698 0.0137699 1.00547
504.63 101.853 0.0827897 0.145343 1.04693
562.401 147.219 0.103476 0.10667 1.02238
