772.268 244.712 0.162229 -0.0197227 1.00809
653.508 245.202 0.161987 0.0552202 1.00874
891.167 205.737 0.137508 -0.0891748 1.00851
879.941 132.358 0.0985193 -0.0795273 1.02193
776.964 34.8559 0.0493859 -0.0196368 1.03654
560.935 144.538 0.102107 0.106248 1.02207
627.476 43.7535 0.0510536 0.0619714 1.03117
685.285 40.616 0.0512081 0.0307577 1.03753
559.973 144.198 0.100878 0.105702 1.01877
494.314 60.3638 0.0598395 0.142955 1.04405
814.862 211.707 0.140955 -0.0445018 1.00916
881.77 203.766 0.149081 -0.0927017 1.03839
507.962 110.747 0.0900669 0.146138 1.0536
778.501 24.6666 0.0444627 -0.0202528 1.03651
685.304 32.8664 0.0470526 0.0303562 1.03514
878.144 132.598 0.115682 -0.0951654 1.08126
839.123 244.819 0.163309 -0.0615671 1.00903
629.12 38.9058 0.049354 0.0615398 1.03556
838.384 245.187 0.164236 -0.0614372 1.01031
546.803 187.743 0.0591385 0.0654063 0.859544
602.034 246.112 0.166749 0.0907157 1.01746
585.503 214.852 0.138306 0.0934185 1.00319
601.897 247.1 0.158287 0.0858459 0.999884
892.505 246.53 0.160928 -0.0922638 1.00153
894.658 243.826 0.158977 -0.0931529 1.00129
489.211 54.9463 0.0560558 0.142825 1.03844
894.76 247.122 0.160855 -0.0933727 1.00061
809.219 209.278 0.13794 -0.0404914 1.00602
844.035 246.905 0.160844 -0.062977 1.00156
842.899 243.806 0.157728 -0.0615822 0.999664
850.309 247.546 0.155695 -0.0641663 0.991031
772.777 244.53 0.161597 -0.0199474 1.00711
772.304 247.797 0.161035 -0.0192711 1.00177
867.26 204.737 0.13724 -0.0753502 1.00982
497.019 59.33 0.059799 0.1424 1.04694
548.984 179.396 0.119939 0.11473 1.01352
520.934 151.242 0.0763383 0.0979809 0.936355
757.67 393.613 0.373397 -0.0214525 1.08841
649.514 246.48 0.157378 0.055968 0.99828
700.603 503.174 0.0922694 0.0125297 0.757444
724.134 246.591 0.148148 0.0100164 0.979716
630.464 46.5988 0.0540917 0.0622242 1.04139
492.109 483.374 0.0896579 0.0632595 0.761116
909.933 223.227 0.151088 -0.104027 1.01294
922.863 500.147 0.439982 -0.179875 1.01177
722.965 247.072 0.159561 0.0110782 1.00062
570.802 388.987 0.363889 0.174398 1.08536
495.136 349.313 0.239205 0.176438 1.00013
950.971 356.292 0.226354 -0.134252 0.976019
909.552 305.614 0.17895 -0.0957275 0.964314
944.101 306.654 0.208402 -0.135857 1.0058
665.093 309.409 0.19012 0.0469515 0.978134
609.964 581.638 0.397909 0.0999208 0.915159
823.779 209.121 0.135724 -0.048155 1.00102
946.605 483.825 0.0900515 -0.0460983 0.761732
843.177 298.192 0.186924 -0.0625526 0.984401
588.469 482.703 0.0872758 0.0391524 0.759215
943.203 214.854 0.143749 -0.121005 1.00843
640.042 361.271 0.123849 0.0393621 0.849657
597.873 244.541 0.157273 0.0885101 1.00137
618.347 380.457 0.120241 0.0449443 0.834863
600.118 296.014 0.18699 0.0891443 0.988891
896.86 247.551 0.15587 -0.0912183 0.990747
952.235 365.637 0.242353 -0.142348 0.98531
830.32 306.869 0.199369 -0.057462 0.993227
778.688 353.869 0.237413 -0.0262559 0.99213
598.253 298.934 0.187836 0.0900371 0.986848
876.982 133.511 0.0996895 -0.0784319 1.02375
771.974 366.408 0.227415 -0.0195325 0.967757
665.534 308.3 0.220364 0.0539611 1.02333
718.917 244.142 0.160702 0.0136948 1.00671
719.865 296.848 0.187341 0.0132771 0.987497
802.177 225.952 0.148661 -0.0371094 1.00596
895.957 477.572 0.127338 -0.044578 0.797858
784.621 440.141 0.161219 -0.0149593 0.846193
718.292 490.786 0.0836669 0.00807707 0.753506
761.856 143.773 0.103472 -0.012148 1.02094
650.586 296.079 0.187364 0.05705 0.988971
898.808 308.438 0.202624 -0.102178 0.995693
708.79 363.863 0.143621 0.0152345 0.871811
598.546 297.853 0.187252 0.0898307 0.987192
846.823 135.939 0.129154 -0.0845343 1.12511
877.199 128.634 0.0933159 -0.074922 1.01162
708.197 308.31 0.190475 0.0204098 0.97955
650.026 243.03 0.154644 0.0552903 0.997516
599.863 364.614 0.230695 0.0929909 0.973561
805.338 493.666 0.455565 -0.070042 1.02649
707.282 362.816 0.143285 0.0158566 0.872081
564.068 143.947 0.10279 0.105352 1.02531
853.835 204.46 0.125564 -0.061125 0.984118
605.262 290.187 0.181951 0.08487 0.987756
780.866 306.699 0.194263 -0.0249731 0.986324
888.099 415.982 0.269244 -0.0992512 0.964983
484.72 485.497 0.337977 0.196472 0.956438
612.633 620.403 0.44983 0.10462 0.90855
924.866 209.42 0.138822 -0.108315 1.00559
888.805 414.58 0.26078 -0.0964785 0.958262
865.888 365.136 0.145279 -0.0493993 0.872733
583.56 216.069 0.138527 0.0943593 1.00198
705.01 311.516 0.207459 0.0238115 1.00045
580.913 214.827 0.135494 0.0942896 0.997098
689.602 55.3416 0.0682954 0.0333035 1.10107
643.646 287.297 0.175445 0.0590345 0.980448
651.446 296.582 0.185745 0.0559636 0.985917
829.246 471.257 0.339403 -0.0692362 0.97266
943.407 348.88 0.225474 -0.131457 0.982419
486.095 271.767 0.188899 0.177564 1.02385
588.177 489.611 0.0858618 0.0385511 0.755757
684.157 314.697 0.390874 0.0736492 1.25775
481.974 54.1405 0.0527402 0.13956 1.02124
750.097 310.484 0.418919 -0.0267807 1.30874
880.082 133.882 0.0997351 -0.0800589 1.02309
951.133 211.099 0.13952 -0.123288 1.00431
601.319 363.558 0.232693 0.0930519 0.976922
792.883 455.336 0.147874 -0.0160736 0.826081
895.04 380.049 0.123956 -0.0515644 0.839102
816.75 475.242 0.126072 -0.0204106 0.797547
769.273 364.889 0.229753 -0.0181728 0.971916
602.956 294.345 0.188787 0.0885721 0.993578
822.304 137.327 0.0992184 -0.0461279 1.01706
959.69 245.743 0.166447 -0.137624 1.01201
753.225 10.5006 0.0426721 -0.0239433 1.41431
628.906 12.8217 0.0406435 0.0664861 1.07313
909.803 219.154 0.146814 -0.102191 1.00961
671.86 163.196 0.122085 0.0439629 1.04467
702.091 157.261 0.116787 0.0239873 1.03907
601.603 247.142 0.168148 0.0914866 1.01872
781.724 357.839 0.214303 -0.0244441 0.960592
957.409 366.972 0.239596 -0.143407 0.98082
653.616 304.084 0.176575 0.0511246 0.964043
719.123 380.118 0.118007 0.00983066 0.83237
596.402 151.687 0.10173 0.0818757 1.00686
931.238 417.324 0.300708 -0.144752 0.992921
745.635 83.2745 0.113257 -0.0291078 1.66916
487.018 465.271 0.35496 0.213843 0.987036
831.108 561.247 -0.213039 -0.00158666 0.414687
717.223 383.214 0.121447 0.0105923 0.834717
721.759 295.448 0.192863 0.0123081 0.997536
485.343 509.537 0.378053 0.211075 0.960921
872.411 532.929 0.190211 -0.0489587 0.824862
883.4 413.778 0.275586 -0.0992469 0.97295
500.846 491.179 0.383587 0.208479 0.981342
499.387 572.63 0.360214 0.169708 0.902314
528.899 601.88 0.804705 0.34182 1.02492
868.933 303.141 0.242137 -0.104866 1.06062
697.318 133.083 0.16921 0.0489656 1.36139
527.817 596.854 0.649539 0.271575 0.992243
493.372 86.3098 0.0699305 0.139329 1.02526
480.527 438.815 0.29827 0.192199 0.968406
796.119 230.041 0.15917 -0.035863 1.02203
712.141 305.921 0.19571 0.0184031 0.989794
719.595 298.628 0.187949 0.0134399 0.986411
895.541 382.173 0.122769 -0.0511028 0.836622
685.23 343.531 0.449252 0.077157 1.26204
665.129 127.582 0.168772 0.10137 1.42422
734.232 144.148 0.100747 0.00395966 1.01262
496.917 606.248 0.475804 0.217764 0.926818
801.338 219.256 0.161026 -0.0417237 1.04232
625.869 635.698 0.576402 0.118413 0.937421
541.321 524.376 0.475454 0.204862 1.00087
943.645 306.326 0.208373 -0.13567 1.00614
957.644 638.826 0.444046 -0.166776 0.898783
554.746 572.617 0.964919 0.391089 1.10045
557.309 380.636 0.31945 0.166069 1.05217
652.673 87.5466 0.110367 0.0868472 1.27096
954.545 638.983 0.448823 -0.166363 0.900365
631.283 155.522 0.105213 0.0628461 1.00969
631.644 155.522 0.105567 0.0628368 1.01073
780.194 309.631 0.195693 -0.0245325 0.985172
836.865 416.61 0.263708 -0.0632769 0.959122
683.818 345.731 0.440793 0.0770767 1.24677
890.977 245.7 0.167195 -0.0957159 1.01448
952.494 247.55 0.173958 -0.139212 1.02384
776.576 35.2086 0.0500504 -0.0196851 1.0399
628.603 51.0212 0.0558856 0.0630726 1.03868
684.09 45.3233 0.0534398 0.0315036 1.0369
718.808 244.384 0.161263 0.013787 1.00747
503.698 101.187 0.0833542 0.14536 1.04893
561.857 146.596 0.104041 0.106687 1.02438
