741.172 210.596 0.239203 -0.480894 4.8568
724.221 204.274 -0.100897 -0.140309 5.55757
738.811 119.644 -0.123121 -0.19053 3.5307
485.526 63.1772 0.190283 0.0928997 0.79259
580.032 17.6414 0.0300448 0.452759 2.10923
515.907 154.716 0.207874 0.0795449 0.761575
940.158 58.4303 0.199393 -0.0572318 0.82028
848.043 155.085 0.218459 -0.0207528 0.781804
627.654 216.198 0.248747 0.0548052 0.802714
876.146 218.786 0.256548 -0.0402551 0.812244
841.946 171.273 0.21796 -0.0167304 0.768128
790.929 215.164 0.248227 -0.00557132 0.79987
946.458 219.332 0.257939 -0.0680246 0.813385
717.145 207.321 0.23641 0.021391 0.783004
624.298 212.678 0.242394 0.0543338 0.792589
528.103 281.076 0.241104 0.0781786 0.745769
907.727 276.244 0.245376 -0.0366067 0.751538
540.8 204.848 0.225299 0.0755213 0.764343
538.695 273.473 0.242575 0.0765511 0.752447
561.918 221.74 0.255939 0.0826173 0.813773
539.944 383.416 0.281625 0.0813099 0.746836
502.005 420.305 0.381406 0.140431 0.832693
535.256 268.17 0.235514 0.074752 0.743799
726.846 220.513 0.240402 0.0181911 0.781051
798.067 280.357 0.249229 -0.00377832 0.75645
804.777 297.144 0.268609 -0.00914797 0.776246
904.392 207.068 0.231986 -0.0382066 0.771473
548.125 163.191 0.222625 0.0778701 0.790471
900.372 384.682 0.280689 -0.0369659 0.742325
729.003 264.123 0.238238 0.0180827 0.74867
724.473 204.544 0.223682 0.0191352 0.758778
522.771 164.892 0.218224 0.0830179 0.778733
706.848 373.241 0.263895 0.0252152 0.72916
616.729 212.517 0.234104 0.0542654 0.775879
869.519 143.472 0.206986 -0.0229261 0.762294
717.94 274.652 0.233089 0.0214008 0.734465
534.121 467.434 0.295726 0.0805551 0.722759
547.06 457.282 0.311264 0.0826893 0.741981
537.642 279.182 0.243478 0.0766503 0.750597
613.205 280.574 0.244785 0.0536493 0.75112
796.234 276.759 0.246126 -0.00278022 0.7536
554.094 215.964 0.23463 0.0748269 0.775325
617.87 459.764 0.300619 0.055331 0.730245
551.08 383.976 0.288605 0.0802077 0.75472
628.577 371.63 0.269235 0.0497023 0.737066
957.827 24.3561 0.17823 -0.047351 0.776737
801.174 201.309 0.21836 -0.00249314 0.749085
620.877 560.445 0.335673 0.0563102 0.71729
898.223 453.869 0.309736 -0.0395906 0.739905
681.024 318.087 0.488314 0.0652918 1.08056
534.263 90.4859 0.199962 0.0798263 0.795566
894.326 209.337 0.237315 -0.0376705 0.780738
714.705 317.234 0.470231 0.026801 1.05499
851.212 539.909 0.190801 0.00448942 0.602802
720.83 385.853 0.27857 0.0211494 0.740617
940.416 278.232 0.274813 -0.0640655 0.79727
705.419 367.451 0.271509 0.0259268 0.741343
929.904 412.996 0.146939 0.00254551 0.575318
714.423 590.793 0.17312 0.0219742 0.578988
702.692 73.5051 0.196206 0.0252771 0.796964
882.062 231.746 0.265909 -0.0453173 0.819355
908.662 153.639 0.21587 -0.0382995 0.77564
907.885 170.928 0.240806 -0.0522775 0.820857
544.073 208.547 0.235727 0.0798887 0.783252
718.902 211.615 0.241678 0.0208201 0.790491
532.225 279.513 0.242905 0.0780033 0.749531
788.728 216.485 0.249282 -0.00491628 0.80096
921.545 160.466 0.229177 -0.0508084 0.802125
509.892 408.821 0.252796 0.0760531 0.702217
895.861 385.578 0.292729 -0.040049 0.755892
622.363 33.6399 0.171709 0.0442801 0.750173
601.678 263.844 0.234431 0.0551708 0.743743
949.838 179.066 0.230395 -0.057067 0.788561
769.544 336.986 0.803471 -0.111431 1.4404
624.703 169.974 -0.0809269 0.0212759 0.267737
503.651 403.041 0.377686 0.141656 0.842166
871.004 366.459 0.299183 -0.0357618 0.774467
704.893 450.316 0.373122 0.0295472 0.802193
692.214 339.984 0.758422 0.0894635 1.37816
952.281 517.585 0.371258 -0.0761545 0.760911
759.529 93.9025 0.271626 -0.0170496 1.11238
490.455 66.5497 0.192301 0.0926702 0.796141
758.024 24.132 0.221247 -0.0172739 1.15374
532.893 152.462 0.209703 0.0760786 0.767534
814.06 303.768 0.27116 -0.0125416 0.775747
520.581 165.689 0.218732 0.0839466 0.779352
633.496 296.827 0.263309 0.0507489 0.770242
701.587 366.092 0.260057 0.0266516 0.727774
793.067 72.7654 0.199707 -0.00483353 0.807902
541.79 382.816 0.282061 0.0809291 0.747648
527.197 205.108 0.242147 0.0905283 0.799858
538.072 363.356 -0.0607124 0.0199779 0.29501
522.106 241.377 0.150175 0.0434885 0.610928
507.5 189.851 0.220483 0.0851128 0.76515
526.399 64.6924 0.184514 0.0742431 0.769269
504.947 184.016 0.201071 0.0738693 0.727056
547.861 80.839 0.196169 0.0742767 0.792695
873.121 297.433 0.273705 -0.0352488 0.783025
858.225 303.794 0.298652 -0.0387574 0.816191
887.968 221.355 0.254859 -0.0433333 0.80651
707.877 294.487 0.254933 0.0248324 0.757993
887.62 363.893 0.267718 -0.0302134 0.736975
546.846 219.082 0.261254 0.0924596 0.827427
809.497 358.449 0.293442 -0.0119504 0.772687
558.356 410.015 -0.0466767 0.0191577 0.31613
524.792 41.1345 0.198523 0.378611 1.57883
557.911 366.379 -0.0643035 0.0203262 0.289798
891.348 282.889 0.259051 -0.0370624 0.769513
535.114 202.842 0.225277 0.0775646 0.765777
517.4 166.816 0.219188 0.0851037 0.779589
683.787 10.4234 0.207906 0.0424511 1.04468
586.823 74.8411 0.191637 0.0598848 0.782478
795.916 454.707 0.309859 -0.00442251 0.740274
812.325 467.289 0.32921 -0.0128006 0.752104
631.562 378.648 0.310897 0.057111 0.783384
637.57 364.807 0.289025 0.0510338 0.765059
545.83 371.236 -0.0607123 0.0200053 0.295065
673.316 75.1499 0.196253 0.0346629 0.796055
482.428 503.545 0.239382 0.0705505 0.657539
880.753 294.883 0.26379 -0.0340565 0.769495
955.228 280.505 0.267064 -0.0639748 0.783059
878.441 371.704 0.290481 -0.0347123 0.760868
539.564 393.905 0.266811 0.0745879 0.724385
879.3 376.199 0.310505 -0.0419404 0.782095
496.888 619.22 0.280814 0.0749032 0.659656
898.195 280.789 0.262552 -0.0413614 0.776347
851.48 166.376 0.210261 -0.0167402 0.753957
512.213 603.778 0.296786 0.0771072 0.67518
720.059 341.962 0.708587 0.022192 1.30915
738.451 117.506 -0.125171 -0.183802 3.5052
