739.777 211.374 0.240531 -0.47979 4.85878
722.903 205.157 -0.0995688 -0.139205 5.55956
736.512 121.027 -0.121793 -0.189426 3.53269
576.404 19.7098 0.031373 0.453863 2.11122
956.545 26.9006 0.180841 -0.0483246 0.780379
507.363 157.574 0.209202 0.0806491 0.763563
934.388 58.3212 0.200721 -0.0561277 0.822268
842.357 155.946 0.219787 -0.0196487 0.783791
621.339 218.78 0.250075 0.0559093 0.804702
872.809 219.555 0.256422 -0.0389043 0.811503
836.211 172.264 0.219289 -0.0156263 0.770116
786.162 216.46 0.248719 -0.00446383 0.800361
944.425 219.733 0.257677 -0.0665869 0.812311
711.03 209.392 0.236746 0.0225119 0.782884
617.423 215.357 0.242684 0.0552137 0.792383
521.734 286.723 0.244042 0.0795274 0.749302
903.194 277.497 0.246705 -0.0355026 0.753526
533.01 207.942 0.226627 0.0766254 0.76633
531.298 277.141 0.243904 0.0776552 0.754435
555.294 224.755 0.257267 0.0837214 0.815761
532.185 389.36 0.281699 0.0821915 0.746665
492.042 427.465 0.376297 0.139942 0.82659
527.592 271.839 0.236843 0.0758561 0.745786
720.991 222.527 0.241731 0.0192953 0.783039
792.931 282.35 0.250558 -0.00267421 0.758437
800.117 299.145 0.269937 -0.00804385 0.778234
899.404 207.89 0.233314 -0.0371025 0.773461
540.486 165.917 0.223953 0.0789742 0.792459
896.744 386.72 0.282018 -0.0358618 0.744313
723.08 266.475 0.239566 0.0191869 0.750658
718.111 206.485 0.225011 0.0202393 0.760766
514.718 167.788 0.219552 0.084122 0.780721
701.464 376.638 0.265224 0.0263193 0.731148
609.879 215.178 0.235432 0.0553696 0.777867
863.619 144.114 0.208315 -0.021822 0.764282
711.777 277.186 0.234418 0.0225049 0.736452
525.485 475.339 0.294761 0.0813776 0.721602
538.912 464.758 0.310109 0.0835229 0.740561
530.252 282.908 0.244806 0.0777544 0.752584
606.529 283.808 0.246113 0.0547534 0.753108
791.009 278.747 0.247454 -0.0016761 0.755588
546.733 219.046 0.235959 0.075931 0.777313
612.597 464.494 0.301947 0.0564352 0.732233
544.917 388.434 0.289933 0.0813118 0.756707
622.654 375.528 0.270563 0.0508064 0.739054
951.462 23.8233 0.179558 -0.0462469 0.778725
795.188 202.75 0.219688 -0.00138902 0.751073
616.404 566.093 0.337001 0.0574143 0.719277
895.245 456.386 0.311064 -0.0384865 0.741892
678.147 320.216 0.489643 0.0663959 1.08255
519.803 85.8459 0.196369 0.0800572 0.788463
889.402 210.229 0.238643 -0.0365664 0.782725
711.858 319.186 0.471559 0.0279051 1.05698
845.173 545.013 0.192129 0.00559354 0.60479
715.901 389.187 0.279899 0.0222535 0.742605
936.536 279.169 0.276141 -0.0629614 0.799258
700.194 370.753 0.272837 0.0270309 0.743331
922.043 415.936 0.148267 0.00364963 0.577305
705.538 598.03 0.174448 0.0230783 0.580976
692.523 80.624 0.200623 0.0275313 0.803365
959.764 283.391 0.264636 -0.0629194 0.777644
877.654 232.788 0.267237 -0.0442132 0.821343
905.162 153.73 0.216106 -0.0371054 0.77524
958.407 28.1992 0.180686 -0.0482523 0.77831
903.031 171.52 0.242134 -0.0511734 0.822845
534.469 211.623 0.235474 0.0808049 0.781999
713.037 213.611 0.243006 0.0219242 0.792479
524.764 283.281 0.244233 0.0791074 0.751519
783.492 218.059 0.25061 -0.00381216 0.802948
921.745 156.471 0.225468 -0.0485653 0.795532
502.317 414.086 0.254124 0.0771572 0.704205
892.383 387.58 0.294057 -0.0389449 0.75788
613.416 34.9063 0.173038 0.0453842 0.75216
594.592 267.04 0.23576 0.0562749 0.745731
946.734 179.22 0.23072 -0.0557775 0.788435
768.061 337.999 0.804799 -0.110327 1.44239
664.575 59.6722 -0.0795987 0.02238 0.269724
498.587 407.567 0.379014 0.14276 0.844154
867.405 368.429 0.300512 -0.0346576 0.776455
701.407 453.85 0.374451 0.0306513 0.80418
690.454 341.618 0.75975 0.0905676 1.38015
950.516 519.894 0.372587 -0.0750504 0.762899
621.855 0.725822 0.200812 0.0768363 1.01863
755.037 95.0792 0.272954 -0.0159455 1.11437
481.534 68.9357 0.193629 0.0937743 0.798128
753.061 25.2817 0.222575 -0.0161698 1.15573
524.605 155.202 0.211032 0.0771827 0.769522
809.517 305.75 0.272488 -0.0114375 0.777734
512.527 168.603 0.220061 0.0850507 0.78134
623.947 299.873 0.25896 0.0516663 0.763645
696.06 369.477 0.261385 0.0277557 0.729762
786.593 73.5152 0.201035 -0.00372942 0.80989
535.386 387.367 0.283389 0.0820332 0.749636
514.387 205.173 0.238169 0.0905439 0.7931
541.478 263.639 0.171529 0.0465518 0.641088
499.277 193.036 0.221811 0.0862169 0.767138
517.278 66.8047 0.185843 0.0753472 0.771256
495.781 187.173 0.202399 0.0749735 0.729044
539.506 82.9946 0.197497 0.0753808 0.794683
868.952 298.959 0.275033 -0.0341447 0.785013
854.366 305.353 0.299981 -0.0376533 0.818179
883.377 222.326 0.256187 -0.0422292 0.808497
702.614 298.532 0.256073 0.0258062 0.758897
883.631 365.911 0.269046 -0.0291093 0.738963
540.265 222.151 0.262583 0.0935638 0.829415
805.423 360.812 0.29477 -0.0108463 0.774675
870.366 33.8795 -0.0667287 0.021876 0.285113
548.705 493.9 -0.0453485 0.0202619 0.318118
520.392 43.3119 0.199851 0.379716 1.58082
886.992 284.247 0.260379 -0.0359583 0.771501
527.281 205.955 0.226605 0.0786687 0.767765
509.333 169.758 0.220516 0.0862078 0.781576
678.046 11.815 0.209234 0.0435552 1.04667
573.289 68.8157 0.187809 0.0604328 0.774634
792.255 457.992 0.311187 -0.00331839 0.742262
809.089 470.448 0.330538 -0.0116965 0.754091
623.551 384.503 0.305157 0.0576474 0.775816
632.175 368.456 0.290354 0.0521379 0.767047
480.027 51.2202 -0.0534991 0.0207101 0.301309
666.564 80.3917 0.199862 0.0358823 0.801792
879.649 297.187 0.26209 -0.0326345 0.766345
951.317 281.393 0.268393 -0.0628707 0.785046
870.278 373.871 0.298725 -0.0344483 0.771121
532.732 398.69 0.268139 0.075692 0.726372
877.847 379.582 0.307132 -0.0396297 0.777684
530.374 574.45 0.326311 0.0826682 0.709073
893.931 282.071 0.263881 -0.0402573 0.778334
840.058 175.574 0.218464 -0.0160685 0.765791
505.885 611.184 0.298114 0.0782113 0.677168
718.258 347.295 0.654449 0.0229755 1.2334
736.132 118.903 -0.123843 -0.182698 3.50719
