738.959 210.721 0.239742 -0.478802 4.85852
722.074 204.493 -0.100244 -0.138398 5.56029
735.211 119.069 -0.122296 -0.187978 3.52317
573.559 18.3471 0.0310354 0.45578 2.11787
953.44 21.1344 0.17968 -0.0473773 0.780543
498.042 154.557 0.207519 0.0810639 0.762738
926.705 56.2593 0.201144 -0.0545589 0.825119
838.645 152.065 0.218275 -0.0187639 0.783514
614.706 216.709 0.248333 0.0566082 0.803888
868.939 216.672 0.255816 -0.0381048 0.813184
832.448 168.794 0.217623 -0.0146993 0.769382
781.591 213.715 0.248112 -0.00366431 0.802042
940.974 216.676 0.25707 -0.0657874 0.813991
705.623 206.685 0.236139 0.0233114 0.784565
611.378 212.986 0.242077 0.0560132 0.794064
514.485 285.128 0.243435 0.0803269 0.750983
900.899 275.359 0.244901 -0.0345538 0.752918
524.201 205.236 0.224838 0.077225 0.765817
523.344 276.003 0.242569 0.0782749 0.754601
547.88 222.792 0.255449 0.0842793 0.814944
525.709 388.699 0.281092 0.082991 0.748346
486.82 427.371 0.375691 0.140742 0.82827
519.056 271.234 0.236043 0.0767652 0.746511
716.659 219.848 0.239616 0.0198044 0.781775
788.929 280.419 0.248447 -0.00177294 0.75745
795.841 298.079 0.269699 -0.00725587 0.779771
894.521 205.894 0.233371 -0.0362494 0.775632
532.4 162.985 0.222529 0.0796032 0.792348
894.568 386.127 0.279943 -0.0348286 0.743641
717.639 264.611 0.238327 0.0199893 0.750997
713.048 204.2 0.224086 0.0208615 0.761404
505.966 164.944 0.218138 0.0847451 0.780606
695.949 376.474 0.263394 0.0271099 0.730795
601.969 211.777 0.232681 0.056004 0.775907
859.769 140.05 0.20698 -0.0209294 0.764315
705.952 275.474 0.23287 0.0233075 0.736314
519.021 475.421 0.294154 0.0821771 0.723283
532.926 464.702 0.309502 0.0843224 0.742242
522.2 281.942 0.243598 0.0784548 0.752918
599.437 282.332 0.24444 0.0554289 0.75287
786.166 277.654 0.245941 -0.000614124 0.755055
538.346 216.773 0.234087 0.0765132 0.776501
606.377 465.901 0.299951 0.0570779 0.731849
535.028 389.729 0.286128 0.0818804 0.753645
616.057 375.535 0.268775 0.0515104 0.738767
948.036 19.8824 0.178917 -0.045344 0.778986
790.073 200.611 0.21914 -0.000564484 0.75224
610.56 569.824 0.334501 0.0579961 0.718338
894.172 457.151 0.308087 -0.0374208 0.740312
674.272 319.63 0.478764 0.0663672 1.06867
511.934 82.2997 0.195763 0.0808567 0.790144
889.362 204.49 0.233487 -0.034927 0.776953
709.235 319.012 0.462112 0.0282847 1.04418
837.562 546.505 0.192391 0.00642784 0.607059
710.634 388.986 0.27824 0.0231436 0.742542
935.661 276.848 0.273482 -0.0617087 0.797348
694.991 370.589 0.271266 0.0277878 0.743225
911.658 412.308 0.149003 0.00431903 0.580911
695.903 598.512 0.174842 0.0239179 0.583724
686.527 76.7863 0.200016 0.0283308 0.805045
958.482 281.211 0.262639 -0.0617951 0.776726
878.462 228.454 0.261906 -0.042874 0.815133
900.878 149.994 0.215499 -0.0363059 0.77692
954.029 23.1309 0.18008 -0.0474528 0.779991
905.668 163.322 0.23535 -0.0492774 0.813956
527.454 209.374 0.234867 0.0816044 0.78368
707.375 209.157 0.23859 0.0227906 0.787734
516.46 282.546 0.243106 0.0798666 0.751867
781.278 211.864 0.24346 -0.0026388 0.794042
917.776 152.85 0.224862 -0.0477658 0.797212
493.392 415.096 0.252775 0.0778572 0.704524
891.161 387.077 0.290856 -0.0377746 0.755844
608.311 33.0265 0.173839 0.0459108 0.756576
589.099 265.422 0.235655 0.0568571 0.748021
942.953 175.701 0.230113 -0.0549779 0.790116
768.879 338.323 0.772737 -0.105047 1.40047
690.882 149.497 -0.0788388 0.0232232 0.272999
487.276 410.158 0.370995 0.141806 0.836007
865.493 367.957 0.298 -0.0336313 0.774991
698.471 452.42 0.37901 0.0313066 0.810975
687.468 342.223 0.731845 0.0889297 1.34416
946.707 518.648 0.373832 -0.0745272 0.765944
617.394 0.434074 0.202029 0.0778003 1.02281
752.6 87.0881 0.266285 -0.014621 1.10106
749.818 20.7114 0.220818 -0.0152678 1.1525
515.552 151.913 0.20946 0.0777733 0.769122
806.198 303.542 0.269035 -0.0102733 0.775193
504.719 165.871 0.21922 0.0857782 0.782523
618.033 298.164 0.258354 0.0524658 0.765326
690.456 369.168 0.259815 0.0285354 0.729745
781.885 68.9965 0.19982 -0.00290649 0.8099
526.943 388.309 0.281064 0.0826156 0.748491
507.312 202.96 0.237563 0.0913434 0.794781
530.878 261.156 0.170923 0.0473514 0.642769
494.37 193.397 0.223875 0.0875806 0.77261
515.94 72.1396 0.190443 0.0769717 0.781963
508.001 198.365 0.217416 0.0784116 0.755137
529.337 78.2976 0.195739 0.0762489 0.793634
864.629 298.065 0.2758 -0.03352 0.787827
852.593 303.776 0.29677 -0.0364776 0.815503
881.798 218.586 0.252934 -0.0409194 0.805552
697.291 296.566 0.255467 0.0266058 0.760578
880.919 364.999 0.267324 -0.028158 0.738719
525.609 215.625 0.253035 0.0927783 0.816698
801.58 360.166 0.294276 -0.010049 0.775865
795.678 124.926 -0.067517 0.0228564 0.287348
550.517 500.258 -0.0453789 0.0211254 0.321321
834.13 150.56 -0.0671082 0.0228364 0.287827
519.296 45.279 0.203174 0.38346 1.59559
885.351 281.937 0.257361 -0.034756 0.769168
531.546 212.148 0.23708 0.0811409 0.786117
497.996 165.042 0.216771 0.0862059 0.777399
674.14 11.5553 0.210593 0.0442716 1.05201
565.642 64.8715 0.187202 0.0612324 0.776315
787.777 457.491 0.312169 -0.00254122 0.745212
803.685 467.031 0.338122 -0.0117748 0.764354
618.376 383.552 0.304551 0.058447 0.777497
625.209 368.834 0.286155 0.0526551 0.763466
660.313 76.5905 0.199256 0.0366818 0.803473
490.533 422.111 0.377404 0.14099 0.833705
480.211 499.456 0.252073 0.0746097 0.675625
875.732 294.724 0.261484 -0.031835 0.768026
483.014 617.189 0.357563 0.105013 0.716843
866.712 372.023 0.298119 -0.0336488 0.772801
525.509 400.231 0.268676 0.0768682 0.728436
874.418 377.76 0.306525 -0.0388302 0.779365
524.421 575.303 0.325704 0.0834677 0.710754
889.352 280.562 0.264466 -0.039601 0.781238
835.286 172.136 0.217857 -0.015269 0.767472
514.009 591.736 0.311662 0.0808889 0.695155
716.307 346.437 0.653842 0.023775 1.23508
734.811 116.967 -0.124349 -0.181311 3.49845
