765.251 236.888 0.160393 -0.0163983 1.01215
642.837 239.552 0.159914 0.0583659 1.01213
886.323 194.573 0.135923 -0.0856479 1.01307
873.701 119.064 0.0968642 -0.0759461 1.02588
766.013 19.7854 0.0480166 -0.0163285 1.04075
544.586 136.761 0.0999964 0.109058 1.02451
611.606 30.9738 0.0495666 0.0651312 1.03524
671.513 27.0053 0.0497368 0.0339432 1.04154
544.958 136.372 0.0996525 0.108648 1.02406
808.178 202.049 0.139263 -0.0410407 1.01343
876.995 193.141 0.147341 -0.0891205 1.0425
490.474 102.933 0.0885941 0.149038 1.05797
767.449 8.8386 0.0428068 -0.016888 1.03951
671.069 18.9751 0.045589 0.0336515 1.03887
872.283 120.196 0.113996 -0.0915541 1.08515
957.975 200.785 0.142362 -0.128952 1.01599
833.553 235.827 0.161678 -0.0580044 1.01358
613.401 25.838 0.0476992 0.0644832 1.03883
832.952 236.192 0.162673 -0.0579967 1.01505
526.073 178.794 0.0575756 0.0685482 0.863948
590.053 241.393 0.164742 0.0937096 1.02106
571.825 208.995 0.136555 0.0965734 1.00734
589.731 242.136 0.156538 0.0889136 1.0041
888.897 236.698 0.158988 -0.0887884 1.00537
890.711 233.781 0.157229 -0.0896266 1.0056
890.195 236.998 0.159727 -0.0899213 1.00636
802.197 199.711 0.136136 -0.0369235 1.00986
838.628 237.947 0.159365 -0.0594901 1.00623
837.16 234.502 0.156633 -0.0581932 1.00538
845.317 238.455 0.153809 -0.0606652 0.994824
765.637 236.729 0.159715 -0.0165377 1.01102
764.955 240.103 0.1592 -0.0157515 1.00572
862.384 194.204 0.134955 -0.0716692 1.01237
533.349 173.017 0.118096 0.117672 1.01715
502.584 142.594 0.0753656 0.101274 0.942589
638.788 240.678 0.155648 0.0591081 1.00253
690.007 497.531 0.0922376 0.0158109 0.765615
715.495 239.406 0.146427 0.0131687 0.983862
906.078 212.475 0.149299 -0.100397 1.017
914.795 489.275 0.463065 -0.182332 1.03842
714.531 240.118 0.157612 0.0142832 1.0044
559.435 391.993 0.352093 0.174466 1.07669
481.493 350.07 0.236064 0.178832 1.00242
948.563 347.707 0.225649 -0.130682 0.982544
906.164 296.856 0.177499 -0.092035 0.969237
943.175 297.973 0.206036 -0.132217 1.00909
656.06 305.767 0.187233 0.0497572 0.980321
604.337 588.065 0.392979 0.10268 0.916696
817.11 199.151 0.134221 -0.0447037 1.00567
942.305 473.436 0.0899283 -0.0427961 0.769718
839.145 290.644 0.184929 -0.0592195 0.988385
573.222 478.28 0.0871243 0.0426548 0.767369
939.953 203.226 0.14196 -0.11727 1.01245
628.643 355.939 0.124218 0.042816 0.857912
585.092 239.401 0.155146 0.0916677 1.00507
606.364 376.389 0.119702 0.0480773 0.841704
587.892 293.324 0.183949 0.092083 0.990514
892.195 237.656 0.154715 -0.0875885 0.995973
951.525 358.333 0.240791 -0.138771 0.98982
825.836 299.982 0.19732 -0.0538958 0.997079
776.428 350.766 0.216366 -0.0216537 0.97173
586.515 296.004 0.185411 0.0930473 0.989828
870.355 120.409 0.0981703 -0.0747631 1.02804
766.804 361.651 0.225725 -0.0161245 0.97269
654.378 303.626 0.205392 0.0557336 1.00935
710.22 237.197 0.158864 0.0170043 1.01074
712.728 291.816 0.184724 0.0161634 0.990073
795.528 217.275 0.146228 -0.0334766 1.00827
891.194 468.582 0.128296 -0.0415009 0.806965
778.562 434.62 0.161263 -0.0116648 0.853824
707.248 483.318 0.0836693 0.0114376 0.761995
751.146 132.946 0.102117 -0.0080925 1.02562
640.43 292.363 0.184426 0.0600776 0.99092
895.928 300.326 0.200766 -0.0985063 0.999955
699.64 358.301 0.14271 0.0186035 0.87821
586.71 294.943 0.184698 0.0928141 0.989903
840.569 124.669 0.127401 -0.0809501 1.12877
869.601 115.138 0.0926368 -0.0715923 1.01884
700.318 303.337 0.188741 0.0236673 0.984002
639 237.376 0.152917 0.0585121 1.0014
589.999 363.541 0.228454 0.0959834 0.977284
807.766 498.556 0.435921 -0.0651504 1.01336
698.208 357.635 0.142221 0.0191504 0.878053
547.437 136.105 0.100573 0.108339 1.02748
847.475 193.405 0.124354 -0.0577216 0.98966
593.621 286.742 0.179803 0.0879982 0.991229
775.193 300.617 0.192189 -0.0216396 0.990118
887.066 410.922 0.266929 -0.095659 0.968936
605.247 635.759 0.432969 0.105668 0.900471
920.994 197.8 0.137073 -0.104646 1.00977
891.318 410.818 0.250609 -0.0915217 0.95353
861.233 357.735 0.144025 -0.0458718 0.878145
570.017 210.323 0.136793 0.0973927 1.00611
697.523 306.594 0.206262 0.0271123 1.00603
567.274 208.952 0.133892 0.0973546 1.00159
676.824 43.7641 0.0674318 0.0370118 1.10804
937.251 463.186 0.313833 -0.136774 0.963117
632.651 283.224 0.172656 0.0621998 0.982669
641.34 292.895 0.182941 0.0589855 0.98802
827.804 468.69 0.33824 -0.0658825 0.977543
944.34 341.43 0.222054 -0.127909 0.984417
574.083 486.721 0.0855766 0.0416661 0.763354
678.106 312.828 0.38075 0.0759552 1.24826
746.897 307.437 0.407478 -0.0230685 1.29701
874.058 120.608 0.0979921 -0.0765152 1.02683
948.103 198.843 0.137275 -0.119291 1.00772
591.551 362.443 0.230443 0.0960438 0.980634
786.515 449.458 0.148242 -0.0127485 0.834154
890.301 370.689 0.123348 -0.0482164 0.846057
764.497 360.772 0.227425 -0.0149314 0.975527
591.676 291.263 0.186321 0.0913917 0.996421
814.135 125.108 0.0976473 -0.0424987 1.02121
957.04 234.722 0.164887 -0.133999 1.01681
743.593 2.94283 0.0435967 -0.0209514 1.43195
905.773 208.205 0.145092 -0.0985739 1.01383
660.896 155.727 0.121771 0.0472714 1.05077
691.514 148.233 0.115432 0.0272442 1.04351
585.864 240.095 0.15862 0.093083 1.01095
955.753 358.581 0.238612 -0.139913 0.986995
644.282 299.74 0.175239 0.0541053 0.969092
709.474 373.936 0.117488 0.0131513 0.839356
584.622 147.62 0.105555 0.086256 1.0204
931.966 412.222 0.297145 -0.140617 0.995115
487.335 464.045 0.371259 0.22268 1.00941
707.65 376.997 0.120812 0.0139216 0.841682
714.244 290.103 0.190851 0.0155808 1.00141
481.493 621.98 0.458241 0.217923 0.919008
869.688 527.643 0.190412 -0.0457246 0.832603
882.451 409.139 0.272653 -0.0954357 0.975983
493.278 495.52 0.384318 0.212195 0.987256
496.425 572.463 0.368135 0.175468 0.916071
513.09 627.701 0.752558 0.328593 0.995034
865.623 296.684 0.241491 -0.101533 1.06564
689.467 129.943 0.173289 0.0526244 1.37346
524.414 602.94 0.649748 0.275022 0.996633
792.666 217.302 0.147479 -0.0321736 1.01098
704.834 301.322 0.193552 0.0214097 0.993144
711.915 293.274 0.186018 0.0167082 0.990475
891.138 373.518 0.121827 -0.0476803 0.842831
679.898 343.211 0.435839 0.0788926 1.24863
648.74 99.8574 0.135179 0.0973327 1.3469
923.861 630.97 0.574572 -0.185701 0.950671
724.938 136.366 0.102945 0.00672825 1.02374
498.182 604.659 0.492141 0.226007 0.944543
796.213 208.515 0.154257 -0.0378736 1.03823
531.384 533.216 0.462857 0.205035 0.995239
949.77 296.701 0.196726 -0.129772 0.996651
957.441 631.796 0.450358 -0.165156 0.909662
534.664 606.006 0.872633 0.365684 1.0446
562.029 377.943 0.353887 0.179258 1.0981
944.661 620.813 0.475403 -0.16855 0.926425
617.37 146.723 0.103851 0.066474 1.01484
617.499 146.716 0.104167 0.0665982 1.01581
774.975 302.616 0.194974 -0.0217661 0.992048
834.293 412.268 0.261457 -0.0596696 0.963332
678.417 345.429 0.428117 0.0788834 1.23456
490.794 466.646 -0.211501 -0.00275828 0.422138
535.775 174.354 -0.209811 -0.00217328 0.419061
551.15 43.1383 -0.216132 -0.00184773 0.409006
546.376 410.675 -0.226814 -0.00168213 0.399398
570.785 146.346 0.0997315 0.0896717 1.00548
533.256 426.243 -0.205785 -0.00235733 0.429439
840.429 204.349 0.146398 -0.0626149 1.02486
740.641 151.5 0.232709 -0.0268097 1.5863
572.629 234.479 0.161983 0.105482 1.02589
618.046 36.0555 0.0584444 0.0701176 1.0809
838.904 232.426 0.151686 -0.0574372 0.998318
575.103 236.719 0.167032 0.106542 1.03282
527.606 431.355 -0.205383 -0.00243362 0.43011
604.191 409.076 0.29777 0.103913 1.00386
959.88 198.381 0.138875 -0.127598 1.01145
542.583 468.338 0.345389 0.158455 0.985915
593.852 364.429 0.230104 0.0939942 0.978258
941.713 498.314 0.0819521 -0.0385759 0.755115
955.106 571.203 0.410638 -0.163578 0.936265
927.553 458.075 0.338164 -0.143615 0.986046
794.382 625.882 0.761996 -0.0793513 1.00173
781.451 377.072 0.137271 -0.0125755 0.859791
903.506 212.911 0.152452 -0.101192 1.02323
561.81 568.113 0.892881 0.348964 1.10332
814.519 343.935 0.246253 -0.0535689 1.01425
677.126 4.63879 0.0502092 0.0430164 1.20928
607.359 378.214 0.118463 0.0472652 0.839325
676.211 139.972 0.101832 0.0337084 1.01677
705.435 385.424 0.0886756 0.0126609 0.800829
684.423 573.386 0.0397402 0.0123389 0.702456
858.31 356.762 -0.223907 0.000352661 0.402987
859.375 360.72 -0.224122 0.000343217 0.402733
623.196 163.7 -0.226055 -0.00120556 0.398088
622.366 170.549 -0.226216 -0.00121011 0.397946
533.251 127.472 -0.231755 -0.00144521 0.390709
763.141 8.96336 0.0464925 -0.0167105 1.07136
765.715 139.907 0.112726 -0.0179372 1.04606
915.676 211.398 0.142839 -0.101116 1.00435
893.182 203.18 0.124837 -0.0787082 0.977001
498.298 400.894 0.0765962 0.0615819 0.782699
859.94 133.169 0.114916 -0.0780145 1.06036
562.236 231.519 0.148606 0.103638 1.0031
946.214 417.443 0.270791 -0.133774 0.966035
808.813 308.317 0.241384 -0.054731 1.05132
649.168 428.135 0.243456 0.054995 0.935988
585.819 490.967 0.279333 0.0955123 0.919347
588.063 488.68 0.283243 0.095779 0.923784
932.117 544.491 0.461358 -0.176502 0.982458
585.788 500.058 0.26528 0.0896124 0.903096
571.294 570.046 0.482077 0.162439 0.969897
751.291 35.9379 0.074211 -0.0175655 1.21506
899.306 594.938 0.662047 -0.204947 1.01034
956.86 459.596 0.32268 -0.15632 0.972682
753.583 259.338 0.223126 -0.0148643 1.09759
712.735 303.891 0.385704 0.0284734 1.27613
674.623 11.4003 0.051952 0.0400997 1.14609
887.218 235.983 0.165286 -0.0921657 1.01843
949.641 236.822 0.172467 -0.135598 1.02883
765.625 19.9976 0.0484906 -0.016314 1.04351
613.055 38.5532 0.0542506 0.0661447 1.0422
670.391 31.9249 0.0519649 0.0346772 1.04089
710.194 237.46 0.159452 0.0170567 1.01154
485.989 93.0003 0.0819788 0.148245 1.05366
546.239 138.884 0.102387 0.109679 1.02838
