764.537 237.166 0.160754 -0.0154643 1.01522
640.551 240.508 0.160145 0.0591946 1.01485
887.324 193.82 0.136128 -0.0847308 1.01565
873.763 117.44 0.0972437 -0.0749029 1.0287
764.235 17.2219 0.0482857 -0.0153392 1.04278
540.454 136.827 0.100281 0.109746 1.02709
607.695 29.2444 0.0499337 0.0659994 1.03797
668.445 25.0071 0.0501105 0.0348401 1.04422
540.543 136.402 0.0999041 0.109478 1.02661
808.175 201.462 0.140028 -0.0404717 1.01769
877.66 192.422 0.147525 -0.0881107 1.04501
485.162 102.634 0.0887778 0.149883 1.06051
766.022 6.22242 0.0432438 -0.01615 1.04229
668.086 16.8869 0.0459761 0.03447 1.04148
872.389 118.63 0.114321 -0.0905711 1.08789
959.571 199.767 0.142691 -0.127905 1.01889
833.762 235.706 0.162103 -0.0571234 1.01686
608.681 23.8754 0.0477624 0.065487 1.04001
833.3 236.183 0.162955 -0.0571156 1.01792
521.411 178.906 0.0584092 0.0694671 0.868252
587.686 242.486 0.165304 0.0943551 1.02457
568.51 209.85 0.136891 0.0973276 1.01028
586.962 243.251 0.157083 0.089757 1.00758
889.592 236.436 0.159421 -0.0877473 1.00854
891.634 233.496 0.157513 -0.0886025 1.00845
891.016 236.727 0.16016 -0.0889452 1.00954
801.82 199.391 0.136487 -0.0359906 1.01281
839.044 237.886 0.159733 -0.0586426 1.00933
837.707 234.408 0.156824 -0.0573595 1.00813
845.651 238.69 0.15426 -0.0596783 0.997713
764.908 237.02 0.160058 -0.0155888 1.01404
764.431 240.507 0.159459 -0.0149026 1.00849
862.746 193.53 0.13534 -0.0707194 1.0154
529.558 173.512 0.118613 0.118479 1.02061
499.792 142.808 0.0763938 0.101639 0.947233
636.781 241.644 0.156065 0.0597927 1.00564
688.584 504.744 0.0926846 0.0167031 0.768675
714.181 240.04 0.14675 0.0140319 0.986778
906.836 211.79 0.149753 -0.0993716 1.02026
929.059 500.992 0.433489 -0.174358 1.01384
712.461 240.804 0.15791 0.0156064 1.00722
548.85 398.359 0.330628 0.16925 1.0544
950.707 348.416 0.226048 -0.129747 0.985822
907.738 297.599 0.1776 -0.0908926 0.971663
945.189 298.179 0.206281 -0.131266 1.012
654.336 307.557 0.187529 0.0505587 0.983247
597.832 605.746 0.373387 0.10049 0.902972
816.967 198.774 0.134565 -0.0437781 1.00858
946.303 478.45 0.0903935 -0.0418772 0.772911
839.978 291.279 0.185202 -0.0584182 0.991343
569.308 483.941 0.0877098 0.0435841 0.771066
941.644 202.279 0.142181 -0.116318 1.01517
626.128 359.049 0.124721 0.0436824 0.861202
581.482 240.371 0.154845 0.0925 1.0071
603.443 379.968 0.120101 0.048919 0.844923
584.877 295.542 0.183936 0.0928202 0.992644
893.262 237.408 0.155004 -0.0866206 0.998854
958.037 359.515 0.235461 -0.136553 0.986069
826.163 300.563 0.197892 -0.0530242 1.00073
777.118 352.497 0.216838 -0.0211506 0.974962
583.684 298.053 0.185603 0.0938203 0.992503
870.342 118.832 0.0985774 -0.0737249 1.03095
766.746 363.456 0.226072 -0.0152101 0.975884
652.787 305.303 0.206037 0.0565808 1.0128
708.878 237.793 0.15918 0.0178635 1.01365
711.742 293.274 0.18478 0.0169683 0.99247
795.275 217.408 0.146268 -0.0324969 1.01033
893.056 472.809 0.129107 -0.0404698 0.810545
778.336 438.152 0.161733 -0.0105384 0.857137
705.826 488.25 0.0842158 0.0124026 0.76573
749.801 132.021 0.102492 -0.00720191 1.02851
637.911 294.118 0.184417 0.0610877 0.993282
897.348 300.991 0.200844 -0.0974071 1.00242
698.423 360.934 0.14308 0.0194715 0.881363
583.75 296.939 0.184783 0.0936181 0.992458
840.371 123.311 0.12759 -0.0799548 1.1311
868.969 113.496 0.0935066 -0.0706495 1.02334
698.884 304.513 0.189538 0.0247387 0.988047
636.656 238.392 0.15321 0.0593237 1.00416
587.784 366.278 0.228708 0.0967077 0.980291
806.676 497.016 0.449392 -0.0653997 1.02873
696.958 361.008 0.142276 0.0199805 0.880371
543.434 136.158 0.100925 0.109058 1.03027
847.674 192.796 0.124683 -0.0567473 0.992552
590.887 288.356 0.180119 0.0888686 0.994391
775.624 302.277 0.191771 -0.0209431 0.991422
888.63 412.441 0.267576 -0.0948137 0.972678
606.41 636.694 0.440801 0.107613 0.909757
922.576 196.971 0.137147 -0.103618 1.012
890.86 411.489 0.25598 -0.0915798 0.962526
862.678 359.936 0.144308 -0.0449111 0.88098
566.837 211.568 0.136755 0.0976662 1.0077
696.628 307.016 0.208133 0.0280273 1.0125
563.405 209.716 0.134097 0.0983123 1.00441
674.196 42.1091 0.067714 0.0378142 1.11035
935.057 462.374 0.323551 -0.13815 0.975942
630.443 284.821 0.172946 0.0630076 0.985573
638.858 294.951 0.182614 0.0598366 0.989584
833.791 477.23 0.322124 -0.0634151 0.963847
947.007 342.339 0.222052 -0.126987 0.986937
570.878 494.891 0.0854104 0.0421391 0.765689
676.887 314.403 0.378332 0.0764587 1.24651
746.694 308.294 0.406382 -0.0221867 1.29774
874.35 118.983 0.0983008 -0.0755333 1.02944
949.725 197.934 0.137653 -0.118327 1.0106
699.975 438.011 0.237917 0.0249822 0.928312
589.459 365.11 0.230784 0.0967529 0.983773
786.705 451.949 0.149719 -0.0118767 0.839064
892.272 373.046 0.123764 -0.0472636 0.849158
764.731 363.046 0.227253 -0.0141316 0.977668
588.555 293.017 0.186204 0.0922842 0.998832
813.195 123.684 0.0980641 -0.0414143 1.02444
959.167 234.046 0.165131 -0.133161 1.01969
741.913 0.186958 0.0432578 -0.0200476 1.43014
906.788 207.526 0.145395 -0.0975617 1.01668
658.716 155.934 0.12268 0.0481502 1.05456
689.55 148.096 0.116174 0.0281259 1.04702
579.319 239.07 0.152399 0.092656 1.00404
957.587 359.052 0.239379 -0.139076 0.991008
642.304 301.472 0.175568 0.0549252 0.972129
708.137 376.916 0.117876 0.0140899 0.842604
584.346 152.049 0.111708 0.0883245 1.03321
934.639 414.149 0.296812 -0.139469 0.997262
706.622 380.627 0.120986 0.0147405 0.844377
712.799 291.016 0.191558 0.0167315 1.00538
482.655 623.628 0.465098 0.220646 0.927926
871.531 531.238 0.191383 -0.0448404 0.83676
510.815 634.7 0.748513 0.327836 0.99549
879.833 293.882 0.212667 -0.0952358 1.02865
792.024 217.694 0.14881 -0.0313289 1.01545
703.74 302.768 0.193805 0.0222589 0.996027
710.902 294.562 0.186398 0.0175487 0.993576
893.2 376.693 0.121993 -0.0465825 0.845274
679.049 344.352 0.436314 0.080014 1.25253
638.821 77.6393 0.109266 0.0925451 1.2863
916.154 618.108 0.607579 -0.191883 0.97775
722.827 135.513 0.103155 0.0078434 1.0263
795.858 208.538 0.154878 -0.0370298 1.04149
514.138 553.747 0.42476 0.195617 0.965379
950.525 296.687 0.197684 -0.128614 1.00087
957.653 631.671 0.457488 -0.165608 0.918191
516.42 635.446 0.800778 0.344997 1.0046
551.065 383.415 0.330111 0.173053 1.07268
947.471 623.894 0.476842 -0.167806 0.930606
614.316 146.572 0.104168 0.0672348 1.01758
614.442 146.565 0.104482 0.0673624 1.01854
774.78 303.73 0.19525 -0.0208552 0.994989
835.777 414.855 0.261313 -0.0587928 0.965668
677.641 346.631 0.428181 0.0797741 1.2379
538.246 202.007 -0.209533 -0.00118948 0.422417
551.291 70.705 -0.21594 -0.000862052 0.412337
540.961 510.036 -0.226338 -0.000701783 0.402992
957.683 298.186 0.190207 -0.126536 0.98813
567.334 146.791 0.100506 0.0904883 1.00894
536.981 452.977 -0.20494 -0.00140269 0.433417
838.37 206.579 0.152402 -0.0625934 1.03671
739.58 151.516 0.233649 -0.0260055 1.58973
614.89 35.4229 0.0594299 0.0709961 1.08476
839.658 231.68 0.150407 -0.0561742 0.998943
571.769 237.831 0.166829 0.107188 1.03481
528.081 451.914 -0.203605 -0.00152852 0.435287
597.868 415.115 0.283492 0.102107 0.990512
539.045 473.477 0.342244 0.1583 0.98559
590.807 367.08 0.229005 0.094742 0.979802
949.859 507.405 0.0785451 -0.0370654 0.753993
958.508 574.494 0.410745 -0.1626 0.939399
946.095 469.189 0.307739 -0.135606 0.958313
781.452 379.566 0.13827 -0.0116911 0.863756
904.484 212.295 0.152742 -0.10017 1.02606
556.245 579.627 0.867121 0.342142 1.0892
813.657 345.077 0.250562 -0.0528366 1.02241
674.417 2.52985 0.0503517 0.0437736 1.21068
604.482 381.784 0.118905 0.0481104 0.84262
673.876 139.454 0.102112 0.0345376 1.0194
704.007 388.837 0.089385 0.0135695 0.804499
902.143 458.249 -0.224474 0.00124009 0.405386
904.033 464.302 -0.224676 0.0012311 0.405148
632.938 259.338 -0.226495 -0.000216273 0.400795
632.748 268.279 -0.226643 -0.000217265 0.400662
499.217 313.693 -0.231833 -0.000446292 0.393896
760.034 14.2433 0.0521028 -0.0159239 1.08675
763.498 140.187 0.114653 -0.0166024 1.05186
902.345 218.919 0.163979 -0.105022 1.04056
882.616 210.375 0.142208 -0.0808627 1.00713
539.543 389.214 0.125309 0.0716869 0.846989
855.064 137.426 0.122718 -0.0779113 1.07686
560.287 233.253 0.150187 0.104281 1.00783
957.888 423.276 0.256421 -0.128816 0.952252
958.948 463.387 0.329051 -0.157643 0.978855
812.294 308.319 0.22861 -0.0523435 1.03665
647.446 432.21 0.241786 0.0556062 0.936832
587.352 492.711 0.286332 0.0969074 0.929266
582.43 498.878 0.27244 0.0943309 0.915102
942.157 556.606 0.443547 -0.170339 0.968926
591.136 495.892 0.28351 0.0931873 0.924959
955.766 569.03 0.407819 -0.160862 0.942051
580.807 557.48 0.522146 0.171649 1.00598
749.387 35.2877 0.0754575 -0.0166187 1.21976
910.907 611.962 0.629454 -0.196681 0.989877
951.329 457.536 0.337411 -0.158867 0.990411
753.234 261.814 0.227316 -0.0144649 1.10434
712.402 304.906 0.384919 0.0288181 1.27726
671.373 9.36934 0.052207 0.0412456 1.14847
888.277 235.61 0.165601 -0.0913226 1.02149
951.573 236.279 0.172574 -0.134565 1.03133
763.916 17.4559 0.04868 -0.0153204 1.04492
609.193 36.9108 0.0544907 0.0669086 1.04425
667.482 30.0084 0.05231 0.0354752 1.04334
708.851 238.009 0.159799 0.0179216 1.01458
480.901 92.769 0.0823024 0.14893 1.05627
542.32 138.963 0.102792 0.110419 1.03138
