761.687 237.231 0.161124 -0.0150412 1.01933
636.168 240.744 0.160516 0.0596178 1.01896
885.742 193.25 0.136499 -0.0843076 1.01976
871.857 115.968 0.0976145 -0.0744798 1.03281
760.788 14.5272 0.0486565 -0.014916 1.04689
534.365 135.794 0.100652 0.110169 1.03121
602.197 26.7158 0.0503046 0.0664226 1.04209
663.807 22.439 0.0504813 0.0352633 1.04833
534.448 135.362 0.100275 0.109901 1.03072
805.727 201.055 0.140399 -0.0400486 1.0218
876.057 191.878 0.147896 -0.0876876 1.04912
762.559 3.37448 0.0436146 -0.0157269 1.04641
663.39 14.1921 0.0463469 0.0348931 1.04559
870.643 117.336 0.114692 -0.090148 1.09201
958.781 199.209 0.143062 -0.127482 1.02301
831.714 235.683 0.162474 -0.0567003 1.02098
603.194 21.2798 0.0481332 0.0659101 1.04412
831.254 236.166 0.163326 -0.0566925 1.02203
512.586 178.172 0.05878 0.0698903 0.872367
582.707 242.8 0.165674 0.0947782 1.02868
562.971 209.76 0.137262 0.0977508 1.0144
581.806 243.579 0.157454 0.0901801 1.0117
888.134 236.362 0.159791 -0.0873241 1.01266
890.189 233.385 0.157884 -0.0881793 1.01257
889.577 236.655 0.160531 -0.0885221 1.01365
799.266 198.959 0.136858 -0.0355675 1.01693
837.03 237.882 0.160104 -0.0582194 1.01345
835.662 234.364 0.157194 -0.0569363 1.01224
843.664 238.688 0.15463 -0.0592551 1.00183
762.054 237.083 0.160429 -0.0151657 1.01816
761.55 240.613 0.15983 -0.0144794 1.01261
860.889 192.977 0.135711 -0.0702962 1.01952
523.413 172.976 0.118984 0.118902 1.02473
492.021 141.695 0.0767646 0.102062 0.951348
632.269 241.899 0.156436 0.0602158 1.00975
682.053 510.544 0.0930554 0.0171263 0.77279
710.511 240.194 0.147121 0.014455 0.990893
905.527 211.419 0.150123 -0.0989484 1.02438
928.739 503.299 0.433859 -0.173935 1.01796
708.934 240.968 0.158281 0.0160295 1.01134
544.435 400.441 0.330999 0.169673 1.05852
950.139 349.527 0.226419 -0.129324 0.989937
906.54 298.243 0.177971 -0.0904695 0.975778
944.48 298.72 0.206652 -0.130843 1.01611
650.139 308.64 0.1879 0.0509819 0.987362
593.586 610.75 0.373758 0.100913 0.907087
814.567 198.317 0.134936 -0.043355 1.0127
945.05 483.185 0.0907644 -0.041454 0.777026
838.066 291.909 0.185573 -0.057995 0.995458
560.149 489.525 0.0880806 0.0440072 0.775181
940.669 201.761 0.142552 -0.115895 1.01928
620.031 361.308 0.125092 0.0441055 0.865317
576.233 240.668 0.155216 0.0929232 1.01122
596.707 382.704 0.120472 0.0493421 0.849038
579.785 296.552 0.184307 0.0932433 0.996759
891.817 237.34 0.155374 -0.0861975 1.00297
957.57 360.726 0.235831 -0.13613 0.990184
824.169 301.303 0.198263 -0.0526011 1.00484
774.594 353.954 0.217209 -0.0207275 0.979077
578.586 299.096 0.185974 0.0942435 0.996618
868.409 117.385 0.0989482 -0.0733018 1.03506
764.148 365.05 0.226443 -0.014787 0.979999
648.831 306.31 0.206408 0.057004 1.01692
705.343 237.923 0.159551 0.0182866 1.01776
708.305 294.091 0.185151 0.0173914 0.996585
792.691 217.202 0.146639 -0.0320738 1.01445
891.227 476.887 0.129478 -0.0400467 0.81466
775.067 441.368 0.162104 -0.0101153 0.861252
699.464 493.772 0.0845867 0.0128258 0.769845
746.479 130.803 0.102862 -0.00677877 1.03263
633.533 295.041 0.184787 0.0615108 0.997397
896.138 301.639 0.201215 -0.0969839 1.00653
693.882 363 0.143451 0.0198946 0.885478
578.647 297.968 0.185154 0.0940412 0.996573
838.44 122.178 0.127961 -0.0795317 1.13521
866.979 111.959 0.0938774 -0.0702263 1.02746
695.296 305.49 0.189909 0.0251618 0.992162
632.114 238.605 0.153581 0.0597468 1.00828
582.955 368.181 0.229079 0.0971308 0.984406
805.343 499.502 0.449763 -0.0649765 1.03284
692.38 363.082 0.142647 0.0204036 0.884486
537.418 135.12 0.101296 0.109481 1.03438
845.544 192.217 0.125054 -0.0563241 0.996667
585.861 289.265 0.180489 0.0892918 0.998506
772.999 303.119 0.192141 -0.02052 0.995537
887.566 414.353 0.267947 -0.0943906 0.976793
921.378 196.404 0.137518 -0.103195 1.01611
889.78 413.438 0.256351 -0.0911567 0.966641
860.625 361.732 0.144678 -0.044488 0.885095
561.255 211.501 0.137125 0.0980893 1.01182
693.219 307.984 0.208503 0.0284504 1.01661
557.729 209.626 0.134468 0.0987355 1.00852
670.149 40.0324 0.0680848 0.0382373 1.11447
934.615 464.63 0.323921 -0.137727 0.980057
625.844 285.647 0.173317 0.0634307 0.989688
634.46 295.888 0.182985 0.0602597 0.993699
832.331 479.912 0.322495 -0.062992 0.967962
946.388 343.388 0.222423 -0.126564 0.991052
561.587 500.799 0.0857812 0.0425622 0.769804
674.507 315.184 0.378702 0.0768819 1.25062
744.998 308.894 0.406753 -0.0217636 1.30186
872.458 117.532 0.0986716 -0.0751102 1.03356
948.817 197.353 0.138024 -0.117904 1.01471
696.438 440.807 0.238288 0.0254053 0.932427
584.686 366.985 0.231155 0.0971761 0.987888
783.379 455.538 0.15009 -0.0114536 0.843178
890.456 375.177 0.124135 -0.0468404 0.853272
762.12 364.633 0.227624 -0.0137084 0.981783
583.569 293.982 0.186574 0.0927073 1.00295
810.588 122.311 0.0984349 -0.0409912 1.02855
958.452 233.876 0.165502 -0.132737 1.0238
905.458 207.103 0.145766 -0.0971386 1.02079
654.536 155.13 0.123051 0.0485733 1.05868
685.668 147.16 0.116545 0.0285491 1.05113
574 239.352 0.15277 0.0930792 1.00815
957.121 360.243 0.23975 -0.138652 0.995122
637.803 302.515 0.175939 0.0553483 0.976244
703.186 379.449 0.118247 0.0145131 0.846719
578.998 151.206 0.112079 0.0887476 1.03733
934.101 415.874 0.297183 -0.139046 1.00138
701.697 383.21 0.121357 0.0151636 0.848492
709.466 291.788 0.191929 0.0171546 1.00949
869.848 535.77 0.191754 -0.0444173 0.840875
507.084 639.102 0.748883 0.328259 0.999605
878.497 294.441 0.213038 -0.0948126 1.03277
789.431 217.497 0.149181 -0.0309057 1.01956
700.271 303.704 0.194176 0.022682 1.00014
891.378 378.905 0.122364 -0.0461594 0.849389
676.83 345.35 0.436685 0.0804372 1.25664
635.36 76.3767 0.109637 0.0929682 1.29041
916.03 621.3 0.60795 -0.19146 0.981864
719.166 134.35 0.103526 0.00826654 1.03041
793.41 208.246 0.155249 -0.0366067 1.0456
509.312 557.867 0.425131 0.196041 0.969493
949.849 297.221 0.198054 -0.128191 1.00498
957.788 635.589 0.457859 -0.165185 0.922306
512.887 639.74 0.801149 0.34542 1.00872
546.75 385.291 0.330481 0.173477 1.0768
947.516 627.625 0.477212 -0.167383 0.93472
609.338 145.6 0.104853 0.0677856 1.02266
772.172 304.584 0.195621 -0.0204321 0.999104
834.115 416.923 0.261684 -0.0583697 0.969783
675.369 347.666 0.428552 0.0801973 1.24202
551.14 206.564 -0.209162 -0.000766335 0.426532
957.067 298.745 0.190578 -0.126113 0.992245
561.472 145.84 0.100876 0.0909115 1.01306
836.364 206.223 0.152773 -0.0621702 1.04083
837.584 231.599 0.150777 -0.055751 1.00306
566.657 238.102 0.1672 0.107611 1.03893
593.547 417.514 0.283863 0.10253 0.994627
959.547 197.363 0.140776 -0.126433 1.02036
534.246 476.633 0.342615 0.158723 0.989705
586.017 368.989 0.229376 0.0951652 0.983917
948.536 513.115 0.0789159 -0.0366423 0.758108
958.527 577.83 0.411115 -0.162177 0.943514
945.745 471.597 0.30811 -0.135183 0.962428
778.063 381.877 0.138641 -0.0112679 0.867871
903.166 211.936 0.153113 -0.0997473 1.03017
811.783 346.267 0.250932 -0.0524135 1.02652
597.72 384.565 0.119276 0.0485335 0.846735
669.547 138.357 0.102483 0.0349607 1.02351
698.209 391.905 0.0897559 0.0139926 0.808614
660.881 286.745 -0.226124 0.000206869 0.404909
660.881 298.852 -0.226272 0.000205877 0.404777
756.763 11.7212 0.0524736 -0.0155008 1.09087
760.504 139.118 0.115024 -0.0161792 1.05597
901.057 218.646 0.16435 -0.104599 1.04467
881.001 209.999 0.142578 -0.0804396 1.01124
531.757 392.191 0.12568 0.07211 0.851103
853.166 136.327 0.123089 -0.0774881 1.08098
554.719 233.48 0.150558 0.104704 1.01195
957.528 425.274 0.256792 -0.128393 0.956367
958.737 465.581 0.329422 -0.15722 0.98297
810.341 309.107 0.228981 -0.0519204 1.04077
582.592 496.348 0.286703 0.0973305 0.933381
577.426 502.715 0.272811 0.094754 0.919217
942.03 559.571 0.443918 -0.169916 0.973041
586.386 499.591 0.283881 0.0936105 0.929074
955.75 572.311 0.40819 -0.160439 0.946166
577.318 561.132 0.522517 0.172072 1.0101
746.604 33.4731 0.0758283 -0.0161956 1.22388
910.753 615.018 0.629825 -0.196257 0.993991
951.048 459.629 0.337782 -0.158444 0.994526
750.809 262.141 0.227687 -0.0140418 1.10846
710.379 305.542 0.385289 0.0292413 1.28137
667.395 7.03232 0.0525778 0.0416688 1.15258
886.84 235.531 0.165972 -0.0908994 1.0256
950.801 236.144 0.172945 -0.134142 1.03545
760.479 14.7753 0.0490508 -0.0148972 1.04903
603.804 34.5183 0.0548615 0.0673317 1.04836
662.842 27.5056 0.0526808 0.0358983 1.04745
705.323 238.143 0.16017 0.0183448 1.01869
536.313 137.967 0.103163 0.110842 1.03549
