738.017 209.795 0.24198 -0.479112 4.86191
721.018 203.768 -0.0978213 -0.138962 5.56524
733.489 116.046 -0.119572 -0.187567 3.51215
569.795 16.9056 0.0340685 0.456912 2.13223
481.806 139.635 0.208607 0.0799999 0.765808
922.397 40.5839 0.204799 -0.0545432 0.832859
837.398 135.598 0.219582 -0.0193327 0.787028
605.885 206.087 0.24966 0.0557947 0.807706
869.265 204.178 0.257109 -0.0385594 0.817063
830.877 152.383 0.219201 -0.0153728 0.773623
779.052 201.332 0.249369 -0.00435538 0.805831
944.864 203.179 0.257652 -0.0660654 0.816735
699.768 194.084 0.237586 0.022563 0.788519
602.563 201.821 0.243679 0.055141 0.798421
502.765 277.001 0.246093 0.0795174 0.756615
903.703 262.458 0.245634 -0.0350432 0.756015
511.098 194.605 0.227655 0.0768074 0.771686
512.56 266.752 0.244854 0.0771787 0.760064
537.191 213.394 0.256716 0.0832994 0.818685
514.696 384.539 0.282387 0.0819595 0.752353
485.346 423.837 0.385629 0.14173 0.843226
505.243 262.231 0.237433 0.075783 0.750013
712.284 206.404 0.240422 0.0187535 0.785298
786.602 269.372 0.249892 -0.00243009 0.761503
795.03 287.901 0.268602 -0.00767095 0.780426
893.696 192.948 0.236783 -0.0370575 0.782563
522.446 150.69 0.225723 0.0788635 0.800131
897.066 378.503 0.281417 -0.0353724 0.747891
711.27 253.26 0.241539 0.0195235 0.757983
706.461 190.72 0.225921 0.0202596 0.765835
491.571 151.848 0.219694 0.0838605 0.784665
691.41 370.339 0.268076 0.026286 0.738636
591.005 199.551 0.233687 0.0552981 0.779169
858.837 122.424 0.209068 -0.0217164 0.769264
700.019 263.535 0.234892 0.0225141 0.741407
509.579 473.481 0.296561 0.0812128 0.728789
522.514 463.818 0.310189 0.0832982 0.745706
509.509 273.037 0.245105 0.077478 0.757027
590.537 272.564 0.246388 0.0544714 0.757828
784.113 266.839 0.247384 -0.00137894 0.758835
526.385 205.972 0.23579 0.0755663 0.780768
599.147 463.302 0.301707 0.0562505 0.736674
526.613 384.96 0.288864 0.080899 0.759735
607.976 371.098 0.271721 0.0509002 0.744126
786.804 184.776 0.219881 -0.00107687 0.754963
603.991 572.546 0.334419 0.056948 0.721357
896.894 452.228 0.309591 -0.0378946 0.74481
672.396 316.607 0.486594 0.0663874 1.08325
499.557 68.8773 0.199324 0.0803579 0.797679
892.18 188.362 0.23318 -0.0352364 0.778214
707.53 316.052 0.46403 0.0274559 1.0491
837.184 544.567 0.193155 0.00581177 0.609788
706.469 382.942 0.279659 0.0223497 0.746749
944.722 263.51 0.269149 -0.060949 0.793462
689.938 363.676 0.272833 0.0270075 0.747682
919.011 395.504 0.148379 0.00376757 0.581421
683.49 597.805 0.175478 0.0230827 0.586648
677.817 55.7928 0.199607 0.0276636 0.805376
870.531 223.454 0.274671 -0.0450383 0.836125
901.98 132.577 0.216933 -0.0368469 0.780725
955.302 0.0152206 0.182085 -0.0479866 0.78453
934.236 117.9 0.212461 -0.0452182 0.779497
516.103 198.894 0.237351 0.080835 0.789428
701.251 193.954 0.236801 0.0220691 0.786894
505.146 274.267 0.245911 0.0790454 0.757776
780.472 194.723 0.23922 -0.00300239 0.789375
919.634 136.283 0.225991 -0.0481072 0.800453
893.401 379.247 0.293353 -0.038734 0.761675
592.808 12.0724 0.17538 0.0455003 0.75884
578.38 254.989 0.236803 0.0558737 0.751428
946.278 159.977 0.231277 -0.0553596 0.793298
767.525 335.711 0.79179 -0.108257 1.431
619.687 244.633 -0.0705928 0.0219843 0.281834
862.885 360.131 0.305094 -0.0348073 0.786706
695.652 451.476 0.374935 0.0303768 0.809908
951.051 515.339 0.375704 -0.0749902 0.77128
748.98 81.1591 0.271384 -0.0155293 1.11373
502.263 137.292 0.211326 0.0767391 0.774021
805.916 293.647 0.268349 -0.0107433 0.776357
489.716 152.709 0.220108 0.0845999 0.78509
610.087 289.995 0.260606 0.0516773 0.77053
687.1 358.486 0.264612 0.0273455 0.739681
780.01 45.9713 0.198844 -0.00378039 0.809095
515.74 384.026 0.282211 0.0816047 0.75237
495.972 192.805 0.240174 0.0905659 0.800885
514.84 244.792 0.175136 0.0466083 0.650328
495.395 191.672 0.23749 0.088967 0.795787
506.478 61.5665 0.196072 0.0767167 0.793185
510.816 196.278 0.232719 0.079904 0.781455
514.541 62.0531 0.19764 0.0756764 0.798098
865.294 288.083 0.276735 -0.0338377 0.791405
854.296 294.63 0.295929 -0.0366558 0.816722
873.878 213.495 0.265084 -0.042943 0.825481
691.527 287.072 0.256865 0.0259016 0.764662
882.739 356.146 0.268852 -0.0287657 0.74308
801.226 352.456 0.297768 -0.0113156 0.783178
632.259 637.097 -0.0395887 0.0200484 0.329511
882.267 272.339 0.26431 -0.0361873 0.781269
514.181 198.357 0.234747 0.0798497 0.784257
507.06 169.783 0.237171 0.0890214 0.812887
553.062 47.5644 0.189452 0.0603062 0.781036
788.537 456.566 0.308525 -0.00286016 0.743452
801.099 459.337 0.349232 -0.0132456 0.780022
610.467 378.947 0.303525 0.0574247 0.778992
619.287 363.039 0.288374 0.0516023 0.768841
652.375 62.2753 0.20257 0.0359143 0.810289
480.178 421.852 0.376302 0.139349 0.835331
501.244 478.515 0.281027 0.0771226 0.712109
875.26 284.442 0.264651 -0.0325588 0.77464
504.8 584.769 0.394789 0.110142 0.758516
871.002 365.107 0.295203 -0.033609 0.771616
519.049 390.941 0.276666 0.0775349 0.74244
877.347 371.025 0.305909 -0.0390081 0.781199
507.364 587.236 0.318052 0.0810143 0.705544
891.076 269.518 0.265438 -0.0399729 0.784678
819.205 180.74 0.246438 -0.0193851 0.815151
516.088 580.327 0.325812 0.0815336 0.713378
715.548 343.302 0.674347 0.0232409 1.26733
582.364 479.05 -0.0260977 0.0190072 0.347357
867.454 153.909 0.242341 -0.0386881 0.828109
632.681 30.7912 0.234027 0.0918974 1.21515
865.301 5.46438 0.18066 -0.0224206 0.776472
689.689 284.703 0.251543 0.0261372 0.757603
789.045 180.076 0.204225 0.00159042 0.724824
784.501 361.112 0.32527 -0.00938447 0.812648
619.676 359.366 0.272636 0.0481421 0.750658
635.574 300.874 0.289547 0.0493549 0.808
507.05 149.775 0.00184387 0.0173766 0.379271
687.499 503.61 0.277597 0.0274752 0.698309
794.715 294.412 0.28068 -0.00970066 0.794997
491.911 617.982 0.298942 0.0767322 0.682757
602.933 58.8232 0.198485 0.0499188 0.801036
733.058 114.004 -0.121639 -0.181018 3.48898
