764.92 225.479 0.157153 -0.0147875 1.02092
637.152 229.583 0.156534 0.0598525 1.02059
891.181 179.609 0.132856 -0.0841509 1.02228
876.935 100.509 0.093961 -0.0742204 1.03526
533.338 122.535 0.0968956 0.110308 1.0333
601.932 10.0428 0.0466331 0.0665637 1.04448
664.553 5.32949 0.0467179 0.0354644 1.05038
533.602 122.059 0.0966743 0.110132 1.03338
809.709 188.101 0.136616 -0.0398199 1.02389
882.447 179.152 0.142819 -0.0870893 1.04748
876.583 102.65 0.109909 -0.089585 1.09064
836.152 223.492 0.158617 -0.056447 1.02294
602.615 4.40666 0.0443589 0.0660966 1.04596
835.66 223.954 0.159549 -0.0564796 1.02422
509.647 163.348 0.0540606 0.0697567 0.871387
584.107 231.882 0.162297 0.0946057 1.03175
563.491 197.841 0.133977 0.0979898 1.01783
582.744 232.57 0.153775 0.0900929 1.01392
893.859 223.684 0.155997 -0.0872293 1.01486
895.681 220.798 0.154097 -0.087877 1.01457
895.26 224.216 0.156607 -0.0882365 1.01533
803.144 185.838 0.133145 -0.0353598 1.01925
841.638 225.661 0.156259 -0.0579606 1.01534
840.305 221.943 0.153449 -0.0567696 1.01444
848.195 226.312 0.150781 -0.0588156 1.00364
765.173 225.145 0.15664 -0.0148816 1.02031
764.585 228.845 0.155829 -0.0140825 1.01413
865.065 179.327 0.132722 -0.0701597 1.0238
522.368 160.621 0.115223 0.119119 1.0269
490.823 126.836 0.0732981 0.102378 0.954425
633.048 230.598 0.152409 0.0605341 1.01132
687.139 495.112 0.0902336 0.0173999 0.776899
712.363 228.781 0.142628 0.0149839 0.990852
911.373 198.382 0.146302 -0.0986794 1.02632
948.158 507.848 0.39912 -0.16617 0.990465
710.873 229.424 0.154415 0.0164931 1.01312
536.846 396.515 0.308651 0.164901 1.039
957.043 339.064 0.221926 -0.12888 0.991046
912.098 286.383 0.174517 -0.0901843 0.978413
949.289 287.115 0.203731 -0.130566 1.01998
651.42 298.295 0.183407 0.051295 0.988465
597.764 600.056 0.375926 0.102255 0.914064
819.242 185.257 0.130694 -0.0431367 1.01345
954.508 465.232 0.088127 -0.0416484 0.781707
842.815 280.686 0.181455 -0.057664 0.996944
563.069 473.387 0.0853744 0.0445351 0.779685
947.173 188.221 0.138827 -0.11564 1.02142
622.251 348.369 0.12127 0.0443335 0.867956
576.336 229.522 0.151321 0.093156 1.01314
598.945 370.295 0.117361 0.0496752 0.852255
580.496 286.463 0.18055 0.0934313 0.998878
897.023 224.636 0.15192 -0.0859149 1.00567
828.616 290.628 0.194325 -0.0523527 1.00651
778.555 344.167 0.21263 -0.0205009 0.980004
580.551 289.685 0.185395 0.0951996 1.00295
873.743 101.895 0.0952 -0.0731871 1.03739
767.869 355.361 0.222157 -0.0145936 0.981475
650.414 296.655 0.202796 0.0572705 1.01909
707.68 226.342 0.155715 0.0184661 1.0197
710.865 283.379 0.181253 0.0176028 0.998519
796.419 204.732 0.142905 -0.0318052 1.01647
899.058 464.184 0.125641 -0.039766 0.817119
779.514 429.473 0.158353 -0.00971634 0.863965
705.217 478.824 0.0819148 0.0130123 0.773816
749.214 116.358 0.0991063 -0.00654763 1.03479
634.915 284.58 0.180966 0.0617529 0.999556
901.21 290.557 0.197694 -0.0966393 1.00899
697.262 352.137 0.139845 0.0200794 0.887385
578.971 288.018 0.18112 0.0942854 0.998161
843.085 108.458 0.12333 -0.0790645 1.13433
872.161 96.3291 0.0902192 -0.0700255 1.02982
697.662 294.956 0.185625 0.0253541 0.993579
633.335 227.405 0.150199 0.0600187 1.01085
583.795 359.581 0.224429 0.0970931 0.985221
809.678 494.808 0.44029 -0.0640579 1.02905
695.713 350.629 0.139533 0.0206668 0.887934
535.752 121.759 0.097411 0.109925 1.03632
850.269 178.443 0.121596 -0.0561246 0.999391
586.498 279.768 0.176838 0.0894398 0.999989
777.232 292.052 0.188875 -0.02078 0.99868
893.338 405.465 0.26308 -0.0939212 0.977484
610.237 623.153 0.457524 0.111238 0.93107
927.091 182.644 0.134108 -0.103021 1.01915
911.852 410.404 0.223037 -0.0860554 0.935238
866.654 349.586 0.141331 -0.0442692 0.887677
562.045 200.556 0.13495 0.0986911 1.01645
695.371 298.116 0.203902 0.0286363 1.01739
557.719 198.042 0.130965 0.0989441 1.01089
670.784 24.4869 0.0641579 0.0383997 1.11582
626.914 274.851 0.169017 0.0636043 0.991078
635.31 285.768 0.178444 0.0605436 0.994337
849.695 487.501 0.279893 -0.0588292 0.930218
953.337 332.845 0.217873 -0.126127 0.992051
566.54 493.312 0.0814596 0.0418887 0.770343
675.29 309.211 0.369899 0.0763577 1.24329
747.044 302.492 0.399611 -0.021284 1.2976
877.972 102.112 0.0948441 -0.0749121 1.03539
956.089 183.323 0.133919 -0.117653 1.01628
703.673 411.3 0.316514 0.0298757 1.02596
585.526 358.308 0.226699 0.0972537 0.989027
788.802 443.751 0.146155 -0.0112197 0.845519
896.995 360.453 0.121291 -0.0468052 0.857387
765.748 355.108 0.223134 -0.0134589 0.9829
583.544 284.032 0.181866 0.0928405 1.00348
815.558 107.18 0.0945228 -0.0411578 1.03016
911.409 193.577 0.142146 -0.0971817 1.02359
655.849 142.973 0.120063 0.048791 1.06199
687.691 134.963 0.114132 0.0286858 1.0555
577.782 230.825 0.155855 0.0947874 1.02052
639.462 291.834 0.172453 0.0556274 0.978861
707.421 366.33 0.115507 0.0146914 0.850444
578.801 139.046 0.1091 0.0892943 1.04055
940.455 407.386 0.292219 -0.138473 1.00182
706.135 369.957 0.118203 0.0152415 0.851859
711.634 281.41 0.188159 0.0175732 1.01147
488.672 610.969 0.48019 0.226869 0.949038
876.7 526.136 0.18734 -0.0440234 0.842474
891.361 281.15 0.194249 -0.0916646 1.01442
791.665 207.924 0.151431 -0.0311594 1.03083
702.754 293.648 0.190218 0.0228491 1.00163
897.918 365.517 0.119132 -0.0458179 0.852361
677.714 340.145 0.427471 0.0799961 1.24956
634.922 64.3989 0.105698 0.0929444 1.29029
914.08 606.694 0.624922 -0.195605 0.996781
721.363 119.218 0.0988002 0.00849114 1.03088
796.939 195.973 0.151717 -0.0364284 1.04828
511.424 551.516 0.422427 0.196634 0.971926
955.989 285.995 0.19483 -0.128103 1.00766
516.308 633.591 0.799817 0.346483 1.01068
534.438 381.641 0.297771 0.165737 1.04487
948.259 614.008 0.485304 -0.170446 0.945365
609.838 132.244 0.101421 0.0680406 1.02551
775.708 293.915 0.192046 -0.0202331 1.0015
838.713 407.961 0.257217 -0.0579249 0.971033
676.398 342.074 0.421022 0.0799998 1.23776
532.052 230.719 -0.213888 -0.000638122 0.430354
897.008 423.842 -0.239554 -9.66819e-05 0.39687
563.05 135.029 0.100237 0.091842 1.02052
839.558 195.37 0.152072 -0.0623944 1.04747
844.93 216.407 0.141272 -0.0547975 0.99659
566.163 227.486 0.162774 0.1077 1.03971
595.383 409.703 0.281927 0.103213 0.99833
524.994 477.783 0.317445 0.153726 0.969503
586.137 360.348 0.223751 0.0951999 0.983655
797.645 625.535 0.763091 -0.0778015 1.01235
774.85 365.59 0.164541 -0.0112831 0.906811
911.034 197.53 0.14745 -0.0997638 1.03001
819.766 337.041 0.236153 -0.0517363 1.01459
600.079 372.29 0.116181 0.0488319 0.849882
668.643 124.429 0.0988526 0.036413 1.02607
703.983 374.981 0.087391 0.0139616 0.813767
662.931 326.357 -0.231343 0.000374907 0.408297
663.191 345.562 -0.231492 0.000373884 0.408164
763.341 125.46 0.11138 -0.0159286 1.05818
911.125 203.438 0.154919 -0.103544 1.03815
887.714 195.937 0.137108 -0.0799469 1.0106
603.271 359.555 0.25837 0.0983249 1.02406
857.188 123.518 0.120613 -0.0775669 1.08521
556.932 223.585 0.150356 0.10574 1.01972
834.404 292.439 0.167307 -0.0461016 0.964533
581.971 491.638 0.277216 0.096723 0.929299
577.924 496.492 0.265963 0.0945353 0.91805
947.341 552.566 0.439847 -0.16964 0.97443
577.214 504.269 0.253883 0.0898345 0.904563
592.076 533.858 0.572912 0.184216 1.05744
748.416 19.7211 0.0726386 -0.0159938 1.22611
935.578 639.104 0.562678 -0.182195 0.950787
959.621 453.192 0.329542 -0.157072 0.991318
753.475 250.309 0.215557 -0.0130427 1.09834
712.598 298.822 0.380559 0.0284943 1.28131
511.463 250.012 -0.227665 -0.000168367 0.41275
752.164 135.843 -0.19152 0.00212169 0.457629
481.758 271.248 -0.219498 -0.000813788 0.423553
668.198 25.6243 0.0679956 0.0429091 1.14758
774.89 118.61 0.103383 -0.0211711 1.04314
672.419 60.6671 0.0873817 0.0408447 1.13414
541.154 129.648 0.106034 0.112843 1.05086
687.956 127.502 0.188361 0.0574206 1.44617
562.924 187.999 -0.2171 -0.000279199 0.425684
900.308 198.401 0.157778 -0.10163 1.05232
506.358 450.135 -0.20265 -0.00130936 0.449391
774.813 115.274 0.0998243 -0.0205275 1.03714
498.347 564.926 0.397065 0.190332 0.949134
565.495 226.284 0.160811 0.107129 1.03736
586.803 236.515 0.172694 0.0979126 1.04603
535.639 394.069 0.304385 0.164211 1.03755
605.103 636.398 0.438539 0.108748 0.915311
551.153 524.931 0.312369 0.123377 0.930535
906.347 290.138 0.18858 -0.0943391 0.995785
582.688 492.775 0.273358 0.0948317 0.925745
643.952 95.612 0.140273 0.099393 1.35674
945.085 503.296 0.405744 -0.168644 0.998395
583.58 489.449 0.394547 0.138627 1.01039
697.333 122.746 0.0995241 0.0213377 1.029
644.07 413.263 0.259648 0.063092 0.973083
682.282 582.476 0.036158 0.013463 0.711433
853.372 206.845 0.141949 -0.061739 1.009
729.667 117.067 0.0964007 0.00408951 1.02595
892.385 223.14 0.162088 -0.0907084 1.02755
957.794 223.664 0.16881 -0.133898 1.03688
603.191 18.196 0.051108 0.0675888 1.0503
663.67 10.6629 0.0490324 0.0361051 1.04997
707.661 226.586 0.156275 0.0185165 1.02051
535.264 124.839 0.0993743 0.110983 1.03749
