760.889 223.567 0.157241 -0.0141957 1.02601
630.988 227.963 0.156622 0.0604443 1.02568
888.918 176.688 0.132944 -0.0835592 1.02737
874.218 96.2259 0.0940489 -0.0736286 1.04035
524.678 119.035 0.0969835 0.1109 1.03839
594.018 4.19994 0.046721 0.0671554 1.04958
524.946 118.549 0.0967623 0.110723 1.03847
806.233 185.46 0.136704 -0.0392281 1.02899
880.17 176.364 0.142907 -0.0864976 1.05257
874.117 98.7885 0.109997 -0.0889932 1.09573
833.241 221.432 0.158705 -0.0558553 1.02804
832.752 221.908 0.159637 -0.0558879 1.02931
496.887 159.456 0.0541486 0.0703485 0.87648
577.163 230.432 0.162385 0.0951975 1.03685
555.719 195.728 0.134065 0.0985815 1.02292
575.526 231.077 0.153863 0.0906847 1.01901
891.768 221.499 0.156085 -0.0866376 1.01995
893.604 218.559 0.154185 -0.0872853 1.01967
893.193 222.039 0.156695 -0.0876447 1.02042
799.516 183.142 0.133233 -0.034768 1.02434
838.771 223.601 0.156347 -0.0573688 1.02043
837.396 219.816 0.153537 -0.0561778 1.01953
845.355 224.205 0.150869 -0.0582238 1.00873
761.139 223.224 0.156728 -0.0142898 1.0254
760.505 226.969 0.155917 -0.0134907 1.01922
862.413 176.446 0.13281 -0.0695679 1.02889
513.673 157.872 0.115311 0.119711 1.03199
626.695 228.971 0.152497 0.0611259 1.01641
677.95 499.552 0.0903216 0.0179917 0.781992
707.149 226.903 0.142716 0.0155757 0.995945
909.494 195.781 0.14639 -0.0980876 1.03142
947.684 509.448 0.399208 -0.165578 0.995558
705.893 227.647 0.154503 0.0170849 1.01821
530.485 397.914 0.308739 0.165492 1.04409
956.153 338.562 0.222014 -0.128288 0.996139
910.341 285.122 0.174605 -0.0895925 0.983506
948.206 285.873 0.203819 -0.129974 1.02507
645.544 297.813 0.183495 0.0518868 0.993558
592.254 604.66 0.376014 0.102847 0.919157
815.827 182.496 0.130782 -0.0425449 1.01854
952.538 468.055 0.088215 -0.0410566 0.7868
840.089 279.513 0.181543 -0.0570722 1.00204
550.271 477.574 0.0854624 0.0451269 0.784778
945.759 185.365 0.138915 -0.115048 1.02652
613.699 348.841 0.121358 0.0449253 0.873049
568.966 227.98 0.151409 0.0937478 1.01824
589.533 371.337 0.117449 0.050267 0.857348
573.41 285.935 0.180638 0.0940231 1.00397
894.938 222.424 0.152008 -0.0853231 1.01076
825.788 289.668 0.194413 -0.0517609 1.0116
775.005 344.174 0.212718 -0.0199091 0.985097
573.553 289.223 0.185483 0.0957914 1.00804
870.993 97.6574 0.0952879 -0.0725954 1.04249
764.228 355.576 0.222245 -0.0140018 0.986568
644.912 296.192 0.202884 0.0578622 1.02418
702.7 224.538 0.155803 0.0190579 1.02479
706.047 282.525 0.181341 0.0181945 1.00361
792.752 202.377 0.142993 -0.0312135 1.02157
896.345 466.715 0.125729 -0.0391743 0.822212
774.888 431.263 0.158441 -0.00912457 0.869058
696.24 482.833 0.0820028 0.0136041 0.778909
744.48 112.508 0.0991943 -0.00595586 1.03988
628.807 283.906 0.181054 0.0623447 1.00465
899.45 289.449 0.197782 -0.0960476 1.01409
690.883 352.505 0.139933 0.0206712 0.892478
571.857 287.52 0.181208 0.0948772 1.00325
840.359 104.971 0.123418 -0.0784727 1.13942
869.324 91.9277 0.0903071 -0.0694337 1.03491
692.634 294.325 0.185713 0.0259459 0.998672
626.96 225.716 0.150287 0.0606105 1.01594
577.126 360.326 0.224517 0.0976849 0.990315
807.797 496.564 0.440378 -0.0634662 1.03414
689.303 350.969 0.139621 0.0212585 0.893027
527.18 118.26 0.097499 0.110517 1.04142
847.227 175.431 0.121684 -0.0555328 1.00448
579.488 279.107 0.176926 0.0900316 1.00508
773.553 291.211 0.188963 -0.0201882 1.00377
891.771 406.105 0.263168 -0.0933295 0.982577
605.57 627.708 0.457612 0.11183 0.936163
925.36 179.708 0.134196 -0.102429 1.02424
910.341 411.185 0.223125 -0.0854636 0.940331
863.683 349.488 0.141419 -0.0436775 0.89277
554.245 198.492 0.135038 0.0992829 1.02155
690.6 297.58 0.20399 0.029228 1.02248
549.731 195.911 0.131053 0.0995358 1.01598
664.964 19.4977 0.0642458 0.0389914 1.12091
620.472 273.998 0.169105 0.0641961 0.996171
629.144 285.105 0.178532 0.0611354 0.99943
847.558 489.619 0.279981 -0.0582375 0.935311
952.38 332.259 0.217961 -0.125535 0.997144
553.428 498.177 0.0815475 0.0424805 0.775436
671.975 309.052 0.369987 0.0769495 1.24838
744.686 302.129 0.399699 -0.0206922 1.30269
875.277 97.8595 0.0949321 -0.0743203 1.04048
954.774 180.341 0.134007 -0.117061 1.02137
699.862 412.451 0.316602 0.0304674 1.03105
578.939 359.024 0.226787 0.0978455 0.99412
784.086 445.919 0.146243 -0.0106279 0.850612
894.319 360.523 0.121379 -0.0462134 0.862481
762.087 355.323 0.223222 -0.0128671 0.987993
576.566 283.462 0.181954 0.0934323 1.00857
811.852 103.049 0.0946108 -0.040566 1.03525
909.502 190.88 0.142234 -0.09659 1.02868
649.942 139.901 0.120151 0.0493828 1.06709
682.213 131.668 0.11422 0.0292775 1.06059
570.557 229.331 0.155943 0.0953791 1.02561
633.185 291.243 0.172541 0.0562192 0.983954
700.469 367.011 0.115595 0.0152832 0.855537
571.231 135.871 0.109188 0.089886 1.04564
939.596 407.858 0.292307 -0.137881 1.00692
699.218 370.722 0.118291 0.0158333 0.856953
706.962 280.547 0.188247 0.0181649 1.01656
482.283 615.735 0.480278 0.227461 0.954131
874.235 529.638 0.187428 -0.0434316 0.847567
889.451 279.923 0.194337 -0.0910728 1.01951
788.051 205.697 0.151519 -0.0305676 1.03593
697.9 292.996 0.190306 0.0234408 1.00672
895.221 365.701 0.11922 -0.0452261 0.857454
674.647 340.332 0.427559 0.0805879 1.25465
629.942 61.0027 0.105786 0.0935361 1.29539
913.65 608.968 0.62501 -0.195013 1.00187
716.126 115.427 0.0988882 0.00908291 1.03597
793.476 193.602 0.151805 -0.0358367 1.05337
505.125 555.347 0.422515 0.197226 0.977019
954.963 284.698 0.194918 -0.127511 1.01275
512.012 637.726 0.799905 0.347075 1.01578
527.986 382.818 0.297859 0.166329 1.04997
948.034 616.821 0.485392 -0.169854 0.950458
602.598 128.805 0.101509 0.0686323 1.0306
836.343 408.807 0.257305 -0.0573332 0.976126
673.27 342.286 0.42111 0.0805915 1.24285
554.772 229.117 -0.2138 -4.63521e-05 0.435447
753.551 357.437 -0.239466 0.000495088 0.401964
554.862 131.67 0.100325 0.0924337 1.02561
836.724 192.922 0.15216 -0.0618026 1.05257
841.947 214.096 0.14136 -0.0542057 1.00168
558.973 226.012 0.162862 0.108292 1.04481
589.531 411.203 0.282015 0.103805 1.00342
518.071 480.61 0.317533 0.154318 0.974596
579.49 361.101 0.223839 0.0957916 0.988748
796.431 628.193 0.763179 -0.0772097 1.01744
770.467 366.02 0.164629 -0.0106913 0.911904
909.161 194.932 0.147538 -0.099172 1.0351
817.088 336.84 0.236241 -0.0511445 1.01968
590.629 373.379 0.116269 0.0494237 0.854975
662.446 120.769 0.0989405 0.0370047 1.03116
695.852 375.943 0.087479 0.0145534 0.818861
759.084 121.919 0.111468 -0.0153368 1.06327
909.304 200.978 0.155006 -0.102952 1.04325
885.403 193.253 0.137196 -0.0793551 1.0157
597.504 360.23 0.258458 0.0989167 1.02916
854.505 120.004 0.120701 -0.0769751 1.09031
549.255 221.986 0.150444 0.106332 1.02481
831.349 291.418 0.167395 -0.0455098 0.969626
575.392 494.708 0.277304 0.0973148 0.934392
571.068 499.726 0.266051 0.0951271 0.923144
946.969 554.666 0.439935 -0.169048 0.979523
570.099 507.731 0.253971 0.0904262 0.909656
588.09 536.663 0.573 0.184808 1.06253
959.108 454.19 0.32963 -0.15648 0.996411
749.991 249.046 0.215645 -0.0124509 1.10343
709.809 298.483 0.380647 0.0290861 1.2864
789.456 134.989 -0.191432 0.00271346 0.462722
492.993 274.98 -0.21941 -0.000222019 0.428646
662.6 20.8728 0.0680836 0.0435009 1.15268
770.668 114.834 0.10347 -0.0205793 1.04823
666.973 56.4715 0.0874697 0.0414364 1.13924
684.585 125.386 0.188449 0.0580124 1.45126
589.802 177.396 -0.217012 0.00031257 0.430777
898.371 195.933 0.157866 -0.101038 1.05741
532.002 465.032 -0.202562 -0.000717594 0.454484
770.524 111.392 0.0999123 -0.0199358 1.04223
491.511 569.15 0.397153 0.190924 0.954227
558.251 224.781 0.160899 0.107721 1.04245
529.216 395.438 0.304473 0.164803 1.04264
544.378 528.588 0.312457 0.123968 0.935628
904.6 288.988 0.188668 -0.0937473 1.00088
576.057 495.883 0.273446 0.0954235 0.930838
639.574 92.884 0.140361 0.0999848 1.36183
944.581 504.814 0.405832 -0.168052 1.00349
578.421 492.042 0.394635 0.139218 1.01548
691.674 119.039 0.0996121 0.0219295 1.03409
638.69 414.737 0.259736 0.0636838 0.978176
668.843 591.562 0.036246 0.0140548 0.716526
850.564 204.404 0.142037 -0.0611472 1.01409
724.515 113.191 0.0964887 0.00468128 1.03105
890.328 220.998 0.162176 -0.0901166 1.03264
956.669 221.456 0.168898 -0.133306 1.04198
595.428 12.5821 0.0511959 0.0681806 1.05539
656.998 4.85474 0.0491204 0.0366969 1.05507
702.69 224.79 0.156363 0.0191083 1.0256
526.723 121.41 0.0994623 0.111574 1.04258
