736.811 207.679 0.241432 -0.479114 4.86914
719.668 201.654 -0.0983695 -0.138964 5.57247
731.266 111.762 -0.12012 -0.187569 3.51938
562.914 9.54355 0.0335202 0.45691 2.13945
919.158 20.1257 0.204251 -0.0545454 0.840086
831.299 117.896 0.219034 -0.0193349 0.794255
593.044 193.837 0.249112 0.0557925 0.814933
865.452 190.453 0.25656 -0.0385616 0.82429
824.394 134.851 0.218653 -0.015375 0.78085
772.05 187.681 0.248821 -0.00435759 0.813058
943.407 188.91 0.257103 -0.0660676 0.823962
689.42 179.969 0.237038 0.0225607 0.795746
589.183 189.07 0.243131 0.0551388 0.805648
484.839 266.605 0.245545 0.0795152 0.763842
900.555 248.62 0.245086 -0.0350454 0.763242
492.875 181.023 0.227107 0.0768052 0.778913
495.035 255.968 0.244305 0.0771765 0.767291
522.48 202.274 0.256168 0.0832972 0.825912
499.022 378.496 0.281839 0.0819573 0.75958
486.717 250.863 0.236885 0.0757808 0.75724
702.442 192.618 0.239874 0.0187513 0.792525
779.462 256.871 0.249344 -0.00243229 0.76873
788.926 276.816 0.268054 -0.00767315 0.787653
890.052 177.269 0.236235 -0.0370597 0.78979
505.342 136.244 0.225174 0.0788613 0.807358
894.586 369.243 0.280869 -0.0353746 0.755118
701.027 240.417 0.24099 0.0195213 0.76521
695.494 175.403 0.225372 0.0202574 0.773062
681.263 361.969 0.267527 0.0262838 0.745863
576.341 186.001 0.233139 0.0552959 0.786396
852.996 103.061 0.20852 -0.0217186 0.776491
688.771 250.491 0.234343 0.0225119 0.748634
493.936 470.38 0.296013 0.0812106 0.736016
508.283 460.614 0.309641 0.083296 0.752933
491.798 262.432 0.244556 0.0774758 0.764254
576.001 261.408 0.245839 0.0544692 0.765055
776.77 254.134 0.246836 -0.00138115 0.766062
509.445 193.206 0.235242 0.0755641 0.787995
587.079 459.283 0.301159 0.0562483 0.743901
511.816 379.054 0.288316 0.0808968 0.766962
595.028 363.559 0.271173 0.050898 0.751353
778.463 168.109 0.219333 -0.00107908 0.76219
593.213 572.128 0.33387 0.0569458 0.728584
895.03 445.655 0.309043 -0.0378968 0.752037
667.829 312.216 0.486046 0.0663852 1.09048
480.042 50.581 0.198776 0.0803557 0.804906
888.367 172.299 0.232632 -0.0352386 0.785441
703.352 311.121 0.463481 0.0274537 1.05633
826.673 538.167 0.192607 0.00580957 0.617015
697.414 375.239 0.279111 0.0223475 0.753976
943.485 250.855 0.268601 -0.0609512 0.800689
680.049 355.342 0.272285 0.0270053 0.754909
907.628 374.302 0.147831 0.00376537 0.588648
659.753 594.847 0.17493 0.0230805 0.593875
665.376 36.1852 0.199059 0.0276614 0.812603
867.187 211.078 0.274123 -0.0450405 0.843352
898.068 114.024 0.216385 -0.0368491 0.787952
931.354 98.3963 0.211913 -0.0452204 0.786724
499.084 186.231 0.236802 0.0808328 0.796655
690.9 179.756 0.236253 0.0220669 0.794121
487.334 263.778 0.245363 0.0790432 0.765003
773.034 180.144 0.238672 -0.0030046 0.796603
916.67 118.711 0.225442 -0.0481094 0.80768
562.725 242.846 0.236255 0.0558715 0.758655
944.321 142.973 0.230729 -0.0553618 0.800525
766.048 332.666 0.791242 -0.108259 1.43823
572.961 273.29 -0.0711411 0.0219821 0.289061
859.843 351.512 0.304546 -0.0348095 0.793933
689.369 447.583 0.374387 0.0303746 0.817135
951.606 510.773 0.375155 -0.0749924 0.778507
482.793 121.141 0.210778 0.0767369 0.781248
800.142 282.582 0.267801 -0.0107455 0.783584
597.19 279.945 0.260057 0.0516751 0.777757
676.665 349.685 0.264064 0.0273433 0.746908
771.382 25.4785 0.198296 -0.0037826 0.816322
500.096 377.956 0.281663 0.0816025 0.759597
486.89 42.6389 0.195524 0.0767145 0.800412
493.143 183.203 0.232171 0.0799018 0.788682
495.53 43.353 0.197092 0.0756742 0.805325
861.723 276.875 0.276187 -0.0338399 0.798632
850.851 284.477 0.295381 -0.036658 0.823949
870.41 200.388 0.264536 -0.0429452 0.832708
681.292 276.114 0.256317 0.0258994 0.771889
879.456 345.935 0.268304 -0.0287679 0.750307
796.123 343.915 0.29722 -0.0113178 0.790405
878.928 260.047 0.263761 -0.0361895 0.788496
496.819 185.472 0.234199 0.0798475 0.791484
490.284 156.793 0.236623 0.0890192 0.820114
534.531 26.9887 0.188904 0.060304 0.788263
783.169 450.963 0.307977 -0.00286236 0.750679
797.141 454.411 0.348684 -0.0132478 0.787249
599.41 372.687 0.302977 0.0574225 0.786219
607.829 355.841 0.287825 0.0516 0.776069
639.227 43.3646 0.202022 0.0359121 0.817516
484.08 475.284 0.280479 0.0771204 0.719336
871.682 272.458 0.264103 -0.032561 0.781867
493.33 585.803 0.394241 0.110139 0.765744
867.993 356.214 0.294655 -0.0336113 0.778843
503.035 384.832 0.276118 0.0775327 0.749667
874.755 362.553 0.305361 -0.0390103 0.788427
492.27 587.998 0.317503 0.0810121 0.712771
813.515 166.307 0.245889 -0.0193873 0.822378
501.811 580.843 0.325264 0.0815314 0.720605
663.487 525.607 -0.0266459 0.019005 0.354584
863.291 138.52 0.241793 -0.0386903 0.835336
624.714 19.7261 0.233479 0.0918952 1.22238
679.066 273.385 0.250995 0.026135 0.76483
779.592 161.388 0.203677 0.00158822 0.732051
779.632 353.704 0.324721 -0.00938667 0.819875
607.306 351.468 0.272088 0.0481399 0.757885
625.197 292.249 0.288998 0.0493527 0.815227
582.492 186.564 0.00129563 0.0173744 0.386498
677.072 499.585 0.277049 0.027473 0.705536
789.026 284.052 0.280132 -0.00970286 0.802224
644.831 178.444 -0.0212618 0.0188848 0.355421
511.412 195.27 -0.00250962 0.0164193 0.381343
954.709 186.614 0.0118505 0.0227385 0.401755
888.439 250.29 0.262222 -0.0397582 0.791683
502.121 186.759 0.237017 0.0799444 0.796653
577.076 453.675 0.297399 0.0585338 0.742635
693.076 262.348 0.261357 0.0226788 0.787888
845.78 419.608 0.389577 -0.0476454 0.845427
812.194 351.192 0.254325 -0.00706693 0.73129
876.263 266.667 0.272372 -0.0383708 0.798589
921.071 589.675 0.315742 -0.0351182 0.705737
943.051 264.984 0.285124 -0.0689058 0.81864
785.181 376.09 0.275811 -0.00248645 0.748016
926.625 264.856 0.300036 -0.0726103 0.843791
654.359 299.813 0.436613 0.0694685 1.03763
730.806 109.667 -0.122187 -0.181021 3.49621
