756.071 220.942 0.155809 -0.012939 1.02858
623.999 226.264 0.15515 0.0616775 1.02818
885.393 172.459 0.131617 -0.0821968 1.03014
869.927 90.7326 0.0927624 -0.0723164 1.04317
514.877 116.065 0.0956735 0.112006 1.04106
515.136 115.535 0.0954532 0.111852 1.0412
801.077 181.951 0.135418 -0.0376213 1.03183
882.003 173.408 0.136469 -0.0837424 1.04077
870.407 93.5519 0.108505 -0.0875992 1.09783
829.505 218.327 0.157258 -0.0545464 1.03054
828.991 218.795 0.158198 -0.0545702 1.03187
482.673 157.018 0.0527523 0.0714825 0.878969
569.577 229.159 0.160934 0.096323 1.03936
547.157 193.925 0.132703 0.0997273 1.02561
567.619 229.797 0.152442 0.0918508 1.0216
888.693 217.971 0.154713 -0.0852872 1.02265
890.453 214.91 0.152859 -0.0859455 1.02253
889.832 218.422 0.155492 -0.0862684 1.02358
794.766 179.548 0.131927 -0.0334748 1.0272
834.956 220.522 0.154997 -0.0560289 1.02309
833.785 216.637 0.152097 -0.0549506 1.02205
841.478 220.895 0.149599 -0.0569256 1.01176
756.229 220.542 0.155366 -0.0129995 1.02818
755.595 224.385 0.15456 -0.0122179 1.02195
858.565 172.391 0.131512 -0.0682546 1.03172
504.089 155.697 0.114006 0.120817 1.03472
619.605 227.344 0.151089 0.0623243 1.01898
669.939 502.271 0.0896458 0.0190398 0.785992
701.055 224.72 0.141339 0.0168489 0.998538
906.548 191.746 0.144992 -0.0967204 1.03404
948.171 509.807 0.39695 -0.164023 0.997143
699.994 225.525 0.153104 0.0184036 1.02075
521.809 400.698 0.302091 0.16512 1.04054
955.175 336.659 0.220197 -0.126758 0.998025
907.839 282.779 0.173313 -0.0882149 0.986045
946.573 283.014 0.20221 -0.128491 1.02737
639.392 297.069 0.182256 0.0530993 0.996576
589.903 605.267 0.380128 0.104851 0.926504
810.8 178.734 0.129696 -0.0411066 1.02199
947.903 466.013 0.087628 -0.0398919 0.791479
836.963 277.225 0.180028 -0.0558517 1.00453
538.728 478.946 0.0848636 0.0464754 0.789402
943.773 181.138 0.13722 -0.113565 1.02813
605.548 348.538 0.120999 0.0462433 0.877631
561.011 226.762 0.15016 0.0949344 1.02106
580.373 372.101 0.11654 0.0515175 0.861013
565.285 285.843 0.178729 0.0952475 1.00562
892.267 218.956 0.150503 -0.0840735 1.01309
822.602 287.476 0.192977 -0.0505911 1.01439
770.917 343.386 0.211344 -0.0184858 0.987805
565.915 288.918 0.183784 0.0969824 1.01029
866.618 92.2479 0.0940042 -0.0712439 1.04527
760.366 354.896 0.220862 -0.0127258 0.989374
636.186 294.339 0.192292 0.0581854 1.01446
696.933 222.325 0.154371 0.0202966 1.02734
700.72 281.185 0.179914 0.0194389 1.00628
788.063 199.147 0.141651 -0.0299119 1.02435
890.883 466.219 0.125789 -0.03778 0.827041
769.777 430.725 0.158092 -0.00787616 0.873627
687.062 483.018 0.0813614 0.0148916 0.783539
738.365 108.077 0.0978789 -0.0046951 1.0426
622.353 283.067 0.179782 0.0635595 1.00761
897.566 287.045 0.196011 -0.0947372 1.01606
684.003 353.296 0.13845 0.0219378 0.894768
564.116 287.228 0.179604 0.0960924 1.00561
836.406 100.237 0.121988 -0.0771215 1.14171
864.798 86.3977 0.0890638 -0.0681058 1.03782
687.237 293.271 0.184441 0.0271631 1.00157
619.881 224.167 0.148991 0.0618039 1.01857
570.526 360.961 0.223096 0.0988857 0.993182
811.027 505.957 0.415129 -0.0601847 1.01445
682.478 351.234 0.138266 0.0225132 0.895759
517.632 115.29 0.0962354 0.111578 1.0442
842.86 171.32 0.120456 -0.0542353 1.00755
571.632 278.861 0.175218 0.0912388 1.00701
769.971 290.042 0.186916 -0.0191157 1.00499
890.2 405.275 0.261548 -0.0919629 0.985064
601.523 634.509 0.452627 0.112419 0.935703
922.653 175.423 0.132606 -0.100919 1.0262
901.602 407.627 0.233713 -0.0861794 0.956616
859.754 347.731 0.140377 -0.0424314 0.896305
545.498 196.647 0.133673 0.100554 1.02438
685.439 296.717 0.202246 0.0304203 1.02454
540.552 194.122 0.129521 0.100763 1.01832
657.325 13.9794 0.0627778 0.0401694 1.12275
613.635 273.121 0.167838 0.0653973 0.999064
622.48 284.341 0.177112 0.0623749 1.0021
848.335 493.516 0.271391 -0.0562111 0.930878
951.117 330.036 0.216357 -0.124126 0.999521
542.009 498.451 0.0811173 0.0438516 0.78059
668.003 308.899 0.364641 0.0776802 1.24438
742.12 300.645 0.397402 -0.0193556 1.30486
871.009 92.3937 0.0936324 -0.0729903 1.04325
951.84 175.965 0.133004 -0.115749 1.02463
698.273 406.742 0.347777 0.0332765 1.06975
572.32 359.854 0.225196 0.0989813 0.996578
778.83 445.628 0.145925 -0.00939707 0.855172
890.056 358.039 0.120603 -0.0450131 0.866703
758.239 354.69 0.221771 -0.0116012 0.990687
569.257 283.078 0.180555 0.0945783 1.01122
807.396 98.3104 0.0935966 -0.0397285 1.03847
906.303 186.611 0.141036 -0.0953359 1.03195
640.825 128.171 0.109029 0.0488665 1.05354
675.343 127.227 0.111873 0.0304226 1.06144
561.756 227.362 0.152761 0.0960754 1.02555
626.427 291.009 0.171042 0.0573782 0.986084
693.189 366.713 0.114815 0.016539 0.85944
562.538 132.899 0.107796 0.0910045 1.0482
938.966 406.813 0.29032 -0.13634 1.00887
702.531 279.632 0.186234 0.0189243 1.01777
870.596 529.273 0.187294 -0.0421778 0.852315
889.963 276.428 0.187713 -0.0887717 1.01492
787.908 192.551 0.132171 -0.0280775 1.01172
692.06 291.541 0.188833 0.0249998 1.0097
837.264 353.303 0.218538 -0.0558441 0.985455
670.874 340.699 0.421611 0.0816155 1.25054
611.939 25.2078 0.076241 0.0875712 1.22811
915.808 611.989 0.619137 -0.192766 1.00064
707.154 102.952 0.0893202 0.0110854 1.02437
788.846 190.746 0.151026 -0.0345428 1.05683
510.166 549.051 0.442864 0.204252 0.998566
953.055 281.983 0.193996 -0.126306 1.01588
524.438 384.143 0.301898 0.168942 1.05833
945.355 613.235 0.49189 -0.17038 0.959019
833.893 408.333 0.255843 -0.056 0.978867
669.614 342.576 0.415432 0.0814409 1.23936
655.426 418.374 -0.216864 0.00138257 0.439741
956.979 283.528 0.190282 -0.12504 1.00859
544.866 127.812 0.0980979 0.0933788 1.02687
832.388 190.131 0.152019 -0.0606285 1.057
834.928 213.896 0.14684 -0.0537813 1.0147
551.052 224.848 0.161372 0.109402 1.04716
583.534 413.118 0.279252 0.104696 1.00445
509.585 485.082 0.31163 0.154353 0.973019
574.49 361.589 0.225413 0.0974222 0.995174
956.709 565.671 0.420667 -0.163435 0.965337
764.792 364.741 0.167539 -0.00945675 0.920254
906.164 190.879 0.146193 -0.0978198 1.03787
814.725 335.656 0.232607 -0.0495988 1.01949
688.191 374.855 0.0875493 0.0156619 0.824174
751.649 118.929 0.111448 -0.013139 1.06824
509.034 338.48 -0.19322 -0.000498432 0.470515
905.675 197.653 0.154651 -0.101752 1.04739
883.343 188.043 0.133731 -0.0776489 1.01519
594.208 360.423 0.26353 0.101234 1.03966
539.933 220.054 0.147571 0.107105 1.02524
830.307 287.974 0.158967 -0.0434382 0.963059
565.212 502.091 0.266276 0.0968874 0.927564
564.007 503.783 0.262502 0.0959577 0.923854
944.627 552.333 0.444432 -0.169149 0.986938
560.779 514.073 0.246604 0.0906792 0.906604
589.575 533.427 0.590987 0.189719 1.07996
745.889 247.617 0.215475 -0.0112283 1.10743
707.068 297.858 0.374865 0.0296224 1.28145
764.215 112.243 0.104246 -0.0191695 1.05478
659.884 51.6328 0.0858362 0.0425937 1.14067
680.202 123.268 0.187667 0.0591175 1.45195
892.169 194.837 0.161839 -0.100894 1.06828
607.336 598.706 -0.206869 0.000757429 0.456849
765.233 104.507 0.0962546 -0.0185136 1.04079
486.478 573.256 0.397432 0.19272 0.957918
529.413 395.511 0.315735 0.169302 1.05925
535.948 535.067 0.3059 0.124138 0.933418
903.084 286.109 0.185764 -0.0920936 1.00159
570.54 498.425 0.272648 0.096692 0.934327
634.547 91.8429 0.141434 0.101459 1.36769
566.51 502.931 0.371507 0.136077 0.997213
684.722 115.223 0.0986002 0.0231979 1.03749
634.072 414.401 0.25994 0.0651467 0.983649
655.843 586.838 0.0372584 0.0154724 0.723729
846.448 200.74 0.140954 -0.0598567 1.01753
717.947 108.872 0.0953817 0.00595059 1.03445
934.118 301.008 -0.177143 0.00577459 0.491559
897.994 210.451 0.145031 -0.0858914 1.01171
536.365 292.851 -0.186355 -0.000171587 0.478675
652.829 123.169 0.201465 0.143489 1.71326
532.204 555.515 0.286271 0.114978 0.909256
825.489 284.283 0.172478 -0.0459687 0.986632
555.931 426.381 0.20763 0.0893965 0.927586
824.216 172.679 0.126242 -0.0476544 1.02079
873.09 199.161 0.16772 -0.0919163 1.07629
886.478 636.344 0.4358 -0.100232 0.924408
574.887 554.599 0.312907 0.100414 0.924565
840.755 268.704 0.178122 -0.0588386 1.01012
724.082 226.551 0.626921 -0.0437278 3.0326
704.325 240.421 0.19324 0.0188608 1.07906
814.742 638.717 0.592372 -0.0717661 0.971844
900.939 414.881 0.258248 -0.0946908 0.974011
574.987 553.597 0.308146 0.0989436 0.922444
802.081 178.946 0.132104 -0.0374766 1.02795
589.077 626.772 0.360494 0.0974242 0.905185
899.031 254.857 0.0786504 -0.0420897 0.860367
803.738 475.536 0.120401 -0.0129684 0.820023
687.857 504.121 0.0809134 0.0146214 0.777597
686.034 497.52 0.0822279 0.0151059 0.780495
692.429 494.371 0.0827493 0.0138705 0.781734
887.407 217.507 0.160721 -0.088759 1.03516
954.689 217.62 0.167385 -0.131828 1.04431
585.794 7.13081 0.0499037 0.0693623 1.05794
696.852 222.516 0.154986 0.0204019 1.02834
516.893 118.481 0.0980816 0.112688 1.04503
