734.728 207.998 0.242937 -0.475832 4.86397
717.564 202.357 -0.0961496 -0.136616 5.57273
727.798 108.316 -0.11713 -0.181829 3.4645
559.49 16.6841 0.0373291 0.465165 2.17174
916.382 11.3441 0.205729 -0.0521496 0.843283
827.307 112.686 0.220796 -0.0170329 0.798099
583.647 193.558 0.250335 0.0579069 0.818122
863.984 186.616 0.257674 -0.0362347 0.827282
820.833 129.768 0.220028 -0.0130424 0.783884
767.724 185.132 0.25027 -0.00210323 0.816549
943.974 183.971 0.25817 -0.0636334 0.826895
682.62 178.94 0.239329 0.024787 0.800454
579.623 188.795 0.244543 0.0572493 0.809079
898.582 246.771 0.248433 -0.0329589 0.769517
481.029 182.133 0.229401 0.0789527 0.783756
482.455 258.636 0.24562 0.079271 0.77066
511.838 203.499 0.25764 0.0852869 0.82946
491.301 384.635 0.28516 0.0842565 0.765702
696.353 191.643 0.242241 0.0209104 0.79743
775.684 257.235 0.253086 -0.000375172 0.775436
785.882 276.879 0.270654 -0.00550138 0.792838
888.566 173.07 0.238185 -0.0348716 0.794036
492.253 135.513 0.226506 0.0808499 0.810383
893.76 368.918 0.285057 -0.0335325 0.762651
695.389 240.56 0.243363 0.0216779 0.77003
688.806 173.881 0.227865 0.0224215 0.778201
677.009 365.266 0.271267 0.0284712 0.752506
567.029 186.819 0.23587 0.0575623 0.791827
849.707 96.3409 0.210138 -0.0194513 0.780209
683.31 253.581 0.240388 0.0247555 0.758432
486.021 479.009 0.298566 0.0834311 0.741189
501.698 468.395 0.312843 0.0855995 0.758842
568.798 264.5 0.249596 0.056692 0.771805
773.221 253.9 0.249678 0.00071413 0.771541
498.785 194.893 0.23781 0.0777427 0.793193
581.958 466.144 0.304172 0.0584736 0.749553
503.865 385.072 0.291105 0.0831495 0.77243
589.585 368.247 0.275149 0.0531276 0.758215
773.756 164.708 0.221422 0.00110198 0.766694
589.716 581.491 0.336932 0.059191 0.734225
896.713 447.811 0.311729 -0.0358044 0.757345
665.368 315.048 0.493579 0.0688812 1.10204
886.061 168.342 0.234999 -0.0330287 0.790346
700.833 313.485 0.471201 0.0296221 1.06828
830.038 547.903 0.194227 0.00797345 0.620869
693.633 376.563 0.285288 0.0246427 0.764455
947.474 246.398 0.267493 -0.0580606 0.800651
675.908 358.815 0.275641 0.0291254 0.760943
914.501 369.533 0.149142 0.0060152 0.592402
653.623 609.286 0.17623 0.0252693 0.597634
655.958 30.6651 0.200749 0.029814 0.816314
872.148 201.624 0.266001 -0.0409726 0.832463
896.849 107.226 0.217659 -0.0345208 0.790824
931.494 89.0705 0.212499 -0.0427039 0.788773
486.679 186.851 0.238198 0.0828291 0.800084
683.694 176.949 0.236878 0.024312 0.796344
769.149 175.602 0.23857 -0.00069174 0.797718
915.227 112.55 0.227092 -0.0458107 0.811322
553.463 244.692 0.238797 0.0580754 0.763847
881.329 370.583 0.317974 -0.0420006 0.801382
943.976 136.807 0.232246 -0.0529997 0.804058
760.06 331.092 0.884271 -0.121322 1.56843
658.735 115.707 -0.070682 0.0242681 0.292744
858.474 352.251 0.308803 -0.032922 0.801188
686.342 454.927 0.37149 0.0324703 0.815845
958.426 515.78 0.374084 -0.0721376 0.779672
796.912 283.211 0.271733 -0.00868261 0.790518
591.501 283.173 0.26475 0.0539558 0.785943
671.754 352.759 0.266569 0.0295365 0.751994
764.71 18.7372 0.200131 -0.00157744 0.820288
492.312 384.076 0.284896 0.0838821 0.765612
490.682 190.623 0.24149 0.0833383 0.804588
480.895 39.6452 0.198615 0.0776801 0.808714
860.655 275.745 0.27815 -0.031607 0.802959
850.95 282.896 0.294555 -0.0339376 0.824491
870.025 195.419 0.263805 -0.0401364 0.83299
675.79 277.917 0.259646 0.028124 0.778028
879.398 346.16 0.271021 -0.0266639 0.755651
794.419 345.291 0.29926 -0.00911004 0.794874
879.009 258.076 0.265119 -0.0339724 0.791846
484.837 186.487 0.236129 0.0819655 0.795766
522.014 24.1388 0.191578 0.0625384 0.793899
780 450.836 0.319345 -0.00120165 0.766143
796.817 457.68 0.352462 -0.0112741 0.793686
594.217 377.302 0.306644 0.059722 0.792754
599.932 360.643 0.287272 0.0535624 0.776983
534.804 132.726 -0.027358 0.0213325 0.346601
626.473 29.9184 0.199326 0.0378852 0.813177
870.734 271.208 0.266521 -0.0304596 0.786792
497.184 587.012 0.407909 0.114265 0.78208
867.957 356.972 0.297372 -0.0315584 0.784119
501.683 390.189 0.285601 0.0808283 0.76344
874.481 363.237 0.308441 -0.036962 0.794208
490.944 594.325 0.325023 0.0839252 0.72317
809.057 163.5 0.24807 -0.0169775 0.826968
505.339 581.94 0.337642 0.0850473 0.736168
859.7 135.09 0.244546 -0.0365968 0.840944
672.66 273.736 0.251364 0.0283118 0.766904
774.65 157.002 0.205795 0.00377399 0.736666
536.219 78.749 -0.0207001 0.0209013 0.354452
602.457 355.373 0.276866 0.050436 0.765991
618.428 294.527 0.29011 0.0514446 0.818386
672.298 511.032 0.274221 0.0296292 0.704517
784.401 285.887 0.287802 -0.00786579 0.814408
488.546 610.181 0.318013 0.081069 0.713288
575.926 301.385 -0.0188655 0.0209419 0.360817
891.096 244.609 0.26037 -0.0371237 0.791417
484.833 187.5 0.238279 0.0833496 0.799878
551.864 475.126 0.274313 0.0580621 0.717617
688.538 262.115 0.26386 0.0246044 0.793637
847.612 422.067 0.385154 -0.044051 0.843405
876.325 264.511 0.273073 -0.0359324 0.801173
914.321 580.791 0.329809 -0.0344771 0.723559
948.922 262.98 0.280669 -0.0640729 0.812002
651.285 302.431 0.445354 0.0726944 1.05218
727.275 106.64 -0.119248 -0.175742 3.44782
