735.737 207.921 0.243679 -0.478106 4.86674
718.433 202.479 -0.0954074 -0.13889 5.57549
729.258 108.183 -0.116388 -0.184103 3.46726
562.205 17.7826 0.0380713 0.462891 2.1745
926.596 6.61404 0.206471 -0.0544235 0.846044
836.894 109.324 0.221539 -0.0193067 0.80086
589.931 192.207 0.251078 0.055633 0.820883
873.416 184.489 0.258417 -0.0385085 0.830043
830.589 126.519 0.22077 -0.0153162 0.786645
776.05 183.168 0.251012 -0.00437709 0.81931
954.625 181.582 0.258912 -0.0659073 0.829656
690.177 176.985 0.240071 0.0225131 0.803215
585.973 187.321 0.245285 0.0549754 0.81184
480.28 269.829 0.249193 0.0795102 0.772255
909.664 245.011 0.249176 -0.0352328 0.772278
486.732 180.585 0.230143 0.0766788 0.786517
488.277 257.894 0.246362 0.0769971 0.773421
517.42 202.534 0.258382 0.0830131 0.832221
481.881 253.241 0.240443 0.0757301 0.765568
704.105 189.795 0.242983 0.0186365 0.800191
784.764 255.935 0.253828 -0.00264903 0.778197
794.718 275.96 0.271396 -0.00777524 0.795599
899.059 170.405 0.238927 -0.0371455 0.796797
497.845 133.668 0.227248 0.0785761 0.813144
904.654 369.015 0.2858 -0.0358064 0.765412
703.535 239.139 0.244105 0.019404 0.772791
696.802 171.607 0.228607 0.0201476 0.780962
685.081 365.487 0.272009 0.0261973 0.755267
573.453 185.191 0.236612 0.0552884 0.794588
860.033 92.421 0.21088 -0.0217252 0.78297
691.498 252.262 0.24113 0.0224816 0.761193
492.101 480.719 0.299308 0.0811572 0.74395
507.727 469.972 0.313585 0.0833257 0.761603
484.105 264.407 0.246092 0.0772463 0.769647
575.436 263.674 0.250338 0.0544181 0.774566
782.354 252.524 0.25042 -0.00155973 0.774302
504.563 193.554 0.238552 0.0754688 0.795954
588.862 467.693 0.304914 0.0561998 0.752314
509.819 385.772 0.291848 0.0808756 0.775191
596.545 368.622 0.275891 0.0508537 0.760976
783.136 161.926 0.222164 -0.00117188 0.769455
596.789 584.391 0.337674 0.0569171 0.736986
907.576 449.061 0.312471 -0.0380782 0.760106
669.806 315.332 0.494321 0.0666074 1.1048
896.606 165.574 0.235741 -0.0353026 0.793107
705.671 313.69 0.471943 0.0273482 1.07104
845.099 550.537 0.194969 0.00569959 0.62363
701.664 376.968 0.28603 0.0223689 0.767216
958.604 244.763 0.268235 -0.0603345 0.803412
683.817 358.99 0.276383 0.0268516 0.763704
934.533 366.288 0.149884 0.00374134 0.595163
665.693 613.279 0.176972 0.0229955 0.600395
663.116 26.9732 0.201491 0.0275402 0.819075
881.574 199.72 0.266743 -0.0432465 0.835224
907.663 103.463 0.218401 -0.0367947 0.793585
942.956 84.8688 0.213241 -0.0449777 0.791534
492.301 185.516 0.23894 0.0805552 0.802845
691.33 174.925 0.23762 0.0220381 0.799105
482.627 266.98 0.24896 0.0790527 0.773286
777.837 173.338 0.239312 -0.0029656 0.800479
925.879 109.037 0.227834 -0.0480846 0.814083
560.052 243.566 0.23954 0.0558015 0.766608
891.114 370.848 0.318716 -0.0442744 0.804143
955.204 133.508 0.232988 -0.0552736 0.806819
763.181 331.335 0.885013 -0.123596 1.57119
555.893 89.337 -0.0699399 0.0219943 0.295505
867.981 352.29 0.309545 -0.0351958 0.803949
693.267 456.307 0.372232 0.0301965 0.818606
805.931 282.345 0.272476 -0.0109565 0.793279
598.174 282.643 0.265492 0.0516819 0.788704
679.788 352.811 0.267311 0.0272626 0.754755
773.149 14.4866 0.200873 -0.0038513 0.823049
498.237 384.756 0.285638 0.0816083 0.768373
496.301 189.365 0.242232 0.0810645 0.80735
486.4 36.6522 0.199357 0.0754063 0.811475
870.332 274.73 0.278892 -0.0338808 0.80572
860.057 282.103 0.295297 -0.0362115 0.827252
879.424 193.438 0.264547 -0.0424103 0.835751
683.509 277.115 0.260388 0.0258502 0.780789
890.307 345.891 0.271763 -0.0289378 0.758412
803.193 345.29 0.300002 -0.0113839 0.797635
889.233 256.701 0.265861 -0.0362463 0.794607
490.477 185.11 0.236871 0.0796917 0.798527
528.013 20.5431 0.19232 0.0602645 0.79666
788.94 452.165 0.320087 -0.00347552 0.768904
805.371 459.099 0.353204 -0.013548 0.796447
600.732 377.89 0.307386 0.0574482 0.795515
606.735 360.989 0.288014 0.0512885 0.779744
671.125 193.765 -0.0266159 0.0190586 0.349362
633.344 26.2904 0.200068 0.0356114 0.815938
480.565 486.787 0.283021 0.0769711 0.726326
880.916 270.01 0.267263 -0.0327334 0.789553
502.819 589.534 0.408651 0.111991 0.784841
877.96 357.007 0.298114 -0.0338323 0.78688
507.708 390.924 0.286343 0.0785545 0.766201
884.34 363.387 0.309183 -0.0392358 0.796969
497.21 597.348 0.325765 0.0816514 0.725931
817.777 161.207 0.248812 -0.0192514 0.829729
511.577 584.755 0.338384 0.0827735 0.738929
868.921 132.356 0.245288 -0.0388706 0.843705
680.537 272.798 0.252106 0.026038 0.769665
784.743 153.647 0.206537 0.00150013 0.739427
636.984 124.452 -0.019958 0.0186275 0.357213
565.762 25.4881 -0.010678 0.0176191 0.367551
609.452 355.608 0.277609 0.0481621 0.768752
624.938 294.258 0.290853 0.0491707 0.821147
681.134 513.185 0.274963 0.0273554 0.707278
494.907 613.45 0.318755 0.0787951 0.716049
664.918 351.917 -0.0181233 0.0186681 0.363578
901.543 243.005 0.261112 -0.0393976 0.794178
558.938 476.79 0.275056 0.0557882 0.720378
696.17 261.189 0.264602 0.0223305 0.796398
855.99 423.062 0.385896 -0.0463248 0.846166
886.293 263.294 0.273815 -0.0382062 0.803934
926.06 584.022 0.330551 -0.0367509 0.72632
959.786 261.658 0.281411 -0.0663468 0.814763
655.971 302.635 0.446096 0.0704205 1.05494
786.967 445.784 -0.0383995 0.0196466 0.334882
866.398 126.948 -0.00700809 0.0211565 0.374805
739.826 3.27858 0.231607 -0.019513 1.20546
658.229 434.716 -0.0147859 0.0184295 0.370022
730.597 196.056 0.5452 -0.0539967 1.93224
798.266 380.986 0.260533 -0.00102644 0.73254
803.087 359.851 0.273867 -0.00543421 0.757188
500.268 86.7737 0.0254708 0.0158044 0.418765
945.096 141.027 0.249307 -0.0650758 0.841946
617.026 281.785 0.318896 0.061168 0.87635
562.425 401.417 0.2644 0.0550598 0.734518
948.98 529 0.391687 -0.0719912 0.7903
939.542 591.991 0.324482 -0.0378573 0.719409
680.587 215.434 0.621698 0.162896 2.1248
728.742 106.51 -0.118506 -0.178016 3.45058
