768.856 212.568 0.159391 -0.0150549 1.04007
631.703 219.952 0.158826 0.059582 1.03999
904.042 159.682 0.135127 -0.0843032 1.04141
887.01 74.2592 0.0963827 -0.0744162 1.05463
517.816 106.836 0.0993103 0.109904 1.05276
517.909 106.302 0.0989905 0.109701 1.05251
815.048 171.033 0.139186 -0.0395354 1.0438
899.984 161.025 0.140091 -0.085864 1.05234
885.13 79.1812 0.112903 -0.0899812 1.11192
845.584 208.775 0.160835 -0.0567215 1.04203
844.879 209.341 0.161795 -0.0566781 1.04337
483.893 142.517 0.0557826 0.069143 0.888905
575.325 224.115 0.164554 0.094203 1.05095
552.277 187.276 0.136354 0.0974654 1.03728
573.367 224.344 0.155894 0.0896822 1.03288
907.043 207.298 0.158578 -0.0872751 1.03481
909.74 204.115 0.156329 -0.0880539 1.03375
909.06 208.078 0.15894 -0.0882875 1.03449
809.28 168.364 0.135638 -0.0357416 1.03912
851.472 210.71 0.158577 -0.0582072 1.03471
850.776 206.726 0.155449 -0.0572468 1.03304
857.476 211.037 0.153348 -0.058534 1.02342
769.05 212.058 0.15904 -0.0151506 1.03995
768.991 215.972 0.158114 -0.0145723 1.03341
876.036 160.033 0.135013 -0.0704699 1.04301
506.225 148.154 0.117189 0.118714 1.04528
627.259 220.959 0.154607 0.0601704 1.03041
688.569 502.243 0.0932002 0.0169068 0.797663
711.911 216.406 0.144944 0.0148864 1.01022
925.984 179.751 0.14863 -0.0988571 1.04566
710.655 217.974 0.156573 0.016281 1.03204
526.858 403.121 0.304194 0.162624 1.05037
929.153 274.327 0.176847 -0.0902678 0.997555
648.518 292.913 0.185828 0.0510293 1.0083
596.088 623.17 0.370211 0.100637 0.926636
825.157 167.66 0.133344 -0.0427386 1.03313
853.797 270.423 0.183373 -0.0575592 1.01522
548.408 479.483 0.0883346 0.0442947 0.800781
616.028 344.107 0.124597 0.0440964 0.889153
566.761 221.385 0.153789 0.0927105 1.03254
589.391 368.252 0.119983 0.0495643 0.872552
571.891 282.387 0.182397 0.093069 1.01744
912.04 207.729 0.153983 -0.0863332 1.02474
839.015 281.047 0.1965 -0.0527587 1.02588
785.877 339.67 0.214975 -0.020642 0.999546
575.215 286.869 0.19365 0.0963992 1.03056
883.712 75.8549 0.0976077 -0.0734902 1.05687
775.21 352.137 0.224274 -0.0150265 1.00062
645.298 291.093 0.197697 0.0563629 1.02835
707.299 214.859 0.157932 0.0181927 1.03878
711.941 275.909 0.183424 0.0173538 1.01771
802.783 189.117 0.14502 -0.0322188 1.0353
920.616 463.986 0.129592 -0.039896 0.838817
789.078 429.489 0.161595 -0.00991466 0.884954
707 482.005 0.0848269 0.0127401 0.794908
749.531 94.7495 0.101534 -0.00683036 1.05428
630.58 278.938 0.183271 0.0614467 1.01901
917.575 279.823 0.1993 -0.0967617 1.02701
697.906 348.863 0.141921 0.0197928 0.906156
570.543 283.861 0.183172 0.0939406 1.01727
848.871 87.8809 0.12645 -0.079479 1.15598
881.306 69.6871 0.0931001 -0.0703832 1.0508
698.175 288.614 0.188059 0.0250376 1.01319
627.678 217.514 0.152593 0.0596188 1.03028
820.54 498.579 0.447704 -0.0647518 1.05283
696.17 347.955 0.141282 0.0203451 0.905912
520.711 106.086 0.0999334 0.109518 1.05612
860.06 158.383 0.123997 -0.056353 1.019
577.607 275.441 0.178428 0.0891597 1.01772
784.183 284.344 0.19027 -0.0211683 1.01611
910.425 403.137 0.265313 -0.0940437 0.996969
943.654 162.104 0.135865 -0.102926 1.03684
903.55 398.314 0.271875 -0.0940997 1.0074
882.72 340.941 0.14399 -0.0444887 0.907877
550.124 190.113 0.137163 0.0984204 1.03569
695.867 292.73 0.205764 0.028285 1.03599
544.686 187.269 0.132806 0.0986689 1.02929
620.511 269.277 0.170239 0.0633289 1.00788
630.964 279.968 0.180884 0.0602917 1.01412
886.978 514.794 0.239027 -0.054775 0.906063
553.181 499.843 0.0847665 0.0415498 0.792135
675.062 307.848 0.367954 0.0755518 1.25563
750.465 298.76 0.400475 -0.0214069 1.31566
887.971 76.0162 0.0972668 -0.0750143 1.05475
709.836 401.525 0.386292 0.0329878 1.12014
579.245 359.51 0.228459 0.0969222 1.00771
799.908 444.226 0.149584 -0.0115476 0.866822
917.043 349.81 0.12419 -0.047216 0.878462
772.405 351.853 0.225369 -0.0136305 1.00227
575.019 279.711 0.183638 0.0925585 1.02201
821.814 82.9898 0.0971631 -0.0419246 1.05005
925.747 174.328 0.144678 -0.0974423 1.04354
648.168 118.129 0.112964 0.0467754 1.06565
684.904 116.658 0.115875 0.027731 1.0739
565.141 220.833 0.153321 0.0934346 1.03234
635.044 286.524 0.174611 0.0553813 0.997777
709.345 364.148 0.116855 0.0141933 0.867947
567.128 123.351 0.110943 0.0886441 1.05916
713.697 274.504 0.189717 0.0167708 1.02916
897.034 531.57 0.191205 -0.0444227 0.864325
913.078 267.173 0.184874 -0.0893161 1.01754
802.388 181.488 0.135667 -0.0301973 1.02338
702.354 286.403 0.192644 0.0232635 1.02217
847.474 348.896 0.241581 -0.0602162 1.02061
677.762 340.44 0.424766 0.0799329 1.2619
614.097 9.8896 0.0759663 0.0845432 1.23127
941.556 626.372 0.606221 -0.191499 1.00082
717.959 93.9459 0.0970856 0.00883969 1.04315
802.16 181.058 0.154548 -0.0366063 1.06823
517.82 555.374 0.447542 0.202295 1.01077
524.991 386.806 0.295591 0.164121 1.0587
852.24 407.337 0.258988 -0.0580753 0.98977
676.922 341.445 0.423635 0.0806234 1.25855
549.836 119.376 0.102849 0.0914994 1.04025
846.873 180.641 0.157053 -0.0628789 1.07078
848.98 206.606 0.156282 -0.0567747 1.03502
556.289 220.257 0.165216 0.107291 1.05896
589.662 415.796 0.277848 0.101634 1.01049
512.036 492.588 0.307892 0.150445 0.977385
582.135 361.021 0.229087 0.0952269 1.00699
778.292 360.364 0.188457 -0.0119921 0.952371
925.613 178.887 0.149807 -0.100042 1.0495
831.363 331.686 0.234185 -0.0515722 1.02855
704.905 373.323 0.0884501 0.0134276 0.830743
553.561 96.7073 -0.175957 -0.0027576 0.489773
771.076 96.7706 0.105515 -0.018286 1.0626
608.866 622.048 -0.191024 -0.00251603 0.4803
936.884 177.198 0.143256 -0.100474 1.0358
902.375 175.765 0.13748 -0.0798923 1.02696
600.311 360.541 0.26321 0.0984385 1.04656
544.166 214.387 0.150508 0.104871 1.03577
854.059 278.416 0.154334 -0.0452122 0.963404
575.146 505.672 0.271826 0.0950878 0.941209
579.358 501.605 0.279635 0.0960547 0.949213
568.892 520.547 0.248057 0.0881869 0.915983
598.383 537.127 0.598803 0.188567 1.09499
767.73 217.883 0.157292 -0.0136016 1.02964
714.702 296.231 0.377824 0.0274927 1.29203
776.118 102.249 0.111081 -0.0217923 1.07212
664.4 32.8786 0.0840663 0.0400601 1.14078
679.425 89.3884 0.150572 0.0524545 1.36973
909.391 184.405 0.166086 -0.103131 1.08082
488.97 585.26 0.392952 0.188503 0.96268
539.161 396.929 0.328329 0.169764 1.08017
548.566 536.276 0.317611 0.123516 0.953036
580.186 502.442 0.277634 0.0947905 0.947232
573.134 509.05 0.370559 0.133092 1.00495
693.716 102.921 0.102111 0.0211004 1.04881
644.089 415.737 0.263142 0.062853 0.994588
729.202 95.6451 0.0992671 0.0034321 1.04689
596.835 380.425 -0.212325 -0.00239689 0.446342
494.578 580.944 0.392906 0.185506 0.965499
919.502 197.985 0.146823 -0.0877656 1.0205
654.43 115.45 0.19671 0.139046 1.70202
535.102 568.811 0.280403 0.11113 0.911989
842.766 277.114 0.176179 -0.048102 0.998307
570.853 423.621 0.223808 0.0895902 0.953801
839.809 160.991 0.130387 -0.0498384 1.03319
890.299 187.607 0.16906 -0.0932262 1.08472
904.919 638.016 0.448546 -0.103823 0.943263
585.588 559.599 0.319055 0.0987194 0.938579
857.859 261.638 0.183244 -0.0614423 1.02358
726.399 227.825 0.64829 -0.0494144 3.0931
714.273 231.766 0.188807 0.016205 1.07891
919.988 412.455 0.266256 -0.0976352 0.990257
583.167 562.718 0.307789 0.0961666 0.930348
598.925 636.812 0.361917 0.095283 0.915449
828.107 473.952 0.124458 -0.0150376 0.832213
707.826 495.025 0.0862869 0.0126814 0.792995
713.478 486.324 0.0878078 0.0116884 0.796527
509.75 150.962 0.121161 0.120131 1.05247
727.772 137.239 0.236996 -0.0294484 2.22975
851.273 174.323 0.14706 -0.0613296 1.05536
632.827 46.168 0.108282 0.106892 1.42513
951.599 446.424 -0.182815 0.00209509 0.48871
943.314 360.759 -0.158577 0.00343312 0.519623
768.92 210.739 0.15222 -0.014065 1.02747
546.079 482.961 -0.180255 -0.00313012 0.492597
677.35 83.7765 0.135419 0.0462174 1.27749
588.777 636.147 0.353693 0.0990401 0.912477
498.539 488.109 0.35791 0.189719 1.0165
638.624 358.105 0.230143 0.0627571 1.0083
868.887 631.563 0.617485 -0.119504 1.00085
606.969 525.788 0.365372 0.103497 0.987738
634.345 363.057 0.22592 0.0635403 0.999262
566.603 637.757 0.536738 0.174779 0.978206
733.556 29.8963 0.090464 -0.0214158 1.62089
508.686 152.015 0.118458 0.117104 1.04295
905.982 207.13 0.164308 -0.090905 1.04673
707.141 215.012 0.158638 0.018336 1.04007
520.016 109.493 0.101703 0.110492 1.05661
