736.259 204.703 0.241514 -0.476087 4.8727
718.532 199.457 -0.0974007 -0.137061 5.58267
729.772 100.808 -0.118294 -0.181467 3.46138
560.987 10.9788 0.0363262 0.465965 2.18864
860.815 86.5799 0.218681 -0.0174498 0.807504
599.313 176.747 0.247736 0.0572969 0.826978
896.535 166.561 0.255092 -0.0366038 0.836244
856.484 103.903 0.217342 -0.0134844 0.792001
794.855 165.689 0.247847 -0.00256043 0.825755
706.148 159.892 0.237436 0.0241749 0.810346
595.592 171.3 0.24198 0.0566517 0.817976
489.28 258.964 0.247567 0.081295 0.780864
936.562 230.431 0.248355 -0.0336974 0.781934
493.348 164.275 0.227222 0.0782573 0.793218
498.18 247.046 0.245422 0.078934 0.782923
523.673 189.035 0.255533 0.0846094 0.839096
492.11 242.605 0.239815 0.0777636 0.775322
720.649 173.221 0.240409 0.0203743 0.807468
706.186 46.948 -0.136227 0.0232928 0.242875
806.676 241.503 0.25108 -0.000865165 0.785285
814.619 264.083 0.270187 -0.00608338 0.804707
924.595 152.02 0.23722 -0.0354465 0.805386
503.816 115.865 0.224461 0.0801775 0.819985
932.497 359.621 0.283133 -0.0339663 0.772666
722.106 224.147 0.241252 0.0211096 0.779659
713.54 150.476 0.222599 0.0221377 0.782058
703.359 357.137 0.268992 0.0279157 0.762079
584.17 168.723 0.233864 0.0569359 0.801749
885.285 68.2525 0.208615 -0.0196887 0.7908
710.337 237.568 0.238171 0.0241988 0.767946
502.358 478.917 0.296806 0.0827777 0.751459
517.622 467.568 0.311143 0.0849636 0.769216
491.914 252.338 0.243282 0.0788272 0.776641
749.311 16.1236 -0.107815 0.0214464 0.272382
732.57 16.2916 -0.112763 0.0220334 0.267611
588.101 251.721 0.248404 0.0561084 0.782727
804.542 237.782 0.247671 0.000225843 0.78138
511.951 178.565 0.235897 0.0770974 0.803072
602.851 464.445 0.302499 0.0578355 0.760025
518.773 379.922 0.289217 0.0825139 0.782535
610.388 361.358 0.273777 0.0526015 0.768849
805.312 144.351 0.221659 0.000481104 0.779925
613.747 581.589 0.339792 0.0589589 0.749304
934.636 443.399 0.310176 -0.0363051 0.767822
675.997 309.902 0.49627 0.0686277 1.11887
928.469 140.981 0.229304 -0.0328481 0.794389
712.716 307.703 0.473006 0.0290959 1.08377
904.005 555.202 0.191435 0.00748203 0.629756
719.25 369.704 0.283016 0.0241969 0.773912
701.606 350.691 0.274185 0.0285259 0.771477
718.193 626.511 0.173561 0.0247525 0.606778
676.872 0.334225 0.198291 0.0292255 0.825127
904.467 182.75 0.263601 -0.0414387 0.841892
936.339 79.4822 0.215567 -0.0349007 0.800201
955.016 82.2396 0.222919 -0.0455327 0.817922
494.524 167.154 0.233073 0.0816083 0.804907
707.396 159.117 0.236403 0.0238074 0.808442
491.33 255.95 0.247083 0.0807852 0.781491
799.114 153.388 0.235114 -0.00116883 0.805223
949.619 90.0293 0.227531 -0.046658 0.825007
569.427 231.462 0.234933 0.0572394 0.769458
921.642 363.107 0.310201 -0.0421625 0.803849
766.314 327.624 0.896168 -0.123843 1.59727
695.577 219.495 -0.0736506 0.0238333 0.30168
891.6 342.88 0.30517 -0.0331021 0.809118
707.326 445.589 0.385969 0.0323312 0.84513
481.381 99.0773 0.211168 0.0782448 0.795841
827.49 268.829 0.268253 -0.00888565 0.798525
612.264 272.897 0.266336 0.0536577 0.80082
697.991 343.828 0.264486 0.0289727 0.761789
506.386 379.301 0.282525 0.0831735 0.774924
486.313 17.3392 0.197573 0.0785868 0.818158
504.303 175.753 0.240831 0.0829375 0.816511
491.28 12.5528 0.196417 0.0769744 0.817856
891.446 262.264 0.278123 -0.0321855 0.815713
892.868 263.759 0.277654 -0.0321939 0.81402
897.324 180.831 0.266441 -0.041299 0.849814
700.067 264.735 0.257719 0.0275791 0.788011
913.821 333.873 0.27288 -0.0275795 0.771265
823.617 335.669 0.294758 -0.00908354 0.801706
921.035 239.189 0.25756 -0.0335712 0.793658
509.185 179.002 0.243622 0.0828837 0.820357
809.169 446.651 0.319024 -0.00176945 0.778163
825.434 455.664 0.348348 -0.0115901 0.801366
610.596 372.064 0.302064 0.0589882 0.799296
618.451 353.613 0.283155 0.0527876 0.784125
651.686 15.5299 0.204263 0.036952 0.835901
489.397 486.427 0.278568 0.0782523 0.731632
905.175 256.604 0.265707 -0.0310664 0.798335
508.026 595.12 0.401606 0.112783 0.787941
903.151 347.207 0.2945 -0.0319055 0.793128
523.887 383.514 0.290567 0.0812739 0.782403
907.07 354.253 0.30752 -0.0375524 0.805599
501.025 610.236 0.315882 0.0822069 0.725463
837.627 143.309 0.246274 -0.0174279 0.837034
522.623 587.419 0.335664 0.0843581 0.746183
894.148 108.458 0.239107 -0.0364167 0.844771
697.71 261.624 0.253353 0.0279978 0.782477
820.631 122.746 0.2 0.00235475 0.741254
622.147 347.635 0.274056 0.0499311 0.774834
628.025 278.864 0.271452 0.0499605 0.805211
703.421 513.883 0.270061 0.0290159 0.712066
510.652 613.847 0.31937 0.0807322 0.726716
860.947 338.398 -0.0509035 0.0227338 0.329826
924.506 229.942 0.262016 -0.0383289 0.806424
577.245 473.726 0.275743 0.0575657 0.73116
712.238 248.07 0.261267 0.0240559 0.802625
887.414 424.573 0.361369 -0.0415426 0.827589
910.024 249.593 0.271592 -0.0363937 0.81181
956.384 583.961 0.327935 -0.0349256 0.733868
661.072 295.645 0.442237 0.0726785 1.06169
652.595 7.29229 -0.00741275 0.0228539 0.384519
813.161 347.298 0.300729 -0.00624236 0.803758
623.908 271.247 0.311313 0.0623354 0.87647
614.675 378.99 0.322512 0.0624079 0.820214
682.987 212.91 0.628152 0.164321 2.15929
729.24 99.1844 -0.120397 -0.175488 3.44609
