774.451 208.979 0.152906 -0.0103056 1.05186
630.981 217.863 0.15234 0.0643313 1.05177
916.003 152.515 0.128641 -0.0795539 1.05319
897.996 62.9158 0.0898973 -0.0696669 1.06642
510.565 100.243 0.0928249 0.114653 1.06454
510.657 99.6817 0.092505 0.11445 1.0643
822.707 165.134 0.1327 -0.0347861 1.05559
911.376 153.881 0.133606 -0.0811147 1.06413
894.388 68.1141 0.106417 -0.0852319 1.1237
854.647 204.342 0.154349 -0.0519721 1.05382
853.869 204.925 0.15531 -0.0519288 1.05516
571.943 222.567 0.158069 0.0989523 1.06273
547.562 184.423 0.129868 0.102215 1.04906
570.008 223.035 0.149408 0.0944315 1.04466
919.163 202.352 0.152093 -0.0825258 1.04659
922.039 199.016 0.149844 -0.0833045 1.04554
921.28 203.152 0.152455 -0.0835382 1.04628
816.795 162.426 0.129152 -0.0309923 1.0509
861.022 206.391 0.152092 -0.0534579 1.0465
860.357 202.255 0.148963 -0.0524975 1.04482
867.673 206.816 0.146863 -0.0537847 1.03521
774.657 208.446 0.152555 -0.0104013 1.05173
774.752 212.607 0.151628 -0.00982299 1.04519
886.617 153.108 0.128528 -0.0657206 1.0548
498.845 143.761 0.110704 0.123464 1.05706
626.445 219.069 0.148121 0.0649197 1.04219
701.627 529.823 0.0867147 0.0216562 0.809448
715.484 213.86 0.138459 0.0196357 1.022
938.721 173.301 0.142144 -0.0941078 1.05745
713.726 215.215 0.150088 0.0210303 1.04382
523.22 408.332 0.297709 0.167374 1.06215
943.415 272.659 0.170361 -0.0855185 1.00934
649.385 294.235 0.179343 0.0557786 1.02009
597.561 637.116 0.363726 0.105386 0.93842
833.604 161.604 0.126858 -0.0379893 1.04491
863.901 268.909 0.176887 -0.0528099 1.02701
550.366 506.548 0.0818492 0.049044 0.812566
618.057 352.631 0.118112 0.0488457 0.900938
563.066 220.006 0.147303 0.0974598 1.04432
590.434 379.425 0.113497 0.0543136 0.884336
569.046 283.778 0.175912 0.0978183 1.02922
924.766 202.876 0.147497 -0.0815839 1.03653
848.077 279.901 0.190015 -0.0480094 1.03766
793.245 341.76 0.20849 -0.0158927 1.01133
572.476 288.175 0.187165 0.101148 1.04234
894.459 64.6201 0.0911222 -0.0687409 1.06866
782.061 354.737 0.217789 -0.0102772 1.0124
645.739 291.989 0.191212 0.0611122 1.04014
710.081 211.913 0.151447 0.0229421 1.05056
715.502 275.81 0.176939 0.0221031 1.0295
810.08 184.235 0.138535 -0.0274695 1.04708
945.071 480.135 0.123106 -0.0351467 0.850601
801.378 440.447 0.15511 -0.00516535 0.896739
721.962 509.068 0.0783415 0.0174894 0.806693
753.731 85.6063 0.0950482 -0.00208105 1.06606
930.051 277.926 0.192814 -0.0920124 1.03879
704.095 355.791 0.135436 0.0245421 0.917941
567.648 285.327 0.176686 0.0986899 1.02905
855.604 77.5872 0.119964 -0.0747297 1.16776
892.147 58.1536 0.0866147 -0.0656339 1.06258
701.227 289.23 0.181574 0.0297869 1.02498
626.864 215.469 0.146108 0.0643681 1.04206
827.383 502.993 0.441219 -0.0600025 1.06462
702.27 354.873 0.134796 0.0250944 0.917697
513.588 99.4193 0.093448 0.114267 1.06791
870.694 151.711 0.117512 -0.0516037 1.03078
574.968 276.495 0.171943 0.093909 1.02951
791.074 283.982 0.183784 -0.016419 1.02789
922.897 406.277 0.258827 -0.0892944 1.00875
957.649 154.752 0.12938 -0.0981771 1.04863
915.359 401.062 0.26539 -0.0893504 1.01919
899.281 345.757 0.137505 -0.0397394 0.919661
545.339 187.426 0.130678 0.10317 1.04748
698.43 293.116 0.199279 0.0330343 1.04778
539.641 184.562 0.12632 0.103418 1.04108
619.941 269.884 0.163753 0.0680782 1.01967
630.869 280.807 0.174399 0.065041 1.02591
902.261 525.909 0.232542 -0.0500257 0.917848
556.173 529.94 0.0782811 0.0462991 0.803919
675.132 307.049 0.361469 0.0803011 1.26741
752.37 296.892 0.39399 -0.0166576 1.32744
898.996 64.7566 0.0907814 -0.070265 1.06653
712.265 403.834 0.379806 0.0377371 1.13193
577.425 363.926 0.221973 0.101672 1.0195
814.072 457.334 0.143098 -0.00679827 0.878607
938.044 356.663 0.117705 -0.0424667 0.890246
779.089 354.424 0.218883 -0.00888124 1.01406
572.265 280.884 0.177152 0.0973078 1.03379
829.693 72.648 0.0906776 -0.0371753 1.06183
938.579 167.647 0.138192 -0.092693 1.05533
647.327 110.972 0.106479 0.0515247 1.07744
685.704 109.099 0.10939 0.0324804 1.08568
561.366 219.446 0.146836 0.0981839 1.04413
635.399 287.93 0.168126 0.0601306 1.00956
718.179 374.433 0.11037 0.0189426 0.879732
562.449 117.152 0.104458 0.0933934 1.07094
717.113 274.137 0.183231 0.0215201 1.04094
925.798 264.97 0.178389 -0.0845668 1.02933
810.006 176.375 0.129182 -0.025448 1.03516
705.421 286.727 0.186159 0.0280128 1.03395
856.824 350.254 0.235095 -0.0554669 1.0324
678.101 340.423 0.418281 0.0846822 1.27369
951.867 631.985 0.599736 -0.18675 1.01261
720.81 85.0543 0.0906002 0.013589 1.05494
515.678 564.669 0.441056 0.207045 1.02255
521.1 391.415 0.289106 0.16887 1.07049
862.557 411.359 0.252502 -0.053326 1.00155
677.256 341.475 0.41715 0.0853727 1.27034
544.372 113.211 0.0963635 0.0962487 1.05203
855.26 174.721 0.150567 -0.0581296 1.08256
858.417 202.123 0.149797 -0.0520254 1.04681
551.969 218.626 0.158731 0.112041 1.07075
588.712 421.792 0.271363 0.106383 1.02228
508.764 502.41 0.301407 0.155194 0.98917
580.459 365.482 0.222602 0.0999762 1.01877
786.852 364.809 0.181972 -0.00724281 0.964156
839.866 332.431 0.227699 -0.0468229 1.04034
716.23 388.172 0.0819647 0.0181769 0.842528
776.153 87.5333 0.0990301 -0.0135367 1.07438
950.513 170.621 0.136771 -0.0957246 1.04758
914.715 169.495 0.130995 -0.075143 1.03875
599.139 363.932 0.256725 0.103188 1.05834
539.32 212.853 0.144022 0.109621 1.04756
866.219 278.423 0.147848 -0.0404629 0.975188
574.804 517.053 0.265341 0.0998371 0.952994
579.095 512.395 0.27315 0.100804 0.960997
568.646 534.011 0.241571 0.0929362 0.927768
598.572 542.842 0.592318 0.193317 1.10678
773.524 214.66 0.150807 -0.00885225 1.04142
715.711 294.66 0.371339 0.032242 1.30382
781.239 93.2268 0.104595 -0.017043 1.0839
663.036 21.3602 0.0775809 0.0448094 1.15257
920.226 178.061 0.1596 -0.0983822 1.09261
485.957 597.454 0.386467 0.193252 0.974464
535.938 401.287 0.321844 0.174513 1.09195
547.27 547.842 0.311126 0.128266 0.964821
579.983 513.354 0.271149 0.0995398 0.959017
572.368 517.485 0.364074 0.137842 1.01674
695.276 94.6765 0.0956255 0.0258497 1.06059
645.547 421.733 0.256656 0.0676023 1.00637
732.548 86.7369 0.0927817 0.00818141 1.05867
491.728 592.884 0.38642 0.190255 0.977284
932.802 192.675 0.140338 -0.0830163 1.03229
651.617 109.076 0.190224 0.143796 1.7138
533.71 583.923 0.273918 0.115879 0.923774
569.587 432.103 0.217323 0.0943395 0.965586
900.192 181.54 0.162574 -0.0884769 1.0965
586.101 572.098 0.31257 0.103469 0.950364
867.898 259.587 0.176759 -0.056693 1.03536
725.671 225.245 0.641805 -0.0446651 3.10489
933.062 415.999 0.25977 -0.0928859 1.00204
583.683 575.857 0.301304 0.100916 0.942133
847.202 492.35 0.117973 -0.0102883 0.843998
723.033 523.207 0.0798015 0.0174307 0.80478
728.706 513.158 0.0813224 0.0164377 0.808312
502.562 146.629 0.114675 0.12488 1.06425
726.615 131.764 0.230511 -0.024699 2.24153
860.288 168.183 0.140575 -0.0565803 1.06715
629.029 36.5975 0.101796 0.111642 1.43691
711.689 12.1043 -0.1893 0.00684439 0.500495
741.382 35.6038 -0.165062 0.00818242 0.531407
675.928 74.9731 0.128934 0.0509667 1.28927
494.82 496.456 0.351425 0.194469 1.02829
639.378 361.928 0.223657 0.0675065 1.02009
877.235 637.813 0.610999 -0.114755 1.01264
607.665 534.88 0.358886 0.108247 0.999523
635.053 367.328 0.219434 0.0682896 1.01105
501.472 147.805 0.111973 0.121853 1.05473
725.331 145.963 0.245486 -0.0313484 2.54163
570.431 366.317 0.208418 0.0990288 1.00218
569.902 547.718 0.0780099 0.0433927 0.79965
574.99 109.614 0.0974794 0.0831195 1.05779
838.174 191.736 0.181042 -0.0604847 1.13005
895.78 283.044 0.251936 -0.107108 1.12327
608.124 18.8306 0.0787853 0.0851464 1.2001
582.694 209.223 0.158022 0.0960053 1.07872
705.994 290.561 0.207269 0.0294123 1.06182
551.362 552.836 0.321115 0.129086 0.967482
557.14 545.171 0.333114 0.131429 0.979128
914.57 267.995 0.191111 -0.0859796 1.04682
522.71 555.452 0.456214 0.21129 1.03712
807.034 277.8 0.147043 -0.0167584 0.977148
620.172 268.628 0.153161 0.0642857 1.00347
598.08 498.761 0.308434 0.103233 0.993584
906.933 626.22 0.491169 -0.111062 0.985551
905.093 404.68 0.328857 -0.110916 1.07441
682.513 618.247 0.519329 0.0752744 1.00638
848.409 507.614 0.113014 -0.00918327 0.835333
921.333 409.783 0.258638 -0.0875358 1.00603
763.296 294.018 0.339502 -0.022317 1.25017
917.637 202.063 0.157823 -0.0861557 1.05851
709.893 212.059 0.152153 0.0230853 1.05185
512.891 103.003 0.0952177 0.115241 1.0684
