771.813 206.558 0.15247 -0.00883103 1.05617
626.258 215.614 0.151946 0.0658847 1.05621
915.315 149.12 0.128301 -0.0783119 1.05784
896.587 58.3837 0.0895667 -0.068196 1.07102
503.923 96.0947 0.0925434 0.116234 1.06947
503.839 95.4102 0.0921304 0.116049 1.06908
819.889 162.185 0.132483 -0.0330303 1.06034
910.594 150.685 0.133118 -0.0796914 1.06827
893.448 63.8972 0.105817 -0.08375 1.12745
853.457 201.943 0.153775 -0.0506169 1.05769
852.717 202.562 0.154602 -0.0505246 1.05873
565.395 220.677 0.157024 0.100631 1.06565
541.748 181.632 0.129649 0.103754 1.05393
565.28 220.416 0.150013 0.0962268 1.05157
918.041 199.634 0.151946 -0.0811879 1.05164
921.077 196.464 0.149544 -0.0818441 1.05003
920.465 200.651 0.152003 -0.0820401 1.05047
814.882 159.333 0.128672 -0.0296118 1.05502
859.675 203.708 0.151548 -0.0520689 1.05076
859.513 199.809 0.148589 -0.0513695 1.04906
865.864 203.988 0.147268 -0.0526701 1.04148
772.158 206.078 0.152021 -0.00897071 1.05577
772.364 210.008 0.151069 -0.0084768 1.04947
885.504 149.816 0.128064 -0.0643145 1.05904
491.872 140.314 0.110289 0.124998 1.06152
621.224 216.953 0.147454 0.0665251 1.04594
696.488 528.566 0.0870949 0.023173 0.815588
711.539 211.687 0.137997 0.0212741 1.02602
938.584 170.494 0.141509 -0.0926398 1.06107
710.202 212.959 0.149417 0.0225134 1.04758
518.642 408.832 0.298881 0.1694 1.06803
943.626 270.737 0.169744 -0.084297 1.01348
644.849 293.553 0.17865 0.0572601 1.0236
832.18 158.431 0.126156 -0.0366322 1.04851
862.702 267.291 0.176325 -0.0513988 1.03104
541.949 504.556 0.0823508 0.0508831 0.819012
613.485 352.429 0.118202 0.0500367 0.9058
557.184 217.586 0.146605 0.0989082 1.04837
584.291 377.585 0.113788 0.0559621 0.890322
563.586 282.476 0.175576 0.0993495 1.03376
923.987 200.162 0.147236 -0.0802722 1.04126
846.797 278.674 0.189366 -0.0465817 1.04137
791.201 341.482 0.207448 -0.0143968 1.0146
562.496 285.57 0.178776 0.101097 1.03594
893.1 60.2382 0.0907531 -0.0672182 1.07291
779.824 354.606 0.216998 -0.00880183 1.01603
641.558 291.079 0.191063 0.0626269 1.04465
706.868 209.609 0.150903 0.0242608 1.05458
712.221 274.495 0.176385 0.0235274 1.03347
807.893 181.504 0.137933 -0.025944 1.05091
944.377 480.288 0.12329 -0.0338224 0.855938
798.795 440.385 0.155122 -0.00375667 0.901888
716.793 507.38 0.078717 0.0190312 0.81285
751.451 81.2445 0.0946351 -0.0010103 1.07046
929.881 276.716 0.192149 -0.090546 1.04237
700.021 354.93 0.135421 0.0260156 0.922996
562.342 283.998 0.176479 0.100212 1.03383
854.069 73.8467 0.119533 -0.0733044 1.17204
890.793 53.452 0.0863216 -0.0642848 1.06742
697.668 288.057 0.180862 0.0312341 1.02878
622.257 213.445 0.145931 0.065836 1.0466
828.277 508.214 0.433052 -0.0580111 1.06052
698.628 354.17 0.134555 0.0263989 0.92238
506.528 95.2457 0.0928431 0.115689 1.07173
869.36 149.184 0.117662 -0.0503472 1.03549
569.691 275.094 0.171414 0.0952688 1.03371
787.585 282.011 0.18478 -0.014706 1.03492
922.244 406.227 0.258437 -0.0878663 1.0131
957.05 151.434 0.129147 -0.0968509 1.05347
915.541 402.06 0.263697 -0.0875807 1.02142
898.386 345.449 0.137245 -0.0383061 0.923941
539.106 184.763 0.130171 0.104649 1.05158
694.978 292.135 0.198378 0.0344607 1.05121
533.47 181.805 0.126024 0.104957 1.04569
614.987 268.369 0.163152 0.0695423 1.02372
625.959 279.367 0.173809 0.0666379 1.03009
908.56 534.98 0.222305 -0.0477171 0.912123
549.985 529.198 0.0787402 0.0476759 0.810045
671.951 306.975 0.357152 0.0812912 1.2649
751.03 296.675 0.388177 -0.0150558 1.32216
897.807 60.1953 0.0903474 -0.0687921 1.07081
710.646 398.893 0.416106 0.0410145 1.17555
572.171 364.057 0.221213 0.103055 1.02326
812.256 460.516 0.141973 -0.00530297 0.881583
937.071 354.809 0.117822 -0.041164 0.895721
776.78 354.196 0.218157 -0.00740445 1.01783
566.232 279.469 0.176133 0.0988286 1.03735
828.466 67.8639 0.0901639 -0.0361074 1.06618
936.638 164.243 0.138751 -0.0916738 1.06247
642.916 107.539 0.106423 0.0530424 1.08239
681.777 102.565 0.106368 0.033543 1.08565
556.326 217.713 0.147477 0.0999124 1.0501
631.082 286.858 0.16793 0.0615079 1.01405
713.887 372.381 0.110598 0.0204382 0.885607
553.245 107.287 0.0983392 0.093196 1.06587
713.883 272.824 0.182754 0.0229635 1.04503
921.838 264.227 0.182714 -0.0842464 1.04027
807.608 173.49 0.128933 -0.0239677 1.03976
701.98 285.544 0.185825 0.0294911 1.03831
859.219 350.613 0.227099 -0.0532628 1.02704
674.92 340.616 0.414181 0.0861069 1.27257
718.147 79.5718 0.0894164 0.0145885 1.05811
504.912 574.127 0.429205 0.205633 1.01622
522.02 390.752 0.300471 0.173695 1.08761
863.206 412.907 0.250701 -0.0522548 1.0035
673.919 341.79 0.412674 0.0868549 1.2686
537.256 107.573 0.0947113 0.0974241 1.05483
856.712 168.46 0.144728 -0.0559793 1.07837
857.168 199.783 0.149532 -0.0507502 1.05118
547.725 216.648 0.159506 0.113588 1.07736
583.2 423.235 0.269188 0.107598 1.02441
509.422 499.449 0.311991 0.159574 1.00428
579.075 364.323 0.231343 0.103595 1.03441
783.857 364.519 0.18139 -0.00554686 0.968286
838.965 332.023 0.226088 -0.0453195 1.04281
711.417 384.362 0.0829243 0.0197139 0.849702
773.881 81.3871 0.096895 -0.0120274 1.07568
949.434 167.196 0.135741 -0.093588 1.05102
909.812 169.705 0.135616 -0.0747478 1.05105
595.44 364.183 0.258705 0.105123 1.06502
533.018 210.515 0.143441 0.111116 1.05164
852.675 281.708 0.170419 -0.0417622 1.01024
576.791 510.542 0.280822 0.104093 0.973128
585.281 500.814 0.299336 0.106826 0.991906
562.523 537.18 0.240674 0.0944454 0.931453
590.821 553.337 0.572503 0.190761 1.09368
771.189 211.766 0.149265 -0.0074 1.04407
713.713 294.292 0.366333 0.0331578 1.30002
778.812 88.7901 0.103786 -0.0156167 1.08752
861.137 250.009 0.0522813 -0.0102611 0.849806
921.52 174.205 0.156651 -0.0963056 1.09246
492.485 587.19 0.408661 0.201184 0.997632
529.382 403.05 0.318331 0.175056 1.09198
547.778 543.461 0.322227 0.132087 0.980014
580.677 508.585 0.283804 0.10321 0.976276
570.718 515.03 0.373309 0.1419 1.03013
692.494 90.7417 0.0957064 0.0268304 1.06618
641.099 423.723 0.254767 0.0688898 1.00833
729.166 82.368 0.0924636 0.00960818 1.06345
484.786 597.706 0.384631 0.191587 0.979803
929.319 192.139 0.143509 -0.0823928 1.04179
649.279 108.279 0.191971 0.145339 1.71835
530.873 582.894 0.279361 0.118722 0.933433
572.78 427.729 0.233517 0.0987554 0.988519
899.324 179.212 0.162325 -0.0871461 1.10076
584.134 570.276 0.319813 0.106286 0.961376
858.32 263.109 0.194762 -0.0582521 1.06449
724.655 228.821 0.676919 -0.0449165 3.19014
924.577 413.363 0.272347 -0.0938039 1.02028
589.916 560.071 0.329721 0.107085 0.972748
601.945 639.04 0.374469 0.104782 0.947883
844.874 490.189 0.119292 -0.00915255 0.851112
718.009 521.56 0.0802371 0.018953 0.811013
725.446 511.309 0.0818335 0.0176695 0.814618
823.323 366.482 -0.228909 0.00700873 0.458604
946.244 314.706 -0.230446 0.00617965 0.456908
495.67 143.378 0.11428 0.126428 1.06862
725.07 138.496 0.249206 -0.0243479 2.30147
857.657 166.317 0.141612 -0.0551732 1.07365
686.144 205.699 -0.191868 0.00836529 0.506007
724.632 183.174 -0.173393 0.0094023 0.5293
595.642 631.692 0.377145 0.110095 0.953226
490.137 498.245 0.353235 0.196706 1.034
635.007 361.67 0.224198 0.0693484 1.02559
597.893 546.835 0.340826 0.107029 0.987134
608.259 375.306 0.163556 0.0633579 0.947857
494.745 144.457 0.111687 0.123411 1.05949
615.222 43.0716 -0.161878 0.00822395 0.540746
724.026 152.477 0.266412 -0.0315008 2.61382
564.541 366.465 0.208727 0.101086 1.00724
588.558 513.743 0.109097 0.0484356 0.839566
569.739 106.408 0.0978455 0.0847724 1.06359
849.038 176.699 0.154268 -0.0552529 1.09053
604.2 16.9127 0.0801864 0.0870078 1.20761
578.166 207.922 0.15904 0.0978194 1.08495
703.164 289.816 0.208671 0.0307853 1.0684
546.418 555.839 0.321784 0.130842 0.972095
552.407 547.555 0.333705 0.133205 0.98397
915.525 266.863 0.188935 -0.0842063 1.04778
518.299 557.873 0.457664 0.213537 1.0421
797.009 280.898 0.169962 -0.0164396 1.01316
617.531 269.168 0.161221 0.0675026 1.01969
613.478 476.183 0.371753 0.114684 1.06021
911.083 637.011 0.478973 -0.107697 0.979804
904.587 404.069 0.330045 -0.110633 1.08061
678.056 634.298 0.498872 0.0751044 0.994032
846.262 505.862 0.113797 -0.00798468 0.84187
921.787 409.093 0.258543 -0.086997 1.0111
761.793 294.403 0.330398 -0.019646 1.2389
916.896 199.569 0.157361 -0.0847194 1.0627
706.304 209.711 0.151728 0.0246066 1.0562
505.961 98.8772 0.0947616 0.116809 1.0728
