769.66 201.278 0.154423 -0.00966902 1.06082
621.791 210.707 0.153899 0.0650467 1.06086
915.309 142.458 0.130254 -0.0791499 1.06249
896.087 49.9893 0.0915197 -0.069034 1.07566
496.934 88.9617 0.0944963 0.115396 1.07412
496.838 88.2542 0.0940833 0.115211 1.07373
818.383 155.968 0.134436 -0.0338683 1.06499
910.554 144.258 0.135071 -0.0805294 1.07292
893.118 56.6954 0.10777 -0.084588 1.1321
852.605 196.492 0.155728 -0.0514549 1.06234
851.86 197.142 0.156555 -0.0513626 1.06338
560.099 216.106 0.158977 0.0997932 1.0703
535.658 176.055 0.131602 0.102916 1.05858
559.776 215.609 0.151966 0.0953888 1.05622
918.186 193.948 0.153899 -0.0820259 1.05629
921.256 190.677 0.151497 -0.0826821 1.05468
920.647 194.962 0.153956 -0.0828781 1.05512
813.246 152.959 0.130625 -0.0304497 1.05967
858.889 198.165 0.153501 -0.0529069 1.05541
858.703 194.152 0.150542 -0.0522075 1.05371
865.128 198.273 0.149221 -0.053508 1.04613
770.006 200.781 0.153974 -0.0098087 1.06042
770.178 204.684 0.153021 -0.00931479 1.05411
885.019 143.227 0.130017 -0.0651524 1.06369
484.812 134.027 0.112241 0.12416 1.06617
616.546 211.904 0.149407 0.0656871 1.05058
688.605 524.483 0.0890479 0.022335 0.820236
708.101 206.032 0.13995 0.0204361 1.03067
939.016 164.328 0.143462 -0.0934778 1.06572
706.993 207.743 0.151369 0.0216754 1.05223
513.874 407.962 0.300834 0.168562 1.07268
944.231 265.86 0.171697 -0.085135 1.01813
640.67 289.739 0.180603 0.0564221 1.02825
830.783 151.888 0.128109 -0.0374702 1.05316
862.053 262.759 0.178278 -0.0522368 1.03569
529.7 500.066 0.0843037 0.0500451 0.82366
606.464 347.231 0.120155 0.0491987 0.910448
551.479 212.673 0.148558 0.0980702 1.05302
576.229 372.566 0.115741 0.0551241 0.894971
558.15 278.698 0.177529 0.0985115 1.03841
924.191 194.288 0.149189 -0.0811102 1.04591
845.993 274.569 0.191318 -0.0474197 1.04602
789.547 338.341 0.209401 -0.0152348 1.01925
557.097 281.893 0.180729 0.100259 1.04059
892.555 51.9309 0.092706 -0.0680562 1.07756
778.056 351.773 0.218951 -0.00963981 1.02068
637.593 287.545 0.193016 0.0617889 1.0493
703.663 204.447 0.152856 0.0234228 1.05922
709.177 270.351 0.178338 0.0226894 1.03812
806.191 175.546 0.139886 -0.026782 1.05556
944.289 476.406 0.125243 -0.0346604 0.860586
796.193 437.198 0.157075 -0.00459465 0.906536
709.124 502.322 0.0806699 0.0181932 0.817498
748.597 73.517 0.0965881 -0.00184829 1.07511
930.376 272.479 0.194102 -0.091384 1.04702
695.359 350.25 0.137374 0.0251776 0.927644
556.897 280.255 0.178432 0.0993743 1.03848
853.327 67.5431 0.121486 -0.0741424 1.17669
890.167 44.872 0.0882745 -0.0651228 1.07207
694.398 284.142 0.182815 0.0303961 1.03343
617.586 208.331 0.147884 0.064998 1.05124
828.109 508.44 0.435005 -0.0588491 1.06516
693.918 349.453 0.136508 0.0255609 0.927028
499.615 88.1366 0.094796 0.114851 1.07637
868.476 142.113 0.119615 -0.0511852 1.04013
564.31 271.15 0.173367 0.0944308 1.03836
785.807 277.951 0.186733 -0.015544 1.03957
922.857 404.186 0.26039 -0.0887043 1.01775
957.716 144.687 0.1311 -0.0976889 1.05812
916.071 400.047 0.26565 -0.0884187 1.02607
897.761 340.281 0.139198 -0.0391441 0.928589
532.952 179.215 0.132124 0.103811 1.05623
691.935 288.647 0.200331 0.0336228 1.05586
527.106 176.087 0.127977 0.104119 1.05034
610.167 264.051 0.165105 0.0687043 1.02837
621.48 275.383 0.175762 0.0657999 1.03474
908.723 534.201 0.224258 -0.0485551 0.916771
537.42 524.969 0.0806931 0.0468379 0.814694
670.069 305.489 0.359105 0.0804532 1.26955
750.101 295.179 0.39013 -0.0158938 1.3268
897.332 51.8361 0.0923004 -0.0696301 1.07545
709.189 398.232 0.418058 0.0401765 1.1802
567.227 361.801 0.223166 0.102217 1.02791
809.594 457.222 0.143926 -0.00614096 0.886231
936.951 348.87 0.119775 -0.0420019 0.900369
774.979 351.384 0.22011 -0.00824243 1.02248
560.879 275.682 0.178086 0.0979906 1.042
826.826 59.6549 0.0921169 -0.0369453 1.07082
937.028 157.971 0.140704 -0.0925118 1.06712
638.496 100.752 0.108376 0.0522045 1.08704
678.004 95.6865 0.108321 0.032705 1.0903
550.635 212.834 0.14943 0.0990744 1.05475
626.491 282.751 0.169883 0.0606699 1.0187
708.586 366.845 0.112551 0.0196003 0.890255
547.107 100.277 0.100292 0.0923581 1.07052
710.983 268.827 0.184707 0.0221255 1.04968
922.168 259.708 0.184667 -0.0850843 1.04492
805.787 167.137 0.130886 -0.0248057 1.04441
698.877 281.722 0.187778 0.0286531 1.04296
858.764 347.744 0.229052 -0.0541008 1.03169
673.239 339.606 0.416134 0.0852689 1.27722
714.6 71.5765 0.0913693 0.0137505 1.06276
500.508 575.676 0.431158 0.204795 1.02087
517.433 389.722 0.302424 0.172857 1.09226
862.884 410.962 0.252654 -0.0530928 1.00815
672.218 340.783 0.414627 0.0860169 1.27325
530.668 100.357 0.0966642 0.0965861 1.05948
855.915 162.651 0.146681 -0.0568173 1.08301
856.332 194.166 0.151484 -0.0515882 1.05583
542.286 212.194 0.161459 0.11275 1.082
578.843 422.131 0.271141 0.10676 1.02905
504.172 499.674 0.313944 0.158736 1.00893
574.417 362.205 0.233296 0.102757 1.03906
781.679 361.082 0.183343 -0.00638485 0.972934
838.229 329.023 0.228041 -0.0461574 1.04745
704.731 377.421 0.0848773 0.0188759 0.854351
771.445 73.7453 0.098848 -0.0128654 1.08033
950.005 160.756 0.137693 -0.094426 1.05567
909.744 163.369 0.137569 -0.0755858 1.0557
591.443 362.38 0.260658 0.104285 1.06967
526.92 205.537 0.145394 0.110278 1.05629
851.772 277.13 0.172372 -0.0426002 1.01489
572.06 510.582 0.282775 0.103255 0.977776
580.973 500.84 0.301289 0.105988 0.996554
556.75 537.279 0.242627 0.0936074 0.936102
588.36 554.653 0.574456 0.189923 1.09833
768.943 206.385 0.151218 -0.00823799 1.04872
712.344 292.729 0.368286 0.0323198 1.30467
776.572 81.5377 0.105739 -0.0164547 1.09217
857.654 238.189 0.0542342 -0.0110991 0.854454
921.78 168.66 0.158604 -0.0971436 1.09711
487.676 588.89 0.410614 0.200346 1.00228
525.035 402.249 0.320284 0.174218 1.09663
543.005 544.228 0.32418 0.131249 0.984662
576.057 508.613 0.285757 0.102372 0.980924
566.93 515.609 0.375261 0.141062 1.03478
688.644 83.2055 0.0976593 0.0259924 1.07083
637.401 422.367 0.256719 0.0680518 1.01297
725.874 74.542 0.0944166 0.00877019 1.0681
929.592 186.093 0.145462 -0.0832308 1.04644
647.569 105.892 0.193924 0.144501 1.723
525.022 584.02 0.281314 0.117884 0.938081
567.666 426.3 0.23547 0.0979174 0.993168
899.289 173.918 0.164278 -0.0879841 1.10541
579.764 571.329 0.321766 0.105448 0.966024
857.768 259.015 0.196715 -0.05909 1.06914
724.317 228.397 0.678871 -0.0457545 3.19479
925.268 411.539 0.2743 -0.0946419 1.02493
585.788 561.016 0.331674 0.106247 0.977396
842.309 486.539 0.121245 -0.00999054 0.85576
710.368 516.884 0.0821901 0.018115 0.815661
718.178 506.504 0.0837865 0.0168315 0.819267
625.04 61.7774 -0.226956 0.00617074 0.463252
819.232 75.5271 -0.232142 0.0044479 0.45727
742.47 56.4647 -0.228493 0.00534167 0.461556
766.003 385.549 -0.226002 0.00535545 0.460946
488.812 137.289 0.116233 0.12559 1.07327
724.378 137.163 0.251158 -0.0251859 2.30612
856.845 160.381 0.143565 -0.0560112 1.0783
799.475 387.855 -0.189916 0.0075273 0.510655
808.115 314.792 -0.17144 0.00856431 0.533948
591.826 633.759 0.379098 0.109257 0.957874
485.143 498.695 0.355188 0.195868 1.03865
631.084 359.31 0.226151 0.0685104 1.03024
594.05 547.636 0.342779 0.106191 0.991782
602.516 371.924 0.165509 0.06252 0.952505
487.725 138.22 0.11364 0.122573 1.06413
691.894 165.886 -0.159925 0.00738597 0.545394
801.907 27.4232 -0.195332 0.00728348 0.498889
790.908 61.2423 -0.193085 0.00732877 0.501925
723.443 151.455 0.268365 -0.0323387 2.61847
559.213 364.043 0.21068 0.100248 1.01189
579.203 510.66 0.11105 0.0475976 0.844215
563.843 99.3119 0.0997984 0.0839344 1.06824
848.206 171.262 0.156221 -0.0560909 1.09517
599.931 10.2588 0.0821393 0.0861698 1.21225
573.254 203.365 0.160993 0.0969814 1.0896
700.404 286.501 0.210624 0.0299473 1.07305
541.562 556.77 0.323737 0.130004 0.976743
547.822 548.418 0.335658 0.132367 0.988618
915.79 262.526 0.190888 -0.0850443 1.05243
514.354 559.248 0.459617 0.212699 1.04675
795.19 276.429 0.171915 -0.0172776 1.01781
612.696 264.792 0.163174 0.0666646 1.02434
610.383 476.244 0.373706 0.113846 1.06486
912.076 638.705 0.480926 -0.108535 0.984452
905.134 402.664 0.331998 -0.111471 1.08526
676.143 636.37 0.500825 0.0742664 0.99868
843.527 502.272 0.11575 -0.00882267 0.846518
922.393 407.085 0.260496 -0.087835 1.01575
760.749 292.495 0.332351 -0.020484 1.24355
917.061 194.075 0.159314 -0.0855574 1.06735
703.107 204.58 0.153681 0.0237686 1.06085
499.077 91.8715 0.0967145 0.115971 1.07745
