765.911 194.043 0.155085 -0.00860758 1.06427
615.973 204.026 0.154561 0.0661081 1.06431
913.239 133.734 0.130917 -0.0780884 1.06594
893.491 39.6371 0.0921822 -0.0679725 1.07911
488.343 80.1604 0.0951589 0.116458 1.07757
488.234 79.4286 0.0947459 0.116272 1.07718
815.103 147.782 0.135099 -0.0328069 1.06844
908.471 135.794 0.135733 -0.079468 1.07637
890.732 47.6058 0.108433 -0.0835265 1.13555
849.939 188.991 0.15639 -0.0503935 1.06579
849.194 189.676 0.157217 -0.0503011 1.06683
553.492 209.858 0.159639 0.100855 1.07375
528.191 168.803 0.132264 0.103977 1.06203
552.976 209.098 0.152628 0.0964502 1.05967
916.304 186.122 0.154562 -0.0809645 1.05974
919.395 182.748 0.152159 -0.0816206 1.05813
918.795 187.128 0.154619 -0.0818167 1.05857
809.846 144.613 0.131288 -0.0293883 1.06312
856.272 190.548 0.154163 -0.0518455 1.05886
856.057 186.422 0.151204 -0.0511461 1.05716
862.54 190.456 0.149883 -0.0524466 1.04958
766.255 193.527 0.154636 -0.00874726 1.06387
766.399 197.388 0.153684 -0.00825335 1.05756
882.565 134.609 0.130679 -0.064091 1.06714
610.531 205.066 0.15007 0.0667485 1.05403
680.609 516.847 0.0897105 0.0233965 0.823687
703.207 198.429 0.140613 0.0214976 1.03412
937.325 156.058 0.144124 -0.0924164 1.06917
702.322 200.627 0.152032 0.0227369 1.05568
508.267 405.461 0.301497 0.169624 1.07613
942.766 258.59 0.17236 -0.0840736 1.02158
635.293 284.002 0.181266 0.0574836 1.0317
827.576 143.344 0.128772 -0.0364087 1.05661
859.635 256.012 0.178941 -0.0511754 1.03914
517.813 492.499 0.0849663 0.0511066 0.827111
598.669 339.682 0.120818 0.0502602 0.913899
544.48 206.061 0.14922 0.0991317 1.05647
567.574 365.133 0.116404 0.0561855 0.898421
551.575 273.165 0.178192 0.0995729 1.04186
922.345 186.244 0.149851 -0.0800487 1.04936
843.488 268.282 0.191981 -0.0463582 1.04947
786.446 332.929 0.210064 -0.0141734 1.0227
550.563 276.467 0.181392 0.101321 1.04404
889.927 41.6697 0.0933686 -0.0669948 1.08101
774.895 346.67 0.219614 -0.00857838 1.02413
632.418 282.153 0.193678 0.0628503 1.05275
698.993 197.406 0.153519 0.0244843 1.06268
704.777 264.221 0.179001 0.0237508 1.04157
802.772 167.599 0.140549 -0.0257206 1.05901
942.556 468.837 0.125906 -0.033599 0.864037
792.371 431.041 0.157737 -0.00353322 0.909987
701.295 493.721 0.0813325 0.0192547 0.820949
743.988 63.9254 0.0972507 -0.000786852 1.07856
928.867 265.936 0.194765 -0.0903226 1.05047
689.644 343.119 0.138036 0.026239 0.931095
550.316 274.758 0.179095 0.100436 1.04193
850.665 59.4242 0.122148 -0.0730809 1.18014
887.454 34.3353 0.0889371 -0.0640614 1.07552
689.827 278.238 0.183477 0.0314576 1.03688
611.57 201.429 0.148546 0.0660595 1.05469
826.63 506.058 0.435667 -0.0577877 1.06861
688.159 342.287 0.137171 0.0266224 0.930479
491.096 79.3579 0.0954586 0.115913 1.07982
865.668 132.986 0.120278 -0.0501238 1.04358
557.769 265.444 0.17403 0.0954922 1.04181
782.507 271.78 0.187396 -0.0144825 1.04302
921.602 399.456 0.261052 -0.0876429 1.0212
956.174 135.825 0.131763 -0.0966274 1.06157
914.762 395.398 0.266313 -0.0873572 1.02952
895.383 332.315 0.139861 -0.0380826 0.93204
525.432 171.991 0.132786 0.104873 1.05968
687.596 283.229 0.200994 0.0346842 1.05931
519.378 168.689 0.128639 0.10518 1.05379
604.141 257.878 0.165767 0.0697658 1.03182
615.797 269.534 0.176424 0.0668613 1.03819
907.235 529.913 0.224921 -0.0474937 0.920222
525.359 517.495 0.0813557 0.0478993 0.818145
667.041 302.544 0.359768 0.0815146 1.273
747.941 292.186 0.390793 -0.0148324 1.33026
894.759 41.5173 0.092963 -0.0685686 1.0789
706.686 395.809 0.418721 0.041238 1.18365
561.326 357.689 0.223829 0.103278 1.03136
805.752 450.76 0.144589 -0.00507952 0.889682
934.991 339.914 0.120438 -0.0409405 0.90382
771.792 346.315 0.220773 -0.007181 1.02593
554.374 270.144 0.178748 0.099052 1.04545
823.267 49.5238 0.0927795 -0.0358839 1.07428
935.298 149.607 0.141367 -0.0914503 1.07057
632.482 92.2046 0.109038 0.0532659 1.09049
672.594 87.0179 0.108983 0.0337664 1.09375
543.647 206.26 0.150093 0.100136 1.0582
620.719 276.724 0.170545 0.0617314 1.02215
702.363 358.63 0.113214 0.0206617 0.893706
539.413 91.5621 0.100955 0.0934195 1.07397
706.716 262.871 0.18537 0.023187 1.05313
920.515 252.914 0.18533 -0.0840229 1.04837
802.238 158.779 0.131548 -0.0237443 1.04786
694.456 275.932 0.188441 0.0297145 1.04641
856.648 342.497 0.229715 -0.0530394 1.03514
670.502 337.143 0.416796 0.0863304 1.28067
709.348 61.7273 0.0920319 0.0148119 1.06621
495.752 575.266 0.431821 0.205857 1.02432
511.948 387.12 0.303087 0.173918 1.09571
860.952 406.404 0.253317 -0.0520313 1.0116
669.462 338.316 0.415289 0.0870783 1.2767
522.542 91.4383 0.0973268 0.0976475 1.06293
853.26 154.861 0.147343 -0.0557559 1.08646
853.668 186.484 0.152147 -0.0505268 1.05928
535.52 206.108 0.162121 0.113811 1.08546
573.647 419.091 0.271804 0.107821 1.03251
498.364 497.969 0.314607 0.159797 1.01238
568.785 358.253 0.233958 0.103819 1.04251
778.128 355.186 0.184005 -0.00532341 0.976385
835.885 323.766 0.228704 -0.045096 1.0509
697.398 367.597 0.0855398 0.0199373 0.857801
767.217 64.2295 0.0995106 -0.011804 1.08378
948.407 152.184 0.138356 -0.0933645 1.05912
907.647 154.941 0.138231 -0.0745244 1.05915
586.441 358.803 0.261321 0.105346 1.07312
519.513 198.896 0.146056 0.111339 1.05974
849.149 270.27 0.173035 -0.0415388 1.01834
566.728 508.355 0.283438 0.104317 0.981227
576.015 498.681 0.301951 0.107049 1.00001
550.523 534.882 0.24329 0.0946688 0.939552
585.427 554.085 0.575119 0.190985 1.10178
765.111 199.02 0.151881 -0.00717655 1.05217
709.778 289.695 0.368949 0.0333813 1.30812
772.543 72.4219 0.106402 -0.0153933 1.09562
852.886 223.617 0.0548968 -0.0100376 0.857905
919.997 161.089 0.159267 -0.0960821 1.10056
482.567 588.558 0.411277 0.201407 1.00573
519.82 399.868 0.320946 0.175279 1.10008
570.824 506.383 0.28642 0.103434 0.984375
562.543 514.179 0.375924 0.142123 1.03823
683.135 73.8455 0.0983219 0.0270539 1.07428
632.776 418.885 0.257382 0.0691132 1.01643
720.865 64.8603 0.0950792 0.00983163 1.07155
927.788 177.883 0.146125 -0.0821694 1.04989
518.865 582.65 0.281977 0.118946 0.941532
561.765 422.817 0.236133 0.0989788 0.996618
897.294 166.631 0.164941 -0.0869227 1.10886
574.92 569.913 0.322428 0.106509 0.969475
855.465 252.803 0.197378 -0.0580286 1.07259
924.088 407.024 0.274963 -0.0935804 1.02838
581.144 559.556 0.332337 0.107309 0.980847
838.615 479.366 0.121907 -0.0089291 0.859211
702.595 508.595 0.0828527 0.0191764 0.819112
710.69 498.136 0.0844491 0.0178929 0.822717
480.458 129.577 0.116896 0.126651 1.07672
854.169 152.458 0.144228 -0.0549498 1.08175
587.652 633.129 0.379761 0.110318 0.961325
626.112 354.981 0.226813 0.0695718 1.03369
589.64 546.106 0.343442 0.107253 0.995233
595.898 366.331 0.166172 0.0635814 0.955956
710.766 252.788 -0.159263 0.0084474 0.548845
830.555 168.848 -0.19467 0.00834492 0.502339
815.999 193.075 -0.192423 0.0083902 0.505376
721.872 149.345 0.269027 -0.0312773 2.62192
552.957 359.726 0.211343 0.10131 1.01534
569.805 504.508 0.111713 0.0486591 0.847665
593.817 1.84265 0.0828019 0.0872312 1.2157
566.984 197.148 0.161656 0.0980429 1.09305
696.328 281.288 0.211287 0.0310088 1.0765
536.263 555.428 0.324399 0.131066 0.980194
542.756 547.064 0.336321 0.133428 0.992069
914.1 255.937 0.19155 -0.0839828 1.05588
509.998 558.761 0.460279 0.21376 1.0502
791.823 269.776 0.172577 -0.0162161 1.02126
606.657 258.546 0.163837 0.067726 1.02779
911.44 636.742 0.481589 -0.107474 0.987903
903.925 398.817 0.332661 -0.11041 1.08871
673.669 635.669 0.501488 0.0753279 1.00213
839.733 495.04 0.116413 -0.00776123 0.849969
921.136 402.373 0.261158 -0.0867735 1.0192
915.207 186.468 0.159977 -0.084496 1.0708
698.446 197.574 0.154343 0.02483 1.0643
490.593 83.201 0.0973771 0.117032 1.0809
