766.982 185.39 0.155986 -0.00763232 1.06859
614.472 196.37 0.155462 0.0670834 1.06863
916.798 122.844 0.131817 -0.0771132 1.07027
896.383 26.6615 0.0930827 -0.0669973 1.08344
483.788 70.2977 0.0960593 0.117433 1.08189
483.671 69.5372 0.0956463 0.117248 1.0815
816.881 137.811 0.135999 -0.0318316 1.07276
911.856 125.233 0.136634 -0.0784927 1.08069
893.198 36.1795 0.109333 -0.0825513 1.13987
852.469 179.826 0.157291 -0.0494182 1.07011
851.705 180.555 0.158118 -0.0493259 1.07115
550.974 202.859 0.16054 0.10183 1.07807
524.919 160.657 0.133165 0.104953 1.06635
550.403 201.778 0.153529 0.0974255 1.06399
920.059 176.414 0.155462 -0.0799892 1.06406
923.216 172.9 0.15306 -0.0806454 1.06245
922.607 177.405 0.155519 -0.0808414 1.06289
811.549 134.457 0.132188 -0.028413 1.06744
858.967 181.231 0.155064 -0.0508702 1.06318
858.751 176.961 0.152105 -0.0501708 1.06148
865.418 180.883 0.150784 -0.0514713 1.05391
767.332 184.851 0.155537 -0.007772 1.06819
767.519 188.662 0.154584 -0.00727809 1.06189
885.551 123.926 0.13158 -0.0631157 1.07146
608.931 197.229 0.15097 0.0677238 1.05836
682.572 508.123 0.0906109 0.0243717 0.828009
703.265 189.464 0.141513 0.0224728 1.03844
941.328 145.702 0.145025 -0.0914411 1.07349
702.323 192.259 0.152932 0.0237121 1.06001
506.471 402.907 0.302397 0.170599 1.08046
947.492 249.652 0.17326 -0.0830983 1.0259
634.553 277.461 0.182166 0.0584588 1.03603
829.642 132.901 0.129672 -0.0354335 1.06093
862.685 247.847 0.179841 -0.0502001 1.04346
514.851 483.941 0.0858667 0.0520818 0.831432
597.402 331.001 0.121718 0.0512354 0.918221
541.729 198.635 0.150121 0.100107 1.06079
565.686 356.639 0.117304 0.0571608 0.902743
549.347 267.005 0.179092 0.100548 1.04618
926.31 176.258 0.150752 -0.0790735 1.05368
846.206 260.721 0.192881 -0.045383 1.05379
788.537 326.601 0.210964 -0.0131981 1.02702
548.347 270.438 0.182292 0.102296 1.04836
892.739 28.8189 0.094269 -0.0660195 1.08534
776.824 340.746 0.220514 -0.00760312 1.02845
631.625 276.032 0.194579 0.0638256 1.05707
698.907 189.135 0.154419 0.0254595 1.067
705.134 257.08 0.179901 0.0247261 1.04589
804.439 157.971 0.141449 -0.0247453 1.06333
950.572 459.972 0.126806 -0.0326237 0.868359
795.814 423.946 0.158638 -0.00255796 0.914309
703.822 483.765 0.0822329 0.0202299 0.825271
744.112 52.3571 0.0981511 0.000188407 1.08288
933.034 257.916 0.195665 -0.0893473 1.05479
690.393 334.84 0.138937 0.0272143 0.935417
548.077 268.644 0.179995 0.101411 1.04625
852.25 49.3145 0.123049 -0.0721057 1.18446
890.245 21.1456 0.0898375 -0.0630861 1.07984
689.998 271.404 0.184378 0.0324328 1.04121
609.968 193.511 0.149447 0.0670347 1.05902
829.438 503.598 0.436568 -0.0568124 1.07294
688.874 333.967 0.138071 0.0275976 0.934801
486.597 69.5177 0.096359 0.116888 1.08415
868.523 121.725 0.121178 -0.0491485 1.04791
555.596 259.068 0.17493 0.0964675 1.04613
784.229 264.467 0.188296 -0.0135073 1.04734
926.059 393.928 0.261953 -0.0866676 1.02552
919.017 389.964 0.267213 -0.086382 1.03384
900.548 322.747 0.140761 -0.0371074 0.936362
522.124 163.883 0.133687 0.105848 1.06401
687.715 276.988 0.201894 0.0356595 1.06363
515.914 160.382 0.12954 0.106155 1.05811
602.708 250.857 0.166668 0.070741 1.03614
614.643 262.888 0.177325 0.0678366 1.04251
912.976 525.212 0.225821 -0.0465184 0.924544
522.671 509.063 0.0822561 0.0488746 0.822466
666.841 299.288 0.360668 0.0824899 1.27732
748.531 288.733 0.391693 -0.0138571 1.33458
897.681 28.5814 0.0938634 -0.0675934 1.08323
707.423 393.171 0.419621 0.0422132 1.18797
559.791 353.206 0.224729 0.104253 1.03569
809.827 443.313 0.145489 -0.00410426 0.894004
941.654 329.093 0.121338 -0.0399652 0.908142
773.659 340.435 0.221673 -0.00620574 1.03025
552.186 263.977 0.179649 0.100027 1.04977
824.869 37.0463 0.0936799 -0.0349087 1.0786
939.242 139.129 0.142267 -0.0904751 1.07489
630.664 82.2459 0.109939 0.0542411 1.09481
671.472 76.7982 0.109884 0.0347417 1.09807
540.889 198.883 0.150993 0.101111 1.06252
619.678 269.853 0.171446 0.0627066 1.02647
703.666 349.019 0.114114 0.021637 0.898028
535.867 81.6514 0.101855 0.0943948 1.0783
707.074 255.939 0.18627 0.0241622 1.05745
924.544 244.578 0.18623 -0.0830476 1.05269
803.932 148.642 0.132449 -0.022769 1.05219
694.678 269.227 0.189341 0.0306898 1.05073
859.849 336.295 0.230615 -0.0520641 1.03946
670.518 334.454 0.417697 0.0873056 1.28499
708.839 49.9416 0.0929323 0.0157872 1.07053
494.958 575.051 0.432721 0.206832 1.02864
510.144 384.452 0.303987 0.174893 1.10003
864.534 401.145 0.254217 -0.0510561 1.01592
669.474 335.626 0.41619 0.0880536 1.28102
518.642 81.3181 0.0982272 0.0986228 1.06725
855.629 145.287 0.148244 -0.0547806 1.09079
856.304 177.088 0.153047 -0.0495515 1.0636
532.711 199.348 0.163022 0.114787 1.08978
572.718 415.864 0.272704 0.108796 1.03683
496.829 496.337 0.315507 0.160773 1.0167
567.407 353.951 0.234859 0.104794 1.04683
780.438 348.314 0.184906 -0.00434815 0.980706
838.593 317.546 0.229604 -0.0441207 1.05523
698.895 356.005 0.0864403 0.0209126 0.862123
767.759 52.6859 0.100411 -0.0108287 1.0881
952.709 141.429 0.139256 -0.0923893 1.06344
911.201 144.463 0.139132 -0.0735491 1.06347
585.408 354.922 0.262221 0.106322 1.07744
516.288 191.493 0.146957 0.112314 1.06406
852.216 262.01 0.173935 -0.0405635 1.02266
566.122 506.121 0.284338 0.105292 0.985548
575.555 496.509 0.302852 0.108025 1.00433
549.629 532.491 0.24419 0.0956441 0.943874
585.782 553.651 0.576019 0.19196 1.10611
766.238 190.214 0.152781 -0.0062013 1.05649
773.167 61.3589 0.107302 -0.014418 1.09994
858.433 205.723 0.0557972 -0.00906239 0.862227
923.431 151.624 0.160167 -0.0951069 1.10488
481.592 588.447 0.412177 0.202382 1.01005
518.239 397.442 0.321846 0.176254 1.1044
570.28 504.142 0.28732 0.104409 0.988696
562.142 512.829 0.376824 0.143098 1.04255
682.167 62.7412 0.0992223 0.0280291 1.0786
632.727 415.096 0.258282 0.0700885 1.02075
720.576 53.2486 0.0959796 0.0108069 1.07587
931.836 167.667 0.147025 -0.0811941 1.05421
517.813 581.464 0.282877 0.119921 0.945854
560.554 419.088 0.237033 0.0999541 1.00094
900.293 157.574 0.165841 -0.0859474 1.11318
574.818 568.645 0.323329 0.107485 0.973796
858.189 245.285 0.198278 -0.0570533 1.07691
928.506 401.77 0.275863 -0.0926052 1.0327
581.107 558.224 0.333237 0.108284 0.985169
844.145 471.071 0.122808 -0.00795384 0.863533
705.243 499.043 0.0837531 0.0201517 0.823434
713.489 488.467 0.0853495 0.0188682 0.827039
856.577 142.716 0.145128 -0.0539745 1.08607
588.143 632.794 0.380661 0.111293 0.965647
625.611 350.164 0.227714 0.0705471 1.03801
589.682 544.679 0.344342 0.108228 0.999555
594.819 360.041 0.167072 0.0645567 0.960277
694.462 359.458 -0.158362 0.00942266 0.553167
814.171 401.846 -0.193769 0.00932018 0.506661
798.331 399.28 -0.191522 0.00936546 0.509697
721.207 146.914 0.269928 -0.0303021 2.62624
551.242 355.01 0.212243 0.102285 1.01966
568.571 497.652 0.112613 0.0496343 0.851987
564.657 190.169 0.162556 0.0990181 1.09737
696.552 275.278 0.212187 0.031984 1.08082
535.537 554.229 0.3253 0.132041 0.984516
542.127 545.839 0.337221 0.134403 0.996391
917.949 247.866 0.192451 -0.0830076 1.0602
509.388 558.442 0.46118 0.214736 1.05452
793.826 261.862 0.173478 -0.0152409 1.02559
605.268 251.432 0.164737 0.0687013 1.03211
916.004 635.137 0.482489 -0.106498 0.992224
907.485 394.363 0.333561 -0.109435 1.09303
675.318 635.268 0.502388 0.0763031 1.00645
845.551 486.696 0.117313 -0.00678597 0.854291
925.609 396.873 0.262059 -0.0857983 1.02352
491.843 83.3219 0.105962 0.121464 1.09843
521.519 442.507 0.186007 0.0918709 0.940414
595.285 617.566 0.400054 0.113946 0.982279
946.904 600.19 0.379617 -0.100327 0.972743
597.003 620.107 0.397174 0.111759 0.979506
924.395 159.312 0.164585 -0.0963658 1.10505
841.858 155.535 0.138504 -0.0403689 1.05571
770.571 243.123 0.16747 -0.00571136 1.03313
918.472 525.59 0.378844 -0.0993821 1.01938
605.365 394.791 0.346232 0.119397 1.12503
771.135 249.213 0.170537 -0.00590103 1.03294
838.325 621.015 0.516464 -0.0577134 1.01551
873.921 242.818 0.171837 -0.0525261 1.03396
580.268 562.646 0.325211 0.105695 0.978073
612.07 412.444 0.210716 0.0674469 0.977149
953.041 458.759 0.290234 -0.0984818 1.00437
728.098 182.815 0.408616 -0.0283753 2.10494
581.741 558.564 0.335186 0.108516 0.986048
955.293 158.677 0.156563 -0.103718 1.08378
492.733 590.331 0.175977 0.0849495 0.876109
925.523 460.878 0.315971 -0.0944257 1.02337
726.703 554.08 0.665831 0.0385758 1.13211
935.447 536.882 0.325432 -0.0872474 0.981247
691.487 566.436 0.814693 0.103573 1.16506
844.999 572.471 0.426867 -0.0543129 1.01434
571.296 361.584 0.115975 0.0550213 0.899015
647.926 65.1409 0.0977239 0.0427843 1.07352
582.526 78.8441 0.102762 0.0736321 1.07988
918.844 177.025 0.160877 -0.0835207 1.07512
698.348 189.346 0.155244 0.0258053 1.06862
486.117 73.4921 0.0982775 0.118008 1.08522
