764.225 173.351 0.154925 -0.00668028 1.07102
608.817 185.329 0.154372 0.068089 1.07094
916.619 108.586 0.130591 -0.0760166 1.07209
895.184 10.1251 0.0920282 -0.0658417 1.08545
814.095 124.683 0.134863 -0.0304621 1.07464
923.575 110.494 0.128857 -0.0765363 1.06426
891.588 21.7519 0.108811 -0.0817128 1.14384
851.365 167.372 0.156105 -0.0484534 1.07219
850.494 168.145 0.157019 -0.0483648 1.07344
544.644 192.523 0.159515 0.102674 1.08046
517.039 148.858 0.131988 0.105911 1.06848
543.625 190.993 0.152274 0.0982516 1.06596
920.144 163.479 0.154257 -0.0789654 1.06605
923.179 159.665 0.151968 -0.0796888 1.06486
922.302 164.263 0.154453 -0.0798031 1.06543
809.315 120.908 0.131046 -0.027391 1.06948
857.976 168.595 0.154055 -0.0500094 1.06567
858.102 164.288 0.150958 -0.0493633 1.06349
864.012 168.163 0.150017 -0.0504812 1.05674
764.42 172.894 0.154503 -0.00674009 1.07057
764.624 176.466 0.153437 -0.00625855 1.06421
884.641 109.796 0.130499 -0.0621161 1.07379
603.167 185.934 0.149688 0.0685908 1.06026
676.335 495.07 0.0894137 0.0252792 0.830292
699.169 176.937 0.140291 0.0233875 1.04052
941.832 132.144 0.143711 -0.0903042 1.07507
697.89 180.479 0.151551 0.0248569 1.06173
505.708 396.229 0.307756 0.173197 1.09024
948.037 237.365 0.17212 -0.0820963 1.02822
630.493 267.447 0.181274 0.059136 1.03879
587.932 628.327 0.379887 0.110859 0.968426
827.782 118.895 0.128502 -0.0344492 1.06308
862.113 236.312 0.17854 -0.0492944 1.04555
503.148 471.919 0.0846322 0.0529846 0.833498
592.886 319.032 0.120821 0.051486 0.920501
535.046 187.698 0.149009 0.100871 1.06307
557.458 344.684 0.116093 0.0580613 0.904784
543.246 257.589 0.17794 0.101319 1.04835
926.325 162.793 0.149842 -0.0782807 1.05655
845.171 249.936 0.19173 -0.0444139 1.05609
786.808 316.914 0.209659 -0.0122584 1.02922
541.857 260.917 0.180878 0.103174 1.05036
891.249 12.4197 0.0932213 -0.064783 1.08742
774.91 331.546 0.219333 -0.00664158 1.03078
627.068 266.583 0.193139 0.064639 1.05896
695.154 177.673 0.153033 0.0262668 1.0684
701.63 246.636 0.178654 0.0256381 1.04799
801.817 144.951 0.140343 -0.0235993 1.06559
951.921 447.484 0.125243 -0.0315059 0.870152
793.238 412.369 0.157947 -0.00152771 0.917382
697.298 469.134 0.0811158 0.0212336 0.827696
740.28 37.0411 0.097102 0.00111747 1.08511
933.059 246.777 0.194504 -0.0881695 1.05704
685.695 322.941 0.137682 0.0281668 0.937521
542.009 259.15 0.178946 0.102251 1.04871
850.155 36.4078 0.122642 -0.0712729 1.18878
889.135 4.1688 0.0887468 -0.062062 1.08197
686.306 261.216 0.183156 0.0333308 1.04341
604.23 182.313 0.148294 0.0679225 1.061
825.139 491.363 0.453162 -0.0575392 1.09185
684.18 322.805 0.136402 0.0284874 0.935988
866.627 107.367 0.120397 -0.0480084 1.05057
549.343 249.466 0.173647 0.0972437 1.04803
781.527 253.591 0.188164 -0.0124872 1.05159
926.58 385.046 0.260793 -0.0856977 1.02797
919.184 381.189 0.266092 -0.0853102 1.03636
900.891 309.754 0.139264 -0.0361202 0.938046
515.535 152.131 0.13316 0.106754 1.06773
684.222 267.518 0.200533 0.0365359 1.06562
507.559 148.165 0.128352 0.107243 1.06049
597.422 240.305 0.165609 0.0715584 1.03865
609.338 252.841 0.176021 0.0687553 1.04458
901.713 505.877 0.241334 -0.0471938 0.943657
511.27 496.12 0.0811178 0.0497794 0.824843
664.459 293.529 0.359261 0.0832544 1.2794
896.767 11.9668 0.0927702 -0.0665451 1.08526
705.645 389.126 0.413475 0.0428644 1.18421
554.49 345.686 0.223249 0.104947 1.03748
808.261 431.785 0.144322 -0.00323275 0.896359
942.217 314.677 0.120059 -0.0388745 0.910151
772.207 331.654 0.219842 -0.00538437 1.03147
546.334 254.527 0.178868 0.100941 1.0526
822.098 21.3662 0.0929112 -0.0338293 1.08121
939.638 125.41 0.140924 -0.0892899 1.0764
624.883 68.6343 0.108927 0.0551294 1.09713
667.041 62.3565 0.108496 0.0353091 1.09983
533.401 187.423 0.14893 0.10169 1.06335
614.581 259.581 0.170289 0.0635629 1.02873
698.677 336.301 0.112398 0.0225536 0.899292
527.987 67.8889 0.100799 0.095216 1.08051
703.983 245.614 0.185258 0.024944 1.06006
931.013 230.078 0.17766 -0.0806961 1.04473
801.63 134.973 0.131317 -0.0218136 1.0544
691.152 259.253 0.188222 0.031593 1.05307
859.08 327.152 0.229065 -0.0508051 1.04113
668.425 328.96 0.419206 0.088953 1.29163
704.973 50.9593 0.103256 0.0170456 1.09239
484.312 578.208 0.418294 0.204248 1.02041
514.193 377.391 0.317849 0.179858 1.11951
864.115 392.705 0.252792 -0.0499351 1.01796
667.261 330.314 0.416195 0.0894201 1.28539
509.084 65.9994 0.0961443 0.099197 1.06757
854.94 131.686 0.146207 -0.0536562 1.09145
855.384 164.281 0.151934 -0.0487102 1.06593
525.865 189.129 0.161662 0.115532 1.09158
563.092 411.981 0.260978 0.107742 1.02742
491.395 491.002 0.312607 0.161141 1.01823
562.255 346.364 0.232876 0.105376 1.04827
781.002 337.433 0.172366 -0.00311906 0.969482
837.929 308.32 0.228016 -0.0431214 1.05686
692.981 339.601 0.0855825 0.0218594 0.864957
765.089 37.1371 0.099194 -0.0101606 1.09004
952.862 127.53 0.138376 -0.091417 1.06604
907.844 133.48 0.141371 -0.073111 1.07106
581.363 348.008 0.261357 0.107156 1.08014
504.569 177.487 0.14119 0.111984 1.05918
840.152 257.157 0.196684 -0.042555 1.05768
560.967 501.521 0.281093 0.105748 0.985889
573.983 488.954 0.30582 0.109374 1.01099
556.791 513.112 0.26264 0.0996818 0.966417
579.465 556.486 0.557949 0.189785 1.09569
763.208 179.14 0.153335 -0.0053232 1.06122
769.917 47.457 0.106865 -0.0135211 1.10335
829.753 211.969 0.0873009 -0.00989741 0.909645
928.055 134.192 0.153109 -0.0925738 1.09782
515.886 391.627 0.324631 0.178212 1.11119
563.017 501.516 0.279813 0.104221 0.984892
543.07 525.905 0.341559 0.137077 1.01185
677.101 47.7566 0.0981141 0.0289339 1.08076
628.771 408.62 0.256362 0.0709105 1.02201
716.226 37.8103 0.0949343 0.0117247 1.07818
933.892 152.657 0.143691 -0.079591 1.05283
481.297 422.259 0.388677 0.241943 1.14039
527.379 560.736 0.303257 0.124766 0.96851
553.148 413.059 0.231875 0.100105 0.998823
571.776 563.4 0.32238 0.108212 0.976585
858.466 235.134 0.197207 -0.0565603 1.07871
925.748 392.293 0.279948 -0.0925943 1.04092
581.994 546.996 0.341972 0.110659 0.997022
599.676 617.34 0.399834 0.110329 0.982656
802.196 419.09 0.211271 -0.0105738 0.965267
700.148 487.776 0.0821518 0.0209308 0.824782
709.881 476.344 0.0839339 0.0194761 0.828678
854.312 129.228 0.143837 -0.0525217 1.08847
583.568 632.849 0.373722 0.11119 0.963533
623.436 341.838 0.233083 0.0724003 1.04847
585.518 541.592 0.340053 0.108505 0.999118
588.317 349.814 0.163624 0.0649365 0.96002
723.206 421.645 -0.157993 0.0104781 0.557691
909.693 515.229 -0.193271 0.0104872 0.511363
719.857 144.622 0.273921 -0.0305218 2.64942
539.373 347.583 0.201533 0.101181 1.01013
538.113 507.537 0.0904005 0.0480008 0.830599
559.124 180.285 0.162145 0.0999485 1.10066
690.872 261.214 0.191774 0.0321126 1.05704
534.365 549.308 0.327991 0.132945 0.989292
540.92 540.199 0.340133 0.135567 1.00181
927.793 231.266 0.178799 -0.0797226 1.04581
501.803 559.766 0.450232 0.212808 1.04869
792.811 248.187 0.166248 -0.0136977 1.01989
600.099 241.188 0.164156 0.0696191 1.03508
904.896 385.99 0.338252 -0.109622 1.10198
844.017 473.629 0.116306 -0.00582977 0.856887
925.772 387.418 0.261455 -0.0850454 1.02694
480.839 66.7009 0.102247 0.121306 1.09627
569.903 408.225 0.271163 0.1088 1.03973
592.519 614.724 0.397304 0.114432 0.98337
943.528 588.021 0.386406 -0.1008 0.982164
606.381 590.556 0.436946 0.118865 1.01526
932.957 137.322 0.151064 -0.0914964 1.08801
838.696 144.664 0.140446 -0.0397311 1.0626
765.661 235.697 0.176068 -0.0047814 1.04891
917.426 517.054 0.38105 -0.0990292 1.0252
599.998 389.383 0.332563 0.116998 1.11514
855.543 586.072 0.394309 -0.0509297 0.989903
768.752 238.463 0.169917 -0.00503098 1.03563
841.546 623.84 0.503364 -0.055741 1.00847
867.128 234.478 0.180297 -0.0527513 1.04981
575.425 560.972 0.319568 0.105541 0.976209
622.975 396.602 0.253351 0.0740635 1.02804
726.004 193.039 0.468763 -0.0310616 2.26532
579.274 553.43 0.336057 0.109609 0.98983
952.567 148.239 0.158895 -0.103608 1.09129
530.006 541.949 0.222361 0.0931088 0.925317
924.719 452.357 0.317398 -0.0939471 1.02847
934.715 528.906 0.328859 -0.0872509 0.986923
694.5 535.705 0.912292 0.113128 1.23562
855.647 584.679 0.392024 -0.0507345 0.989697
564.587 350.474 0.114468 0.0554207 0.900303
641.767 49.9879 0.0962171 0.0436838 1.07445
576.818 67.122 0.10344 0.0747805 1.0851
918.842 164.361 0.159692 -0.0824928 1.07721
694.634 177.778 0.154122 0.0266196 1.07079
