761.05 157.825 0.154375 -0.00550541 1.07416
602.855 170.716 0.153823 0.0692639 1.07407
915.927 90.5537 0.130041 -0.0748418 1.07523
811.6 107.601 0.134314 -0.0292873 1.07778
922.998 92.1894 0.128307 -0.0753615 1.0674
890.378 3.44887 0.108262 -0.0805379 1.14698
849.704 151.403 0.155555 -0.0472785 1.07533
848.826 152.248 0.15647 -0.04719 1.07658
537.637 178.691 0.158965 0.103849 1.08359
508.868 133.324 0.131439 0.107086 1.07162
536.399 176.607 0.151724 0.0994264 1.0691
919.633 146.924 0.153707 -0.0777906 1.06918
922.709 142.936 0.151419 -0.0785139 1.068
921.829 147.7 0.153903 -0.0786282 1.06857
806.686 103.524 0.130496 -0.0262161 1.07262
856.41 152.397 0.153506 -0.0488346 1.06881
856.514 147.874 0.150408 -0.0481884 1.06663
862.517 151.587 0.149468 -0.0493063 1.05988
761.243 157.337 0.153953 -0.00556523 1.07371
761.429 160.782 0.152888 -0.00508368 1.06735
883.378 91.9724 0.12995 -0.0609412 1.07693
596.981 170.965 0.149138 0.0697657 1.0634
669.192 473.152 0.0888641 0.026454 0.83343
694.557 160.55 0.139742 0.0245624 1.04366
941.64 114.887 0.143161 -0.0891293 1.07821
693.475 165.061 0.151001 0.0260318 1.06487
500.518 388.258 0.307207 0.174372 1.09338
948.096 221.412 0.171571 -0.0809214 1.03136
625.297 254.019 0.180724 0.0603109 1.04193
584.865 621.218 0.379338 0.112034 0.971564
825.458 101.131 0.127953 -0.0332743 1.06621
860.787 221.355 0.17799 -0.0481195 1.04868
490.939 450.271 0.0840827 0.0541595 0.836636
585.224 300.818 0.120271 0.0526609 0.923639
527.577 173.134 0.148459 0.102046 1.06621
548.746 326.212 0.115544 0.0592361 0.907922
536.475 244.57 0.17739 0.102494 1.05149
925.903 145.826 0.149292 -0.0771058 1.05969
843.66 235.828 0.191181 -0.043239 1.05923
784.535 303.9 0.209109 -0.0110836 1.03236
535.125 248.075 0.180328 0.104349 1.0535
772.541 319.034 0.218783 -0.00546672 1.03391
622.036 253.883 0.192589 0.0658139 1.0621
690.727 162.427 0.152484 0.0274417 1.07154
697.634 232.678 0.178105 0.026813 1.05113
799.144 128.208 0.139794 -0.0224244 1.06873
952.36 427.713 0.124694 -0.0303311 0.87329
790.584 396.255 0.157398 -0.000352845 0.92052
690.393 445.577 0.0805662 0.0224085 0.830834
735.944 17.6867 0.0965525 0.00229233 1.08825
932.917 232.283 0.193955 -0.0869946 1.06017
680.524 305.767 0.137133 0.0293417 0.940659
535.236 246.195 0.178396 0.103426 1.05185
848.372 19.916 0.122093 -0.0700981 1.19191
682.104 247.568 0.182606 0.0345057 1.04655
598.04 167.256 0.147745 0.0690973 1.06413
824.436 483.775 0.452612 -0.0563644 1.09499
678.947 305.525 0.135853 0.0296623 0.939126
864.939 88.572 0.119847 -0.0468335 1.05371
542.595 236.171 0.173097 0.0984186 1.05117
778.971 239.665 0.187614 -0.0113123 1.05473
926.57 373.156 0.260244 -0.0845229 1.0311
919.075 369.523 0.265542 -0.0841353 1.0395
900.088 291.313 0.138715 -0.0349454 0.941184
507.357 136.679 0.13261 0.107929 1.07087
680.241 254.851 0.199984 0.0377108 1.06876
499.071 132.333 0.127802 0.108418 1.06363
591.362 226.188 0.16506 0.0727333 1.04179
603.695 239.287 0.175471 0.0699302 1.04772
901.54 493.556 0.240785 -0.046019 0.946795
498.963 474.064 0.0805682 0.0509543 0.827981
661.683 286.069 0.358711 0.0844293 1.28254
703.644 381.984 0.412925 0.0440393 1.18735
548.724 334.707 0.2227 0.106122 1.04062
805.742 414.591 0.143772 -0.00205788 0.899497
942.188 294.041 0.119509 -0.0376997 0.913289
769.801 319.182 0.219292 -0.00420951 1.03461
539.648 241.563 0.178318 0.102116 1.05574
819.326 1.06916 0.0923616 -0.0326545 1.08434
939.397 108 0.140375 -0.088115 1.07954
618.501 51.1534 0.108377 0.0563043 1.10026
661.495 44.6302 0.107947 0.036484 1.10297
525.901 172.867 0.148381 0.102865 1.06649
608.893 245.578 0.169739 0.0647378 1.03187
693.096 316.443 0.111848 0.0237285 0.90243
519.362 50.0733 0.10025 0.0963909 1.08365
700.127 232.059 0.184708 0.0261189 1.0632
930.796 214.65 0.17711 -0.0795212 1.04787
798.839 117.464 0.130767 -0.0206388 1.05754
687.112 245.889 0.187673 0.0327679 1.0562
858.014 314.554 0.228516 -0.0496303 1.04427
666.031 322.342 0.418656 0.0901279 1.29477
700.057 32.464 0.102707 0.0182205 1.09553
480.385 572.23 0.417744 0.205423 1.02355
509.236 369.642 0.3173 0.181033 1.12265
863.272 380.915 0.252243 -0.0487603 1.0211
664.842 323.651 0.415645 0.090595 1.28853
499.851 47.6642 0.0955947 0.100372 1.07071
853.279 115.294 0.145657 -0.0524813 1.09459
853.757 147.97 0.151385 -0.0475353 1.06907
518.597 175.628 0.161112 0.116707 1.09472
558.062 402.319 0.260429 0.108917 1.03056
486.145 483.213 0.312058 0.162316 1.02137
556.781 335.738 0.232326 0.106551 1.05141
778.264 322.308 0.171816 -0.0019442 0.97262
836.54 295.855 0.227466 -0.0419465 1.06
686.31 316.083 0.0850329 0.0230343 0.868095
761.291 17.9003 0.0986445 -0.00898577 1.09318
952.844 109.745 0.137826 -0.0902422 1.06918
907.057 116.227 0.140822 -0.0719361 1.0742
576.609 338.31 0.260807 0.108331 1.08327
496.322 162.562 0.14064 0.113159 1.06231
838.596 243.328 0.196134 -0.0413801 1.06081
556.244 492.534 0.280544 0.106923 0.989027
569.755 480.495 0.30527 0.110549 1.01413
551.734 503.647 0.26209 0.100857 0.969556
577.377 551.193 0.5574 0.19096 1.09882
759.982 163.43 0.152785 -0.00414834 1.06436
766.352 29.0417 0.106315 -0.0123463 1.10649
826.715 187.822 0.0867514 -0.00872255 0.912783
927.662 117.849 0.152559 -0.0913989 1.10096
511.04 383.998 0.324082 0.179386 1.11433
558.304 492.482 0.279263 0.105396 0.988031
538.907 518.407 0.34101 0.138251 1.01499
671.49 28.7941 0.0975646 0.0301087 1.0839
624.644 398.399 0.255812 0.0720854 1.02515
711.344 18.2816 0.0943848 0.0128996 1.08132
933.574 135.196 0.143141 -0.0784161 1.05597
522.56 552.598 0.302708 0.125941 0.971648
547.485 402.417 0.231326 0.10128 1.00196
567.805 555.389 0.32183 0.109387 0.979723
857.19 221.338 0.196657 -0.0553855 1.08185
925.74 381.008 0.279398 -0.0914194 1.04406
578.347 539.276 0.341422 0.111834 1.00016
596.889 610.405 0.399284 0.111504 0.985794
800.246 406.017 0.210721 -0.0093989 0.968405
693.355 464.524 0.0816023 0.0221056 0.827921
703.451 453.214 0.0833844 0.0206509 0.831816
852.621 112.658 0.143287 -0.0513469 1.09161
580.402 625.688 0.373172 0.112365 0.966671
618.915 330.846 0.232533 0.0735751 1.05161
581.886 533.811 0.339504 0.10968 1.00226
581.838 335.336 0.163075 0.0661113 0.963158
718.249 139.553 0.273371 -0.029347 2.65256
532.918 335.678 0.200983 0.102356 1.01327
527.178 486.8 0.0898509 0.0491757 0.833737
686.879 248.049 0.191225 0.0332874 1.06018
529.96 541.625 0.327441 0.13412 0.99243
536.734 532.696 0.339583 0.136742 1.00495
927.527 215.928 0.17825 -0.0785477 1.04895
498.317 554.045 0.449682 0.213983 1.05183
790.211 232.782 0.165699 -0.0125228 1.02303
594.05 226.944 0.163607 0.0707939 1.03822
904.659 376.318 0.337702 -0.108447 1.10512
670.955 636.494 0.481973 0.0766524 0.998104
925.755 375.553 0.260905 -0.0838706 1.03008
565.119 398.843 0.270613 0.109974 1.04287
589.63 607.803 0.396755 0.115607 0.986508
943.946 578.754 0.385857 -0.099625 0.985302
603.886 584.007 0.436396 0.12004 1.01839
932.64 120.723 0.150515 -0.0903216 1.09115
836.68 127.669 0.139896 -0.0385562 1.06574
762.718 221.212 0.175519 -0.00360653 1.05205
917.495 507.913 0.380501 -0.0978543 1.02833
596.302 381.421 0.332014 0.118173 1.11828
855.172 577.459 0.39376 -0.0497549 0.993041
765.784 223.524 0.169368 -0.00385612 1.03877
841.238 616.331 0.502815 -0.0545661 1.01161
865.893 219.613 0.179748 -0.0515765 1.05295
571.464 552.879 0.319018 0.106716 0.979347
618.721 386.317 0.252801 0.0752384 1.03118
724.568 188.435 0.468213 -0.0298868 2.26846
575.539 545.623 0.335508 0.110783 0.992968
952.595 132.017 0.158346 -0.102433 1.09443
523.769 531.362 0.221811 0.0942837 0.928455
924.784 442.013 0.316848 -0.0927723 1.03161
935.01 518.741 0.328309 -0.086076 0.990061
693.919 531.203 0.911743 0.114303 1.23876
855.271 576.036 0.391475 -0.0495596 0.992835
555.955 331.78 0.113919 0.0565955 0.903441
635.366 30.9601 0.0956676 0.0448587 1.07758
569.293 49.3015 0.10289 0.0759554 1.08824
918.33 148.247 0.159142 -0.081318 1.08034
690.219 162.624 0.153572 0.0277945 1.07393
