732.026 190.813 0.234708 -0.471215 4.88285
713.283 185.52 -0.102989 -0.13366 5.60102
721.341 63.4459 -0.122849 -0.172429 3.38762
546.691 90.2529 0.241811 0.060349 0.85428
889.721 74.2573 0.249224 -0.0336406 0.863947
772.111 73.1637 0.242479 0.000442292 0.854209
668.052 63.2958 0.231748 0.0271835 0.837902
540.542 81.432 0.235955 0.0596477 0.844813
937.302 134.133 0.241825 -0.0307064 0.808362
685.57 80.5152 0.236602 0.0233579 0.838593
725.516 197.246 -0.139832 0.0261033 0.269395
785.694 154.095 0.246766 0.00185728 0.814944
797.974 184.968 0.263621 -0.00314653 0.83096
919.034 50.0663 0.232758 -0.032652 0.834917
932.411 289.056 0.278432 -0.0312277 0.801347
685.875 131.597 0.235129 0.0240604 0.806227
675.098 50.9781 0.221756 0.0249037 0.817529
668.066 288.368 0.263745 0.0308629 0.790063
517.39 67.6832 0.224365 0.0600109 0.822986
671.499 146.386 0.234086 0.0271655 0.797685
757.654 208.314 -0.111309 0.0242468 0.299207
745.77 201.571 -0.116279 0.0248368 0.294379
530.067 168.921 0.242142 0.0590748 0.809266
783.279 147.439 0.24167 0.00316988 0.808077
558.653 418.168 0.297712 0.0607393 0.788393
593.465 531.638 0.32826 0.0564429 0.77821
561.987 297.905 0.268321 0.0554434 0.796424
782.34 25.0238 0.21269 0.00361748 0.801735
575.726 551.181 0.335149 0.0621371 0.777926
940.649 387.764 0.302522 -0.0333112 0.792685
657.356 279.394 0.480498 0.0708577 1.12979
916.255 44.192 0.230277 -0.0310736 0.832134
698.446 274.709 0.476245 0.0319779 1.12478
901.774 473.438 0.183044 0.0104294 0.653238
688.517 306.989 0.277245 0.0271958 0.800945
667.974 282.755 0.269234 0.0313149 0.800134
637.802 565.831 0.166005 0.0273625 0.630576
905.92 85.2425 0.250988 -0.037164 0.859354
912.097 558.262 0.401495 -0.0409604 0.811248
668.608 60.4197 0.22991 0.0268996 0.834651
776.16 52.6664 0.229796 0.00159875 0.833251
502.74 139.389 0.22813 0.060124 0.794997
923.438 299.615 0.302045 -0.0387363 0.828526
758.351 309.834 0.951158 -0.131912 1.71291
900.942 273.651 0.284998 -0.0282571 0.818048
685.955 407.426 0.371776 0.0348415 0.864554
945.738 424.444 0.528857 -0.139773 0.976602
808.756 192.172 0.265965 -0.00594997 0.830953
563.792 200.54 0.261526 0.0569347 0.829547
661.406 271.083 0.259676 0.0318951 0.790912
485.968 131.93 0.270414 0.0932351 0.90162
890.109 183.063 0.269227 -0.0290229 0.838041
890.06 95.0587 0.260775 -0.0380756 0.877904
663.021 185.463 0.252961 0.0306977 0.8167
913.825 255.378 0.265712 -0.0247665 0.797483
810.973 269.106 0.287117 -0.00610092 0.826782
862.54 196.792 0.315003 -0.042058 0.916112
790.023 391.881 0.327172 0.000427642 0.821965
799.689 396.567 0.384936 -0.0119105 0.878362
557.05 317.547 0.283845 0.0608015 0.810213
570.956 292.146 0.275122 0.0555739 0.808231
900.157 172.866 0.260007 -0.0280299 0.825929
881.918 312.746 0.0373056 0.0268471 0.482352
905.641 278.658 0.283663 -0.0283056 0.813787
901.533 291.603 0.305524 -0.035203 0.837929
822.808 47.0048 0.240114 -0.0146635 0.864166
503.677 607.961 0.448408 0.119841 0.83262
788.295 0.54306 0.199964 0.00509033 0.778071
566.47 280.515 0.258908 0.0521946 0.789292
580.637 206.257 0.263119 0.0528232 0.828722
659.919 474.353 0.250792 0.0319029 0.72358
926.628 139.32 0.253323 -0.0349778 0.829538
544.394 409.728 0.289379 0.0619676 0.782751
636.428 257.086 0.420386 0.0741906 1.06566
796.856 283.852 0.298213 -0.00360561 0.836163
581.866 210.954 0.299891 0.0651754 0.895207
532.288 325.294 0.269296 0.0614585 0.788376
948.205 522.234 0.340433 -0.0361644 0.781085
505.631 403.295 0.329822 0.0880366 0.830462
808.859 307.464 0.284584 -0.00240109 0.806403
499.569 633.129 0.365604 0.0887356 0.775418
593.089 297.452 0.290391 0.0538936 0.826953
640.739 610.956 0.535393 0.0761801 0.869725
766.051 175.546 0.273695 0.00244991 0.857411
820.763 45.5603 0.240116 -0.0143249 0.865497
919.912 28.8033 0.234539 -0.0383022 0.855068
781.161 159.044 0.257643 0.000695421 0.834374
770.762 152.786 0.255199 0.00342477 0.833427
513.652 537.667 0.36453 0.0896339 0.806401
533.117 612.835 0.297571 0.0607707 0.735153
672.24 90.4295 0.363854 0.0717059 1.72737
653.901 304.216 0.193336 0.0276758 0.688827
832.615 368.03 0.461577 -0.0519445 0.974946
586.243 407.004 0.332186 0.0630525 0.828234
918.137 368.768 0.32854 -0.040012 0.828754
720.669 62.3289 -0.124989 -0.167117 3.38122
