752.528 129.505 0.149022 -0.00604395 1.07772
588.401 142.433 0.148562 0.0686867 1.07794
912.777 58.8966 0.124857 -0.0753315 1.07932
805.21 76.6284 0.128956 -0.0299228 1.0813
930.648 58.261 0.11702 -0.0742212 1.0542
844.203 123.337 0.150161 -0.0476161 1.07858
843.465 124.159 0.151022 -0.0475926 1.07984
519.505 151.101 0.153164 0.103574 1.08628
490.008 102.166 0.126339 0.10666 1.07606
518.934 148.162 0.146248 0.0987703 1.07242
917.823 118.057 0.147794 -0.0783372 1.07159
920.314 113.992 0.145802 -0.0789555 1.07095
919.947 118.602 0.147935 -0.0791493 1.07113
799.527 72.1643 0.125111 -0.0266186 1.07586
851.12 123.65 0.148103 -0.0493039 1.07249
850.786 119.138 0.145201 -0.0485137 1.07037
857.671 122.301 0.143882 -0.0498294 1.06306
752.722 128.989 0.148554 -0.00609644 1.07712
752.384 131.96 0.14748 -0.00547843 1.07114
879.198 60.396 0.124646 -0.0613613 1.08056
581.627 141.78 0.143712 0.0692753 1.06721
642.152 436.36 0.0839038 0.0260276 0.838394
682.515 130.097 0.134491 0.0240289 1.04769
939.585 85.0319 0.137832 -0.0895401 1.08182
682.223 135.958 0.145526 0.0254279 1.06858
485.68 372.078 0.300811 0.173409 1.09546
945.182 194.175 0.166142 -0.081518 1.03543
611.495 228.812 0.175395 0.0597156 1.04561
570.539 611.977 0.3687 0.110521 0.970587
819.342 69.257 0.122402 -0.0337737 1.06899
855.105 195.51 0.172524 -0.0484917 1.05216
564.777 268.813 0.116275 0.0521765 0.929281
510.115 144.416 0.143352 0.101418 1.07025
525.087 293.291 0.110653 0.0585968 0.912513
519.786 218.361 0.172085 0.101923 1.05587
923.477 116.875 0.143872 -0.0776234 1.06282
837.915 211.559 0.185325 -0.0435371 1.06176
776.666 281.007 0.203528 -0.01176 1.03585
505.285 215.592 0.160338 0.10079 1.03742
764.216 297.117 0.213037 -0.00603958 1.03709
605.889 227.541 0.181596 0.064713 1.05806
679.428 133.984 0.147101 0.0268984 1.07498
686.17 207.27 0.171552 0.0263025 1.05238
791.79 97.8433 0.134553 -0.022992 1.07272
942.196 395.992 0.121077 -0.0311672 0.879526
778.152 369.309 0.153249 -0.000944139 0.925898
664.512 408.034 0.0754698 0.0218147 0.835301
929.631 207.872 0.188529 -0.0873105 1.06379
664.884 275.962 0.131889 0.0286366 0.944578
518.383 220.409 0.172957 0.10277 1.0557
670.395 222.438 0.177227 0.0339599 1.05016
583.095 138.246 0.142481 0.068469 1.06792
836.343 496.408 0.378962 -0.0507067 1.03574
663.152 274.674 0.130957 0.0290085 0.943952
644.29 45.3751 -0.293256 0.0110596 0.428259
859.73 54.9826 0.1144 -0.0472889 1.05719
524.968 209.556 0.166981 0.0977616 1.05401
770.762 214.906 0.182183 -0.0117664 1.05824
923.032 354.044 0.253927 -0.0848171 1.03368
915.953 350.228 0.259073 -0.0847078 1.04219
892.413 260.681 0.133595 -0.0354755 0.945614
488.097 105.663 0.127221 0.107359 1.07448
669.145 231.189 0.194181 0.0371424 1.07174
575.993 199.36 0.159857 0.0721447 1.04565
589.508 213.259 0.170334 0.0692677 1.05196
903.297 481.042 0.222866 -0.0452182 0.938072
653.52 270.559 0.347964 0.0833018 1.2783
848.719 299.917 0.254754 -0.0587223 1.08314
697.958 367.118 0.424948 0.044274 1.20947
533.119 313.406 0.21698 0.105357 1.04378
792.352 386.484 0.139802 -0.00261471 0.90501
935.929 261.809 0.114194 -0.0382419 0.916918
761.527 297.15 0.213622 -0.00485956 1.03799
522.719 215.709 0.17269 0.1015 1.0593
937.146 77.9154 0.135051 -0.0884147 1.08302
609.222 34.7066 0.114716 0.0576199 1.12278
648.974 10.0782 0.102452 0.0359057 1.10615
508.001 144.066 0.143059 0.102244 1.07011
593.943 219.465 0.164523 0.0641709 1.03557
674.675 283.494 0.106699 0.0231715 0.906357
499.579 13.6387 0.0945217 0.0956582 1.0865
688.698 206.777 0.179615 0.0259721 1.06768
928.753 187.643 0.170154 -0.0796058 1.04939
791.203 85.9854 0.125074 -0.0210172 1.05998
676.682 221.181 0.182076 0.0318207 1.0594
851.009 293.829 0.225978 -0.0504209 1.0512
659.081 308.557 0.408169 0.0886062 1.29222
480.174 548.977 0.433464 0.210165 1.04445
487.859 354.079 0.299447 0.176824 1.1117
657.232 310.444 0.403385 0.0891053 1.2825
849.516 83.815 0.138373 -0.0526711 1.09513
847.899 119.589 0.146428 -0.0479183 1.0732
501.6 148.644 0.15593 0.116088 1.09842
536.245 385.436 0.243384 0.106229 1.02134
540.37 314.965 0.224697 0.105595 1.05224
769.727 294.343 0.156518 -0.00218454 0.964512
831.279 274.155 0.220544 -0.0423414 1.06161
662.816 277.33 0.0818632 0.0228797 0.87499
953.011 76.9652 0.130726 -0.0902774 1.07011
903.6 86.1225 0.135552 -0.0723535 1.07791
566.45 319.636 0.260878 0.108676 1.0933
833.2 218.896 0.189699 -0.0418002 1.06293
546.114 471.936 0.28302 0.107576 1.00054
563.985 458.265 0.314976 0.112377 1.03297
543.739 479.755 0.268891 0.102129 0.985435
569.448 540.091 0.553987 0.190632 1.1028
750.423 133.426 0.145785 -0.00422219 1.06559
756.718 257.455 0.330239 -0.0226277 1.25797
926.944 87.4525 0.14549 -0.091422 1.10194
497.015 368.13 0.317133 0.178248 1.11606
547.886 471.866 0.281366 0.106007 0.999249
525.77 503.539 0.336032 0.137648 1.01882
612.065 379.243 0.250002 0.0713359 1.02846
923.216 113.803 0.146398 -0.0807251 1.07236
512.232 532.472 0.304658 0.126553 0.982031
532.213 381.444 0.226525 0.100605 1.00667
558.283 534.834 0.324678 0.110095 0.991094
855.013 196.002 0.188345 -0.0560379 1.08103
934.585 364.822 0.255606 -0.0887144 1.02722
566.693 523.284 0.338081 0.1115 1.00568
578.162 612.095 0.374053 0.107845 0.97258
851.634 431.041 0.0824595 -0.00478419 0.834869
667.587 425.006 0.0769787 0.0215284 0.833397
678.299 411.99 0.0790817 0.0201551 0.838021
848.142 82.2705 0.137267 -0.0517385 1.09406
570.46 607.219 0.374041 0.112724 0.975479
605.597 309.623 0.224781 0.0724927 1.05252
568.908 519.118 0.333842 0.109171 1.00558
564.88 308.762 0.158567 0.0653777 0.968114
716.558 136.043 0.287822 -0.0314906 2.72549
516.557 313.068 0.196863 0.101969 1.01837
515.84 526.521 0.322305 0.133485 0.996201
523.073 518.02 0.334089 0.136041 1.00838
925.091 189.42 0.171873 -0.0788314 1.05123
483.799 544.042 0.438904 0.211813 1.05078
781.902 205.074 0.159296 -0.0130154 1.02535
574.71 195.526 0.151755 0.0692123 1.03327
916.867 363.919 0.303901 -0.103744 1.0765
661.21 629.297 0.468803 0.0753151 0.995641
922.938 356.189 0.254432 -0.0845311 1.03268
541.765 382.362 0.249573 0.106839 1.02957
577.224 596.088 0.38907 0.114599 0.98811
939.478 565.181 0.378618 -0.0997327 0.987581
596.271 566.627 0.43934 0.120597 1.02869
930.527 91.8939 0.145171 -0.0907542 1.09471
834.324 88.369 0.126536 -0.0379781 1.05719
753.962 195.226 0.170181 -0.00415842 1.05572
930.801 508.905 0.34201 -0.0930181 1.00159
578.211 367.465 0.308645 0.114642 1.10144
853.208 571.913 0.375111 -0.0491273 0.985333
757.682 194.461 0.160429 -0.0044775 1.03776
835.519 606.211 0.493651 -0.0544624 1.01206
861.183 193.395 0.173401 -0.0519241 1.05524
570.623 521.843 0.340454 0.110212 1.00785
608.711 366.585 0.253845 0.0752779 1.04191
650.214 635.37 0.444016 0.0784866 0.983941
722.347 183.648 0.484481 -0.031374 2.31969
565.872 526.25 0.337113 0.111291 1.00331
952.588 102.756 0.151522 -0.102446 1.09563
516.901 501.737 0.231417 0.0961658 0.947391
926.44 428.496 0.301665 -0.0916154 1.02517
939.937 511.016 0.307613 -0.0842245 0.979516
684.15 552.79 0.794311 0.104816 1.16395
842.12 549.913 0.4058 -0.0516766 1.01355
531.683 297.627 0.109144 0.0561869 0.908597
552.296 14.0294 0.0975561 0.0753633 1.0917
780.073 246.764 -0.19327 0.0092779 0.523723
664.081 71.1237 0.203026 0.079089 1.65517
723.134 637.493 0.438454 0.0299942 0.978192
524.221 389.04 0.219237 0.0997182 0.994771
686.784 170.096 0.424901 0.136032 2.49028
936.713 452.377 0.27115 -0.0790043 0.986724
902.926 562.361 0.411217 -0.0894652 1.00559
931.544 638.782 0.432305 -0.0983475 0.968289
836.035 496.428 0.768261 -0.148845 1.22218
549.931 547.525 0.16884 0.060874 0.884097
681.253 213.815 0.638551 0.261364 2.84197
755.533 307.892 0.267462 -0.00627277 1.0987
840.599 370.63 0.272475 -0.0471348 1.04482
887.893 104.516 0.149234 -0.0713308 1.0944
847.551 346.752 0.29056 -0.0610009 1.08246
936.517 446.118 0.282481 -0.0847594 0.998849
757.185 206.327 0.182477 -0.00637042 1.06791
633.484 626.755 0.324959 0.0661442 0.942123
953.431 101.546 0.15014 -0.101807 1.09339
855.626 356.01 0.247859 -0.0496369 1.0296
825.63 537.287 1.03291 -0.177355 1.2326
640.378 380.586 0.306632 0.0703135 1.08276
676.798 132.766 0.144508 0.0277222 1.07012
772.766 285.145 0.204129 -0.00974993 1.03376
618.621 513.002 0.0353089 0.0219737 0.780529
915.636 120.36 0.153675 -0.0817375 1.08362
679.002 134.343 0.148125 0.0272283 1.07718
