734.436 184.311 0.230688 -0.4796 4.88558
715.17 178.717 -0.107009 -0.142045 5.60374
724.931 49.8148 -0.126869 -0.180814 3.39035
532.596 52.2809 0.237791 0.0519639 0.857006
885.399 39.374 0.245204 -0.0420256 0.866674
763.7 36.2965 0.238459 -0.00794278 0.856936
655.243 23.3311 0.227728 0.0187984 0.840629
525.296 42.0127 0.231935 0.0512626 0.84754
929.375 96.3918 0.237805 -0.0390915 0.811088
673.413 41.6102 0.232582 0.0149729 0.84132
647.335 238.608 -0.143852 0.0177182 0.272122
774.16 116.772 0.242746 -0.00652779 0.81767
788.556 151.062 0.259601 -0.0115316 0.833687
913.231 11.2158 0.228738 -0.0410371 0.837644
923.812 257.529 0.274411 -0.0396128 0.804073
670.379 91.1357 0.231109 0.0156753 0.808954
660.106 7.96492 0.217736 0.0165186 0.820256
651.373 252.565 0.259725 0.0224778 0.79279
498.941 24.8553 0.220345 0.0516258 0.825713
654.56 105.294 0.230066 0.0187805 0.800412
639.623 249.565 -0.1203 0.0164517 0.297106
511.366 129.162 0.238122 0.0506898 0.811993
770.835 108.886 0.23765 -0.00521519 0.810803
541.109 385.969 0.293692 0.0523543 0.79112
576.837 502.249 0.324239 0.0480579 0.780937
543.918 262.265 0.264301 0.0470583 0.799151
559.118 522.111 0.331129 0.053752 0.780652
931.533 359.28 0.298502 -0.0416963 0.795412
656.055 263.253 0.476477 0.0624727 1.13251
910.1 4.69244 0.226257 -0.0394586 0.834861
697.577 258.702 0.472225 0.0235928 1.1275
842.007 409.026 0.179024 0.00204428 0.655964
673.966 273.62 0.273225 0.0188107 0.803672
652.609 248.078 0.265214 0.0229298 0.802861
535.959 486.23 0.161985 0.0189774 0.633303
901.724 50.5927 0.246967 -0.0455491 0.86208
904.495 537.14 0.397475 -0.0493454 0.813975
655.458 19.9458 0.22589 0.0185145 0.837378
765.872 12.5527 0.225776 -0.00678632 0.835977
480.829 95.995 0.224109 0.051739 0.797724
726.523 246.527 -0.0684691 0.0108081 0.356684
917.188 271.55 0.298025 -0.0471213 0.831252
759.783 302.688 0.947138 -0.140298 1.71564
893.19 243.153 0.280978 -0.0366421 0.820775
677.877 383.734 0.367756 0.0264564 0.867281
945.291 410.344 0.524837 -0.148158 0.979329
799.642 158.687 0.261945 -0.014335 0.83368
548.715 164.935 0.257505 0.0485496 0.832273
644.488 234.596 0.255656 0.02351 0.793639
886.654 62.4108 0.256755 -0.0464607 0.880631
648.685 148.645 0.248941 0.0223126 0.819426
904.201 221.677 0.261691 -0.0331516 0.80021
801.797 238.47 0.283096 -0.014486 0.829509
860.167 171.16 0.310982 -0.050443 0.918838
780.489 365.172 0.323152 -0.00795743 0.824692
794.127 374.821 0.380915 -0.0202956 0.881088
540.985 284.344 0.279825 0.0524164 0.81294
554.599 257.868 0.271101 0.0471888 0.810958
892.999 138.805 0.255987 -0.036415 0.828656
721.273 446.688 0.0400542 0.0102843 0.49396
897.608 247.929 0.279643 -0.0366907 0.816513
895.489 263.934 0.301504 -0.043588 0.840655
816.569 10.2598 0.236094 -0.0230485 0.866892
493.822 584.345 0.444387 0.111456 0.835347
547.19 243.226 0.254887 0.0438096 0.792018
703.671 480.98 0.0106432 0.0101893 0.457461
565.905 170.962 0.259098 0.0444382 0.831449
920.549 104.339 0.249302 -0.0433628 0.832264
525.579 376.329 0.285358 0.0535825 0.785478
948.509 511.883 0.321006 -0.0408139 0.767355
633.949 238.288 0.416366 0.0658055 1.06838
561.538 632.457 0.345621 0.0534056 0.758821
788.223 254.631 0.294192 -0.0119907 0.838889
512.772 289.345 0.265276 0.0530734 0.791103
938.389 497.252 0.336412 -0.0445495 0.783812
492.137 374.612 0.325802 0.0796515 0.833188
483.241 604.916 0.361583 0.0803506 0.778145
579.392 265.725 0.286371 0.0455085 0.82968
634.254 591.509 0.531373 0.0677951 0.872451
915.551 623.616 0.353273 -0.0340779 0.758936
771.528 124.19 0.253623 -0.00768965 0.837101
760.741 117.447 0.251178 -0.00496031 0.836154
499.827 510.545 0.360509 0.0812488 0.809128
508.446 578.914 0.293551 0.0523856 0.73788
606.672 244.714 0.189316 0.0192907 0.691554
830.871 351.068 0.457556 -0.0603296 0.977673
573.795 379.129 0.328166 0.0546675 0.83096
911.79 343.326 0.32452 -0.0483971 0.831481
951.607 616.107 0.334504 -0.0381532 0.749114
829.899 514.83 0.630815 -0.071622 0.964784
959.771 627.565 0.329055 -0.0376593 0.742962
913.067 601.065 0.36916 -0.0388538 0.774564
916.215 64.1694 0.134971 0.00266211 0.623497
861.886 9.06778 0.237903 -0.0359659 0.870665
835.719 416.381 0.769422 -0.152022 1.164
522.314 36.3007 0.229186 0.0508387 0.843502
893.043 139.845 0.252755 -0.0346721 0.821731
922.98 111.379 0.243832 -0.0396244 0.816727
547.19 286.476 0.287467 0.0535677 0.822731
917.066 347.787 0.326946 -0.0503973 0.832017
819.828 39.8412 0.187489 -0.00432265 0.726327
648.839 250.514 0.252029 0.0220337 0.782027
642.857 134.742 0.234833 0.0215948 0.797631
724.249 48.6323 -0.12901 -0.175502 3.38395
