748.611 101.936 0.147502 -0.00829048 1.07808
581.71 113.733 0.147042 0.0664402 1.07831
912.006 30.2086 0.123337 -0.077578 1.07969
802.511 47.695 0.127436 -0.0321694 1.08167
929.774 27.9378 0.1155 -0.0764677 1.05457
841.794 96.5105 0.148641 -0.0498627 1.07895
841.058 97.4384 0.149502 -0.0498392 1.08021
511.787 122.573 0.151644 0.101327 1.08665
481.418 70.7101 0.124819 0.104413 1.07643
510.918 118.629 0.144728 0.0965238 1.07278
916.482 91.3067 0.146274 -0.0805837 1.07196
919.037 87.062 0.144282 -0.081202 1.07132
918.626 91.8635 0.146415 -0.0813958 1.0715
796.663 42.6256 0.123591 -0.0288651 1.07623
848.719 96.5045 0.146583 -0.0515504 1.07285
848.378 91.6677 0.143681 -0.0507602 1.07074
855.227 94.5213 0.142362 -0.0520759 1.06343
748.8 101.363 0.147034 -0.00834297 1.07749
748.339 104.053 0.14596 -0.00772496 1.07151
877.867 31.5049 0.123126 -0.0636078 1.08093
574.601 112.274 0.142192 0.0670288 1.06758
624.889 384.763 0.0823838 0.023781 0.838763
676.839 99.7289 0.132971 0.0217824 1.04806
939.043 57.8588 0.136312 -0.0917866 1.08218
676.957 107.328 0.144006 0.0231814 1.06895
942.958 168.004 0.164622 -0.0837645 1.0358
604.526 201.434 0.173875 0.0574691 1.04598
562.399 590.204 0.36718 0.108274 0.970956
816.721 39.3291 0.120882 -0.0360203 1.06936
851.916 169.759 0.171004 -0.0507382 1.05253
552.985 230.074 0.114755 0.0499299 0.92965
501.886 114.501 0.141832 0.0991718 1.07062
511.657 252.424 0.109133 0.0563502 0.912882
904.451 610.678 0.0561671 -0.00607023 0.778509
511.601 190.427 0.170565 0.0996766 1.05624
922.097 89.5288 0.142352 -0.0798699 1.06319
834.542 186.898 0.183805 -0.0457837 1.06213
771.667 256.385 0.202008 -0.0140065 1.03622
496.401 186.056 0.158818 0.0985437 1.03779
759.025 273.023 0.211517 -0.00828611 1.03745
599.108 200.941 0.180076 0.0624665 1.05843
674.241 105.675 0.145581 0.0246518 1.07535
680.492 180.309 0.170032 0.024056 1.05275
788.594 69.0724 0.133033 -0.0252386 1.07309
933.82 357.08 0.119557 -0.0334138 0.879895
769.701 336.3 0.151729 -0.00319067 0.926267
589.608 601.363 0.0571356 0.0226812 0.782511
647.196 354.029 0.0739498 0.0195682 0.83567
927.506 184.115 0.18701 -0.089557 1.06416
655.589 240.771 0.130369 0.02639 0.944947
910.793 591.048 0.0564428 -0.00700971 0.780828
510.178 192.526 0.171437 0.100524 1.05607
664.411 195.729 0.175707 0.0317134 1.05053
576.108 108.663 0.140961 0.0662225 1.06829
830.761 478.733 0.377442 -0.0529532 1.03611
653.801 239.325 0.129437 0.0267619 0.944321
636.03 56.2405 -0.294776 0.00881308 0.428628
857.703 24.0115 0.11288 -0.0495354 1.05756
516.8 181.21 0.165461 0.0955151 1.05438
766.396 189.468 0.180663 -0.0140129 1.05861
919.052 333.054 0.252407 -0.0870637 1.03405
575.575 634.897 0.423549 0.113789 0.968706
912.064 329.647 0.257553 -0.0869544 1.04256
886.82 227.222 0.132075 -0.037722 0.945983
578.973 629.114 0.428268 0.113641 0.97353
663.553 206.237 0.192661 0.0348959 1.07211
568.442 170.521 0.158337 0.0698982 1.04602
582.333 185.543 0.168814 0.0670212 1.05233
896.281 454.956 0.221346 -0.0474647 0.938441
650.038 255.012 0.346444 0.0810553 1.27867
845.166 279.682 0.253234 -0.0609688 1.08351
694.145 352.61 0.423428 0.0420274 1.20984
525.153 288.154 0.21546 0.10311 1.04415
783.094 350.872 0.138282 -0.00486124 0.905379
929.968 224.361 0.112674 -0.0404884 0.917287
756.322 273.097 0.212102 -0.00710609 1.03836
514.652 187.941 0.17117 0.0992531 1.05967
936.653 50.5063 0.133531 -0.0906613 1.08339
603.742 4.44323 0.113196 0.0553734 1.12315
499.73 114.106 0.141539 0.0999976 1.07048
586.46 190.805 0.163003 0.0619243 1.03594
663.596 242.516 0.105179 0.020925 0.906725
683.358 180.868 0.178095 0.0237256 1.06805
926.592 162.125 0.168635 -0.0818524 1.04976
787.829 55.823 0.123554 -0.0232637 1.06035
670.979 195.132 0.180556 0.0295742 1.05977
847.071 271.443 0.224459 -0.0526675 1.05157
655.696 294.438 0.406649 0.0863596 1.29259
480.935 333.606 0.297927 0.174578 1.11207
653.763 296.124 0.401865 0.0868587 1.28287
847.73 56.5025 0.136853 -0.0549177 1.09549
845.488 92.2972 0.144908 -0.0501648 1.07357
493.791 120.563 0.15441 0.113842 1.09879
528.029 360.956 0.241864 0.103983 1.02171
532.706 290.411 0.223177 0.103349 1.05261
815.106 636.618 0.693716 -0.0671091 1.0298
762.785 263.458 0.154998 -0.00443107 0.96488
827.414 251.611 0.219024 -0.0445879 1.06198
649.258 228.976 0.0803432 0.0206331 0.875359
567.58 639.186 0.189577 0.0524977 0.863015
952.59 48.8147 0.129206 -0.0925239 1.07048
902.416 58.3675 0.134032 -0.0746001 1.07828
559.955 297.924 0.259358 0.106429 1.09367
829.736 194.532 0.188179 -0.0440467 1.0633
537.832 448.585 0.2815 0.10533 1.00091
556.703 437.036 0.313456 0.110131 1.03333
534.978 455.348 0.267371 0.0998827 0.985804
564.241 524.464 0.552467 0.188385 1.10317
746.239 105.18 0.144265 -0.00646872 1.06596
754.18 241.977 0.328719 -0.0248742 1.25834
926.458 61.4886 0.14397 -0.0936685 1.10231
490.349 348.349 0.315613 0.176001 1.11643
539.578 448.425 0.279846 0.103761 0.999618
518.086 482.254 0.334512 0.135401 1.01919
604.867 355.791 0.248482 0.0690893 1.02882
868.444 589.038 0.0679478 -0.00458578 0.790092
922.007 86.9903 0.144878 -0.0829716 1.07273
503.453 509.038 0.303138 0.124307 0.9824
523.501 355.633 0.225005 0.0983589 1.00704
926.807 627.223 0.403119 -0.0924161 0.955302
550.195 512.616 0.323158 0.107849 0.991463
852.27 172.185 0.186825 -0.0582844 1.0814
930.512 343.806 0.254086 -0.0909609 1.02758
559.051 501.945 0.336561 0.109253 1.00605
570.135 590.557 0.372533 0.105598 0.972949
838.142 379.932 0.0809395 -0.00703072 0.835238
650.153 371.213 0.0754588 0.0192818 0.833766
661.634 359.34 0.0775617 0.0179085 0.83839
846.329 54.8163 0.135747 -0.053985 1.09443
562.464 585.734 0.372521 0.110477 0.975848
598.764 285.525 0.223261 0.0702462 1.05289
561.251 497.68 0.332322 0.106925 1.00595
555.01 276.883 0.157047 0.0631311 0.968483
716.986 127.04 0.286303 -0.0337371 2.72586
507.687 285.73 0.195343 0.0997223 1.01874
955.806 628.751 0.52445 -0.152597 0.991626
507.549 504.112 0.320785 0.131238 0.99657
515.166 496.361 0.332569 0.133794 1.00875
922.893 164.067 0.170353 -0.0810779 1.0516
777.089 176.888 0.157776 -0.015262 1.02572
566.829 165.568 0.150235 0.0669657 1.03364
928.977 626.071 0.421655 -0.0995692 0.96233
913.261 345.86 0.302381 -0.10599 1.07686
654.329 610.608 0.467283 0.0730686 0.99601
533.821 358.443 0.248053 0.104592 1.02994
569.618 575.384 0.387551 0.112352 0.988479
932.991 546.738 0.377098 -0.101979 0.98795
589.72 548.13 0.43782 0.118351 1.02906
929.957 65.7126 0.143651 -0.0930007 1.09508
831.627 58.5436 0.125016 -0.0402246 1.05756
749.393 168.718 0.168661 -0.00640496 1.05609
925.004 490.045 0.340491 -0.0952646 1.00196
572.114 347.711 0.307125 0.112396 1.10181
846.448 552.727 0.373591 -0.0513738 0.985702
752.816 166.629 0.158909 -0.00672403 1.03813
828.998 589.527 0.492131 -0.0567089 1.01242
858.145 167.844 0.171881 -0.0541706 1.05561
563.063 500.658 0.338934 0.107965 1.00821
601.769 343.648 0.252325 0.0730314 1.04228
643.001 615.89 0.442496 0.0762401 0.98431
722.308 175.569 0.482961 -0.0336205 2.32006
558.171 504.809 0.335593 0.109045 1.00368
506.455 473.963 0.229897 0.0939192 0.94776
921.682 409.14 0.300145 -0.0938619 1.02553
933.842 490.502 0.306093 -0.086471 0.979885
679.923 540.387 0.792791 0.102569 1.16432
835.923 532.144 0.40428 -0.0539232 1.01392
518.138 256.306 0.107624 0.0539404 0.908966
865.394 631.829 0.397663 -0.0568216 0.952733
662.806 55.02 0.201506 0.0768424 1.65554
715.867 618.224 0.436934 0.0277477 0.978561
515.065 362.382 0.217717 0.0974716 0.99514
686.391 161.609 0.423381 0.133786 2.49065
931.237 430.781 0.26963 -0.0812508 0.987093
896.632 544.856 0.409697 -0.0917118 1.00596
924.114 620.473 0.430785 -0.100594 0.968658
831.872 485.949 0.766741 -0.151091 1.22255
536.314 512.227 0.16732 0.0586274 0.884466
680.732 207.361 0.637031 0.259117 2.84234
578.042 636.402 0.410398 0.108201 0.963131
751.209 287.872 0.265942 -0.0085193 1.09906
835.953 350.149 0.270955 -0.0493813 1.04519
886.544 78.3803 0.147714 -0.0735773 1.09477
832.689 631.142 0.518778 -0.0576807 0.992705
843.637 327.89 0.28904 -0.0632475 1.08283
931.29 425.365 0.280962 -0.0870059 0.999218
752.836 181.091 0.180957 -0.00861695 1.06828
624.604 603.214 0.323439 0.0638977 0.942492
953.095 75.9019 0.14862 -0.104053 1.09376
850.965 334.162 0.246339 -0.0518834 1.02997
821.148 527.481 1.03139 -0.179601 1.23297
671.477 104.058 0.142988 0.0254757 1.07049
767.661 260.473 0.202609 -0.0119965 1.03412
841.058 610.492 0.0755187 -0.00217201 0.793139
589.608 434.076 0.033789 0.0197272 0.780898
914.416 94.4637 0.152155 -0.083984 1.08399
673.847 106.188 0.146606 0.0249818 1.07755
