731.9 178.547 0.226673 -0.470158 4.88047
712.428 172.301 -0.110423 -0.13341 5.60293
720.681 31.4524 -0.129645 -0.169102 3.33986
513.53 16.8959 0.234472 0.0604296 0.860863
876.696 6.82409 0.241815 -0.033685 0.870519
752.183 1.84595 0.23513 0.000415245 0.86086
506.007 5.38004 0.228707 0.0597305 0.851527
915.18 67.7645 0.238954 -0.0314581 0.822061
659.385 5.75254 0.229509 0.0233596 0.845618
732.24 265.277 -0.151487 0.0265104 0.272388
762.737 83.3644 0.240133 0.00179655 0.822562
776.492 123.158 0.258961 -0.0033751 0.841353
912.659 229.167 0.273075 -0.0315034 0.810545
656.394 53.8616 0.227895 0.0240518 0.812974
637.225 220.944 0.256656 0.0307888 0.796953
641.403 70.1495 0.228281 0.0270733 0.806479
752.158 280.979 -0.122757 0.0249179 0.302885
491.583 92.6803 0.234674 0.0590977 0.815727
759.841 72.9344 0.234368 0.00310137 0.814862
525.039 359.436 0.291561 0.0607567 0.796339
563.447 477.131 0.324342 0.0566028 0.788302
525.715 231.216 0.260794 0.0554278 0.802751
560.715 481.93 0.349981 0.0638233 0.808133
920.915 332.623 0.296638 -0.0335699 0.800986
644.635 249.618 0.472104 0.0706169 1.13391
687.171 245.334 0.470258 0.0318813 1.13257
847.05 346.09 0.175715 0.010414 0.660206
660.167 244.232 0.270107 0.0271485 0.807761
634.468 214.321 0.254964 0.0311782 0.796881
535.125 404.813 0.158964 0.0274184 0.638243
887.431 27.1452 0.248456 -0.0378895 0.873581
913.598 540.107 0.369484 -0.0378622 0.792748
958.14 283.037 -0.0751345 0.019723 0.357859
909.988 244.836 0.293063 -0.0386038 0.832953
752.884 297.168 0.982677 -0.14079 1.77235
886.673 213.368 0.275226 -0.0280521 0.821442
667.167 362.317 0.375564 0.0348991 0.88385
904.931 386.148 0.579196 -0.153977 1.04387
787.751 129.19 0.259959 -0.00599275 0.83959
535.569 138.654 0.258792 0.0573956 0.842445
628.218 202.003 0.250552 0.0319316 0.794604
877.558 32.5303 0.253652 -0.0381951 0.884921
633.992 115.194 0.245769 0.0306897 0.823537
895.944 190.231 0.258376 -0.0248622 0.804124
790.31 213.114 0.282997 -0.00657895 0.837328
852.525 145.364 0.304483 -0.0416319 0.917773
768.074 341.304 0.323929 5.99585e-05 0.833298
781.949 355.196 0.382813 -0.0125394 0.890705
527.951 257.417 0.280603 0.061089 0.822095
537.18 228.388 0.267853 0.0555439 0.814774
884.696 106.964 0.252562 -0.0281318 0.832399
504.427 541.947 0.0335206 0.0190837 0.494705
889.807 218.74 0.275258 -0.0282688 0.819005
887.709 237.656 0.296483 -0.035071 0.842251
529.95 210.888 0.252103 0.0522297 0.796591
548.648 139.5 0.255922 0.0528399 0.835461
914.055 69.8977 0.244872 -0.0348778 0.834569
509.526 348.959 0.283802 0.0621016 0.791328
935.708 484.3 0.321075 -0.0330175 0.774722
615.96 217.454 0.39767 0.0728641 1.04901
562.452 583.776 0.363901 0.0633332 0.783835
776.053 230.048 0.294258 -0.00394858 0.847068
492.905 258.57 0.261382 0.0614095 0.794145
930.264 474.634 0.332022 -0.0361933 0.786465
563.406 238.882 0.283848 0.0539368 0.834425
610.884 607.572 0.492389 0.0731505 0.844058
924.446 628.973 0.331181 -0.0237506 0.74449
757.512 106.62 0.260672 -6.99796e-06 0.855706
921.123 631.775 0.338163 -0.024609 0.74789
749.761 79.9823 0.244509 0.00361944 0.834974
485.836 488.806 0.360821 0.0900176 0.816517
556.69 489.396 0.353269 0.0656181 0.808174
588.56 181.73 0.181381 0.0276601 0.689739
830.561 338.569 0.427096 -0.0483822 0.948044
559.035 357.247 0.326872 0.0631451 0.836628
897.942 321.183 0.326681 -0.0409419 0.841186
927.754 623.237 0.335345 -0.0258576 0.748177
931.972 623.309 0.327768 -0.0247851 0.743665
929.61 574.031 0.345226 -0.0322668 0.76663
794.092 592.376 0.343055 0.0017451 0.763143
837.625 535.043 0.552335 -0.0535697 0.903738
956.338 614.718 0.318719 -0.0277457 0.739764
909.83 587.916 0.357814 -0.0297828 0.770917
828.737 408.128 0.762638 -0.144219 1.16212
881.66 111.578 0.252187 -0.026704 0.829308
926.87 61.3684 0.230659 -0.0291347 0.806006
537.03 260.354 0.290171 0.062194 0.834716
900.667 324.14 0.32982 -0.0427034 0.843353
803.972 1.9688 0.191121 0.00382485 0.741668
634.535 217.32 0.249053 0.030397 0.786375
628.291 97.0693 0.230861 0.0298284 0.800428
719.948 30.6861 -0.131819 -0.164146 3.33823
