732.153 83.0132 0.146114 -0.00647049 1.08137
561.265 94.1017 0.145654 0.0682602 1.0816
898.278 9.99916 0.12195 -0.075758 1.08298
786.905 27.3237 0.126049 -0.0303494 1.08496
915.445 6.57469 0.114113 -0.0746477 1.05786
827.163 78.0924 0.147254 -0.0480427 1.08224
826.465 79.1002 0.148114 -0.0480192 1.0835
489.787 103.134 0.150257 0.103147 1.08994
488.212 98.49 0.14334 0.0983438 1.07607
902.821 72.9442 0.144887 -0.0787637 1.07525
905.377 68.5436 0.142894 -0.079382 1.07461
904.985 73.5152 0.145027 -0.0795758 1.07479
780.692 21.7775 0.122203 -0.0270451 1.07952
833.992 77.876 0.145195 -0.0497304 1.07614
833.537 72.7736 0.142293 -0.0489402 1.07403
840.252 75.4507 0.140974 -0.0502559 1.06672
732.318 82.396 0.145647 -0.00652297 1.08078
731.63 84.9303 0.144573 -0.00590497 1.0748
863.592 11.1155 0.121738 -0.0617878 1.08422
553.451 92.0998 0.140804 0.0688488 1.07086
585.544 356.759 0.0809961 0.025601 0.842052
657.36 78.8864 0.131583 0.0236024 1.05135
925.929 38.9614 0.134925 -0.0899666 1.08547
658.523 87.7223 0.142618 0.0250014 1.07224
928.732 150.696 0.163234 -0.0819445 1.03909
584.31 183.93 0.172487 0.0592891 1.04927
543.923 581.678 0.365793 0.110094 0.974245
800.878 18.2048 0.119494 -0.0342003 1.07264
836.947 152.77 0.169617 -0.0489182 1.05582
523.048 206.208 0.113367 0.0517499 0.932939
860.941 580.293 0.0547794 -0.00425023 0.781798
489.163 172.452 0.169177 0.101497 1.05953
908.214 70.7483 0.140965 -0.0780499 1.06648
819.775 170.785 0.182417 -0.0439637 1.06542
755.333 241.122 0.20062 -0.0121865 1.03951
743.011 258.571 0.210941 -0.00666278 1.04167
579.351 183.91 0.178688 0.0642865 1.06172
655.997 86.2559 0.144193 0.0264718 1.07864
662.208 162.732 0.168644 0.025876 1.05604
772.523 49.0172 0.131645 -0.0234186 1.07638
910.498 334.707 0.11817 -0.0315938 0.883184
747.144 317.289 0.150341 -0.00137067 0.929555
533.972 571.612 0.0557478 0.0245012 0.7858
607.276 323.856 0.0725621 0.0213882 0.838959
914.149 168.506 0.185622 -0.087737 1.06745
630.468 219.103 0.128981 0.02821 0.948236
868.138 560.294 0.0550551 -0.00518971 0.784116
487.72 174.617 0.170049 0.102344 1.05936
645.827 178.523 0.17432 0.0335334 1.05382
554.989 88.3849 0.139574 0.0680425 1.07158
817.625 469.368 0.376055 -0.0511332 1.03939
628.551 217.54 0.128049 0.0285819 0.947609
659.945 79.3112 -0.296164 0.0106331 0.431917
842.125 2.0636 0.111492 -0.0477154 1.06085
494.283 162.831 0.164074 0.0973351 1.05767
750.29 172.926 0.179276 -0.0121929 1.0619
905.356 320.409 0.251019 -0.0852437 1.03734
558.513 627.293 0.422162 0.115609 0.971995
947.982 11.1844 0.122235 -0.0943524 1.07737
898.581 317.221 0.256165 -0.0851344 1.04585
867.271 206.087 0.130687 -0.035902 0.949272
562.175 621.533 0.42688 0.115461 0.976819
646.031 190.258 0.191273 0.0367159 1.0754
546.832 151.656 0.15695 0.0717182 1.04931
561.631 167.602 0.167426 0.0688412 1.05562
878.565 440.947 0.219958 -0.0456447 0.94173
638.453 245.339 0.345056 0.0828753 1.28195
831.969 267.163 0.251846 -0.0591488 1.0868
683.06 344.4 0.42204 0.0438474 1.21313
504.034 273.355 0.214072 0.10493 1.04744
758.967 330.61 0.136894 -0.00304125 0.908668
909.043 200.695 0.111286 -0.0386684 0.920576
739.976 258.396 0.210714 -0.0052861 1.04165
492.436 170.026 0.169782 0.101073 1.06296
923.516 31.3865 0.132143 -0.0888413 1.08668
565.097 172.361 0.161616 0.0637443 1.03923
634.697 217.397 0.103791 0.022745 0.910014
665.823 163.957 0.176707 0.0255456 1.07134
912.626 145.193 0.167247 -0.0800324 1.05305
771.123 34.677 0.122166 -0.0214437 1.06364
652.964 178.323 0.179168 0.0313942 1.06306
832.728 257.565 0.223071 -0.0508475 1.05486
644.903 286 0.405261 0.0881796 1.29588
959.004 612.476 0.54071 -0.172155 1.00419
642.792 287.589 0.400477 0.0886787 1.28616
833.541 37.3928 0.135465 -0.0530977 1.09878
830.703 73.5279 0.14352 -0.0483448 1.07686
507.03 347.756 0.240476 0.105803 1.025
512.255 276.04 0.221789 0.105169 1.0559
804.363 629.219 0.692328 -0.0652891 1.03309
742.288 244.567 0.15361 -0.00261107 0.968169
813.02 237.471 0.217636 -0.0427679 1.06527
615.176 199.156 0.0789555 0.0224531 0.878648
537.627 625.672 0.18819 0.0543177 0.866304
791.416 542.113 -0.212189 0.00690631 0.502015
939.271 29.1773 0.127818 -0.0907039 1.07377
888.6 39.0291 0.132645 -0.0727801 1.08157
542.126 285.269 0.257971 0.108249 1.09696
814.989 178.687 0.186791 -0.0422267 1.06658
517.53 437.342 0.280112 0.10715 1.0042
538.503 426.667 0.312068 0.111951 1.03662
513.724 443.668 0.265983 0.101703 0.989093
551.272 518.102 0.551079 0.190205 1.10646
729.266 85.8446 0.142877 -0.00464872 1.06925
743.717 232.143 0.327332 -0.0230542 1.26162
913.782 43.4519 0.142582 -0.0918485 1.1056
519.231 437.125 0.278458 0.105581 1.00291
499.179 472.698 0.333125 0.137221 1.02248
586.051 342.866 0.247094 0.0709093 1.03211
827.833 561.053 0.06656 -0.00276578 0.793381
908.439 68.5536 0.14349 -0.0811516 1.07602
482.399 498.863 0.30175 0.126127 0.985689
501.393 341.614 0.223617 0.100179 1.01033
912.449 617.621 0.401731 -0.0905961 0.958591
530.974 502.86 0.32177 0.109669 0.994752
838.372 156.463 0.185437 -0.0564644 1.08469
916.759 331.21 0.252699 -0.0891409 1.03087
540.726 492.432 0.335173 0.111073 1.00934
551.981 582.092 0.371145 0.107418 0.976238
805.36 351.52 0.0795518 -0.00521072 0.838527
610.222 341.586 0.074071 0.0211018 0.837055
623.033 330.026 0.076174 0.0197285 0.841679
832.07 35.5918 0.134359 -0.052165 1.09772
544.244 577.282 0.371133 0.112297 0.979137
579.924 271.229 0.221873 0.0720662 1.05617
542.871 488.044 0.330935 0.108745 1.00923
529.615 257.966 0.155659 0.0649511 0.971772
713.098 120.805 0.284915 -0.0319171 2.72914
484.613 269.704 0.193956 0.101542 1.02203
943.117 619.902 0.523062 -0.150777 0.994914
495.887 486.837 0.331181 0.135614 1.01204
908.95 147.259 0.168965 -0.0792579 1.05489
759.596 158.46 0.156388 -0.013442 1.02901
544.443 145.929 0.148847 0.0687857 1.03692
754.082 638.35 0.539715 -0.00510237 0.994401
914.977 616.65 0.420268 -0.0977492 0.965618
900.965 334.973 0.300993 -0.10417 1.08015
639.783 603.034 0.465895 0.0748886 0.999298
513.392 345.5 0.246665 0.106412 1.03323
552.176 567.114 0.386163 0.114172 0.991768
919.268 536.96 0.37571 -0.100159 0.991239
574.436 540.439 0.436433 0.120171 1.03235
917.133 47.5572 0.142263 -0.0911807 1.09836
815.74 37.7036 0.123628 -0.0384046 1.06085
948.754 561.422 0.485379 -0.156447 1.02218
732.649 151.262 0.167273 -0.00458496 1.05938
911.293 479.75 0.339103 -0.0934446 1.00525
555.674 336.847 0.305737 0.114216 1.1051
735.315 148.305 0.157521 -0.00490404 1.04141
843.386 150.963 0.170493 -0.0523506 1.05889
544.929 491.183 0.337546 0.109785 1.0115
583.377 330.846 0.250937 0.0748514 1.04557
627.662 608.117 0.441109 0.0780601 0.987599
717.892 170.103 0.481574 -0.0318005 2.32335
539.745 495.288 0.334205 0.110865 1.00696
481.757 460.962 0.22851 0.0957392 0.951049
908.209 398.003 0.298757 -0.0920419 1.02882
919.243 479.403 0.304705 -0.084651 0.983174
670.92 534.833 0.791403 0.104389 1.16761
822.607 523.108 0.402892 -0.0521032 1.01721
485.005 231.478 0.106236 0.0557604 0.912255
850.65 622.451 0.396276 -0.0550016 0.956021
653.946 43.2172 0.200118 0.0786624 1.65883
701.165 610.022 0.435547 0.0295676 0.98185
492.068 348.026 0.216329 0.0992916 0.998428
681.744 155.634 0.421993 0.135606 2.49394
916.445 418.646 0.268242 -0.0794308 0.990382
883.484 535.663 0.408309 -0.0898918 1.00925
910.339 611.178 0.429397 -0.098774 0.971947
505.741 495.994 0.165932 0.0604474 0.887755
676.817 202.884 0.635643 0.260937 2.84563
560.612 628.623 0.409011 0.110021 0.96642
737.278 275.725 0.264554 -0.0066993 1.10235
821.882 338.164 0.269567 -0.0475613 1.04848
873.102 60.3103 0.146326 -0.0717573 1.09805
820.032 622.957 0.51739 -0.0558607 0.995993
830.771 316.592 0.287652 -0.0614275 1.08612
916.987 413.609 0.279574 -0.0851859 1.00251
736.782 164.584 0.179569 -0.00679695 1.07157
605.306 593.654 0.322051 0.0657177 0.945781
940.587 58.2144 0.147232 -0.102233 1.09705
836.336 321.214 0.244951 -0.0500634 1.03326
813.579 521.719 1.03001 -0.177781 1.23626
652.941 84.3558 0.1416 0.0272957 1.07378
751.199 245.235 0.201222 -0.0101765 1.03741
801.031 584.507 0.074131 -0.000352008 0.796428
528.051 392.602 0.0324012 0.0215472 0.784187
926.819 369.9 -0.184445 0.00835512 0.538052
865.448 102.072 0.115521 -0.0403124 0.98062
559.217 162.398 0.163261 0.0684027 1.05196
644.213 23.1171 0.174908 0.0648647 1.45325
540.643 146.805 0.137836 0.0638282 1.01267
623.176 328.792 -0.130028 0.00561241 0.601252
834.182 37.6593 0.136267 -0.0538847 1.10111
780.827 12.1148 0.115238 -0.0255644 1.0673
571.792 593.358 0.676414 0.198509 1.07464
574.277 585.828 0.695624 0.204635 1.08706
803.284 23.7512 0.124898 -0.037039 1.08416
717.06 199.772 0.633555 -0.0495705 3.31797
933.648 586.574 0.326431 -0.0823159 0.942022
603.353 515.063 0.309613 0.0678135 0.977766
919.329 569.334 0.354012 -0.0871636 0.963301
867 601.996 0.31762 -0.0493556 0.933083
609.708 352.211 0.277608 0.0674691 1.0571
827.876 233.877 0.196742 -0.0431206 1.03537
605.99 585.442 0.365538 0.0757747 0.970104
788.975 222.811 0.315838 -0.0638167 1.25222
838.226 147.927 0.165907 -0.0485731 1.05262
811.046 627.957 0.683293 -0.0715004 1.03213
926.834 334.245 0.250178 -0.0918812 1.0256
597.691 530.509 0.281904 0.0627817 0.953231
603.135 488.818 0.329597 0.0747571 1.00551
691.133 639.942 0.411472 0.0339925 0.957293
704.909 625.816 0.39996 0.0252711 0.960063
732.864 80.6962 0.142824 -0.00649076 1.07476
657.295 157.527 0.163039 0.0271339 1.04958
658.229 157.569 0.162944 0.0267254 1.04929
758.264 334.124 0.13427 -0.00258498 0.904494
901.132 76.7084 0.150767 -0.082164 1.08728
655.692 86.8753 0.145218 0.0268018 1.08084
