726.935 75.9522 0.14025 -0.00639646 1.08011
555.687 86.6605 0.139798 0.0684137 1.08045
892.967 2.94031 0.116226 -0.0758081 1.08228
781.067 20.165 0.12033 -0.0300867 1.08419
821.849 71.3211 0.141442 -0.0479199 1.08101
821.34 72.2344 0.142225 -0.0479458 1.08216
483.537 95.4814 0.144259 0.103494 1.08857
480.166 90.4835 0.136631 0.0987831 1.07321
898.062 66.0498 0.138961 -0.0789173 1.07397
900.611 61.7056 0.136965 -0.0795115 1.07324
900.229 66.5169 0.139066 -0.0797373 1.07354
775.234 14.572 0.116435 -0.0269546 1.07855
828.245 71.4453 0.139774 -0.0496253 1.07566
828.265 65.7973 0.136519 -0.0489557 1.07314
834.114 69.3596 0.135762 -0.0501247 1.06647
727.096 75.3397 0.139812 -0.0064547 1.07959
726.421 77.8235 0.138816 -0.00588729 1.07389
858.601 3.51391 0.11531 -0.0614424 1.08154
547.982 84.6261 0.135083 0.0689849 1.07009
575.768 345.071 0.0762122 0.0257803 0.843347
652.341 71.7043 0.126017 0.0234611 1.05085
920.77 32.0482 0.12914 -0.0900244 1.08458
653.091 80.4212 0.136806 0.0251026 1.07125
922.792 144.027 0.157549 -0.0820658 1.03835
578.76 176.804 0.16669 0.0594827 1.04825
535.49 580.869 0.351539 0.108801 0.965017
795.406 10.9748 0.113798 -0.0341999 1.07203
831.305 146.073 0.164007 -0.048911 1.05515
517.056 198.914 0.108608 0.0519688 0.933717
839.042 559.324 0.0502062 -0.00428766 0.78351
483.572 165.065 0.163313 0.101697 1.05847
902.697 64.3142 0.135389 -0.0781327 1.0657
814.656 164.201 0.176506 -0.0439446 1.06403
749.997 234.491 0.194954 -0.0121704 1.03849
737.725 252.158 0.204704 -0.0065571 1.03963
573.782 176.679 0.172442 0.0643693 1.05994
650.614 78.9576 0.13836 0.0265804 1.07758
657.316 155.746 0.163829 0.0259403 1.05698
767.169 41.7427 0.125952 -0.0234137 1.07586
898.33 325.03 0.113687 -0.0318112 0.884515
739.382 308.932 0.145612 -0.00137454 0.930271
525.451 551.677 0.0512108 0.0243606 0.78745
596.75 314.35 0.0676442 0.0215022 0.8398
909.008 161.984 0.179714 -0.0877863 1.06615
624.395 211.764 0.123885 0.028141 0.948457
846.431 539.725 0.0505149 -0.00525158 0.785902
481.939 167.163 0.164082 0.102567 1.05816
640.576 171.669 0.168705 0.0336326 1.05299
549.439 80.9606 0.133811 0.0681696 1.07063
813.818 464.375 0.367383 -0.0509678 1.03457
621.579 209.629 0.122917 0.028765 0.948093
666.946 132.403 -0.312627 0.0105971 0.423236
488.426 155.452 0.158087 0.0975128 1.05632
744.859 166.264 0.173439 -0.0120427 1.06063
901.291 314.974 0.243816 -0.0851163 1.03361
550.114 627.931 0.40592 0.11421 0.961779
942.604 4.46863 0.11647 -0.0943124 1.07624
894.703 311.557 0.249083 -0.0851622 1.0424
858.771 198.518 0.125517 -0.0360269 0.949713
548.622 630.973 0.398886 0.112455 0.957701
939.152 398.918 0.241495 -0.0849704 0.977569
641.035 183.473 0.185383 0.0367847 1.07401
541.38 144.514 0.151382 0.0719197 1.04867
556.375 160.285 0.161747 0.0689917 1.05496
875.795 435.866 0.206986 -0.0449861 0.933595
634.386 239.623 0.335566 0.0824393 1.27387
830.899 259.242 0.235839 -0.0577129 1.07252
665.705 344.207 0.29812 0.0377705 1.08149
497.452 266.573 0.207306 0.105183 1.04477
750.291 321.691 0.132307 -0.00305538 0.909662
898.727 192.953 0.106284 -0.0388348 0.921395
734.96 252.311 0.205029 -0.00532285 1.04012
486.831 162.848 0.163972 0.101288 1.0618
918.266 24.4846 0.126411 -0.088894 1.08591
559.136 165.604 0.155807 0.0639622 1.03783
626.656 208.826 0.0988491 0.0229103 0.911049
660.461 157.099 0.170628 0.0256855 1.0696
906.768 138.895 0.161922 -0.0802256 1.05272
765.516 27.3971 0.116476 -0.0214232 1.06309
647.71 171.409 0.173283 0.0314927 1.06178
819.628 257.618 0.240564 -0.0536921 1.08134
640.911 281.143 0.394355 0.0876135 1.2858
956.905 609.481 0.528449 -0.17108 0.996786
638.815 282.706 0.389839 0.0880932 1.27655
828.926 29.5083 0.129088 -0.0530341 1.09688
825.002 67.5653 0.138341 -0.0482883 1.07648
491.198 341.34 0.221489 0.103603 1.00903
501.833 267.988 0.209514 0.1042 1.04658
804.155 635.635 0.661421 -0.0636471 1.01394
735.259 244.896 0.167544 -0.00340864 0.991366
806.856 232.934 0.216664 -0.0434061 1.06979
607.571 189.914 0.0754563 0.0226262 0.882189
527.945 618.147 0.179785 0.0542492 0.863213
934.012 21.995 0.121917 -0.0907717 1.07283
883.319 32.1486 0.126977 -0.0728591 1.08091
514.753 272.768 0.218371 0.102344 1.0546
804.441 182.773 0.199282 -0.0444673 1.08964
508.169 433.033 0.26784 0.106203 0.995935
526.569 424.139 0.293436 0.109926 1.02186
510.488 435.923 0.262461 0.102226 0.989766
519.849 543.228 0.470061 0.174245 1.04371
723.915 78.5352 0.136952 -0.00459744 1.06812
741.523 221.963 0.301594 -0.0217987 1.23175
898.851 53.8155 0.151059 -0.0956595 1.1267
514.31 430.528 0.272407 0.105685 1.00095
490.119 469.193 0.32014 0.135935 1.01375
580.863 336.349 0.241022 0.0710686 1.03027
773.289 446.65 0.158115 -0.00684657 0.892236
898.767 68.2949 0.143336 -0.0823996 1.08346
487.701 334.725 0.208314 0.0987249 0.998418
907.494 611.386 0.394082 -0.0905353 0.955017
522.178 499.602 0.308752 0.108661 0.986382
832.863 151.004 0.181118 -0.0566996 1.08548
912.273 325.063 0.245805 -0.0891496 1.02805
531.877 489.877 0.321069 0.109833 0.999675
543.809 580.595 0.357172 0.106336 0.967492
791.448 339.368 0.0749098 -0.00525434 0.840117
599.824 334.597 0.0687278 0.0210917 0.83682
612.386 318.161 0.071545 0.0199088 0.843332
823.564 39.5946 0.137038 -0.0535332 1.10995
544.039 638.514 0.395532 0.113203 0.952748
529.559 584.269 0.345325 0.109307 0.960566
579.808 266.898 0.2256 0.0734201 1.06624
535 484.429 0.318633 0.107836 1.00129
521.503 249.382 0.148031 0.0649328 0.968874
939.115 614.776 0.514682 -0.150539 0.990151
903.195 140.909 0.16357 -0.079433 1.05446
753.948 150.392 0.149409 -0.0133577 1.0266
537.868 137.735 0.142181 0.0688495 1.03486
750.703 638.095 0.523486 -0.00501338 0.984424
916.897 620.852 0.398877 -0.0955835 0.951592
895.538 329.268 0.296972 -0.104659 1.08018
633.27 605.157 0.446291 0.0737056 0.986355
537.91 639.101 0.555428 0.175102 1.00023
495.929 339.259 0.225049 0.103779 1.0142
532.199 581.948 0.348448 0.109313 0.963126
914.96 531.517 0.367512 -0.0999362 0.987109
560.001 550.239 0.401215 0.115461 1.00528
912.328 40.6309 0.136408 -0.0912324 1.09726
806.372 40.5656 0.125188 -0.0389607 1.07146
728.42 144.209 0.161925 -0.00504659 1.05937
910.177 476.943 0.325337 -0.0922556 0.995905
535.042 331.335 0.270154 0.109248 1.06962
837.942 144.557 0.165084 -0.0524632 1.05837
531.202 492.144 0.314694 0.10731 0.994205
582.681 324.936 0.254308 0.0761974 1.05403
618.794 614.383 0.416004 0.0764354 0.970596
716.877 169.604 0.490735 -0.0325113 2.34388
525.455 496.949 0.311063 0.108251 0.989264
903.71 392.359 0.292049 -0.0920707 1.02587
922.352 479.885 0.284837 -0.0825734 0.968106
666.533 537.007 0.763344 0.102974 1.14781
821.724 523.716 0.382866 -0.0510817 1.003
852.152 630.235 0.372088 -0.0537179 0.93951
651.442 38.2357 0.196962 0.0789548 1.65749
695.976 605.809 0.425881 0.029879 0.976434
958.919 30.125 0.135384 -0.114364 1.10412
498.213 338.551 0.224313 0.102434 1.01374
681.116 155.316 0.431777 0.137592 2.51885
910.253 411.739 0.262723 -0.079628 0.989174
879.593 530.665 0.399726 -0.0896564 1.0046
899.704 597.991 0.436046 -0.100637 0.977512
833.634 628.718 0.400482 -0.0490475 0.950665
564.486 442.563 0.24274 0.0701377 0.968339
676.651 202.97 0.653686 0.265567 2.88359
552.573 627.657 0.394543 0.109098 0.957745
732.429 271.583 0.267677 -0.00676246 1.11115
819.963 332.104 0.255704 -0.0469967 1.03798
869.472 50.549 0.13828 -0.0713313 1.09381
817.109 620.772 0.503999 -0.0553992 0.98792
824.468 311.111 0.288004 -0.0622594 1.09121
731.823 156.618 0.171943 -0.00671283 1.06787
597.317 590.844 0.309275 0.0653584 0.938504
939.883 45.7 0.136777 -0.101031 1.089
829.762 315.035 0.242858 -0.0505587 1.03594
811.917 519.6 1.01616 -0.176741 1.22521
647.252 77.182 0.13566 0.0274705 1.07227
745.696 238.409 0.195765 -0.0101229 1.03686
783.92 563.24 0.0702931 -0.00044214 0.798802
516.312 373.754 0.0286068 0.021793 0.787295
874.474 61.3249 0.086586 -0.036963 0.949006
560.374 160.516 0.165203 0.0690539 1.0617
646.603 37.9226 0.192034 0.0675949 1.49959
533.803 139.726 0.131599 0.0639339 1.01063
675.44 322.346 -0.136244 0.00558998 0.60342
829.54 30.2097 0.13003 -0.053779 1.09907
775.446 4.4035 0.109001 -0.0254587 1.06526
579.043 572.402 0.713829 0.206667 1.09775
557.325 606.684 0.627685 0.191109 1.04313
632.34 618.959 0.432785 0.0710344 0.973448
798.27 16.1407 0.11866 -0.0369333 1.08212
716.493 201.232 0.661387 -0.0511886 3.38839
897.659 541.784 0.375724 -0.0910816 0.985724
484.378 92.187 0.137996 0.0977582 1.0747
597.067 509.771 0.300882 0.0677876 0.973287
875.144 516.268 0.429984 -0.098671 1.02911
841.435 556.414 0.361167 -0.054222 0.972585
602.899 345.361 0.268291 0.0678098 1.05223
821.76 228.137 0.192897 -0.0434113 1.03654
597.79 583.848 0.350742 0.0753521 0.961141
785.76 216.954 0.309601 -0.063711 1.25018
829.013 146.69 0.167975 -0.0496216 1.06288
809.388 628.533 0.664143 -0.0706773 1.02005
913.951 327.986 0.253902 -0.0933421 1.03455
609.337 494.843 0.326197 0.0687536 0.996992
687.817 629.702 0.407333 0.0334263 0.95697
699.43 628.914 0.380687 0.0249579 0.947618
727.544 73.3995 0.136587 -0.00638508 1.07272
652.623 150.673 0.157176 0.0268745 1.0482
748.898 319.711 0.132844 -0.00280788 0.911026
896.364 69.9575 0.144852 -0.0822103 1.08588
650.15 79.6489 0.139307 0.0269717 1.07949
