718.271 67.4996 0.1335 -0.00280797 1.08219
543.405 78.1651 0.133048 0.0720022 1.08253
773.253 10.5229 0.11358 -0.0264982 1.08627
814.891 62.9373 0.134692 -0.0443314 1.0831
814.389 63.867 0.135475 -0.0443573 1.08424
892.236 57.7087 0.132211 -0.0753288 1.07605
894.814 53.2797 0.130215 -0.075923 1.07532
894.433 58.1903 0.132316 -0.0761488 1.07563
767.221 4.79137 0.109685 -0.0233661 1.08064
821.338 63.0861 0.133024 -0.0460368 1.07774
821.316 57.3215 0.129769 -0.0453672 1.07522
827.202 60.9874 0.129012 -0.0465362 1.06856
718.426 66.8748 0.133061 -0.00286621 1.08168
717.674 69.4288 0.132066 -0.0022988 1.07598
535.321 76.1103 0.128333 0.0725734 1.07218
558.55 349.799 0.069462 0.0293688 0.845431
641.672 63.1362 0.119267 0.0270496 1.05294
915.349 23.0162 0.12239 -0.0864359 1.08667
642.821 71.9708 0.130056 0.0286911 1.07334
917.071 137.331 0.150799 -0.0784773 1.04043
567.231 170.492 0.15994 0.0630712 1.05034
525.817 580.215 0.344789 0.11239 0.967101
787.691 1.17159 0.107048 -0.0306114 1.07411
824.422 139.27 0.157256 -0.0453225 1.05724
501.223 194.86 0.101858 0.0555573 0.935801
827.882 580.46 0.043456 -0.00069917 0.785594
896.87 55.9609 0.128639 -0.0745442 1.06779
807.672 157.685 0.169756 -0.0403561 1.06611
741.963 229.277 0.188204 -0.00858188 1.04057
729.606 247.215 0.197954 -0.00296861 1.04171
562.357 170.299 0.165692 0.0679578 1.06202
647.421 148.998 0.157079 0.0295288 1.05906
759.071 32.5958 0.119201 -0.0198253 1.07794
890.644 324.863 0.106936 -0.0282227 0.886599
729.492 306.662 0.138862 0.00221395 0.932355
503.473 572.515 0.0444606 0.0279491 0.789534
579.689 318.985 0.0608941 0.0250907 0.841884
903.343 155.482 0.172964 -0.0841978 1.06824
611.864 207.489 0.117135 0.0317295 0.950541
835.554 559.663 0.0437648 -0.00166309 0.787986
630.393 165.251 0.161955 0.0372211 1.05507
536.79 72.3556 0.127061 0.0717581 1.07271
807.623 461.157 0.360633 -0.0473793 1.03666
608.954 205.324 0.116166 0.0323535 0.950177
703.788 217.217 -0.319377 0.0141856 0.42532
736.711 159.757 0.166689 -0.00845426 1.06271
895.4 310.677 0.237066 -0.0815278 1.03569
541.382 627.087 0.39917 0.117798 0.963863
888.822 307.174 0.242332 -0.0815737 1.04448
851.112 193.853 0.118767 -0.0324384 0.951797
539.767 630.241 0.392136 0.116044 0.959785
933.183 395.875 0.234744 -0.0813819 0.979652
631.29 177.192 0.178633 0.0403732 1.0761
528.713 137.493 0.144632 0.0755082 1.05076
544.322 153.58 0.154997 0.0725802 1.05704
868.703 434.369 0.200236 -0.0413976 0.935679
627.226 234.344 0.328816 0.0860277 1.27596
824.519 254.177 0.229089 -0.0541244 1.0746
657.775 340.352 0.29137 0.041359 1.08357
484.968 262.014 0.200556 0.108772 1.04685
740.157 320.389 0.125557 0.000533108 0.911746
891.408 188.986 0.0995343 -0.0352463 0.923479
726.806 247.37 0.198279 -0.00173436 1.04221
912.815 15.2789 0.119661 -0.0853055 1.088
546.863 159.122 0.149057 0.0675507 1.03992
612.97 205.74 0.0920989 0.0264987 0.913133
957.708 316.654 0.263305 -0.125653 1.0567
650.836 150.326 0.163878 0.029274 1.07169
900.947 132.033 0.155172 -0.0766371 1.0548
757.169 17.9429 0.109726 -0.0178347 1.06518
637.812 164.946 0.166532 0.0350812 1.06386
813.202 252.51 0.233814 -0.0501036 1.08343
634.315 276.532 0.387605 0.091202 1.28789
950.967 605.018 0.521699 -0.167491 0.99887
632.129 278.102 0.383089 0.0916817 1.27864
822.143 20.1882 0.122338 -0.0494456 1.09896
818.039 59.1149 0.131591 -0.0446999 1.07857
489.5 263.438 0.202763 0.107788 1.04866
956.679 379.798 0.295231 -0.126524 1.03982
798.825 631.35 0.654671 -0.0600586 1.01602
726.25 240.316 0.160794 0.000179853 0.99345
800.058 227.521 0.209914 -0.0398176 1.07187
592.085 187.999 0.0687061 0.0262147 0.884273
513.745 623.122 0.173035 0.0578377 0.865297
928.698 12.7839 0.115167 -0.0871832 1.07492
877.289 23.0342 0.120227 -0.0692706 1.083
502.921 268.238 0.211621 0.105932 1.05668
797.651 176.507 0.192532 -0.0408788 1.09172
496.786 431.239 0.26109 0.109792 0.998019
516.095 421.873 0.286686 0.113514 1.02394
499.011 434.245 0.255711 0.105815 0.99185
511.67 541.403 0.463311 0.177833 1.0458
715.044 70.1701 0.130202 -0.00100895 1.0702
735.389 216.361 0.294844 -0.0182102 1.23383
893.446 45.2041 0.144308 -0.092071 1.12878
503.151 428.616 0.265657 0.109274 1.00304
570.542 332.869 0.234272 0.0746571 1.03236
763.778 447.53 0.151365 -0.00325808 0.894319
893.034 59.9889 0.136586 -0.0788111 1.08554
901.297 608.54 0.387331 -0.0869468 0.957101
511.713 498.393 0.302002 0.11225 0.988466
826.338 144.208 0.174367 -0.0531111 1.08756
906.446 320.887 0.239055 -0.0855611 1.03013
521.827 488.355 0.314319 0.113421 1.00176
534.347 579.83 0.350422 0.109925 0.969576
780.235 343.914 0.0681597 -0.00166585 0.842201
582.834 339.997 0.0619777 0.0246802 0.838904
596.053 322.356 0.0647948 0.0234973 0.845416
816.844 30.4847 0.130288 -0.0499447 1.11203
535.067 637.919 0.388782 0.116791 0.954832
519.688 583.764 0.338575 0.112895 0.96265
569.464 262.151 0.21885 0.0770086 1.06833
524.97 482.84 0.311883 0.111424 1.00338
507.463 245.431 0.141281 0.0685213 0.970958
933.195 610.527 0.507932 -0.146951 0.992234
897.342 134.074 0.15682 -0.0758445 1.05654
745.395 143.777 0.142658 -0.0097692 1.02869
524.776 130.655 0.13543 0.072438 1.03694
744.671 635.018 0.516736 -0.00142489 0.986508
910.704 617.943 0.392127 -0.091995 0.953676
889.989 324.856 0.290221 -0.10107 1.08226
625.958 603.274 0.439541 0.077294 0.988439
530.737 637.297 0.548678 0.17869 1.00232
483.572 336.139 0.218299 0.107368 1.01628
522.425 581.361 0.341698 0.112902 0.96521
908.979 528.433 0.360762 -0.0963477 0.989193
551.47 548.653 0.394465 0.11905 1.00737
906.884 31.76 0.129657 -0.087644 1.09935
798.949 31.4864 0.118438 -0.0353722 1.07354
719.851 137.271 0.155175 -0.0014581 1.06145
904.195 473.864 0.318587 -0.0886671 0.997989
524.588 327.61 0.263403 0.112836 1.07171
831.193 137.72 0.158334 -0.0488747 1.06045
521.016 490.723 0.307944 0.110898 0.996289
572.751 321.125 0.247558 0.0797859 1.05612
610.984 612.921 0.409254 0.0800239 0.97268
515.096 495.661 0.304313 0.111839 0.991348
897.854 388.699 0.285299 -0.0884822 1.02795
916.2 477.328 0.278087 -0.0789849 0.97019
661.781 533.693 0.756594 0.106563 1.14989
815.451 520.83 0.376116 -0.0474932 1.00508
845.582 628.128 0.365338 -0.0501294 0.941594
688.975 603.747 0.419131 0.0334675 0.978518
954.17 21.1434 0.128634 -0.110776 1.1062
485.884 335.422 0.217563 0.106023 1.01582
904.142 408.635 0.255973 -0.0760395 0.991258
893.692 594.643 0.429296 -0.097049 0.979596
827.162 626.301 0.393732 -0.045459 0.952749
553.472 441.17 0.23599 0.0737262 0.970423
543.71 626.92 0.387793 0.112687 0.959829
725.298 266.656 0.260926 -0.00317397 1.11324
813.313 328.075 0.248954 -0.0434083 1.04006
811.186 617.379 0.497249 -0.0518107 0.990003
818.372 306.605 0.281254 -0.0586709 1.09329
723.498 149.893 0.165193 -0.00312434 1.06996
587.75 590.646 0.302525 0.0689469 0.940588
934.77 37.0029 0.130027 -0.097442 1.09109
823.14 310.83 0.236108 -0.0469702 1.03802
807.817 515.158 1.00941 -0.173153 1.2273
636.85 68.6428 0.12891 0.031059 1.07436
737.589 233.269 0.189015 -0.00653438 1.03894
771.709 578.873 0.063543 0.00314635 0.800886
492.122 392.199 0.0218566 0.0253815 0.789379
866.847 53.946 0.0798358 -0.0333745 0.951089
639.456 28.6917 0.185284 0.0711834 1.50167
520.096 132.907 0.124848 0.0675224 1.01271
822.79 20.9056 0.12328 -0.0501906 1.10115
573.469 569.712 0.707079 0.210256 1.09983
550.967 604.368 0.620934 0.194698 1.04521
624.843 617.292 0.426035 0.0746228 0.975532
790.743 6.44878 0.11191 -0.0333448 1.0842
714.319 197.673 0.654637 -0.0476001 3.39047
891.615 538.762 0.368974 -0.0874931 0.987808
619.878 469.011 -0.133416 0.00850826 0.624795
584.145 466.041 -0.148937 0.00817993 0.607422
587.572 508.531 0.294132 0.0713761 0.975371
834.993 553.926 0.354417 -0.0506335 0.974669
593.5 341.789 0.261541 0.0713982 1.05431
588.932 582.93 0.343992 0.0789406 0.963225
780.241 211.333 0.30285 -0.0601225 1.25226
822.182 139.87 0.161225 -0.0460331 1.06496
908.194 323.78 0.247152 -0.0897537 1.03664
600.492 493.049 0.319447 0.0723421 0.999076
680.5 628.049 0.400583 0.0370148 0.959054
691.924 627.52 0.373937 0.0285464 0.949702
642.451 143.864 0.150426 0.030463 1.05028
890.617 61.6788 0.138102 -0.0786218 1.08796
639.936 71.1483 0.132557 0.0305602 1.08157
