714.262 64.859 0.13475 0.0019502 1.08173
539.343 75.2236 0.134298 0.0767603 1.08206
769.08 7.98834 0.11483 -0.0217401 1.08581
810.609 60.4932 0.135942 -0.0395732 1.08263
810.107 61.435 0.136725 -0.0395991 1.08377
887.599 55.3408 0.133461 -0.0705706 1.07559
890.162 50.9096 0.131465 -0.0711648 1.07485
889.784 55.8216 0.133567 -0.0713906 1.07516
763.077 2.17503 0.110935 -0.018608 1.08017
817.042 60.5954 0.134274 -0.0412787 1.07727
817.024 54.7995 0.131019 -0.0406091 1.07475
822.903 58.3999 0.130262 -0.0417781 1.06809
714.417 64.2282 0.134312 0.00189195 1.08121
713.681 66.723 0.133316 0.00245937 1.07551
531.278 73.0441 0.129584 0.0773315 1.07171
558.553 340.857 0.0707124 0.0341269 0.844963
637.822 60.0092 0.120517 0.0318078 1.05247
910.535 20.8395 0.123641 -0.0816777 1.0862
638.9 69.1008 0.131306 0.0334493 1.07287
912.42 134.524 0.152049 -0.0737192 1.03997
563.345 167.538 0.161191 0.0678293 1.04987
522.145 578.175 0.346039 0.117148 0.966634
820.197 136.582 0.158507 -0.0405644 1.05677
957.665 2.4802 0.116598 -0.0987977 1.08248
498.343 189.76 0.103109 0.0603154 0.935333
832.222 564.552 0.0447064 0.004059 0.785126
892.228 53.5024 0.129889 -0.0697861 1.06732
803.502 155.097 0.171007 -0.0355979 1.06564
738.079 226.436 0.189454 -0.00382371 1.0401
725.754 244.423 0.199204 0.00178955 1.04125
643.566 146.155 0.158329 0.0342869 1.0586
754.968 29.9542 0.120452 -0.0150671 1.07747
887.822 318.215 0.108187 -0.0234645 0.886131
726.366 301.856 0.140113 0.00697211 0.931887
508.367 557.94 0.045711 0.0327072 0.789066
580.076 309.533 0.0621444 0.0298489 0.841416
898.703 153.014 0.174215 -0.0794396 1.06777
608.776 202.887 0.118386 0.0364876 0.950073
839.598 544.09 0.0450151 0.00309508 0.787518
626.553 162.387 0.163205 0.0419792 1.0546
532.748 69.2853 0.128311 0.0765163 1.07224
803.761 458.641 0.361883 -0.0426212 1.03619
605.876 200.703 0.117417 0.0371117 0.949709
754.382 201.049 -0.318127 0.0189438 0.424852
732.755 157.065 0.167939 -0.00369609 1.06225
890.95 307.82 0.238316 -0.0767697 1.03523
537.773 625.336 0.40042 0.122556 0.963395
884.396 304.43 0.243583 -0.0768155 1.04402
847.435 189.312 0.120017 -0.0276802 0.951329
536.164 628.431 0.393386 0.120802 0.959317
928.683 392.169 0.235995 -0.0766237 0.979185
627.406 174.591 0.179883 0.0451314 1.07563
524.746 134.392 0.145882 0.0802664 1.05029
540.365 150.625 0.156247 0.0773384 1.05657
864.861 429.856 0.201487 -0.0366395 0.935211
623.522 233.075 0.330066 0.0907859 1.27549
820.346 251.764 0.230339 -0.0493663 1.07413
654.042 338.294 0.292621 0.0461172 1.08311
480.872 259.369 0.201806 0.11353 1.04639
737.34 314.923 0.126808 0.00529127 0.911278
887.991 183.579 0.100785 -0.0304881 0.923012
722.958 244.585 0.199529 0.00302381 1.04174
908.01 13.1159 0.120911 -0.0805473 1.08753
542.986 155.981 0.150307 0.0723088 1.03945
610.6 199.933 0.0933493 0.0312569 0.912665
952.813 313.995 0.264555 -0.120894 1.05623
646.95 147.629 0.165128 0.0340322 1.07122
896.344 129.402 0.156422 -0.0718789 1.05434
753.104 15.1335 0.110976 -0.0130765 1.06471
633.95 162.189 0.167783 0.0398393 1.0634
809.07 250.184 0.235064 -0.0453454 1.08296
630.745 275.418 0.388855 0.0959602 1.28742
946.45 601.736 0.522949 -0.162733 0.998402
628.541 276.963 0.384339 0.0964398 1.27817
817.777 17.9149 0.123588 -0.0446874 1.09849
485.414 260.82 0.204014 0.112547 1.0482
951.855 376.921 0.296481 -0.121766 1.03935
795.434 629.204 0.655921 -0.0553004 1.01555
722.59 236.772 0.162044 0.00493802 0.992982
795.958 225.054 0.211165 -0.0350595 1.07141
590.703 180.806 0.0699565 0.0309729 0.883805
511.473 617.697 0.174286 0.0625959 0.864829
923.83 10.5059 0.116418 -0.0824251 1.07445
872.702 20.723 0.121477 -0.0645125 1.08253
498.857 265.731 0.212871 0.11069 1.05621
793.5 174.195 0.193782 -0.0361206 1.09125
492.918 428.809 0.26234 0.11455 0.997551
512.201 419.747 0.287936 0.118272 1.02347
495.18 431.72 0.256962 0.110573 0.991382
507.818 540.43 0.464561 0.182591 1.04533
711.071 67.3963 0.131452 0.00374922 1.06974
731.59 214.962 0.296095 -0.013452 1.23337
888.706 43.3873 0.145559 -0.0873128 1.12831
499.283 426.241 0.266907 0.114032 1.00257
566.751 330.315 0.235523 0.0794153 1.03189
760.978 441.83 0.152615 0.00150009 0.893852
888.371 57.7312 0.137836 -0.074053 1.08507
897.11 604.888 0.388582 -0.0821886 0.956633
507.923 496.202 0.303253 0.117008 0.987998
822.054 141.864 0.175618 -0.0483529 1.0871
901.945 317.953 0.240305 -0.0808029 1.02967
518.027 486.298 0.315569 0.11818 1.00129
530.693 577.808 0.351672 0.114683 0.969109
779.907 334.488 0.0694101 0.00309231 0.841734
583.327 330.396 0.063228 0.0294383 0.838436
596.146 313.222 0.0660452 0.0282555 0.844948
812.486 28.329 0.131538 -0.0451865 1.11157
531.463 636.085 0.390032 0.121549 0.954365
516.013 581.677 0.339825 0.117653 0.962182
565.561 259.728 0.2201 0.0817668 1.06786
521.175 480.764 0.313133 0.116182 1.00291
503.979 241.473 0.142531 0.0732795 0.970491
928.82 607.267 0.509183 -0.142192 0.991767
892.755 131.461 0.15807 -0.0710864 1.05607
741.521 140.625 0.143909 -0.00501104 1.02822
520.871 127.352 0.136681 0.0771962 1.03647
741.265 632.774 0.517986 0.00333328 0.98604
906.467 614.211 0.393377 -0.0872368 0.953208
885.559 322.511 0.291472 -0.0963119 1.0818
622.511 601.426 0.440791 0.0820522 0.987971
527.099 636.539 0.549928 0.183448 1.00185
518.75 579.302 0.342949 0.11766 0.964742
904.653 525.104 0.362013 -0.0915896 0.988725
547.79 547.023 0.395715 0.123808 1.0069
902.096 29.6974 0.130908 -0.0828858 1.09888
794.734 28.8838 0.119688 -0.030614 1.07307
715.92 134.51 0.156425 0.00330007 1.06098
899.848 470.604 0.319837 -0.0839089 0.997521
520.588 325.531 0.264654 0.117595 1.07124
826.93 135.077 0.159584 -0.0441165 1.05999
517.23 488.592 0.309194 0.115656 0.995821
568.909 318.806 0.248808 0.0845441 1.05565
607.518 610.914 0.410504 0.0847821 0.972212
511.307 493.493 0.305563 0.116598 0.99088
893.453 385.782 0.286549 -0.083724 1.02748
911.844 473.581 0.279337 -0.0742267 0.969722
658.781 532.933 0.757844 0.111321 1.14942
811.616 518.041 0.377366 -0.042735 1.00461
841.734 624.476 0.366588 -0.0453713 0.941127
685.536 601.428 0.420381 0.0382257 0.97805
949.051 19.2807 0.129884 -0.106018 1.10574
481.919 332.736 0.218813 0.110781 1.01536
899.781 405.194 0.257223 -0.0712814 0.99079
889.541 591.367 0.430546 -0.0922908 0.979128
823.387 622.967 0.394982 -0.0407009 0.952281
549.906 438.152 0.23724 0.0784844 0.969955
540.118 625.06 0.389043 0.117445 0.959362
721.438 264.62 0.262177 0.0015842 1.11277
809.274 325.361 0.250204 -0.0386501 1.03959
807.539 614.738 0.498499 -0.0470526 0.989536
814.29 304.412 0.282505 -0.0539128 1.09282
719.548 147.253 0.166444 0.00163383 1.06949
584.336 587.798 0.303776 0.0737051 0.94012
929.826 34.9126 0.131277 -0.0926839 1.09062
819.051 308.058 0.237358 -0.0422121 1.03755
804.905 513.853 1.01066 -0.168394 1.22683
632.924 65.7653 0.13016 0.0358172 1.07389
733.72 230.414 0.190266 -0.00177622 1.03847
773.846 565.971 0.0647933 0.00790452 0.800418
498.867 375.932 0.023107 0.0301397 0.788911
863.28 49.2152 0.0810862 -0.0286163 0.950622
635.657 27.5087 0.186534 0.0759415 1.5012
516.342 129.258 0.126099 0.0722806 1.01225
818.418 18.6565 0.12453 -0.0454324 1.10068
955.007 80.1104 0.189722 -0.159513 1.19878
570.131 569.329 0.70833 0.215014 1.09937
547.45 603.825 0.622185 0.199456 1.04474
621.403 615.315 0.427285 0.079381 0.975065
786.518 3.93332 0.113161 -0.0285867 1.08374
955.831 92.4186 0.185108 -0.144232 1.16305
712.607 197.552 0.655887 -0.042842 3.39
887.408 535.494 0.370224 -0.082735 0.98734
584.017 505.929 0.295382 0.0761342 0.974903
831.105 550.693 0.355668 -0.0458754 0.974202
589.713 339.514 0.262792 0.0761564 1.05384
585.426 580.576 0.345243 0.0836988 0.962757
776.357 210.041 0.304101 -0.0553643 1.25179
817.948 137.272 0.162475 -0.0412749 1.06449
903.673 320.929 0.248403 -0.0849955 1.03617
596.891 490.745 0.320698 0.0771003 0.998609
677.084 625.545 0.401834 0.041773 0.958587
688.503 624.745 0.375187 0.0333046 0.949234
638.623 140.898 0.151676 0.0352212 1.04981
627.408 150.254 0.149009 0.0387887 1.03686
903.668 30.6032 0.140105 -0.0938857 1.12843
631.615 46.8372 0.112917 0.0328753 1.04477
822.009 617.208 0.398244 -0.0410495 0.956384
591.033 572.554 0.348102 0.0819633 0.968004
645.914 235.428 0.149999 0.0303586 0.979388
925.094 379.283 0.252303 -0.0849042 1.00069
676.191 562.3 0.354184 0.0379298 0.973101
957.263 513.504 0.220567 -0.0638618 0.914122
565.689 505.362 0.270496 0.0776294 0.960225
897.687 315.318 0.107099 -0.0252265 0.88559
679.954 282.613 0.454625 0.0502551 1.35976
902.256 554.785 0.344351 -0.079364 0.964189
560.992 245.096 0.191716 0.0736576 1.03839
907.022 536.176 0.346083 -0.0854079 0.974626
805.754 304.816 0.306814 -0.055863 1.12128
830.046 603.669 0.397987 -0.0470529 0.963107
676.77 582.19 0.323639 0.0349769 0.948998
685.062 604.649 0.41144 0.0378237 0.973003
567.616 498.808 0.269265 0.076853 0.962537
866.111 630.337 0.511462 -0.0906619 0.980272
830.602 572.348 0.292843 -0.0319297 0.93412
904.894 218.283 0.20944 -0.0884393 1.06817
834.978 479.741 0.287343 -0.0414609 0.974439
577.181 418.385 0.279253 0.0810692 1.01427
840.566 482.5 0.276989 -0.041316 0.966215
865.16 433.835 0.166162 -0.027176 0.905225
722.935 217.744 0.332965 -0.00902858 1.29874
650.25 334.178 0.248839 0.0414216 1.03965
724.01 217.462 0.32872 -0.00975735 1.29102
535.05 621.875 0.0349441 0.0281942 0.774217
885.963 59.4422 0.139352 -0.0738636 1.08749
635.991 68.3574 0.133807 0.0353184 1.0811
