727.417 174.053 0.225938 -0.465675 4.88139
707.976 166.892 -0.110947 -0.129111 5.60499
712.598 18.9503 -0.130051 -0.163983 3.32857
862.082 34.8176 0.240742 -0.0276831 0.828633
768.537 271.618 -0.151647 0.0307083 0.276114
708.708 46.7128 0.240381 0.00591921 0.827007
727.606 91.1363 0.259591 0.000624537 0.846379
864.475 195.955 0.271914 -0.0273386 0.813224
595.853 10.7181 0.226939 0.0282019 0.815746
575.982 182.893 0.254305 0.034996 0.798071
581.849 33.3131 0.230191 0.031251 0.813165
789.457 282.002 -0.124499 0.0291921 0.304932
703.435 33.3902 0.234055 0.00733761 0.818585
952.286 28.4266 0.244555 -0.0509815 0.838285
507.162 453.671 0.321458 0.0605301 0.789122
510.617 460.356 0.348639 0.0679411 0.810606
874.024 302.014 0.295149 -0.0293753 0.803523
620.617 236.576 0.473715 0.0749345 1.14034
663.669 232.278 0.471529 0.0359921 1.13849
723.325 260.42 0.174357 0.0145637 0.662781
604.036 210.739 0.268448 0.0313432 0.809517
574.803 178.194 0.254402 0.0353351 0.800084
938.566 70.9752 0.264654 -0.0575577 0.861388
871.853 517.485 0.368056 -0.0337314 0.795141
862.382 217.489 0.295675 -0.0348794 0.840521
503.614 281.076 0.0523846 0.0202386 0.510793
841.609 178.928 0.271918 -0.0236985 0.821344
627.074 342.423 0.368906 0.0387752 0.880226
876.943 371.983 0.591354 -0.153108 1.06084
738.827 92.6979 0.257708 -0.00165259 0.840855
563.732 163.062 0.247318 0.0361982 0.793852
577.258 77.4344 0.24504 0.0347809 0.826617
844.647 154.48 0.257482 -0.0206874 0.807093
742.697 182.258 0.282015 -0.00220575 0.840344
817.937 118.07 0.301296 -0.0374283 0.917065
723.774 316.286 0.330208 0.00375878 0.844693
748.724 336.404 0.365645 -0.00713348 0.874592
836.841 70.6387 0.251211 -0.0239185 0.834747
842.719 185.888 0.273654 -0.0240197 0.821074
844.325 209.137 0.295733 -0.0309493 0.845474
886.344 334.031 -0.0398582 0.0283539 0.401849
865.595 34.4667 0.244582 -0.0308588 0.83829
895.604 460.999 0.312671 -0.0280826 0.770015
935.836 77.6073 0.268775 -0.059064 0.86675
573.957 190.183 0.373724 0.075038 1.01809
484.077 596.297 0.336884 0.06544 0.76102
732.037 196.589 0.286979 0.000549385 0.84187
935.121 422.698 0.364138 -0.06092 0.825055
922.743 92.2991 0.282156 -0.0636574 0.887995
959.301 299.866 0.31003 -0.0573211 0.819714
491.334 198.555 0.268902 0.0572862 0.818886
561.891 618.559 0.463203 0.0751152 0.822821
870.823 597.018 0.333341 -0.0200199 0.750473
709.86 71.8023 0.258918 0.00422735 0.85739
861.933 586.174 0.35086 -0.0223651 0.763988
508.184 467.349 0.353019 0.0697309 0.811837
480.194 110.698 0.182527 0.0317834 0.695468
805.549 322.27 0.410403 -0.0419728 0.931895
509.565 332.758 0.325456 0.0672041 0.838989
859.856 296.516 0.32423 -0.0370136 0.841815
852.683 553.817 0.369879 -0.0261255 0.785191
915.704 639.536 0.514191 -0.078523 0.822621
884.173 600.589 0.322942 -0.0202814 0.743032
923.197 496.459 0.277962 -0.0206775 0.732736
509.676 601.909 0.344923 0.0615963 0.76415
899.982 580.643 0.321308 -0.0241027 0.746197
859.747 555.832 0.363665 -0.0265187 0.780483
617.148 617.717 0.313599 0.0326234 0.738447
828.53 86.0765 0.25775 -0.0235201 0.84115
957.235 187.456 0.290877 -0.0615946 0.844553
872.289 21.211 0.23039 -0.0249895 0.809817
563.598 53.3662 0.229725 0.0342072 0.803153
856.848 401.177 0.140257 0.0143191 0.613206
620.443 591.474 0.346253 0.0356972 0.76524
758.553 593.666 0.337601 0.00370274 0.756239
578.2 65.2143 0.0324684 0.0228257 0.482122
891.967 466.189 0.476933 -0.0830142 0.891216
644.818 563.15 0.353408 0.0304436 0.777124
881.409 557.607 0.345387 -0.0275028 0.767797
509.742 217.535 0.292582 0.0615352 0.848733
832.836 89.8008 0.260363 -0.0253883 0.844621
876.184 449.07 0.321531 -0.0271732 0.781336
739.332 538.681 0.554299 -0.00442527 0.900587
711.834 18.2676 -0.132232 -0.15912 3.32822
