704.602 60.8612 0.137151 0.00407274 1.08394
528.107 70.7514 0.13685 0.0789735 1.08469
760.003 3.67254 0.117344 -0.0198371 1.08841
801.279 56.7728 0.138349 -0.0373576 1.08494
800.695 57.8227 0.139268 -0.0373956 1.08639
879.367 51.5267 0.135524 -0.0684995 1.07709
881.738 47.0802 0.13362 -0.0690938 1.07659
881.487 51.4642 0.13552 -0.0693594 1.07699
807.803 56.5979 0.136462 -0.0390485 1.07919
806.138 52.0522 0.13397 -0.037901 1.07743
812.787 54.6149 0.132946 -0.0394654 1.07104
704.615 60.2558 0.136763 0.00406696 1.08354
703.519 62.2185 0.13541 0.00474427 1.07737
519.842 68.1487 0.132015 0.0794438 1.07422
539.067 328.754 0.0734809 0.0363069 0.848246
626.354 55.2336 0.122934 0.0341257 1.0547
901.944 17.1505 0.126037 -0.0796898 1.08852
628.65 64.6242 0.133796 0.0355196 1.07546
904.017 132.15 0.15457 -0.0716872 1.04152
957.428 145.678 0.180219 -0.111435 1.07729
552.014 163.346 0.163459 0.0700007 1.05224
502.523 590.183 0.334341 0.11719 0.957098
957.421 273.22 0.0709496 -0.0230561 0.851094
810.844 133.21 0.160603 -0.0382161 1.05841
481.998 183.4 0.105512 0.0625672 0.937528
809.65 547.731 0.04735 0.00620532 0.788072
882.51 50.7825 0.132778 -0.067542 1.06987
794.57 151.937 0.173145 -0.0333939 1.06745
728.469 223.359 0.191675 -0.00162117 1.04225
716.09 241.571 0.201056 0.00405508 1.04286
632.509 142.22 0.160957 0.036797 1.0616
745.273 25.8278 0.12326 -0.0130283 1.08084
873.499 311.078 0.111229 -0.02131 0.889418
716.181 297.33 0.142387 0.00853271 0.933956
481.668 542.088 0.0483764 0.0349098 0.79203
559.524 295.914 0.0648477 0.032103 0.844722
890.558 149.82 0.176351 -0.0774086 1.06984
595.447 196.443 0.121149 0.0386595 0.953333
817.834 524.517 0.0478676 0.00513489 0.790945
615.846 158.631 0.165361 0.0441599 1.05652
520.326 64.2817 0.130453 0.0788412 1.07405
801.062 466.221 0.344225 -0.038684 1.01987
591.795 194.937 0.11979 0.0393562 0.95201
774.126 167.606 -0.318185 0.0211772 0.425776
722.891 153.651 0.170434 -0.00139741 1.06484
883.492 305.415 0.239985 -0.0747772 1.03695
877.664 302.903 0.244782 -0.0747542 1.04457
835.636 182.447 0.122845 -0.0257216 0.955066
520.118 639.588 0.385225 0.121502 0.95314
905.327 386.251 0.25844 -0.0778032 1.00149
617.199 171.298 0.181868 0.0472889 1.07722
512.513 129.901 0.148098 0.0824653 1.05232
528.995 146.58 0.158741 0.0795216 1.05912
832.559 412.159 0.245567 -0.0387176 0.979082
955.432 204.039 0.197676 -0.106405 1.05511
616.053 231.873 0.330631 0.0927625 1.27466
811.847 250.848 0.235012 -0.047667 1.07864
636.006 338.653 0.252176 0.0459156 1.03866
723.766 308.949 0.129397 0.00750344 0.914085
873.793 175.189 0.103755 -0.0282974 0.927018
713.708 241.801 0.201677 0.00508877 1.04371
898.888 9.6439 0.123449 -0.0784156 1.09003
530.481 151.969 0.152136 0.0744016 1.04045
946.983 313.008 0.265453 -0.118626 1.05627
636.698 144.073 0.167319 0.03624 1.07311
890.977 121.517 0.153994 -0.0688327 1.05039
743.133 10.2458 0.113306 -0.0109542 1.06693
623.575 158.621 0.17003 0.0420193 1.06546
803.212 246.499 0.230109 -0.042294 1.07609
623.131 274.935 0.387248 0.0978296 1.28349
954.037 147.917 0.182308 -0.111114 1.07942
621.25 276.812 0.382857 0.0977889 1.27379
810.349 8.88163 0.122476 -0.0420754 1.0954
790.41 633.591 0.653565 -0.0528686 1.01406
711.868 236.664 0.173225 0.00684001 1.00583
787.363 223.379 0.215014 -0.0332017 1.07534
572.92 170.595 0.0726816 0.0332282 0.886841
491.939 620.166 0.173827 0.0645447 0.86457
902.083 27.6496 0.133249 -0.0837982 1.09838
859.087 26.5535 0.130722 -0.0637449 1.09521
788.585 164.118 0.184734 -0.0329685 1.07883
482.73 427.408 0.265165 0.116267 1.00036
701.727 65.0156 0.135729 0.00559999 1.07519
725.709 184.568 0.217573 -0.00575098 1.12447
886.64 30.229 0.139514 -0.0831272 1.11714
483.975 427.242 0.26464 0.115452 0.999966
556.226 327.55 0.2385 0.0818524 1.03542
795.269 553.502 0.0460079 0.00762484 0.786521
880.859 52.6967 0.138783 -0.0716569 1.085
891.66 607.958 0.387231 -0.0796842 0.955824
488.414 502.647 0.294059 0.117328 0.979569
824.368 124.097 0.157043 -0.0436565 1.05854
895.554 316.364 0.240694 -0.0785123 1.02941
482.164 505.412 0.282377 0.114737 0.970852
517.325 582.997 0.349601 0.116181 0.967164
761.667 322.336 0.0721301 0.00529886 0.844908
562.566 318.211 0.065888 0.0316847 0.84141
576.132 301.786 0.0686749 0.0304889 0.847829
803.744 25.1616 0.134198 -0.043153 1.11418
495.565 594.019 0.328126 0.117755 0.952643
550.805 255.869 0.215334 0.0831533 1.06118
508.839 482.814 0.312996 0.11784 1.00223
504.804 242.841 0.15925 0.0771395 0.990088
920.298 603.605 0.517556 -0.141739 0.998199
731.501 135.535 0.145547 -0.00291051 1.02974
899.627 616.036 0.395053 -0.0850014 0.954196
886.536 320.706 0.278162 -0.0913886 1.06715
516.845 639.907 0.554419 0.18753 1.00393
499.069 590.446 0.332273 0.118049 0.956134
911.445 538.99 0.339814 -0.0859732 0.970347
522.96 566.75 0.367439 0.1215 0.983942
896.304 24.1091 0.132765 -0.0822576 1.1022
785.269 23.7789 0.121504 -0.0283619 1.07448
706.549 130.719 0.158736 0.00528479 1.06321
895.48 472.845 0.316089 -0.0807742 0.99391
503.735 324.382 0.258189 0.118427 1.06324
819.856 129.141 0.158851 -0.0417967 1.05796
503.825 491.034 0.307388 0.116988 0.993962
560.285 317.222 0.253614 0.0868765 1.06054
595.479 617.791 0.405672 0.0866658 0.968824
489.232 501.705 0.292555 0.116397 0.979066
899.689 390.187 0.263923 -0.0769044 1.00407
900.391 470.55 0.286772 -0.0728688 0.976248
653.034 535.739 0.757546 0.113158 1.14875
803.571 517 0.383112 -0.0409894 1.00909
827.051 609.332 0.391457 -0.0453998 0.959083
674.531 621.139 0.395951 0.0396643 0.960462
942.585 13.0576 0.13013 -0.103261 1.10477
890.744 403.385 0.258989 -0.0687092 0.992629
881.973 591.08 0.43477 -0.090473 0.982178
817.756 628.228 0.392052 -0.0384797 0.95016
547.261 431.676 0.254423 0.0822482 0.986574
713.371 264.7 0.271333 0.00363367 1.12272
800.539 323.843 0.253757 -0.0366075 1.04294
807.437 302.982 0.282342 -0.0514344 1.09209
709.866 150.283 0.177331 0.00364796 1.08314
920.033 33.9977 0.135436 -0.0911953 1.09537
810.727 306.33 0.239379 -0.0400306 1.0392
794.898 500.396 1.08985 -0.177321 1.27397
723.665 227.315 0.192709 0.000577567 1.04101
843.366 57.4905 0.0924429 -0.0273956 0.964679
512.455 133.762 0.138827 0.0761175 1.02867
813.727 0.593071 0.117031 -0.0416147 1.08685
561.152 574.791 0.702598 0.215788 1.09568
525.582 628.221 0.579935 0.192506 1.01839
617.427 608.471 0.446298 0.0821933 0.987576
775.881 5.88779 0.119657 -0.0269528 1.09243
885.018 541.955 0.361826 -0.0789971 0.980361
951.794 399.759 0.207286 -0.0705576 0.949098
572.739 506.689 0.296747 0.07828 0.976
824.387 553.356 0.354107 -0.0433339 0.972976
576.329 338.658 0.256728 0.0773147 1.04659
575.042 582.07 0.347487 0.0858793 0.964519
771.366 206.026 0.296662 -0.0518954 1.24047
808.92 133.952 0.164711 -0.0390766 1.06649
898.285 318.966 0.246826 -0.0822552 1.03411
584.164 494.659 0.315798 0.0785847 0.994005
667.614 632.725 0.397662 0.0436708 0.955409
679.344 626.647 0.376896 0.0354931 0.950678
615.195 143.881 0.148558 0.0407968 1.03527
905.175 17.4117 0.133101 -0.0893159 1.11234
950.923 146.213 0.197108 -0.125118 1.11152
624.703 56.2224 0.128873 0.0362698 1.07101
814.491 618.482 0.398837 -0.0387034 0.957476
575.503 582.96 0.33689 0.0828595 0.959188
635.046 234.701 0.159116 0.0331439 0.989551
913.688 376.937 0.259148 -0.0836077 1.00736
943.739 510.288 0.226924 -0.0621386 0.919362
956.917 582.724 0.420216 -0.133533 0.978627
566.409 492.781 0.29701 0.0822855 0.983762
882.883 308.04 0.113323 -0.024013 0.892489
675.52 283.303 0.463756 0.0519681 1.36882
893.297 553.285 0.347162 -0.0769953 0.967153
547.233 241.611 0.191107 0.0757238 1.03664
894.54 532.51 0.356853 -0.0841139 0.982825
801.067 302.507 0.295467 -0.0515308 1.10839
817.636 593.451 0.415392 -0.0459071 0.976669
558.08 497.496 0.27763 0.0800725 0.969007
862.901 636.119 0.508025 -0.0886692 0.977535
811.379 547.579 0.330886 -0.0332602 0.965297
891.705 219.394 0.219938 -0.0881121 1.0803
826.18 480.213 0.287924 -0.038709 0.974736
567.621 418.307 0.283303 0.0833416 1.01731
821.98 469.232 0.305869 -0.0417853 0.99245
853.586 430.781 0.168318 -0.0248968 0.907172
716.725 216.624 0.333494 -0.00665815 1.29779
640.377 332.832 0.250505 0.0436294 1.04086
718.259 215.867 0.323204 -0.00744776 1.27929
505.554 615.132 0.0368551 0.0302311 0.775539
877.489 56.033 0.14155 -0.0716863 1.08922
625.534 64.1535 0.136205 0.0375013 1.08327
