700.274 60.3405 0.134921 0.00776885 1.08655
521.356 70.2572 0.13462 0.0826696 1.0873
756.233 2.54833 0.115114 -0.016141 1.09102
798.031 56.255 0.136119 -0.0336615 1.08755
797.44 57.3049 0.137038 -0.0336995 1.089
876.884 51.0574 0.133295 -0.0648033 1.07969
879.276 46.5741 0.13139 -0.0653977 1.07919
879.023 50.9962 0.13329 -0.0656632 1.07959
804.63 56.1223 0.134232 -0.0353524 1.08179
802.945 51.5436 0.13174 -0.0342049 1.08003
809.676 54.1829 0.130716 -0.0357693 1.07364
700.286 59.7316 0.134533 0.00776307 1.08614
699.175 61.7623 0.13318 0.00844038 1.07997
512.909 67.7119 0.129785 0.08314 1.07682
532.963 339.387 0.0712511 0.040003 0.85085
620.933 54.8674 0.120704 0.0378218 1.0573
899.606 16.3033 0.123807 -0.0759937 1.09113
623.329 64.1773 0.131566 0.0392157 1.07806
901.916 132.7 0.15234 -0.0679911 1.04413
955.546 145.989 0.177989 -0.107739 1.07989
545.794 164.22 0.161229 0.0736968 1.05484
496.675 596.032 0.332112 0.120886 0.959702
959.676 281.906 0.0687199 -0.01936 0.853698
807.815 133.621 0.158374 -0.03452 1.06101
813.042 571.276 0.0451203 0.00990143 0.790676
880.081 50.3591 0.130549 -0.0638459 1.07247
791.388 152.429 0.170915 -0.0296978 1.07006
724.7 224.764 0.189445 0.00207493 1.04486
712.217 243.127 0.198827 0.00775119 1.04546
627.405 142.736 0.158727 0.0404931 1.0642
741.368 24.9812 0.12103 -0.0093322 1.08345
872.745 317.337 0.109 -0.0176139 0.892022
712.518 301.738 0.140157 0.0122288 0.93656
553.944 306.484 0.062618 0.0357991 0.847326
888.228 150.24 0.174121 -0.0737125 1.07245
589.715 199.448 0.11892 0.0423556 0.955937
821.187 546.907 0.0456378 0.00883099 0.793549
610.546 159.373 0.163131 0.047856 1.05912
513.388 63.7995 0.128224 0.0825373 1.07666
798.394 468.965 0.341995 -0.0349879 1.02247
585.999 197.967 0.11756 0.0430523 0.954614
807.787 197.697 -0.320415 0.0248733 0.42838
718.944 154.211 0.168205 0.00229869 1.06744
881.261 307.175 0.237756 -0.0710811 1.03955
875.367 304.56 0.242553 -0.0710581 1.04718
833.414 184.976 0.120616 -0.0220255 0.95767
903.399 388.861 0.256211 -0.0741071 1.00409
612.018 171.955 0.179639 0.050985 1.07983
505.57 130.42 0.145868 0.0861614 1.05493
522.398 147.206 0.156511 0.0832177 1.06172
830.152 415.577 0.243338 -0.0350214 0.981686
953.627 204.93 0.195446 -0.102709 1.05771
611.757 231.985 0.328401 0.0964586 1.27726
808.948 251.946 0.232782 -0.0439709 1.08125
631.432 341.109 0.249946 0.0496117 1.04127
720.363 314.248 0.127167 0.0111995 0.916689
872.453 178.458 0.101525 -0.0246013 0.929622
709.809 243.352 0.199448 0.00878488 1.04632
896.517 8.71353 0.12122 -0.0747195 1.09263
523.842 152.874 0.149906 0.0780977 1.04306
945.068 314.422 0.263223 -0.11493 1.05887
631.685 144.492 0.165089 0.0399361 1.07572
888.719 121.89 0.151764 -0.0651366 1.05299
739.184 9.32842 0.111076 -0.00725811 1.06953
618.406 159.265 0.167801 0.0457154 1.06806
800.234 247.605 0.227879 -0.0385979 1.0787
619.119 275.32 0.385018 0.101526 1.28609
959.607 630.873 0.482499 -0.148325 0.974331
952.121 148.227 0.180079 -0.107418 1.08203
617.195 277.241 0.380627 0.101485 1.27639
807.127 7.82328 0.120246 -0.0383793 1.098
958.79 381.404 0.275711 -0.11127 1.02281
788.123 635.732 0.651335 -0.0491724 1.01666
707.912 238.741 0.170995 0.0105361 1.00844
784.209 224.356 0.212784 -0.0295056 1.07795
566.962 176.043 0.0704518 0.0369243 0.889445
485.191 631.475 0.171598 0.0682408 0.867174
899.714 26.8479 0.131019 -0.0801021 1.10098
856.354 25.7199 0.128492 -0.0600488 1.09781
785.354 164.612 0.182504 -0.0292724 1.08143
697.365 64.6058 0.133499 0.00929609 1.07779
721.943 184.914 0.215343 -0.00205487 1.12707
884.094 29.3456 0.137284 -0.079431 1.11974
550.554 330.156 0.236271 0.0855485 1.03802
798.471 577.689 0.0437782 0.011321 0.789124
878.363 52.1868 0.136553 -0.0679608 1.0876
889.782 611.61 0.385001 -0.0759881 0.958428
482.116 507.661 0.291829 0.121024 0.982173
821.464 124.424 0.154813 -0.0399604 1.06115
893.438 318.258 0.238465 -0.0748161 1.03201
511.756 588.438 0.347371 0.119877 0.969768
760.408 332.671 0.0699004 0.00899497 0.847511
557.129 329.433 0.0636583 0.0353809 0.844014
570.863 312.045 0.0664452 0.0341851 0.850433
800.456 24.1615 0.131968 -0.0394569 1.11678
489.587 600.062 0.325897 0.121451 0.955247
544.924 257.548 0.213104 0.0868494 1.06379
502.941 487.123 0.310766 0.121536 1.00484
497.801 245.576 0.15702 0.0808356 0.992692
918.346 605.68 0.515326 -0.138043 1.0008
727.619 136.312 0.143317 0.0007856 1.03235
897.793 619.643 0.392823 -0.0813053 0.9568
884.25 322.146 0.275932 -0.0876925 1.06975
493.161 596.346 0.330043 0.121745 0.958738
909.646 542.379 0.337584 -0.082277 0.972951
517.546 571.671 0.365209 0.125196 0.986546
893.874 23.2496 0.130535 -0.0785615 1.1048
781.823 22.9873 0.119274 -0.0246658 1.07708
702.364 131.084 0.156506 0.0089809 1.06581
893.498 475.768 0.313859 -0.0770781 0.996514
497.458 326.706 0.255959 0.122123 1.06584
816.913 129.519 0.156621 -0.0381006 1.06056
497.826 495.582 0.305158 0.120684 0.996565
554.763 319.403 0.251385 0.0905726 1.06315
591.135 622.706 0.403442 0.090362 0.971428
482.937 506.724 0.290325 0.120093 0.98167
897.707 392.771 0.261693 -0.0732083 1.00667
898.534 473.906 0.284542 -0.0691727 0.978852
650.158 537.489 0.755316 0.116854 1.15136
801.001 519.937 0.380882 -0.0372933 1.0117
824.773 613.235 0.389227 -0.0417037 0.961687
671.001 625.846 0.393721 0.0433604 0.963066
940.504 12.1321 0.127901 -0.0995652 1.10737
888.754 406.273 0.256759 -0.0650131 0.995232
879.948 593.995 0.43254 -0.0867769 0.984782
815.443 632.41 0.389822 -0.0347835 0.952764
541.569 435.934 0.252193 0.0859443 0.989178
709.685 265.649 0.269103 0.00732978 1.12532
797.654 325.782 0.251527 -0.0329113 1.04555
804.584 304.248 0.280113 -0.0477383 1.09469
705.785 150.65 0.175101 0.00734407 1.08575
917.819 33.2856 0.133206 -0.0874992 1.09797
807.91 308.208 0.237149 -0.0363345 1.0418
793.002 500.581 1.08762 -0.173625 1.27657
719.848 228.773 0.190479 0.00427368 1.04362
841.182 58.4751 0.0902131 -0.0236995 0.967283
505.414 134.624 0.136597 0.0798136 1.03127
557.343 577.547 0.700369 0.219484 1.09828
521.038 632.255 0.577705 0.196202 1.02099
613.453 612.726 0.444068 0.0858894 0.99018
772.291 4.77936 0.117427 -0.0232567 1.09503
883.017 545.162 0.359597 -0.075301 0.982965
950.672 403.637 0.205056 -0.0668615 0.951702
567.634 511.454 0.294517 0.0819761 0.978604
822.019 557.052 0.351877 -0.0396378 0.97558
571.032 341.142 0.254499 0.0810108 1.04919
570.218 587.285 0.345257 0.0895754 0.967122
768.249 205.983 0.294432 -0.0481993 1.24307
805.86 134.295 0.162481 -0.0353805 1.06909
896.171 320.796 0.244596 -0.0785591 1.03671
579.282 498.886 0.313569 0.0822808 0.996608
664.029 637.606 0.395432 0.0473669 0.958013
675.825 631.665 0.374666 0.0391892 0.953282
609.787 144.722 0.146328 0.0444929 1.03788
902.783 16.4518 0.130871 -0.0856198 1.11495
948.856 146.297 0.194878 -0.121422 1.11412
619.295 55.7163 0.126643 0.0399659 1.07361
812.139 622.462 0.396607 -0.0350073 0.960079
570.643 588.347 0.334661 0.0865557 0.961792
630.042 237.175 0.156886 0.03684 0.992154
959.699 520.524 0.240311 -0.0694829 0.929047
911.789 379.381 0.256918 -0.0799116 1.00996
942.767 515.572 0.224694 -0.0584425 0.921966
955.197 585.377 0.417986 -0.129837 0.981231
561.215 497.322 0.294781 0.0859816 0.986366
882.192 314.071 0.111093 -0.0203169 0.895093
672.269 283.474 0.461526 0.0556642 1.37142
891.402 556.817 0.344932 -0.0732992 0.969757
541.129 243.476 0.188877 0.0794199 1.03924
892.585 535.63 0.354623 -0.0804178 0.985428
798.177 303.64 0.293237 -0.0478347 1.11099
815.269 596.901 0.413162 -0.042211 0.979272
552.686 502.487 0.2754 0.0837686 0.971611
860.823 638.877 0.505795 -0.0849731 0.980139
808.917 551.595 0.328656 -0.0295641 0.967901
889.377 220.195 0.217708 -0.084416 1.0829
823.766 483.91 0.285695 -0.0350129 0.97734
562.355 421.783 0.281073 0.0870377 1.01991
819.486 472.479 0.303639 -0.0380892 0.995053
852.009 436.848 0.166088 -0.0212007 0.909776
713.363 216.517 0.331264 -0.00296204 1.3004
635.847 335.208 0.248276 0.0473255 1.04346
714.863 215.799 0.320975 -0.00375165 1.2819
781.352 549.718 0.692579 -0.0627598 1.10656
542.962 632.979 0.677506 0.213355 1.04084
913.816 319.193 0.0731395 -0.0129274 0.85158
856.682 140.899 0.186463 -0.070305 1.10957
895.914 616.046 0.35954 -0.0712278 0.946986
790.188 235.844 0.224662 -0.03431 1.08524
818.178 409.896 0.229757 -0.0276429 0.973866
662.712 631.126 0.402558 0.0488609 0.963743
674.253 554.097 0.382187 0.0403288 0.997498
819.426 611.229 0.401722 -0.0410874 0.967309
507.946 133.972 0.128395 0.0742768 1.01449
615.447 158.414 0.168777 0.047302 1.071
744.397 536.5 0.378817 -0.00172403 1.00316
746.181 609.34 0.423541 -0.000293706 0.979018
885.401 546.962 0.359374 -0.0762158 0.981783
817.452 406.11 0.274284 -0.0381542 1.01258
738.579 613.67 0.394512 0.00539187 0.966844
636.648 155.86 0.173546 0.0389996 1.08184
722.652 238.446 0.213964 0.00168469 1.07099
643.022 261.833 0.214793 0.0402476 1.05729
794.31 75.2919 0.178158 -0.0517654 1.18877
733.353 567.524 0.341186 0.0073953 0.968814
874.953 55.5252 0.13932 -0.0679902 1.09182
620.188 63.6358 0.133975 0.0411974 1.08587
