724.986 177.052 0.228587 -0.461458 4.88354
705.951 169.764 -0.108101 -0.125113 5.6083
708.677 22.7462 -0.12717 -0.15909 3.3177
842.433 43.5791 0.243134 -0.0236247 0.832817
804.45 259.343 -0.147999 0.0345774 0.280495
686.135 59.4803 0.244971 0.00983999 0.834161
706.74 91.104 0.256147 0.00512965 0.842409
845.812 207.004 0.273902 -0.0232421 0.816964
568.523 17.0186 0.228766 0.0322151 0.81901
548.874 194.357 0.256796 0.0389953 0.802397
557.239 45.8079 0.234639 0.0351991 0.820129
832.894 267.586 -0.120945 0.0330759 0.309274
679.702 40.7636 0.236028 0.0114094 0.822182
934.6 37.1765 0.246868 -0.046896 0.842362
483.786 467.814 0.32718 0.0648216 0.797162
953.521 202.534 0.276976 -0.0490806 0.820422
852.072 314.706 0.300615 -0.0256094 0.81175
609.542 242.765 0.479757 0.0792774 1.15039
652.629 238.52 0.477161 0.0400981 1.14794
678.068 290.167 0.175717 0.0186375 0.665422
578.218 222.237 0.270121 0.0353567 0.812607
547.957 190.206 0.257205 0.0393636 0.804662
923.697 77.4212 0.265552 -0.0531894 0.863627
863.525 545.279 0.358948 -0.0281669 0.787997
828.891 239.326 0.32185 -0.0345257 0.875375
511.06 247.119 0.053779 0.0243116 0.51322
821.403 191.268 0.275907 -0.0198771 0.827602
611.2 353.036 0.37971 0.0431987 0.894026
863.374 377.199 0.604059 -0.151515 1.07675
717.314 102.621 0.260878 0.00246502 0.846197
529.94 173.979 0.246223 0.0402916 0.792179
946.805 311.932 0.306887 -0.0512696 0.8175
550.632 84.3317 0.246589 0.0387664 0.829657
821.976 168.359 0.262049 -0.0167223 0.813969
722.588 192.541 0.284747 0.00182376 0.845095
803.052 123.811 0.301478 -0.0330263 0.918179
705.02 327.908 0.33401 0.0077025 0.850709
736.728 351.435 0.331249 -0.000374889 0.836018
946.343 303.422 0.408404 -0.1164 0.943217
818.066 78.3393 0.252759 -0.0197575 0.837726
536.542 187.798 0.227187 0.034519 0.756008
687.854 188.907 0.232049 0.013609 0.760684
827.964 191.261 0.269656 -0.0190312 0.817142
823.276 223.232 0.304014 -0.0278019 0.857184
846.048 43.9551 0.247482 -0.0268971 0.843253
880.297 481.547 0.31183 -0.0235837 0.770763
918.697 86.0795 0.271081 -0.0548501 0.871078
550.494 190.576 0.364297 0.0780874 1.00561
712.149 211.78 0.29654 0.00400677 0.855369
922.346 437.171 0.364161 -0.0564024 0.826865
908.186 100.104 0.283759 -0.0595087 0.890976
959.814 546.434 0.348802 -0.048836 0.77852
849.939 458.057 0.310667 -0.0183707 0.776736
943.396 311.908 0.31205 -0.0531842 0.823705
857.832 628.881 0.32882 -0.0152959 0.748154
684.618 36.7963 0.236509 0.0102775 0.825233
840.656 600.701 0.356579 -0.0185012 0.77163
524.456 456.992 0.399674 0.0767979 0.862484
790.369 330.987 0.417466 -0.0385199 0.942024
484.91 344.992 0.327626 0.0712096 0.843077
838.083 308.117 0.334901 -0.0343599 0.856352
834.653 569.305 0.37379 -0.022251 0.791036
890.191 630.131 0.541936 -0.0791702 0.847492
869.491 631.266 0.320112 -0.0156154 0.74227
898.121 513.873 0.283698 -0.0170915 0.740516
882.074 601.807 0.323093 -0.0201206 0.750089
838.603 566.012 0.372506 -0.0232763 0.791135
947.088 330.507 0.322602 -0.0573783 0.828238
809.534 94.4373 0.259663 -0.0193661 0.844691
944.603 197.245 0.291125 -0.0571094 0.845562
852.64 28.8488 0.232121 -0.020864 0.812981
534.224 60.8624 0.231531 0.0382444 0.806433
794.378 468.813 0.142069 0.0183232 0.616598
596.024 612.42 0.348817 0.0397747 0.76964
737.131 614.612 0.340058 0.00776169 0.760598
549.005 10.3394 0.0349982 0.0269082 0.485082
879.375 476.265 0.479796 -0.0791427 0.896412
620.175 583.284 0.355443 0.0349039 0.781009
865.5 580.066 0.34494 -0.0230047 0.769306
480.038 225.494 0.291124 0.0652445 0.847914
829.696 7.80512 0.225979 -0.0153031 0.8082
814.032 98.5798 0.262589 -0.0213066 0.848624
857.274 464.963 0.324629 -0.0231964 0.78638
725.614 557.661 0.543314 0.000912081 0.894084
844.878 586.416 0.351261 -0.0192313 0.772071
503.448 491.367 -0.0211099 0.0332653 0.425059
608.429 370.808 -0.0163196 0.0327952 0.430716
501.491 490.939 -0.021135 0.0332675 0.425025
770.32 577.664 -0.00532676 0.0323704 0.447076
733.976 605.851 0.596094 -0.00297704 0.888873
795.982 625.395 0.69484 -0.0538252 0.905911
566.486 32.224 0.013168 0.0293306 0.460568
561.742 37.5479 0.0138309 0.0291912 0.461396
876.281 587.07 0.337176 -0.0231411 0.762435
512.523 546.536 0.39199 0.0734379 0.819929
504.97 447.019 0.336251 0.063241 0.811602
819.566 428.969 0.349352 -0.0223256 0.820534
725.582 198.184 0.275304 0.00266573 0.826549
589.858 233.885 0.275983 0.0337104 0.81678
707.917 22.1774 -0.129337 -0.154311 3.31833
