689.087 67.3302 0.137456 0.00662332 1.09043
508.686 75.9085 0.137135 0.0817249 1.09123
744.714 10.23 0.117711 -0.0171137 1.09493
787.45 63.7344 0.138732 -0.0349954 1.09188
786.84 64.909 0.139611 -0.0349589 1.09305
865.833 59.2575 0.135742 -0.0658936 1.08349
868.545 54.9504 0.133786 -0.0665434 1.08265
867.671 59.909 0.136037 -0.0666876 1.08346
738.389 3.9715 0.113656 -0.0140134 1.08903
793.466 64.4244 0.136949 -0.0364382 1.08561
792.254 59.2248 0.134022 -0.0354107 1.0833
798.295 61.8387 0.133027 -0.0368082 1.07718
689.078 66.7325 0.137045 0.00662073 1.08995
687.917 69.0158 0.135618 0.00724353 1.08334
499.843 73.92 0.132277 0.082035 1.08012
502.03 359.544 0.0732688 0.038564 0.852678
607.974 61.4942 0.123069 0.0367221 1.06085
889.753 24.6468 0.125993 -0.0772187 1.09405
611.315 70.5084 0.133909 0.0380882 1.08163
954.159 221.999 0.19889 -0.106958 1.05556
890.397 140.971 0.154612 -0.0691057 1.04778
944.736 154.263 0.180779 -0.109032 1.08453
532.441 170.507 0.16365 0.0726669 1.05851
758.63 0.233688 0.110778 -0.0211099 1.08198
935.421 298.559 0.0707587 -0.0204686 0.856453
796.681 141.461 0.160706 -0.0356572 1.06446
935.568 6.57804 0.119317 -0.0942096 1.09172
772.833 601.353 0.0470563 0.00866175 0.793201
868.118 58.3841 0.133116 -0.0648454 1.07694
780.389 160.001 0.173473 -0.0308313 1.074
712.782 232.419 0.191817 0.00102092 1.04834
700.167 250.681 0.201342 0.00677077 1.04919
615.247 149.465 0.161131 0.0393639 1.06775
730.075 32.3546 0.123411 -0.010438 1.08687
852.968 331.089 0.111065 -0.0186958 0.89489
694.131 313.233 0.142143 0.0113413 0.939136
520.646 322.367 0.0646278 0.0346383 0.849999
878.358 158.703 0.176184 -0.0747988 1.07509
571.036 207.52 0.121288 0.0413669 0.959713
784.132 576.63 0.0475114 0.0074343 0.795937
597.563 166.344 0.165268 0.0468633 1.06194
500 69.009 0.13038 0.0815016 1.08012
786.826 475.498 0.349105 -0.036274 1.03031
567.224 206.217 0.120071 0.0420789 0.958531
804.446 191.071 -0.318625 0.0233343 0.429625
707.687 161.202 0.170521 0.00112885 1.07105
870.195 315.522 0.240582 -0.0721475 1.04371
864.448 313.17 0.2451 -0.0718749 1.05072
817.759 195.149 0.122825 -0.0231255 0.960779
901.358 401.833 0.245453 -0.0729907 0.994187
600.336 178.364 0.182121 0.0499282 1.08356
491.796 136.444 0.148346 0.0851214 1.05868
509.137 153.293 0.158977 0.0821649 1.06542
815.096 423.689 0.252206 -0.036658 0.991264
943.439 213.696 0.197713 -0.103803 1.06099
604.847 236.447 0.331787 0.0956464 1.28274
806.562 253.318 0.212376 -0.0422122 1.05771
946 0.729008 0.116332 -0.0966042 1.08815
617.783 348.669 0.248756 0.0485854 1.04101
700.71 326.196 0.129365 0.0101947 0.919684
855.189 189.921 0.103637 -0.0256995 0.932464
697.946 250.856 0.201842 0.00773299 1.04989
886.069 17.24 0.123679 -0.0759333 1.09625
510.665 159.185 0.152617 0.0768637 1.04726
933.696 322.518 0.266934 -0.116035 1.06418
619.926 151.077 0.167587 0.0388604 1.07948
875.97 132.13 0.155908 -0.066476 1.05873
727.361 16.7648 0.113472 -0.00839303 1.07309
606.017 165.926 0.170281 0.0447691 1.07175
790.621 254.606 0.228187 -0.0393704 1.07972
612.383 279.706 0.387914 0.100546 1.29056
941.207 156.888 0.182913 -0.108511 1.08633
609.625 281.137 0.384209 0.101657 1.2829
796.679 14.7905 0.122144 -0.0394234 1.10079
959.857 1.43234 0.118082 -0.104128 1.09247
944.982 389.707 0.282653 -0.113304 1.03084
694.779 248.873 0.177781 0.00930411 1.017
773.815 231.73 0.215081 -0.0305376 1.08142
542.814 188.043 0.0738495 0.0357069 0.894056
542.698 542.379 0.266564 0.0752963 0.954303
884.777 42.6427 0.139117 -0.0824909 1.11314
845.865 33.8937 0.130987 -0.0611908 1.1015
957.412 323.255 0.236099 -0.107651 1.02967
775.067 171.252 0.183512 -0.0301579 1.08311
686.916 79.4834 0.142654 0.007815 1.09107
712.602 185.092 0.205809 -0.00263358 1.1152
874.509 37.0353 0.139382 -0.0804735 1.12282
536.877 337.391 0.238403 0.0846163 1.0412
760.553 606.311 0.0457429 0.0097926 0.791834
869.333 57.5761 0.136697 -0.0685997 1.08792
876.221 617.217 0.393661 -0.077836 0.966718
812.531 130.474 0.154363 -0.0409979 1.06029
891.978 327.101 0.226855 -0.073404 1.0201
488.745 606.925 0.338569 0.117641 0.964414
733.858 346.154 0.0722564 0.00753597 0.851231
521.617 345.802 0.0657649 0.0344701 0.846843
538.005 328.508 0.0683954 0.0331069 0.852908
790.378 31.5346 0.134328 -0.0405643 1.12036
959.229 633.333 0.38437 -0.115974 0.952632
526.978 262.49 0.208443 0.0851364 1.05864
484.519 498.57 0.307502 0.11971 1.00308
481.292 253.593 0.159955 0.0799597 0.99669
959.81 221.982 0.195085 -0.106347 1.04957
713.454 153.035 0.156548 -0.000442974 1.05028
887.374 630.504 0.394821 -0.0822215 0.9601
927.37 328.132 0.201873 -0.0747569 0.991567
952.533 350.345 0.0402436 -0.00981945 0.814144
898.748 553.633 0.339667 -0.0829792 0.9758
496.117 589.305 0.356074 0.122655 0.980663
883.59 32.215 0.133112 -0.0795707 1.10799
769.295 36.2561 0.12558 -0.0261839 1.08641
689.92 138.673 0.158715 0.00821263 1.0686
875.489 479.191 0.33054 -0.0802336 1.01258
954.743 392.159 0.274089 -0.11263 1.02167
805.272 136.851 0.158497 -0.0389243 1.06361
541.42 326.009 0.252492 0.0895828 1.06529
574.602 639.346 0.397591 0.0888352 0.968792
897.294 406.839 0.247439 -0.0713523 0.993314
888.044 485.019 0.28504 -0.0698373 0.98058
638.222 555.772 0.720578 0.11356 1.13027
794.196 537.544 0.367726 -0.0368849 1.0022
812.301 620.694 0.395564 -0.0428415 0.968141
933.746 16.4653 0.127257 -0.0999373 1.10617
951.703 480.862 0.316572 -0.113292 0.999911
870.319 411.725 0.271054 -0.0678961 1.01087
869.32 602.908 0.436591 -0.0876913 0.989374
535.578 440.087 0.267991 0.0861181 1.00542
700.3 271.729 0.27008 0.00637608 1.1273
786.366 333.401 0.255395 -0.0340517 1.05097
799.916 310.533 0.265869 -0.0468332 1.07969
695.311 160.825 0.181872 0.00605446 1.09491
907.16 40.6031 0.134975 -0.088213 1.10107
798.612 316.878 0.239235 -0.0379972 1.04454
786.517 500.434 1.11599 -0.177328 1.29676
708.204 237.11 0.192068 0.00314796 1.0454
612.705 345.121 0.215739 0.0444104 1.00842
819.474 81.6022 0.101282 -0.0258561 0.982045
487.913 138.9 0.136567 0.0784254 1.03151
795.622 20.2715 0.126344 -0.0404403 1.10815
514.101 637.236 0.591707 0.196603 1.02984
762.556 6.09558 0.115671 -0.0239171 1.09181
872.712 555.711 0.361223 -0.0760504 0.985751
915.096 407.037 0.232936 -0.0723196 0.980559
552.673 520.825 0.296536 0.0810578 0.981865
811.758 570.281 0.350097 -0.0400586 0.975526
556.662 348.281 0.253422 0.0796767 1.04903
555.297 597.848 0.346832 0.0886419 0.970013
761.774 210.361 0.293381 -0.048943 1.24249
794.91 142.101 0.164882 -0.036496 1.07261
907.441 329.327 0.216146 -0.0741953 1.00676
564.857 508.484 0.314385 0.0812366 0.998738
660.83 637.764 0.384475 0.0399573 0.961665
954.615 63.1981 0.145953 -0.111807 1.10185
600.157 158.325 0.158101 0.0442132 1.05454
893.885 21.2132 0.130894 -0.0858666 1.11525
606.681 62.5724 0.128954 0.0389404 1.07655
556.242 597.575 0.338011 0.0857905 0.966167
950.229 626.419 0.395239 -0.116798 0.95982
612.876 243.755 0.154906 0.035648 0.990331
905.348 496.324 0.302904 -0.0823032 0.985174
908.94 391.896 0.247366 -0.0786091 1.00096
904.19 505.808 0.258904 -0.0646918 0.954127
959.33 609.949 0.398088 -0.126213 0.968641
544.679 508.482 0.293574 0.0847254 0.986569
953.142 147.788 0.168453 -0.103257 1.06598
841.612 326.289 0.137523 -0.0239212 0.925479
664.499 285.549 0.439439 0.0531837 1.34582
882.434 569.744 0.343383 -0.0737268 0.970126
523.402 248.101 0.18581 0.0777384 1.03639
887.175 551.687 0.347316 -0.0799693 0.980846
789.687 310.514 0.293391 -0.0485413 1.11207
808.774 618.396 0.399941 -0.0418105 0.970976
535.946 513.13 0.275553 0.0826032 0.973161
847.279 639.176 0.521643 -0.0873349 0.992914
796.545 560.648 0.332673 -0.0306393 0.972784
880.207 227.771 0.218932 -0.0851968 1.08498
817.456 503.711 0.271208 -0.0342452 0.965409
547.118 430.639 0.280701 0.0859555 1.02067
806.847 479.932 0.310118 -0.0394557 1.00227
832.293 447.433 0.169575 -0.0219934 0.914783
706.971 221.508 0.334156 -0.00398894 1.30499
708.202 220.896 0.323392 -0.00472436 1.28562
781.843 588.794 0.611699 -0.0552989 1.05644
535.236 635.556 0.691167 0.215304 1.05134
896.343 335.861 0.0675061 -0.0127681 0.846041
564.526 595.581 0.306031 0.0738933 0.951947
847.414 148.422 0.18821 -0.0711746 1.11184
865.318 593.208 0.408391 -0.0792442 0.985085
941.3 5.92169 0.119883 -0.0975096 1.09418
780.689 244.653 0.229292 -0.0360645 1.09075
805.527 421.282 0.228054 -0.0278869 0.973271
662.049 565.352 0.380924 0.0393024 0.998154
808.519 620.655 0.404424 -0.0421303 0.97137
492.359 142.804 0.132545 0.0739075 1.0201
604.632 166.557 0.173696 0.0463104 1.07803
732.731 542.646 0.383816 -0.00246386 1.0097
734.208 632.787 0.406717 0.000541748 0.968901
875.002 555.372 0.36324 -0.0779159 0.98676
811.842 423.718 0.248312 -0.0344362 0.988257
726.228 635.815 0.38095 0.00548228 0.95892
624.77 164.034 0.178349 0.0385598 1.08869
711.64 247.067 0.218691 0.000630764 1.07679
631.001 268.79 0.216736 0.0391924 1.06028
785.343 71.3432 0.168826 -0.0486064 1.17349
719.985 576.074 0.344545 0.00685443 0.973569
864.557 63.6737 0.141776 -0.0691722 1.09553
952.843 66.377 0.148135 -0.112384 1.10419
608.505 70.0468 0.136604 0.0401183 1.09005
