687.625 65.1335 0.137532 0.00654916 1.0916
506.255 73.5318 0.137212 0.0816507 1.0924
743.545 7.75812 0.117787 -0.0171878 1.0961
786.482 61.6546 0.138808 -0.0350696 1.09305
785.872 62.8416 0.139688 -0.035033 1.09422
865.213 57.2115 0.135819 -0.0659677 1.08465
867.937 52.8761 0.133863 -0.0666175 1.08382
867.06 57.8697 0.136114 -0.0667618 1.08463
737.165 1.41512 0.113732 -0.0140875 1.0902
792.507 62.325 0.137026 -0.0365124 1.08678
791.282 57.0779 0.134099 -0.0354848 1.08447
797.333 59.6839 0.133103 -0.0368824 1.07835
687.613 64.5295 0.137121 0.00654657 1.09112
686.42 66.7925 0.135695 0.00716936 1.08451
497.295 71.463 0.132353 0.0819608 1.08129
496.695 357.422 0.0733455 0.0384899 0.853846
605.928 58.9889 0.123146 0.036648 1.06202
889.279 22.4698 0.126069 -0.0772929 1.09522
609.402 68.1841 0.133986 0.038014 1.0828
953.802 220.91 0.198967 -0.107032 1.05673
889.779 139.284 0.154688 -0.0691799 1.04895
944.421 152.9 0.180856 -0.109106 1.0857
530.029 168.632 0.163727 0.0725928 1.05968
934.009 296.304 0.0708353 -0.0205427 0.857621
795.667 139.747 0.160783 -0.0357314 1.06563
935.307 4.33693 0.119394 -0.0942837 1.09289
768.383 601.159 0.0471329 0.00858759 0.794369
867.493 56.2998 0.133193 -0.0649195 1.0781
779.33 158.426 0.17355 -0.0309055 1.07517
711.312 231.095 0.191894 0.000946755 1.04951
698.646 249.455 0.201419 0.00669661 1.05036
613.327 147.596 0.161207 0.0392897 1.06891
728.803 29.9652 0.123487 -0.0105122 1.08804
851.345 329.604 0.111141 -0.01877 0.896058
691.87 311.838 0.14222 0.0112672 0.940304
515.324 319.815 0.0647044 0.0345641 0.851167
877.745 157.244 0.17626 -0.074873 1.07626
568.081 205.344 0.121364 0.0412927 0.960882
779.907 576.186 0.0475881 0.00736014 0.797105
595.528 164.535 0.165345 0.0467892 1.06311
497.449 66.5184 0.130457 0.0814274 1.08129
785.715 475.453 0.349182 -0.0363481 1.03148
564.228 204.017 0.120148 0.0420047 0.959699
804.281 191.268 -0.318548 0.0232602 0.430794
706.265 159.534 0.170598 0.00105468 1.07222
869.436 314.813 0.240658 -0.0722217 1.04488
863.684 312.464 0.245177 -0.0719491 1.05189
816.388 193.164 0.122901 -0.0231996 0.961947
900.58 401.455 0.245529 -0.0730649 0.995355
598.434 176.726 0.182198 0.049854 1.08473
489.121 134.294 0.148422 0.0850472 1.05985
506.621 151.309 0.159054 0.0820908 1.06659
813.924 423.349 0.252283 -0.0367322 0.992432
943.051 212.57 0.19779 -0.103877 1.06216
603.619 235.576 0.331864 0.0955722 1.28391
805.573 252.253 0.212453 -0.0422864 1.05888
615.881 347.896 0.248832 0.0485112 1.04217
698.296 324.755 0.129441 0.0101205 0.920852
853.866 187.664 0.103714 -0.0257737 0.933632
696.418 249.631 0.201919 0.00765882 1.05105
885.586 15.0224 0.123756 -0.0760075 1.09742
508.044 157.154 0.152694 0.0767895 1.04843
933.222 321.963 0.267011 -0.11611 1.06535
618.091 149.276 0.167663 0.0387862 1.08065
875.315 130.427 0.155985 -0.0665502 1.0599
726.019 14.1856 0.113549 -0.00846719 1.07426
604.079 164.168 0.170358 0.044695 1.07292
789.632 253.606 0.228264 -0.0394445 1.08088
611.22 279.035 0.38799 0.100472 1.29173
940.879 155.543 0.18299 -0.108585 1.0875
608.438 280.46 0.384285 0.101583 1.28407
795.786 12.4545 0.122221 -0.0394975 1.10196
944.465 389.399 0.28273 -0.113378 1.03201
693.064 247.491 0.177858 0.00922995 1.01816
772.756 230.593 0.215158 -0.0306117 1.08259
538.631 184.901 0.0739262 0.0356327 0.895225
539.992 542.409 0.266641 0.0752222 0.955471
884.312 40.6694 0.139194 -0.0825651 1.11431
845.203 31.7537 0.131064 -0.0612649 1.10267
956.973 322.624 0.236176 -0.107725 1.03083
774.013 169.777 0.183589 -0.0302321 1.08427
685.448 77.3657 0.142731 0.00774083 1.09224
711.37 183.739 0.205885 -0.00270775 1.11637
874.02 35.0592 0.139459 -0.0805477 1.12399
534.551 336.481 0.23848 0.0845422 1.04237
755.894 606.146 0.0458195 0.00971844 0.793002
868.74 55.5477 0.136774 -0.0686739 1.08909
875.268 617.731 0.393738 -0.0779102 0.967887
811.58 128.69 0.154439 -0.0410721 1.06145
891.246 326.396 0.226932 -0.0734782 1.02127
486.011 607.251 0.338646 0.117567 0.965582
730.612 344.093 0.072333 0.0074618 0.852399
516.243 343.446 0.0658416 0.0343959 0.848011
532.958 326.095 0.0684721 0.0330328 0.854077
789.507 29.3944 0.134405 -0.0406385 1.12153
958.525 633.946 0.384447 -0.116048 0.953801
524.624 261.187 0.20852 0.0850623 1.0598
481.886 498.405 0.307578 0.119636 1.00425
959.467 220.874 0.195162 -0.106421 1.05074
711.969 151.223 0.156624 -0.000517137 1.05144
886.441 631.072 0.394897 -0.0822957 0.961268
926.717 327.356 0.201949 -0.0748311 0.992735
950.595 347.667 0.0403202 -0.00989361 0.815312
897.895 553.929 0.339743 -0.0830534 0.976968
493.546 589.557 0.356151 0.12258 0.981831
883.113 30.1502 0.133189 -0.0796448 1.10916
768.22 33.9444 0.125656 -0.0262581 1.08758
688.391 136.83 0.158792 0.00813847 1.06976
874.655 479.198 0.330616 -0.0803078 1.01375
954.246 391.849 0.274165 -0.112704 1.02283
804.296 135.115 0.158574 -0.0389984 1.06478
539.249 325.107 0.252569 0.0895086 1.06645
572.438 639.833 0.397667 0.088761 0.96996
896.495 406.482 0.247515 -0.0714265 0.994483
887.161 485.017 0.285117 -0.0699114 0.981749
637.059 555.937 0.720655 0.113486 1.13144
793.038 537.731 0.367803 -0.0369591 1.00337
811.119 621.196 0.39564 -0.0429156 0.969309
933.494 14.3642 0.127333 -0.100011 1.10734
951.118 480.911 0.316649 -0.113366 1.00108
869.46 411.416 0.271131 -0.0679703 1.01204
868.419 603.351 0.436667 -0.0877654 0.990542
533.129 439.655 0.268068 0.0860439 1.00658
699.079 270.853 0.270156 0.00630192 1.12847
785.277 332.727 0.255472 -0.0341259 1.05214
798.97 309.833 0.265945 -0.0469074 1.08086
693.923 159.239 0.181949 0.0059803 1.09608
906.772 38.5886 0.135051 -0.0882872 1.10224
797.551 316.11 0.239311 -0.0380714 1.04571
785.954 500.5 1.11607 -0.177402 1.29792
706.699 235.796 0.192145 0.0030738 1.04657
818.227 78.9326 0.101359 -0.0259302 0.983213
485.019 136.615 0.136643 0.0783512 1.03268
794.745 18.0078 0.126421 -0.0405145 1.10932
512.194 637.631 0.591783 0.196529 1.03101
761.466 3.60384 0.115748 -0.0239913 1.09298
914.336 406.657 0.233012 -0.0723937 0.981728
550.255 520.785 0.296612 0.0809837 0.983033
810.57 570.599 0.350173 -0.0401327 0.976695
554.5 347.472 0.253498 0.0796026 1.0502
552.944 598.162 0.346909 0.0885677 0.971181
959.866 550.29 0.342024 -0.115109 0.977552
793.914 140.428 0.164959 -0.0365702 1.07378
906.739 328.601 0.216223 -0.0742695 1.00793
562.62 508.411 0.314461 0.0811624 0.999906
658.995 638.282 0.384551 0.0398831 0.962833
954.419 61.3914 0.14603 -0.111881 1.10302
598.09 156.432 0.158177 0.044139 1.0557
604.713 60.1614 0.12903 0.0388662 1.07772
553.855 597.889 0.338088 0.0857164 0.967335
949.512 626.996 0.395316 -0.116873 0.960988
610.512 242.11 0.154982 0.0355738 0.991499
904.55 496.391 0.30298 -0.0823773 0.986342
908.215 391.492 0.247442 -0.0786833 1.00213
903.28 505.872 0.258981 -0.0647659 0.955295
958.667 610.468 0.398164 -0.126287 0.96981
542.238 508.381 0.293651 0.0846513 0.987738
952.838 146.313 0.16853 -0.103331 1.06715
840.175 325.033 0.137599 -0.0239954 0.926648
663.604 285.006 0.439516 0.0531095 1.34699
881.502 570.094 0.34346 -0.0738009 0.971294
886.295 551.97 0.347392 -0.0800434 0.982015
807.591 618.886 0.400018 -0.0418847 0.972145
533.342 513.028 0.27563 0.082529 0.974329
846.345 639.689 0.521719 -0.087409 0.994082
795.272 560.919 0.332749 -0.0307135 0.973952
816.201 503.728 0.271285 -0.0343194 0.966577
544.83 430.199 0.280778 0.0858813 1.02184
805.708 479.884 0.310195 -0.0395299 1.00344
830.758 446.972 0.169652 -0.0220676 0.915952
707.343 220.081 0.323469 -0.00479852 1.28679
780.895 589.106 0.611775 -0.0553731 1.05761
533.572 635.923 0.691243 0.21523 1.0525
894.452 333.756 0.0675827 -0.0128423 0.84721
562.028 595.891 0.306107 0.0738191 0.953115
846.753 147.014 0.188286 -0.0712488 1.11301
864.385 593.625 0.408467 -0.0793184 0.986253
941.069 3.69877 0.11996 -0.0975837 1.09535
779.688 243.624 0.229368 -0.0361387 1.09192
804.221 420.87 0.228131 -0.0279611 0.974439
660.359 565.581 0.381 0.0392283 0.999322
807.339 621.151 0.4045 -0.0422045 0.972539
489.404 140.483 0.132622 0.0738333 1.02126
602.719 164.828 0.173773 0.0462363 1.0792
731.371 542.823 0.383892 -0.00253803 1.01086
732.737 633.302 0.406793 0.000467585 0.970069
874.097 555.663 0.363317 -0.0779901 0.987928
724.656 636.351 0.381026 0.00540812 0.960088
623.009 162.358 0.178426 0.0384856 1.08986
710.288 245.932 0.218768 0.000556601 1.07795
629.201 267.638 0.216812 0.0391183 1.06145
784.57 69.6432 0.168903 -0.0486805 1.17466
718.401 576.372 0.344621 0.00678027 0.974737
863.958 61.7163 0.141853 -0.0692463 1.0967
952.64 64.5985 0.148212 -0.112458 1.10536
606.618 67.7583 0.136681 0.0400442 1.09122
