725.42 177.136 0.229425 -0.461052 4.88596
706.506 169.579 -0.107264 -0.124707 5.61073
709.863 22.2575 -0.126333 -0.158684 3.32012
838.194 38.1689 0.243971 -0.0232192 0.835241
813.524 251.705 -0.147162 0.0349829 0.282919
679.765 52.7146 0.245809 0.0102455 0.836585
700.707 85.3359 0.256984 0.00553519 0.844833
840.338 203.871 0.274739 -0.0228366 0.819388
560.087 7.68837 0.229603 0.0326206 0.821434
538.723 187.631 0.257633 0.0394008 0.80482
548.532 36.95 0.235476 0.0356046 0.822553
842.903 256.704 -0.120108 0.0334815 0.311697
672.987 33.1967 0.236866 0.0118149 0.824605
931.655 32.952 0.247706 -0.0464905 0.844786
949.387 200.485 0.277813 -0.0486751 0.822845
845.974 313.207 0.301452 -0.0252039 0.814173
605.636 240.815 0.480594 0.079683 1.15281
649.09 236.947 0.477998 0.0405037 1.15037
658.501 275.219 0.176554 0.0190431 0.667846
568.821 216.617 0.270958 0.0357623 0.815031
537.899 183.465 0.258042 0.0397691 0.807086
920.687 74.2662 0.266389 -0.0527839 0.866051
855.865 546.824 0.359785 -0.0277613 0.790421
824.147 237.67 0.322687 -0.0341202 0.877799
525.749 305.281 0.0546162 0.0247171 0.515644
815.955 187.917 0.276744 -0.0194715 0.830026
603.899 351.04 0.380547 0.0436043 0.896449
957.245 429.89 0.339382 -0.0569038 0.809265
859.918 378.355 0.604896 -0.15111 1.07918
711.453 97.2534 0.261715 0.00287057 0.84862
519.104 166.311 0.24706 0.0406971 0.794603
941.886 311.388 0.307724 -0.050864 0.819924
541.983 76.4372 0.247427 0.0391719 0.83208
816.342 164.261 0.262886 -0.0163167 0.816393
716.312 188.636 0.285584 0.00222931 0.847518
799.32 121.03 0.302315 -0.0326207 0.920603
698.017 325.935 0.334847 0.00810804 0.853133
729.657 349.867 0.332086 3.06554e-05 0.838442
942.876 304.277 0.409241 -0.115995 0.945641
813.427 73.4007 0.253596 -0.019352 0.84015
678.186 181.731 0.232886 0.0140146 0.763107
822.359 187.698 0.270493 -0.0186256 0.819565
818.261 221.009 0.304851 -0.0273963 0.859607
842.061 38.9131 0.24832 -0.0264916 0.845677
872.638 482.025 0.312667 -0.0231782 0.773187
915.681 83.1661 0.271918 -0.0544445 0.873501
544.948 186.889 0.365134 0.078493 1.00803
705.881 208.27 0.297377 0.00441231 0.857793
916.636 438.232 0.364998 -0.0559969 0.829289
905.231 97.6734 0.284597 -0.0591031 0.893399
952.967 548.637 0.349639 -0.0484305 0.780943
842.182 458.03 0.311505 -0.0179652 0.77916
848.47 631.098 0.329657 -0.0148904 0.750578
832.023 602.656 0.357416 -0.0180956 0.774054
514.989 455.351 0.400511 0.0772034 0.864908
785.682 330.688 0.418303 -0.0381144 0.944447
832.749 307.174 0.335738 -0.0339543 0.858775
826.652 570.976 0.374627 -0.0218455 0.79346
883.674 632.984 0.542774 -0.0787646 0.849916
860.041 633.52 0.320949 -0.0152098 0.744693
889.51 514.299 0.284535 -0.016686 0.742939
873.217 603.814 0.32393 -0.0197151 0.752512
830.662 567.672 0.373344 -0.0228707 0.793559
942.237 330.424 0.323439 -0.0569727 0.830662
804.843 89.8635 0.2605 -0.0189606 0.847114
940.795 195.623 0.291962 -0.0567038 0.847985
848.177 22.5794 0.232958 -0.0204584 0.815405
524.536 51.5379 0.232369 0.03865 0.808857
761.431 440.853 0.142906 0.0187288 0.619022
583.914 612.684 0.349654 0.0401802 0.772064
726.67 615.863 0.340895 0.00816723 0.763022
552.577 66.637 0.0358353 0.0273138 0.487505
874.096 477.853 0.480633 -0.0787372 0.898836
609.004 583.416 0.35628 0.0353095 0.783432
857.175 581.892 0.345777 -0.0225991 0.771729
824.922 0.699768 0.226816 -0.0148976 0.810623
809.45 94.2211 0.263426 -0.0209011 0.851047
849.856 465.288 0.325466 -0.0227909 0.788803
718.8 558.83 0.544152 0.00131763 0.896508
836.365 588.207 0.352098 -0.0188257 0.774494
727.04 607.481 0.596932 -0.00257149 0.891297
789.773 627.507 0.695677 -0.0534197 0.908335
867.839 588.992 0.338013 -0.0227355 0.764858
493.644 444.511 0.337088 0.0636465 0.814025
812.732 428.982 0.35019 -0.02192 0.822957
718.853 193.968 0.276141 0.00307127 0.828973
580.74 228.694 0.27682 0.034116 0.819203
703.77 507.511 -0.0106086 0.0333752 0.438785
682.525 282.418 0.0486061 0.0275704 0.508073
845.829 203.13 0.276736 -0.0249048 0.82272
707.593 571.586 0.356411 0.010996 0.784566
935.889 45.9183 0.249957 -0.0472349 0.842886
826.699 341.779 0.309341 -0.0210524 0.813499
709.106 21.6752 -0.1285 -0.153905 3.32076
