725.725 177.26 0.229998 -0.461357 4.88568
706.777 169.867 -0.106509 -0.125254 5.6116
710.305 20.6602 -0.125435 -0.158271 3.30653
842.42 37.7896 0.245954 -0.0238503 0.839452
809.963 250.907 -0.145875 0.0343701 0.285135
684.045 55.2332 0.249254 0.00963371 0.84294
704.32 85.2363 0.259036 0.00507398 0.849161
845.973 202.285 0.275557 -0.0233622 0.822048
563.763 6.16079 0.230981 0.0321978 0.824767
544.187 188.777 0.260685 0.0389995 0.810179
555.4 42.3478 0.239934 0.0352072 0.830214
837.311 255.29 -0.11973 0.0329357 0.312983
679.454 38.381 0.242339 0.0107226 0.834811
935.12 32.9414 0.249858 -0.0471122 0.849207
952.646 200.277 0.280383 -0.0494463 0.827751
850.347 313.101 0.303293 -0.0257716 0.81792
608.614 242.033 0.486736 0.0797954 1.16322
651.609 238.21 0.484572 0.040278 1.16151
669.935 271.572 0.177134 0.0185292 0.669953
573.036 216.439 0.272956 0.0353155 0.819124
541.729 183.293 0.259668 0.0393533 0.810555
854.965 540.854 0.368554 -0.0291002 0.800746
827.172 238.097 0.325612 -0.0349031 0.883018
480.582 294.791 0.0528085 0.0240367 0.514037
820.183 187.043 0.278191 -0.0199406 0.83345
585.389 355.757 0.344089 0.0431743 0.855598
860.039 377.773 0.612114 -0.153008 1.08899
714.218 100.682 0.26626 0.0023459 0.856525
527.321 165.969 0.250654 0.0400842 0.80148
947.356 311.318 0.308949 -0.0513656 0.822881
543.643 74.2685 0.2483 0.0390031 0.834825
820.972 163.442 0.26448 -0.0168509 0.819956
719.088 191.699 0.291253 0.00160102 0.856396
817.365 93.235 0.278575 -0.0289702 0.885565
699.919 326.097 0.30321 0.00970523 0.816858
733.242 350.144 0.336566 -0.000728536 0.845074
946.54 304.2 0.410557 -0.11659 0.948911
820.022 65.8939 0.251567 -0.0192801 0.838769
689.83 207.443 0.263002 0.0112887 0.803907
828.652 184.876 0.270137 -0.0189563 0.820698
827.746 215.286 0.297598 -0.0265953 0.851744
847.997 40.2756 0.250587 -0.0275083 0.849584
867.872 473.924 0.324756 -0.0251106 0.787663
923.72 79.2048 0.271305 -0.0547725 0.873844
537.292 178.734 0.352491 0.0768975 0.991393
793.244 503.423 -0.024359 0.0343395 0.420587
709.357 208.486 0.29978 0.00389852 0.862436
917.407 436.98 0.370392 -0.0572544 0.836658
915.181 90.0329 0.280747 -0.0583264 0.88906
954.579 543.44 0.355322 -0.0502179 0.788772
842.615 453.958 0.320026 -0.0195135 0.789869
854.223 633.645 0.33086 -0.0153338 0.753383
955.903 453.817 0.33912 -0.0524891 0.803504
840.582 611.315 0.353707 -0.0180661 0.772256
483.671 478.32 0.365853 0.0742254 0.829711
788.079 330.657 0.421128 -0.0387846 0.9496
836.441 307.064 0.337455 -0.0344945 0.862467
818.95 549.32 0.400536 -0.0251541 0.819618
887.063 634.535 0.544361 -0.0792193 0.85313
848.497 600.482 0.346145 -0.0188558 0.770216
884.469 500.999 0.298812 -0.019555 0.759513
881.159 610.592 0.321913 -0.019547 0.752325
829.118 557.333 0.387362 -0.0250286 0.808365
946.816 330.516 0.325218 -0.0576041 0.834265
809.531 87.5723 0.26123 -0.0193698 0.84958
951.98 190.862 0.288618 -0.0561758 0.845251
854.424 19.2288 0.233713 -0.0209458 0.817824
527.87 49.9178 0.233688 0.03828 0.812123
783.057 438.321 0.143512 0.0183818 0.621133
581.021 629.313 0.341106 0.0396631 0.765555
730.419 606.055 0.350217 0.00720465 0.773754
538.307 72.5424 0.0350511 0.0269923 0.487614
886.735 487.78 0.463098 -0.0751159 0.883999
606.789 596.741 0.348112 0.0351237 0.777361
860.514 580.487 0.349917 -0.0234781 0.777331
813.883 92.4061 0.26443 -0.0213423 0.853911
855.824 467.143 0.325411 -0.0230445 0.790387
721.252 557.498 0.549368 0.00072556 0.903017
839.197 585.141 0.357452 -0.0198647 0.781286
729.229 607.842 0.599835 -0.00289398 0.895607
791.11 624.747 0.704198 -0.0545727 0.916414
873.681 591.653 0.3389 -0.0231341 0.767348
495.795 445.43 0.338086 0.0633249 0.816794
820.289 433.129 0.343569 -0.0211871 0.817625
723.323 183.367 0.267068 0.00358563 0.81879
584.036 228.288 0.278294 0.0337578 0.822597
668.85 545.28 -0.0101965 0.0328632 0.440037
687.249 259.729 0.0601082 0.0265017 0.522462
845.262 206.552 0.282801 -0.0257915 0.8318
711.564 601.961 0.335479 0.0118053 0.765896
941.395 43.3643 0.250943 -0.0476859 0.84577
828.006 341.411 0.313526 -0.0215976 0.820075
709.546 20.192 -0.127606 -0.153575 3.30811
