694.902 59.9308 0.141057 0.00573256 1.10007
510.648 68.1242 0.140814 0.0811126 1.10107
751.729 1.72276 0.121333 -0.0179229 1.10465
795.206 56.6027 0.142337 -0.0359355 1.10158
794.486 57.869 0.143271 -0.0358946 1.10287
876.782 51.5795 0.138667 -0.0669475 1.09166
878.631 47.6618 0.137228 -0.0675219 1.0918
877.506 52.4761 0.139444 -0.0676587 1.09286
801.731 56.9513 0.140303 -0.0373923 1.09479
800.516 51.4604 0.137342 -0.0363324 1.09247
806.31 54.6949 0.136783 -0.0376577 1.08686
694.761 59.3294 0.14063 0.00579042 1.09952
693.506 61.4663 0.139161 0.00647282 1.09281
501.886 65.7119 0.135858 0.0812794 1.08969
504.573 350.334 0.0764759 0.0378567 0.861253
612.791 52.5712 0.126499 0.0357582 1.07014
899.976 16.9436 0.129584 -0.078228 1.1037
615.257 62.9618 0.137548 0.0373982 1.09106
900.196 135.459 0.158543 -0.0700751 1.05777
534.049 164.279 0.166868 0.071945 1.06739
957.479 287.888 0.0741753 -0.0212725 0.86542
804.854 135.746 0.163962 -0.0365823 1.07328
790.119 595.822 0.050803 0.00816726 0.802562
878.036 50.9889 0.136673 -0.0658346 1.08647
787.475 155.141 0.17708 -0.0317138 1.08339
718.29 228.519 0.195052 0.000192357 1.0572
705.046 247.134 0.204748 0.00600499 1.0584
619.086 143.551 0.164031 0.0384011 1.07562
736.853 24.1044 0.126994 -0.0112704 1.09646
867.39 325.643 0.11435 -0.0194869 0.903663
701.021 308.6 0.145434 0.0105599 0.94799
524.695 310.372 0.0680147 0.0339489 0.858862
887.572 154.202 0.179851 -0.0758095 1.08461
574.642 199.44 0.12483 0.0406659 0.968927
805.705 574.03 0.0507845 0.006726 0.804534
600.704 160.336 0.168483 0.0460955 1.07082
501.928 60.8957 0.134054 0.0808331 1.08973
796.705 486.875 0.333442 -0.0355328 1.02193
570.42 199.259 0.123084 0.0412807 0.96633
801.206 161.872 -0.313766 0.0229449 0.440099
713.273 156.015 0.174184 0.000290932 1.08055
879.592 314.629 0.242966 -0.0730551 1.05151
872.806 312.294 0.248205 -0.0727775 1.05936
828.59 187.831 0.126385 -0.0239645 0.96998
902.427 399.819 0.260646 -0.0759064 1.01499
603.321 173.205 0.185414 0.049152 1.0926
492.765 129.09 0.15162 0.0844212 1.06767
511.01 146.866 0.162616 0.0813893 1.07499
823.475 425.666 0.253373 -0.0373331 0.997924
954.243 210.394 0.201003 -0.10477 1.07001
606.332 232.885 0.342667 0.0990647 1.30955
813.759 250.724 0.216132 -0.0431921 1.06721
622.009 347.181 0.257719 0.0480989 1.05604
708.075 321.47 0.132631 0.00950359 0.928402
868.639 180.85 0.10715 -0.0265376 0.941623
703.176 247.122 0.205028 0.00679203 1.0589
896.198 9.40783 0.127279 -0.0769318 1.10591
512.239 152.804 0.156273 0.0761974 1.05655
944.416 322.37 0.269189 -0.117031 1.07186
623.599 145.498 0.171254 0.0381318 1.089
886.481 125.636 0.158738 -0.0673475 1.06721
734.46 7.66304 0.117054 -0.00923114 1.08265
609.708 160.614 0.174004 0.043919 1.08124
799.201 250.676 0.225667 -0.0396592 1.08154
613.834 278.841 0.391009 0.0996677 1.29931
953.103 152.307 0.185793 -0.109704 1.09471
611.075 279.977 0.38792 0.101072 1.29304
804.124 8.39542 0.126846 -0.0404304 1.11223
700.344 245.412 0.183187 0.00843686 1.02848
779.853 229.123 0.219565 -0.0315505 1.09187
546.916 175.109 0.0768403 0.0349307 0.902134
541.704 547.019 0.267851 0.0743408 0.961193
898.151 31.2472 0.139135 -0.0829142 1.11702
857.437 22.024 0.131389 -0.061638 1.10607
782.261 165.933 0.185709 -0.0309138 1.0906
692.422 71.8431 0.145715 0.00699543 1.09982
717.357 186.937 0.219569 -0.0040069 1.13795
889.675 20.5532 0.135751 -0.0797788 1.12096
537.399 336.022 0.24117 0.0837372 1.04918
780.864 604.006 0.0490794 0.00910462 0.80056
878.137 51.8923 0.141344 -0.0698031 1.09907
883.873 624.323 0.396282 -0.0788377 0.974963
821.23 124.017 0.15743 -0.0418763 1.06902
896.011 326.145 0.237673 -0.0756546 1.03734
485.356 613.807 0.339292 0.116471 0.970947
746.913 336.963 0.0756142 0.00682215 0.860017
525.236 335.486 0.0689861 0.0337884 0.855376
542.5 317.247 0.0717678 0.0324262 0.861775
532.29 260.405 0.217599 0.0850275 1.07471
507.231 258.095 0.190259 0.0826721 1.03781
719.564 150.278 0.16392 -0.00152306 1.06462
875.788 605.843 0.439967 -0.0893361 0.999968
905.07 329.084 0.2456 -0.0829925 1.04357
896.047 544.772 0.363506 -0.087648 1.00195
489.154 599.395 0.351543 0.120936 0.983045
893.3 25.1501 0.136788 -0.0806395 1.11782
695.318 132.365 0.161947 0.00740437 1.07755
891.302 490.09 0.318221 -0.0785295 1.00718
812.596 132.792 0.163909 -0.04011 1.07546
546.44 324.267 0.262663 0.0895625 1.08198
904.026 406.736 0.255102 -0.0731088 1.00649
896.473 487.617 0.289231 -0.0709806 0.990236
635.575 570.368 0.695693 0.109501 1.1194
800.201 543.7 0.368047 -0.0375368 1.00841
818.786 629.862 0.395665 -0.0434792 0.974365
945.52 8.03251 0.130191 -0.100838 1.11482
879.746 413.637 0.272595 -0.0685656 1.01791
884.64 624.344 0.418612 -0.0855178 0.982465
534.713 441.444 0.269351 0.0851333 1.01225
704.79 272.539 0.289014 0.00493875 1.15529
795.499 333.142 0.249869 -0.0341557 1.04994
806.389 309.612 0.268561 -0.0477091 1.08792
700.397 156.473 0.186104 0.00517851 1.10522
916.983 32.642 0.138175 -0.0889569 1.11069
805.482 315.673 0.242469 -0.0389023 1.05336
713.625 233.245 0.195261 0.00231926 1.0542
830.658 71.7698 0.105147 -0.02679 0.991694
803.996 11.3621 0.129142 -0.0412632 1.11652
926.902 408.485 0.23488 -0.0730099 0.987967
564.693 509.265 0.323862 0.0826531 1.01221
818.835 577.913 0.350156 -0.0406727 0.981558
557.755 346.999 0.256743 0.0789272 1.05789
918.281 328.31 0.218959 -0.0750569 1.0151
610.83 54.2285 0.132412 0.0381481 1.0859
546.845 619.64 0.321518 0.0827887 0.958644
916.196 501.555 0.30354 -0.0828183 0.991504
923.84 397.019 0.244415 -0.0779689 1.00191
917.76 512.552 0.257645 -0.0648564 0.958698
546.36 509.138 0.299674 0.0842673 0.997861
856.679 321.816 0.137135 -0.0243507 0.930305
666.407 284.77 0.438043 0.0515191 1.34907
893.471 579.594 0.34105 -0.0738342 0.974183
897.036 559.17 0.347182 -0.0804138 0.986688
625.946 606.615 0.295198 0.0455765 0.949583
817.003 632.745 0.393655 -0.0419237 0.972342
528.794 522.758 0.268185 0.0808906 0.972017
803.872 569.005 0.331266 -0.0311922 0.977543
830.265 515.112 0.261959 -0.0338998 0.962733
811.729 480.693 0.317842 -0.0408235 1.0151
846.714 450.859 0.171279 -0.0231419 0.921233
711.873 219.167 0.32576 -0.00599391 1.29332
786.041 597.927 0.607052 -0.0556855 1.05974
562.95 603.949 0.305284 0.0727478 0.957215
856.315 143.113 0.190256 -0.071886 1.11914
885.579 622.921 0.38153 -0.0758242 0.970383
946.822 6.32849 0.129106 -0.100586 1.11319
792.047 236.768 0.215353 -0.0350624 1.07826
809.817 419.411 0.240457 -0.0296257 0.990964
493.403 134.839 0.13601 0.0732894 1.02916
606.192 158.948 0.174025 0.0455251 1.08299
737.301 554.138 0.375019 -0.00295356 1.0084
893.044 577.415 0.340842 -0.0738698 0.975119
625.735 157.472 0.179583 0.0385315 1.09481
638.828 269.285 0.232991 0.0383095 1.08427
724.029 586.791 0.340416 0.00621106 0.976116
604.681 46.8103 0.127779 0.039507 1.08047
912.309 581.673 0.319563 -0.0751677 0.962939
933.133 43.7967 0.149767 -0.105514 1.13198
797.065 638.095 0.536841 -0.0500473 1.01215
622.45 82.7006 0.263567 0.206769 2.11985
930.282 57.6708 0.106413 -0.0553349 1.00004
823.365 609.639 0.291325 -0.0297022 0.941317
703.701 133.629 0.386565 -0.0171949 2.21817
808.94 410.42 0.316972 -0.0476092 1.05856
699.149 150.84 0.180653 0.00574642 1.09962
838.114 165.441 0.104993 -0.020395 0.945011
874.147 56.7489 0.145244 -0.0702277 1.105
612.39 62.4379 0.140269 0.0394278 1.09987
