702.636 51.7783 0.142384 0.0050322 1.10194
517.046 59.9959 0.142141 0.0804123 1.10293
803.796 48.4947 0.143664 -0.0366359 1.10344
803.034 49.8105 0.144598 -0.036595 1.10474
886.417 43.2031 0.139994 -0.0676479 1.09353
888.313 39.225 0.138555 -0.0682223 1.09367
887.115 44.1439 0.140771 -0.068359 1.09473
810.52 48.6927 0.141629 -0.0380927 1.09666
809.383 43.0563 0.138669 -0.0370327 1.09434
815.33 46.2073 0.13811 -0.038358 1.08873
702.508 51.1548 0.141957 0.00509006 1.10139
701.359 53.1613 0.140488 0.00577246 1.09468
508.43 57.2599 0.137185 0.080579 1.09155
518.752 333.469 0.0778027 0.0371563 0.863121
620.533 43.4657 0.127826 0.0350579 1.07201
909.861 8.29027 0.130911 -0.0789284 1.10556
622.536 54.5833 0.138875 0.0366978 1.09292
910.209 127.636 0.15987 -0.0707755 1.05963
540.6 156.708 0.168195 0.0712447 1.06926
813.539 128.225 0.165288 -0.0372827 1.07514
816.759 574.284 0.0521299 0.0074669 0.80443
887.807 42.4751 0.138 -0.066535 1.08834
795.626 148.148 0.178406 -0.0324141 1.08526
725.871 221.92 0.196379 -0.000508003 1.05907
712.35 240.821 0.206075 0.00530463 1.06027
626.163 135.995 0.165358 0.0377007 1.07749
745.256 15.3272 0.128321 -0.0119707 1.09833
882.352 314.027 0.115677 -0.0201872 0.905532
711.423 299.273 0.146761 0.00985955 0.949858
539.841 292.102 0.0693415 0.0332485 0.860731
896.64 147.343 0.181178 -0.0765098 1.08647
583.912 188.888 0.126157 0.0399655 0.970795
832.392 552.428 0.0521113 0.00602564 0.806402
607.638 152.884 0.16981 0.0453951 1.07269
508.499 52.3748 0.135381 0.0801327 1.0916
803.333 483.472 0.334769 -0.0362332 1.02379
579.756 188.56 0.124411 0.0405804 0.968199
799.711 149.003 -0.312439 0.0222445 0.441967
720.861 148.878 0.175511 -0.000409428 1.08242
887.923 309.539 0.244293 -0.0737554 1.05338
880.902 307.328 0.249532 -0.0734779 1.06123
840.444 177.569 0.127712 -0.0246649 0.971849
911.125 395.243 0.261972 -0.0766067 1.01686
609.784 166.453 0.186741 0.0484517 1.09446
499.278 120.966 0.152947 0.0837209 1.06954
517.394 139.213 0.163943 0.0806889 1.07685
831.743 420.795 0.254699 -0.0380335 0.999792
610.178 229.539 0.343994 0.0983643 1.31142
821.71 244.87 0.217458 -0.0438924 1.06908
628.026 342.054 0.259046 0.0473985 1.0579
719.479 311.231 0.133958 0.00880323 0.930271
882.539 168.854 0.108477 -0.027238 0.943491
710.455 240.818 0.206355 0.00609167 1.06077
906.053 0.679436 0.128606 -0.0776321 1.10778
518.937 144.743 0.157599 0.0754971 1.05842
952.79 317.981 0.270516 -0.117731 1.07373
630.44 138.297 0.17258 0.0374315 1.09087
896.191 117.885 0.160064 -0.0680478 1.06908
616.5 153.433 0.175331 0.0432187 1.08311
806.715 245.104 0.226994 -0.0403595 1.0834
617.509 275.848 0.392336 0.0989673 1.30118
614.776 276.948 0.389247 0.100372 1.2949
708.363 238.253 0.184514 0.0077365 1.03035
787.178 223.411 0.220892 -0.0322508 1.09374
559.672 159.044 0.0781671 0.0342304 0.904003
548.022 541.904 0.269178 0.0736405 0.963061
907.631 23.126 0.140462 -0.0836146 1.11889
866.792 13.494 0.132716 -0.0623383 1.10793
790.133 159.26 0.187035 -0.0316142 1.09247
700.06 63.8649 0.147042 0.00629507 1.10169
723.743 181.374 0.220896 -0.00470726 1.13981
899.071 12.3398 0.137078 -0.0804791 1.12283
543.185 330.389 0.242497 0.0830368 1.05105
807.86 582.019 0.0504063 0.00840426 0.802429
887.621 43.6982 0.142671 -0.0705034 1.10094
890.855 622.242 0.397609 -0.0795381 0.976832
830.262 116.215 0.158757 -0.0425766 1.07089
904.762 320.937 0.238999 -0.0763549 1.03921
490.47 609.679 0.340619 0.115771 0.972815
764.706 320.239 0.076941 0.00612179 0.861885
540.533 317.342 0.070313 0.0330881 0.857245
557.472 299.676 0.0730946 0.0317258 0.863643
538.097 254.334 0.218926 0.0843271 1.07657
513.613 251.032 0.191586 0.0819717 1.03968
727.591 142.662 0.165246 -0.00222342 1.06649
882.053 604.044 0.441294 -0.0900365 1.00184
913.706 324.096 0.246927 -0.0836928 1.04543
903.321 542.158 0.364833 -0.0883484 1.00381
494.091 595.405 0.35287 0.120236 0.984914
902.761 16.9454 0.138114 -0.0813398 1.11968
702.999 124.775 0.163274 0.00670401 1.07942
899.087 486.726 0.319548 -0.0792298 1.00905
481.795 325.916 0.253872 0.118297 1.06994
821.326 125.287 0.165236 -0.0408103 1.07733
551.777 319.185 0.26399 0.0888621 1.08385
912.942 402.044 0.256429 -0.0738092 1.00836
904.928 483.774 0.290558 -0.071681 0.992105
638.581 568.626 0.69702 0.1088 1.12127
806.561 540.836 0.369374 -0.0382372 1.01028
825.237 627.548 0.396992 -0.0441796 0.976234
887.991 409.294 0.273922 -0.069266 1.01978
891.317 622.464 0.419939 -0.0862181 0.984333
540.48 436.314 0.270678 0.084433 1.01412
710.236 268.3 0.29034 0.00423839 1.15716
802.966 328.104 0.251195 -0.0348561 1.05181
813.321 305.027 0.269888 -0.0484095 1.08979
707.411 149.87 0.187431 0.00447815 1.10709
926.779 24.4137 0.139502 -0.0896573 1.11256
813.108 310.473 0.243796 -0.0396026 1.05523
721.201 226.634 0.196588 0.0016189 1.05607
842.659 60.2884 0.106474 -0.0274904 0.993562
812.701 2.88012 0.130469 -0.0419635 1.11839
936.7 403.32 0.236207 -0.0737102 0.989835
570.02 505.121 0.325189 0.0819527 1.01408
825.782 574.981 0.351483 -0.041373 0.983426
563.399 341.751 0.258069 0.0782269 1.05976
927.906 322.586 0.220285 -0.0757573 1.01696
618.23 45.5815 0.133739 0.0374477 1.08777
552.527 615.511 0.322845 0.0820883 0.960512
924.604 498.049 0.304867 -0.0835187 0.993372
933.218 392.086 0.245741 -0.0786693 1.00378
927.429 508.17 0.258972 -0.0655567 0.960567
551.962 504.585 0.301001 0.0835669 0.999729
869.606 312.086 0.138462 -0.0250511 0.932173
669.906 282.214 0.43937 0.0508187 1.35094
901.272 576.796 0.342377 -0.0745346 0.976051
904.666 556.403 0.348509 -0.0811141 0.988556
632.531 602.339 0.296525 0.0448762 0.951452
823.478 630.413 0.394982 -0.042624 0.97421
534.921 517.595 0.269511 0.0801902 0.973885
810.986 565.76 0.332593 -0.0318925 0.979411
838.907 510.607 0.263286 -0.0346001 0.964601
818.736 477.097 0.319169 -0.0415238 1.01697
858.577 443.232 0.172606 -0.0238422 0.923101
716.347 215.698 0.327087 -0.00669427 1.29519
790.185 596.61 0.608379 -0.0563858 1.06161
568.93 599.622 0.30661 0.0720474 0.959084
864.47 136.756 0.191583 -0.0725864 1.12101
892.795 620.698 0.382856 -0.0765245 0.972252
799.688 230.908 0.21668 -0.0357627 1.08013
818.28 414.182 0.241783 -0.0303261 0.992833
825.306 639.049 0.391553 -0.0421402 0.968893
500.678 125.612 0.137336 0.0725891 1.03103
612.939 151.78 0.175352 0.0448247 1.08486
743.129 551.167 0.376346 -0.00365392 1.01027
900.835 574.606 0.342169 -0.0745701 0.976987
632.407 150.576 0.18091 0.0378311 1.09668
644.995 263.733 0.234318 0.0376091 1.08613
730.42 583.447 0.341743 0.0055107 0.977984
612.188 37.8996 0.129106 0.0388066 1.08234
920.737 578.641 0.32089 -0.075868 0.964807
942.596 36.1938 0.151094 -0.106214 1.13385
801.879 636.629 0.538168 -0.0507476 1.01402
624.818 80.6801 0.264894 0.206069 2.12171
943.241 46.4071 0.10774 -0.0560352 1.00191
831.687 605.946 0.292652 -0.0304025 0.943186
705.931 131.919 0.387892 -0.0178953 2.22004
815.559 406.715 0.318298 -0.0483096 1.06043
706.296 144.037 0.18198 0.00504606 1.10149
851.597 153.28 0.106319 -0.0210953 0.946879
832.475 0.628853 0.118562 -0.0410038 1.07697
598.626 28.4287 0.202117 0.153329 1.72038
903.15 302.649 0.220038 -0.0695346 1.02934
506.381 639.797 0.581718 0.19736 1.03707
871.926 633.517 0.884359 -0.206689 1.06822
901.193 222.385 0.190037 -0.0672922 1.04179
824.583 73.2904 0.107084 -0.0219223 0.98778
711.185 225.745 0.172123 0.00689152 1.01958
810.114 325.138 0.210315 -0.0277136 1.00853
578.031 584.443 0.333644 0.0752551 0.978432
912.277 211.238 0.203356 -0.0824635 1.0702
889.568 127.046 0.168379 -0.0694056 1.07908
900.474 547.727 0.358525 -0.0837793 0.997908
556.372 424.753 0.292604 0.085509 1.03816
537.678 349.013 0.101016 0.0395502 0.885535
883.427 48.7668 0.146571 -0.0709281 1.10687
619.492 54.266 0.141596 0.0387274 1.10173
