709.772 49.5634 0.145607 0.00424274 1.10627
523.413 58.7786 0.145551 0.0797424 1.10767
811.473 45.7741 0.147041 -0.0375112 1.10834
810.676 47.2374 0.14797 -0.037441 1.10948
895.715 39.5914 0.142755 -0.0683901 1.09688
897.079 35.962 0.141563 -0.0688697 1.09734
896.153 40.3359 0.143472 -0.0690233 1.09818
819.004 45.7937 0.144581 -0.0389616 1.10027
818.127 39.0243 0.141295 -0.0379931 1.09814
824.822 42.0728 0.140508 -0.0393876 1.09182
709.644 48.9542 0.145237 0.0042999 1.10586
708.002 50.7396 0.143517 0.00523703 1.09859
513.81 55.685 0.140109 0.0800164 1.09509
529.452 334.769 0.0796246 0.0363499 0.864219
626.715 40.701 0.130578 0.0345614 1.0753
918.649 4.90404 0.134134 -0.0797657 1.10978
629.143 52.5117 0.141954 0.0359906 1.09692
919.306 124.972 0.16314 -0.07144 1.06384
545.896 155.418 0.170793 0.0707128 1.07242
821.803 125.878 0.168161 -0.0379363 1.0787
852.816 593.542 0.053294 0.00659358 0.804283
896.369 39.5086 0.141259 -0.0672111 1.09242
803.526 146.214 0.181515 -0.0332017 1.08933
733.466 220.717 0.199067 -0.00121308 1.06243
719.092 239.227 0.208915 0.00481859 1.06441
632.771 134.454 0.168409 0.0370214 1.08143
753.647 12.1784 0.13087 -0.0128934 1.1007
900.037 313.761 0.117422 -0.0207218 0.906825
720.618 299.534 0.148602 0.0095424 0.951357
552.924 294.204 0.0711859 0.0322851 0.861364
905.156 145.117 0.184462 -0.0773071 1.09087
591.972 186.496 0.128533 0.0392389 0.973297
864.961 565.904 0.0537499 0.00532089 0.807031
614.474 151.913 0.172306 0.0444225 1.07511
513.3 49.713 0.137837 0.0796403 1.09489
818.179 496.182 0.315231 -0.034717 1.00726
588.545 185.998 0.127653 0.0398891 0.972164
795.027 154.678 -0.304388 0.0212147 0.446295
727.892 147.033 0.178827 -0.0010869 1.08708
897.219 309.039 0.246715 -0.0743193 1.05649
887.981 306.125 0.253629 -0.0741187 1.06692
853.012 174.763 0.130029 -0.025277 0.973993
920.198 395.33 0.265403 -0.0772147 1.02116
615.874 165.307 0.189776 0.0478152 1.09855
504.879 119.37 0.15567 0.0830415 1.07295
523.131 138.355 0.166841 0.0799855 1.08021
839.215 420.124 0.260784 -0.0389589 1.00679
614.86 230.025 0.349997 0.0984027 1.32138
833.032 240.359 0.212497 -0.0434319 1.06378
636.767 342.141 0.274152 0.0476964 1.07495
730.476 310.972 0.135942 0.00827756 0.932091
897.97 165.374 0.110596 -0.0278064 0.945149
717.137 239.503 0.209324 0.005625 1.06491
525.007 143.782 0.160697 0.0748686 1.06212
636.616 137.054 0.175873 0.0368983 1.09526
905.366 114.545 0.162681 -0.0685426 1.07249
622.946 152.068 0.178476 0.0425551 1.08734
819.714 238.318 0.215214 -0.0391166 1.06992
622.781 275.623 0.401308 0.0993947 1.31589
619.029 276.863 0.392926 0.0998964 1.30154
715.367 238.084 0.187391 0.00742213 1.03329
794.871 221.098 0.221397 -0.0325263 1.09477
569.442 154.902 0.0798613 0.0334418 0.904928
557.124 537.169 0.279049 0.0743739 0.973791
916.258 19.6549 0.1434 -0.0843396 1.12269
876.639 7.58451 0.134092 -0.0627864 1.10919
807.691 135.709 0.163815 -0.0292779 1.06175
706.858 62.0488 0.15042 0.00562924 1.10615
729.576 181.2 0.22577 -0.00539017 1.14668
548.605 330.872 0.245179 0.0824635 1.05448
840.389 597.643 0.0520299 0.00767554 0.803027
899.453 35.1451 0.141914 -0.070377 1.09923
903.124 630.371 0.393484 -0.0789304 0.975797
838.644 112.634 0.160944 -0.0429581 1.07377
915.501 320.094 0.239898 -0.0765666 1.04084
781.838 322.903 0.0787077 0.00573805 0.862504
550.644 317.848 0.072078 0.0324991 0.858275
569.433 295.353 0.0758098 0.0311369 0.866613
539.042 251.835 0.215044 0.0829304 1.07224
922.618 615.452 0.572589 -0.155218 1.03703
536.332 258.253 0.216678 0.0840775 1.06987
734.601 145.076 0.172884 -0.00309695 1.07615
911.476 638.694 0.401421 -0.0843279 0.974355
921.048 323.691 0.252201 -0.0847123 1.05176
905.017 537.274 0.379519 -0.0904769 1.01755
489.144 609.833 0.340985 0.117693 0.976918
911.346 13.7494 0.141482 -0.0824747 1.12458
710.271 122.345 0.165391 0.00601254 1.08173
910.652 490.113 0.318381 -0.079058 1.00923
483.686 324.715 0.252324 0.117019 1.06991
828.551 120.804 0.166023 -0.0403536 1.07826
564.299 320.536 0.281483 0.0901509 1.1039
921.33 401.892 0.262588 -0.0753037 1.01512
912.672 483.7 0.296206 -0.072607 0.99838
626.65 620.838 0.593163 0.0998009 1.05349
800.41 514.699 0.423529 -0.0429083 1.05797
827.121 615.989 0.417252 -0.0460028 0.993825
896.999 409.846 0.276928 -0.0697949 1.02358
903.97 632.571 0.413924 -0.0851069 0.981688
550.786 434.277 0.280918 0.0846454 1.0255
715.698 270.411 0.308267 0.00314478 1.17991
809.332 327.798 0.257283 -0.0356513 1.0592
819.561 304.708 0.275095 -0.0492507 1.09645
714.366 144.116 0.184747 0.00387574 1.1032
931.497 24.1097 0.145268 -0.0909267 1.12182
821.566 310.205 0.246275 -0.0402955 1.05838
729.024 225.885 0.198327 0.000933049 1.05763
822.487 120.794 0.163869 -0.0369866 1.07383
934.527 401.215 0.253177 -0.0763934 1.00703
566.341 520.287 0.305177 0.0786775 0.997193
562.761 342.578 0.249241 0.0764594 1.05069
947.512 321.059 0.213614 -0.0746576 1.01023
624.928 43.3677 0.136897 0.036757 1.092
561.235 613.319 0.331243 0.0822119 0.968875
935.195 500.285 0.306625 -0.0837818 0.996075
944.789 392.938 0.247169 -0.078857 1.00574
923.591 496.464 0.281528 -0.0697223 0.982644
551.499 513.892 0.291742 0.081668 0.992285
876.171 311.996 0.148527 -0.026452 0.943248
675.596 283.065 0.46126 0.0507264 1.38173
909.796 578.901 0.34624 -0.0749449 0.980536
915.434 560.466 0.348619 -0.0810792 0.990152
635.27 621.754 0.283336 0.0437941 0.941485
832.781 636.724 0.393682 -0.0426298 0.975149
526.645 535.288 0.251341 0.0775117 0.95804
821.049 571.837 0.33045 -0.0319429 0.97905
847.861 512.377 0.267457 -0.0351328 0.969043
837.889 493.477 0.292746 -0.0388106 0.993769
867.018 439.938 0.177287 -0.0241113 0.929201
720.957 216.062 0.335749 -0.00801207 1.30987
796.921 603.215 0.601113 -0.0556787 1.06
566.479 621.292 0.2907 0.069769 0.946801
872.526 134.173 0.193874 -0.0730894 1.12403
905.957 631.028 0.377908 -0.075645 0.969873
811.452 224.724 0.20753 -0.0348352 1.0691
825.445 413.531 0.250811 -0.0317093 1.00229
505.064 122.539 0.138787 0.0718374 1.03232
617.932 148.558 0.175918 0.044175 1.08546
750.542 557.259 0.372662 -0.00383238 1.00891
912.02 579.246 0.342475 -0.0746883 0.9786
637.461 147.177 0.18136 0.0372586 1.0973
652.94 265.4 0.246694 0.0374009 1.10162
740.066 602.514 0.324904 0.00528549 0.965501
619.605 37.8849 0.133915 0.0382309 1.08915
930.411 581.568 0.323915 -0.0761306 0.968493
807.386 638.615 0.541684 -0.0506432 1.0191
630.244 89.9408 0.280328 0.212048 2.18075
915.049 90.3542 0.145455 -0.064075 1.05375
841.962 610.567 0.294354 -0.0307414 0.945699
707.609 130.842 0.385554 -0.0182105 2.22323
827.217 410.598 0.307183 -0.0469782 1.05058
713.579 133.744 0.174686 0.00449855 1.09151
865.586 149.762 0.108211 -0.0214516 0.948072
602.927 31.9125 0.2074 0.154079 1.73855
908.712 301.823 0.228241 -0.0712221 1.03934
877.912 635.722 0.884389 -0.206995 1.07353
911.027 221.346 0.193287 -0.0680305 1.0454
814.176 119.147 0.152184 -0.0290081 1.05028
719.731 224.518 0.173278 0.00623792 1.02031
812.829 324.174 0.235166 -0.0317274 1.03701
588.861 575.759 0.352348 0.0767478 0.995124
915.641 214.779 0.215326 -0.0854963 1.08432
897.655 127.2 0.173056 -0.0703468 1.08405
550.456 433.087 0.273774 0.0825068 1.02032
548.903 351.193 0.102535 0.0384403 0.886315
894.029 42.2749 0.147233 -0.0712902 1.10752
626.092 52.5121 0.144971 0.0380342 1.10643
