729.214 179.205 0.236381 -0.464883 4.89157
710.159 172.563 -0.0999274 -0.129022 5.61877
716.624 22.3615 -0.118751 -0.161025 3.2972
888.33 17.9142 0.251171 -0.0274943 0.846412
781.076 217.664 -0.139127 0.0303814 0.291453
721.014 38.8079 0.255404 0.0058006 0.851318
738.832 76.6463 0.269092 0.00110766 0.863829
890.92 191.375 0.280827 -0.0270627 0.829309
576.778 175.775 0.266616 0.0351984 0.818263
589.344 24.825 0.246442 0.0314005 0.839002
717.865 19.9381 0.248351 0.00687619 0.842899
505.187 463.893 0.340289 0.0612875 0.816274
894.727 308.988 0.307196 -0.0292643 0.823551
626.354 245.411 0.50721 0.0771238 1.1928
668.525 242.155 0.507864 0.0367682 1.1955
766.686 224.498 0.18129 0.0151119 0.674816
605.24 207.237 0.279769 0.031586 0.828213
574.156 170.049 0.265546 0.0355631 0.818528
873.77 526.554 0.397317 -0.0356014 0.832065
859.601 234.233 0.332891 -0.0387918 0.893059
865.674 171.653 0.279318 -0.0229405 0.835309
611.893 353.357 0.351992 0.0393275 0.866634
875.476 379.91 0.62462 -0.158174 1.10616
749.563 89.524 0.273337 -0.00158352 0.866176
562.761 151.393 0.257526 0.0361719 0.810931
576.84 60.9398 0.25581 0.0352282 0.845029
864.002 151.663 0.271121 -0.0206314 0.828932
751.108 182.322 0.297009 -0.00180953 0.864774
734.802 321.893 0.309984 0.00584899 0.826102
763.545 348.457 0.346603 -0.00475294 0.858255
865.172 43.4022 0.254869 -0.0224864 0.843277
725.381 213.871 0.294329 0.00606558 0.846267
875.312 169.548 0.273192 -0.0222978 0.825277
870.086 204.514 0.298648 -0.0295287 0.853481
892.008 21.8594 0.255849 -0.0310469 0.856584
916.719 480.781 0.326173 -0.0281796 0.791147
554.614 173.226 0.355927 0.0728932 0.996427
741.977 198.407 0.302192 0.000400256 0.866045
957.792 75.1427 0.284511 -0.0614082 0.894275
881.889 454.064 0.32895 -0.0235398 0.801371
879.998 612.208 0.356597 -0.0212291 0.78103
484.492 495.861 0.352966 0.0689621 0.817763
877.579 302.886 0.33507 -0.0369073 0.8611
840.74 540.392 0.424963 -0.0308605 0.846217
890.493 609.999 0.35216 -0.02252 0.778642
922.467 494.087 0.314223 -0.0245984 0.777911
930.411 620.24 0.327998 -0.0233597 0.760706
842.628 86.4835 0.275073 -0.0241229 0.868856
897.202 6.31281 0.243766 -0.0253552 0.832504
610.759 637.668 0.347072 0.0360026 0.773929
766.65 619.347 0.35318 0.00371678 0.779234
919.98 499.11 0.462377 -0.0771812 0.885836
894.742 579.171 0.365007 -0.0285421 0.79428
861.066 13.9547 0.24927 -0.0214315 0.844275
486.664 475.79 0.330491 0.0619507 0.804336
741.354 571.74 0.545715 -0.00240724 0.903546
879.754 596.213 0.361949 -0.0233056 0.788243
748.759 629.986 0.588564 -0.00537151 0.8911
918.215 601.223 0.344711 -0.0267471 0.775522
519.248 446.227 0.34327 0.059496 0.824355
849.705 429.421 0.359978 -0.026272 0.837664
767.204 155.989 0.260257 0.000923909 0.80995
617.585 221.381 0.287644 0.0299925 0.835158
886.725 197.585 0.288954 -0.0294847 0.840233
495.387 628.842 0.356328 0.0621934 0.783696
744.703 591.046 0.354623 0.00761452 0.787346
867.284 338.876 0.319384 -0.0252497 0.828233
898.077 237.266 0.384282 -0.0808434 0.969882
869.07 164.315 0.277367 -0.0233954 0.834841
488.407 600.201 0.360832 0.0660293 0.793872
724.458 204.667 0.291205 0.00630109 0.84516
722.533 206.346 0.292205 0.00668755 0.846136
646.976 242.598 0.328279 0.026985 0.888584
715.868 22.0212 -0.120903 -0.156404 3.29956
