730.358 182.143 0.240397 -0.467127 4.89317
711.442 175.865 -0.0959117 -0.131266 5.62037
718.843 28.7844 -0.114735 -0.163269 3.2988
898.965 25.1848 0.255187 -0.0297385 0.848011
730.835 46.1759 0.25942 0.00355645 0.852918
748.223 84.0004 0.273108 -0.00113648 0.865428
901.493 199.083 0.284843 -0.0293069 0.830909
586.442 183.313 0.270632 0.0329542 0.819863
599.304 32.2337 0.250458 0.0291564 0.840602
727.983 27.2957 0.252366 0.00463205 0.844499
512.863 472.283 0.344305 0.0590434 0.817874
487.188 497.816 0.347345 0.0649439 0.813339
905.064 317.246 0.311212 -0.0315085 0.825151
631.029 250.619 0.511226 0.0748796 1.1944
673.155 247.368 0.51188 0.034524 1.1971
787.25 227.231 0.185306 0.0128677 0.676416
614.525 214.827 0.283784 0.0293418 0.829813
583.838 177.574 0.269561 0.033319 0.820128
882.717 536.057 0.401332 -0.0378455 0.833665
943.52 32.2155 -0.0593741 0.0213284 0.379063
868.17 241.599 0.336907 -0.041036 0.894659
875.984 179.258 0.283333 -0.0251846 0.836909
619.413 360.976 0.356007 0.0370834 0.868234
880.875 385.784 0.628636 -0.160418 1.10776
758.872 96.8723 0.277353 -0.00382767 0.867776
572.739 158.877 0.261542 0.0339277 0.812531
586.454 68.3566 0.259826 0.0329841 0.846629
874.58 159.231 0.275137 -0.0228756 0.830532
760.045 189.756 0.301025 -0.00405367 0.866374
744.021 329.98 0.314 0.00360485 0.827701
771.9 356.378 0.350619 -0.00699709 0.859855
875.708 50.714 0.258884 -0.0247306 0.844877
734.535 221.459 0.298345 0.00382144 0.847867
886.005 177.189 0.277207 -0.0245419 0.826877
879.773 212.115 0.302664 -0.0317729 0.855081
486.509 91.5212 0.26635 0.0551144 0.853435
902.354 29.1295 0.259865 -0.0332911 0.858184
927.697 490.548 0.330189 -0.0304238 0.792747
561.308 179.822 0.359943 0.0706491 0.998027
750.776 205.852 0.306208 -0.00184389 0.867645
892.282 463.426 0.332966 -0.025784 0.802971
890.397 623.212 0.360612 -0.0234732 0.78263
491.823 504.328 0.356981 0.066718 0.819363
491.45 74.9848 0.19899 0.0296056 0.716444
886.738 310.757 0.339086 -0.0391515 0.8627
848.93 549.706 0.428978 -0.0331046 0.847817
901.115 621.048 0.356175 -0.0247641 0.780242
934.015 504.12 0.318238 -0.0268426 0.779511
942.27 631.747 0.332014 -0.0256038 0.762306
852.214 93.7978 0.279088 -0.026367 0.870456
908.353 13.5455 0.247781 -0.0275993 0.834104
776.062 630.07 0.357195 0.00147264 0.780833
928.137 507.828 0.466393 -0.0794254 0.887436
904.908 589.717 0.369023 -0.0307862 0.79588
871.658 21.235 0.253286 -0.0236756 0.845875
494.54 484.345 0.334507 0.0597065 0.805936
747.259 580.149 0.54973 -0.00465138 0.905146
889.93 606.958 0.365965 -0.0255497 0.789843
929.306 612.311 0.348727 -0.0289913 0.777122
526.876 454.469 0.347286 0.0572519 0.825955
858.762 438.124 0.363993 -0.0285161 0.839264
777.904 163.569 0.264273 -0.00132024 0.81155
626.64 228.976 0.29166 0.0277484 0.836758
896.911 205.255 0.29297 -0.0317288 0.841833
502.784 638.669 0.360344 0.0599493 0.785296
753.78 601.325 0.358638 0.00537037 0.788946
877.154 347.208 0.3234 -0.0274938 0.829833
850.114 292.208 0.00971852 0.0270991 0.449541
732.355 298.475 0.0103816 0.0266747 0.450358
905.494 244.013 0.388297 -0.0830875 0.971482
879.441 171.902 0.281383 -0.0256396 0.836441
495.647 609.634 0.364848 0.0637851 0.795472
733.682 212.241 0.29522 0.00405695 0.84676
654.795 249.876 0.332295 0.0247409 0.890184
718.098 28.4609 -0.116887 -0.158649 3.30116
