733.229 54.6554 0.147186 -0.00299572 1.11624
542.723 64.0637 0.147182 0.0726262 1.11777
837.618 50.7759 0.148672 -0.044748 1.11842
836.782 52.234 0.149596 -0.0447054 1.11957
924.529 44.8068 0.144682 -0.0755869 1.10764
926.973 40.5537 0.143086 -0.0761805 1.10742
925.6 45.5374 0.145216 -0.0762928 1.10835
845.917 50.8502 0.146129 -0.046205 1.11015
845.448 43.7537 0.142715 -0.0452665 1.10784
853.27 46.5766 0.141624 -0.0467589 1.10099
733.159 54.0579 0.146812 -0.00294889 1.11579
731.521 56.0312 0.145118 -0.00191738 1.10853
533.085 60.855 0.141561 0.0729272 1.10488
562.096 358.972 0.0815544 0.0291828 0.87484
649.53 46.0354 0.132161 0.0273926 1.08525
947.629 9.23382 0.136579 -0.0874529 1.12239
651.219 57.4628 0.14335 0.0286749 1.10667
950.335 132.261 0.164562 -0.0786974 1.07377
565.4 162.919 0.172483 0.0634678 1.08242
848.809 133.031 0.169521 -0.0452382 1.08821
487.557 180.422 0.113382 0.056362 0.965872
925.268 44.4746 0.143095 -0.0743462 1.10324
828.628 153.807 0.183047 -0.0404238 1.09901
756.595 229.969 0.200241 -0.00848885 1.07179
741.431 248.974 0.210009 -0.00249652 1.0735
653.741 141.534 0.169878 0.0298397 1.09105
779.072 16.7057 0.132532 -0.0201041 1.11078
944.751 333.619 0.118533 -0.0281773 0.916627
749.541 316.075 0.149991 0.00238417 0.960874
487.95 628.313 0.0565224 0.0285887 0.819593
588.153 317.356 0.0731247 0.0251086 0.87205
934.292 152.851 0.185752 -0.0845986 1.10004
617.064 197.583 0.130329 0.0320882 0.983621
923.654 616.874 0.0560202 -0.00153513 0.818198
635.188 159.851 0.173662 0.0371081 1.08412
533.175 55.6373 0.139781 0.0725637 1.10522
841.696 515.848 0.314751 -0.0417762 1.01484
613.441 198.593 0.129148 0.032686 0.981354
746.344 135.977 -0.301625 0.0139632 0.45941
751.075 154.436 0.180261 -0.00837832 1.09663
924.361 321.838 0.248028 -0.0815521 1.06573
914.042 318.386 0.25503 -0.0813476 1.07629
885.492 187.904 0.132422 -0.0322078 0.984697
944.993 410.892 0.271084 -0.0851915 1.03471
635.147 172.583 0.191217 0.0406556 1.10811
523.781 126.007 0.157177 0.0759127 1.08275
541.741 145.308 0.168352 0.07286 1.08993
872.822 442.473 0.249048 -0.0448402 1.00311
627.377 235.572 0.351125 0.0912277 1.3297
858.529 250.874 0.214256 -0.0507155 1.0737
654.24 353.147 0.277282 0.0406262 1.08612
761.964 328.558 0.13744 0.00103762 0.942014
938.113 178.37 0.112423 -0.0351297 0.955553
739.017 249.363 0.210766 -0.00156434 1.07443
544.241 150.879 0.162112 0.0677102 1.07188
657.056 143.978 0.17739 0.0297237 1.10495
935.146 122.288 0.164652 -0.0758821 1.08285
643.21 159.034 0.17978 0.0353154 1.09689
843.742 249.065 0.218429 -0.0465807 1.08159
635.046 281.173 0.403873 0.0923644 1.32711
631.3 282.61 0.39766 0.0938242 1.31578
738.93 249.157 0.189893 0.000184556 1.04421
817.862 230.267 0.223152 -0.0397784 1.10466
574.122 554.97 0.281472 0.0671515 0.984025
951.097 17.2433 0.140563 -0.090658 1.12566
905.123 12.6956 0.136334 -0.0702147 1.12016
834.694 143.643 0.165455 -0.0365561 1.07168
729.218 67.3327 0.15196 -0.00128886 1.11611
749.195 189.304 0.22903 -0.0126631 1.1585
564.797 341.931 0.246388 0.0752875 1.06358
930.112 38.7037 0.142646 -0.0774504 1.10795
862.327 123.417 0.166598 -0.0504084 1.08963
944.093 333.354 0.241041 -0.083769 1.05021
827.772 348.593 0.0806405 -0.00153682 0.873134
585.805 344.692 0.0738733 0.0252885 0.868417
603.731 320.085 0.0775066 0.023984 0.876614
549.704 257.806 0.206757 0.0745249 1.06995
943.539 636.76 0.572877 -0.16225 1.045
554.448 267.903 0.219927 0.07718 1.08159
758.161 153.518 0.175372 -0.0103669 1.08715
948.594 337.02 0.254037 -0.0920531 1.06167
929.737 557.941 0.379845 -0.0975515 1.02575
502.161 628.62 0.342478 0.110236 0.985898
940.271 18.1124 0.143211 -0.0896274 1.13457
733.403 129.242 0.166792 -0.00116133 1.09127
937.687 510.024 0.318898 -0.0861677 1.01767
497.304 334.558 0.252394 0.10968 1.07782
855.237 128.567 0.168142 -0.0476888 1.08882
579.656 330.064 0.28374 0.0831352 1.11407
944.851 416.358 0.270264 -0.0838073 1.03111
937.59 501.281 0.301017 -0.0804364 1.01096
636.459 637.003 0.592345 0.0924822 1.0606
831.567 557.485 0.380762 -0.0461295 1.02922
909.633 420.478 0.298456 -0.0801011 1.0528
565.816 448.311 0.281743 0.0774551 1.03422
732.247 278.929 0.31218 -0.00410848 1.19199
832.269 340.282 0.259344 -0.0429424 1.06929
841.672 315.702 0.276458 -0.0564691 1.10569
736.309 150.125 0.184892 -0.00324608 1.11099
846.203 323.075 0.247033 -0.0474576 1.06659
752.449 235.267 0.199745 -0.00648596 1.06743
849.208 128.712 0.166073 -0.0443389 1.08452
579.91 539.446 0.30301 0.0711591 1.00328
579.386 353.904 0.250929 0.0693585 1.06039
646.969 48.4594 0.138425 0.0295743 1.10188
573.91 637.023 0.328838 0.0746534 0.97499
953.858 518.647 0.28169 -0.0767797 0.990815
566.026 532.833 0.290968 0.0740885 0.999318
902.323 330.125 0.159833 -0.0348685 0.964092
679.944 280.25 0.363413 0.0385315 1.26601
932.264 597.802 0.352833 -0.0829028 0.993979
944.336 585.361 0.346249 -0.087832 0.996324
539.033 559.5 0.247362 0.0698468 0.96255
845.265 596.223 0.328989 -0.038949 0.985903
873.506 532.762 0.270956 -0.0425837 0.980262
863.182 513.728 0.292973 -0.0459322 1.00202
901.757 463.201 0.178666 -0.031378 0.938809
736.178 220.915 0.331352 -0.0150832 1.3094
898.277 141.301 0.195745 -0.0804346 1.1341
836.964 234.711 0.207231 -0.0416252 1.07585
851.866 431.197 0.250638 -0.0387615 1.01009
527.189 131.166 0.141481 0.0646838 1.04381
638.65 157.137 0.179163 0.0371278 1.09754
770.704 586.843 0.359947 -0.010242 1.00616
937.16 600.746 0.345707 -0.082253 0.989449
655.781 148.9 0.17582 0.0298298 1.09709
671.253 274.982 0.249613 0.0302584 1.11269
759.984 623.14 0.328268 -0.00191829 0.976375
494.248 228.912 -0.172177 0.0146094 0.583853
639.778 35.3734 0.130184 0.0307873 1.09071
958.826 606.139 0.325204 -0.0833962 0.977639
640.12 95.8534 0.286195 0.206222 2.19879
946.353 98.4084 0.14795 -0.0715885 1.06498
863.52 627.739 0.304467 -0.0387587 0.962066
715.997 134.741 0.389972 -0.0253829 2.23527
849.521 425.441 0.308909 -0.0542637 1.06007
735.699 142.573 0.178405 -0.0026706 1.10433
904.58 161.531 0.10975 -0.028733 0.958171
614.7 35.6784 0.208844 0.146827 1.74509
933.007 315.632 0.235027 -0.0794598 1.05469
939.986 232.714 0.196157 -0.0756232 1.05676
839.241 132.011 0.159186 -0.0369678 1.06771
744.419 237.012 0.178249 -0.00115992 1.03425
837.311 337.372 0.23719 -0.0390074 1.04713
600.825 595.81 0.35015 0.0698318 1.00163
943.327 224.571 0.217189 -0.0928478 1.09436
925.629 135.635 0.175808 -0.0778972 1.09547
565.389 447.664 0.273892 0.0752268 1.02834
486.263 381.012 0.034367 0.0257299 0.82075
577.767 373.405 0.103981 0.0312627 0.896271
836.365 234.949 0.204364 -0.0403067 1.07138
578.39 419.417 -0.162267 0.0140277 0.596795
685.503 18.5108 -0.133637 0.0143214 0.623159
675.976 224.083 -0.169826 0.0150319 0.586475
757.911 629.374 0.322527 -0.000589868 0.971467
759.5 219.752 0.187025 -0.00831039 1.05805
927.581 323.837 0.243683 -0.080258 1.0595
539.132 21.515 0.125165 0.0656818 1.09559
545.366 140.075 0.153946 0.0643225 1.0631
842.522 420.911 0.298991 -0.0487286 1.05513
801.36 494.272 0.554862 -0.0670702 1.16101
929.957 500.888 0.332658 -0.0895746 1.03084
555.373 155.999 0.170276 0.0671109 1.08415
679.847 272.355 0.263399 0.0272812 1.13385
932.038 333.2 0.253636 -0.0855279 1.06425
745.694 327.609 0.251331 -0.00386068 1.07207
773.174 613.936 0.330433 -0.007875 0.980777
749.538 248.528 0.235435 -0.00884404 1.11115
882.479 585.741 0.508374 -0.105586 1.06281
759.912 343.094 0.258428 -0.0100322 1.06906
779.073 474.778 0.173999 -0.00207836 0.933628
778.61 352.423 0.126174 -0.00043529 0.922455
891.554 169.327 0.118862 -0.0294125 0.970456
927.223 41.6108 0.144884 -0.0778157 1.11167
647.281 57.6871 0.146593 0.0309315 1.11654
