740.639 57.2126 0.14899 -0.00503 1.1215
547.421 66.9666 0.148985 0.0705919 1.12303
846.704 53.1384 0.150476 -0.0467823 1.12368
845.826 54.6128 0.151399 -0.0467397 1.12482
935.419 47.0097 0.146485 -0.0776212 1.11289
937.935 42.6935 0.14489 -0.0782147 1.11267
936.491 47.7464 0.14702 -0.0783271 1.11361
855.303 53.232 0.147933 -0.0482392 1.11541
854.905 46.0474 0.144518 -0.0473007 1.1131
862.992 48.9233 0.143428 -0.0487932 1.10625
740.577 56.609 0.148616 -0.00498317 1.12105
739.015 58.6336 0.146921 -0.00395165 1.11379
537.765 63.7704 0.143364 0.0708929 1.11013
570.63 372.979 0.083358 0.0271485 0.880099
656.129 48.6847 0.133965 0.0253583 1.09051
958.785 10.8566 0.138382 -0.0894872 1.12765
657.517 60.1892 0.145153 0.0266406 1.11193
570.285 167.146 0.174287 0.0614335 1.08768
858.301 136.665 0.171325 -0.0472724 1.09347
492.399 186.431 0.115186 0.0543277 0.971131
936.275 46.6884 0.144899 -0.0763805 1.1085
837.436 157.652 0.184851 -0.0424581 1.10427
764.29 235.115 0.202045 -0.0105231 1.07704
748.735 254.343 0.211813 -0.0045308 1.07876
659.904 145.385 0.171682 0.0278054 1.09631
787.47 18.7217 0.134335 -0.0221384 1.11604
759.572 324.817 0.151795 0.000349892 0.966132
597.922 330.446 0.0749283 0.0230744 0.877308
945.011 156.613 0.187555 -0.0866328 1.1053
624.167 203.565 0.132133 0.030054 0.98888
641.079 163.994 0.175466 0.0350739 1.08938
537.875 58.4907 0.141584 0.0705294 1.11048
850.468 525.965 0.316555 -0.0438104 1.02009
620.515 204.635 0.130952 0.0306517 0.986613
731.653 128.268 -0.299822 0.0119289 0.464668
758.616 158.351 0.182065 -0.0104126 1.10189
934.765 328.371 0.249832 -0.0835864 1.07099
924.003 324.694 0.256834 -0.0833818 1.08155
898.554 193.678 0.134226 -0.0342421 0.989956
956.092 419.297 0.272888 -0.0872258 1.03997
640.69 176.684 0.193021 0.0386213 1.11337
528.244 129.81 0.158981 0.0738785 1.08801
546.309 149.28 0.170156 0.0708257 1.09519
883.186 452.064 0.250852 -0.0468745 1.00836
630.954 238.891 0.352928 0.0891934 1.33495
867.894 256.287 0.216059 -0.0527497 1.07896
659.415 359.492 0.279086 0.0385919 1.09138
772.997 338.214 0.139244 -0.000996653 0.947272
953.992 184.533 0.114226 -0.037164 0.960811
746.262 254.724 0.212569 -0.00359862 1.07968
548.978 155.057 0.163915 0.0656759 1.07714
663.078 147.758 0.179193 0.0276894 1.1102
946.454 125.748 0.166455 -0.0779163 1.0881
786.091 0.891972 0.124757 -0.0199127 1.10343
649.062 163.061 0.181584 0.0332811 1.10215
852.672 254.349 0.220233 -0.048615 1.08685
638.471 284.73 0.405676 0.0903301 1.33237
634.742 286.233 0.399464 0.09179 1.32104
746.767 254.942 0.191697 -0.00184972 1.04947
825.985 235.041 0.224956 -0.0418127 1.10992
578.442 566.052 0.283276 0.0651173 0.989284
915.532 14.4406 0.138138 -0.072249 1.12542
844.238 147.573 0.167259 -0.0385903 1.07694
736.512 70.0539 0.153764 -0.00332314 1.12137
755.643 193.162 0.230833 -0.0146973 1.16376
569.034 348.457 0.248191 0.0732532 1.06884
941.129 40.8109 0.14445 -0.0794847 1.11321
872.084 126.897 0.168402 -0.0524427 1.09489
955.245 340.336 0.242845 -0.0858032 1.05547
845.413 362.669 0.0824441 -0.0035711 0.878392
595.563 358.865 0.0756769 0.0232542 0.873676
613.729 332.917 0.0793102 0.0219497 0.881872
554.068 263.289 0.20856 0.0724906 1.07521
558.721 273.346 0.22173 0.0751457 1.08685
765.988 157.494 0.177176 -0.0124012 1.09241
959.495 343.851 0.25584 -0.0940873 1.06693
939.582 568.401 0.381649 -0.0995858 1.03101
950.991 19.8402 0.145014 -0.0916617 1.13983
740.867 132.882 0.168596 -0.00319561 1.09653
948.394 520.193 0.320701 -0.0882019 1.02293
500.562 340.709 0.254197 0.107646 1.08308
864.856 132.13 0.169945 -0.0497231 1.09408
583.654 335.707 0.285544 0.0811009 1.11933
956.02 424.925 0.272068 -0.0858416 1.03637
948.6 511.547 0.30282 -0.0824707 1.01622
839.373 567.568 0.382566 -0.0481638 1.03447
919.422 428.55 0.30026 -0.0821354 1.05805
569.848 456.591 0.283547 0.0754208 1.03947
737.643 283.383 0.313983 -0.00614276 1.19725
840.722 346.924 0.261147 -0.0449767 1.07455
849.708 321.502 0.278262 -0.0585034 1.11095
743.407 153.887 0.186695 -0.00528036 1.11625
855.078 329.553 0.248837 -0.0494919 1.07184
760.129 240.538 0.201549 -0.00852023 1.07268
858.809 132.314 0.167877 -0.0463732 1.08978
584.074 549.616 0.304813 0.0691248 1.00853
583.805 360.63 0.252733 0.0673242 1.06565
653.302 51.0932 0.140229 0.02754 1.10714
570.075 543.058 0.292772 0.0720542 1.00458
915.777 339.135 0.161637 -0.0369028 0.969351
684.118 284.162 0.365217 0.0364972 1.27127
942.878 609.829 0.354636 -0.0849371 0.999237
955.252 597.19 0.348052 -0.0898662 1.00158
543.118 571.565 0.249166 0.0678126 0.967808
854.349 608.332 0.330793 -0.0409833 0.991162
883.994 544.417 0.27276 -0.044618 0.985521
872.815 524.291 0.294777 -0.0479665 1.00728
915.512 475.727 0.180469 -0.0334123 0.944068
740.919 224.2 0.333156 -0.0171175 1.31466
907.689 144.685 0.197548 -0.0824689 1.13936
845.974 239.873 0.209035 -0.0436595 1.08111
861.644 440.39 0.252442 -0.0407958 1.01535
532.023 135.329 0.143284 0.0626495 1.04907
644.436 161.138 0.180967 0.0350935 1.1028
777.745 597.826 0.36175 -0.0122763 1.01141
948.031 613.007 0.34751 -0.0842873 0.994707
661.862 152.796 0.177624 0.0277955 1.10235
676.749 280.156 0.251417 0.0282241 1.11795
767.414 635.721 0.330072 -0.00395256 0.981634
599.189 463.577 -0.170373 0.0125751 0.589111
646.2 37.8774 0.131987 0.0287531 1.09597
642.718 98.1696 0.287999 0.204187 2.20405
958.494 101.627 0.149754 -0.0736228 1.07024
718.391 136.622 0.391776 -0.0274172 2.24053
857.94 433.325 0.310713 -0.056298 1.06533
742.926 146.29 0.180208 -0.00470487 1.10959
919.543 167.273 0.111554 -0.0307672 0.96343
882.36 0.619965 0.123743 -0.0507816 1.09395
618.004 38.1031 0.210647 0.144793 1.75035
943.919 322.272 0.23683 -0.0814941 1.05995
951.486 238.105 0.19796 -0.0776574 1.06202
849.022 135.802 0.16099 -0.0390021 1.07296
752.642 242.776 0.180052 -0.00319419 1.03951
846.394 344.381 0.238994 -0.0410417 1.05239
604.958 606.572 0.351954 0.0677975 1.00689
953.971 229.379 0.218992 -0.0948821 1.09961
936.376 139.197 0.177611 -0.0799315 1.10073
569.497 456.094 0.275695 0.0731925 1.0336
495.345 402.747 0.0361706 0.0236957 0.826009
585.696 386.197 0.105785 0.0292284 0.90153
845.461 240.171 0.206168 -0.042341 1.07664
614.532 504.317 -0.160463 0.0119934 0.602054
696.239 23.1661 -0.131833 0.0122871 0.628417
818.008 361.546 -0.168023 0.0129977 0.591734
767.573 224.932 0.188828 -0.0103447 1.06331
938.2 330.506 0.245487 -0.0822923 1.06475
544.115 23.9684 0.126968 0.0636475 1.10085
550.249 144.186 0.15575 0.0622882 1.06836
850.958 428.835 0.300794 -0.0507629 1.06039
806.706 500.949 0.556665 -0.0691045 1.16627
940.159 510.543 0.334462 -0.0916089 1.0361
560.132 160.133 0.172079 0.0650766 1.0894
685.222 277.273 0.265203 0.025247 1.13911
942.561 339.92 0.25544 -0.0875622 1.06951
752.66 333.978 0.253135 -0.00589496 1.07733
780.802 626.255 0.332236 -0.00990928 0.986035
756.348 253.447 0.237239 -0.0108783 1.11641
890.095 595.258 0.510177 -0.107621 1.06807
767.082 349.71 0.260232 -0.0120665 1.07431
789.907 487.602 0.175802 -0.00411264 0.938887
790.901 363.435 0.127977 -0.00246957 0.927714
905.516 174.996 0.120666 -0.0314468 0.975714
938.088 43.75 0.146688 -0.07985 1.11692
653.403 60.3904 0.148396 0.0288973 1.12179
