663.447 66.2923 -0.403077 0.0724555 1.17525
512.555 72.7438 -0.219903 0.168366 0.891881
782.615 9.26363 -0.354557 -0.0897418 1.00615
707.993 196.396 -0.14824 -0.00299995 1.02926
710.92 161.064 -0.129547 -0.00742175 0.84713
491.354 176.79 -0.167796 0.257976 1.01707
903.044 381.278 0.0975332 -0.287936 1.09685
928.51 358.654 0.0534672 -0.282003 1.02867
888.99 198.754 -0.149887 -0.235494 1.04461
481.143 553.466 0.196652 0.189836 0.862521
739.694 348.46 1.46586 -0.96878 5.46875
837.26 177.787 -0.133001 -0.124922 0.907088
754.613 330.111 0.0303232 -0.0820321 1.19416
774.838 333.137 0.0355789 -0.11757 1.19348
554.191 396.966 0.0833045 0.160556 0.954486
684.203 230.128 -0.0993302 0.0236243 0.989844
797.748 289.516 -0.0359113 -0.131036 1.09316
792.15 296.824 -0.0307512 -0.171476 1.28532
596.323 134.573 -0.225313 0.13625 1.03434
607.167 135.596 -0.199702 0.107146 0.978128
590.975 372.363 0.069745 0.143269 1.02308
544.147 369.989 0.0298469 0.111943 0.804516
539.424 289.486 -0.0273486 0.112062 0.79778
564.481 246.331 -0.0609709 0.105265 0.833458
841.923 30.4986 -0.469916 -0.224245 1.18721
738.441 323.036 0.0179082 -0.05351 1.1942
719.202 6.23695 -0.348383 -0.0161829 0.993576
540.491 294.45 -0.0255928 0.171657 0.95095
570.903 284.935 -0.0354417 0.139022 0.949238
571.601 250.013 -0.0700424 0.133724 0.93772
923.754 316.297 -0.000110481 -0.271859 1.02387
743.394 375.511 0.0614693 -0.0422169 0.960537
611.786 246.402 -0.0925177 0.127521 1.06574
610.202 225.845 -0.103278 0.1069 0.985664
717.595 379.63 0.0655789 -0.0142425 0.958727
777.558 430.373 0.159137 -0.098736 1.06735
685.061 414.036 1.37379 0.418304 3.06139
710.506 219.238 -0.0984004 -0.006788 0.925496
911.739 292.925 -0.0289167 -0.253732 1.01932
890.404 260.715 -0.0760048 -0.259604 1.08553
911.352 290.702 -0.0343259 -0.295517 1.0946
907.487 404.056 0.0451369 -0.131892 0.762375
614.172 337.023 0.0259741 0.114774 1.02668
523.647 556.602 0.171751 0.133142 0.814999
669.655 259.561 -0.101361 0.075573 1.25315
797.75 468.466 0.201444 -0.121507 1.04377
833.782 477.603 0.158534 -0.131257 0.927058
510.558 39.7293 -0.421311 0.303931 1.14583
546.098 29.357 -0.520767 0.30024 1.24512
819.492 407.636 0.110445 -0.139244 1.01008
789.204 134.869 -0.201631 -0.0935369 0.980367
940.455 358.618 0.0536094 -0.297906 1.02988
841.448 615.936 0.37147 -0.169454 1.00859
548.054 75.4046 -0.216644 0.136247 0.889899
723.428 298.726 -0.0269281 -0.0298772 1.28957
725.402 279.682 -0.0562651 -0.0298358 1.17708
779.033 282.927 -0.0510353 -0.121285 1.17968
658.718 140.216 -0.195943 0.0508869 0.980943
625.167 122.272 -0.187067 0.0739402 0.916111
638.2 107.322 -0.177243 0.0523513 0.861768
749.652 212.229 -0.117569 -0.0502349 0.981476
957.827 279.041 -0.0455371 -0.306456 1.01397
746.94 290.253 -0.0388295 -0.0671026 1.1838
800.139 220.266 -0.124466 -0.123477 1.0529
810.593 385.95 0.0861348 -0.130737 1.01999
823.656 369.86 0.0668144 -0.14799 1.02405
766.52 96.506 -0.184076 -0.0525102 0.857345
944.038 163.528 -0.164275 -0.254946 0.961847
935.391 244.494 -0.0854221 -0.272206 1.00402
840.936 210.907 -0.118749 -0.151857 0.979998
905.375 190.551 -0.111272 -0.170686 0.866702
900.633 1.22272 -0.539624 -0.3353 1.2116
901.061 86.0097 -0.244697 -0.207859 0.962472
784.99 327.067 0.0249143 -0.135309 1.19336
722.657 404.914 0.10819 -0.021152 1.01406
933.364 537.899 0.310348 -0.317639 1.06489
926.445 493.809 0.243473 -0.301751 1.0577
845.86 467.228 0.28194 -0.25217 1.20495
824.571 617.303 0.529004 -0.203796 1.16863
836.059 576.76 0.545352 -0.263013 1.26284
948.234 420.293 0.10672 -0.2583 0.948446
919.915 455.566 0.195496 -0.298455 1.06922
800.635 328.19 0.044279 -0.233034 1.41993
830.213 392.047 0.13305 -0.207505 1.1691
899.636 486.327 0.145089 -0.175307 0.877664
522.231 155.215 -0.164969 0.183145 0.940738
513.682 291.495 -0.030361 0.232648 1.01419
521.949 108.381 -0.291884 0.262725 1.09931
563.989 169.247 -0.153447 0.143921 0.947979
607.852 19.8128 -0.243608 0.0753717 0.856318
596.705 48.5975 -0.255438 0.10044 0.917419
553.683 344.379 0.0542489 0.26702 1.18466
566.586 386.098 0.103325 0.203233 1.09188
520.618 422.566 0.128025 0.224495 1.00804
627.1 536.238 0.204719 0.0727996 0.903224
583.34 575.371 0.37864 0.179991 1.08305
627.412 449.246 0.155587 0.0919865 0.994837
575.632 338.512 0.0213807 0.13859 0.959786
566.03 462.729 0.145961 0.141226 0.933827
612.13 464.214 0.147328 0.0939313 0.93335
