747.654 64.4899 0.154128 -0.00422528 1.12501
553.781 73.8958 0.154123 0.0713967 1.12654
811.395 2.67529 0.134497 -0.0285867 1.13004
854.049 60.5958 0.155614 -0.0459776 1.12719
853.131 62.0645 0.156537 -0.045935 1.12834
943.411 54.6493 0.151623 -0.0768164 1.11641
945.967 50.3403 0.150028 -0.07741 1.11619
944.463 55.3858 0.152158 -0.0775224 1.11712
862.884 60.7247 0.153071 -0.0474345 1.11892
862.588 53.5495 0.149656 -0.046496 1.11661
870.869 56.4523 0.148566 -0.0479885 1.10976
747.606 63.888 0.153753 -0.00417844 1.12456
746.189 65.9258 0.152059 -0.00314693 1.11731
544.368 70.7176 0.148502 0.0716976 1.11365
587.912 382.309 0.0884958 0.0279532 0.88361
663.661 55.8836 0.139103 0.026163 1.09402
664.459 67.3433 0.150291 0.0274453 1.11544
576.499 174.266 0.179425 0.0622382 1.09119
865.937 144.264 0.176463 -0.0464677 1.09698
502.131 193.95 0.120324 0.0551325 0.974642
944.395 54.3394 0.150037 -0.0755757 1.11201
844.543 165.177 0.189988 -0.0416534 1.10778
771.14 242.835 0.207183 -0.00971841 1.08056
755.29 262.073 0.216951 -0.00372607 1.08227
666.496 152.606 0.176819 0.0286101 1.09982
795.029 26.1316 0.139473 -0.0213337 1.11955
770.242 333.994 0.156933 0.00115462 0.969644
616.769 339.115 0.0800661 0.0238791 0.88082
952.641 164.335 0.192693 -0.0858281 1.10881
633.713 211.432 0.137271 0.0308587 0.992391
647.59 171.237 0.180604 0.0358786 1.09289
544.519 65.4418 0.146722 0.0713342 1.11399
857.188 536.297 0.321693 -0.0430057 1.02361
630.141 212.509 0.13609 0.0314565 0.990125
746.117 86.4542 -0.294684 0.0127336 0.46818
765.405 165.741 0.187202 -0.00960787 1.1054
942.23 336.861 0.254969 -0.0827817 1.0745
931.114 333.03 0.261972 -0.0825771 1.08506
910.242 202.056 0.139364 -0.0334373 0.993467
646.568 183.797 0.198159 0.039426 1.11688
534.643 136.81 0.164119 0.0746832 1.09152
552.436 156.294 0.175294 0.0716304 1.0987
891.422 462.049 0.25599 -0.0460697 1.01188
633.858 244.566 0.358066 0.0899981 1.33847
875.163 264.27 0.221197 -0.051945 1.08247
664.178 367.271 0.284223 0.0393966 1.09489
480.275 274.86 0.219593 0.108318 1.08724
785.019 347.688 0.144382 -0.000191928 0.950784
752.775 262.443 0.217707 -0.00279389 1.0832
555.461 162.175 0.169053 0.0664806 1.08065
669.357 154.915 0.184331 0.0284941 1.11372
954.765 133.524 0.171593 -0.0771116 1.09162
794.089 8.32865 0.129895 -0.019108 1.10694
655.326 170.245 0.186722 0.0340858 1.10567
859.642 262.225 0.22537 -0.0478102 1.09036
641.047 290.335 0.410814 0.0911348 1.33588
866.698 4.42415 0.136747 -0.0499267 1.13219
754.161 262.923 0.196834 -0.001045 1.05298
832.367 242.622 0.230094 -0.041008 1.11343
583.182 576.604 0.288414 0.065922 0.992795
923.296 22.0564 0.143276 -0.0714442 1.12893
852.205 155.246 0.172397 -0.0377856 1.08045
743.423 77.3126 0.158902 -0.00251841 1.12489
760.947 200.178 0.235971 -0.0138926 1.16727
573.84 356.244 0.253329 0.074058 1.07235
949.169 48.4632 0.149587 -0.0786799 1.11672
879.812 134.504 0.173539 -0.051638 1.0984
866.92 372.478 0.0875819 -0.00276638 0.881904
614.632 367.9 0.0808147 0.024059 0.877187
631.898 341.763 0.084448 0.0227544 0.885384
559.537 270.67 0.213698 0.0732953 1.07872
482.428 559.374 0.284446 0.103118 0.999183
563.853 280.661 0.226868 0.0759504 1.09036
773.054 164.95 0.182314 -0.0115964 1.09592
946.455 579.161 0.386786 -0.0987811 1.03452
958.484 27.4834 0.150152 -0.090857 1.14334
747.902 140.243 0.173733 -0.00239088 1.10004
956.075 530.68 0.325839 -0.0873972 1.02644
504.733 348.152 0.259335 0.108451 1.08659
872.537 139.734 0.175083 -0.0489183 1.09759
587.673 342.932 0.290681 0.0819056 1.12284
956.614 522.072 0.307958 -0.081666 1.01973
845.064 577.988 0.387704 -0.0473591 1.03799
926.421 437.723 0.305397 -0.0813307 1.06157
574.184 465.363 0.288684 0.0762255 1.04299
741.763 290.136 0.319121 -0.00533803 1.20076
847.25 355.251 0.266285 -0.0441719 1.07806
855.61 329.353 0.2834 -0.0576986 1.11446
749.835 161.164 0.191833 -0.00447563 1.11976
861.919 337.863 0.253974 -0.0486872 1.07536
767.03 248.301 0.206687 -0.00771551 1.0762
866.58 139.927 0.173015 -0.0455685 1.09329
588.332 559.664 0.309951 0.0699296 1.01205
588.651 368.542 0.257871 0.068129 1.06916
660.411 58.2572 0.145366 0.0283447 1.11065
574.439 553.085 0.29791 0.0728589 1.00809
927.555 348.763 0.166774 -0.0360981 0.972862
687.267 290.256 0.370355 0.037302 1.27478
950.558 621.615 0.359774 -0.0841323 1.00275
548.45 582.507 0.254304 0.0686173 0.97132
861.375 620.021 0.335931 -0.0401786 0.994673
892.355 555.635 0.277897 -0.0438132 0.989032
880.279 534.89 0.299915 -0.0471618 1.01079
927.691 487.019 0.185607 -0.0326076 0.947579
744.304 230.232 0.338294 -0.0163128 1.31818
914.382 152.138 0.202686 -0.0816642 1.14287
853.163 247.742 0.214173 -0.0428547 1.08462
869.495 450.123 0.25758 -0.039991 1.01886
539.366 142.501 0.148422 0.0634542 1.05258
650.684 168.309 0.186105 0.0358983 1.10631
783.217 608.792 0.366888 -0.0114716 1.01493
955.934 624.933 0.352648 -0.0834825 0.998219
668.263 159.996 0.182762 0.0286002 1.10586
681.81 287.455 0.256554 0.0290288 1.12146
653.655 45.055 0.137125 0.0295578 1.09948
644.902 103.295 0.293136 0.204992 2.20756
864.161 442.279 0.31585 -0.0554932 1.06884
749.557 153.599 0.185346 -0.00390015 1.11311
933.487 175.548 0.116692 -0.0299625 0.966941
890.969 8.21846 0.128881 -0.0499769 1.09746
951.834 330.875 0.241968 -0.0806894 1.06346
959.959 246.343 0.203098 -0.0768527 1.06553
857.222 143.482 0.166128 -0.0381973 1.07648
760.521 250.802 0.18519 -0.00238947 1.04302
608.672 617.235 0.357092 0.0686022 1.0104
944.187 146.908 0.182749 -0.0791268 1.10424
574.008 464.95 0.280833 0.0739972 1.03711
599.704 395.935 0.110923 0.0300331 0.905041
852.771 248.076 0.211306 -0.0415363 1.08015
945.863 339.083 0.250624 -0.0814876 1.06827
557.059 151.332 0.160888 0.0630929 1.07187
857.293 437.812 0.305932 -0.0499582 1.0639
947.381 520.706 0.339599 -0.0908041 1.03961
566.333 167.215 0.177217 0.0658813 1.09292
689.976 284.397 0.27034 0.0260517 1.14262
950.051 348.499 0.260577 -0.0867575 1.07302
758.6 342.019 0.258273 -0.00509023 1.08084
787 638.041 0.337374 -0.00910456 0.989547
762.078 260.868 0.242377 -0.0100736 1.11992
895.155 605.498 0.515315 -0.106816 1.07158
773.063 357.887 0.26537 -0.0112618 1.07783
800.953 498.79 0.18094 -0.00330791 0.942398
804.571 373.333 0.133115 -0.00166484 0.931225
945.999 51.3871 0.151826 -0.0790452 1.12044
660.125 67.5135 0.153534 0.029702 1.12531
