734.558 187.338 0.245452 -0.471321 4.90204
715.674 181.879 -0.0906486 -0.135709 5.63044
726.849 37.604 -0.109334 -0.166771 3.29325
956.532 43.5463 0.260414 -0.0341276 0.859957
778.304 63.4793 0.263772 -0.000800874 0.863396
791.954 105.141 0.27915 -0.00547418 0.878448
957.884 227.337 0.290279 -0.0337472 0.84286
654.858 10.8924 0.246394 0.0217518 0.84611
628.516 210.616 0.276152 0.0284785 0.831999
642.096 49.1817 0.254795 0.0246631 0.851081
777.75 42.8991 0.256316 0.000250689 0.854483
493.459 374.142 0.311722 0.0586157 0.832273
533.728 517.617 0.342004 0.0541699 0.821214
499.815 222.271 0.282195 0.0532434 0.840628
513.013 538.687 0.350657 0.0603162 0.823046
953.876 350.335 0.31962 -0.0362804 0.840959
648.724 263.656 0.525098 0.0713458 1.22039
690.4 260.665 0.526666 0.0304913 1.22458
946.316 315.237 0.189532 0.00846994 0.686063
655.296 242.654 0.290073 0.0249143 0.843067
624.953 203.213 0.274002 0.0288667 0.830904
931.923 583.472 0.399919 -0.0413055 0.839052
897.803 32.4368 -0.0516009 0.0164567 0.391231
907.265 266.1 0.344794 -0.0458273 0.910185
926.29 208.705 0.291554 -0.0300374 0.852527
637.179 396.386 0.331404 0.0322051 0.84508
903.524 402.413 0.631491 -0.164133 1.11925
801.87 122.152 0.285642 -0.00849371 0.883708
509.121 113.735 0.275572 0.055015 0.873812
617.147 187.169 0.267291 0.0293336 0.824657
626.988 88.8678 0.265261 0.0285614 0.858709
940.689 178.773 0.274979 -0.026749 0.835001
801.472 214.667 0.307993 -0.00863292 0.880599
787.296 362.677 0.320355 -0.000861243 0.840846
800.467 380.682 0.377709 -0.013005 0.898041
522.89 230.241 0.298186 0.0546635 0.863946
935.167 67.438 0.262463 -0.0289297 0.854167
776.647 243.822 0.300921 -0.000109009 0.857125
937.491 208.681 0.286407 -0.0295664 0.843778
933.918 235.613 0.304291 -0.0355164 0.862179
513.439 204.567 0.279937 0.0506299 0.842938
521.039 112.325 0.271775 0.050731 0.86544
498.849 360.28 0.319606 0.0611499 0.846103
577.056 186.655 0.35205 0.0648057 0.991358
790.56 231.787 0.314269 -0.00644614 0.88328
518.826 276.793 0.32262 0.0627176 0.882502
947.546 508.14 0.336926 -0.0299703 0.813334
515.511 544.676 0.359435 0.0621226 0.828349
505.331 377.321 0.319999 0.0590166 0.840807
915.53 338.849 0.359147 -0.0456977 0.893133
879.053 576.905 0.444673 -0.0385745 0.870295
910.996 99.7061 0.27604 -0.0294732 0.870801
932.531 35.7063 0.25661 -0.0279155 0.85463
529.291 519.749 0.344054 0.0555971 0.822445
771.316 610.397 0.553943 -0.00903169 0.917167
480.57 573.801 0.307373 0.0523988 0.780543
486.166 89.4265 0.269064 0.0582103 0.871499
551.452 495.929 0.349827 0.0530228 0.833743
901.974 473.688 0.369827 -0.0328963 0.851841
831.718 193.511 0.270708 -0.00581041 0.824689
925.173 380.979 0.330364 -0.0320697 0.843687
949.929 259.671 0.383172 -0.0849022 0.970385
931.514 200.111 0.288508 -0.0302975 0.850641
778.106 237.187 0.29842 -0.000257538 0.855761
687.716 274.015 0.340837 0.0203723 0.906587
857.275 608.69 0.0529948 0.0228942 0.515218
787.766 117.262 0.299143 -0.00956993 0.917924
794.117 104.377 0.289324 -0.00913458 0.902673
938.771 66.0326 0.259569 -0.0277633 0.847855
869.587 453.443 0.652506 -0.12297 1.08077
495.188 400.196 0.304118 0.0544733 0.816041
552.809 388.431 0.349327 0.0568007 0.869445
930.431 376.897 0.320732 -0.0297832 0.83427
935.723 503.358 0.361397 -0.0360717 0.834915
800.102 377.768 0.333124 -0.00508794 0.850162
726.109 37.3896 -0.111493 -0.162211 3.29626
