733.937 186.799 0.243285 -0.468901 4.90494
714.993 181.331 -0.0928155 -0.133288 5.63334
725.667 36.2046 -0.111501 -0.164351 3.29614
783.992 66.4257 0.261605 0.00161932 0.86629
797.146 108.045 0.276983 -0.00305398 0.881341
659.214 14.1877 0.244227 0.024172 0.849003
632.746 217.513 0.273985 0.0308987 0.834893
645.928 52.865 0.252628 0.0270833 0.853974
783.901 45.9163 0.254149 0.00267088 0.857376
495.024 383.332 0.309555 0.0610359 0.835167
536.258 528.599 0.339837 0.0565901 0.824107
501.278 229.269 0.280028 0.0556636 0.843521
515.095 549.737 0.34849 0.0627364 0.82594
648.296 264.442 0.522931 0.073766 1.22329
690.284 261.284 0.524499 0.0329115 1.22747
659.433 249.192 0.287906 0.0273345 0.84596
629.185 210.098 0.271835 0.0312869 0.833797
939.243 591.571 0.397752 -0.0388853 0.841946
936.041 92.0903 -0.0537678 0.0188769 0.394125
912.625 269.321 0.342627 -0.0434071 0.913079
934.552 213.404 0.289388 -0.0276172 0.85542
640.664 404.387 0.329237 0.0346253 0.847973
905.359 403.384 0.629324 -0.161713 1.12214
806.983 125.057 0.283475 -0.00607352 0.886601
509.726 117.83 0.273405 0.0574352 0.876706
621.587 194.274 0.265124 0.0317537 0.82755
630.183 92.8314 0.263094 0.0309816 0.861602
950.416 183.988 0.272812 -0.0243288 0.837894
806.508 218.711 0.305826 -0.00621273 0.883492
793.44 370.045 0.318189 0.00155895 0.843739
804.574 385.54 0.375542 -0.0105848 0.900935
480.23 254.525 0.284995 0.0604167 0.843224
524.01 236.096 0.296019 0.0570837 0.866839
943.999 70.3035 0.260296 -0.0265095 0.85706
782.184 249.219 0.298754 0.00231119 0.860018
941.675 240.13 0.302125 -0.0330962 0.865072
515.078 211.172 0.27777 0.0530501 0.845832
522.093 116.678 0.269608 0.0531512 0.868333
500.055 368.459 0.317439 0.0635701 0.848996
890.584 278.197 0.0521225 0.0275781 0.515893
576.83 188.713 0.349883 0.0672259 0.994251
821.221 22.563 -0.0171616 0.0257547 0.434004
795.303 235.948 0.312102 -0.00402594 0.886173
519.42 282.409 0.320453 0.0651378 0.885395
957.26 517.908 0.334759 -0.0275501 0.816228
517.437 555.327 0.357268 0.0645428 0.831243
506.807 385.945 0.317832 0.0614368 0.843701
921.348 343.139 0.35698 -0.0432775 0.896027
884.352 583.389 0.442506 -0.0361543 0.873188
918.428 102.422 0.273873 -0.027053 0.873695
941.401 38.1278 0.254443 -0.0254953 0.857523
531.693 530.663 0.341887 0.0580173 0.825339
774.132 615.448 0.551776 -0.0066115 0.92006
484.144 589.838 0.305206 0.054819 0.783436
486.421 93.3582 0.266897 0.0606305 0.874392
553.828 505.742 0.347661 0.055443 0.836636
908.814 480.714 0.36766 -0.0304761 0.854735
840.176 199.927 0.268541 -0.00339021 0.827582
933.197 387.779 0.328197 -0.0296495 0.84658
954.243 261.401 0.381005 -0.082482 0.973278
940 204.786 0.286341 -0.0278773 0.853534
783.744 242.573 0.296253 0.00216266 0.858654
690.265 278.196 0.33867 0.0227925 0.90948
730.022 469.586 0.0508279 0.0253144 0.518112
791.585 119.228 0.296976 -0.00714974 0.920817
798.491 106.548 0.287157 -0.00671439 0.905566
948.06 69.1411 0.257402 -0.0253431 0.850749
871.451 454.966 0.65034 -0.12055 1.08367
497.411 410.842 0.301951 0.0568935 0.818935
554.231 395.449 0.34716 0.0592209 0.872339
939.126 384.226 0.318565 -0.027363 0.837164
943.796 511.449 0.35923 -0.0336515 0.837808
805.944 384.676 0.330957 -0.00266774 0.853055
762.163 29.1669 0.0541687 0.0261067 0.513132
771.451 17.0485 0.0556536 0.026206 0.514704
764.802 29.465 0.0540889 0.0261423 0.513044
765.507 27.3033 0.0543697 0.0261472 0.513343
712.597 85.9864 0.0510937 0.0255042 0.510454
752.201 18.7838 0.0585729 0.0258743 0.518291
659.754 249.165 0.294092 0.0277475 0.855554
656.216 93.4973 0.272285 0.0269113 0.882251
950.043 390.795 0.313521 -0.0269965 0.829627
573.378 397.126 0.359281 0.0572985 0.884434
509.635 241.425 0.289354 0.0571932 0.854205
796.851 243.304 0.321358 -0.00611475 0.897398
509.17 223.889 0.273181 0.051825 0.833843
654.02 13.1481 0.329005 0.0584053 1.42862
584.003 178.164 0.205178 0.0276878 0.7308
724.924 35.9892 -0.11366 -0.159791 3.29915
