735.169 188.36 0.245878 -0.473777 4.90568
716.184 183.318 -0.0899991 -0.1384 5.63534
727.705 37.6511 -0.108531 -0.168476 3.2818
788.722 67.509 0.263747 -0.00354598 0.869202
801.519 111.92 0.280068 -0.00816724 0.885455
660.982 15.6428 0.2466 0.0189632 0.851967
637.055 226.414 0.280269 0.0257227 0.843109
649.57 61.7389 0.257858 0.0218659 0.861154
787.175 50.2193 0.257656 -0.00248043 0.862083
496.705 390.805 0.312767 0.0558383 0.839372
548.829 527.983 0.352989 0.052077 0.838913
500.578 234.956 0.282448 0.0505435 0.846607
519.876 556.602 0.353768 0.0576743 0.832301
655.107 270.398 0.542728 0.0703643 1.25207
695.781 267.852 0.549751 0.0283233 1.26465
662.624 254.906 0.291605 0.0221412 0.851007
630.892 214.609 0.274159 0.0260389 0.836911
945.673 599.035 0.402534 -0.0443253 0.847835
902.941 15.7741 -0.0300216 0.0136333 0.419916
839.207 80.5191 -0.0531386 0.0134048 0.394077
953.804 262.645 0.318079 -0.0443388 0.881311
937.537 221.566 0.295569 -0.0333497 0.86335
658.599 398.936 0.370481 0.0302657 0.897265
920.215 409.908 0.614123 -0.162552 1.10843
815.208 123.523 0.283097 -0.0112247 0.885897
511.08 122.032 0.27614 0.0522366 0.880337
623.18 199.592 0.26792 0.0265084 0.831131
632.92 97.4763 0.266414 0.0257676 0.866053
953.914 191.439 0.277974 -0.0298731 0.844589
809.83 225.901 0.312393 -0.0116916 0.892416
798.708 376.962 0.321442 -0.00370279 0.848033
805.739 388.827 0.389859 -0.0166319 0.918509
482.749 261.295 0.288937 0.0553029 0.8484
541.587 250.226 0.312543 0.0531333 0.888941
947.166 77.1535 0.26521 -0.0319902 0.863793
786.627 254.486 0.301763 -0.00281458 0.864071
952.786 242.857 0.302493 -0.0379275 0.865793
529.044 223.567 0.288716 0.0481778 0.860634
528.989 127.625 0.276464 0.0482818 0.877807
503.143 375.644 0.321628 0.0585393 0.854333
583.901 196.631 0.358429 0.0628403 1.00677
801.574 239.189 0.31315 -0.00911249 0.887817
524.021 288.913 0.325379 0.0602021 0.891919
957.539 521.43 0.343166 -0.0334627 0.826179
511.96 572.67 0.354163 0.0589012 0.828584
500.04 394.828 0.314197 0.0555231 0.83978
921.449 348.337 0.36694 -0.0495361 0.908735
921.56 634.198 0.41033 -0.0375452 0.842863
923.645 103.795 0.276186 -0.0317961 0.877105
930.23 68.9176 0.2703 -0.0333017 0.880402
532.266 541.492 0.343758 0.0527465 0.82799
779.912 625.096 0.552273 -0.0113825 0.922321
505.882 579.239 0.323105 0.0508697 0.803071
486.235 97.7751 0.269422 0.0555031 0.877332
556.646 514.161 0.350977 0.0502562 0.840949
909.499 483.042 0.377426 -0.0365224 0.866478
834.364 216.374 0.282251 -0.00928784 0.845735
929.958 391.797 0.339049 -0.0357758 0.86017
938.518 215.507 0.295198 -0.0339294 0.865054
788.02 249.249 0.301556 -0.00328314 0.865707
692.468 279.189 0.330626 0.0178167 0.899461
883.053 542.847 0.0544022 0.0194134 0.522531
794.871 127.601 0.303822 -0.0126545 0.930784
949.672 77.5483 0.263229 -0.0310454 0.858972
877.602 460.236 0.652348 -0.125067 1.08708
498.384 420.106 0.304965 0.0516063 0.822597
555.485 402.837 0.348525 0.0539684 0.874422
946.035 391.438 0.32215 -0.0326746 0.841786
818.418 396.01 0.321713 -0.00699039 0.842216
917.223 79.339 0.059215 0.0202178 0.518992
724.348 614.125 0.0240533 0.0181361 0.479076
923.452 65.212 0.0606806 0.0203304 0.520537
734.475 626.002 0.023857 0.018169 0.478838
737.206 244.603 0.0226117 0.0182693 0.475475
921.081 79.7762 0.0590951 0.0202658 0.518856
921.776 77.0609 0.0593837 0.0202812 0.519161
875.064 142.08 0.0553742 0.0195899 0.515393
662.681 255.959 0.298715 0.0227394 0.861629
655.02 91.8408 0.270376 0.0221106 0.877469
952.158 396.015 0.319646 -0.0325495 0.83766
564.574 411.013 0.349002 0.0514526 0.871754
505.475 249.61 0.29023 0.0521254 0.854036
805.389 243.506 0.309397 -0.00890001 0.879863
510.866 230.679 0.276913 0.0466861 0.838674
658.459 20.2827 0.334711 0.0539567 1.44215
575.728 183.182 0.207536 0.022202 0.733547
726.956 37.5322 -0.110694 -0.163979 3.28549
