762.075 64.8835 0.15401 -0.0077444 1.13783
558.988 75.9227 0.15404 0.0679274 1.13951
828.253 0.0498772 0.134586 -0.0318402 1.14334
873.928 60.0191 0.155452 -0.0494844 1.13995
872.814 61.461 0.156433 -0.0494722 1.14137
883.83 59.8083 0.152676 -0.0509293 1.13137
883.8 52.2703 0.149228 -0.0500147 1.129
892.073 56.1496 0.148617 -0.0514348 1.12278
761.987 64.1985 0.153638 -0.00768364 1.13747
760.906 66.2011 0.151775 -0.00669666 1.12993
549.164 72.6722 0.148307 0.0682141 1.12642
682.292 371.636 0.300835 0.0338534 1.13048
675.782 56.7612 0.139362 0.0223673 1.10793
675.167 68.0106 0.149942 0.023854 1.1281
582.83 180.821 0.179154 0.0587533 1.10387
887.354 147.733 0.176113 -0.0499531 1.10958
505.537 207.005 0.120003 0.0516588 0.987349
864.406 169.314 0.189583 -0.0452562 1.12039
787.438 251.615 0.206605 -0.0132121 1.09289
770.555 271.747 0.216413 -0.00723687 1.09463
676.919 157.521 0.17674 0.0252158 1.11294
812.15 24.4782 0.139377 -0.0248191 1.13246
792.15 354.777 0.156506 -0.00231164 0.982205
633.647 378.855 0.0799993 0.0204447 0.893838
645.575 223.938 0.13716 0.0274029 1.00531
657.226 177.894 0.18037 0.0324272 1.10517
549.738 67.6369 0.146838 0.067838 1.12719
870.295 549.42 0.33536 -0.0476302 1.0489
715.367 117.519 -0.296733 0.00937933 0.478992
780.775 170.76 0.186968 -0.0130827 1.11804
955.068 345.162 0.261496 -0.0859822 1.09742
939.278 215.537 0.13953 -0.0364311 1.00577
655.676 189.756 0.197779 0.035937 1.12937
538.984 141.901 0.163776 0.0711793 1.10409
557.55 162.073 0.175013 0.0681434 1.11132
917.309 485.023 0.254363 -0.0493558 1.02319
642.08 249.377 0.372142 0.0894235 1.37651
896.185 273.948 0.221567 -0.0554816 1.09587
679.52 374.75 0.326957 0.0382834 1.15454
482.028 286.055 0.219186 0.104793 1.09964
809.635 371.785 0.143978 -0.00364888 0.963343
767.587 272.281 0.217404 -0.00621936 1.09578
561.228 168.754 0.168996 0.0629798 1.09363
679.765 159.77 0.18414 0.0250133 1.12646
811.723 5.9099 0.129805 -0.0225886 1.11988
665.459 176.015 0.186575 0.030511 1.11847
879.719 271.552 0.225407 -0.0512971 1.10331
647.379 295.259 0.418097 0.0895622 1.36054
776.071 267.682 0.178272 -0.00422161 1.04341
849.859 250.65 0.230676 -0.0445489 1.12709
592.261 601.732 0.29142 0.0626978 1.00828
952.445 11.3094 0.138515 -0.0739094 1.13454
485.015 290.63 0.214294 0.0997679 1.08969
873.734 159.629 0.171784 -0.0411993 1.09261
757.385 78.843 0.159231 -0.00601817 1.13843
777.703 197.793 0.221921 -0.016968 1.16147
481.93 494.674 0.266536 0.10205 1.03714
579.621 370.868 0.252715 0.0705535 1.0845
902.028 137.483 0.173147 -0.0550789 1.11083
909.814 413.599 0.0875104 -0.00622671 0.89494
633.427 412.829 0.0807733 0.0204465 0.890024
651.165 383.924 0.08405 0.0191489 0.897459
564.803 281.584 0.21313 0.0697898 1.09101
486.125 585.111 0.28575 0.0998311 1.01311
569.398 291.583 0.226649 0.072485 1.10306
789.354 169.575 0.18145 -0.0150273 1.10775
762.719 144.197 0.17339 -0.00586469 1.11258
499.489 362.444 0.249758 0.103425 1.0888
896.293 140.182 0.171994 -0.0519089 1.10652
481.592 591.854 0.284487 0.100326 1.00994
593.235 354.791 0.28958 0.0783361 1.13444
480.34 593.165 0.288154 0.102149 1.01156
863.825 602.655 0.385997 -0.0504498 1.04924
943.466 451.73 0.313501 -0.086167 1.08249
580.094 485.36 0.287972 0.0727263 1.05519
752.282 298.126 0.322355 -0.00889034 1.2175
869.004 367.69 0.256662 -0.0457176 1.0817
873.064 340.287 0.284715 -0.0613463 1.12885
763.88 165.921 0.191836 -0.00795038 1.13274
882.509 350.566 0.253555 -0.0521774 1.08794
783.109 257.698 0.206306 -0.0111816 1.0887
886.498 145.157 0.174664 -0.0492791 1.10865
595.379 584.903 0.309706 0.0664982 1.02471
595.48 383.484 0.25801 0.0647343 1.08222
582.217 576.645 0.299969 0.0696311 1.02284
950.939 368.36 0.17316 -0.0402413 0.993129
695.181 297.127 0.374271 0.0340473 1.29238
554.513 613.635 0.254324 0.065209 0.984285
864.952 615.406 0.369567 -0.0461981 1.03607
909.307 573.687 0.288462 -0.0483129 1.01157
896.899 552.064 0.30896 -0.0514897 1.03209
753.613 234.39 0.33752 -0.0196928 1.32975
873.335 256.636 0.214156 -0.0463408 1.09755
660.036 173.346 0.185014 0.032384 1.11779
799.139 633.91 0.367915 -0.0149441 1.02855
676.096 155.128 0.170245 0.0247397 1.10133
666.046 54.3662 0.143009 0.0262539 1.1218
763.843 158.143 0.185303 -0.00736962 1.12603
915.59 3.48383 0.127854 -0.0533055 1.10885
879.537 147.154 0.165279 -0.041569 1.08827
910.393 102.29 0.0457559 -0.00256036 0.883471
775.282 265.686 0.19607 -0.00645886 1.06947
581.18 483.866 0.282449 0.0708015 1.05177
612.818 431.958 0.110654 0.0265559 0.917905
878.678 254.046 0.202847 -0.0439157 1.08264
571.645 172.917 0.1762 0.0622998 1.10455
698.939 291.568 0.258303 0.0223997 1.14087
776.247 269.363 0.241689 -0.0135043 1.13193
911.5 624.856 0.518542 -0.110241 1.08622
791.79 373.247 0.255103 -0.0144729 1.07926
825.173 530.723 0.180966 -0.0067 0.95573
835.039 405.901 0.131753 -0.00522885 0.941969
820.788 215.42 0.298699 -0.0648236 1.28212
682.471 266.708 0.172549 0.0221495 1.03833
866.411 622.565 0.38308 -0.0489715 1.03864
581.14 270.237 0.213715 0.0648048 1.09868
889.976 263.703 0.213369 -0.0510551 1.09127
533.374 563.015 0.0367756 0.0202757 0.833692
540.39 539.537 0.0381271 0.0202597 0.836321
670.239 68.5999 0.153444 0.0261967 1.13823
