735.42 187.287 0.244166 -0.474808 4.90897
716.304 182.277 -0.0917117 -0.139432 5.63863
727.979 35.0319 -0.110243 -0.169507 3.28509
790.689 63.1455 0.262034 -0.00457764 0.872491
803.774 108.417 0.278355 -0.0091989 0.888743
659.949 10.3232 0.244888 0.0179315 0.855256
635.868 225.78 0.278556 0.024691 0.846398
648.484 57.4669 0.256146 0.0208343 0.864442
789.09 45.4939 0.255943 -0.00351209 0.865371
493.144 393.367 0.311055 0.0548066 0.84266
546.79 532.462 0.351276 0.0510454 0.842201
496.626 234.592 0.280736 0.0495118 0.849896
517.299 561.719 0.352055 0.0566426 0.83559
655.408 269.224 0.541016 0.0693327 1.25536
696.412 266.616 0.548038 0.0272916 1.26794
662.128 254.661 0.289893 0.0211096 0.854295
629.453 213.848 0.272446 0.0250073 0.840199
950.617 603.669 0.400821 -0.045357 0.851123
866.283 80.1132 -0.0317342 0.0126016 0.423204
817.359 120.179 -0.0548512 0.0123732 0.397365
959.022 261.801 0.316367 -0.0453705 0.884599
942.665 220.196 0.293857 -0.0343814 0.866638
658.66 400.253 0.368768 0.0292341 0.900554
923.13 409.778 0.612411 -0.163584 1.11172
817.741 120.231 0.281384 -0.0122564 0.889186
507.597 119.139 0.274428 0.051205 0.883625
621.436 198.63 0.266208 0.0254768 0.834419
631.615 93.9798 0.264701 0.0247359 0.869341
959.632 189.685 0.276262 -0.0309047 0.847877
812.282 224.481 0.310681 -0.0127233 0.895705
801.093 378.773 0.319729 -0.00473445 0.851321
808.082 389.608 0.388147 -0.0176635 0.921798
539.234 249.562 0.31083 0.0521017 0.892229
952.617 72.7941 0.263498 -0.0330219 0.867081
788.686 253.897 0.300051 -0.00384623 0.867359
958.179 241.84 0.300781 -0.0389592 0.869081
525.918 222.753 0.287003 0.0471462 0.863922
525.831 124.829 0.274751 0.0472501 0.881095
499.982 377.573 0.319916 0.0575076 0.857621
582.955 194.663 0.356716 0.0618086 1.01006
619.087 89.6357 -0.0169717 0.0188031 0.438794
803.887 238.048 0.311437 -0.0101442 0.891105
521.537 288.861 0.323666 0.0591704 0.895208
509.224 578.15 0.352451 0.0578695 0.831872
925.72 348.579 0.365228 -0.0505677 0.912023
926.096 639.374 0.408618 -0.0385769 0.846151
928.445 99.9881 0.274473 -0.0328278 0.880393
935.165 64.3614 0.268588 -0.0343333 0.88369
529.746 546.608 0.342045 0.0517148 0.831278
781.865 627.904 0.55056 -0.0124142 0.925609
502.297 586.234 0.321392 0.049838 0.806359
482.124 94.4442 0.267709 0.0544714 0.88062
554.731 518.386 0.349264 0.0492245 0.844238
913.785 485.821 0.375714 -0.0375541 0.869766
837.425 215.262 0.280539 -0.0103195 0.849024
934.792 393.434 0.337336 -0.0368075 0.863459
943.654 214 0.293485 -0.0349611 0.868343
790.103 248.541 0.299844 -0.0043148 0.868995
692.885 278.725 0.328913 0.016785 0.90275
955.229 73.2127 0.261517 -0.0320771 0.862261
880.073 460.551 0.650636 -0.126098 1.09037
494.528 423.705 0.303253 0.0505747 0.825885
553.682 404.687 0.346812 0.0529368 0.877711
821.212 398.263 0.32 -0.00802205 0.845504
662.286 255.572 0.297002 0.0217077 0.864917
654.268 88.156 0.268663 0.0210789 0.880758
957.701 398.269 0.317934 -0.0335812 0.840948
562.916 413.019 0.347289 0.0504209 0.875042
501.848 249.4 0.288517 0.0510937 0.857325
807.79 242.512 0.307685 -0.00993167 0.883152
658.482 16.6615 0.332999 0.052925 1.44544
568.137 186.689 0.205824 0.0211704 0.736836
727.224 34.9148 -0.112406 -0.16501 3.28878
