759.434 59.6408 0.159803 -0.0137186 1.1469
552.021 72.5681 0.159826 0.0617843 1.14834
874.346 53.9804 0.161243 -0.055458 1.14895
873.24 55.5473 0.162248 -0.0554557 1.15041
883.73 54.2637 0.159014 -0.0569199 1.14121
883.263 46.5255 0.155643 -0.0559488 1.13902
891.93 50.3777 0.154998 -0.0574107 1.13256
759.622 58.8704 0.159397 -0.0137594 1.14646
758.212 60.7422 0.157536 -0.0127265 1.1389
541.99 69.4166 0.154522 0.0620961 1.136
675.646 378.581 0.271069 0.0259228 1.10105
669.266 50.8705 0.145007 0.016535 1.11655
669.93 63.3764 0.1558 0.0179286 1.13713
575.866 179.369 0.184998 0.0527779 1.11288
888.585 143.543 0.181904 -0.0559516 1.11855
485.395 203.096 0.125185 0.0455593 0.994767
865.712 165.979 0.195341 -0.0513817 1.12948
786.3 251.002 0.212533 -0.0191704 1.10203
769.545 271.823 0.222212 -0.0132911 1.10361
672.757 154.875 0.183708 0.0192826 1.1245
810.477 17.5266 0.145091 -0.0308187 1.1412
787.166 357.087 0.161764 -0.00827942 0.989765
598.829 380.737 0.0846293 0.0144014 0.900121
632.855 223.901 0.142159 0.0215342 1.01145
652.379 176.461 0.186148 0.0263379 1.11367
541.431 63.767 0.152671 0.0619217 1.13618
873.512 555.751 0.342039 -0.0536481 1.05929
669.431 127.667 -0.29552 0.00305238 0.477284
778.85 168.125 0.193027 -0.0189447 1.12759
942.328 207.842 0.14441 -0.0427603 1.01387
651.665 188.582 0.203804 0.0299634 1.13885
530.379 139.466 0.169494 0.0651651 1.11287
548.62 160.468 0.180031 0.0622111 1.11858
923.115 491.763 0.257681 -0.0550602 1.02994
646.683 252.594 0.403977 0.0883007 1.43041
894.194 275.957 0.233857 -0.0623159 1.11242
678.909 377.755 0.333942 0.0323418 1.16543
803.545 373.224 0.149622 -0.00963969 0.971589
765.802 272.579 0.223528 -0.0120323 1.10514
553.106 166.314 0.174758 0.0570058 1.1028
661.206 174.007 0.192378 0.0244798 1.12763
883.92 269.554 0.227701 -0.0567972 1.10842
648.705 296.563 0.429935 0.0845708 1.38071
772.947 266.938 0.183922 -0.0101659 1.05188
851.35 249.833 0.23625 -0.0504736 1.13605
586.671 612.756 0.296646 0.0565469 1.01679
951.642 6.71566 0.14634 -0.0801814 1.14682
874.009 155.903 0.177831 -0.0471754 1.10177
755.7 69.124 0.161592 -0.012032 1.14251
779.432 190.375 0.218573 -0.0225368 1.15881
575.081 373.388 0.259514 0.0646995 1.09523
898.835 135.847 0.182262 -0.0610141 1.12492
900.401 411.294 0.092561 -0.0124545 0.902507
599.763 417.38 0.0854091 0.0142371 0.896313
619.825 387.224 0.088692 0.0130929 0.903671
548.792 279.218 0.20728 0.0623601 1.08584
480.858 591.512 0.294708 0.0943449 1.02526
551.771 288.77 0.216304 0.0643835 1.09288
788.69 168.783 0.189259 -0.0215782 1.11905
761.081 141.157 0.179579 -0.0121435 1.12203
502.496 367.523 0.268637 0.100184 1.11114
896.841 136.239 0.178357 -0.0578784 1.11627
586.447 358.471 0.289161 0.0717591 1.13667
870.44 616.852 0.385874 -0.0556752 1.05364
947.548 455.417 0.321007 -0.0923241 1.09355
563.114 504.554 0.275547 0.0648055 1.0455
758.267 291.397 0.276256 -0.0132759 1.1649
865.128 368.353 0.272553 -0.0525586 1.10235
889.966 340.982 0.26703 -0.064488 1.11215
762.268 161.866 0.195972 -0.0137761 1.13975
884.144 352.176 0.260206 -0.0580357 1.09812
782.307 256.15 0.213365 -0.017564 1.10017
887.049 140.888 0.180783 -0.0552606 1.11833
573.714 625.775 0.285498 0.0575277 1.00654
581.3 390.027 0.247904 0.0571073 1.07387
573.43 591.34 0.299922 0.0630628 1.02665
947.374 369.947 0.183408 -0.0465863 1.00647
688.082 289.635 0.293918 0.0240569 1.19459
560.885 603.588 0.278951 0.0609497 1.0105
907.813 575.948 0.3017 -0.0548424 1.02738
903.553 562.798 0.310935 -0.057015 1.03785
753.978 235.469 0.346145 -0.025473 1.34431
872.212 256.542 0.223313 -0.0525493 1.11109
659.013 177.889 0.198845 0.0264489 1.13763
672.215 152.771 0.177581 0.0185935 1.11309
661.709 51.914 0.15073 0.0201276 1.13383
764.288 144.28 0.179178 -0.0129839 1.11848
878.391 144.67 0.173053 -0.0477586 1.09978
882.177 81.8601 0.0525766 -0.00850424 0.892203
772.055 266.494 0.2054 -0.0124078 1.08272
577.087 488.968 0.29 0.065019 1.06286
882.119 251.921 0.205801 -0.0494967 1.08788
563.237 169.567 0.180367 0.0560638 1.11148
697.393 293.074 0.265951 0.0165278 1.15248
776.095 269.338 0.246713 -0.0194026 1.14025
920.029 636.918 0.518981 -0.115146 1.09241
787.646 373.742 0.275804 -0.020908 1.10507
821.12 540.428 0.186286 -0.0124673 0.963624
827.819 414.286 0.135438 -0.0107952 0.946887
822.914 214.736 0.303765 -0.0707778 1.29116
680.272 271.516 0.19185 0.0163624 1.06362
872.094 635.427 0.385331 -0.0544484 1.04518
573.553 270.03 0.217059 0.0585115 1.10488
889.453 263.568 0.222003 -0.0572268 1.10397
641.963 68.9718 0.230799 0.176341 2.12371
668.468 170.246 0.472173 0.219255 2.51996
787.813 244.664 0.214125 -0.0204353 1.10854
810.432 14.5994 0.153313 -0.0357478 1.17572
544.336 60.7843 0.151697 0.0606806 1.13604
761.081 156.388 0.188349 -0.0125242 1.12844
887.503 140.482 0.167943 -0.0484583 1.09176
885.407 356.494 0.254552 -0.0559556 1.08954
543.957 288.175 0.208621 0.0637521 1.08274
880.986 368.615 0.248485 -0.0508825 1.07683
704.727 240.37 0.958508 0.171467 3.67937
655.132 172.71 0.184005 0.0250668 1.11208
891.684 12.0805 0.14726 -0.0601397 1.14873
665.433 64.1118 0.159227 0.0201888 1.14724
