756.848 54.736 0.159637 -0.0142754 1.14854
547.717 67.6838 0.15966 0.0612275 1.14998
872.713 49.117 0.161077 -0.0560148 1.15059
871.611 50.7178 0.162082 -0.0560125 1.15205
882.111 49.3158 0.158848 -0.0574766 1.14285
881.614 41.4603 0.155477 -0.0565056 1.14066
890.302 45.2802 0.154832 -0.0579675 1.1342
757.033 53.9518 0.15923 -0.0143161 1.1481
755.537 55.7521 0.157369 -0.0132833 1.14054
537.42 64.3418 0.154356 0.0615393 1.13764
672.629 376.483 0.270903 0.025366 1.10269
665.522 45.4023 0.14484 0.0159782 1.11819
666.486 58.3334 0.155634 0.0173718 1.13877
571.596 175.304 0.184831 0.0522211 1.11452
886.914 139.332 0.181737 -0.0565084 1.12019
863.984 162.125 0.195175 -0.0519385 1.13112
783.817 247.706 0.212367 -0.0197272 1.10367
766.993 268.751 0.222046 -0.0138479 1.10525
669.401 150.729 0.183541 0.0187258 1.12613
808.199 12.0946 0.144924 -0.0313755 1.14284
782.856 353.336 0.161598 -0.00883621 0.991404
586.125 373.894 0.084463 0.0138446 0.901761
627.079 218.757 0.141993 0.0209774 1.01309
648.766 172.417 0.185981 0.0257811 1.11531
536.842 58.6273 0.152505 0.0613649 1.13782
871.822 554.888 0.341872 -0.0542049 1.06093
666.192 130.868 -0.295687 0.00249559 0.478924
776.425 164.221 0.19286 -0.0195015 1.12923
959.782 343.632 0.266992 -0.0928141 1.10845
939.864 202.696 0.144244 -0.0433171 1.01551
648.393 184.941 0.203638 0.0294066 1.14049
525.577 134.917 0.169327 0.0646083 1.11451
544.138 156.241 0.179865 0.0616543 1.12022
921.276 490.17 0.257515 -0.0556169 1.03158
645.185 250.949 0.403811 0.0877439 1.43205
892.678 273.073 0.233691 -0.0628726 1.11406
676.587 376.067 0.333776 0.031785 1.16707
798.863 369.279 0.149456 -0.0101965 0.973229
763.24 269.529 0.223362 -0.0125891 1.10678
548.433 161.964 0.174591 0.056449 1.10444
657.841 170.099 0.192211 0.023923 1.12927
882.286 266.562 0.227534 -0.057354 1.11006
647.154 295.081 0.429769 0.084014 1.38235
769.673 263.17 0.183756 -0.0107227 1.05352
849.681 246.892 0.236084 -0.0510304 1.13769
582.37 612.081 0.29648 0.0559901 1.01843
950.579 1.33495 0.146173 -0.0807381 1.14846
872.074 151.609 0.177665 -0.0477321 1.10341
753.057 64.2731 0.161425 -0.0125888 1.14415
777.334 187.011 0.218407 -0.0230936 1.16045
571.202 371.159 0.259348 0.0641427 1.09687
897.292 131.632 0.182095 -0.0615709 1.12656
893.219 405.345 0.0923947 -0.0130113 0.904147
586.815 411.04 0.0852428 0.0136803 0.897953
607.974 380.752 0.0885257 0.0125361 0.90531
544.183 275.928 0.207114 0.0618033 1.08748
547.347 285.661 0.216137 0.0638267 1.09452
786.256 164.796 0.189093 -0.022135 1.12069
758.401 136.882 0.179412 -0.0127002 1.12367
498.284 365.34 0.268471 0.099627 1.11278
895.208 131.923 0.178191 -0.0584352 1.11791
583.164 356.421 0.288995 0.0712023 1.13831
868.814 616.379 0.385708 -0.056232 1.05528
946.461 454.001 0.32084 -0.0928809 1.09519
558.771 503.13 0.275381 0.0642487 1.04714
756.252 289.019 0.27609 -0.0138327 1.16654
863.452 366.24 0.272387 -0.0531154 1.10399
888.503 338.711 0.266864 -0.0650448 1.11379
759.82 158.016 0.195806 -0.0143329 1.14139
882.538 349.887 0.26004 -0.0585925 1.09976
779.782 252.885 0.213199 -0.0181208 1.10181
885.361 136.643 0.180617 -0.0558174 1.11997
569.085 625.15 0.285332 0.0569709 1.00818
577.173 387.771 0.247737 0.0565505 1.07551
569.166 590.543 0.299756 0.062506 1.02829
945.123 366.743 0.183242 -0.0471431 1.00811
685.828 287.397 0.293752 0.0235001 1.19623
556.139 602.794 0.278784 0.0603929 1.01214
906.003 575.07 0.301534 -0.0553992 1.02902
901.823 561.877 0.310769 -0.0575718 1.03949
752.734 233.51 0.345979 -0.0260297 1.34595
870.496 253.441 0.223147 -0.0531061 1.11273
655.758 174.126 0.198679 0.0258922 1.13927
668.702 148.465 0.177415 0.0180368 1.11473
658.127 46.688 0.150564 0.0195708 1.13546
761.6 139.999 0.179012 -0.0135407 1.12012
876.456 140.223 0.172886 -0.0483154 1.10142
872.004 67.4917 0.0524103 -0.00906102 0.893843
769.249 263.134 0.205234 -0.0129646 1.08436
573.142 487.538 0.289833 0.0644622 1.0645
880.246 248.52 0.205635 -0.0500535 1.08952
483.35 51.3358 -0.107428 -0.00325499 0.666458
558.804 165.368 0.180201 0.0555071 1.11312
694.863 290.597 0.265785 0.015971 1.15412
773.958 266.582 0.246547 -0.0199594 1.14189
919.029 636.61 0.518814 -0.115702 1.09405
785.467 371.67 0.275638 -0.0214647 1.10671
816.957 538.516 0.18612 -0.0130241 0.965264
822.54 410.267 0.135272 -0.011352 0.948527
821.838 212.449 0.303598 -0.0713346 1.2928
676.388 267.925 0.191684 0.0158056 1.06526
870.429 635.044 0.385165 -0.0550052 1.04682
503.98 44.0688 -0.115123 -0.00275351 0.65768
569.439 266.86 0.216892 0.0579547 1.10652
887.812 260.473 0.221836 -0.0577836 1.10561
641.078 67.0507 0.230633 0.175784 2.12535
667.936 169.165 0.472007 0.218698 2.5216
785.403 241.372 0.213959 -0.0209921 1.11018
808.447 9.54678 0.153147 -0.0363046 1.17736
539.763 55.6093 0.151531 0.0601238 1.13768
758.499 152.356 0.188182 -0.013081 1.13008
885.554 135.878 0.167776 -0.0490151 1.0934
883.736 354.169 0.254386 -0.0565124 1.09118
539.284 284.944 0.208455 0.0631953 1.08438
879.173 366.285 0.248318 -0.0514393 1.07847
704.513 239.868 0.958341 0.170911 3.68101
651.511 168.607 0.183839 0.02451 1.11372
890.146 6.74213 0.147094 -0.0606965 1.15037
662.07 59.1963 0.15906 0.019632 1.14888
