751.957 46.0083 0.157985 -0.0136647 1.15085
539.841 59.272 0.158007 0.0618382 1.15229
869.39 40.2971 0.159424 -0.0554041 1.1529
868.292 41.9522 0.160429 -0.0554017 1.15436
878.834 40.3689 0.157195 -0.0568659 1.14516
878.287 32.3253 0.153824 -0.0558949 1.14297
887.034 36.1034 0.15318 -0.0573568 1.13651
752.135 45.2018 0.157578 -0.0137054 1.15041
750.524 46.9118 0.155717 -0.0126726 1.14285
529.133 55.6694 0.152703 0.06215 1.13995
667.527 372.563 0.26925 0.0259767 1.105
658.766 35.9733 0.143188 0.0165889 1.1205
660.165 49.5319 0.153981 0.0179825 1.14108
564.088 168.381 0.183179 0.0528318 1.11683
883.691 131.662 0.180085 -0.0558977 1.1225
860.655 155.039 0.193522 -0.0513278 1.13343
779.437 241.716 0.210714 -0.0191165 1.10598
762.516 263.141 0.220393 -0.0132372 1.10756
663.387 143.475 0.181889 0.0193365 1.12844
803.801 2.42941 0.143272 -0.0307648 1.14515
776.321 347.255 0.159945 -0.00822551 0.993714
568.154 365.718 0.0828104 0.0144553 0.904071
617.824 210.605 0.14034 0.0215881 1.0154
642.386 165.403 0.184329 0.0263918 1.11762
528.512 49.843 0.150852 0.0619756 1.14013
869.021 552.345 0.34022 -0.0535942 1.06324
668.94 145.674 -0.297339 0.00310629 0.481234
771.973 157.195 0.191208 -0.0188908 1.13154
957.717 338.934 0.265339 -0.0922034 1.11076
935.986 193.994 0.142591 -0.0427064 1.01782
642.508 178.512 0.201985 0.0300173 1.1428
517.092 127.257 0.167675 0.065219 1.11682
536.209 149.069 0.178212 0.062265 1.12253
918.315 486.655 0.255863 -0.0550062 1.03389
642.063 247.632 0.402158 0.0883546 1.43436
889.812 267.518 0.232038 -0.0622619 1.11637
672.486 372.692 0.332123 0.0323957 1.16938
791.97 363.088 0.147803 -0.00958578 0.975539
758.743 263.955 0.221709 -0.0119784 1.10909
540.263 154.644 0.172939 0.0570597 1.10675
651.822 163.248 0.190559 0.0245337 1.13158
879.242 260.866 0.225882 -0.0567433 1.11237
644.043 292.054 0.428117 0.0846247 1.38466
764.249 256.651 0.182103 -0.010112 1.05583
846.506 241.276 0.234431 -0.0504197 1.14
575.807 610.633 0.294827 0.0566008 1.02074
868.493 143.884 0.176012 -0.0471214 1.10572
748.092 55.6574 0.159773 -0.0119781 1.14646
773.364 180.789 0.216754 -0.0224829 1.16276
564.686 367.248 0.257695 0.0647534 1.09918
894.248 123.925 0.180443 -0.0609602 1.12887
884.18 397.774 0.0907421 -0.0124006 0.906457
568.619 403.812 0.0835903 0.014291 0.900263
591.233 372.916 0.0868732 0.0131468 0.90762
536.353 270.417 0.205462 0.062414 1.08979
539.808 280.411 0.214485 0.0644374 1.09683
781.818 157.644 0.18744 -0.0215243 1.123
753.519 129.29 0.17776 -0.0120895 1.12598
491.12 361.612 0.266818 0.100238 1.11509
892.046 124.079 0.176538 -0.0578245 1.12022
577.493 352.69 0.287342 0.071813 1.14062
866.161 614.307 0.384055 -0.0556213 1.05759
944.374 450.519 0.319188 -0.0922702 1.0975
551.868 500.59 0.273728 0.0648594 1.04945
752.524 284.416 0.274437 -0.013222 1.16885
860.437 361.923 0.270734 -0.0525047 1.1063
885.767 334.096 0.265211 -0.0644341 1.1161
755.289 151.067 0.194153 -0.0137222 1.1437
879.624 345.279 0.258387 -0.0579818 1.10207
775.344 246.958 0.211546 -0.0175101 1.10412
882.108 128.923 0.178965 -0.0552067 1.12228
562.069 623.857 0.28368 0.0575816 1.01049
570.354 383.864 0.246085 0.0571612 1.07782
562.59 588.92 0.298103 0.0631168 1.0306
941.667 361.022 0.181589 -0.0465324 1.01042
681.665 283.111 0.292099 0.0241108 1.19854
548.887 601.287 0.277132 0.0610036 1.01445
903.128 572.529 0.299882 -0.0547885 1.03133
899.021 559.253 0.309116 -0.0569611 1.0418
750.047 229.497 0.344326 -0.025419 1.34826
867.308 247.587 0.221495 -0.0524954 1.11504
649.895 167.489 0.197026 0.0265028 1.14158
662.467 140.99 0.175762 0.0186475 1.11704
756.723 132.406 0.177359 -0.01293 1.12243
872.875 132.251 0.171234 -0.0477047 1.10373
859.071 47.717 0.0507577 -0.00845032 0.896153
764.431 257.13 0.203581 -0.0123539 1.08667
566.796 484.904 0.288181 0.0650729 1.06681
876.879 242.244 0.203982 -0.0494428 1.09183
511.672 11.002 -0.10908 -0.00264429 0.668769
551.009 158.247 0.178548 0.0561178 1.11543
690.323 285.959 0.264132 0.0165817 1.15643
770.051 261.382 0.244894 -0.0193487 1.1442
917.157 634.45 0.517162 -0.115092 1.09636
781.684 367.563 0.273985 -0.020854 1.10902
811.007 535.311 0.184468 -0.0124134 0.967574
815.122 404.316 0.133619 -0.0107413 0.950837
819.406 207.793 0.301946 -0.0707239 1.29511
669.899 261.792 0.190031 0.0164163 1.06757
562.35 261.433 0.21524 0.0585654 1.10883
884.765 254.616 0.220184 -0.0571729 1.10792
781.112 235.369 0.212306 -0.0203814 1.11249
804.434 0.401211 0.151494 -0.0356939 1.17967
531.457 46.7611 0.149878 0.0607345 1.13999
881.979 127.67 0.166124 -0.0484044 1.09571
880.75 349.523 0.252734 -0.0559017 1.09349
531.37 279.549 0.206802 0.063806 1.08669
645.119 161.497 0.182187 0.0251207 1.11603
958.556 255.077 0.228324 -0.0875929 1.11648
655.848 50.5775 0.157408 0.0202427 1.15119
