734.12 189.125 0.252859 -0.477334 4.91077
715.168 184.526 -0.0825844 -0.142625 5.6439
725.419 32.3158 -0.100443 -0.16988 3.24478
765.678 23.8821 0.269561 -0.0077822 0.879824
781.869 81.0561 0.287746 -0.012469 0.89857
600.142 194.996 0.285864 0.0212861 0.853508
616.871 25.7403 0.266982 0.0173793 0.87645
761.557 11.7172 0.266447 -0.0068899 0.877016
514.802 528.225 0.358889 0.0474384 0.850069
496.009 548.236 0.368718 0.0537584 0.853355
653.574 271.845 0.578575 0.068581 1.30849
692.538 269.624 0.588853 0.0247144 1.3262
923.34 199.643 0.190894 0.00136736 0.695801
631.652 231.202 0.299487 0.0178622 0.864309
592.624 182.349 0.280966 0.0216437 0.848812
945.898 605.001 0.40674 -0.0482406 0.857806
743.682 29.4048 -0.0457141 0.00891956 0.403525
948.453 241.479 0.324517 -0.0485271 0.893005
498.749 553.99 0.0508121 0.00791726 0.50739
929.117 193.315 0.301734 -0.037534 0.874576
655.399 383.711 0.41883 0.0264813 0.959374
931.464 411.656 0.600989 -0.161904 1.10192
801.851 79.4378 0.283965 -0.0152926 0.889446
576.989 162.365 0.271736 0.0221778 0.837966
601.022 64.4794 0.275129 0.0212212 0.880709
942.337 158.449 0.285338 -0.0341999 0.857102
793.14 206.946 0.322196 -0.0161816 0.908644
779.968 361.958 0.330367 -0.00815943 0.862817
784.086 375.68 0.437234 -0.0239105 0.979443
511.865 233.83 0.321607 0.048821 0.903832
932.766 39.6954 0.273508 -0.0363477 0.877763
763.906 238.643 0.316703 -0.00736609 0.886581
939.153 222.123 0.313524 -0.042805 0.883319
500.589 206.265 0.302412 0.0441925 0.88174
492.56 98.1971 0.284485 0.0437631 0.891605
522.148 538.244 0.885525 0.277622 1.16423
504.337 18.7543 0.08225 0.00609258 0.54005
573.06 191.818 0.377056 0.0598774 1.03765
786.402 216.079 0.318234 -0.0133443 0.897813
495.553 275.092 0.334988 0.056033 0.907822
938.891 506.366 0.359448 -0.0389197 0.849001
914.977 337.193 0.375359 -0.0539746 0.923271
910.813 70.7619 0.284156 -0.0361956 0.890594
917.111 34.107 0.278554 -0.0377722 0.894385
522.475 519.268 0.370762 0.0497339 0.86256
504.042 526.617 0.343836 0.0450025 0.837559
917.045 487.176 0.369212 -0.0386933 0.862993
815.719 185.297 0.288859 -0.0137213 0.857351
914.669 377.84 0.352676 -0.0408285 0.880735
930.258 186.719 0.30135 -0.0381332 0.876348
768.219 227.459 0.310095 -0.00771326 0.87997
673.177 265.546 0.342121 0.01344 0.917923
935.486 38.382 0.271384 -0.0354702 0.872818
525.789 394.391 0.35536 0.0495305 0.886928
800.86 382.175 0.330017 -0.011424 0.856051
959.871 8.99796 0.261146 -0.0347951 0.857813
632.033 230.989 0.302802 0.0182755 0.86988
627.655 65.0618 0.281387 0.0176495 0.895893
538.273 402.848 0.358941 0.0473052 0.887674
789.071 221.724 0.316668 -0.0133288 0.892678
950.089 235.264 0.315836 -0.0448808 0.881752
651.199 17.6698 0.345548 0.0510537 1.46875
577.819 474.057 0.124832 0.00583743 0.606631
937.461 50.9901 0.282775 -0.0424901 0.896114
592.386 52.3921 0.271101 0.0219665 0.876044
602.253 208.13 0.293955 0.0223782 0.863427
593.407 90.6302 0.282603 0.0239081 0.887409
507.273 531.096 0.381296 0.0561371 0.868281
585.171 22.5106 0.257844 0.020188 0.853533
875.625 638.839 -0.0493374 -0.00339691 0.307608
724.647 32.5316 -0.102599 -0.165608 3.25098
