663.299 59.341 -0.398618 0.0723965 1.1742
512.189 62.1805 -0.215445 0.168307 0.890836
782.705 0.618496 -0.350099 -0.0898008 1.00511
707.675 188.693 -0.143782 -0.003059 1.02822
710.504 150.24 -0.125089 -0.00748079 0.846084
491.017 168.473 -0.163338 0.257917 1.01602
901.867 374.579 0.101992 -0.287995 1.09581
927.29 351.272 0.0579255 -0.282062 1.02762
888.558 191.585 -0.145429 -0.235553 1.04357
481.248 541.67 0.20111 0.189777 0.861475
739.51 347.679 1.47032 -0.96884 5.46771
836.762 168.455 -0.128543 -0.124981 0.906043
754.089 324.206 0.0347815 -0.0820912 1.19312
774.262 327.255 0.0400372 -0.117629 1.19243
553.975 387.802 0.0877628 0.160497 0.95344
683.831 221.91 -0.0948719 0.0235652 0.988799
797.18 282.783 -0.031453 -0.131095 1.09212
791.688 291.683 -0.0262928 -0.171535 1.28427
596.028 126.531 -0.220854 0.136191 1.0333
606.873 126.856 -0.195244 0.107087 0.977083
590.692 364.329 0.0742033 0.14321 1.02203
543.864 357.683 0.0343052 0.111884 0.803471
539.136 277.131 -0.0228903 0.112003 0.796735
564.16 234.986 -0.0565126 0.105206 0.832413
842.28 23.7658 -0.465457 -0.224304 1.18616
737.964 317.113 0.0223665 -0.053569 1.19315
540.251 285.399 -0.0211345 0.171598 0.949905
570.616 275.913 -0.0309834 0.138963 0.948192
571.304 240.801 -0.0655841 0.133665 0.936675
922.734 308.937 0.00434783 -0.271918 1.02282
742.65 366.81 0.0659276 -0.0422759 0.959492
611.488 239.027 -0.0880594 0.127462 1.06469
609.888 217.427 -0.09882 0.10684 0.984619
716.92 370.847 0.0700372 -0.0143016 0.957681
776.655 422.963 0.163596 -0.098795 1.0663
684.922 412.054 1.37824 0.418245 3.06034
710.074 210.049 -0.0939421 -0.00684705 0.924451
910.848 285.516 -0.0244584 -0.253792 1.01828
889.765 254.069 -0.0715465 -0.259663 1.08448
910.551 284.18 -0.0298676 -0.295576 1.09355
905.791 390.935 0.0495952 -0.131951 0.76133
613.841 329.148 0.0304324 0.114715 1.02563
523.507 543.692 0.176209 0.133083 0.813954
669.373 253.971 -0.0969026 0.075514 1.2521
796.648 460.612 0.205902 -0.121566 1.04272
832.401 468.042 0.162992 -0.131316 0.926013
509.984 32.0292 -0.416853 0.303872 1.14478
545.564 22.3018 -0.516309 0.300181 1.24407
818.453 399.672 0.114904 -0.139303 1.00903
788.952 126.519 -0.197173 -0.093596 0.979321
939.197 351.271 0.0580678 -0.297965 1.02884
839.635 606.567 0.375929 -0.169513 1.00754
547.721 64.8886 -0.212185 0.136188 0.888854
723.062 293.494 -0.0224698 -0.0299363 1.28852
725.017 273.619 -0.0518068 -0.0298949 1.17603
778.572 276.98 -0.0465769 -0.121344 1.17863
658.443 131.633 -0.191485 0.0508279 0.979898
624.871 112.556 -0.182609 0.0738811 0.915066
637.892 96.5471 -0.172784 0.0522922 0.860723
749.242 203.993 -0.113111 -0.0502939 0.980431
956.882 271.652 -0.0410788 -0.306515 1.01292
746.509 284.284 -0.0343712 -0.0671616 1.18276
799.728 213.059 -0.120007 -0.123536 1.05185
809.658 378.184 0.0905931 -0.130796 1.01894
822.73 362.218 0.0712727 -0.148049 1.02301
766.206 85.8596 -0.179617 -0.0525692 0.8563
943.575 155.287 -0.159817 -0.255005 0.960802
934.643 236.939 -0.0809638 -0.272265 1.00298
840.431 202.818 -0.114291 -0.151916 0.978953
904.669 180.564 -0.106813 -0.170745 0.865657
900.945 77.4529 -0.240239 -0.207918 0.961426
784.408 321.211 0.0293726 -0.135368 1.19232
721.965 396.865 0.112648 -0.021211 1.01301
931.309 530.001 0.314807 -0.317698 1.06385
924.634 486.145 0.247931 -0.30181 1.05666
844.62 461.018 0.286398 -0.252229 1.20391
822.912 609.489 0.533462 -0.203855 1.16759
834.476 570.037 0.54981 -0.263073 1.2618
946.58 411.552 0.111179 -0.258359 0.947401
918.318 448.257 0.199954 -0.298514 1.06817
800.119 323.806 0.0487373 -0.233093 1.41888
829.291 385.89 0.137508 -0.207564 1.16806
897.859 475.863 0.149547 -0.175366 0.876619
521.911 145.807 -0.16051 0.183086 0.939693
513.482 283.329 -0.0259027 0.232589 1.01315
521.524 100.753 -0.287426 0.262665 1.09826
563.682 160.073 -0.148989 0.143862 0.946934
607.58 8.50864 -0.239149 0.0753127 0.855273
596.418 38.5409 -0.250979 0.100381 0.916374
553.511 338.041 0.0587072 0.266961 1.18361
566.394 378.804 0.107784 0.203174 1.09084
520.542 414.061 0.132483 0.224436 1.00699
626.562 525.591 0.209178 0.0727406 0.902179
583.17 566.919 0.383099 0.179932 1.08201
626.99 440.602 0.160045 0.0919274 0.993791
575.35 329.611 0.025839 0.138531 0.958741
565.786 452.973 0.15042 0.141167 0.932781
611.714 454.511 0.151786 0.0938723 0.932305
