733.887 185.913 0.250277 -0.476425 4.91075
714.735 181.116 -0.0851663 -0.141716 5.64387
724.803 24.9142 -0.103024 -0.168971 3.24475
762.153 1.86905 0.266979 -0.006873 0.879795
778.644 61.3003 0.285164 -0.0115598 0.898541
595.677 173.233 0.283282 0.0221953 0.853479
612.42 3.32472 0.2644 0.0182885 0.876421
511.02 510.226 0.356307 0.0483476 0.85004
492.333 530.709 0.366136 0.0546676 0.853326
651.819 264.733 0.575993 0.0694902 1.30847
690.922 262.682 0.586271 0.0256236 1.32617
915.854 117.323 0.188312 0.00227656 0.695773
627.557 210.943 0.296905 0.0187714 0.864281
588.026 159.938 0.278384 0.0225529 0.848784
942.4 588.266 0.404159 -0.0473314 0.857778
754.413 57.3016 -0.048296 0.00982876 0.403496
945.722 223.724 0.321936 -0.0476179 0.892977
926.235 173.594 0.299152 -0.0366248 0.874547
652.617 370.789 0.416248 0.0273905 0.959346
929.264 402.918 0.598407 -0.160995 1.10189
798.638 59.0564 0.281384 -0.0143834 0.889418
572.097 138.502 0.269154 0.023087 0.837937
596.601 43.0121 0.272547 0.0221304 0.880681
939.367 136.77 0.282756 -0.0332907 0.857074
790.103 189.617 0.319614 -0.0152724 0.908616
776.532 343.326 0.327785 -0.00725023 0.862789
781.584 363.477 0.434652 -0.0230013 0.979414
507.68 216.362 0.319025 0.0497302 0.903804
930.081 17.9642 0.270926 -0.0354385 0.877735
760.586 220.287 0.314122 -0.00645689 0.886553
936.346 203.447 0.310942 -0.0418958 0.883291
496.012 186.932 0.29983 0.0451017 0.881712
487.681 77.944 0.281903 0.0446723 0.891577
521.268 531.156 0.882943 0.278531 1.1642
488.247 28.7393 0.079668 0.00700178 0.540022
569.937 179.307 0.374474 0.0607866 1.03762
783.251 198.196 0.315652 -0.0124351 0.897785
491.484 258.39 0.332406 0.0569422 0.907793
935.462 488.109 0.356866 -0.0380105 0.848972
912.276 322.272 0.372777 -0.0530654 0.923243
924.021 636.596 0.404816 -0.0398438 0.845828
930.551 639.301 0.394498 -0.0384576 0.838863
908.12 50.4429 0.281574 -0.0352864 0.890565
914.513 13.4901 0.275972 -0.036863 0.894356
518.875 502.209 0.36818 0.0506431 0.862532
773.635 631.496 0.543597 -0.0140738 0.924389
500.005 507.444 0.341254 0.0459117 0.83753
913.753 469.892 0.36663 -0.0377841 0.862964
812.256 163.922 0.286277 -0.0128121 0.857322
917.922 122.653 0.0443246 0.0114878 0.49935
911.625 360.794 0.350094 -0.0399193 0.880707
927.402 167.046 0.298768 -0.037224 0.876319
764.84 208.484 0.307513 -0.00680406 0.879942
669.869 249.406 0.339539 0.0143492 0.917895
932.767 16.2363 0.268802 -0.034561 0.87279
522.048 377.807 0.352778 0.0504397 0.8869
797.405 363.213 0.327435 -0.0105148 0.856022
937.79 298.795 0.055289 0.0121793 0.514754
628.007 211.187 0.30022 0.0191847 0.869851
623.551 44.7172 0.278805 0.0185587 0.895864
534.608 386.409 0.356359 0.0482144 0.887645
785.885 203.581 0.314086 -0.0124196 0.89265
947.282 216.652 0.313254 -0.0439716 0.881724
958.694 354.576 0.311326 -0.0343145 0.836539
649.032 8.05359 0.342966 0.0519629 1.46872
576.088 543.183 0.12225 0.00674663 0.606603
934.955 30.7768 0.280194 -0.0415809 0.896085
587.833 30.3574 0.268519 0.0228757 0.876016
597.961 187.45 0.291373 0.0232874 0.863398
589.072 70.0642 0.280021 0.0248173 0.887381
503.785 514.579 0.378714 0.0570463 0.868252
512.077 141.897 0.0429005 0.0100939 0.497624
512.553 119.988 0.317708 0.0565979 0.955964
625.152 368.577 0.339732 0.024047 0.872371
658.244 347.363 0.360346 0.0190812 0.904198
801.304 480.781 0.802451 -0.0898793 1.16493
767.386 197.198 0.29752 -0.00619003 0.866898
957.21 506.192 0.35711 -0.0411779 0.844191
802.25 576.034 0.464531 -0.020791 0.903179
724.02 25.1314 -0.105181 -0.164699 3.25095
