741.701 6.68562 0.153731 -0.0118498 1.15334
522.889 20.6026 0.153714 0.0637055 1.1548
862.709 0.971737 0.155122 -0.0535863 1.15514
861.468 2.78831 0.156177 -0.0535879 1.15685
741.719 5.89527 0.153379 -0.0118443 1.15299
740.638 6.32923 0.151215 -0.0110537 1.14505
512.628 16.0801 0.148792 0.063826 1.14323
656.246 345.908 0.263693 0.0278661 1.10592
646.565 9.0374 0.149551 0.0198521 1.14341
548.456 132.68 0.178997 0.0546614 1.11946
876.845 94.6017 0.1759 -0.054087 1.12502
853.414 120.291 0.189435 -0.0495103 1.13616
770.155 209.008 0.206836 -0.0173398 1.10882
753.395 231.426 0.216041 -0.011533 1.10977
651.229 107.565 0.177915 0.0210453 1.13153
762.963 301.996 0.156466 -0.006553 0.997293
532.742 277.699 0.0792029 0.0163999 0.908344
598.544 161.563 0.136541 0.0235799 1.01902
628.596 129.34 0.180251 0.028408 1.12069
511.996 10.673 0.147192 0.0637013 1.1435
863.558 528.911 0.334361 -0.0518585 1.06422
681.106 171.355 -0.307704 0.004624 0.47887
762.688 123.079 0.187457 -0.0171438 1.13446
953.075 310.403 0.26093 -0.0904928 1.11313
925.98 146.645 0.139135 -0.040841 1.02111
630.046 145.763 0.197643 0.0318471 1.14509
499.42 89.3087 0.163552 0.0670698 1.11958
520.965 113.641 0.174516 0.0638622 1.12564
914.757 457.887 0.247591 -0.0528359 1.03241
884.625 235.9 0.226257 -0.0602824 1.11697
664.184 351.16 0.329122 0.0342564 1.1728
777.019 312.858 0.144202 -0.00779952 0.979274
749.39 232.175 0.217434 -0.0102271 1.1116
523.174 116.597 0.168688 0.0589433 1.10961
639.176 128.808 0.186393 0.0263681 1.13415
869.704 231.634 0.226061 -0.055447 1.1201
636.289 276.621 0.419295 0.0858422 1.37926
752.617 221.651 0.1838 -0.0086475 1.06577
856.838 193.829 0.202297 -0.0462637 1.10746
570.27 577.177 0.299579 0.0587038 1.03083
861.702 104.044 0.170712 -0.0452283 1.10692
737.763 14.9907 0.154668 -0.0101473 1.1477
764.216 152.886 0.2161 -0.0207826 1.16991
551.329 339.947 0.25335 0.0665634 1.10145
885.253 92.6134 0.180509 -0.0600189 1.13708
863.198 316.239 0.0872224 -0.0106474 0.910487
533.867 317.339 0.0801161 0.0161643 0.904469
560.233 292.757 0.0832448 0.0148528 0.911247
531.799 242.623 0.213057 0.0657068 1.10702
523.906 248.355 0.209801 0.0662015 1.0988
772.524 121.63 0.182997 -0.0197087 1.12527
742.235 92.221 0.172713 -0.00984253 1.12665
886.813 84.9446 0.171308 -0.0560654 1.1213
551.184 326.429 0.260039 0.0707275 1.1174
858.918 590.748 0.384596 -0.0545489 1.06248
939.632 425.943 0.314378 -0.0904119 1.09918
537.215 474.421 0.268289 0.066548 1.05069
744.809 258.336 0.268205 -0.0113712 1.16869
861.047 333.779 0.253749 -0.049606 1.09479
863.206 309.91 0.287952 -0.0654206 1.14881
744.615 125.344 0.197941 -0.0120324 1.15712
873.802 316.381 0.253723 -0.0563307 1.1041
766.614 216.15 0.206583 -0.0156996 1.10403
580.925 548.973 0.332116 0.0648666 1.06087
552.405 355.317 0.236908 0.0585723 1.07484
559.891 550.226 0.309194 0.0666323 1.04718
926.02 320.869 0.183763 -0.0454147 1.02022
656.419 236.474 0.214479 0.0224368 1.10808
959.184 615.193 0.378186 -0.0941161 1.0466
542.021 565.668 0.281381 0.0635979 1.02479
867.93 619.293 0.348141 -0.0484554 1.03371
897.556 546.603 0.293969 -0.0529384 1.03219
887.056 526.505 0.312976 -0.0560257 1.05181
744.609 209.408 0.334282 -0.0230844 1.34013
865.184 210.288 0.208946 -0.0496494 1.10752
635.174 131.197 0.189292 0.0284383 1.13886
789.804 626.912 0.359417 -0.0186334 1.03735
648.08 99.9274 0.169149 0.0205129 1.11697
954.511 92.6603 0.185287 -0.087031 1.14441
745.967 98.5415 0.175691 -0.0111218 1.12844
954.889 99.0127 0.117472 -0.0388657 0.998831
855.3 110.164 0.181349 -0.0476559 1.12628
753.648 228.618 0.211669 -0.0113139 1.10479
598.254 616.77 0.369381 0.0630303 1.0501
951.675 112.357 0.194859 -0.0892233 1.14938
551.09 459.399 0.279884 0.0666651 1.06605
871.137 205.962 0.19757 -0.0474233 1.09171
680.209 259.316 0.259392 0.0186082 1.15833
913.381 617.943 0.509703 -0.112795 1.09573
767.748 339.818 0.298883 -0.0199856 1.14403
797.825 492.644 0.180836 -0.0106392 0.971079
802.937 348.061 0.13036 -0.00957117 0.954934
811.669 189.045 0.304781 -0.0693814 1.3069
654.755 222.381 0.181525 0.0181158 1.065
591.179 267.102 -0.122858 -0.000176521 0.662614
538.696 224.523 0.200812 0.0592212 1.09857
874.196 225.74 0.222132 -0.0562199 1.11783
670.893 638.811 0.349275 0.0288328 1.03072
770.798 212.135 0.223942 -0.0200967 1.13483
512.613 4.37857 0.144606 0.0624024 1.141
871.242 93.1629 0.166561 -0.04738 1.10489
873.557 320.232 0.249388 -0.0542367 1.09693
631.798 125.353 0.178061 0.0269433 1.11875
953.192 223.846 0.224608 -0.0859123 1.11955
878.507 223.158 0.207361 -0.051709 1.09666
579.344 125.554 0.0950236 0.0171539 0.957947
859.347 3.51465 0.156854 -0.0532422 1.15855
741.65 0.724812 0.149924 -0.0115181 1.14657
631.054 116.32 0.175538 0.0269368 1.12004
502.612 356.628 0.186802 0.0533104 1.02018
528.489 121.922 0.182387 0.0651707 1.13695
549.684 351.679 0.239098 0.0606007 1.07914
516.739 108.154 0.172659 0.0648827 1.1259
548.746 463.886 0.272643 0.0647479 1.05832
665.007 335.425 0.254989 0.0233878 1.10193
549.295 459.947 0.276206 0.0660327 1.06289
819.224 401.988 0.776457 -0.174154 1.46845
756.4 324.438 0.274698 -0.0133864 1.12781
642.645 11.4001 0.153157 0.0220769 1.1538
