521.692 8.83629 0.152196 0.0634104 1.15458
511.343 3.93122 0.147274 0.0635308 1.14301
655.325 337.059 0.262175 0.0275709 1.1057
547.277 121.522 0.177478 0.0543662 1.11924
877.435 83.9818 0.174382 -0.0543822 1.1248
853.819 110.24 0.187917 -0.0498055 1.13594
769.899 199.048 0.205318 -0.017635 1.1086
753.02 221.71 0.214522 -0.0118282 1.10955
650.639 96.6965 0.176397 0.0207501 1.13131
762.177 288.131 0.154948 -0.0068482 0.997071
529.581 252.065 0.0776845 0.0161047 0.908122
597.208 146.736 0.135023 0.0232847 1.01879
627.838 118.386 0.178732 0.0281128 1.12047
862.59 520.95 0.332842 -0.0521537 1.064
682.482 180.154 -0.309222 0.0043288 0.478649
762.641 112.78 0.185939 -0.017439 1.13424
953.148 302.15 0.259412 -0.090788 1.1129
926.519 132.598 0.137617 -0.0411362 1.02089
629.333 135.668 0.196124 0.0315519 1.14487
497.984 77.4627 0.162034 0.0667746 1.11936
519.664 102.344 0.172998 0.063567 1.12542
914.141 448.179 0.246073 -0.0531311 1.03219
884.761 226.781 0.224739 -0.0605776 1.11674
663.427 343.94 0.327604 0.0339612 1.17257
776.203 297.835 0.142683 -0.00809471 0.979052
749.001 222.511 0.215915 -0.0105222 1.11138
521.835 104.87 0.167169 0.0586481 1.10939
638.503 118.247 0.184875 0.0260729 1.13392
869.801 222.516 0.224543 -0.0557422 1.11988
635.779 271.297 0.417776 0.085547 1.37904
752.167 210.309 0.182282 -0.0089427 1.06555
856.993 183.874 0.200779 -0.0465589 1.10723
568.729 567.659 0.29806 0.0584086 1.03061
862.161 92.9639 0.169194 -0.0455234 1.1067
737.842 3.54614 0.15315 -0.0104425 1.14748
764.16 143.801 0.214581 -0.0210778 1.16969
550.061 330.644 0.251832 0.0662682 1.10123
885.906 82.3206 0.17899 -0.0603141 1.13686
692.271 6.09983 -0.205997 0.000687142 0.583714
862.531 292.673 0.0857039 -0.0109426 0.910266
530.607 291.615 0.0785976 0.0158691 0.904248
557.347 268.088 0.0817263 0.0145576 0.911026
530.479 232.382 0.211539 0.0654116 1.1068
522.522 237.908 0.208283 0.0659063 1.09858
772.514 111.088 0.181478 -0.0200039 1.12505
742.139 81.2601 0.171195 -0.0101377 1.12643
887.482 74.1186 0.169789 -0.0563606 1.12108
549.972 317.434 0.25852 0.0704323 1.11718
857.723 583.194 0.383077 -0.0548441 1.06225
939.171 418.364 0.312859 -0.0907071 1.09896
535.692 464.692 0.26677 0.0662529 1.05047
744.437 250.344 0.266686 -0.0116664 1.16846
860.753 324.998 0.25223 -0.0499012 1.09457
863.036 302.31 0.286434 -0.0657158 1.14858
744.511 115.589 0.196422 -0.0123276 1.1569
873.612 307.732 0.252205 -0.0566259 1.10388
766.318 206.119 0.205064 -0.0159947 1.1038
579.571 540.371 0.330597 0.0645714 1.06065
551.032 345.324 0.23539 0.0582771 1.07461
558.427 541.099 0.307675 0.0663371 1.04695
655.633 226.515 0.21296 0.0221416 1.10786
957.914 607.532 0.376667 -0.0944113 1.04638
540.38 555.719 0.279863 0.0633027 1.02457
866.643 610.965 0.346622 -0.0487506 1.03349
886.125 518.151 0.311457 -0.0563209 1.05158
744.509 203.372 0.332763 -0.0233796 1.33991
865.321 200.55 0.207427 -0.0499446 1.1073
634.488 120.779 0.187773 0.0281431 1.13863
788.464 618.592 0.357898 -0.0189286 1.03713
647.449 88.5376 0.16763 0.0202177 1.11675
955.514 82.7411 0.183769 -0.0873262 1.14419
745.879 87.7221 0.174173 -0.011417 1.12821
955.734 82.8699 0.115953 -0.0391609 0.99861
855.734 99.7227 0.179831 -0.0479511 1.12606
753.271 218.721 0.210151 -0.0116091 1.10456
596.88 608.368 0.367862 0.0627352 1.04988
952.588 102.802 0.19334 -0.0895185 1.14916
549.681 450.124 0.278366 0.0663699 1.06582
871.295 195.687 0.196051 -0.0477185 1.09149
679.592 250.949 0.257874 0.0183131 1.15811
911.997 611.613 0.508185 -0.11309 1.09551
767.228 332.155 0.297364 -0.0202808 1.14381
796.66 479.348 0.179317 -0.0109344 0.970857
802.064 331.352 0.128841 -0.00986637 0.954713
653.851 210.762 0.180006 0.0178206 1.06477
588.95 296.887 -0.124376 -0.000471716 0.662392
537.378 213.83 0.199293 0.058926 1.09835
874.327 216.504 0.220614 -0.0565151 1.11761
669.455 630.038 0.347756 0.0285376 1.0305
770.58 202.932 0.222424 -0.0203919 1.13461
871.782 81.9003 0.165042 -0.0476752 1.10467
873.348 311.409 0.247869 -0.0545319 1.09671
631.056 114.301 0.176543 0.0266481 1.11852
577.431 105.073 0.0935052 0.0168587 0.957726
630.32 105.188 0.17402 0.0266416 1.11982
500.735 344.161 0.185284 0.0530152 1.01996
527.257 111.057 0.180869 0.0648755 1.13673
672.344 632.203 0.352488 0.0278777 1.03169
548.321 341.789 0.237579 0.0603055 1.07892
515.417 96.7822 0.171141 0.0645875 1.12567
547.292 454.373 0.271125 0.0644527 1.0581
664.115 326.377 0.25347 0.0230926 1.10171
547.866 450.562 0.274687 0.0657375 1.06267
755.861 316.213 0.27318 -0.0136816 1.12759
