735.258 181.088 0.25042 -0.479585 4.91285
715.698 176.204 -0.0849267 -0.145001 5.6466
727.003 12.1429 -0.102809 -0.17172 3.23906
779.872 13.0578 0.285344 -0.0149256 0.902295
588.175 116.819 0.28213 0.0189219 0.855377
521.938 461.952 0.369348 0.0460091 0.868466
655.199 254.019 0.590591 0.0674845 1.33458
693.172 252.472 0.601255 0.0226867 1.353
626.439 166.536 0.300009 0.0153841 0.871831
583.254 106.971 0.279865 0.0193126 0.85413
614.557 108.699 0.0911473 0.00347749 0.55387
937.231 551.008 0.410533 -0.0513488 0.868027
716.383 60.8285 -0.0462679 0.00632523 0.407523
950.663 182.829 0.321571 -0.0507794 0.89609
925.344 133.321 0.303172 -0.0405488 0.883325
661.244 344.228 0.446235 0.024575 0.998951
933.435 388.425 0.595641 -0.163493 1.10355
799.488 9.4479 0.281788 -0.0176621 0.893497
558.83 73.8106 0.267655 0.0201662 0.839192
934.4 93.7116 0.287595 -0.0369877 0.867042
790.441 149.979 0.320087 -0.0184526 0.912964
775.892 302.256 0.329103 -0.0106484 0.867921
780.917 339.347 0.442214 -0.0267564 0.992446
504.454 176.525 0.320252 0.0464913 0.909209
759.154 185.777 0.321321 -0.0101505 0.899586
944.029 156.373 0.308331 -0.0446688 0.883393
487.862 139.21 0.299191 0.0417956 0.884366
480.375 27.4367 0.281875 0.0414055 0.895045
529.417 511.327 0.905307 0.281569 1.18828
597.12 171.134 0.0890516 0.00321575 0.552644
591.469 179.036 0.411287 0.0614934 1.09693
783.047 158.343 0.317167 -0.0157368 0.903497
484.578 219.238 0.331462 0.0535999 0.910219
910.266 437.579 0.380882 -0.0441407 0.87937
916.89 290.658 0.371416 -0.0560685 0.925335
918.132 595.644 0.411773 -0.0438879 0.856688
924.666 597.801 0.401176 -0.0424612 0.849227
912.292 0.145092 0.281652 -0.0385365 0.894183
480.461 484.111 0.346042 0.045787 0.841403
772.86 612.343 0.541949 -0.0168222 0.926974
508.018 457.561 0.351319 0.0433147 0.852739
914.511 434.542 0.367827 -0.0411539 0.867959
808.193 125.728 0.294016 -0.0167201 0.871171
897.856 638.277 0.493428 -0.055535 0.890026
788.596 629.304 0.367586 -0.00834405 0.82204
914.194 324.489 0.350161 -0.0431307 0.884436
931.942 119.434 0.298406 -0.0403913 0.879316
763.479 165.031 0.308642 -0.0099741 0.885078
656.565 189.66 0.314939 0.0114522 0.889298
496.18 340.372 0.337765 0.0459974 0.872475
621.265 160.024 0.297449 0.0159466 0.869545
785.978 156.862 0.311092 -0.0151529 0.892464
952.359 173.034 0.31278 -0.0471101 0.88463
956.426 308.288 0.314214 -0.0378327 0.843609
593.601 0.278301 0.277958 0.0198124 0.894216
594.339 139.459 0.292947 0.0200467 0.869001
514.9 86.8372 0.321005 0.0531741 0.965046
626.982 330.776 0.346949 0.0207627 0.884553
657.071 316.885 0.367162 0.0163712 0.915231
802.045 469.778 0.801453 -0.0925691 1.16862
957.789 468.287 0.358496 -0.0445683 0.849299
806.004 563.997 0.446591 -0.0222985 0.890767
726.195 12.4232 -0.104942 -0.167484 3.24555
