735.269 179.771 0.249554 -0.47925 4.9144
715.626 174.788 -0.0857926 -0.144665 5.64815
726.991 8.81599 -0.103675 -0.171384 3.2406
778.977 2.56918 0.284478 -0.0145899 0.903842
584.669 105.915 0.281264 0.0192576 0.856923
518.273 456.514 0.368482 0.0463448 0.870013
654.197 251.161 0.589725 0.0678202 1.33612
692.368 249.715 0.60039 0.0230224 1.35455
623.604 157.192 0.299143 0.0157198 0.873378
579.663 95.8306 0.279 0.0196484 0.855677
609.156 117.623 0.0902814 0.00381321 0.555417
937.026 546.88 0.409667 -0.0510131 0.869573
721.399 73.7938 -0.0471338 0.00666095 0.40907
951.286 174.968 0.320705 -0.0504436 0.897637
925.833 124.279 0.302306 -0.0402131 0.884872
659.586 339.928 0.445369 0.0249107 1.0005
933.256 385.684 0.594775 -0.163157 1.1051
554.671 61.2605 0.266789 0.020502 0.840739
935.085 83.4169 0.286729 -0.036652 0.868589
789.583 141.924 0.319221 -0.0181169 0.914511
774.622 294.985 0.328237 -0.0103127 0.869468
780.022 335.045 0.441348 -0.0264207 0.993993
500.688 168.369 0.319386 0.046827 0.910756
757.918 177.813 0.320455 -0.00981474 0.901133
944.665 147.708 0.307465 -0.0443331 0.884939
483.562 129.703 0.298325 0.0421313 0.885913
528.072 509.34 0.904441 0.281905 1.18982
591.174 180.042 0.0881857 0.00355147 0.55419
589.573 174.014 0.410421 0.0618291 1.09848
782.081 150.13 0.316302 -0.0154011 0.905044
480.68 211.688 0.330596 0.0539357 0.911766
910.063 432.482 0.380016 -0.043805 0.880916
916.968 284.895 0.37055 -0.0557328 0.926882
917.722 591.704 0.410907 -0.0435522 0.858234
924.321 593.729 0.40031 -0.0421254 0.850774
771.599 609.45 0.541084 -0.0164865 0.928521
503.962 451.627 0.350453 0.0436505 0.854285
914.366 429.131 0.366961 -0.0408182 0.869506
807.418 115.951 0.29315 -0.0163843 0.872718
897.167 635.208 0.492562 -0.0551993 0.891572
787.03 624.8 0.36672 -0.00800833 0.823586
914.228 318.164 0.349295 -0.042795 0.885983
932.531 110.04 0.29754 -0.0400556 0.880862
762.239 156.315 0.307776 -0.00963838 0.886625
654.22 181.309 0.314073 0.0117879 0.890845
492.111 333.456 0.336899 0.0463331 0.874022
618.345 150.482 0.296584 0.0162823 0.871091
785.006 148.295 0.310226 -0.0148172 0.894011
953.043 164.671 0.311914 -0.0467744 0.886177
956.998 300.424 0.313348 -0.037497 0.845155
800.349 637.117 0.362221 -0.00968564 0.81805
591.088 129.528 0.292081 0.0203825 0.870547
511.625 78.7439 0.320139 0.0535098 0.966593
624.356 324.218 0.346084 0.0210984 0.8861
654.948 310.928 0.366296 0.016707 0.916777
801.333 467.707 0.800588 -0.0922334 1.17016
958.002 462.804 0.35763 -0.0442325 0.850845
804.869 560.303 0.445725 -0.0219628 0.892313
585.996 371.283 0.0522883 0.0051898 0.512238
560.545 338.976 0.0685687 0.00389693 0.532734
937.001 305.249 0.328392 -0.0399934 0.863413
640.566 485.764 0.354088 0.0173497 0.84677
942.46 311.626 0.337894 -0.0445059 0.873359
653.481 468.04 0.379107 0.017481 0.873853
613.724 326.705 0.323382 0.0194299 0.856594
906.848 63.394 0.0814271 0.00798745 0.543863
866.754 356.149 0.0521714 0.00666064 0.512105
825.896 286.151 0.312942 -0.0170931 0.850611
874.285 370.177 0.072357 0.00725792 0.538512
631.879 413.551 0.0529293 0.00536881 0.51348
606.739 362.319 0.0539403 0.00519601 0.51431
597.672 353.534 0.0541688 0.00513354 0.514515
601.058 137.743 0.283477 0.0167502 0.850711
721.73 161.64 0.608006 -0.0776033 2.55229
922.684 297.786 0.354587 -0.0486491 0.900042
775.904 152.126 0.317715 -0.0142697 0.907048
778.105 136.155 0.288128 -0.00985339 0.856547
768.159 569.233 0.578113 -0.0197086 0.966871
878.766 297.773 0.399087 -0.055096 0.959678
521.851 600.819 0.413931 0.05336 0.864239
798.619 315.663 0.320039 -0.0128342 0.852243
601.166 329.622 0.310027 0.0192163 0.839084
726.178 9.09744 -0.105808 -0.167148 3.24709
