735.504 179.048 0.249364 -0.479114 4.91639
715.822 173.977 -0.0859828 -0.144529 5.65014
727.507 6.75842 -0.103865 -0.171248 3.24259
581.679 96.8271 0.281074 0.0193936 0.858911
514.363 453.254 0.368292 0.0464807 0.872
653.445 249.238 0.589535 0.0679561 1.33811
691.832 247.929 0.600199 0.0231583 1.35654
621.274 149.734 0.298953 0.0158557 0.875365
576.595 86.4878 0.278809 0.0197843 0.857664
604.384 137.532 0.0900913 0.00394915 0.557404
937.389 545.718 0.409477 -0.0508771 0.871561
711.222 4.15874 -0.0253023 0.00717747 0.435891
725.548 79.2645 -0.0473239 0.0067969 0.411057
952.988 169.405 0.320515 -0.0503077 0.899624
927.468 117.484 0.302116 -0.0400772 0.886859
658.108 337.233 0.445179 0.0250467 1.00248
933.501 384.672 0.594585 -0.163021 1.10708
551.034 50.4591 0.266599 0.0206379 0.842726
937.057 75.3862 0.286539 -0.036516 0.870576
789.517 135.828 0.319031 -0.017981 0.916498
773.95 290.044 0.328047 -0.0101768 0.871455
779.497 332.548 0.441158 -0.0262848 0.99598
497.183 161.782 0.319196 0.046963 0.912743
757.382 171.848 0.320265 -0.00967879 0.90312
946.45 141.349 0.307275 -0.0441971 0.886927
526.332 508.339 0.904251 0.282041 1.19181
585.721 200.466 0.0879956 0.00368742 0.556177
588.059 170.201 0.410231 0.0619651 1.10047
781.897 143.907 0.316111 -0.0152652 0.907031
910.511 430.05 0.379826 -0.043669 0.882903
917.819 281.369 0.37036 -0.0555969 0.928869
917.798 590.872 0.410717 -0.0434163 0.860221
924.499 592.851 0.40012 -0.0419895 0.852761
770.316 608.93 0.540893 -0.0163505 0.930508
499.634 447.965 0.350263 0.0437864 0.856273
914.919 426.467 0.366771 -0.0406823 0.871493
807.596 108.279 0.29296 -0.0162484 0.874705
896.76 635 0.492372 -0.0550634 0.89356
785.652 623.635 0.36653 -0.00787239 0.825573
915.081 314.317 0.349105 -0.0426591 0.88797
934.316 102.899 0.29735 -0.0399197 0.88285
761.766 149.637 0.307586 -0.00950244 0.888612
652.387 174.848 0.313883 0.0119239 0.892832
487.966 328.473 0.336708 0.0464691 0.876009
615.931 142.819 0.296393 0.0164183 0.873079
784.845 141.761 0.310036 -0.0146813 0.895998
954.863 158.642 0.311724 -0.0466385 0.888164
958.666 295.331 0.313158 -0.037361 0.847143
799.095 636.063 0.362031 -0.0095497 0.820037
588.324 121.407 0.291891 0.0205184 0.872535
508.817 72.011 0.319949 0.0536457 0.96858
621.94 319.708 0.345893 0.0212344 0.888087
653.098 306.889 0.366106 0.0168429 0.918764
800.708 467.061 0.800397 -0.0920975 1.17215
959.032 460.338 0.35744 -0.0440966 0.852832
803.918 559.213 0.445535 -0.0218269 0.8943
549.363 424.789 0.0520982 0.00532574 0.514225
546.963 365.447 0.0683786 0.00403288 0.534722
938.271 300.73 0.328201 -0.0398575 0.865401
637.796 482.766 0.353898 0.0174856 0.848758
943.712 307.473 0.337704 -0.04437 0.875346
651.126 465.322 0.378917 0.0176169 0.87584
610.893 321.489 0.323192 0.0195658 0.858581
905.607 82.0789 0.0812369 0.00812339 0.54585
860.525 409.197 0.0519813 0.00679658 0.514092
825.874 280.656 0.312752 -0.0169571 0.852598
871.513 396.488 0.0721669 0.00739387 0.540499
602.58 468.104 0.0527391 0.00550476 0.515467
577.256 409.146 0.0537501 0.00533196 0.516297
567.867 398.987 0.0539786 0.00526948 0.516502
598.193 129.031 0.283287 0.0168861 0.852698
721.833 160.484 0.607816 -0.0774674 2.55428
923.64 293.967 0.354397 -0.0485132 0.902029
775.646 145.966 0.317525 -0.0141337 0.909035
777.815 128.15 0.287938 -0.00971745 0.858534
766.998 568.563 0.577922 -0.0195727 0.968859
879.158 294.766 0.398897 -0.05496 0.961665
517.903 599.268 0.413741 0.053496 0.866227
798.168 310.627 0.319849 -0.0126983 0.85423
597.948 323.882 0.309837 0.0193523 0.841071
726.69 7.03972 -0.105998 -0.167012 3.24908
