653.106 315.585 0.264037 0.027074 1.11673
541.475 88.2563 0.175511 0.0535536 1.12579
885.222 52.1001 0.17248 -0.0554613 1.1314
859.767 80.759 0.186169 -0.0508041 1.14288
772.082 173.058 0.204632 -0.0186727 1.11636
754.66 195.602 0.212851 -0.0128587 1.1164
649.645 64.362 0.174646 0.0197493 1.13807
764.044 251.904 0.152496 -0.00770613 1.00274
514.373 179.212 0.0752827 0.0151866 0.913559
591.934 102.381 0.132946 0.0224162 1.02504
625.187 85.9164 0.176867 0.0273028 1.12717
868.018 511.071 0.323642 -0.0524875 1.06404
690.919 204.35 -0.310027 0.003353 0.484338
764.728 82.3247 0.184198 -0.0182045 1.14134
957.1 281.522 0.259234 -0.0918339 1.12213
938.804 88.6977 0.135131 -0.0421599 1.02709
626.921 106.338 0.194388 0.0307394 1.15182
490.304 40.9823 0.160037 0.0659527 1.12585
513.767 67.9495 0.171372 0.062771 1.13306
925.044 431.128 0.238394 -0.0535116 1.03274
893.488 199.888 0.218792 -0.0609762 1.11852
662.921 327.95 0.336075 0.0337426 1.18997
779.189 258.499 0.140231 -0.00898333 0.984756
749.995 196.443 0.214178 -0.0113822 1.11822
515.284 69.9279 0.165541 0.057883 1.11638
636.283 87.1845 0.1831 0.0252979 1.14074
874.958 197.457 0.22188 -0.0564154 1.12573
634.522 258.249 0.41832 0.084893 1.38918
748.928 203.977 0.21547 -0.0108298 1.11554
866.491 150.688 0.19293 -0.0468081 1.10633
561.282 550.753 0.295864 0.0575319 1.03684
888.103 20.8768 0.145221 -0.0439246 1.08394
767.883 112.292 0.207642 -0.0219643 1.16999
544.412 307.526 0.250241 0.0653543 1.10828
892.091 50.5447 0.176685 -0.0607279 1.14332
712.476 70.9757 -0.209419 -0.000183942 0.58703
875.482 229.32 0.0832933 -0.011823 0.915707
515.462 225.034 0.0754469 0.0147037 0.90822
542.582 200.09 0.0791778 0.0137711 0.916178
527.502 206.369 0.213277 0.0649952 1.1181
514.829 209.156 0.205865 0.0650212 1.10455
775.527 79.3832 0.179232 -0.0208607 1.13126
744.115 48.0889 0.169266 -0.0109737 1.13301
894.098 41.8237 0.168269 -0.0571032 1.1284
530.028 291.727 0.23954 0.0675349 1.1044
856.916 568.527 0.384204 -0.0561244 1.07156
936.307 400.678 0.319423 -0.0927146 1.11407
508.604 454.466 0.24497 0.0632875 1.037
860.221 305.204 0.257475 -0.0514804 1.10894
747.226 79.8857 0.188981 -0.0131433 1.1562
878.418 288.301 0.248386 -0.056799 1.10716
767.307 179.383 0.20423 -0.0167053 1.11175
572.877 524.537 0.328705 0.0638879 1.06715
551.787 321.601 0.242826 0.0584598 1.09152
554.215 520.668 0.310065 0.0659369 1.05752
655.854 202.179 0.217027 0.0213795 1.12251
658.311 620.891 0.324165 0.0275738 1.02538
525.97 543.408 0.271071 0.0617705 1.02464
865.985 595.274 0.347175 -0.0498627 1.04235
900.214 518.338 0.291205 -0.0548757 1.04023
745.355 187.718 0.330745 -0.0241765 1.34585
939.446 635.419 0.426945 -0.0982206 1.0571
873.333 170.203 0.200975 -0.0501084 1.10826
631.067 86.1367 0.183045 0.0271273 1.14174
785.312 597.421 0.364582 -0.0201879 1.05101
646.367 55.4414 0.166811 0.0193814 1.12507
747.818 66.2732 0.18051 -0.0128603 1.14677
862.503 63.8453 0.174298 -0.047768 1.12761
758.557 181.722 0.192481 -0.0123623 1.09067
578.439 617.013 0.342711 0.0601288 1.0367
542.214 430.632 0.275999 0.0655007 1.07182
872.652 172.209 0.200881 -0.0496144 1.10689
677.993 228.578 0.255245 0.0174709 1.16399
916.927 608.152 0.497329 -0.113113 1.09579
769.321 312.362 0.286557 -0.0208971 1.14123
809.338 290.953 0.125944 -0.010973 0.959383
651.192 178.319 0.177614 0.0169445 1.07056
566.929 633.678 0.331597 0.0607962 1.02572
527.991 181.977 0.194607 0.0577899 1.10148
877.423 194.244 0.222408 -0.0579704 1.12867
664.307 617.809 0.344009 0.0276802 1.0356
771.506 180.491 0.224719 -0.0214568 1.1467
872.737 59.8998 0.171147 -0.0496607 1.12245
878.575 289.557 0.244584 -0.0552862 1.1018
627.527 80.984 0.173834 0.0259404 1.12357
664.639 632.604 0.330564 0.0259377 1.02416
850.185 2.53914 0.180232 -0.0593625 1.2105
519.117 76.1639 0.177187 0.0638587 1.14099
667.514 619.495 0.349349 0.027011 1.03733
508.454 62.3216 0.169175 0.0637978 1.13222
784.957 624.015 0.338646 -0.0169448 1.029
540.329 433.972 0.269482 0.0636101 1.06488
656.793 302.51 0.237139 0.0219063 1.09193
538.974 431.216 0.270628 0.0646862 1.06708
914.353 638.191 0.335635 -0.0612194 1.02081
756.186 297.02 0.270518 -0.0144302 1.13276
873.602 370.765 -0.116476 0.00164146 0.678951
887.513 182.951 0.198726 -0.0518709 1.0964
760.514 66.104 0.170739 -0.0152956 1.1216
765.585 65.7976 0.171459 -0.0169888 1.12339
640.368 314.589 0.240222 0.0276781 1.08976
872.024 301.227 0.239652 -0.0500681 1.08986
540.943 423.833 0.257188 0.0598178 1.05865
674.145 242.692 0.334363 0.0302521 1.27538
541.42 420.072 0.251151 0.0578313 1.05488
899.1 398.351 0.229747 -0.0464039 1.0373
908.077 592.019 0.518541 -0.117374 1.11291
637.741 414.428 0.234735 0.0252661 1.04061
859.107 306.262 0.265123 -0.0534582 1.11727
635.639 47.1515 0.159131 0.0210651 1.11182
