655.565 308.639 0.264077 0.0261127 1.11808
543.43 77.9636 0.175551 0.0525922 1.12715
890.517 41.5145 0.172521 -0.0564227 1.13275
864.564 71.0069 0.186209 -0.0517655 1.14423
775.96 164.012 0.204672 -0.019634 1.11771
758.302 186.914 0.212892 -0.01382 1.11776
652.52 54.1023 0.174686 0.018788 1.13942
769.248 238.749 0.152536 -0.00866748 1.0041
518.566 150.387 0.0753228 0.0142253 0.914913
595.172 87.5579 0.132987 0.0214548 1.02639
627.87 75.6695 0.176907 0.0263414 1.12852
871.889 505.73 0.323683 -0.0534489 1.06539
687.443 204.367 -0.309987 0.00239164 0.485691
768.6 72.5131 0.184238 -0.0191658 1.1427
946.317 73.9728 0.135171 -0.0431212 1.02844
629.422 97.1458 0.194428 0.0297781 1.15317
491.875 29.8737 0.160077 0.0649914 1.12721
515.479 57.5386 0.171412 0.0618096 1.13441
930.486 423.429 0.238434 -0.054473 1.0341
898.392 191.445 0.218832 -0.0619375 1.11987
664.976 322.708 0.336115 0.0327813 1.19133
785.003 243.978 0.140272 -0.00994468 0.98611
753.575 187.819 0.214219 -0.0123436 1.11957
517.084 58.9966 0.165581 0.0569217 1.11773
638.971 77.3782 0.18314 0.0243366 1.14209
879.611 189.169 0.22192 -0.0573768 1.12709
635.943 254.371 0.41836 0.0839316 1.39054
752.501 195.393 0.21551 -0.0117912 1.11689
871.487 141.001 0.19297 -0.0477694 1.10768
563.176 544.479 0.295904 0.0565705 1.03819
894.177 7.90997 0.145261 -0.0448859 1.08529
771.46 103.719 0.207682 -0.0229256 1.17134
546.171 300.105 0.250281 0.0643929 1.10963
897.336 40.2958 0.176725 -0.0616893 1.14467
705.161 62.3518 -0.209379 -0.00114529 0.588383
886.228 203.175 0.0833334 -0.0127844 0.91706
519.763 196.163 0.075487 0.0137423 0.909573
547.158 172.715 0.0792179 0.0128097 0.917531
529.229 197.716 0.213317 0.0640339 1.11945
516.518 200.109 0.205905 0.0640599 1.1059
779.604 69.2244 0.179272 -0.0218221 1.13261
747.964 37.4306 0.169306 -0.0119351 1.13436
899.564 30.9618 0.168309 -0.0580646 1.12975
531.728 283.947 0.23958 0.0665735 1.10575
860.237 564.167 0.384244 -0.0570857 1.07291
940.635 395.248 0.319463 -0.093676 1.11543
510.301 446.688 0.24501 0.0623261 1.03835
864.456 298.128 0.257515 -0.0524418 1.11029
750.82 70.4374 0.189021 -0.0141047 1.15755
882.916 280.931 0.248426 -0.0577604 1.10851
771.165 170.292 0.20427 -0.0176667 1.11311
574.673 518.926 0.328745 0.0629265 1.0685
553.666 313.889 0.242866 0.0574985 1.09287
561.552 636.984 0.34389 0.065169 1.02951
555.974 514.679 0.310105 0.0649755 1.05888
658.574 193.697 0.217067 0.0204182 1.12387
660.751 615.366 0.324205 0.0266124 1.02673
527.739 536.477 0.271111 0.0608092 1.02599
869.707 590.432 0.347216 -0.050824 1.04371
904.743 512.345 0.291246 -0.0558371 1.04158
747.657 182.786 0.330785 -0.0251378 1.34721
572.193 635.528 0.313067 0.0537693 1.01595
943.08 631.733 0.426985 -0.099182 1.05845
878.292 160.923 0.201015 -0.0510697 1.10962
633.706 76.34 0.183085 0.026166 1.14309
788.31 592.71 0.364622 -0.0211493 1.05236
649.323 44.6156 0.166851 0.0184201 1.12643
751.533 56.3401 0.18055 -0.0138217 1.14812
867.554 53.3385 0.174338 -0.0487293 1.12896
762.55 171.934 0.192521 -0.0133236 1.09202
580.285 611.661 0.342751 0.0591674 1.03805
543.966 423.849 0.276039 0.0645394 1.07317
877.613 162.917 0.200922 -0.0505757 1.10824
680.544 221.553 0.255285 0.0165096 1.16535
919.949 604.977 0.497369 -0.114074 1.09715
772.458 306.105 0.286597 -0.0218585 1.14258
816.248 274.486 0.125984 -0.0119344 0.960737
678.964 639.577 0.337599 0.0213676 1.02417
654.374 167.568 0.177655 0.0159832 1.07191
568.764 628.14 0.331637 0.0598349 1.02707
529.834 172.4 0.194647 0.0568286 1.10283
882.08 185.989 0.222448 -0.0589318 1.13003
666.664 612.617 0.344049 0.0267189 1.03695
775.077 172.418 0.22476 -0.0224181 1.14805
877.97 49.1588 0.171187 -0.050622 1.1238
883.136 282.047 0.244624 -0.0562475 1.10316
630.265 70.5381 0.173874 0.024979 1.12492
520.83 66.1325 0.177227 0.0628974 1.14234
669.862 614.39 0.349389 0.0260497 1.03869
510.131 51.7885 0.169215 0.0628365 1.13357
788.178 618.942 0.338686 -0.0179061 1.03035
542.105 427.004 0.269522 0.0626488 1.06623
659.509 294.645 0.237179 0.020945 1.09328
540.732 424.281 0.270668 0.0637249 1.06844
918.621 633.301 0.335675 -0.0621807 1.02216
759.349 290.332 0.270558 -0.0153916 1.13411
884.687 481.987 -0.116436 0.000680105 0.680305
892.715 173.496 0.198766 -0.0528323 1.09776
764.576 55.3962 0.170779 -0.016257 1.12295
769.681 55.1465 0.171499 -0.0179501 1.12474
642.941 306.82 0.240262 0.0267168 1.09111
876.629 293.518 0.239692 -0.0510295 1.09122
542.78 416.498 0.257228 0.0588565 1.06
676.114 237.63 0.334403 0.0292908 1.27673
486.536 626.693 0.0760125 0.0129459 0.873561
543.292 412.542 0.251192 0.0568699 1.05623
904.369 390.257 0.229787 -0.0473653 1.03866
910.928 588.963 0.518581 -0.118335 1.11427
640.503 406.371 0.234775 0.0243047 1.04196
863.231 299.43 0.265163 -0.0544195 1.11862
638.61 35.7123 0.159171 0.0201038 1.11317
489.611 10.4072 0.134336 0.0483313 1.06899
933.15 119.691 -0.0794143 0.0027342 0.715728
538.273 607.478 -0.126562 -0.0019746 0.668966
889.425 228.475 0.345779 -0.123218 1.2923
520.789 193.102 0.202947 0.0618625 1.10504
867.864 289.207 0.28081 -0.0632394 1.14383
880.331 67.3335 0.183031 -0.0556018 1.13874
523.31 433.464 0.253068 0.0623507 1.04989
666.193 209.999 0.241809 0.0210344 1.15318
889.194 404.142 0.256478 -0.0500865 1.05766
642.484 182.172 0.210357 0.0250775 1.12058
627.436 314.207 0.449495 0.0905962 1.33488
858.105 391.751 0.339363 -0.0642601 1.13702
743.984 448.072 1.19447 -0.0508531 1.55092
649.512 312.82 0.251224 0.0261619 1.10071
521.621 64.5274 0.174653 0.0610275 1.13684
