656.944 305.23 0.264058 0.0264872 1.11992
543.745 72.2269 0.175497 0.0529546 1.12883
894.026 34.8544 0.172466 -0.0560603 1.13443
867.67 64.9749 0.186155 -0.0514031 1.14592
778.428 158.891 0.204618 -0.0192716 1.11939
760.594 182.109 0.212837 -0.0134576 1.11944
653.738 48.0947 0.174632 0.0191504 1.1411
773.313 231.93 0.152482 -0.00830505 1.00578
522.108 135.314 0.0752686 0.0145877 0.916595
596.852 79.2868 0.132932 0.0218173 1.02807
628.938 69.7985 0.176853 0.0267038 1.1302
875.224 503.699 0.323628 -0.0530865 1.06708
688.795 205.777 -0.310041 0.00275407 0.487374
770.842 66.6234 0.184184 -0.0188034 1.14438
952.228 65.041 0.135116 -0.0427588 1.03013
630.368 91.9425 0.194373 0.0301405 1.15485
491.677 23.5702 0.160023 0.0653538 1.12889
515.496 51.7014 0.171358 0.0621721 1.13609
935.164 419.93 0.23838 -0.0541105 1.03578
901.901 186.531 0.218778 -0.0615751 1.12155
666.056 320.321 0.336061 0.0331437 1.19301
789.757 236.487 0.140217 -0.00958226 0.987792
755.809 183.061 0.214164 -0.0119812 1.12125
517.566 53.2264 0.165684 0.05723 1.11954
640.056 71.7398 0.183086 0.024699 1.14377
882.875 184.361 0.221866 -0.0570143 1.12877
636.373 252.489 0.418306 0.0842941 1.39222
754.744 190.688 0.215456 -0.0114288 1.11857
874.975 135.269 0.192916 -0.047407 1.10936
564.389 542.861 0.29585 0.056933 1.03988
773.493 98.6296 0.207628 -0.0225632 1.17303
547.1 296.819 0.250355 0.064679 1.11146
900.781 33.8121 0.176671 -0.0613269 1.14635
711.555 64.0898 -0.209433 -0.000782867 0.590066
896.679 189.325 0.0832792 -0.0124219 0.918743
528.794 176.273 0.0760275 0.0139298 0.912674
551.09 158.568 0.0791637 0.0131721 0.919214
529.549 193.395 0.213263 0.0643963 1.12113
516.79 195.619 0.205851 0.0644223 1.10758
782.037 63.1074 0.179218 -0.0214597 1.13429
750.103 30.9643 0.169252 -0.0115726 1.13605
903.209 24.0879 0.168255 -0.0577022 1.13143
532.195 280.443 0.239526 0.0669359 1.10743
876.785 583.673 0.35798 -0.0546895 1.05262
944.114 392.551 0.319409 -0.0933136 1.11711
511.05 444.053 0.244956 0.0626885 1.04003
867.602 294.409 0.257461 -0.0520794 1.11197
752.789 64.7757 0.188967 -0.0137422 1.15923
886.269 276.962 0.248372 -0.0573979 1.11019
773.819 165.586 0.204224 -0.0173434 1.11454
575.764 517.386 0.328691 0.063289 1.07018
554.39 310.516 0.242811 0.0578609 1.09455
562.812 636.154 0.343836 0.0655315 1.03119
559.918 509.375 0.314534 0.0658448 1.06495
659.954 189.211 0.217013 0.0207806 1.12555
662.785 614.211 0.324151 0.0269748 1.02841
528.759 534.647 0.271057 0.0611716 1.02767
873.118 588.998 0.347161 -0.0504616 1.04539
908.744 510.051 0.291191 -0.0554746 1.04326
748.747 179.97 0.330731 -0.0247754 1.34889
573.652 634.54 0.313013 0.0541317 1.01763
946.554 630.702 0.426931 -0.0988196 1.06014
881.791 155.48 0.200961 -0.0507073 1.1113
634.738 70.7123 0.183031 0.0265284 1.14478
790.978 591.463 0.364567 -0.0207868 1.05404
650.597 38.2556 0.166797 0.0187825 1.12811
753.585 50.3513 0.180496 -0.0134592 1.14981
870.87 46.8085 0.174284 -0.0483669 1.13065
765.154 166.481 0.192467 -0.0129612 1.09371
581.617 610.666 0.342697 0.0595299 1.03973
544.774 421.441 0.275985 0.0649018 1.07485
881.119 157.477 0.200867 -0.0502133 1.10992
681.853 217.888 0.255231 0.016872 1.16703
922.784 603.996 0.497315 -0.113712 1.09883
774.561 302.978 0.286543 -0.0214961 1.14426
822.316 266.207 0.12593 -0.011572 0.962419
681.132 638.603 0.337545 0.02173 1.02586
656.147 161.788 0.1776 0.0163456 1.07359
570.098 627.202 0.331583 0.0601973 1.02875
530.214 167.486 0.194593 0.057191 1.10451
885.339 181.181 0.222394 -0.0585693 1.13171
668.623 611.532 0.343995 0.0270813 1.03864
777.268 167.848 0.224705 -0.0220557 1.14973
881.451 42.4611 0.171133 -0.0502596 1.12549
886.555 278.015 0.24457 -0.0558851 1.10484
631.377 64.5311 0.173819 0.0253414 1.12661
521.075 60.1463 0.176949 0.0630897 1.14375
670.81 622.23 0.340903 0.0258481 1.03327
510.098 45.8687 0.169161 0.0631989 1.13525
789.384 610.552 0.345548 -0.0177481 1.03783
542.938 424.538 0.269468 0.0630112 1.06792
661.105 290.913 0.237124 0.0213074 1.09497
541.54 421.818 0.270614 0.0640873 1.07012
922.693 632.005 0.335621 -0.0618183 1.02384
761.431 286.96 0.270504 -0.0150291 1.13579
851.936 535.194 -0.11649 0.00104253 0.681987
896.485 167.987 0.198712 -0.0524699 1.09944
766.215 55.6473 0.175304 -0.0161851 1.13112
772.103 48.7146 0.171445 -0.0175877 1.12643
644.412 303.221 0.240208 0.0270792 1.0928
881.602 289.165 0.237805 -0.0505182 1.0908
543.651 413.824 0.257174 0.0592189 1.06168
678.474 237.855 0.343599 0.0299171 1.28972
491.932 618.416 0.0759584 0.0133084 0.875243
544.189 409.764 0.251137 0.0572323 1.05792
908.791 386.452 0.229732 -0.0470029 1.04034
913.566 587.964 0.518527 -0.117973 1.11595
642.373 403.157 0.234721 0.0246672 1.04364
866.174 295.11 0.266136 -0.0544637 1.12197
639.877 28.9871 0.159116 0.0204662 1.11485
489.655 2.44967 0.134282 0.0486938 1.07068
834.255 21.2922 -0.122717 0.000682945 0.669424
907.83 151.163 -0.0794685 0.00309663 0.71741
890.549 226.951 0.348915 -0.123784 1.2974
523.624 189.985 0.2056 0.0626922 1.11037
880.435 283.655 0.263677 -0.0604255 1.12548
883.645 61.1403 0.182977 -0.0552394 1.14042
524.09 430.85 0.253014 0.0627132 1.05157
667.457 206.086 0.241755 0.0213968 1.15486
877.89 395.578 0.27852 -0.0519035 1.0815
643.579 176.853 0.209467 0.0253465 1.12123
617.834 312.249 0.404526 0.0839947 1.28384
874.739 396.509 0.309182 -0.0599034 1.10795
744.633 447.474 1.19441 -0.0504907 1.5526
650.965 309.422 0.25117 0.0265243 1.10239
520.114 58.5833 0.174721 0.0620372 1.13913
