658.439 302.4 0.264077 0.0288158 1.1215
544.643 66.6924 0.1754 0.0553165 1.13023
897.965 29.5862 0.17265 -0.053748 1.13627
871.406 59.9504 0.186207 -0.0491487 1.14759
781.474 154.815 0.204836 -0.0169741 1.12114
763.196 178.361 0.213296 -0.0111133 1.12154
655.963 42.71 0.174688 0.0214229 1.14273
780.379 225.066 0.152745 -0.00612035 1.00796
537.292 120.321 0.0753959 0.0168755 0.918459
602.1 69.1807 0.13302 0.0240629 1.03076
630.702 64.2886 0.17708 0.0291478 1.13244
877.478 501.022 0.325374 -0.0510288 1.07025
703.155 205.924 -0.310692 0.00511371 0.488503
941.065 405.312 0.21082 -0.0432363 1.01699
773.474 61.9943 0.184495 -0.0164332 1.14634
632.141 87.3292 0.194509 0.0323978 1.1566
492.799 17.626 0.160117 0.0676313 1.13058
516.598 46.16 0.171413 0.0644443 1.13774
942.438 417.47 0.236691 -0.0517116 1.03576
909.496 179.36 0.214755 -0.0588327 1.1183
669.381 319.012 0.350328 0.0360959 1.21013
798.592 228.246 0.141452 -0.00759998 0.991434
758.798 179.512 0.214554 -0.00976825 1.12311
518.691 47.4137 0.165703 0.0595586 1.12112
641.907 66.9096 0.183136 0.0270049 1.14519
887.093 179.639 0.220975 -0.0546143 1.12933
635.115 251.084 0.414432 0.0861295 1.38693
757.591 186.958 0.216 -0.00919253 1.12083
879.058 130.647 0.193133 -0.0451596 1.11124
563.305 543.886 0.292281 0.0589538 1.03846
869.622 62.2881 0.184174 -0.0470179 1.14068
775.682 95.7681 0.208948 -0.020367 1.17633
547.886 293.792 0.250374 0.0670076 1.11304
904.844 30.7609 0.177865 -0.0594755 1.14917
742.184 89.7584 -0.219074 0.0019707 0.58204
916.045 175.299 0.0835262 -0.0101558 0.920859
543.53 162.782 0.0760466 0.0162584 0.914255
570.82 146.134 0.0794472 0.0151168 0.921063
531.327 189.987 0.213971 0.0666782 1.12344
516.133 190.058 0.204106 0.0664393 1.10701
785.089 59.1433 0.180152 -0.0192462 1.13715
753.274 25.413 0.169316 -0.00930265 1.13767
907.114 19.3135 0.168814 -0.0554938 1.13379
533.465 277.287 0.23981 0.069199 1.10929
879.582 582.649 0.357999 -0.0523608 1.0542
938.049 387.463 0.330656 -0.0929017 1.13045
503.617 445.898 0.236308 0.0639212 1.03302
871.188 291.559 0.257385 -0.0498564 1.11334
755.58 58.9777 0.188315 -0.0114504 1.15984
889.896 273.48 0.248484 -0.0552213 1.11205
776.864 161.216 0.204243 -0.0150148 1.11612
576.935 516.07 0.328785 0.0655157 1.07183
554.226 307.323 0.240938 0.0599017 1.09395
562.637 638.509 0.341125 0.0674245 1.03058
932.512 456.035 0.422167 -0.117682 1.15531
560.784 507.999 0.314553 0.0681734 1.06653
662.462 185.471 0.217118 0.022891 1.12708
677.311 553.483 0.392751 0.0319825 1.08831
550.296 513.109 0.295439 0.0658253 1.05208
877.842 589.772 0.344253 -0.0479966 1.04484
911.023 505.727 0.293728 -0.0535952 1.04745
749.017 177.62 0.32685 -0.0214864 1.34196
575.802 633.028 0.313611 0.0564075 1.01974
952.849 634.464 0.422159 -0.0960055 1.05796
885.303 150.009 0.201271 -0.0485047 1.11404
636.78 65.7317 0.183154 0.0287775 1.14649
790.116 577.37 0.379849 -0.0192498 1.06849
653.027 31.688 0.166461 0.0210103 1.12936
758.155 37.5707 0.175648 -0.0112776 1.14463
881.858 30.4576 0.167407 -0.0454926 1.12238
769.358 161.534 0.192 -0.0107902 1.09456
582.608 611.407 0.341413 0.0615086 1.04016
545.494 419.577 0.275468 0.0670944 1.07585
886.303 151.858 0.199738 -0.0478335 1.1101
664.039 165.331 0.182063 0.0178946 1.07839
925.386 603.937 0.496228 -0.111445 1.09964
777.254 299.727 0.28336 -0.0190689 1.14243
834.91 259.25 0.125226 -0.00939232 0.963029
659.745 157.666 0.178757 0.0186657 1.07663
571.752 626.278 0.331828 0.0624211 1.03053
536.83 167.326 0.199815 0.060012 1.11266
888.302 177.825 0.223268 -0.0564215 1.13439
670.282 619.098 0.336423 0.0285882 1.03369
779.516 165.094 0.22618 -0.0198686 1.15314
885.849 36.6362 0.171018 -0.0479422 1.12691
892.354 273.816 0.241814 -0.0533201 1.10338
633.648 59.1624 0.173908 0.0276077 1.12827
911.916 633.172 0.334499 -0.0541715 1.02444
521.858 54.7995 0.176968 0.0654184 1.14533
511.279 40.3802 0.16927 0.0654581 1.13693
791.912 609.691 0.345567 -0.0154195 1.03941
543.511 418.934 0.271387 0.0663948 1.07264
921.147 625.064 0.341539 -0.0598295 1.03013
763.909 283.924 0.269449 -0.0127593 1.13614
769.331 50.2387 0.175323 -0.0138565 1.1327
775.585 42.9253 0.171356 -0.0153072 1.12789
645.801 299.539 0.237964 0.0291979 1.09191
885.362 285.844 0.237824 -0.0481896 1.09238
543.49 411.848 0.254881 0.0611647 1.06105
678.856 235.647 0.343618 0.0322457 1.2913
512.626 606.583 0.0753531 0.0155694 0.876595
559.887 402.873 0.269345 0.0611892 1.07761
913.911 382.949 0.22981 -0.044773 1.04213
915.7 587.806 0.517663 -0.115669 1.11685
645.242 400.16 0.236487 0.0271692 1.04691
869.11 292.229 0.266155 -0.052135 1.12355
642.695 23.0959 0.159373 0.0227356 1.11691
798.307 216.141 -0.0794053 0.00546023 0.719821
891.941 224.779 0.348934 -0.121456 1.29898
524.553 185.727 0.205619 0.0650208 1.11195
883.452 280.705 0.263696 -0.0580968 1.12706
886.317 57.3189 0.184023 -0.0529911 1.14358
524.34 427.843 0.251737 0.0648986 1.05231
665.177 192.859 0.223628 0.0227451 1.13311
881.228 393.206 0.278539 -0.0495749 1.08308
645.413 172.647 0.209486 0.0276752 1.12281
617.757 310.579 0.404545 0.0863233 1.28542
877.45 394.419 0.309201 -0.0575748 1.10953
744.69 446.497 1.20715 -0.050192 1.56015
652.118 306.532 0.246392 0.0282952 1.09825
520.954 53.1494 0.17474 0.0643658 1.14071
