673.216 574.399 0.314506 0.0351747 0.96735
793.475 483.075 0.227334 -0.109297 1.00589
833.303 160.935 -0.147214 -0.139346 0.969333
547.008 626.779 0.31335 0.148594 0.894181
585.644 273.263 -0.0182538 0.0827421 0.807892
899.432 176.849 -0.138589 -0.223882 0.995311
551.545 341.166 0.0327765 0.114605 0.826853
836.777 595.169 0.378268 -0.168791 1.01426
780.532 421.413 0.15389 -0.0943148 1.01625
830.491 44.3704 -0.236889 -0.119244 0.91665
724.142 36.1815 -0.271829 -0.0204726 0.962276
859.222 265.607 -0.037746 -0.181868 1.00031
834.139 201.215 -0.118409 -0.158671 1.02491
909.531 59.279 -0.233289 -0.202024 0.934107
794.514 483.556 0.223179 -0.108478 0.996666
722.667 393.722 0.105875 -0.0204454 0.965112
853.031 577.322 0.302163 -0.162527 0.946686
913.117 340.021 0.0538316 -0.267483 1.03503
838.697 352.609 0.0587889 -0.145232 0.95662
552.679 205.195 -0.110496 0.184879 1.01666
551.305 145.639 -0.138459 0.139385 0.902781
573.925 269.354 -0.0301193 0.142526 0.967455
585.147 213.971 -0.10228 0.149008 1.02604
490.199 336.128 0.0371758 0.203916 0.909995
491.405 303.418 0.00959868 0.340413 1.13714
669.171 593.555 0.293813 0.0335783 0.912089
660.159 512.666 0.207667 0.0413553 0.905653
639.783 586.013 0.307541 0.0682253 0.940646
580.775 359.543 0.0676412 0.134477 0.961123
887.429 114.107 -0.215103 -0.214377 1.00925
884.011 169.864 -0.138502 -0.195276 0.971053
775.163 175.304 -0.122537 -0.0717713 0.938245
688.131 193.643 -0.0830992 0.0107825 0.847226
712.37 197.712 -0.121531 -0.00840943 1.02251
805.652 175.639 -0.103317 -0.0875903 0.869786
815.718 77.6033 -0.216332 -0.11043 0.935599
708.966 159.903 -0.129518 -0.00529692 0.913577
724.254 42.9036 -0.276313 -0.0211008 0.980388
929.414 161.815 -0.161732 -0.267693 1.01266
930.641 230.729 -0.0654965 -0.221931 0.922525
877.408 258.498 -0.0378901 -0.167731 0.915501
722.479 384.37 0.117027 -0.0225683 1.05604
928.416 480.308 0.242469 -0.298402 1.04234
914.206 339.123 0.052129 -0.266121 1.03019
870.369 442.61 0.173971 -0.200169 0.999626
496.16 110.966 -0.14951 0.165671 0.854134
557.719 208.898 -0.111972 0.189203 1.04115
619.989 157.701 -0.144652 0.0878706 0.954099
571.175 267.814 -0.0305481 0.139307 0.950232
513.813 334.475 0.0432827 0.221325 0.989171
630.134 506.662 0.217183 0.0764701 0.934555
555.171 613.28 0.328788 0.154834 0.929636
572.113 316.558 0.0201205 0.137315 0.944958
611.429 446.058 0.149812 0.093068 0.92608
729.638 356.616 0.0701866 -0.0295225 1.0001
831.877 166.105 -0.133031 -0.129917 0.942245
733.205 197.324 -0.110041 -0.0315515 0.976382
764.235 128.051 -0.164833 -0.0591157 0.928425
741.092 171.658 -0.120859 -0.0362434 0.920852
726.423 23.6809 -0.218834 -0.0195104 0.855825
834.762 158.987 -0.144683 -0.136805 0.955903
884.408 256.424 -0.037624 -0.164357 0.890834
798.827 491.485 0.210085 -0.103599 0.952997
852.532 628.551 0.33659 -0.153188 0.919734
482.923 109.317 -0.169129 0.19935 0.899238
543.195 253.277 -0.0462607 0.171232 0.957101
541.409 197.873 -0.106292 0.175855 0.966293
672.507 115.221 -0.214698 0.039069 1.01297
555.735 263.001 -0.0306854 0.131594 0.887444
558.387 194.098 -0.093056 0.13092 0.895164
530.513 321.359 0.0294753 0.212301 1.01093
639.908 483.726 0.237607 0.0836766 1.0234
668.868 481.529 0.235199 0.0466698 1.02441
635.502 598.728 0.288439 0.0645015 0.898072
551.238 620.125 0.323991 0.152993 0.915102
570.987 373.839 0.0699293 0.121139 0.892323
580.413 433.918 0.165306 0.151276 1.00328
601.898 457.702 0.138556 0.0870782 0.867357
723.099 591.425 0.285428 -0.0200172 0.903919
499.13 178.195 -0.140005 0.244685 1.00958
743.275 162.176 -0.115141 -0.0348612 0.87264
945.168 342.857 0.0440536 -0.239876 0.922602
878.544 172.874 -0.145106 -0.20251 1.00187
957.155 307.745 0.00794205 -0.222461 0.874505
951.934 283.065 -0.0146824 -0.242065 0.918335
717.599 351.542 0.0725717 -0.0158237 1.05707
774.613 176.263 -0.109697 -0.0649986 0.895927
804.709 141.952 -0.12616 -0.08333 0.854742
809.596 38.9729 -0.231448 -0.09563 0.899064
830.604 205.354 -0.11882 -0.161264 1.04637
585.765 373.769 0.100005 0.157443 1.0423
938.323 226.581 -0.0653656 -0.215669 0.897142
848.744 143.472 -0.136319 -0.12933 0.888403
797.21 484.742 0.216992 -0.108279 0.981755
782.133 439.379 0.13923 -0.0781778 0.916579
723.405 388.429 0.107997 -0.0221766 0.998207
491.958 118.152 -0.171903 0.204648 0.925023
487.06 98.6604 -0.147655 0.159331 0.826031
505.878 218.65 -0.0932659 0.239123 1.0116
667.255 197.902 -0.0858694 0.0303769 0.876457
537.946 277.316 -0.0183007 0.151746 0.897169
600.396 24.6498 -0.252342 0.0959923 0.914203
488.901 339.85 0.040161 0.202366 0.904645
639.593 588.227 0.300173 0.0659962 0.92781
578.64 315.751 0.020945 0.142143 0.97869
604.125 456.456 0.140586 0.0872127 0.875563
954.538 501.765 0.220324 -0.272877 0.951164
809.777 75.5504 -0.216642 -0.103807 0.932471
718.058 347.51 0.0788304 -0.0175015 1.13942
780.803 334.499 0.0577525 -0.117518 1.13901
832.82 263.583 -0.0308874 -0.117004 0.888081
692.736 232.936 -0.0830223 0.016991 1.04542
726.612 284.218 -0.0232405 -0.0319991 1.17218
735.824 367.843 0.0419397 -0.0233544 0.75733
737.707 350.096 0.0753073 -0.0452905 1.08927
722.227 561.043 0.310638 -0.0211864 0.983865
484 82.4574 -0.230891 0.239183 0.975138
722.371 380.576 0.111828 -0.0223999 1.05596
831.536 492.555 0.17924 -0.119755 0.888614
630.069 501.649 0.201478 0.0723424 0.914778
672.116 477.615 0.233552 0.0432806 1.03124
639.322 582.328 0.298245 0.0673544 0.933715
547.704 68.1438 -0.212557 0.145352 0.913202
599.685 25.4554 -0.255648 0.0983682 0.920729
664.944 96.0877 -0.195642 0.0379957 0.930345
557.185 209.102 -0.108215 0.183688 1.02658
607.954 207.838 -0.107098 0.117494 1.01472
710.328 180.339 -0.135537 -0.00604638 1.00049
741.535 174.305 -0.120387 -0.0371705 0.927872
562.858 314.667 0.0162001 0.13164 0.903412
679.39 444.357 0.139182 0.0222908 0.902367
944.321 223.743 -0.0659555 -0.214576 0.885071
560.821 383.011 0.0845207 0.141127 0.920761
607.835 447.763 0.142313 0.0903627 0.901598
835.8 346.01 0.0214946 -0.0712247 0.695855
878.172 499.569 0.240223 -0.207974 0.991962
775.61 367.833 0.0614431 -0.0650057 0.877679
773.532 170.748 -0.111246 -0.0623069 0.884089
802.818 94.4942 -0.228755 -0.110677 0.993288
780.417 356.992 0.0844343 -0.106361 1.08487
796.034 479.074 0.217635 -0.110227 0.996642
844.196 600.167 0.354516 -0.165095 0.978833
672.827 571.694 0.302112 0.034279 0.954961
726.031 49.7857 -0.231843 -0.0211177 0.917041
957.283 310.657 0.0107648 -0.227183 0.882439
544.195 139.289 -0.138783 0.139954 0.887646
568.172 115.877 -0.199968 0.151811 0.983689
951.679 219.599 -0.0664606 -0.210909 0.866589
923.588 105.97 -0.123227 -0.142748 0.77157
546.055 263.165 -0.0276664 0.124405 0.845206
611.029 210.855 -0.108495 0.11971 1.03596
788.578 445.43 0.124248 -0.0738484 0.858311
709.879 172.119 -0.131735 -0.00585802 0.95892
744.57 185.126 -0.119854 -0.0430529 0.964207
746.889 114.391 -0.138558 -0.0345006 0.830518
505.723 135.465 -0.177343 0.220022 0.9806
686.691 381.163 0.116773 0.0272819 1.07291
720.993 357.451 0.0673488 -0.0186821 0.97594
802.318 331.427 0.0315082 -0.0940139 0.904717
566.079 596.721 0.358136 0.166296 0.987895
884.35 507.144 0.232119 -0.201276 0.96139
895.15 182.071 -0.136956 -0.225844 1.00942
672.246 580.018 0.295468 0.0326625 0.933411
823.744 478.671 0.194805 -0.129925 0.95093
729.993 47.8456 -0.224189 -0.0241766 0.900303
795.607 454.107 0.116389 -0.071845 0.815883
664.122 101.03 -0.192081 0.0391014 0.932787
811.268 72.2881 -0.214799 -0.103034 0.923043
762.808 195.59 -0.121029 -0.0686691 1.01058
791.321 270.553 -0.0357793 -0.113153 1.05328
650.729 397.887 0.130257 0.0713848 1.03678
836.545 164.526 -0.150348 -0.1494 0.98991
638.468 489.291 0.220316 0.0759909 0.977193
866.45 438.802 0.175664 -0.202305 1.01594
889.616 515.407 0.227379 -0.195825 0.93671
723.252 574.293 0.291204 -0.0210436 0.936183
748.513 278.013 -0.0331997 -0.0680926 1.16545
672.098 209.1 -0.0894916 0.0324453 0.941586
572.055 176.854 -0.0915967 0.097921 0.829492
608.792 602.883 0.40363 0.128032 1.03093
664.902 58.9861 -0.406678 0.074248 1.20184
511.181 51.5287 -0.214073 0.167919 0.888909
778.242 633.695 0.47198 -0.102768 1.05617
708.065 181.879 -0.143239 -0.00296925 1.03139
710.494 139.399 -0.123571 -0.00700003 0.841521
485.407 157.584 -0.159747 0.253571 0.998406
901.806 368.411 0.103028 -0.28829 1.0971
928.211 344.749 0.0586702 -0.281433 1.0255
888.376 185.342 -0.145151 -0.236558 1.04895
739.499 346.613 1.47246 -0.97252 5.47391
838.254 159.137 -0.127215 -0.124469 0.902834
754.075 318.624 0.0360326 -0.0825699 1.20106
774.095 321.661 0.0413254 -0.118357 1.20045
552.227 381.092 0.0876399 0.159036 0.944172
683.629 212.799 -0.0927877 0.0231605 0.975035
794.522 277.729 -0.0311905 -0.135242 1.12796
790.942 287.025 -0.0255141 -0.173713 1.30093
596.809 120.21 -0.221196 0.137202 1.03982
607.026 118.95 -0.194609 0.10741 0.978753
587.373 358.773 0.0733463 0.140667 1.00131
540.051 349.058 0.0343369 0.110093 0.789857
535.325 266.421 -0.0218836 0.110357 0.7842
561.545 224.165 -0.0550923 0.103993 0.821867
839.375 26.2392 -0.478048 -0.231059 1.22185
738.072 311.57 0.0235405 -0.0538576 1.20122
719.678 1.34892 -0.354642 -0.0166644 1.02751
528.219 275.956 -0.0197618 0.163119 0.902804
566.693 266.948 -0.0296091 0.134591 0.92421
570.036 232.128 -0.0643397 0.1329 0.930442
923.465 302.229 0.00524624 -0.27161 1.02207
743.169 359.894 0.0662186 -0.0418814 0.95242
610.311 231.393 -0.0863943 0.126313 1.0547
609.607 209.528 -0.0977003 0.106713 0.9823
717.185 363.963 0.070256 -0.0141035 0.950182
777.455 417.838 0.162733 -0.0976718 1.05566
685.602 408.426 1.39534 0.423349 3.09869
710.413 201.16 -0.0926426 -0.00671554 0.920008
911.673 278.683 -0.0235413 -0.253609 1.01772
888.973 248.25 -0.0710553 -0.261574 1.09256
910.27 278.155 -0.0290084 -0.296738 1.09796
911.119 382.769 0.0492672 -0.129447 0.747381
615.123 322.073 0.0317235 0.116184 1.03557
525.111 532.589 0.177547 0.133513 0.816414
670.238 249.456 -0.0969597 0.0765398 1.26732
797.042 454.472 0.205952 -0.121043 1.03883
833.969 462.165 0.162023 -0.12989 0.916503
514.238 31.1515 -0.424459 0.31062 1.16921
550.872 25.1689 -0.530933 0.309791 1.28273
817.219 391.355 0.117379 -0.141209 1.02198
789.422 119.242 -0.19692 -0.09388 0.983063
939.802 344.743 0.0588839 -0.29736 1.02751
840.089 601.468 0.373611 -0.167688 0.999296
546.833 54.3119 -0.210841 0.136067 0.887042
723.25 288.766 -0.0216358 -0.0302223 1.30416
724.838 269.858 -0.0525412 -0.03068 1.2247
778.381 271.675 -0.0459053 -0.122276 1.18829
659.715 126.182 -0.192743 0.0513679 0.991855
624.71 103.054 -0.181406 0.0738957 0.91364
632.609 71.9668 -0.163945 0.0496868 0.818607
749.763 196.296 -0.112136 -0.0501853 0.979993
956.64 264.982 -0.0403274 -0.308156 1.01749
745.639 280.107 -0.0344269 -0.0701491 1.23239
804.286 202.293 -0.115852 -0.12075 1.02047
810.345 371.705 0.0910747 -0.130219 1.01499
824.609 356.1 0.0713064 -0.146824 1.01273
767.258 75.5774 -0.178573 -0.0525908 0.855626
945.625 146.817 -0.158566 -0.25443 0.958795
935.514 229.857 -0.0800756 -0.272363 1.00345
837.934 197.979 -0.11545 -0.154659 0.998888
907.522 170.319 -0.105284 -0.169541 0.859858
901.172 70.4474 -0.240613 -0.209114 0.967087
784.156 315.663 0.0306044 -0.136261 1.2007
722.105 391.723 0.111476 -0.0205911 0.996285
928.441 521.064 0.318164 -0.319589 1.07184
911.334 468.371 0.263056 -0.318625 1.11483
843.576 454.326 0.289 -0.253612 1.21076
821.5 599.919 0.537916 -0.20513 1.17524
827.704 550.491 0.576613 -0.274703 1.31998
944.352 402.895 0.113114 -0.260878 0.955969
918.662 442.055 0.200473 -0.298096 1.06641
798.79 319.301 0.0507203 -0.237022 1.44299
828.844 379.874 0.139074 -0.208414 1.17314
894.409 463.966 0.152839 -0.178086 0.890169
521.782 137.245 -0.159632 0.183086 0.939934
512.371 276.034 -0.024949 0.23175 1.00891
523.727 96.3204 -0.289746 0.266043 1.11151
480.679 11.5974 -0.407533 0.325325 1.11304
563 151.202 -0.147734 0.143657 0.944643
597.021 30.9647 -0.251558 0.10136 0.922252
558.609 331.653 0.0613793 0.273776 1.21335
563.419 373.741 0.106786 0.200353 1.07354
519.173 407.794 0.132306 0.222919 0.999766
624.847 521.363 0.2065 0.0718965 0.887958
580.889 565.081 0.376961 0.176786 1.06286
627.057 433.37 0.160802 0.0922317 0.993248
574.05 322.216 0.0264005 0.137523 0.951016
568.401 442.462 0.153465 0.143736 0.945552
610.69 448.337 0.150975 0.0930528 0.923001
