661.377 301.236 0.25862 0.0331941 1.12293
546.525 62.9835 0.169942 0.0596947 1.13166
904.881 24.8209 0.167193 -0.0493697 1.13771
877.393 55.5017 0.180749 -0.0447704 1.14903
786.638 152.022 0.199379 -0.0125958 1.12258
767.983 175.853 0.207839 -0.006735 1.12298
659.24 38.3415 0.16923 0.0258012 1.14417
791.937 226.906 0.147288 -0.00174207 1.0094
563.754 135.311 0.0699384 0.0212538 0.919895
609.778 68.1641 0.127563 0.0284412 1.03219
633.838 60.3989 0.171622 0.033526 1.13388
882.804 501.049 0.319916 -0.0466505 1.07169
726.762 239.557 -0.31615 0.00949199 0.489939
951.826 407.383 0.205362 -0.038858 1.01842
778.219 57.7112 0.179037 -0.012055 1.14778
634.57 83.4637 0.189052 0.036776 1.15803
493.922 13.2328 0.15466 0.0720096 1.13202
517.865 42.0787 0.165956 0.0688226 1.13917
951.448 418.569 0.231234 -0.0473333 1.0372
916.111 176.653 0.209297 -0.0544545 1.11973
670.683 317.055 0.344871 0.0404741 1.21156
812.38 231.338 0.135994 -0.00322171 0.99287
763.472 177 0.209096 -0.00538997 1.12455
520.473 43.5945 0.160246 0.0639369 1.12256
644.832 62.8771 0.177679 0.0313832 1.14662
893.053 176.81 0.215517 -0.050236 1.13076
634.818 248.281 0.408975 0.0905078 1.38837
762.284 184.562 0.210543 -0.00481425 1.12227
885.977 127.578 0.187676 -0.0407813 1.11268
566.932 546.143 0.286824 0.0633321 1.03989
875.799 57.953 0.178716 -0.0426396 1.14212
779.497 91.6388 0.203491 -0.0159887 1.17777
549.76 292.957 0.244916 0.0713859 1.11448
911.392 25.8544 0.172407 -0.0550972 1.1506
805.973 177.901 -0.224532 0.00634898 0.583476
950.876 189.38 0.0780687 -0.00577749 0.922295
571.275 179.824 0.0705891 0.0206367 0.915691
596.783 160.602 0.0739897 0.0194951 0.922499
532.941 187.996 0.208513 0.0710565 1.12488
518.002 188.38 0.198649 0.0708176 1.10845
790.293 54.9177 0.174695 -0.0148679 1.13858
758.189 20.7386 0.163858 -0.00492438 1.1391
914.313 14.4231 0.163357 -0.0511155 1.13523
535.298 276.412 0.234352 0.0735772 1.11073
884.715 582.943 0.352542 -0.0479826 1.05564
942.658 385.905 0.325199 -0.0885234 1.13189
507.355 448.502 0.23085 0.0682995 1.03446
876.684 289.968 0.251928 -0.0454781 1.11478
759.716 54.5301 0.182858 -0.00707211 1.16128
895.773 271.741 0.243026 -0.0508431 1.11348
782.109 158.583 0.198785 -0.0106365 1.11756
579.549 517.036 0.323328 0.0698939 1.07327
556.702 306.96 0.23548 0.06428 1.09539
935.698 454.247 0.416709 -0.113304 1.15675
563.453 509.189 0.309095 0.0725517 1.06797
665.765 183.137 0.211661 0.0272693 1.12852
680.046 553.557 0.387293 0.0363608 1.08974
553.367 514.848 0.289981 0.0702036 1.05352
883.396 590.429 0.338795 -0.0436183 1.04628
917.791 506.464 0.28827 -0.0492169 1.04889
750.041 173.918 0.321392 -0.0171082 1.34339
579.87 635.918 0.308153 0.0607858 1.02118
957.316 633.88 0.416701 -0.0916272 1.05939
892.038 147.102 0.195814 -0.0441265 1.11547
639.599 61.6736 0.177696 0.0331558 1.14792
794.089 577.505 0.374392 -0.0148715 1.06992
656.708 27.3386 0.161004 0.0253886 1.13079
762.861 32.9823 0.170191 -0.00689934 1.14607
889.085 25.9136 0.16195 -0.0411143 1.12382
775.357 159.323 0.186543 -0.00641188 1.09599
585.901 613.283 0.335955 0.0658869 1.0416
548.056 420.353 0.27001 0.0714727 1.07729
893.196 149.037 0.19428 -0.0434553 1.11154
669.265 163.738 0.176605 0.0222728 1.07983
928.369 602.418 0.49077 -0.107067 1.10108
780.89 297.977 0.277902 -0.0146907 1.14387
853.589 265.662 0.119769 -0.00501405 0.964465
665.033 156.038 0.1733 0.023044 1.07806
575.277 628.598 0.326371 0.0667994 1.03197
538.883 165.242 0.194358 0.0643903 1.1141
894.116 174.908 0.217811 -0.0520432 1.13583
674.58 620.91 0.330966 0.0329664 1.03512
783.624 162.005 0.220723 -0.0154903 1.15458
892.908 32.1089 0.165561 -0.043564 1.12834
898.595 272.233 0.236357 -0.0489418 1.10482
636.974 55.2551 0.168451 0.031986 1.12971
918.395 634.444 0.329042 -0.0497932 1.02588
522.996 50.7428 0.171511 0.0697966 1.14676
512.492 36.2289 0.163812 0.0698364 1.13836
796.941 610.803 0.340109 -0.0110412 1.04084
546.163 419.805 0.26593 0.0707731 1.07407
927.396 626.039 0.336081 -0.0554512 1.03157
767.67 282.171 0.263991 -0.00838099 1.13758
774.514 45.9676 0.169866 -0.00947819 1.13414
781.06 38.6095 0.165899 -0.0109289 1.12933
649.533 298.947 0.232507 0.0335762 1.09335
891.896 284.591 0.232367 -0.0438113 1.09381
546.609 413.056 0.249424 0.065543 1.06249
679.543 232.713 0.338161 0.036624 1.29274
562.624 403.488 0.263888 0.0655675 1.07905
922.581 383.73 0.224353 -0.0403947 1.04357
918.311 586.08 0.512205 -0.111291 1.11828
650.348 401.555 0.231029 0.0315475 1.04835
874.225 290.481 0.260698 -0.0477568 1.12498
646.673 18.8223 0.153916 0.0271139 1.11834
600.347 8.72675 -0.0848628 0.0098385 0.721257
894.3 221.365 0.343477 -0.117077 1.30042
526.404 183.892 0.200162 0.0693991 1.11339
888.677 278.793 0.258239 -0.0537186 1.12849
892.639 52.8618 0.178566 -0.0486129 1.14501
527.513 429.486 0.24628 0.0692768 1.05375
668.315 190.514 0.218171 0.0271234 1.13454
887.135 392.748 0.273082 -0.0451966 1.08452
648.667 170.265 0.204029 0.0320534 1.12424
617.888 308.401 0.399087 0.0907016 1.28686
882.256 393.394 0.303744 -0.0531965 1.11096
744.534 444.349 1.20169 -0.0458137 1.56158
655.672 305.84 0.240935 0.0326734 1.09968
522.2 49.1279 0.169283 0.0687441 1.14215
