737.475 172.311 0.243486 -0.479854 4.9171
717.039 167.425 -0.0912493 -0.145971 5.65454
668.781 39.7621 -0.120532 0.010475 0.377025
606.763 66.7583 0.280322 0.0177699 0.874079
503.865 448.562 0.3467 0.043669 0.862852
665.049 244.839 0.624393 0.0699373 1.40865
700.485 244.205 0.639087 0.0224703 1.43351
639.231 112.192 0.292268 0.0143257 0.882619
595.669 44.1633 0.273333 0.0181499 0.866312
610.407 228.307 0.268794 0.013839 0.814889
714.182 167.509 -0.0313206 0.00542278 0.440734
723.859 194.022 -0.0519473 0.00492557 0.417311
640.872 314.142 0.359004 0.0216768 0.914987
957.079 373.417 0.575773 -0.161426 1.10385
816.903 94.6808 0.308719 -0.0191015 0.919075
800.472 264.282 0.323832 -0.0118538 0.882123
809.351 310.31 0.391094 -0.024064 0.952679
487.89 113.755 0.302185 0.0443193 0.905954
786.655 115.969 0.298675 -0.0101568 0.890583
564.237 469.055 1.02159 0.314529 1.30733
591.2 143.604 0.397444 0.0598876 1.10009
589.081 199.762 -0.0256785 0.0109856 0.444975
812.171 95.9524 0.301892 -0.0161995 0.904222
482.355 175.888 0.323032 0.0522937 0.920371
949.617 415.869 0.36704 -0.0443539 0.884113
493.705 429.336 0.443133 0.0858994 0.960814
952.807 255.009 0.358782 -0.0561759 0.930909
943.75 576.816 0.40828 -0.0452961 0.872582
952.527 579.016 0.397212 -0.0438526 0.864676
810.081 293.613 0.354245 -0.017951 0.912758
713.864 598.946 0.951153 0.029476 1.09241
481.895 459.026 0.338885 0.0445434 0.853197
779.261 574.945 0.564647 -0.0189486 0.966621
517.442 428.367 0.34845 0.0424065 0.869501
943.087 407.158 0.364265 -0.0426279 0.884068
839.863 67.6785 0.286855 -0.0177816 0.882705
814.692 614.404 0.361375 -0.00949458 0.834967
953.023 287.703 0.33866 -0.0434564 0.891637
788.234 114.425 0.301724 -0.0110711 0.897114
670.696 139.864 0.306344 0.0103346 0.89912
630.25 97.3041 0.285558 0.014848 0.874384
818.122 87.6207 0.293404 -0.0153308 0.889704
614.412 75.3154 0.271592 0.0149105 0.852899
596.705 64.7018 0.277908 0.0187279 0.869731
628.673 292.905 0.325311 0.0193447 0.878652
825.166 549.594 0.437996 -0.0231949 0.901947
662.856 460.845 0.354412 0.0155112 0.864723
631.162 295.667 0.320133 0.0181059 0.870972
724.864 133.499 0.549868 -0.0708027 2.40935
798.845 111.823 0.31131 -0.0152697 0.917224
936.307 266.715 0.358323 -0.0506892 0.925766
516.834 612.631 0.392373 0.0493902 0.859333
825.796 285.15 0.313419 -0.0135763 0.861813
638.933 301.544 0.336183 0.0189217 0.890093
796.068 108.938 0.295933 -0.0114377 0.887536
517.122 45.4154 0.31843 0.0540619 0.985248
521.599 639.016 0.381091 0.0445025 0.846151
958.32 259.307 0.341381 -0.048215 0.904822
