737.979 173.26 0.244504 -0.480642 4.91918
717.557 168.507 -0.0902308 -0.146759 5.65661
665.161 36.652 -0.119513 0.00968663 0.379101
611.941 70.2386 0.281341 0.0169815 0.876156
506.934 455.728 0.347719 0.0428806 0.864928
666.688 246.58 0.625412 0.069149 1.41073
702.18 245.9 0.640106 0.0216819 1.43559
644.45 116 0.293287 0.0135373 0.884695
600.965 47.5109 0.274351 0.0173615 0.868388
616.991 235.072 0.269813 0.0130506 0.816966
707.665 159.649 -0.0303021 0.00463439 0.442811
718.075 187.113 -0.0509288 0.00413718 0.419387
644.866 319.082 0.360023 0.0208884 0.917064
573.753 1.08232 0.260694 0.018149 0.851293
823.274 97.9056 0.309737 -0.0198899 0.921151
807.04 269.542 0.324851 -0.0126422 0.884199
814.305 314.723 0.392112 -0.0248524 0.954755
491.16 117.265 0.303203 0.0435309 0.90803
793.334 119.716 0.299693 -0.0109451 0.892659
565.055 471.195 1.02261 0.313741 1.3094
593.722 145.987 0.398463 0.0590992 1.10217
585.328 190.591 -0.0246601 0.0101972 0.447052
818.844 99.3471 0.302911 -0.0169879 0.906299
485.255 179.7 0.32405 0.0515053 0.922447
957.291 422.482 0.368058 -0.0451422 0.886189
495.623 434.069 0.444151 0.085111 0.96289
959.816 259.4 0.3598 -0.0569643 0.932986
951.015 585.049 0.409298 -0.0460844 0.874658
815.868 298.528 0.355263 -0.0187394 0.914835
715.52 602.847 0.952172 0.0286876 1.09449
484.866 466.612 0.339903 0.043755 0.855274
520.603 435.166 0.349468 0.0416181 0.871578
950.721 413.695 0.365284 -0.0434163 0.886144
847.567 71.062 0.287874 -0.01857 0.884781
821.659 624.463 0.362394 -0.010283 0.837044
794.763 118.071 0.302742 -0.0118595 0.899191
675.821 143.696 0.307363 0.0095462 0.901196
635.602 101.086 0.286577 0.0140596 0.87646
825.285 91.1121 0.294422 -0.0161192 0.89178
620.199 79.1996 0.27261 0.0141221 0.854975
601.871 68.2181 0.278927 0.0179395 0.871807
633.29 298.415 0.326329 0.0185563 0.880728
830.365 556.577 0.439014 -0.0239832 0.904024
667.594 468.179 0.35543 0.0147228 0.866799
635.973 301.389 0.321151 0.0173175 0.873049
725.939 134.672 0.550887 -0.071591 2.41143
805.015 115.21 0.312328 -0.0160581 0.9193
943.222 271.266 0.359341 -0.0514776 0.927842
519.531 621.117 0.393391 0.0486018 0.86141
833.256 291.105 0.314437 -0.0143647 0.863889
643.394 306.876 0.337201 0.0181333 0.89217
802.964 112.661 0.296951 -0.0122261 0.889612
520.1 47.8579 0.319449 0.0532735 0.987324
684.211 265.077 0.306081 0.00831093 0.861497
876.281 392.55 0.0618457 0.00542534 0.545703
665.222 164.479 0.331665 0.013937 0.938454
845.787 103.847 0.292499 -0.0182037 0.882987
514.769 564.813 0.399911 0.0537092 0.879975
849.638 95.5555 0.303198 -0.0228274 0.907655
802.503 95.5058 0.290738 -0.0114314 0.883223
