738.679 173.732 0.245534 -0.481626 4.92181
718.236 169.075 -0.0892007 -0.147743 5.65924
661.415 34.394 -0.118483 0.00870304 0.381731
616.544 67.634 0.282371 0.0159979 0.878785
508.76 459.15 0.348749 0.041897 0.867558
668.308 247.183 0.626442 0.0681654 1.41336
703.914 246.534 0.641136 0.0206983 1.43822
649.253 114.37 0.294317 0.0125537 0.887325
605.606 44.3155 0.275381 0.0163779 0.871018
622.561 234.632 0.270843 0.012067 0.819595
699.779 150.031 -0.0292719 0.0036508 0.44544
711.27 179.358 -0.0498986 0.00315359 0.422017
648.408 320.65 0.361053 0.0199048 0.919693
830.084 96.6385 0.310767 -0.0208735 0.923781
813.768 270.653 0.325881 -0.0136258 0.886829
819.415 316.476 0.393142 -0.025836 0.957385
493.444 115.746 0.304234 0.0425473 0.91066
800.285 118.444 0.300724 -0.0119287 0.895289
565.609 472.479 1.02364 0.312757 1.31203
596.023 145.838 0.399493 0.0581156 1.1048
580.903 178.972 -0.0236299 0.00921361 0.449681
825.931 97.9376 0.303941 -0.0179715 0.908929
487.196 179.183 0.32508 0.0505217 0.925077
496.721 436.435 0.445182 0.0841274 0.96552
958.562 591.082 0.410329 -0.047068 0.877288
821.83 300.117 0.356293 -0.019723 0.917464
716.851 605.915 0.953202 0.027704 1.09712
486.431 470.251 0.340933 0.0427714 0.857904
522.622 438.262 0.350498 0.0406345 0.874207
958.892 417.244 0.366314 -0.0443999 0.888774
855.842 68.9117 0.288904 -0.0195536 0.887411
828.422 631.554 0.363424 -0.0112666 0.839674
801.576 116.85 0.303772 -0.0128431 0.90182
680.698 142.748 0.308393 0.0085626 0.903826
640.474 99.0632 0.287607 0.013076 0.87909
832.894 89.3893 0.295453 -0.0171028 0.89441
625.342 76.3229 0.27364 0.0131385 0.857605
606.394 65.4794 0.279957 0.0169559 0.874437
637.315 299.677 0.327359 0.0175727 0.883358
835.476 561.515 0.440044 -0.0249668 0.906653
671.72 472.094 0.356461 0.0137393 0.869429
640.169 302.691 0.322181 0.0163339 0.875678
727.225 135.056 0.551917 -0.0725746 2.41406
811.528 114.164 0.313358 -0.0170417 0.92193
950.802 272.696 0.360371 -0.0524612 0.930472
521 626.802 0.394422 0.0476182 0.864039
840.957 292.554 0.315468 -0.0153483 0.866519
647.336 308.289 0.338232 0.0171497 0.894799
810.18 111.245 0.297981 -0.0132097 0.892242
522.506 46.1851 0.320479 0.0522899 0.989954
689.587 265.82 0.307111 0.00732733 0.864127
901.235 463.976 0.0628759 0.00444175 0.548332
669.319 164.093 0.332696 0.0129534 0.941084
853.941 102.243 0.293529 -0.0191873 0.885616
516.175 569.453 0.400941 0.0527256 0.882604
857.178 94.1385 0.304228 -0.023811 0.910285
809.967 93.7044 0.291768 -0.012415 0.885853
824.672 632.814 -0.0563239 -0.0087732 0.328508
