670.925 309.664 0.263142 0.0281201 1.13335
552.744 63.7306 0.174465 0.0546208 1.14208
924.89 22.4177 0.171715 -0.0544436 1.14813
895.625 54.5605 0.185272 -0.0498443 1.15944
801.629 154.967 0.203901 -0.0176697 1.13299
782.098 179.744 0.212362 -0.0118089 1.1334
669.277 37.8212 0.173753 0.0207272 1.15459
812.114 233.535 0.15181 -0.00681599 1.01982
571.482 133.052 0.074461 0.0161799 0.930312
619.676 66.9917 0.132085 0.0233673 1.04261
643.071 60.6674 0.176145 0.0284521 1.1443
901.633 517.584 0.324439 -0.0517245 1.0821
699.949 220.568 -0.311627 0.00441807 0.500356
792.706 54.5303 0.182069 -0.0169952 1.15664
643.411 84.7611 0.193575 0.0317021 1.16845
498.468 12.4778 0.159182 0.0669357 1.14244
523.153 42.3368 0.170478 0.0637487 1.14959
678.9 324.59 0.349393 0.0354002 1.22198
834.978 238.294 0.140517 -0.00829563 1.00329
777.355 180.944 0.213619 -0.0104639 1.13497
525.87 43.6364 0.164768 0.058863 1.13297
654.137 63.4163 0.182019 0.0263027 1.15651
912.022 180.31 0.22004 -0.0553099 1.14118
640.783 253.123 0.413497 0.0854339 1.39879
776.154 188.791 0.215065 -0.00988817 1.13269
905.722 129.183 0.192199 -0.0458552 1.12309
573.498 565.354 0.291346 0.0582582 1.05031
894.22 57.0472 0.183239 -0.0477135 1.15253
792.884 92.647 0.208013 -0.0210626 1.18819
555.485 300.956 0.249352 0.0663873 1.12505
931.134 23.623 0.17693 -0.0601712 1.16102
743.513 142.812 -0.220009 0.00127506 0.593893
579.703 181.619 0.0751117 0.0155628 0.926108
607.649 160.999 0.0785123 0.0144212 0.932917
538.505 193.038 0.213036 0.0659826 1.13529
523.126 193.522 0.203171 0.0657437 1.11887
805.354 54.2802 0.179217 -0.0199419 1.149
772.104 18.9778 0.168381 -0.0099983 1.14952
934.896 11.5156 0.167879 -0.0561894 1.14565
540.817 284.439 0.238875 0.0685033 1.12115
903.635 602.949 0.357065 -0.0530565 1.06606
511.852 464.751 0.235373 0.0632256 1.04487
894.916 297.826 0.256451 -0.0505521 1.1252
776.391 40.6851 0.178277 -0.0120929 1.15881
915.013 278.919 0.247549 -0.055917 1.1239
797.053 161.79 0.203308 -0.0157104 1.12797
586.148 533.423 0.327851 0.06482 1.08368
562.985 316.204 0.240003 0.0592061 1.1058
953.268 466.413 0.421232 -0.118378 1.16716
569.242 525.649 0.313056 0.0674469 1.07802
652.309 126.875 0.152946 0.0203357 1.05913
689.504 570.209 0.391816 0.0312868 1.10016
559.333 532.234 0.294504 0.0651296 1.06394
902.779 611.292 0.343318 -0.0486922 1.0567
939.637 524.422 0.292793 -0.0542908 1.05931
759.198 177.224 0.325915 -0.0221821 1.35381
911.812 149.477 0.200336 -0.0492004 1.12589
648.819 62.1185 0.182219 0.0280819 1.15834
808.381 596.191 0.378914 -0.0199454 1.08034
670.97 45.3338 0.176864 0.0205504 1.15679
776.715 31.7545 0.174713 -0.0119733 1.15649
912.752 19.995 0.164279 -0.0461949 1.13077
790.869 162.86 0.190479 -0.0113905 1.10525
592.829 634.216 0.340478 0.060813 1.05202
553.878 433.752 0.274533 0.0663987 1.08771
913.194 151.482 0.198803 -0.0485292 1.12196
680.622 167.496 0.181128 0.0171989 1.09025
946.216 620.458 0.495293 -0.112141 1.11149
794.21 305.8 0.282425 -0.0197646 1.15429
880.902 284.392 0.12234 -0.009404 0.970948
676.278 159.483 0.177822 0.0179701 1.08848
553.919 178.361 0.209068 0.0604522 1.13698
912.93 178.317 0.222333 -0.0571171 1.14624
797.465 165.297 0.225245 -0.0205643 1.165
912.764 29.9334 0.170083 -0.0486379 1.13876
920.989 278.934 0.237703 -0.053525 1.11155
646.398 55.2683 0.172973 0.0269121 1.14013
816.348 639.5 0.336293 -0.0162579 1.04516
551.951 433.309 0.270452 0.0656992 1.08449
780.603 289.705 0.266497 -0.0131073 1.14545
789.12 45.0154 0.174388 -0.0145521 1.14455
659.276 307.829 0.237029 0.0285023 1.10376
911.823 292.564 0.236889 -0.0488852 1.10423
554.712 427.81 0.257209 0.0608156 1.0753
685.656 231.825 0.325768 0.0306616 1.2829
935.137 602.893 0.516728 -0.116365 1.1287
660.786 415.452 0.235552 0.0264736 1.05876
891.601 298.095 0.265439 -0.052815 1.13573
926.986 214.75 0.317318 -0.115434 1.27226
531.806 188.843 0.204684 0.0643251 1.1238
906.907 286.027 0.262761 -0.0587925 1.13891
911.68 51.7052 0.183088 -0.0536868 1.15543
532.753 444.135 0.250803 0.0642029 1.06417
678.336 195.197 0.222693 0.0220495 1.14496
899.799 403.009 0.286659 -0.0511916 1.10382
624.014 314.97 0.40361 0.0856277 1.29728
900.105 404.918 0.308266 -0.0582705 1.12138
749.599 450.247 1.20622 -0.0508876 1.572
665.481 314.835 0.245458 0.0275995 1.1101
528.081 49.6278 0.173809 0.0635278 1.15257
496.688 14.7017 -0.105418 0.00293593 0.704013
886.634 69.8929 0.206693 -0.0582566 1.20077
528.217 584.483 0.261286 0.0617955 1.02735
904.432 45.8602 0.186872 -0.0552568 1.1703
917.639 397.198 0.262971 -0.0496342 1.08515
612.377 571.403 0.434957 0.0769297 1.12155
795.573 638.605 0.348775 -0.0102796 1.05116
817.4 298.816 0.230182 -0.0187561 1.09579
884.96 381.394 0.293437 -0.0503967 1.12062
904.581 520.078 0.317102 -0.0505117 1.07657
798.015 291.078 0.270459 -0.0202627 1.14891
577.295 321.885 0.25212 0.0582722 1.1167
684.681 227.359 0.313985 0.0298562 1.26874
551.849 438.362 0.267206 0.0643464 1.07972
563.583 302.417 0.261619 0.068157 1.13907
940.913 457.989 0.416947 -0.11141 1.17032
911.716 505.948 0.321944 -0.0557593 1.08511
694.498 299.485 0.286555 0.0212815 1.16687
835.408 250.201 0.133722 -0.00691698 0.991848
