675.092 313.395 0.267013 0.0289471 1.1399
553.767 62.253 0.177875 0.0553801 1.14765
934.965 18.3217 0.175244 -0.053506 1.15397
904.365 51.8501 0.188899 -0.0488933 1.1654
809.628 153.703 0.206664 -0.0168671 1.13807
789.07 179.972 0.215662 -0.0109588 1.13905
672.701 35.3403 0.177042 0.021607 1.15983
825.918 233.004 0.155022 -0.0060474 1.02552
582.893 129.025 0.0770302 0.0168959 0.933933
625.128 63.5909 0.135037 0.0240219 1.0469
646.444 58.8853 0.179683 0.0292398 1.15008
908.269 522.481 0.332542 -0.05105 1.09245
704.814 225.556 -0.309957 0.00490332 0.499747
799.301 52.1243 0.185827 -0.0161862 1.16301
646.42 83.8816 0.197201 0.0325075 1.17452
497.935 9.74638 0.162516 0.0676605 1.14782
523.929 41.0409 0.174181 0.0644608 1.15554
682.266 327.726 0.356274 0.0364413 1.23248
852.063 240.729 0.143251 -0.0074388 1.00758
784.075 181.492 0.217182 -0.00962052 1.14092
525.356 41.0419 0.167806 0.0596838 1.13793
657.651 61.8366 0.185777 0.0271117 1.16288
921.896 180.175 0.223447 -0.0543823 1.14697
641.499 256.146 0.414885 0.085956 1.40083
784.625 185.549 0.213272 -0.00889468 1.13197
891.014 153.42 0.220509 -0.047067 1.16027
576.038 577.369 0.294102 0.0589857 1.05575
903.46 54.2812 0.186833 -0.0468366 1.15841
800.969 83.4193 0.205309 -0.0198459 1.18592
557.255 305.015 0.253111 0.0671963 1.13142
752.645 153.259 -0.216772 0.00193894 0.596193
593.575 182.196 0.0776482 0.0162192 0.929668
614.468 151.843 0.0813308 0.0156249 0.937761
535.82 192.214 0.212832 0.0663128 1.13652
523.602 195.21 0.206408 0.0664642 1.12433
812.64 51.4758 0.182613 -0.0190818 1.15459
778.53 15.5477 0.171859 -0.00915192 1.15517
944.563 7.93621 0.171817 -0.0552175 1.15198
560.552 293.634 0.265812 0.0721023 1.15371
914.436 612.541 0.36073 -0.0522487 1.07263
515.322 473.368 0.240546 0.064147 1.05236
896.83 302.348 0.269632 -0.0506244 1.14188
782.573 38.0603 0.182036 -0.0112839 1.16518
924.438 281.54 0.251546 -0.0549305 1.13034
804.382 161.694 0.206901 -0.0148381 1.13398
584.98 548.573 0.323985 0.0648755 1.08332
567.512 320.707 0.246475 0.0602229 1.11523
571.852 535.068 0.316814 0.0682559 1.08439
658.223 124.84 0.156704 0.0211447 1.0655
696.748 555.316 0.426874 0.03344 1.13373
544.989 563.881 0.276053 0.0635182 1.04954
912.028 620.071 0.348756 -0.0477482 1.06452
944.099 525 0.304676 -0.0543372 1.07362
761.79 178.879 0.331739 -0.0213772 1.36412
922.2 149.296 0.204096 -0.0483086 1.13176
652.327 57.4401 0.183855 0.0284794 1.16165
815.867 604.713 0.383388 -0.019112 1.08766
674.85 43.2563 0.180622 0.0213594 1.16316
783.076 28.7713 0.178217 -0.0111347 1.16222
923.084 15.644 0.168038 -0.0453858 1.13714
798.846 162.371 0.194237 -0.0105815 1.11162
552.142 443.739 0.273188 0.0666218 1.0888
922.372 152.295 0.203844 -0.047819 1.1296
689.936 184.213 0.203143 0.0185089 1.11907
955 627.843 0.499296 -0.111215 1.11894
804.492 307.123 0.273406 -0.0182681 1.14667
902.063 283.911 0.126098 -0.008595 0.977318
682.83 163.418 0.184679 0.0188131 1.09819
555.515 179.656 0.212826 0.0612612 1.14335
920.399 179.457 0.227697 -0.0563533 1.1546
801.454 170.286 0.23492 -0.0199782 1.1788
931.742 281.003 0.241462 -0.052716 1.11792
649.844 53.1003 0.17636 0.0276971 1.14564
521.392 459.538 0.23951 0.0629639 1.05571
786.954 292.652 0.270255 -0.0122982 1.15182
795.655 44.5796 0.179313 -0.0138049 1.15217
662.623 311.528 0.237026 0.029151 1.10575
922.875 295.309 0.240247 -0.0479515 1.10997
688.278 234.141 0.329526 0.0314706 1.28927
666.657 422.699 0.239929 0.0272967 1.06548
933.746 215.789 0.321076 -0.114625 1.27863
533.229 190.914 0.208605 0.065112 1.13012
918.141 287.913 0.264046 -0.0575877 1.14247
921.731 48.1627 0.186279 -0.0527558 1.16072
541.753 448.445 0.262376 0.0658906 1.07819
680.69 190.569 0.21745 0.022536 1.13988
909.938 408.178 0.290417 -0.0503826 1.11019
623.383 316.875 0.393287 0.0836843 1.28914
910.673 410.318 0.310227 -0.0571986 1.12606
751.109 451.146 1.21765 -0.0501139 1.58833
668.104 319.239 0.244606 0.0284139 1.11096
528.9 48.2133 0.177567 0.0643368 1.15894
894.139 68.0379 0.210451 -0.0574476 1.20714
530.822 596.604 0.265045 0.0626045 1.03372
913.16 42.9774 0.19063 -0.0544477 1.17667
919.59 400.862 0.278728 -0.0502962 1.10294
799.595 634.743 0.370313 -0.00992103 1.07062
951.071 526.566 0.303596 -0.0559863 1.07226
615.097 580.686 0.438715 0.0777387 1.12792
832.655 301.403 0.221566 -0.017175 1.0875
909.117 391.219 0.274233 -0.0464399 1.10328
915.501 528.265 0.320861 -0.0497027 1.08294
802.948 293.887 0.274828 -0.0189333 1.15614
573.213 327.815 0.245496 0.0576606 1.11059
687.407 229.606 0.317743 0.0306652 1.27511
554.127 445.817 0.270964 0.0651554 1.08609
565.36 306.485 0.265378 0.068966 1.14544
949.632 463.549 0.420705 -0.110601 1.17669
697.66 302.876 0.293432 0.0227098 1.17714
851.731 248.341 0.138651 -0.00632604 0.999961
