674.004 322.466 0.265547 0.028743 1.14372
549.991 69.5963 0.176408 0.055176 1.15147
937.162 24.1424 0.173777 -0.0537102 1.15779
906.095 57.6771 0.187432 -0.0490975 1.16922
810.138 161.544 0.205198 -0.0170713 1.14189
789.322 188.015 0.214195 -0.011163 1.14287
670.803 41.7546 0.175575 0.0214028 1.16365
826.747 249.835 0.153556 -0.00625156 1.02934
571.871 171.133 0.0755634 0.0166917 0.937752
621.128 76.7108 0.13357 0.0238177 1.05072
644.144 65.8916 0.178216 0.0290356 1.1539
911.165 534.11 0.331075 -0.0512542 1.09626
702.193 236.087 -0.311424 0.00469916 0.503566
799.418 58.2796 0.18436 -0.0163904 1.16682
644.37 90.312 0.195734 0.0323033 1.17833
493.062 16.7474 0.161049 0.0674564 1.15163
519.697 48.0006 0.172715 0.0642566 1.15936
681.688 333.936 0.354807 0.0362371 1.2363
853.473 260.221 0.141784 -0.00764297 1.0114
784.255 189.483 0.215715 -0.00982469 1.14474
520.914 48.6243 0.166339 0.0594797 1.14175
655.623 68.4163 0.18431 0.0269075 1.16669
924.2 187.592 0.22198 -0.0545865 1.15079
640.668 259.808 0.413419 0.0857519 1.40465
784.81 193.941 0.211805 -0.00909885 1.13579
892.751 160.24 0.219042 -0.0472712 1.16409
573.566 592.837 0.292636 0.0587815 1.05957
905.205 60.3515 0.185366 -0.0470408 1.16223
801.199 89.1584 0.203842 -0.0200501 1.18974
554.313 314.701 0.251644 0.0669921 1.13524
744.331 186.953 -0.218239 0.00173478 0.600012
582.793 227.996 0.0761813 0.016015 0.933486
605.334 192.093 0.0798639 0.0154207 0.941579
532.143 201.049 0.211365 0.0661086 1.14034
519.578 204.636 0.204941 0.06626 1.12815
812.958 57.8656 0.181146 -0.0192859 1.15841
778.22 21.6805 0.170393 -0.00935608 1.15899
946.906 13.7033 0.17035 -0.0554217 1.1558
557.85 302.317 0.264345 0.0718982 1.15752
917.656 625.475 0.359263 -0.0524528 1.07645
511.149 489.297 0.239079 0.0639428 1.05618
898.988 310.761 0.268165 -0.0508286 1.1457
782.4 44.0681 0.180569 -0.0114881 1.169
927.027 290.287 0.250079 -0.0551346 1.13415
804.825 169.778 0.205434 -0.0150423 1.1378
582.946 561.617 0.322518 0.0646713 1.08714
564.599 331.249 0.245008 0.0600187 1.11905
569.565 548.076 0.315347 0.0680517 1.08821
655.487 136.931 0.155237 0.0209406 1.06932
696.739 564.954 0.425408 0.0332358 1.13755
541.783 580.102 0.274586 0.063314 1.05336
915.27 633.713 0.347289 -0.0479524 1.06834
947.688 537.977 0.303209 -0.0545414 1.07744
761.819 182.334 0.330272 -0.0215814 1.36794
924.524 157.097 0.20263 -0.0485127 1.13558
650.196 64.0347 0.182388 0.0282752 1.16547
817.539 616.705 0.381921 -0.0193161 1.09148
673.029 49.629 0.179155 0.0211552 1.16698
782.882 34.788 0.17675 -0.0113389 1.16604
925.158 22.0601 0.166571 -0.04559 1.14096
799.172 171.514 0.19277 -0.0107856 1.11544
549.167 456.398 0.271721 0.0664177 1.09262
924.714 160.213 0.202377 -0.0480231 1.13342
688.526 193.413 0.201676 0.0183047 1.12289
958.475 637.267 0.49783 -0.111419 1.12276
805.296 315.578 0.271939 -0.0184722 1.15049
904.885 310.103 0.124632 -0.00879916 0.981137
681.067 173.581 0.183212 0.0186089 1.10201
552.174 188.078 0.211359 0.061057 1.14717
922.646 186.589 0.22623 -0.0565574 1.15842
801.896 176.843 0.233453 -0.0201824 1.18262
934.51 290.33 0.239995 -0.0529201 1.12174
647.544 60.2055 0.174893 0.0274929 1.14946
517.335 475.08 0.238043 0.0627597 1.05953
787.471 300.873 0.268788 -0.0125024 1.15564
795.686 51.0315 0.177846 -0.0140091 1.15598
661.095 322.323 0.235559 0.0289468 1.10957
925.564 305.16 0.23878 -0.0481556 1.11379
687.63 238.93 0.32806 0.0312664 1.29309
665.212 436.863 0.238463 0.0270926 1.0693
935.759 220.098 0.319609 -0.114829 1.28244
529.422 200.023 0.207139 0.0649079 1.13394
920.589 296.179 0.262579 -0.0577918 1.14629
538.454 461.929 0.260909 0.0656865 1.082
912.601 418.538 0.28895 -0.0505867 1.114
913.277 419.835 0.308761 -0.0574027 1.12987
751.65 453.438 1.21618 -0.0503181 1.59214
524.815 55.1125 0.1761 0.0641326 1.16276
707.923 485.137 -0.101405 0.00571236 0.723362
527.161 614.71 0.263578 0.0624003 1.03754
914.968 48.3787 0.189164 -0.0546519 1.18049
614.104 590.717 0.437248 0.0775345 1.13174
833.89 312.878 0.220099 -0.0173792 1.09131
911.773 401.932 0.272767 -0.046644 1.10709
918.57 540.567 0.319394 -0.0499068 1.08675
803.701 301.911 0.273361 -0.0191375 1.15996
570.361 338.631 0.244029 0.0574564 1.11441
686.707 234.604 0.316276 0.030461 1.27893
551.152 458.67 0.269497 0.0649513 1.08991
562.695 315.546 0.263911 0.0687618 1.14926
952.582 470.952 0.419238 -0.110805 1.18051
697.026 310.455 0.291965 0.0225057 1.18096
