672.482 329.232 0.265719 0.0277958 1.14673
547.718 74.3862 0.176581 0.0542288 1.15448
939.28 29.8729 0.17395 -0.0546573 1.1608
907.774 63.2882 0.187605 -0.0500446 1.17223
810.474 168.014 0.20537 -0.0180184 1.1449
789.362 194.538 0.214368 -0.0121101 1.14588
670.023 46.5498 0.175748 0.0204557 1.16666
826.507 262.086 0.153728 -0.0071987 1.03235
561.836 196.933 0.0757362 0.0157446 0.940762
618.249 85.2838 0.133743 0.0228706 1.05373
642.946 70.9359 0.178389 0.0280885 1.15691
911.582 544.044 0.331248 -0.0522013 1.09927
701.474 237.057 -0.311251 0.00375202 0.506577
799.978 63.5652 0.184533 -0.0173375 1.16983
643.297 95.0292 0.195907 0.0313562 1.18134
490.26 20.9926 0.161222 0.0665092 1.15464
517.225 52.3877 0.172887 0.0633095 1.16237
680.653 338.833 0.35498 0.03529 1.23931
853.495 274.254 0.141957 -0.0085901 1.01441
784.243 195.949 0.215888 -0.0107718 1.14775
518.235 53.3897 0.166512 0.0585325 1.14476
654.639 73.2616 0.184483 0.0259604 1.1697
925.709 194.381 0.222153 -0.0555336 1.1538
639.961 262.695 0.413591 0.0848047 1.40766
784.76 200.668 0.211978 -0.010046 1.1388
893.999 166.476 0.219215 -0.0482183 1.1671
569.499 603.833 0.292808 0.0578344 1.06258
906.872 66.107 0.185539 -0.0479879 1.16524
801.747 94.2216 0.204015 -0.0209972 1.19275
551.432 321.274 0.251817 0.066045 1.13825
740.415 195.461 -0.218066 0.000787642 0.603022
572.57 256.424 0.0763541 0.0150679 0.936497
596.755 217.076 0.0800367 0.0144736 0.94459
529.281 206.825 0.211537 0.0651615 1.14335
516.411 210.728 0.205114 0.0653129 1.13116
813.642 63.3584 0.181319 -0.0202331 1.16142
778.626 26.815 0.170565 -0.0103032 1.162
555.257 308.237 0.264517 0.070951 1.16053
917.902 636.502 0.359436 -0.0534 1.07946
506.253 500.042 0.239252 0.0629957 1.05919
899.88 318.184 0.268338 -0.0517757 1.14871
782.825 49.1699 0.180742 -0.0124352 1.17201
928.286 298.043 0.250251 -0.0560818 1.13717
805.068 176.382 0.205607 -0.0159894 1.14081
579.45 570.979 0.322691 0.0637242 1.09015
561.617 338.452 0.245181 0.0590716 1.12206
565.939 557.321 0.31552 0.0671046 1.09122
653.352 145.204 0.15541 0.0199934 1.07233
694.928 572.576 0.42558 0.0322887 1.14056
537.185 591.408 0.274759 0.0623669 1.05637
948.539 548.988 0.303382 -0.0554885 1.08045
762.035 185.721 0.330445 -0.0225285 1.37095
926.141 164.099 0.202802 -0.0494599 1.13859
649.156 68.8584 0.182561 0.0273281 1.16848
816.689 626.604 0.382094 -0.0202633 1.09449
672.276 54.4179 0.179328 0.0202081 1.16999
783.328 39.889 0.176922 -0.012286 1.16905
927.172 28.0799 0.166743 -0.0465371 1.14397
799.265 178.752 0.192943 -0.0117328 1.11845
545.465 465.123 0.271894 0.0654705 1.09563
926.327 167.292 0.20255 -0.0489703 1.13643
687.297 200.175 0.201849 0.0173576 1.1259
805.203 322.573 0.272112 -0.0194194 1.1535
905.474 328.639 0.124804 -0.0097463 0.984147
679.606 180.875 0.183385 0.0176618 1.10502
549.638 193.676 0.211532 0.0601099 1.15018
924.132 193.189 0.226403 -0.0575046 1.16143
802.202 182.476 0.233626 -0.0211295 1.18563
935.867 298.497 0.240168 -0.0538673 1.12475
646.361 65.3199 0.175066 0.0265458 1.15247
512.609 485.571 0.238216 0.0618126 1.06254
787.245 307.613 0.268961 -0.0134495 1.15865
796.195 56.4703 0.178019 -0.0149562 1.15899
659.157 330.146 0.235732 0.0279997 1.11258
926.785 313.639 0.238953 -0.0491028 1.1168
687.05 242.848 0.328232 0.0303193 1.2961
662.68 447.09 0.238635 0.0261455 1.07231
937.094 224.931 0.319782 -0.115776 1.28545
526.452 205.957 0.207311 0.0639607 1.13695
921.749 303.596 0.262752 -0.058739 1.1493
534.446 471.154 0.261082 0.0647394 1.08501
913.35 427.442 0.289123 -0.0515339 1.11701
914.02 428.185 0.308933 -0.0583499 1.13288
751.192 455.86 1.21635 -0.0512652 1.59515
522.424 59.4954 0.176273 0.0631855 1.16577
740.07 396.059 -0.101232 0.00476523 0.726372
521.983 627.271 0.263751 0.0614532 1.04055
916.755 53.7707 0.189336 -0.055599 1.1835
611.384 598.267 0.437421 0.0765874 1.13475
833.961 321.963 0.220272 -0.0183263 1.09432
912.562 411.04 0.272939 -0.0475912 1.1101
919.058 550.996 0.319567 -0.050854 1.08976
803.648 308.603 0.273534 -0.0200846 1.16297
567.378 346.051 0.244202 0.0565093 1.11742
686.095 238.66 0.316449 0.0295139 1.28194
547.431 467.537 0.26967 0.0640041 1.09292
560.049 321.754 0.264084 0.0678147 1.15227
953.491 478.121 0.419411 -0.111752 1.18352
695.97 316.336 0.292138 0.0215585 1.18397
927.558 64.8622 0.190671 -0.0576702 1.17752
552.154 84.9871 0.186218 0.0572089 1.1703
909.79 19.9548 0.171567 -0.0467986 1.16323
691.534 83.3389 -0.110922 0.00436945 0.712499
691.537 82.6062 -0.110916 0.0043697 0.7125
694.907 95.8614 -0.110626 0.00438585 0.712889
918.78 593.431 -0.107532 0.00575858 0.720981
855.529 539.722 0.511053 -0.0714897 1.19536
810.835 331.292 0.200839 -0.00933378 1.06971
936.645 434.718 0.301683 -0.0629659 1.12355
768.284 439.736 1.35234 -0.135718 1.68985
808.463 541.161 0.340292 -0.0171005 1.10763
559.674 598.421 0.283691 0.058461 1.05921
739.942 432.853 1.89262 -0.0599484 1.88282
688.14 136.095 0.44646 0.114807 2.54873
916.847 214.186 0.243207 -0.060805 1.17521
746.017 465.988 1.50731 -0.0495316 1.64594
