675.194 333.363 0.275457 0.029434 1.15303
549.685 75.6886 0.185282 0.0560675 1.15935
944.641 31.6115 0.182496 -0.0527719 1.16537
911.991 65.7544 0.196402 -0.0481887 1.17738
814.045 169.364 0.213417 -0.0159746 1.14936
792.805 197.567 0.223284 -0.010236 1.15108
672.231 47.974 0.184377 0.0225081 1.17155
836.04 261.709 0.161711 -0.0052955 1.03584
577.779 172.36 0.0834182 0.0175433 0.943319
623.238 81.2021 0.141851 0.024679 1.05729
645.936 73.0841 0.187383 0.0299188 1.16208
907.6 542.901 0.350062 -0.0510537 1.11386
914.584 423.159 0.296997 -0.0493766 1.12569
803.584 65.7751 0.19331 -0.0154592 1.1749
645.611 97.6059 0.204855 0.0332382 1.18672
491.876 21.4967 0.169844 0.0683458 1.15935
520.109 54.5102 0.18211 0.0650658 1.16795
658.3 345.98 0.248513 0.0311328 1.11708
864.444 274 0.150153 -0.00657198 1.01786
787.272 198.897 0.22488 -0.00882206 1.15316
521.74 55.9409 0.176134 0.0603511 1.1507
657.624 75.1825 0.193262 0.0277189 1.1748
927.396 199.536 0.233533 -0.0539981 1.16212
641.171 267.272 0.426821 0.0872188 1.42015
791.506 197.531 0.213327 -0.00805631 1.13473
898.391 169.205 0.227518 -0.0463231 1.17165
570.051 611.169 0.301823 0.0596918 1.06792
912.01 67.7694 0.193836 -0.0461091 1.16957
804.764 97.5759 0.213198 -0.0192033 1.19853
552.504 325.214 0.260966 0.0679143 1.14376
767.137 134.147 -0.206248 0.00280114 0.608047
588.477 234.382 0.0840014 0.0169274 0.938995
612.758 195.997 0.0877537 0.0163047 0.947234
537.93 214.775 0.228138 0.0680526 1.15805
518.129 213.281 0.214309 0.0671979 1.13667
817.308 66.4034 0.190709 -0.0184147 1.16725
782.504 28.451 0.179316 -0.00843904 1.16696
557.055 312.246 0.274847 0.072977 1.1676
548.55 474.943 0.290667 0.0694826 1.107
905.607 322.204 0.274568 -0.0496013 1.15117
787.953 46.1759 0.186571 -0.0106024 1.17305
932.373 303.654 0.259886 -0.0542926 1.14259
809.443 178.614 0.214442 -0.0142991 1.14611
554.293 620.757 0.293806 0.0616364 1.06087
562.875 342.41 0.254351 0.0609578 1.12753
566.2 563.867 0.324678 0.0689813 1.09685
680.959 209.252 0.232385 0.0239125 1.16326
696.002 575.044 0.440595 0.0343978 1.15169
536.803 599.973 0.282767 0.0640688 1.06061
938.689 541.808 0.328202 -0.0553822 1.10062
762.508 191.23 0.342322 -0.0208985 1.3817
931.367 167.015 0.211637 -0.0476476 1.14354
652.377 69.7554 0.19075 0.0289212 1.17276
820.519 635.678 0.389886 -0.0187066 1.09924
673.898 54.1908 0.186721 0.0222672 1.17301
789.882 28.0073 0.178153 -0.010126 1.16366
930.544 31.9465 0.176732 -0.0446878 1.15054
803.386 180.306 0.201689 -0.00979988 1.12357
551.787 466.465 0.287996 0.0680955 1.10809
933.645 167.867 0.209089 -0.0467317 1.13856
690.624 203.474 0.21184 0.0192364 1.13235
810.001 326.453 0.275433 -0.0172527 1.1527
918.011 326.062 0.132048 -0.00718467 0.986568
683.471 183.431 0.193166 0.019554 1.11107
558.173 202.251 0.228502 0.0628908 1.16554
929.924 194.754 0.233057 -0.0552297 1.1641
810.359 178.117 0.232201 -0.0190801 1.17775
940.056 302.715 0.249741 -0.0521102 1.13067
649.21 66.7094 0.183805 0.0284145 1.1574
558.576 461.766 0.294493 0.0682778 1.1151
793.528 310.482 0.26706 -0.0112934 1.1517
800.695 56.9024 0.185795 -0.0130626 1.16246
670.259 334.612 0.274871 0.0310651 1.15185
929.047 317.738 0.250026 -0.0473898 1.12451
688.819 247.327 0.339774 0.0319183 1.30593
661.171 460.404 0.235257 0.0275248 1.06435
940.569 228.807 0.326871 -0.113782 1.28909
528.278 208.713 0.216608 0.065861 1.14259
930.549 306.996 0.266403 -0.0562344 1.14874
535.061 476.546 0.270108 0.0665931 1.09026
923.099 434.977 0.291515 -0.049012 1.11594
927.64 437.974 0.306158 -0.055282 1.12666
751.221 460.861 1.21617 -0.049111 1.59806
524.715 61.0293 0.185064 0.0648949 1.17077
522.098 635.463 0.27254 0.0632789 1.04545
926.407 49.0086 0.193346 -0.0531619 1.18184
614.31 599.375 0.45483 0.0789735 1.14745
838.729 325.673 0.229421 -0.0165002 1.09961
918.921 417.003 0.27988 -0.0455471 1.11328
926.815 561.47 0.324732 -0.0486675 1.0917
811.459 312.205 0.271505 -0.017987 1.15558
569.194 349.964 0.253887 0.0584244 1.12347
687.49 243.269 0.327502 0.0313602 1.29081
550.463 470.68 0.281689 0.0662263 1.10142
560.803 325.716 0.27307 0.0697049 1.15774
958.55 485.58 0.425315 -0.109487 1.18666
697.237 320.722 0.300626 0.0234894 1.18898
932.265 66.302 0.198692 -0.0556099 1.18166
546.788 76.9359 0.188272 0.0584736 1.16615
912.654 24.7475 0.182204 -0.0453413 1.17135
859.36 549.892 0.513452 -0.0689768 1.19615
817.078 334.573 0.208882 -0.00747304 1.07357
771.722 454.993 1.24606 -0.11953 1.6224
811.974 551.121 0.34602 -0.0149817 1.10999
562.789 602.984 0.295816 0.0605242 1.06704
739.819 436.352 1.89314 -0.0584531 1.88937
689.266 143.959 0.463642 0.118128 2.59698
919.452 217.125 0.253088 -0.0593034 1.18272
746.244 470.233 1.51033 -0.0492222 1.65282
