737.739 182.424 0.255652 -0.476865 4.93361
717.879 178.323 -0.0788718 -0.143243 5.67242
732.452 0.928555 -0.0959189 -0.16561 3.19347
698.819 17.1006 -0.106847 0.0129709 0.393771
631.492 101.736 0.294546 0.0204436 0.896037
647.245 523.64 0.00996117 0.0162475 0.457691
486.605 534.1 0.34701 0.0455096 0.868925
671.379 265.477 0.663979 0.0750191 1.47065
705.269 264.088 0.676547 0.0257369 1.49252
659.812 135.463 0.299406 0.0170356 0.895348
617.853 71.1624 0.284961 0.0208696 0.884586
680.293 319.508 0.333539 0.0165674 0.899029
536.683 551.857 0.032169 0.0170167 0.493577
777.144 93.4541 -0.0179001 0.00794497 0.459011
765.038 130.955 -0.0390787 0.00760732 0.43469
650.417 360.887 0.359366 0.0241043 0.920483
553.347 83.672 0.0315828 0.0149035 0.510119
644.514 511.23 0.0111517 0.0161608 0.460885
642.362 581.713 0.0199238 0.0157214 0.470095
609.199 62.0975 0.283602 0.0217531 0.884272
854.219 122.023 0.319972 -0.0162818 0.937151
837.641 313.377 0.337527 -0.0091335 0.903425
833.543 351.342 0.404062 -0.0210423 0.973462
830.016 143.792 0.307568 -0.00746061 0.905358
499.354 123.463 0.308031 0.0438024 0.920029
568.772 483.196 1.07046 0.327622 1.36104
553.886 108.863 0.354007 0.0568666 1.03609
853.91 120.582 0.311156 -0.013212 0.919617
481.075 209.609 0.333562 0.0547867 0.937576
493.849 474.122 0.458438 0.0890172 0.984318
840.839 339.558 0.369287 -0.0154851 0.935801
718.646 606.174 1.02757 0.0333633 1.15912
523.336 494.498 0.361294 0.0451012 0.889655
889.197 95.3628 0.298187 -0.014908 0.900697
834.204 131.391 0.30467 -0.00778506 0.903569
696.081 182.739 0.325567 0.0130365 0.928378
657.857 132.623 0.2995 0.0173185 0.896396
864.95 115.127 0.303968 -0.0126862 0.906718
614.471 83.9635 0.285934 0.0213235 0.883207
645.201 344.574 0.332821 0.021941 0.892295
685 530.994 0.367191 0.0182021 0.884868
650.174 351.055 0.329708 0.0208129 0.886788
726.437 147.698 0.566398 -0.0678013 2.4564
882.303 340.853 0.318602 -0.0103423 0.872255
646.216 351.851 0.329789 0.0214018 0.886757
835.896 145.278 0.309818 -0.00886573 0.909035
707.552 314.68 0.337953 0.0122739 0.905738
674.699 176.065 0.325695 0.0168709 0.93156
842.082 125.032 0.301715 -0.00832047 0.899612
914.207 308.813 0.307655 -0.0123464 0.86427
668.85 331.965 0.325323 0.0177334 0.885415
666.258 513.294 0.361983 0.0209462 0.884358
513.416 50.6464 0.321594 0.0544057 0.99013
844.457 544.657 -0.0460058 -0.00428228 0.342923
731.575 1.61301 -0.0980357 -0.161613 3.20217
770.109 607.163 -0.0580768 0.0057625 0.285531
770.109 607.163 -0.0580768 0.0057625 0.285531
770.109 607.163 -0.0580768 0.0057625 0.285531
770.109 607.163 -0.0580768 0.0057625 0.285531
770.109 607.163 -0.0580768 0.0057625 0.285531
770.109 607.163 -0.0580768 0.0057625 0.285531
770.109 607.163 -0.0580768 0.0057625 0.285531
770.109 607.163 -0.0580768 0.0057625 0.285531
770.109 607.163 -0.0580768 0.0057625 0.285531
770.109 607.163 -0.0580768 0.0057625 0.285531
770.109 607.163 -0.0580768 0.0057625 0.285531
770.109 607.163 -0.0580768 0.0057625 0.285531
770.109 607.163 -0.0580768 0.0057625 0.285531
770.109 607.163 -0.0580768 0.0057625 0.285531
770.109 607.163 -0.0580768 0.0057625 0.285531
770.109 607.163 -0.0580768 0.0057625 0.285531
770.109 607.163 -0.0580768 0.0057625 0.285531
770.109 607.163 -0.0580768 0.0057625 0.285531
770.109 607.163 -0.0580768 0.0057625 0.285531
770.109 607.163 -0.0580768 0.0057625 0.285531
770.109 607.163 -0.0580768 0.0057625 0.285531
770.109 607.163 -0.0580768 0.0057625 0.285531
770.109 607.163 -0.0580768 0.0057625 0.285531
770.109 607.163 -0.0580768 0.0057625 0.285531
770.109 607.163 -0.0580768 0.0057625 0.285531
770.109 607.163 -0.0580768 0.0057625 0.285531
770.109 607.163 -0.0580768 0.0057625 0.285531
770.109 607.163 -0.0580768 0.0057625 0.285531
770.109 607.163 -0.0580768 0.0057625 0.285531
770.109 607.163 -0.0580768 0.0057625 0.285531
770.109 607.163 -0.0580768 0.0057625 0.285531
770.109 607.163 -0.0580768 0.0057625 0.285531
770.109 607.163 -0.0580768 0.0057625 0.285531
770.109 607.163 -0.0580768 0.0057625 0.285531
770.109 607.163 -0.0580768 0.0057625 0.285531
770.109 607.163 -0.0580768 0.0057625 0.285531
770.109 607.163 -0.0580768 0.0057625 0.285531
770.109 607.163 -0.0580768 0.0057625 0.285531
770.109 607.163 -0.0580768 0.0057625 0.285531
770.109 607.163 -0.0580768 0.0057625 0.285531
770.109 607.163 -0.0580768 0.0057625 0.285531
770.109 607.163 -0.0580768 0.0057625 0.285531
770.109 607.163 -0.0580768 0.0057625 0.285531
770.109 607.163 -0.0580768 0.0057625 0.285531
770.109 607.163 -0.0580768 0.0057625 0.285531
770.109 607.163 -0.0580768 0.0057625 0.285531
770.109 607.163 -0.0580768 0.0057625 0.285531
770.109 607.163 -0.0580768 0.0057625 0.285531
770.109 607.163 -0.0580768 0.0057625 0.285531
770.109 607.163 -0.0580768 0.0057625 0.285531
770.109 607.163 -0.0580768 0.0057625 0.285531
770.109 607.163 -0.0580768 0.0057625 0.285531
770.109 607.163 -0.0580768 0.0057625 0.285531
770.109 607.163 -0.0580768 0.0057625 0.285531
770.109 607.163 -0.0580768 0.0057625 0.285531
770.109 607.163 -0.0580768 0.0057625 0.285531
770.109 607.163 -0.0580768 0.0057625 0.285531
770.109 607.163 -0.0580768 0.0057625 0.285531
770.109 607.163 -0.0580768 0.0057625 0.285531
770.109 607.163 -0.0580768 0.0057625 0.285531
770.109 607.163 -0.0580768 0.0057625 0.285531
770.109 607.163 -0.0580768 0.0057625 0.285531
770.109 607.163 -0.0580768 0.0057625 0.285531
770.109 607.163 -0.0580768 0.0057625 0.285531
770.109 607.163 -0.0580768 0.0057625 0.285531
770.109 607.163 -0.0580768 0.0057625 0.285531
770.109 607.163 -0.0580768 0.0057625 0.285531
770.109 607.163 -0.0580768 0.0057625 0.285531
770.109 607.163 -0.0580768 0.0057625 0.285531
770.109 607.163 -0.0580768 0.0057625 0.285531
770.109 607.163 -0.0580768 0.0057625 0.285531
770.109 607.163 -0.0580768 0.0057625 0.285531
770.109 607.163 -0.0580768 0.0057625 0.285531
770.109 607.163 -0.0580768 0.0057625 0.285531
770.109 607.163 -0.0580768 0.0057625 0.285531
770.109 607.163 -0.0580768 0.0057625 0.285531
770.109 607.163 -0.0580768 0.0057625 0.285531
770.109 607.163 -0.0580768 0.0057625 0.285531
770.109 607.163 -0.0580768 0.0057625 0.285531
770.109 607.163 -0.0580768 0.0057625 0.285531
770.109 607.163 -0.0580768 0.0057625 0.285531
770.109 607.163 -0.0580768 0.0057625 0.285531
770.109 607.163 -0.0580768 0.0057625 0.285531
770.109 607.163 -0.0580768 0.0057625 0.285531
770.109 607.163 -0.0580768 0.0057625 0.285531
770.109 607.163 -0.0580768 0.0057625 0.285531
770.109 607.163 -0.0580768 0.0057625 0.285531
770.109 607.163 -0.0580768 0.0057625 0.285531
770.109 607.163 -0.0580768 0.0057625 0.285531
770.109 607.163 -0.0580768 0.0057625 0.285531
770.109 607.163 -0.0580768 0.0057625 0.285531
770.109 607.163 -0.0580768 0.0057625 0.285531
770.109 607.163 -0.0580768 0.0057625 0.285531
770.109 607.163 -0.0580768 0.0057625 0.285531
770.109 607.163 -0.0580768 0.0057625 0.285531
770.109 607.163 -0.0580768 0.0057625 0.285531
770.109 607.163 -0.0580768 0.0057625 0.285531
770.109 607.163 -0.0580768 0.0057625 0.285531
770.109 607.163 -0.0580768 0.0057625 0.285531
770.109 607.163 -0.0580768 0.0057625 0.285531
770.109 607.163 -0.0580768 0.0057625 0.285531
770.109 607.163 -0.0580768 0.0057625 0.285531
770.109 607.163 -0.0580768 0.0057625 0.285531
770.109 607.163 -0.0580768 0.0057625 0.285531
770.109 607.163 -0.0580768 0.0057625 0.285531
770.109 607.163 -0.0580768 0.0057625 0.285531
770.109 607.163 -0.0580768 0.0057625 0.285531
770.109 607.163 -0.0580768 0.0057625 0.285531
770.109 607.163 -0.0580768 0.0057625 0.285531
770.109 607.163 -0.0580768 0.0057625 0.285531
770.109 607.163 -0.0580768 0.0057625 0.285531
770.109 607.163 -0.0580768 0.0057625 0.285531
770.109 607.163 -0.0580768 0.0057625 0.285531
770.109 607.163 -0.0580768 0.0057625 0.285531
770.109 607.163 -0.0580768 0.0057625 0.285531
770.109 607.163 -0.0580768 0.0057625 0.285531
770.109 607.163 -0.0580768 0.0057625 0.285531
770.109 607.163 -0.0580768 0.0057625 0.285531
770.109 607.163 -0.0580768 0.0057625 0.285531
770.109 607.163 -0.0580768 0.0057625 0.285531
770.109 607.163 -0.0580768 0.0057625 0.285531
770.109 607.163 -0.0580768 0.0057625 0.285531
770.109 607.163 -0.0580768 0.0057625 0.285531
770.109 607.163 -0.0580768 0.0057625 0.285531
770.109 607.163 -0.0580768 0.0057625 0.285531
770.109 607.163 -0.0580768 0.0057625 0.285531
770.109 607.163 -0.0580768 0.0057625 0.285531
770.109 607.163 -0.0580768 0.0057625 0.285531
770.109 607.163 -0.0580768 0.0057625 0.285531
770.109 607.163 -0.0580768 0.0057625 0.285531
770.109 607.163 -0.0580768 0.0057625 0.285531
770.109 607.163 -0.0580768 0.0057625 0.285531
770.109 607.163 -0.0580768 0.0057625 0.285531
770.109 607.163 -0.0580768 0.0057625 0.285531
770.109 607.163 -0.0580768 0.0057625 0.285531
770.109 607.163 -0.0580768 0.0057625 0.285531
770.109 607.163 -0.0580768 0.0057625 0.285531
770.109 607.163 -0.0580768 0.0057625 0.285531
770.109 607.163 -0.0580768 0.0057625 0.285531
770.109 607.163 -0.0580768 0.0057625 0.285531
770.109 607.163 -0.0580768 0.0057625 0.285531
770.109 607.163 -0.0580768 0.0057625 0.285531
770.109 607.163 -0.0580768 0.0057625 0.285531
770.109 607.163 -0.0580768 0.0057625 0.285531
770.109 607.163 -0.0580768 0.0057625 0.285531
770.109 607.163 -0.0580768 0.0057625 0.285531
770.109 607.163 -0.0580768 0.0057625 0.285531
770.109 607.163 -0.0580768 0.0057625 0.285531
770.109 607.163 -0.0580768 0.0057625 0.285531
770.109 607.163 -0.0580768 0.0057625 0.285531
770.109 607.163 -0.0580768 0.0057625 0.285531
770.109 607.163 -0.0580768 0.0057625 0.285531
770.109 607.163 -0.0580768 0.0057625 0.285531
770.109 607.163 -0.0580768 0.0057625 0.285531
770.109 607.163 -0.0580768 0.0057625 0.285531
770.109 607.163 -0.0580768 0.0057625 0.285531
770.109 607.163 -0.0580768 0.0057625 0.285531
770.109 607.163 -0.0580768 0.0057625 0.285531
770.109 607.163 -0.0580768 0.0057625 0.285531
770.109 607.163 -0.0580768 0.0057625 0.285531
770.109 607.163 -0.0580768 0.0057625 0.285531
770.109 607.163 -0.0580768 0.0057625 0.285531
770.109 607.163 -0.0580768 0.0057625 0.285531
770.109 607.163 -0.0580768 0.0057625 0.285531
770.109 607.163 -0.0580768 0.0057625 0.285531
770.109 607.163 -0.0580768 0.0057625 0.285531
770.109 607.163 -0.0580768 0.0057625 0.285531
770.109 607.163 -0.0580768 0.0057625 0.285531
770.109 607.163 -0.0580768 0.0057625 0.285531
770.109 607.163 -0.0580768 0.0057625 0.285531
770.109 607.163 -0.0580768 0.0057625 0.285531
770.109 607.163 -0.0580768 0.0057625 0.285531
770.109 607.163 -0.0580768 0.0057625 0.285531
770.109 607.163 -0.0580768 0.0057625 0.285531
770.109 607.163 -0.0580768 0.0057625 0.285531
770.109 607.163 -0.0580768 0.0057625 0.285531
770.109 607.163 -0.0580768 0.0057625 0.285531
770.109 607.163 -0.0580768 0.0057625 0.285531
770.109 607.163 -0.0580768 0.0057625 0.285531
770.109 607.163 -0.0580768 0.0057625 0.285531
770.109 607.163 -0.0580768 0.0057625 0.285531
770.109 607.163 -0.0580768 0.0057625 0.285531
770.109 607.163 -0.0580768 0.0057625 0.285531
770.109 607.163 -0.0580768 0.0057625 0.285531
770.109 607.163 -0.0580768 0.0057625 0.285531
770.109 607.163 -0.0580768 0.0057625 0.285531
770.109 607.163 -0.0580768 0.0057625 0.285531
770.109 607.163 -0.0580768 0.0057625 0.285531
770.109 607.163 -0.0580768 0.0057625 0.285531
770.109 607.163 -0.0580768 0.0057625 0.285531
770.109 607.163 -0.0580768 0.0057625 0.285531
770.109 607.163 -0.0580768 0.0057625 0.285531
770.109 607.163 -0.0580768 0.0057625 0.285531
770.109 607.163 -0.0580768 0.0057625 0.285531
770.109 607.163 -0.0580768 0.0057625 0.285531
770.109 607.163 -0.0580768 0.0057625 0.285531
770.109 607.163 -0.0580768 0.0057625 0.285531
770.109 607.163 -0.0580768 0.0057625 0.285531
770.109 607.163 -0.0580768 0.0057625 0.285531
770.109 607.163 -0.0580768 0.0057625 0.285531
770.109 607.163 -0.0580768 0.0057625 0.285531
770.109 607.163 -0.0580768 0.0057625 0.285531
770.109 607.163 -0.0580768 0.0057625 0.285531
770.109 607.163 -0.0580768 0.0057625 0.285531
770.109 607.163 -0.0580768 0.0057625 0.285531
770.109 607.163 -0.0580768 0.0057625 0.285531
770.109 607.163 -0.0580768 0.0057625 0.285531
770.109 607.163 -0.0580768 0.0057625 0.285531
770.109 607.163 -0.0580768 0.0057625 0.285531
770.109 607.163 -0.0580768 0.0057625 0.285531
770.109 607.163 -0.0580768 0.0057625 0.285531
770.109 607.163 -0.0580768 0.0057625 0.285531
770.109 607.163 -0.0580768 0.0057625 0.285531
770.109 607.163 -0.0580768 0.0057625 0.285531
770.109 607.163 -0.0580768 0.0057625 0.285531
770.109 607.163 -0.0580768 0.0057625 0.285531
770.109 607.163 -0.0580768 0.0057625 0.285531
770.109 607.163 -0.0580768 0.0057625 0.285531
770.109 607.163 -0.0580768 0.0057625 0.285531
770.109 607.163 -0.0580768 0.0057625 0.285531
770.109 607.163 -0.0580768 0.0057625 0.285531
770.109 607.163 -0.0580768 0.0057625 0.285531
770.109 607.163 -0.0580768 0.0057625 0.285531
770.109 607.163 -0.0580768 0.0057625 0.285531
770.109 607.163 -0.0580768 0.0057625 0.285531
770.109 607.163 -0.0580768 0.0057625 0.285531
770.109 607.163 -0.0580768 0.0057625 0.285531
770.109 607.163 -0.0580768 0.0057625 0.285531
770.109 607.163 -0.0580768 0.0057625 0.285531
770.109 607.163 -0.0580768 0.0057625 0.285531
770.109 607.163 -0.0580768 0.0057625 0.285531
770.109 607.163 -0.0580768 0.0057625 0.285531
770.109 607.163 -0.0580768 0.0057625 0.285531
770.109 607.163 -0.0580768 0.0057625 0.285531
770.109 607.163 -0.0580768 0.0057625 0.285531
770.109 607.163 -0.0580768 0.0057625 0.285531
770.109 607.163 -0.0580768 0.0057625 0.285531
770.109 607.163 -0.0580768 0.0057625 0.285531
770.109 607.163 -0.0580768 0.0057625 0.285531
770.109 607.163 -0.0580768 0.0057625 0.285531
770.109 607.163 -0.0580768 0.0057625 0.285531
770.109 607.163 -0.0580768 0.0057625 0.285531
770.109 607.163 -0.0580768 0.0057625 0.285531
770.109 607.163 -0.0580768 0.0057625 0.285531
770.109 607.163 -0.0580768 0.0057625 0.285531
770.109 607.163 -0.0580768 0.0057625 0.285531
770.109 607.163 -0.0580768 0.0057625 0.285531
770.109 607.163 -0.0580768 0.0057625 0.285531
770.109 607.163 -0.0580768 0.0057625 0.285531
770.109 607.163 -0.0580768 0.0057625 0.285531
770.109 607.163 -0.0580768 0.0057625 0.285531
770.109 607.163 -0.0580768 0.0057625 0.285531
770.109 607.163 -0.0580768 0.0057625 0.285531
770.109 607.163 -0.0580768 0.0057625 0.285531
770.109 607.163 -0.0580768 0.0057625 0.285531
770.109 607.163 -0.0580768 0.0057625 0.285531
770.109 607.163 -0.0580768 0.0057625 0.285531
770.109 607.163 -0.0580768 0.0057625 0.285531
770.109 607.163 -0.0580768 0.0057625 0.285531
770.109 607.163 -0.0580768 0.0057625 0.285531
770.109 607.163 -0.0580768 0.0057625 0.285531
770.109 607.163 -0.0580768 0.0057625 0.285531
770.109 607.163 -0.0580768 0.0057625 0.285531
770.109 607.163 -0.0580768 0.0057625 0.285531
770.109 607.163 -0.0580768 0.0057625 0.285531
770.109 607.163 -0.0580768 0.0057625 0.285531
770.109 607.163 -0.0580768 0.0057625 0.285531
770.109 607.163 -0.0580768 0.0057625 0.285531
770.109 607.163 -0.0580768 0.0057625 0.285531
770.109 607.163 -0.0580768 0.0057625 0.285531
770.109 607.163 -0.0580768 0.0057625 0.285531
770.109 607.163 -0.0580768 0.0057625 0.285531
770.109 607.163 -0.0580768 0.0057625 0.285531
770.109 607.163 -0.0580768 0.0057625 0.285531
770.109 607.163 -0.0580768 0.0057625 0.285531
770.109 607.163 -0.0580768 0.0057625 0.285531
770.109 607.163 -0.0580768 0.0057625 0.285531
770.109 607.163 -0.0580768 0.0057625 0.285531
770.109 607.163 -0.0580768 0.0057625 0.285531
770.109 607.163 -0.0580768 0.0057625 0.285531
770.109 607.163 -0.0580768 0.0057625 0.285531
770.109 607.163 -0.0580768 0.0057625 0.285531
770.109 607.163 -0.0580768 0.0057625 0.285531
770.109 607.163 -0.0580768 0.0057625 0.285531
770.109 607.163 -0.0580768 0.0057625 0.285531
770.109 607.163 -0.0580768 0.0057625 0.285531
770.109 607.163 -0.0580768 0.0057625 0.285531
770.109 607.163 -0.0580768 0.0057625 0.285531
770.109 607.163 -0.0580768 0.0057625 0.285531
770.109 607.163 -0.0580768 0.0057625 0.285531
770.109 607.163 -0.0580768 0.0057625 0.285531
770.109 607.163 -0.0580768 0.0057625 0.285531
770.109 607.163 -0.0580768 0.0057625 0.285531
770.109 607.163 -0.0580768 0.0057625 0.285531
770.109 607.163 -0.0580768 0.0057625 0.285531
770.109 607.163 -0.0580768 0.0057625 0.285531
770.109 607.163 -0.0580768 0.0057625 0.285531
770.109 607.163 -0.0580768 0.0057625 0.285531
770.109 607.163 -0.0580768 0.0057625 0.285531
770.109 607.163 -0.0580768 0.0057625 0.285531
770.109 607.163 -0.0580768 0.0057625 0.285531
770.109 607.163 -0.0580768 0.0057625 0.285531
770.109 607.163 -0.0580768 0.0057625 0.285531
770.109 607.163 -0.0580768 0.0057625 0.285531
770.109 607.163 -0.0580768 0.0057625 0.285531
770.109 607.163 -0.0580768 0.0057625 0.285531
770.109 607.163 -0.0580768 0.0057625 0.285531
770.109 607.163 -0.0580768 0.0057625 0.285531
770.109 607.163 -0.0580768 0.0057625 0.285531
770.109 607.163 -0.0580768 0.0057625 0.285531
770.109 607.163 -0.0580768 0.0057625 0.285531
770.109 607.163 -0.0580768 0.0057625 0.285531
770.109 607.163 -0.0580768 0.0057625 0.285531
770.109 607.163 -0.0580768 0.0057625 0.285531
770.109 607.163 -0.0580768 0.0057625 0.285531
770.109 607.163 -0.0580768 0.0057625 0.285531
770.109 607.163 -0.0580768 0.0057625 0.285531
770.109 607.163 -0.0580768 0.0057625 0.285531
770.109 607.163 -0.0580768 0.0057625 0.285531
770.109 607.163 -0.0580768 0.0057625 0.285531
770.109 607.163 -0.0580768 0.0057625 0.285531
770.109 607.163 -0.0580768 0.0057625 0.285531
770.109 607.163 -0.0580768 0.0057625 0.285531
770.109 607.163 -0.0580768 0.0057625 0.285531
770.109 607.163 -0.0580768 0.0057625 0.285531
770.109 607.163 -0.0580768 0.0057625 0.285531
770.109 607.163 -0.0580768 0.0057625 0.285531
770.109 607.163 -0.0580768 0.0057625 0.285531
770.109 607.163 -0.0580768 0.0057625 0.285531
770.109 607.163 -0.0580768 0.0057625 0.285531
770.109 607.163 -0.0580768 0.0057625 0.285531
770.109 607.163 -0.0580768 0.0057625 0.285531
770.109 607.163 -0.0580768 0.0057625 0.285531
770.109 607.163 -0.0580768 0.0057625 0.285531
770.109 607.163 -0.0580768 0.0057625 0.285531
770.109 607.163 -0.0580768 0.0057625 0.285531
770.109 607.163 -0.0580768 0.0057625 0.285531
770.109 607.163 -0.0580768 0.0057625 0.285531
770.109 607.163 -0.0580768 0.0057625 0.285531
770.109 607.163 -0.0580768 0.0057625 0.285531
770.109 607.163 -0.0580768 0.0057625 0.285531
770.109 607.163 -0.0580768 0.0057625 0.285531
770.109 607.163 -0.0580768 0.0057625 0.285531
770.109 607.163 -0.0580768 0.0057625 0.285531
770.109 607.163 -0.0580768 0.0057625 0.285531
770.109 607.163 -0.0580768 0.0057625 0.285531
770.109 607.163 -0.0580768 0.0057625 0.285531
770.109 607.163 -0.0580768 0.0057625 0.285531
770.109 607.163 -0.0580768 0.0057625 0.285531
770.109 607.163 -0.0580768 0.0057625 0.285531
770.109 607.163 -0.0580768 0.0057625 0.285531
770.109 607.163 -0.0580768 0.0057625 0.285531
770.109 607.163 -0.0580768 0.0057625 0.285531
770.109 607.163 -0.0580768 0.0057625 0.285531
770.109 607.163 -0.0580768 0.0057625 0.285531
770.109 607.163 -0.0580768 0.0057625 0.285531
770.109 607.163 -0.0580768 0.0057625 0.285531
770.109 607.163 -0.0580768 0.0057625 0.285531
770.109 607.163 -0.0580768 0.0057625 0.285531
770.109 607.163 -0.0580768 0.0057625 0.285531
770.109 607.163 -0.0580768 0.0057625 0.285531
770.109 607.163 -0.0580768 0.0057625 0.285531
770.109 607.163 -0.0580768 0.0057625 0.285531
770.109 607.163 -0.0580768 0.0057625 0.285531
770.109 607.163 -0.0580768 0.0057625 0.285531
770.109 607.163 -0.0580768 0.0057625 0.285531
770.109 607.163 -0.0580768 0.0057625 0.285531
770.109 607.163 -0.0580768 0.0057625 0.285531
770.109 607.163 -0.0580768 0.0057625 0.285531
770.109 607.163 -0.0580768 0.0057625 0.285531
770.109 607.163 -0.0580768 0.0057625 0.285531
770.109 607.163 -0.0580768 0.0057625 0.285531
770.109 607.163 -0.0580768 0.0057625 0.285531
770.109 607.163 -0.0580768 0.0057625 0.285531
770.109 607.163 -0.0580768 0.0057625 0.285531
770.109 607.163 -0.0580768 0.0057625 0.285531
770.109 607.163 -0.0580768 0.0057625 0.285531
770.109 607.163 -0.0580768 0.0057625 0.285531
770.109 607.163 -0.0580768 0.0057625 0.285531
770.109 607.163 -0.0580768 0.0057625 0.285531
770.109 607.163 -0.0580768 0.0057625 0.285531
770.109 607.163 -0.0580768 0.0057625 0.285531
770.109 607.163 -0.0580768 0.0057625 0.285531
770.109 607.163 -0.0580768 0.0057625 0.285531
770.109 607.163 -0.0580768 0.0057625 0.285531
770.109 607.163 -0.0580768 0.0057625 0.285531
770.109 607.163 -0.0580768 0.0057625 0.285531
770.109 607.163 -0.0580768 0.0057625 0.285531
770.109 607.163 -0.0580768 0.0057625 0.285531
770.109 607.163 -0.0580768 0.0057625 0.285531
770.109 607.163 -0.0580768 0.0057625 0.285531
770.109 607.163 -0.0580768 0.0057625 0.285531
770.109 607.163 -0.0580768 0.0057625 0.285531
770.109 607.163 -0.0580768 0.0057625 0.285531
770.109 607.163 -0.0580768 0.0057625 0.285531
770.109 607.163 -0.0580768 0.0057625 0.285531
770.109 607.163 -0.0580768 0.0057625 0.285531
770.109 607.163 -0.0580768 0.0057625 0.285531
770.109 607.163 -0.0580768 0.0057625 0.285531
770.109 607.163 -0.0580768 0.0057625 0.285531
770.109 607.163 -0.0580768 0.0057625 0.285531
770.109 607.163 -0.0580768 0.0057625 0.285531
770.109 607.163 -0.0580768 0.0057625 0.285531
770.109 607.163 -0.0580768 0.0057625 0.285531
770.109 607.163 -0.0580768 0.0057625 0.285531
770.109 607.163 -0.0580768 0.0057625 0.285531
770.109 607.163 -0.0580768 0.0057625 0.285531
770.109 607.163 -0.0580768 0.0057625 0.285531
770.109 607.163 -0.0580768 0.0057625 0.285531
770.109 607.163 -0.0580768 0.0057625 0.285531
770.109 607.163 -0.0580768 0.0057625 0.285531
770.109 607.163 -0.0580768 0.0057625 0.285531
770.109 607.163 -0.0580768 0.0057625 0.285531
770.109 607.163 -0.0580768 0.0057625 0.285531
770.109 607.163 -0.0580768 0.0057625 0.285531
770.109 607.163 -0.0580768 0.0057625 0.285531
770.109 607.163 -0.0580768 0.0057625 0.285531
770.109 607.163 -0.0580768 0.0057625 0.285531
770.109 607.163 -0.0580768 0.0057625 0.285531
770.109 607.163 -0.0580768 0.0057625 0.285531
770.109 607.163 -0.0580768 0.0057625 0.285531
770.109 607.163 -0.0580768 0.0057625 0.285531
770.109 607.163 -0.0580768 0.0057625 0.285531
770.109 607.163 -0.0580768 0.0057625 0.285531
770.109 607.163 -0.0580768 0.0057625 0.285531
770.109 607.163 -0.0580768 0.0057625 0.285531
770.109 607.163 -0.0580768 0.0057625 0.285531
770.109 607.163 -0.0580768 0.0057625 0.285531
770.109 607.163 -0.0580768 0.0057625 0.285531
770.109 607.163 -0.0580768 0.0057625 0.285531
770.109 607.163 -0.0580768 0.0057625 0.285531
770.109 607.163 -0.0580768 0.0057625 0.285531
770.109 607.163 -0.0580768 0.0057625 0.285531
770.109 607.163 -0.0580768 0.0057625 0.285531
770.109 607.163 -0.0580768 0.0057625 0.285531
770.109 607.163 -0.0580768 0.0057625 0.285531
770.109 607.163 -0.0580768 0.0057625 0.285531
770.109 607.163 -0.0580768 0.0057625 0.285531
770.109 607.163 -0.0580768 0.0057625 0.285531
770.109 607.163 -0.0580768 0.0057625 0.285531
770.109 607.163 -0.0580768 0.0057625 0.285531
770.109 607.163 -0.0580768 0.0057625 0.285531
770.109 607.163 -0.0580768 0.0057625 0.285531
770.109 607.163 -0.0580768 0.0057625 0.285531
770.109 607.163 -0.0580768 0.0057625 0.285531
770.109 607.163 -0.0580768 0.0057625 0.285531
770.109 607.163 -0.0580768 0.0057625 0.285531
770.109 607.163 -0.0580768 0.0057625 0.285531
770.109 607.163 -0.0580768 0.0057625 0.285531
770.109 607.163 -0.0580768 0.0057625 0.285531
770.109 607.163 -0.0580768 0.0057625 0.285531
770.109 607.163 -0.0580768 0.0057625 0.285531
770.109 607.163 -0.0580768 0.0057625 0.285531
770.109 607.163 -0.0580768 0.0057625 0.285531
770.109 607.163 -0.0580768 0.0057625 0.285531
770.109 607.163 -0.0580768 0.0057625 0.285531
770.109 607.163 -0.0580768 0.0057625 0.285531
770.109 607.163 -0.0580768 0.0057625 0.285531
770.109 607.163 -0.0580768 0.0057625 0.285531
770.109 607.163 -0.0580768 0.0057625 0.285531
770.109 607.163 -0.0580768 0.0057625 0.285531
770.109 607.163 -0.0580768 0.0057625 0.285531
770.109 607.163 -0.0580768 0.0057625 0.285531
770.109 607.163 -0.0580768 0.0057625 0.285531
770.109 607.163 -0.0580768 0.0057625 0.285531
770.109 607.163 -0.0580768 0.0057625 0.285531
770.109 607.163 -0.0580768 0.0057625 0.285531
770.109 607.163 -0.0580768 0.0057625 0.285531
770.109 607.163 -0.0580768 0.0057625 0.285531
770.109 607.163 -0.0580768 0.0057625 0.285531
770.109 607.163 -0.0580768 0.0057625 0.285531
770.109 607.163 -0.0580768 0.0057625 0.285531
770.109 607.163 -0.0580768 0.0057625 0.285531
770.109 607.163 -0.0580768 0.0057625 0.285531
770.109 607.163 -0.0580768 0.0057625 0.285531
770.109 607.163 -0.0580768 0.0057625 0.285531
770.109 607.163 -0.0580768 0.0057625 0.285531
770.109 607.163 -0.0580768 0.0057625 0.285531
770.109 607.163 -0.0580768 0.0057625 0.285531
770.109 607.163 -0.0580768 0.0057625 0.285531
770.109 607.163 -0.0580768 0.0057625 0.285531
770.109 607.163 -0.0580768 0.0057625 0.285531
770.109 607.163 -0.0580768 0.0057625 0.285531
770.109 607.163 -0.0580768 0.0057625 0.285531
770.109 607.163 -0.0580768 0.0057625 0.285531
770.109 607.163 -0.0580768 0.0057625 0.285531
770.109 607.163 -0.0580768 0.0057625 0.285531
770.109 607.163 -0.0580768 0.0057625 0.285531
770.109 607.163 -0.0580768 0.0057625 0.285531
770.109 607.163 -0.0580768 0.0057625 0.285531
770.109 607.163 -0.0580768 0.0057625 0.285531
770.109 607.163 -0.0580768 0.0057625 0.285531
770.109 607.163 -0.0580768 0.0057625 0.285531
770.109 607.163 -0.0580768 0.0057625 0.285531
770.109 607.163 -0.0580768 0.0057625 0.285531
770.109 607.163 -0.0580768 0.0057625 0.285531
770.109 607.163 -0.0580768 0.0057625 0.285531
770.109 607.163 -0.0580768 0.0057625 0.285531
770.109 607.163 -0.0580768 0.0057625 0.285531
770.109 607.163 -0.0580768 0.0057625 0.285531
770.109 607.163 -0.0580768 0.0057625 0.285531
770.109 607.163 -0.0580768 0.0057625 0.285531
770.109 607.163 -0.0580768 0.0057625 0.285531
770.109 607.163 -0.0580768 0.0057625 0.285531
770.109 607.163 -0.0580768 0.0057625 0.285531
770.109 607.163 -0.0580768 0.0057625 0.285531
770.109 607.163 -0.0580768 0.0057625 0.285531
770.109 607.163 -0.0580768 0.0057625 0.285531
770.109 607.163 -0.0580768 0.0057625 0.285531
770.109 607.163 -0.0580768 0.0057625 0.285531
770.109 607.163 -0.0580768 0.0057625 0.285531
770.109 607.163 -0.0580768 0.0057625 0.285531
770.109 607.163 -0.0580768 0.0057625 0.285531
770.109 607.163 -0.0580768 0.0057625 0.285531
770.109 607.163 -0.0580768 0.0057625 0.285531
770.109 607.163 -0.0580768 0.0057625 0.285531
770.109 607.163 -0.0580768 0.0057625 0.285531
770.109 607.163 -0.0580768 0.0057625 0.285531
770.109 607.163 -0.0580768 0.0057625 0.285531
770.109 607.163 -0.0580768 0.0057625 0.285531
770.109 607.163 -0.0580768 0.0057625 0.285531
770.109 607.163 -0.0580768 0.0057625 0.285531
770.109 607.163 -0.0580768 0.0057625 0.285531
770.109 607.163 -0.0580768 0.0057625 0.285531
770.109 607.163 -0.0580768 0.0057625 0.285531
770.109 607.163 -0.0580768 0.0057625 0.285531
770.109 607.163 -0.0580768 0.0057625 0.285531
770.109 607.163 -0.0580768 0.0057625 0.285531
770.109 607.163 -0.0580768 0.0057625 0.285531
770.109 607.163 -0.0580768 0.0057625 0.285531
770.109 607.163 -0.0580768 0.0057625 0.285531
770.109 607.163 -0.0580768 0.0057625 0.285531
770.109 607.163 -0.0580768 0.0057625 0.285531
770.109 607.163 -0.0580768 0.0057625 0.285531
770.109 607.163 -0.0580768 0.0057625 0.285531
770.109 607.163 -0.0580768 0.0057625 0.285531
770.109 607.163 -0.0580768 0.0057625 0.285531
770.109 607.163 -0.0580768 0.0057625 0.285531
770.109 607.163 -0.0580768 0.0057625 0.285531
770.109 607.163 -0.0580768 0.0057625 0.285531
770.109 607.163 -0.0580768 0.0057625 0.285531
770.109 607.163 -0.0580768 0.0057625 0.285531
770.109 607.163 -0.0580768 0.0057625 0.285531
770.109 607.163 -0.0580768 0.0057625 0.285531
770.109 607.163 -0.0580768 0.0057625 0.285531
770.109 607.163 -0.0580768 0.0057625 0.285531
770.109 607.163 -0.0580768 0.0057625 0.285531
770.109 607.163 -0.0580768 0.0057625 0.285531
770.109 607.163 -0.0580768 0.0057625 0.285531
770.109 607.163 -0.0580768 0.0057625 0.285531
770.109 607.163 -0.0580768 0.0057625 0.285531
770.109 607.163 -0.0580768 0.0057625 0.285531
770.109 607.163 -0.0580768 0.0057625 0.285531
770.109 607.163 -0.0580768 0.0057625 0.285531
770.109 607.163 -0.0580768 0.0057625 0.285531
770.109 607.163 -0.0580768 0.0057625 0.285531
770.109 607.163 -0.0580768 0.0057625 0.285531
770.109 607.163 -0.0580768 0.0057625 0.285531
770.109 607.163 -0.0580768 0.0057625 0.285531
770.109 607.163 -0.0580768 0.0057625 0.285531
770.109 607.163 -0.0580768 0.0057625 0.285531
770.109 607.163 -0.0580768 0.0057625 0.285531
770.109 607.163 -0.0580768 0.0057625 0.285531
770.109 607.163 -0.0580768 0.0057625 0.285531
770.109 607.163 -0.0580768 0.0057625 0.285531
770.109 607.163 -0.0580768 0.0057625 0.285531
770.109 607.163 -0.0580768 0.0057625 0.285531
770.109 607.163 -0.0580768 0.0057625 0.285531
770.109 607.163 -0.0580768 0.0057625 0.285531
770.109 607.163 -0.0580768 0.0057625 0.285531
770.109 607.163 -0.0580768 0.0057625 0.285531
770.109 607.163 -0.0580768 0.0057625 0.285531
770.109 607.163 -0.0580768 0.0057625 0.285531
770.109 607.163 -0.0580768 0.0057625 0.285531
770.109 607.163 -0.0580768 0.0057625 0.285531
770.109 607.163 -0.0580768 0.0057625 0.285531
770.109 607.163 -0.0580768 0.0057625 0.285531
770.109 607.163 -0.0580768 0.0057625 0.285531
770.109 607.163 -0.0580768 0.0057625 0.285531
770.109 607.163 -0.0580768 0.0057625 0.285531
770.109 607.163 -0.0580768 0.0057625 0.285531
770.109 607.163 -0.0580768 0.0057625 0.285531
770.109 607.163 -0.0580768 0.0057625 0.285531
770.109 607.163 -0.0580768 0.0057625 0.285531
770.109 607.163 -0.0580768 0.0057625 0.285531
770.109 607.163 -0.0580768 0.0057625 0.285531
770.109 607.163 -0.0580768 0.0057625 0.285531
770.109 607.163 -0.0580768 0.0057625 0.285531
770.109 607.163 -0.0580768 0.0057625 0.285531
770.109 607.163 -0.0580768 0.0057625 0.285531
770.109 607.163 -0.0580768 0.0057625 0.285531
770.109 607.163 -0.0580768 0.0057625 0.285531
770.109 607.163 -0.0580768 0.0057625 0.285531
770.109 607.163 -0.0580768 0.0057625 0.285531
770.109 607.163 -0.0580768 0.0057625 0.285531
770.109 607.163 -0.0580768 0.0057625 0.285531
770.109 607.163 -0.0580768 0.0057625 0.285531
770.109 607.163 -0.0580768 0.0057625 0.285531
770.109 607.163 -0.0580768 0.0057625 0.285531
770.109 607.163 -0.0580768 0.0057625 0.285531
770.109 607.163 -0.0580768 0.0057625 0.285531
770.109 607.163 -0.0580768 0.0057625 0.285531
770.109 607.163 -0.0580768 0.0057625 0.285531
770.109 607.163 -0.0580768 0.0057625 0.285531
770.109 607.163 -0.0580768 0.0057625 0.285531
770.109 607.163 -0.0580768 0.0057625 0.285531
770.109 607.163 -0.0580768 0.0057625 0.285531
770.109 607.163 -0.0580768 0.0057625 0.285531
770.109 607.163 -0.0580768 0.0057625 0.285531
770.109 607.163 -0.0580768 0.0057625 0.285531
770.109 607.163 -0.0580768 0.0057625 0.285531
770.109 607.163 -0.0580768 0.0057625 0.285531
770.109 607.163 -0.0580768 0.0057625 0.285531
770.109 607.163 -0.0580768 0.0057625 0.285531
770.109 607.163 -0.0580768 0.0057625 0.285531
770.109 607.163 -0.0580768 0.0057625 0.285531
770.109 607.163 -0.0580768 0.0057625 0.285531
770.109 607.163 -0.0580768 0.0057625 0.285531
770.109 607.163 -0.0580768 0.0057625 0.285531
770.109 607.163 -0.0580768 0.0057625 0.285531
770.109 607.163 -0.0580768 0.0057625 0.285531
770.109 607.163 -0.0580768 0.0057625 0.285531
770.109 607.163 -0.0580768 0.0057625 0.285531
770.109 607.163 -0.0580768 0.0057625 0.285531
770.109 607.163 -0.0580768 0.0057625 0.285531
770.109 607.163 -0.0580768 0.0057625 0.285531
770.109 607.163 -0.0580768 0.0057625 0.285531
770.109 607.163 -0.0580768 0.0057625 0.285531
770.109 607.163 -0.0580768 0.0057625 0.285531
770.109 607.163 -0.0580768 0.0057625 0.285531
770.109 607.163 -0.0580768 0.0057625 0.285531
770.109 607.163 -0.0580768 0.0057625 0.285531
770.109 607.163 -0.0580768 0.0057625 0.285531
770.109 607.163 -0.0580768 0.0057625 0.285531
770.109 607.163 -0.0580768 0.0057625 0.285531
770.109 607.163 -0.0580768 0.0057625 0.285531
770.109 607.163 -0.0580768 0.0057625 0.285531
770.109 607.163 -0.0580768 0.0057625 0.285531
770.109 607.163 -0.0580768 0.0057625 0.285531
770.109 607.163 -0.0580768 0.0057625 0.285531
770.109 607.163 -0.0580768 0.0057625 0.285531
770.109 607.163 -0.0580768 0.0057625 0.285531
770.109 607.163 -0.0580768 0.0057625 0.285531
770.109 607.163 -0.0580768 0.0057625 0.285531
770.109 607.163 -0.0580768 0.0057625 0.285531
770.109 607.163 -0.0580768 0.0057625 0.285531
770.109 607.163 -0.0580768 0.0057625 0.285531
770.109 607.163 -0.0580768 0.0057625 0.285531
770.109 607.163 -0.0580768 0.0057625 0.285531
770.109 607.163 -0.0580768 0.0057625 0.285531
770.109 607.163 -0.0580768 0.0057625 0.285531
770.109 607.163 -0.0580768 0.0057625 0.285531
770.109 607.163 -0.0580768 0.0057625 0.285531
770.109 607.163 -0.0580768 0.0057625 0.285531
770.109 607.163 -0.0580768 0.0057625 0.285531
770.109 607.163 -0.0580768 0.0057625 0.285531
770.109 607.163 -0.0580768 0.0057625 0.285531
770.109 607.163 -0.0580768 0.0057625 0.285531
770.109 607.163 -0.0580768 0.0057625 0.285531
770.109 607.163 -0.0580768 0.0057625 0.285531
770.109 607.163 -0.0580768 0.0057625 0.285531
770.109 607.163 -0.0580768 0.0057625 0.285531
770.109 607.163 -0.0580768 0.0057625 0.285531
770.109 607.163 -0.0580768 0.0057625 0.285531
770.109 607.163 -0.0580768 0.0057625 0.285531
770.109 607.163 -0.0580768 0.0057625 0.285531
770.109 607.163 -0.0580768 0.0057625 0.285531
770.109 607.163 -0.0580768 0.0057625 0.285531
770.109 607.163 -0.0580768 0.0057625 0.285531
770.109 607.163 -0.0580768 0.0057625 0.285531
770.109 607.163 -0.0580768 0.0057625 0.285531
770.109 607.163 -0.0580768 0.0057625 0.285531
770.109 607.163 -0.0580768 0.0057625 0.285531
770.109 607.163 -0.0580768 0.0057625 0.285531
770.109 607.163 -0.0580768 0.0057625 0.285531
770.109 607.163 -0.0580768 0.0057625 0.285531
770.109 607.163 -0.0580768 0.0057625 0.285531
770.109 607.163 -0.0580768 0.0057625 0.285531
770.109 607.163 -0.0580768 0.0057625 0.285531
770.109 607.163 -0.0580768 0.0057625 0.285531
770.109 607.163 -0.0580768 0.0057625 0.285531
770.109 607.163 -0.0580768 0.0057625 0.285531
770.109 607.163 -0.0580768 0.0057625 0.285531
770.109 607.163 -0.0580768 0.0057625 0.285531
770.109 607.163 -0.0580768 0.0057625 0.285531
770.109 607.163 -0.0580768 0.0057625 0.285531
770.109 607.163 -0.0580768 0.0057625 0.285531
770.109 607.163 -0.0580768 0.0057625 0.285531
770.109 607.163 -0.0580768 0.0057625 0.285531
770.109 607.163 -0.0580768 0.0057625 0.285531
770.109 607.163 -0.0580768 0.0057625 0.285531
770.109 607.163 -0.0580768 0.0057625 0.285531
770.109 607.163 -0.0580768 0.0057625 0.285531
770.109 607.163 -0.0580768 0.0057625 0.285531
770.109 607.163 -0.0580768 0.0057625 0.285531
770.109 607.163 -0.0580768 0.0057625 0.285531
770.109 607.163 -0.0580768 0.0057625 0.285531
770.109 607.163 -0.0580768 0.0057625 0.285531
770.109 607.163 -0.0580768 0.0057625 0.285531
770.109 607.163 -0.0580768 0.0057625 0.285531
770.109 607.163 -0.0580768 0.0057625 0.285531
770.109 607.163 -0.0580768 0.0057625 0.285531
770.109 607.163 -0.0580768 0.0057625 0.285531
770.109 607.163 -0.0580768 0.0057625 0.285531
770.109 607.163 -0.0580768 0.0057625 0.285531
770.109 607.163 -0.0580768 0.0057625 0.285531
770.109 607.163 -0.0580768 0.0057625 0.285531
770.109 607.163 -0.0580768 0.0057625 0.285531
770.109 607.163 -0.0580768 0.0057625 0.285531
770.109 607.163 -0.0580768 0.0057625 0.285531
770.109 607.163 -0.0580768 0.0057625 0.285531
770.109 607.163 -0.0580768 0.0057625 0.285531
770.109 607.163 -0.0580768 0.0057625 0.285531
770.109 607.163 -0.0580768 0.0057625 0.285531
770.109 607.163 -0.0580768 0.0057625 0.285531
770.109 607.163 -0.0580768 0.0057625 0.285531
770.109 607.163 -0.0580768 0.0057625 0.285531
770.109 607.163 -0.0580768 0.0057625 0.285531
770.109 607.163 -0.0580768 0.0057625 0.285531
770.109 607.163 -0.0580768 0.0057625 0.285531
770.109 607.163 -0.0580768 0.0057625 0.285531
770.109 607.163 -0.0580768 0.0057625 0.285531
770.109 607.163 -0.0580768 0.0057625 0.285531
770.109 607.163 -0.0580768 0.0057625 0.285531
770.109 607.163 -0.0580768 0.0057625 0.285531
770.109 607.163 -0.0580768 0.0057625 0.285531
770.109 607.163 -0.0580768 0.0057625 0.285531
770.109 607.163 -0.0580768 0.0057625 0.285531
770.109 607.163 -0.0580768 0.0057625 0.285531
770.109 607.163 -0.0580768 0.0057625 0.285531
770.109 607.163 -0.0580768 0.0057625 0.285531
770.109 607.163 -0.0580768 0.0057625 0.285531
770.109 607.163 -0.0580768 0.0057625 0.285531
770.109 607.163 -0.0580768 0.0057625 0.285531
770.109 607.163 -0.0580768 0.0057625 0.285531
770.109 607.163 -0.0580768 0.0057625 0.285531
770.109 607.163 -0.0580768 0.0057625 0.285531
770.109 607.163 -0.0580768 0.0057625 0.285531
770.109 607.163 -0.0580768 0.0057625 0.285531
