671.815 577.982 0.301668 0.0342811 0.937508
793.542 475.722 0.22569 -0.109559 1.00989
837.768 147.989 -0.146208 -0.135438 0.946531
547.015 621.62 0.30852 0.147161 0.888481
583.008 264.481 -0.0205596 0.0817577 0.79837
914.259 159.478 -0.134058 -0.212012 0.943432
554.267 332.814 0.0308466 0.115885 0.837634
830.273 572.235 0.393768 -0.176285 1.0616
780.93 414.772 0.151774 -0.0945135 1.0188
828.37 41.9787 -0.244558 -0.121766 0.939003
724.508 21.8568 -0.270864 -0.0201784 0.951376
865.269 256.966 -0.0393562 -0.176315 0.972649
834.826 193.916 -0.120713 -0.158177 1.02582
908.646 53.4635 -0.23856 -0.204678 0.947144
795.391 478.416 0.219144 -0.107416 0.990434
723.128 388.159 0.102343 -0.0201702 0.95647
848.359 560.236 0.308806 -0.167043 0.974725
915.759 333.936 0.0509577 -0.264718 1.02717
839.349 345.748 0.0564034 -0.145107 0.957611
548.288 196.086 -0.111284 0.182547 1.00222
547.006 133.792 -0.138828 0.137152 0.889843
571.254 261.767 -0.0321824 0.140388 0.955245
583.214 205.91 -0.103717 0.14747 1.01754
489.264 329.199 0.0347281 0.203975 0.909806
669.857 585.627 0.291425 0.0336874 0.913077
659.063 510.198 0.201379 0.0409626 0.890483
638.316 585.522 0.298705 0.0671347 0.922787
574.803 355.197 0.0627245 0.13014 0.930657
888.822 105.925 -0.217653 -0.214522 1.01153
892.416 155.959 -0.136742 -0.188883 0.941239
776.271 166.063 -0.12419 -0.0711779 0.933237
687.688 182.978 -0.0845508 0.010753 0.836906
712.555 191.831 -0.124933 -0.00827703 1.03338
808.608 164.869 -0.104702 -0.0870433 0.860851
816.738 68.0347 -0.218587 -0.110135 0.936287
708.967 150.805 -0.131493 -0.00503464 0.911471
724.447 33.7703 -0.279006 -0.0210145 0.982922
939.676 148.083 -0.159387 -0.259507 0.983058
934.875 221.882 -0.0673133 -0.219465 0.91424
722.855 379.285 0.113343 -0.0222178 1.04565
929.633 474.457 0.239273 -0.297555 1.03974
920.212 333.493 0.0484505 -0.25989 1.0089
873.497 438.426 0.168953 -0.197136 0.986276
492.727 99.9314 -0.150979 0.164598 0.849585
559.186 203.773 -0.115928 0.193078 1.05752
618.813 148.609 -0.146317 0.0875312 0.950164
568.397 260.202 -0.0326795 0.138172 0.940828
513.738 328.009 0.0408662 0.221194 0.990049
628.917 503.13 0.211769 0.0757624 0.922856
559.826 599.58 0.331558 0.156869 0.944583
573.756 309.616 0.0179624 0.138103 0.953221
608.246 443.531 0.143646 0.0911596 0.905167
729.975 350.18 0.0678219 -0.0293743 1.0008
833.384 157.133 -0.134901 -0.12913 0.939523
733.588 189.321 -0.112074 -0.0313273 0.974403
765.141 118.08 -0.166363 -0.058681 0.924572
742.89 157.406 -0.119652 -0.0353078 0.891985
727.003 8.83266 -0.21904 -0.0193309 0.847972
836.988 149.204 -0.14589 -0.135442 0.949085
887.516 247.987 -0.0397685 -0.162744 0.883953
799.197 484.592 0.207572 -0.10337 0.953386
851.385 618.226 0.335907 -0.153503 0.925161
535.76 244.063 -0.0475685 0.166253 0.930027
537.558 188.763 -0.107513 0.174252 0.956185
671.962 105.243 -0.215506 0.0387901 1.00688
545.624 252.978 -0.0321536 0.125936 0.850356
560.472 187.738 -0.0963948 0.132199 0.906641
522.281 315.595 0.0259167 0.205573 0.979487
637.737 482.949 0.228817 0.0816928 0.998047
667.666 480.548 0.226612 0.0456456 0.999609
634.763 596.054 0.28187 0.0637259 0.886559
568.05 368.103 0.0663228 0.119456 0.879904
578.035 430.091 0.160335 0.149056 0.988781
604.803 447.295 0.138548 0.0884746 0.882061
723.686 590.593 0.277312 -0.0194936 0.887627
498.303 171.167 -0.1425 0.245209 1.01226
744.001 149.51 -0.115348 -0.0337015 0.855933
954.756 337.102 0.0401677 -0.232673 0.897146
884.879 160.82 -0.143986 -0.197227 0.978357
949.355 299.903 0.00608457 -0.229871 0.903357
717.885 345.343 0.0703401 -0.0157106 1.05956
776.393 165.615 -0.110724 -0.064149 0.885241
806.722 130.607 -0.127443 -0.0823542 0.84754
815.266 14.8318 -0.225364 -0.0917582 0.866339
830.915 199.23 -0.121882 -0.162837 1.05497
580.389 370.001 0.0946521 0.154066 1.01443
941.466 218.009 -0.0675732 -0.214949 0.894445
851.909 131.476 -0.136738 -0.126749 0.876464
797.489 477.872 0.214617 -0.108116 0.982783
783.056 433.996 0.135507 -0.0770222 0.908971
723.791 383.885 0.103202 -0.0215392 0.979662
487.478 107.196 -0.172914 0.20311 0.917887
480.3 84.3541 -0.147836 0.156779 0.813761
505.307 211.817 -0.0957585 0.239459 1.0139
668.794 193.386 -0.0904872 0.031617 0.902118
535.906 269.646 -0.0206692 0.150871 0.892338
601.102 19.8614 -0.258339 0.0980722 0.929035
640.103 581.155 0.297089 0.0660196 0.92684
578.847 309.037 0.0184531 0.141762 0.979414
603.593 450.587 0.13706 0.0865529 0.870206
958.366 497.324 0.215609 -0.270314 0.942045
811.737 65.5332 -0.218896 -0.104309 0.932445
718.344 341.127 0.07856 -0.0177208 1.1635
779.841 328.392 0.0568839 -0.119511 1.16074
831.718 256.469 -0.0336884 -0.118667 0.901863
695.413 230.991 -0.0903415 0.0169569 1.10698
726.496 280.348 -0.0262003 -0.0337847 1.23697
738.273 358.008 0.0399839 -0.0249047 0.767414
737.975 343.35 0.0740743 -0.046246 1.10625
722.646 554.293 0.307773 -0.0209935 0.983155
481.203 72.9487 -0.232466 0.238578 0.973456
722.697 374.843 0.108661 -0.0221337 1.0511
830.551 482.686 0.178746 -0.120887 0.898525
626.877 502.568 0.19287 0.0703904 0.888113
672.929 469.895 0.232752 0.0436651 1.0386
636.058 588.066 0.284473 0.0651038 0.900506
544.876 56.6284 -0.213901 0.144719 0.908998
599.635 17.16 -0.259138 0.0987426 0.926397
665.038 86.3063 -0.197755 0.0375444 0.929521
556.14 202.244 -0.110914 0.185047 1.02966
604.017 198.478 -0.107934 0.116961 0.999059
710.349 173.402 -0.138672 -0.00572923 1.00636
741.861 166.203 -0.12283 -0.0369989 0.929383
559.995 307.603 0.0134484 0.130182 0.893178
679.464 439.066 0.135334 0.0220203 0.894419
946.542 215.355 -0.0684876 -0.214892 0.886018
566.328 373.408 0.084676 0.145327 0.947508
609.004 439.274 0.141072 0.0914774 0.909487
840.368 338.122 0.0183796 -0.069645 0.682804
883.013 498.558 0.231887 -0.202578 0.969274
776.91 361.272 0.0582768 -0.0641982 0.869696
773.9 163.639 -0.114311 -0.0628908 0.891945
801.155 93.7486 -0.237776 -0.114579 1.02456
780.538 350.605 0.0825064 -0.107009 1.09179
796.935 473.595 0.213653 -0.109343 0.991223
843.987 591.226 0.35304 -0.165755 0.982523
673.064 567.421 0.296551 0.0338426 0.946516
727.141 35.6807 -0.231443 -0.0214107 0.906894
543.069 130.69 -0.140991 0.140037 0.888508
568.042 108.853 -0.20314 0.152695 0.989626
956.687 209.929 -0.068264 -0.208406 0.858287
916.941 103.594 -0.129194 -0.14704 0.79694
537.171 253.567 -0.0292767 0.120284 0.817197
610.552 203.667 -0.11067 0.119366 1.03512
790.216 440.41 0.119981 -0.0726009 0.847722
709.785 160.578 -0.131251 -0.00561341 0.939491
742.872 182.345 -0.126125 -0.0431841 0.997877
748.252 99.3678 -0.137911 -0.033634 0.813598
501.523 125.19 -0.178068 0.217982 0.972058
686.956 374.813 0.114823 0.0277159 1.07777
723.242 357.8 0.0566201 -0.0180895 0.877821
803.273 324.33 0.0290633 -0.0935855 0.902943
566.834 590.106 0.354534 0.165681 0.985896
892.493 509.904 0.220397 -0.193103 0.926017
888.639 179.194 -0.143453 -0.231271 1.04205
671.284 580.732 0.286379 0.032242 0.913157
826.96 476.291 0.187645 -0.126796 0.931117
730.123 42.039 -0.229477 -0.0243843 0.91321
799.569 453.623 0.109817 -0.0691004 0.789337
663.895 92.314 -0.194449 0.0392449 0.934422
814.721 56.6774 -0.212563 -0.10067 0.905259
762.948 189.284 -0.123959 -0.0689991 1.0183
791.194 264.511 -0.0381851 -0.113879 1.06234
650.067 393.356 0.126519 0.0704554 1.02498
839.242 155.923 -0.151288 -0.149098 0.984765
640.913 477.551 0.222755 0.0780314 0.999318
868.95 434.212 0.171713 -0.200385 1.00652
895.451 513.756 0.219453 -0.192101 0.917189
724.105 575.428 0.28165 -0.0206515 0.914278
745.854 275.618 -0.0373401 -0.0732021 1.26482
670.467 197.986 -0.0897158 0.031639 0.917637
575.457 171.259 -0.0955151 0.0996115 0.846403
617.721 575.304 0.426048 0.135317 1.0933
674.543 160.48 -0.0576903 0.00782906 0.641655
868.13 511.272 0.223264 -0.169199 0.928515
851.491 174.533 -0.0920935 -0.11625 0.840705
487.42 523.765 0.210641 0.197553 0.883665
914.433 578.345 0.169246 -0.13049 0.739577
668.12 67.1917 -0.431499 0.0782474 1.27097
507.462 39.293 -0.215044 0.166899 0.883922
710.496 126.965 -0.124373 -0.006736 0.830753
483.4 149.617 -0.161841 0.253277 0.997793
933.287 338.944 0.0552371 -0.277027 1.01061
894.71 174.366 -0.144449 -0.231239 1.02661
739.37 345.091 1.4737 -0.976314 5.50056
682.994 203.604 -0.0939361 0.0229429 0.961943
790.828 273.7 -0.0346027 -0.142138 1.18538
785.347 284.217 -0.0291641 -0.187708 1.40485
584.438 353.607 0.0694563 0.138016 0.983881
522.581 267.805 -0.0219618 0.15995 0.885773
564.505 259.244 -0.0318388 0.133707 0.917549
926.849 295.512 0.00278271 -0.268598 1.01314
610.305 225.008 -0.0889323 0.126788 1.05856
717.205 357.628 0.0674067 -0.0135675 0.945436
777.096 410.543 0.161872 -0.0982436 1.06561
892.098 241 -0.0728404 -0.259283 1.08382
614.693 315.904 0.0292146 0.115611 1.03212
523.141 527.795 0.173196 0.132252 0.809096
832.261 452.236 0.162083 -0.131518 0.930427
817.468 384.854 0.115212 -0.141233 1.02435
943.769 338.727 0.0557771 -0.294119 1.01746
837.329 587.871 0.377614 -0.170002 1.01666
724.96 264.994 -0.0553419 -0.0309465 1.24198
659.33 117.702 -0.194876 0.0514382 0.991854
630.134 107.052 -0.192745 0.0779111 0.962254
630.514 57.4112 -0.164319 0.0491411 0.808853
750.637 187.595 -0.113716 -0.0498217 0.973504
949.607 259.673 -0.0435787 -0.317029 1.04811
744.091 277.008 -0.038288 -0.0744029 1.31043
805.282 194.679 -0.117972 -0.120343 1.01922
824.475 349.319 0.0693853 -0.147542 1.01923
768.646 62.2196 -0.179178 -0.0519155 0.847634
949.113 137.295 -0.160171 -0.252999 0.954969
837.27 192.077 -0.119012 -0.156357 1.01134
722.292 385.014 0.109419 -0.0203354 0.999702
925.495 511.616 0.319345 -0.322835 1.08422
900.491 453.44 0.274126 -0.334028 1.17022
840.541 445.025 0.29328 -0.259249 1.23834
819.254 527.165 0.613517 -0.292189 1.40875
946.333 396.583 0.110167 -0.259477 0.952498
920.113 436.604 0.197064 -0.296325 1.06192
899.406 460.724 0.147241 -0.174357 0.873688
520.46 128.837 -0.161923 0.183033 0.940593
595.372 19.923 -0.25328 0.101353 0.92096
564.241 325.769 0.0612729 0.282377 1.25154
564.775 367.4 0.105138 0.201467 1.08078
528.148 396.903 0.135449 0.232476 1.03951
625.065 514.336 0.203758 0.0720745 0.887532
580.486 560.819 0.371274 0.175278 1.05464
628.681 425.391 0.16012 0.0930966 1.00395
585.644 314.366 0.0265825 0.147598 1.01851
564.911 439.502 0.147595 0.140418 0.926394
608.92 444.119 0.146233 0.0918885 0.9105
