737.21 185.168 0.260655 -0.474772 4.93637
717.56 181.206 -0.0738686 -0.14115 5.67518
731.707 7.03669 -0.0909157 -0.163517 3.19623
638.182 102.395 0.299549 0.022536 0.898799
685.386 446.944 0.0149644 0.01834 0.460453
490.317 542.464 0.352013 0.0476021 0.871687
671.231 269.327 0.668982 0.0771116 1.47342
705.223 267.845 0.68155 0.0278294 1.49528
666.814 136.669 0.304409 0.0191281 0.89811
625.341 70.5962 0.289964 0.0229621 0.887348
686.447 324.114 0.338542 0.0186598 0.901791
610.067 421.067 0.0371722 0.0191092 0.496339
805.606 37.9173 -0.0128969 0.0100375 0.461774
786.241 87.5347 -0.0340755 0.0096998 0.437453
654.779 366.633 0.364369 0.0261968 0.923245
684.174 432.342 0.0161549 0.0182533 0.463647
688.846 488.744 0.024927 0.0178139 0.472857
616.62 61.3422 0.288605 0.0238456 0.887035
861.325 124.377 0.324975 -0.0141893 0.939913
845.838 317.821 0.34253 -0.00704102 0.906187
838.216 357.077 0.409065 -0.0189498 0.976224
838.721 145.454 0.312571 -0.00536813 0.90812
502.707 125.585 0.313034 0.0458949 0.922791
567.526 488.519 1.07546 0.329715 1.3638
555.095 112.73 0.35901 0.0589591 1.03885
862.046 122.39 0.316159 -0.0111195 0.922379
483.142 213.493 0.338565 0.0568792 0.940338
493.805 481.857 0.463442 0.0911097 0.98708
847.099 344.93 0.37429 -0.0133927 0.938563
719.134 613.606 1.03257 0.0354558 1.16188
481.912 545.452 0.353063 0.0490516 0.872163
526.605 502.369 0.366297 0.0471937 0.892417
899.301 95.9696 0.303191 -0.0128155 0.90346
843.155 132.771 0.309673 -0.00569258 0.906331
701.454 185.847 0.330571 0.015129 0.93114
664.77 133.829 0.304503 0.0194109 0.899158
874.156 116.35 0.308971 -0.0105938 0.90948
621.95 83.5552 0.290937 0.023416 0.88597
651.121 349.495 0.337825 0.0240335 0.895057
691.01 539.291 0.372195 0.0202946 0.88763
656.518 355.934 0.334712 0.0229054 0.88955
726.002 151.013 0.571401 -0.0657088 2.45916
893.779 344.753 0.323605 -0.00824977 0.875017
652.494 356.749 0.334792 0.0234943 0.889519
844.41 147.103 0.314822 -0.00677325 0.911797
713.719 319.337 0.342957 0.0143663 0.9085
679.674 179.171 0.330698 0.0189634 0.934322
927.358 311.611 0.312658 -0.0102539 0.867032
675.701 336.411 0.330326 0.0198259 0.888177
672.103 521.261 0.366986 0.0230386 0.88712
515.171 53.4996 0.326597 0.0564982 0.992893
602.343 32.7042 0.0961069 0.0146834 0.575278
768.524 444.189 1.5781 -0.167522 1.66143
813.096 192.525 0.372922 -0.0148625 1.00378
819.945 181.908 0.36224 -0.0142857 0.989047
701.945 550.174 0.532696 0.0255799 1.0036
855.61 510.942 -0.0410026 -0.0021898 0.345685
730.841 7.71191 -0.0930325 -0.15952 3.20493
779.46 579.093 -0.0530736 0.00785498 0.288294
779.46 579.093 -0.0530736 0.00785498 0.288294
779.46 579.093 -0.0530736 0.00785498 0.288294
779.46 579.093 -0.0530736 0.00785498 0.288294
779.46 579.093 -0.0530736 0.00785498 0.288294
779.46 579.093 -0.0530736 0.00785498 0.288294
779.46 579.093 -0.0530736 0.00785498 0.288294
779.46 579.093 -0.0530736 0.00785498 0.288294
779.46 579.093 -0.0530736 0.00785498 0.288294
779.46 579.093 -0.0530736 0.00785498 0.288294
779.46 579.093 -0.0530736 0.00785498 0.288294
779.46 579.093 -0.0530736 0.00785498 0.288294
779.46 579.093 -0.0530736 0.00785498 0.288294
779.46 579.093 -0.0530736 0.00785498 0.288294
779.46 579.093 -0.0530736 0.00785498 0.288294
779.46 579.093 -0.0530736 0.00785498 0.288294
779.46 579.093 -0.0530736 0.00785498 0.288294
779.46 579.093 -0.0530736 0.00785498 0.288294
779.46 579.093 -0.0530736 0.00785498 0.288294
779.46 579.093 -0.0530736 0.00785498 0.288294
779.46 579.093 -0.0530736 0.00785498 0.288294
779.46 579.093 -0.0530736 0.00785498 0.288294
779.46 579.093 -0.0530736 0.00785498 0.288294
779.46 579.093 -0.0530736 0.00785498 0.288294
779.46 579.093 -0.0530736 0.00785498 0.288294
779.46 579.093 -0.0530736 0.00785498 0.288294
779.46 579.093 -0.0530736 0.00785498 0.288294
779.46 579.093 -0.0530736 0.00785498 0.288294
779.46 579.093 -0.0530736 0.00785498 0.288294
779.46 579.093 -0.0530736 0.00785498 0.288294
779.46 579.093 -0.0530736 0.00785498 0.288294
779.46 579.093 -0.0530736 0.00785498 0.288294
779.46 579.093 -0.0530736 0.00785498 0.288294
779.46 579.093 -0.0530736 0.00785498 0.288294
779.46 579.093 -0.0530736 0.00785498 0.288294
779.46 579.093 -0.0530736 0.00785498 0.288294
779.46 579.093 -0.0530736 0.00785498 0.288294
779.46 579.093 -0.0530736 0.00785498 0.288294
779.46 579.093 -0.0530736 0.00785498 0.288294
779.46 579.093 -0.0530736 0.00785498 0.288294
779.46 579.093 -0.0530736 0.00785498 0.288294
779.46 579.093 -0.0530736 0.00785498 0.288294
779.46 579.093 -0.0530736 0.00785498 0.288294
779.46 579.093 -0.0530736 0.00785498 0.288294
779.46 579.093 -0.0530736 0.00785498 0.288294
779.46 579.093 -0.0530736 0.00785498 0.288294
779.46 579.093 -0.0530736 0.00785498 0.288294
779.46 579.093 -0.0530736 0.00785498 0.288294
779.46 579.093 -0.0530736 0.00785498 0.288294
779.46 579.093 -0.0530736 0.00785498 0.288294
779.46 579.093 -0.0530736 0.00785498 0.288294
779.46 579.093 -0.0530736 0.00785498 0.288294
779.46 579.093 -0.0530736 0.00785498 0.288294
779.46 579.093 -0.0530736 0.00785498 0.288294
779.46 579.093 -0.0530736 0.00785498 0.288294
779.46 579.093 -0.0530736 0.00785498 0.288294
779.46 579.093 -0.0530736 0.00785498 0.288294
779.46 579.093 -0.0530736 0.00785498 0.288294
779.46 579.093 -0.0530736 0.00785498 0.288294
779.46 579.093 -0.0530736 0.00785498 0.288294
779.46 579.093 -0.0530736 0.00785498 0.288294
779.46 579.093 -0.0530736 0.00785498 0.288294
779.46 579.093 -0.0530736 0.00785498 0.288294
779.46 579.093 -0.0530736 0.00785498 0.288294
779.46 579.093 -0.0530736 0.00785498 0.288294
779.46 579.093 -0.0530736 0.00785498 0.288294
779.46 579.093 -0.0530736 0.00785498 0.288294
779.46 579.093 -0.0530736 0.00785498 0.288294
779.46 579.093 -0.0530736 0.00785498 0.288294
779.46 579.093 -0.0530736 0.00785498 0.288294
779.46 579.093 -0.0530736 0.00785498 0.288294
779.46 579.093 -0.0530736 0.00785498 0.288294
779.46 579.093 -0.0530736 0.00785498 0.288294
779.46 579.093 -0.0530736 0.00785498 0.288294
779.46 579.093 -0.0530736 0.00785498 0.288294
779.46 579.093 -0.0530736 0.00785498 0.288294
779.46 579.093 -0.0530736 0.00785498 0.288294
779.46 579.093 -0.0530736 0.00785498 0.288294
779.46 579.093 -0.0530736 0.00785498 0.288294
779.46 579.093 -0.0530736 0.00785498 0.288294
779.46 579.093 -0.0530736 0.00785498 0.288294
779.46 579.093 -0.0530736 0.00785498 0.288294
779.46 579.093 -0.0530736 0.00785498 0.288294
779.46 579.093 -0.0530736 0.00785498 0.288294
779.46 579.093 -0.0530736 0.00785498 0.288294
779.46 579.093 -0.0530736 0.00785498 0.288294
779.46 579.093 -0.0530736 0.00785498 0.288294
779.46 579.093 -0.0530736 0.00785498 0.288294
779.46 579.093 -0.0530736 0.00785498 0.288294
779.46 579.093 -0.0530736 0.00785498 0.288294
779.46 579.093 -0.0530736 0.00785498 0.288294
779.46 579.093 -0.0530736 0.00785498 0.288294
779.46 579.093 -0.0530736 0.00785498 0.288294
779.46 579.093 -0.0530736 0.00785498 0.288294
779.46 579.093 -0.0530736 0.00785498 0.288294
779.46 579.093 -0.0530736 0.00785498 0.288294
779.46 579.093 -0.0530736 0.00785498 0.288294
779.46 579.093 -0.0530736 0.00785498 0.288294
779.46 579.093 -0.0530736 0.00785498 0.288294
779.46 579.093 -0.0530736 0.00785498 0.288294
779.46 579.093 -0.0530736 0.00785498 0.288294
779.46 579.093 -0.0530736 0.00785498 0.288294
779.46 579.093 -0.0530736 0.00785498 0.288294
779.46 579.093 -0.0530736 0.00785498 0.288294
779.46 579.093 -0.0530736 0.00785498 0.288294
779.46 579.093 -0.0530736 0.00785498 0.288294
779.46 579.093 -0.0530736 0.00785498 0.288294
779.46 579.093 -0.0530736 0.00785498 0.288294
779.46 579.093 -0.0530736 0.00785498 0.288294
779.46 579.093 -0.0530736 0.00785498 0.288294
779.46 579.093 -0.0530736 0.00785498 0.288294
779.46 579.093 -0.0530736 0.00785498 0.288294
779.46 579.093 -0.0530736 0.00785498 0.288294
779.46 579.093 -0.0530736 0.00785498 0.288294
779.46 579.093 -0.0530736 0.00785498 0.288294
779.46 579.093 -0.0530736 0.00785498 0.288294
779.46 579.093 -0.0530736 0.00785498 0.288294
779.46 579.093 -0.0530736 0.00785498 0.288294
779.46 579.093 -0.0530736 0.00785498 0.288294
779.46 579.093 -0.0530736 0.00785498 0.288294
779.46 579.093 -0.0530736 0.00785498 0.288294
779.46 579.093 -0.0530736 0.00785498 0.288294
779.46 579.093 -0.0530736 0.00785498 0.288294
779.46 579.093 -0.0530736 0.00785498 0.288294
779.46 579.093 -0.0530736 0.00785498 0.288294
779.46 579.093 -0.0530736 0.00785498 0.288294
779.46 579.093 -0.0530736 0.00785498 0.288294
779.46 579.093 -0.0530736 0.00785498 0.288294
779.46 579.093 -0.0530736 0.00785498 0.288294
779.46 579.093 -0.0530736 0.00785498 0.288294
779.46 579.093 -0.0530736 0.00785498 0.288294
779.46 579.093 -0.0530736 0.00785498 0.288294
779.46 579.093 -0.0530736 0.00785498 0.288294
779.46 579.093 -0.0530736 0.00785498 0.288294
779.46 579.093 -0.0530736 0.00785498 0.288294
779.46 579.093 -0.0530736 0.00785498 0.288294
779.46 579.093 -0.0530736 0.00785498 0.288294
779.46 579.093 -0.0530736 0.00785498 0.288294
779.46 579.093 -0.0530736 0.00785498 0.288294
779.46 579.093 -0.0530736 0.00785498 0.288294
779.46 579.093 -0.0530736 0.00785498 0.288294
779.46 579.093 -0.0530736 0.00785498 0.288294
779.46 579.093 -0.0530736 0.00785498 0.288294
779.46 579.093 -0.0530736 0.00785498 0.288294
779.46 579.093 -0.0530736 0.00785498 0.288294
779.46 579.093 -0.0530736 0.00785498 0.288294
779.46 579.093 -0.0530736 0.00785498 0.288294
779.46 579.093 -0.0530736 0.00785498 0.288294
779.46 579.093 -0.0530736 0.00785498 0.288294
779.46 579.093 -0.0530736 0.00785498 0.288294
779.46 579.093 -0.0530736 0.00785498 0.288294
779.46 579.093 -0.0530736 0.00785498 0.288294
779.46 579.093 -0.0530736 0.00785498 0.288294
779.46 579.093 -0.0530736 0.00785498 0.288294
779.46 579.093 -0.0530736 0.00785498 0.288294
779.46 579.093 -0.0530736 0.00785498 0.288294
779.46 579.093 -0.0530736 0.00785498 0.288294
779.46 579.093 -0.0530736 0.00785498 0.288294
779.46 579.093 -0.0530736 0.00785498 0.288294
779.46 579.093 -0.0530736 0.00785498 0.288294
779.46 579.093 -0.0530736 0.00785498 0.288294
779.46 579.093 -0.0530736 0.00785498 0.288294
779.46 579.093 -0.0530736 0.00785498 0.288294
779.46 579.093 -0.0530736 0.00785498 0.288294
779.46 579.093 -0.0530736 0.00785498 0.288294
779.46 579.093 -0.0530736 0.00785498 0.288294
779.46 579.093 -0.0530736 0.00785498 0.288294
779.46 579.093 -0.0530736 0.00785498 0.288294
779.46 579.093 -0.0530736 0.00785498 0.288294
779.46 579.093 -0.0530736 0.00785498 0.288294
779.46 579.093 -0.0530736 0.00785498 0.288294
779.46 579.093 -0.0530736 0.00785498 0.288294
779.46 579.093 -0.0530736 0.00785498 0.288294
779.46 579.093 -0.0530736 0.00785498 0.288294
779.46 579.093 -0.0530736 0.00785498 0.288294
779.46 579.093 -0.0530736 0.00785498 0.288294
779.46 579.093 -0.0530736 0.00785498 0.288294
779.46 579.093 -0.0530736 0.00785498 0.288294
779.46 579.093 -0.0530736 0.00785498 0.288294
779.46 579.093 -0.0530736 0.00785498 0.288294
779.46 579.093 -0.0530736 0.00785498 0.288294
779.46 579.093 -0.0530736 0.00785498 0.288294
779.46 579.093 -0.0530736 0.00785498 0.288294
779.46 579.093 -0.0530736 0.00785498 0.288294
779.46 579.093 -0.0530736 0.00785498 0.288294
779.46 579.093 -0.0530736 0.00785498 0.288294
779.46 579.093 -0.0530736 0.00785498 0.288294
779.46 579.093 -0.0530736 0.00785498 0.288294
779.46 579.093 -0.0530736 0.00785498 0.288294
779.46 579.093 -0.0530736 0.00785498 0.288294
779.46 579.093 -0.0530736 0.00785498 0.288294
779.46 579.093 -0.0530736 0.00785498 0.288294
779.46 579.093 -0.0530736 0.00785498 0.288294
779.46 579.093 -0.0530736 0.00785498 0.288294
779.46 579.093 -0.0530736 0.00785498 0.288294
779.46 579.093 -0.0530736 0.00785498 0.288294
779.46 579.093 -0.0530736 0.00785498 0.288294
779.46 579.093 -0.0530736 0.00785498 0.288294
779.46 579.093 -0.0530736 0.00785498 0.288294
779.46 579.093 -0.0530736 0.00785498 0.288294
779.46 579.093 -0.0530736 0.00785498 0.288294
779.46 579.093 -0.0530736 0.00785498 0.288294
779.46 579.093 -0.0530736 0.00785498 0.288294
779.46 579.093 -0.0530736 0.00785498 0.288294
779.46 579.093 -0.0530736 0.00785498 0.288294
779.46 579.093 -0.0530736 0.00785498 0.288294
779.46 579.093 -0.0530736 0.00785498 0.288294
779.46 579.093 -0.0530736 0.00785498 0.288294
779.46 579.093 -0.0530736 0.00785498 0.288294
779.46 579.093 -0.0530736 0.00785498 0.288294
779.46 579.093 -0.0530736 0.00785498 0.288294
779.46 579.093 -0.0530736 0.00785498 0.288294
779.46 579.093 -0.0530736 0.00785498 0.288294
779.46 579.093 -0.0530736 0.00785498 0.288294
779.46 579.093 -0.0530736 0.00785498 0.288294
779.46 579.093 -0.0530736 0.00785498 0.288294
779.46 579.093 -0.0530736 0.00785498 0.288294
779.46 579.093 -0.0530736 0.00785498 0.288294
779.46 579.093 -0.0530736 0.00785498 0.288294
779.46 579.093 -0.0530736 0.00785498 0.288294
779.46 579.093 -0.0530736 0.00785498 0.288294
779.46 579.093 -0.0530736 0.00785498 0.288294
779.46 579.093 -0.0530736 0.00785498 0.288294
779.46 579.093 -0.0530736 0.00785498 0.288294
779.46 579.093 -0.0530736 0.00785498 0.288294
779.46 579.093 -0.0530736 0.00785498 0.288294
779.46 579.093 -0.0530736 0.00785498 0.288294
779.46 579.093 -0.0530736 0.00785498 0.288294
779.46 579.093 -0.0530736 0.00785498 0.288294
779.46 579.093 -0.0530736 0.00785498 0.288294
779.46 579.093 -0.0530736 0.00785498 0.288294
779.46 579.093 -0.0530736 0.00785498 0.288294
779.46 579.093 -0.0530736 0.00785498 0.288294
779.46 579.093 -0.0530736 0.00785498 0.288294
779.46 579.093 -0.0530736 0.00785498 0.288294
779.46 579.093 -0.0530736 0.00785498 0.288294
779.46 579.093 -0.0530736 0.00785498 0.288294
779.46 579.093 -0.0530736 0.00785498 0.288294
779.46 579.093 -0.0530736 0.00785498 0.288294
779.46 579.093 -0.0530736 0.00785498 0.288294
779.46 579.093 -0.0530736 0.00785498 0.288294
779.46 579.093 -0.0530736 0.00785498 0.288294
779.46 579.093 -0.0530736 0.00785498 0.288294
779.46 579.093 -0.0530736 0.00785498 0.288294
779.46 579.093 -0.0530736 0.00785498 0.288294
779.46 579.093 -0.0530736 0.00785498 0.288294
779.46 579.093 -0.0530736 0.00785498 0.288294
779.46 579.093 -0.0530736 0.00785498 0.288294
779.46 579.093 -0.0530736 0.00785498 0.288294
779.46 579.093 -0.0530736 0.00785498 0.288294
779.46 579.093 -0.0530736 0.00785498 0.288294
779.46 579.093 -0.0530736 0.00785498 0.288294
779.46 579.093 -0.0530736 0.00785498 0.288294
779.46 579.093 -0.0530736 0.00785498 0.288294
779.46 579.093 -0.0530736 0.00785498 0.288294
779.46 579.093 -0.0530736 0.00785498 0.288294
779.46 579.093 -0.0530736 0.00785498 0.288294
779.46 579.093 -0.0530736 0.00785498 0.288294
779.46 579.093 -0.0530736 0.00785498 0.288294
779.46 579.093 -0.0530736 0.00785498 0.288294
779.46 579.093 -0.0530736 0.00785498 0.288294
779.46 579.093 -0.0530736 0.00785498 0.288294
779.46 579.093 -0.0530736 0.00785498 0.288294
779.46 579.093 -0.0530736 0.00785498 0.288294
779.46 579.093 -0.0530736 0.00785498 0.288294
779.46 579.093 -0.0530736 0.00785498 0.288294
779.46 579.093 -0.0530736 0.00785498 0.288294
779.46 579.093 -0.0530736 0.00785498 0.288294
779.46 579.093 -0.0530736 0.00785498 0.288294
779.46 579.093 -0.0530736 0.00785498 0.288294
779.46 579.093 -0.0530736 0.00785498 0.288294
779.46 579.093 -0.0530736 0.00785498 0.288294
779.46 579.093 -0.0530736 0.00785498 0.288294
779.46 579.093 -0.0530736 0.00785498 0.288294
779.46 579.093 -0.0530736 0.00785498 0.288294
779.46 579.093 -0.0530736 0.00785498 0.288294
779.46 579.093 -0.0530736 0.00785498 0.288294
779.46 579.093 -0.0530736 0.00785498 0.288294
779.46 579.093 -0.0530736 0.00785498 0.288294
779.46 579.093 -0.0530736 0.00785498 0.288294
779.46 579.093 -0.0530736 0.00785498 0.288294
779.46 579.093 -0.0530736 0.00785498 0.288294
779.46 579.093 -0.0530736 0.00785498 0.288294
779.46 579.093 -0.0530736 0.00785498 0.288294
779.46 579.093 -0.0530736 0.00785498 0.288294
779.46 579.093 -0.0530736 0.00785498 0.288294
779.46 579.093 -0.0530736 0.00785498 0.288294
779.46 579.093 -0.0530736 0.00785498 0.288294
779.46 579.093 -0.0530736 0.00785498 0.288294
779.46 579.093 -0.0530736 0.00785498 0.288294
779.46 579.093 -0.0530736 0.00785498 0.288294
779.46 579.093 -0.0530736 0.00785498 0.288294
779.46 579.093 -0.0530736 0.00785498 0.288294
779.46 579.093 -0.0530736 0.00785498 0.288294
779.46 579.093 -0.0530736 0.00785498 0.288294
779.46 579.093 -0.0530736 0.00785498 0.288294
779.46 579.093 -0.0530736 0.00785498 0.288294
779.46 579.093 -0.0530736 0.00785498 0.288294
779.46 579.093 -0.0530736 0.00785498 0.288294
779.46 579.093 -0.0530736 0.00785498 0.288294
779.46 579.093 -0.0530736 0.00785498 0.288294
779.46 579.093 -0.0530736 0.00785498 0.288294
779.46 579.093 -0.0530736 0.00785498 0.288294
779.46 579.093 -0.0530736 0.00785498 0.288294
779.46 579.093 -0.0530736 0.00785498 0.288294
779.46 579.093 -0.0530736 0.00785498 0.288294
779.46 579.093 -0.0530736 0.00785498 0.288294
779.46 579.093 -0.0530736 0.00785498 0.288294
779.46 579.093 -0.0530736 0.00785498 0.288294
779.46 579.093 -0.0530736 0.00785498 0.288294
779.46 579.093 -0.0530736 0.00785498 0.288294
779.46 579.093 -0.0530736 0.00785498 0.288294
779.46 579.093 -0.0530736 0.00785498 0.288294
779.46 579.093 -0.0530736 0.00785498 0.288294
779.46 579.093 -0.0530736 0.00785498 0.288294
779.46 579.093 -0.0530736 0.00785498 0.288294
779.46 579.093 -0.0530736 0.00785498 0.288294
779.46 579.093 -0.0530736 0.00785498 0.288294
779.46 579.093 -0.0530736 0.00785498 0.288294
779.46 579.093 -0.0530736 0.00785498 0.288294
779.46 579.093 -0.0530736 0.00785498 0.288294
779.46 579.093 -0.0530736 0.00785498 0.288294
779.46 579.093 -0.0530736 0.00785498 0.288294
779.46 579.093 -0.0530736 0.00785498 0.288294
779.46 579.093 -0.0530736 0.00785498 0.288294
779.46 579.093 -0.0530736 0.00785498 0.288294
779.46 579.093 -0.0530736 0.00785498 0.288294
779.46 579.093 -0.0530736 0.00785498 0.288294
779.46 579.093 -0.0530736 0.00785498 0.288294
779.46 579.093 -0.0530736 0.00785498 0.288294
779.46 579.093 -0.0530736 0.00785498 0.288294
779.46 579.093 -0.0530736 0.00785498 0.288294
779.46 579.093 -0.0530736 0.00785498 0.288294
779.46 579.093 -0.0530736 0.00785498 0.288294
779.46 579.093 -0.0530736 0.00785498 0.288294
779.46 579.093 -0.0530736 0.00785498 0.288294
779.46 579.093 -0.0530736 0.00785498 0.288294
779.46 579.093 -0.0530736 0.00785498 0.288294
779.46 579.093 -0.0530736 0.00785498 0.288294
779.46 579.093 -0.0530736 0.00785498 0.288294
779.46 579.093 -0.0530736 0.00785498 0.288294
779.46 579.093 -0.0530736 0.00785498 0.288294
779.46 579.093 -0.0530736 0.00785498 0.288294
779.46 579.093 -0.0530736 0.00785498 0.288294
779.46 579.093 -0.0530736 0.00785498 0.288294
779.46 579.093 -0.0530736 0.00785498 0.288294
779.46 579.093 -0.0530736 0.00785498 0.288294
779.46 579.093 -0.0530736 0.00785498 0.288294
779.46 579.093 -0.0530736 0.00785498 0.288294
779.46 579.093 -0.0530736 0.00785498 0.288294
779.46 579.093 -0.0530736 0.00785498 0.288294
779.46 579.093 -0.0530736 0.00785498 0.288294
779.46 579.093 -0.0530736 0.00785498 0.288294
779.46 579.093 -0.0530736 0.00785498 0.288294
779.46 579.093 -0.0530736 0.00785498 0.288294
779.46 579.093 -0.0530736 0.00785498 0.288294
779.46 579.093 -0.0530736 0.00785498 0.288294
779.46 579.093 -0.0530736 0.00785498 0.288294
779.46 579.093 -0.0530736 0.00785498 0.288294
779.46 579.093 -0.0530736 0.00785498 0.288294
779.46 579.093 -0.0530736 0.00785498 0.288294
779.46 579.093 -0.0530736 0.00785498 0.288294
779.46 579.093 -0.0530736 0.00785498 0.288294
779.46 579.093 -0.0530736 0.00785498 0.288294
779.46 579.093 -0.0530736 0.00785498 0.288294
779.46 579.093 -0.0530736 0.00785498 0.288294
779.46 579.093 -0.0530736 0.00785498 0.288294
779.46 579.093 -0.0530736 0.00785498 0.288294
779.46 579.093 -0.0530736 0.00785498 0.288294
779.46 579.093 -0.0530736 0.00785498 0.288294
779.46 579.093 -0.0530736 0.00785498 0.288294
779.46 579.093 -0.0530736 0.00785498 0.288294
779.46 579.093 -0.0530736 0.00785498 0.288294
779.46 579.093 -0.0530736 0.00785498 0.288294
779.46 579.093 -0.0530736 0.00785498 0.288294
779.46 579.093 -0.0530736 0.00785498 0.288294
779.46 579.093 -0.0530736 0.00785498 0.288294
779.46 579.093 -0.0530736 0.00785498 0.288294
779.46 579.093 -0.0530736 0.00785498 0.288294
779.46 579.093 -0.0530736 0.00785498 0.288294
779.46 579.093 -0.0530736 0.00785498 0.288294
779.46 579.093 -0.0530736 0.00785498 0.288294
779.46 579.093 -0.0530736 0.00785498 0.288294
779.46 579.093 -0.0530736 0.00785498 0.288294
779.46 579.093 -0.0530736 0.00785498 0.288294
779.46 579.093 -0.0530736 0.00785498 0.288294
779.46 579.093 -0.0530736 0.00785498 0.288294
779.46 579.093 -0.0530736 0.00785498 0.288294
779.46 579.093 -0.0530736 0.00785498 0.288294
779.46 579.093 -0.0530736 0.00785498 0.288294
779.46 579.093 -0.0530736 0.00785498 0.288294
779.46 579.093 -0.0530736 0.00785498 0.288294
779.46 579.093 -0.0530736 0.00785498 0.288294
779.46 579.093 -0.0530736 0.00785498 0.288294
779.46 579.093 -0.0530736 0.00785498 0.288294
779.46 579.093 -0.0530736 0.00785498 0.288294
779.46 579.093 -0.0530736 0.00785498 0.288294
779.46 579.093 -0.0530736 0.00785498 0.288294
779.46 579.093 -0.0530736 0.00785498 0.288294
779.46 579.093 -0.0530736 0.00785498 0.288294
779.46 579.093 -0.0530736 0.00785498 0.288294
779.46 579.093 -0.0530736 0.00785498 0.288294
779.46 579.093 -0.0530736 0.00785498 0.288294
779.46 579.093 -0.0530736 0.00785498 0.288294
779.46 579.093 -0.0530736 0.00785498 0.288294
779.46 579.093 -0.0530736 0.00785498 0.288294
779.46 579.093 -0.0530736 0.00785498 0.288294
779.46 579.093 -0.0530736 0.00785498 0.288294
779.46 579.093 -0.0530736 0.00785498 0.288294
779.46 579.093 -0.0530736 0.00785498 0.288294
779.46 579.093 -0.0530736 0.00785498 0.288294
779.46 579.093 -0.0530736 0.00785498 0.288294
779.46 579.093 -0.0530736 0.00785498 0.288294
779.46 579.093 -0.0530736 0.00785498 0.288294
779.46 579.093 -0.0530736 0.00785498 0.288294
779.46 579.093 -0.0530736 0.00785498 0.288294
779.46 579.093 -0.0530736 0.00785498 0.288294
779.46 579.093 -0.0530736 0.00785498 0.288294
779.46 579.093 -0.0530736 0.00785498 0.288294
779.46 579.093 -0.0530736 0.00785498 0.288294
779.46 579.093 -0.0530736 0.00785498 0.288294
779.46 579.093 -0.0530736 0.00785498 0.288294
779.46 579.093 -0.0530736 0.00785498 0.288294
779.46 579.093 -0.0530736 0.00785498 0.288294
779.46 579.093 -0.0530736 0.00785498 0.288294
779.46 579.093 -0.0530736 0.00785498 0.288294
779.46 579.093 -0.0530736 0.00785498 0.288294
779.46 579.093 -0.0530736 0.00785498 0.288294
779.46 579.093 -0.0530736 0.00785498 0.288294
779.46 579.093 -0.0530736 0.00785498 0.288294
779.46 579.093 -0.0530736 0.00785498 0.288294
779.46 579.093 -0.0530736 0.00785498 0.288294
779.46 579.093 -0.0530736 0.00785498 0.288294
779.46 579.093 -0.0530736 0.00785498 0.288294
779.46 579.093 -0.0530736 0.00785498 0.288294
779.46 579.093 -0.0530736 0.00785498 0.288294
779.46 579.093 -0.0530736 0.00785498 0.288294
779.46 579.093 -0.0530736 0.00785498 0.288294
779.46 579.093 -0.0530736 0.00785498 0.288294
779.46 579.093 -0.0530736 0.00785498 0.288294
779.46 579.093 -0.0530736 0.00785498 0.288294
779.46 579.093 -0.0530736 0.00785498 0.288294
779.46 579.093 -0.0530736 0.00785498 0.288294
779.46 579.093 -0.0530736 0.00785498 0.288294
779.46 579.093 -0.0530736 0.00785498 0.288294
779.46 579.093 -0.0530736 0.00785498 0.288294
779.46 579.093 -0.0530736 0.00785498 0.288294
779.46 579.093 -0.0530736 0.00785498 0.288294
779.46 579.093 -0.0530736 0.00785498 0.288294
779.46 579.093 -0.0530736 0.00785498 0.288294
779.46 579.093 -0.0530736 0.00785498 0.288294
779.46 579.093 -0.0530736 0.00785498 0.288294
779.46 579.093 -0.0530736 0.00785498 0.288294
779.46 579.093 -0.0530736 0.00785498 0.288294
779.46 579.093 -0.0530736 0.00785498 0.288294
779.46 579.093 -0.0530736 0.00785498 0.288294
779.46 579.093 -0.0530736 0.00785498 0.288294
779.46 579.093 -0.0530736 0.00785498 0.288294
779.46 579.093 -0.0530736 0.00785498 0.288294
779.46 579.093 -0.0530736 0.00785498 0.288294
779.46 579.093 -0.0530736 0.00785498 0.288294
779.46 579.093 -0.0530736 0.00785498 0.288294
779.46 579.093 -0.0530736 0.00785498 0.288294
779.46 579.093 -0.0530736 0.00785498 0.288294
779.46 579.093 -0.0530736 0.00785498 0.288294
779.46 579.093 -0.0530736 0.00785498 0.288294
779.46 579.093 -0.0530736 0.00785498 0.288294
779.46 579.093 -0.0530736 0.00785498 0.288294
779.46 579.093 -0.0530736 0.00785498 0.288294
779.46 579.093 -0.0530736 0.00785498 0.288294
779.46 579.093 -0.0530736 0.00785498 0.288294
779.46 579.093 -0.0530736 0.00785498 0.288294
779.46 579.093 -0.0530736 0.00785498 0.288294
779.46 579.093 -0.0530736 0.00785498 0.288294
779.46 579.093 -0.0530736 0.00785498 0.288294
779.46 579.093 -0.0530736 0.00785498 0.288294
779.46 579.093 -0.0530736 0.00785498 0.288294
779.46 579.093 -0.0530736 0.00785498 0.288294
779.46 579.093 -0.0530736 0.00785498 0.288294
779.46 579.093 -0.0530736 0.00785498 0.288294
779.46 579.093 -0.0530736 0.00785498 0.288294
779.46 579.093 -0.0530736 0.00785498 0.288294
779.46 579.093 -0.0530736 0.00785498 0.288294
779.46 579.093 -0.0530736 0.00785498 0.288294
779.46 579.093 -0.0530736 0.00785498 0.288294
779.46 579.093 -0.0530736 0.00785498 0.288294
779.46 579.093 -0.0530736 0.00785498 0.288294
779.46 579.093 -0.0530736 0.00785498 0.288294
779.46 579.093 -0.0530736 0.00785498 0.288294
779.46 579.093 -0.0530736 0.00785498 0.288294
779.46 579.093 -0.0530736 0.00785498 0.288294
779.46 579.093 -0.0530736 0.00785498 0.288294
779.46 579.093 -0.0530736 0.00785498 0.288294
779.46 579.093 -0.0530736 0.00785498 0.288294
779.46 579.093 -0.0530736 0.00785498 0.288294
779.46 579.093 -0.0530736 0.00785498 0.288294
779.46 579.093 -0.0530736 0.00785498 0.288294
779.46 579.093 -0.0530736 0.00785498 0.288294
779.46 579.093 -0.0530736 0.00785498 0.288294
779.46 579.093 -0.0530736 0.00785498 0.288294
779.46 579.093 -0.0530736 0.00785498 0.288294
779.46 579.093 -0.0530736 0.00785498 0.288294
779.46 579.093 -0.0530736 0.00785498 0.288294
779.46 579.093 -0.0530736 0.00785498 0.288294
779.46 579.093 -0.0530736 0.00785498 0.288294
779.46 579.093 -0.0530736 0.00785498 0.288294
779.46 579.093 -0.0530736 0.00785498 0.288294
779.46 579.093 -0.0530736 0.00785498 0.288294
779.46 579.093 -0.0530736 0.00785498 0.288294
779.46 579.093 -0.0530736 0.00785498 0.288294
779.46 579.093 -0.0530736 0.00785498 0.288294
779.46 579.093 -0.0530736 0.00785498 0.288294
779.46 579.093 -0.0530736 0.00785498 0.288294
779.46 579.093 -0.0530736 0.00785498 0.288294
779.46 579.093 -0.0530736 0.00785498 0.288294
779.46 579.093 -0.0530736 0.00785498 0.288294
779.46 579.093 -0.0530736 0.00785498 0.288294
779.46 579.093 -0.0530736 0.00785498 0.288294
779.46 579.093 -0.0530736 0.00785498 0.288294
779.46 579.093 -0.0530736 0.00785498 0.288294
779.46 579.093 -0.0530736 0.00785498 0.288294
779.46 579.093 -0.0530736 0.00785498 0.288294
779.46 579.093 -0.0530736 0.00785498 0.288294
779.46 579.093 -0.0530736 0.00785498 0.288294
779.46 579.093 -0.0530736 0.00785498 0.288294
779.46 579.093 -0.0530736 0.00785498 0.288294
779.46 579.093 -0.0530736 0.00785498 0.288294
779.46 579.093 -0.0530736 0.00785498 0.288294
779.46 579.093 -0.0530736 0.00785498 0.288294
779.46 579.093 -0.0530736 0.00785498 0.288294
779.46 579.093 -0.0530736 0.00785498 0.288294
779.46 579.093 -0.0530736 0.00785498 0.288294
779.46 579.093 -0.0530736 0.00785498 0.288294
779.46 579.093 -0.0530736 0.00785498 0.288294
779.46 579.093 -0.0530736 0.00785498 0.288294
779.46 579.093 -0.0530736 0.00785498 0.288294
779.46 579.093 -0.0530736 0.00785498 0.288294
779.46 579.093 -0.0530736 0.00785498 0.288294
779.46 579.093 -0.0530736 0.00785498 0.288294
779.46 579.093 -0.0530736 0.00785498 0.288294
779.46 579.093 -0.0530736 0.00785498 0.288294
779.46 579.093 -0.0530736 0.00785498 0.288294
779.46 579.093 -0.0530736 0.00785498 0.288294
779.46 579.093 -0.0530736 0.00785498 0.288294
779.46 579.093 -0.0530736 0.00785498 0.288294
779.46 579.093 -0.0530736 0.00785498 0.288294
779.46 579.093 -0.0530736 0.00785498 0.288294
779.46 579.093 -0.0530736 0.00785498 0.288294
779.46 579.093 -0.0530736 0.00785498 0.288294
779.46 579.093 -0.0530736 0.00785498 0.288294
779.46 579.093 -0.0530736 0.00785498 0.288294
779.46 579.093 -0.0530736 0.00785498 0.288294
779.46 579.093 -0.0530736 0.00785498 0.288294
779.46 579.093 -0.0530736 0.00785498 0.288294
779.46 579.093 -0.0530736 0.00785498 0.288294
779.46 579.093 -0.0530736 0.00785498 0.288294
779.46 579.093 -0.0530736 0.00785498 0.288294
779.46 579.093 -0.0530736 0.00785498 0.288294
779.46 579.093 -0.0530736 0.00785498 0.288294
779.46 579.093 -0.0530736 0.00785498 0.288294
779.46 579.093 -0.0530736 0.00785498 0.288294
779.46 579.093 -0.0530736 0.00785498 0.288294
779.46 579.093 -0.0530736 0.00785498 0.288294
779.46 579.093 -0.0530736 0.00785498 0.288294
779.46 579.093 -0.0530736 0.00785498 0.288294
779.46 579.093 -0.0530736 0.00785498 0.288294
779.46 579.093 -0.0530736 0.00785498 0.288294
779.46 579.093 -0.0530736 0.00785498 0.288294
779.46 579.093 -0.0530736 0.00785498 0.288294
779.46 579.093 -0.0530736 0.00785498 0.288294
779.46 579.093 -0.0530736 0.00785498 0.288294
779.46 579.093 -0.0530736 0.00785498 0.288294
779.46 579.093 -0.0530736 0.00785498 0.288294
779.46 579.093 -0.0530736 0.00785498 0.288294
779.46 579.093 -0.0530736 0.00785498 0.288294
779.46 579.093 -0.0530736 0.00785498 0.288294
779.46 579.093 -0.0530736 0.00785498 0.288294
779.46 579.093 -0.0530736 0.00785498 0.288294
779.46 579.093 -0.0530736 0.00785498 0.288294
779.46 579.093 -0.0530736 0.00785498 0.288294
779.46 579.093 -0.0530736 0.00785498 0.288294
779.46 579.093 -0.0530736 0.00785498 0.288294
779.46 579.093 -0.0530736 0.00785498 0.288294
779.46 579.093 -0.0530736 0.00785498 0.288294
779.46 579.093 -0.0530736 0.00785498 0.288294
779.46 579.093 -0.0530736 0.00785498 0.288294
779.46 579.093 -0.0530736 0.00785498 0.288294
779.46 579.093 -0.0530736 0.00785498 0.288294
779.46 579.093 -0.0530736 0.00785498 0.288294
779.46 579.093 -0.0530736 0.00785498 0.288294
779.46 579.093 -0.0530736 0.00785498 0.288294
779.46 579.093 -0.0530736 0.00785498 0.288294
779.46 579.093 -0.0530736 0.00785498 0.288294
779.46 579.093 -0.0530736 0.00785498 0.288294
779.46 579.093 -0.0530736 0.00785498 0.288294
779.46 579.093 -0.0530736 0.00785498 0.288294
779.46 579.093 -0.0530736 0.00785498 0.288294
779.46 579.093 -0.0530736 0.00785498 0.288294
779.46 579.093 -0.0530736 0.00785498 0.288294
779.46 579.093 -0.0530736 0.00785498 0.288294
779.46 579.093 -0.0530736 0.00785498 0.288294
779.46 579.093 -0.0530736 0.00785498 0.288294
779.46 579.093 -0.0530736 0.00785498 0.288294
779.46 579.093 -0.0530736 0.00785498 0.288294
