685.527 342.933 0.285933 0.025249 1.16311
557.96 76.692 0.195759 0.0518825 1.16943
931.367 66.5398 0.206879 -0.0523737 1.18747
830.564 173.079 0.223894 -0.0201596 1.15945
808.281 202.37 0.23376 -0.014421 1.16116
684.068 48.3629 0.194854 0.0183231 1.18164
860.999 263.669 0.172187 -0.00948052 1.04593
598.723 133.024 0.0938947 0.0133582 0.953404
637.172 74.9185 0.152328 0.020494 1.06738
657.051 73.9738 0.19786 0.0257338 1.17216
926.409 561.327 0.360538 -0.0552387 1.12395
934.183 436.58 0.307474 -0.0535616 1.13578
819.358 66.6531 0.203786 -0.0196442 1.18498
655.958 100.099 0.215332 0.0290531 1.19681
498.873 20.8122 0.18032 0.0641608 1.16944
527.585 55.2242 0.192587 0.0608808 1.17804
669.123 355.722 0.258989 0.0269478 1.12717
893.243 274.61 0.160629 -0.010757 1.02794
802.455 203.797 0.235356 -0.0130071 1.16325
529.451 55.9386 0.186611 0.0561661 1.16078
668.755 76.592 0.203739 0.0235339 1.18488
947.241 204.637 0.24401 -0.0581831 1.1722
647.037 274.524 0.437298 0.0830338 1.43023
807.676 201.901 0.223804 -0.0122413 1.14482
916.895 173.424 0.237994 -0.0505082 1.18173
576.793 631.913 0.3123 0.0555067 1.07801
931.768 68.3567 0.204313 -0.0502941 1.17966
819.49 100.154 0.223674 -0.0233883 1.20861
559.268 334.273 0.271442 0.0637293 1.15385
734.584 44.6839 -0.195771 -0.00138388 0.618132
610.866 198.981 0.094478 0.0127424 0.94908
636.136 163.122 0.0982303 0.0121196 0.957319
544.894 220.323 0.238614 0.0638675 1.16813
524.818 218.275 0.224786 0.0630128 1.14676
833.855 67.0064 0.201186 -0.0225997 1.17734
798.136 27.7935 0.189792 -0.0126241 1.17704
563.652 321.023 0.285323 0.0687919 1.17769
554.654 489.429 0.301143 0.0652975 1.11709
924.288 331.698 0.285045 -0.0537863 1.16125
803.412 46.3578 0.197047 -0.0147874 1.18314
952.72 312.402 0.270363 -0.0584776 1.15268
825.878 182.585 0.224919 -0.0184842 1.1562
570.147 351.965 0.264828 0.0567727 1.13762
572.318 581.987 0.335155 0.0647963 1.10694
692.161 214.725 0.242862 0.0197275 1.17335
704.627 592.808 0.451072 0.0302128 1.16178
542.593 620.241 0.293244 0.0598838 1.07069
959.761 560.538 0.338678 -0.0595672 1.1107
771.492 197.463 0.352798 -0.0250835 1.39179
952.642 170.427 0.222113 -0.0518326 1.15362
663.439 70.9272 0.201226 0.0247362 1.18284
685.705 54.8353 0.197197 0.0180822 1.1831
805.899 27.1753 0.188629 -0.014311 1.17374
952.28 30.3893 0.187208 -0.0488728 1.16062
820.699 183.612 0.212165 -0.0139849 1.13365
558.054 480.63 0.298472 0.0639105 1.11818
955.309 171.157 0.219566 -0.0509168 1.14865
703.194 208.001 0.222317 0.0150514 1.14244
825.017 335.977 0.285909 -0.0214377 1.16279
955.63 325.014 0.142525 -0.0113697 0.996653
696.752 186.371 0.203643 0.015369 1.12116
565.696 207.544 0.238979 0.0587058 1.17563
949.794 199.719 0.243534 -0.0594147 1.17419
825.489 182.8 0.242677 -0.0232651 1.18784
660.593 67.1868 0.194282 0.0242294 1.16749
564.947 475.723 0.304969 0.0640928 1.12518
808.128 319.4 0.277536 -0.0154785 1.16178
816.941 57.0135 0.196271 -0.0172477 1.17254
680.456 344.213 0.285348 0.0268801 1.16193
950.251 326.836 0.260503 -0.0515748 1.1346
696.984 254.632 0.350251 0.0277333 1.31602
955.783 235.705 0.337347 -0.117967 1.29918
535.226 213.703 0.227084 0.061676 1.15268
950.45 315.928 0.276879 -0.0604194 1.15883
541.085 491.155 0.280584 0.0624081 1.10035
943.556 448.934 0.301992 -0.053197 1.12603
947.581 452.03 0.316635 -0.0594671 1.13675
755.727 469.551 1.22665 -0.0532961 1.60814
532.242 62.0523 0.19554 0.0607099 1.18086
946.174 49.3498 0.203823 -0.0573469 1.19192
620.127 617.58 0.465306 0.0747885 1.15754
857.699 334.548 0.239897 -0.0206853 1.1097
947.793 581.159 0.335208 -0.0528526 1.10178
826.52 321.234 0.281981 -0.022172 1.16567
576.702 359.774 0.264364 0.0542394 1.13356
556.811 485.047 0.292165 0.0620413 1.11151
567.561 334.883 0.283547 0.0655198 1.16783
952.144 67.2112 0.209168 -0.0597949 1.19175
554.874 78.2509 0.198749 0.0542886 1.17624
932.61 23.8895 0.19268 -0.0495263 1.18143
872.341 566.661 0.523929 -0.0731619 1.20624
836.857 343.083 0.219359 -0.0116581 1.08366
826.968 569.54 0.356497 -0.0191667 1.12008
569.362 623.362 0.306293 0.0563392 1.07713
742.824 442.82 1.90362 -0.0626381 1.89946
937.871 223.169 0.263565 -0.0634885 1.1928
776.727 299.521 -0.0534817 0.00492664 0.759587
933.924 195.069 0.236742 -0.0516809 1.16603
805.186 110.222 0.251689 -0.0270888 1.27033
507.478 34.9278 0.180997 0.0604316 1.16058
826.306 57.7606 0.208049 -0.0242248 1.20317
953.733 319.844 0.390132 -0.124989 1.28932
950.771 319.926 0.394282 -0.12594 1.29421
808.561 205.967 0.266657 -0.0218604 1.21504
931.05 80.4033 0.220938 -0.0602534 1.21219
657.313 341.11 0.154504 0.0164903 1.01088
687.435 97.2021 0.228125 0.0208211 1.23019
948.274 323.357 0.138804 -0.00984038 0.992507
689.923 199.461 0.215843 0.017946 1.13614
683.054 69.3761 0.261335 0.0295781 1.37886
870.223 315.157 0.218499 -0.019373 1.09078
540 352.194 0.239107 0.0557565 1.10864
912.168 568.055 0.185651 -0.0107381 1.00447
816.156 463.264 0.299652 -0.0136345 1.12098
890.515 431.112 0.365071 -0.0576331 1.18783
667.292 76.159 0.205283 0.0242596 1.18933
651.623 335.717 0.524524 0.0944441 1.44514
825.731 443.653 0.315835 -0.0200647 1.14213
630.145 534.185 0.406645 0.0617962 1.16899
817.579 344.764 0.311289 -0.0231964 1.18693
612.378 338.189 0.363144 0.073842 1.25808
