689.644 344.863 0.285543 0.0248685 1.16718
559.666 74.1078 0.195369 0.0515021 1.1735
940.177 62.6709 0.206489 -0.0527542 1.19153
837.778 171.625 0.223504 -0.0205401 1.16351
815.866 200.841 0.232407 -0.0148843 1.16396
688.056 44.8689 0.194464 0.0179426 1.1857
873.496 265.18 0.171797 -0.00986098 1.04999
611.589 133.621 0.0935049 0.0129778 0.957468
642.586 71.6025 0.151938 0.0201135 1.07144
660.642 71.0424 0.19747 0.0253533 1.17623
935.204 566.586 0.360148 -0.0556192 1.12801
943.35 439.821 0.307084 -0.053942 1.13984
825.945 63.1256 0.203396 -0.0200246 1.18905
659.204 97.7752 0.214942 0.0286727 1.20087
499.387 17.2559 0.17993 0.0637804 1.1735
528.628 52.3421 0.192197 0.0605003 1.1821
673.542 358.309 0.2586 0.0265674 1.13123
908.161 276.822 0.160239 -0.0111375 1.032
808.954 203.011 0.234966 -0.0133875 1.16731
530.66 52.9689 0.186221 0.0557856 1.16485
671.683 70.8755 0.201736 0.0231376 1.18688
956.413 203.456 0.24362 -0.0585636 1.17627
648.702 274.77 0.436908 0.0826533 1.43429
814.732 201.116 0.223414 -0.0126218 1.14888
925.29 171.717 0.237604 -0.0508886 1.1858
940.789 64.4923 0.203923 -0.0506745 1.18372
825.571 97.3676 0.223284 -0.0237688 1.21268
561.296 336.437 0.271052 0.0633488 1.15791
730.57 60.9789 -0.196161 -0.00176434 0.622196
625.096 203.561 0.0940882 0.0123619 0.953144
650.217 164.945 0.0978405 0.0117392 0.961383
546.479 220.51 0.238224 0.0634871 1.1722
526.204 218.549 0.224396 0.0626324 1.15082
840.904 63.4078 0.200796 -0.0229801 1.1814
804.514 23.4772 0.189402 -0.0130045 1.18111
565.546 322.768 0.284934 0.0684115 1.18175
557.02 494.527 0.300754 0.0649171 1.12115
932.892 332.926 0.284655 -0.0541667 1.16531
809.745 42.4524 0.196657 -0.0151678 1.1872
833.059 181.337 0.224529 -0.0188646 1.16026
572.539 354.57 0.264438 0.0563923 1.14168
575.105 588.509 0.334765 0.0644158 1.111
695.043 207.047 0.232553 0.0189028 1.16495
708.652 597.762 0.450682 0.0298323 1.16584
545.361 628.756 0.292854 0.0595033 1.07476
774.744 196.533 0.352409 -0.025464 1.39585
667.006 67.9612 0.200836 0.0243557 1.18691
689.701 51.4761 0.196808 0.0177017 1.18716
812.511 22.7996 0.188239 -0.0146915 1.17781
828.38 182.447 0.211776 -0.0143654 1.13772
560.468 485.573 0.298083 0.0635301 1.12224
953.67 178.466 0.228476 -0.0525666 1.1646
708.14 207.623 0.221927 0.0146709 1.1465
831.679 337.486 0.285519 -0.0218182 1.16685
702.044 185.636 0.203253 0.0149886 1.12522
567.411 207.339 0.238364 0.0582855 1.17936
958.976 198.433 0.243144 -0.0597952 1.17825
831.947 181.517 0.242287 -0.0236456 1.1919
957.549 314.375 0.27197 -0.0583127 1.15875
664.324 64.0831 0.193892 0.023849 1.17155
567.401 480.428 0.304579 0.0637123 1.12924
814.536 320.682 0.277147 -0.0158589 1.16585
540.811 61.1426 0.191433 0.0555857 1.17295
823.766 53.2351 0.195882 -0.0176281 1.17661
684.5 346.185 0.284958 0.0264996 1.166
699.766 254.648 0.349861 0.0273528 1.32008
543.758 217.992 0.232496 0.0617604 1.16407
959.697 316.846 0.27649 -0.0607999 1.16289
543.403 496.74 0.280194 0.0620276 1.10441
953.199 452.528 0.301602 -0.0535775 1.13009
950.712 452.433 0.322688 -0.0606528 1.14739
757.566 470.587 1.22626 -0.0536765 1.61221
533.466 59.2607 0.19527 0.060388 1.18529
955.216 45.0975 0.203433 -0.0577273 1.19599
622.982 622.895 0.464917 0.074408 1.1616
866.581 336.57 0.239508 -0.0210657 1.11376
833.18 322.472 0.281591 -0.0225525 1.16973
579.263 362.545 0.263974 0.053859 1.13762
552.121 496.041 0.282772 0.0605508 1.10655
569.606 336.909 0.283157 0.0651394 1.17189
556.462 75.7367 0.198359 0.0539081 1.1803
941.707 19.083 0.192291 -0.0499068 1.18549
878.07 570.409 0.523539 -0.0735423 1.2103
846.288 345.774 0.218969 -0.0120385 1.08772
834.01 575.148 0.356107 -0.0195472 1.12414
572.541 631.56 0.305903 0.0559587 1.08119
744.046 443.402 1.90323 -0.0630186 1.90352
946.262 222.304 0.263175 -0.0638689 1.19686
480.216 343.149 0.194397 0.05093 1.06546
756.559 259.559 -0.0538715 0.00454618 0.76365
943.029 193.753 0.236353 -0.0520614 1.17009
810.081 107.81 0.251299 -0.0274693 1.27439
508.234 31.5798 0.180607 0.0600512 1.16465
832.678 54.1127 0.207659 -0.0246053 1.20723
946.034 319.921 0.41382 -0.132746 1.32225
814.601 204.926 0.266087 -0.0223649 1.2189
936.941 78.4265 0.222204 -0.0609285 1.21933
661.116 349.619 0.151096 0.0162425 1.01099
690.367 89.6294 0.222899 0.0201028 1.22629
694.73 198.968 0.215453 0.0175655 1.14021
656.093 632.15 -0.0420449 0.00341137 0.786019
685.278 67.018 0.260945 0.0291976 1.38292
880.233 317.044 0.21811 -0.0197534 1.09485
540.082 356.124 0.235754 0.0547352 1.10904
926.094 584.213 0.18415 -0.0105452 1.00709
824.583 469.669 0.295762 -0.0137759 1.12137
897.488 433.639 0.364681 -0.0580135 1.19189
671.239 73.9945 0.205299 0.0238206 1.19392
653.298 336.482 0.524135 0.0940637 1.4492
838.083 455.533 0.302465 -0.0194775 1.13187
633.11 538.592 0.406255 0.0614157 1.17306
823.58 346.226 0.310899 -0.0235769 1.19099
615.542 339.427 0.365451 0.0737564 1.26536
