740.165 181.594 0.254454 -0.482857 4.94208
719.923 177.928 -0.080041 -0.149275 5.68112
668.662 59.7818 -0.106867 0.00675771 0.400213
649.177 102.318 0.294212 0.0144444 0.906094
600.076 506.697 0.00430567 0.00999941 0.461054
489.214 562.466 0.342989 0.0392661 0.874901
682.116 270.262 0.702135 0.0723702 1.53925
713.416 268.588 0.714305 0.0205008 1.56117
679.089 137.513 0.299028 0.0110133 0.905372
634.49 66.2255 0.283157 0.0147699 0.892602
700.25 330.141 0.334929 0.0105241 0.911282
496.47 530.018 0.0259612 0.0107711 0.49589
718.763 154.293 -0.0158536 0.00161167 0.469374
716.769 176.589 -0.0381622 0.00137406 0.443627
665.813 371.276 0.356663 0.0180198 0.927804
498.612 219.079 0.0250619 0.00883371 0.511279
594.83 497.54 0.00597566 0.00994842 0.464938
590.876 551.179 0.0137059 0.00946702 0.47266
637.711 81.486 0.291054 0.0155725 0.905573
878.538 125.388 0.322152 -0.0226318 0.950911
864.86 322.67 0.337431 -0.0152512 0.913922
848.502 357.407 0.414937 -0.0281804 0.99727
862.467 135.129 0.302064 -0.013044 0.90858
518.476 132.3 0.312061 0.0380763 0.936312
575.389 483.076 1.07318 0.32326 1.37704
564.241 106.042 0.353279 0.0508754 1.04646
881.732 120.947 0.311223 -0.0193206 0.930346
493.509 214.805 0.33498 0.0490159 0.950263
501.402 483.094 0.457109 0.0830314 0.99389
882.17 347.484 0.350817 -0.0202281 0.92386
726.634 607.175 1.03437 0.0277096 1.17653
535.037 512.018 0.361218 0.0391533 0.900076
920.567 95.6336 0.298446 -0.0210319 0.911668
868.553 125.435 0.300961 -0.0138812 0.90907
712.966 162.839 0.309021 0.00696301 0.916353
496.827 371.776 0.334897 0.0409979 0.904097
677.948 133.02 0.298705 0.0111374 0.906
900.205 107.326 0.300131 -0.0184898 0.912039
636.783 97.0653 0.290354 0.0154337 0.899757
665.251 356.148 0.336603 0.016018 0.907536
702.335 561.899 0.360225 0.0121577 0.887435
666.055 363.236 0.326548 0.0148541 0.893628
730.87 149.657 0.573134 -0.0755364 2.50612
913.126 355.298 0.319849 -0.01651 0.884188
664.929 364.687 0.330514 0.0154055 0.898145
862.711 148.772 0.310803 -0.0150509 0.921004
727.876 324.243 0.340218 0.00623826 0.919239
692.721 177.9 0.325291 0.0108286 0.941764
922.007 324.556 0.322743 -0.0195058 0.893901
688.669 344.258 0.326011 0.0117318 0.896766
683.86 532.676 0.361126 0.01501 0.894048
523.326 45.2118 0.320573 0.048251 0.999913
494.587 347.91 0.350487 0.0484654 0.929738
545.833 25.7279 0.0884196 0.00250219 0.585757
773.744 442.062 1.56786 -0.175475 1.66967
829.534 187.014 0.366317 -0.0228523 1.01003
841.143 168.637 0.347818 -0.0213361 0.983972
713.538 543.705 0.536674 0.0178116 1.02112
804.279 539.772 -0.0471978 -0.0103017 0.35166
740.691 598.885 -0.0592251 -0.000291706 0.294476
740.691 598.885 -0.0592251 -0.000291706 0.294476
740.691 598.885 -0.0592251 -0.000291706 0.294476
740.691 598.885 -0.0592251 -0.000291706 0.294476
740.691 598.885 -0.0592251 -0.000291706 0.294476
740.691 598.885 -0.0592251 -0.000291706 0.294476
740.691 598.885 -0.0592251 -0.000291706 0.294476
740.691 598.885 -0.0592251 -0.000291706 0.294476
740.691 598.885 -0.0592251 -0.000291706 0.294476
740.691 598.885 -0.0592251 -0.000291706 0.294476
740.691 598.885 -0.0592251 -0.000291706 0.294476
740.691 598.885 -0.0592251 -0.000291706 0.294476
740.691 598.885 -0.0592251 -0.000291706 0.294476
740.691 598.885 -0.0592251 -0.000291706 0.294476
740.691 598.885 -0.0592251 -0.000291706 0.294476
740.691 598.885 -0.0592251 -0.000291706 0.294476
740.691 598.885 -0.0592251 -0.000291706 0.294476
740.691 598.885 -0.0592251 -0.000291706 0.294476
740.691 598.885 -0.0592251 -0.000291706 0.294476
740.691 598.885 -0.0592251 -0.000291706 0.294476
740.691 598.885 -0.0592251 -0.000291706 0.294476
740.691 598.885 -0.0592251 -0.000291706 0.294476
740.691 598.885 -0.0592251 -0.000291706 0.294476
740.691 598.885 -0.0592251 -0.000291706 0.294476
740.691 598.885 -0.0592251 -0.000291706 0.294476
740.691 598.885 -0.0592251 -0.000291706 0.294476
740.691 598.885 -0.0592251 -0.000291706 0.294476
740.691 598.885 -0.0592251 -0.000291706 0.294476
740.691 598.885 -0.0592251 -0.000291706 0.294476
740.691 598.885 -0.0592251 -0.000291706 0.294476
740.691 598.885 -0.0592251 -0.000291706 0.294476
740.691 598.885 -0.0592251 -0.000291706 0.294476
740.691 598.885 -0.0592251 -0.000291706 0.294476
740.691 598.885 -0.0592251 -0.000291706 0.294476
740.691 598.885 -0.0592251 -0.000291706 0.294476
740.691 598.885 -0.0592251 -0.000291706 0.294476
740.691 598.885 -0.0592251 -0.000291706 0.294476
740.691 598.885 -0.0592251 -0.000291706 0.294476
740.691 598.885 -0.0592251 -0.000291706 0.294476
740.691 598.885 -0.0592251 -0.000291706 0.294476
740.691 598.885 -0.0592251 -0.000291706 0.294476
740.691 598.885 -0.0592251 -0.000291706 0.294476
740.691 598.885 -0.0592251 -0.000291706 0.294476
740.691 598.885 -0.0592251 -0.000291706 0.294476
740.691 598.885 -0.0592251 -0.000291706 0.294476
740.691 598.885 -0.0592251 -0.000291706 0.294476
740.691 598.885 -0.0592251 -0.000291706 0.294476
740.691 598.885 -0.0592251 -0.000291706 0.294476
740.691 598.885 -0.0592251 -0.000291706 0.294476
740.691 598.885 -0.0592251 -0.000291706 0.294476
740.691 598.885 -0.0592251 -0.000291706 0.294476
740.691 598.885 -0.0592251 -0.000291706 0.294476
740.691 598.885 -0.0592251 -0.000291706 0.294476
740.691 598.885 -0.0592251 -0.000291706 0.294476
740.691 598.885 -0.0592251 -0.000291706 0.294476
740.691 598.885 -0.0592251 -0.000291706 0.294476
740.691 598.885 -0.0592251 -0.000291706 0.294476
740.691 598.885 -0.0592251 -0.000291706 0.294476
740.691 598.885 -0.0592251 -0.000291706 0.294476
740.691 598.885 -0.0592251 -0.000291706 0.294476
740.691 598.885 -0.0592251 -0.000291706 0.294476
740.691 598.885 -0.0592251 -0.000291706 0.294476
740.691 598.885 -0.0592251 -0.000291706 0.294476
740.691 598.885 -0.0592251 -0.000291706 0.294476
740.691 598.885 -0.0592251 -0.000291706 0.294476
740.691 598.885 -0.0592251 -0.000291706 0.294476
740.691 598.885 -0.0592251 -0.000291706 0.294476
740.691 598.885 -0.0592251 -0.000291706 0.294476
740.691 598.885 -0.0592251 -0.000291706 0.294476
740.691 598.885 -0.0592251 -0.000291706 0.294476
740.691 598.885 -0.0592251 -0.000291706 0.294476
740.691 598.885 -0.0592251 -0.000291706 0.294476
740.691 598.885 -0.0592251 -0.000291706 0.294476
740.691 598.885 -0.0592251 -0.000291706 0.294476
740.691 598.885 -0.0592251 -0.000291706 0.294476
740.691 598.885 -0.0592251 -0.000291706 0.294476
740.691 598.885 -0.0592251 -0.000291706 0.294476
740.691 598.885 -0.0592251 -0.000291706 0.294476
740.691 598.885 -0.0592251 -0.000291706 0.294476
740.691 598.885 -0.0592251 -0.000291706 0.294476
740.691 598.885 -0.0592251 -0.000291706 0.294476
740.691 598.885 -0.0592251 -0.000291706 0.294476
740.691 598.885 -0.0592251 -0.000291706 0.294476
740.691 598.885 -0.0592251 -0.000291706 0.294476
740.691 598.885 -0.0592251 -0.000291706 0.294476
740.691 598.885 -0.0592251 -0.000291706 0.294476
740.691 598.885 -0.0592251 -0.000291706 0.294476
740.691 598.885 -0.0592251 -0.000291706 0.294476
740.691 598.885 -0.0592251 -0.000291706 0.294476
740.691 598.885 -0.0592251 -0.000291706 0.294476
740.691 598.885 -0.0592251 -0.000291706 0.294476
740.691 598.885 -0.0592251 -0.000291706 0.294476
740.691 598.885 -0.0592251 -0.000291706 0.294476
740.691 598.885 -0.0592251 -0.000291706 0.294476
740.691 598.885 -0.0592251 -0.000291706 0.294476
740.691 598.885 -0.0592251 -0.000291706 0.294476
740.691 598.885 -0.0592251 -0.000291706 0.294476
740.691 598.885 -0.0592251 -0.000291706 0.294476
740.691 598.885 -0.0592251 -0.000291706 0.294476
740.691 598.885 -0.0592251 -0.000291706 0.294476
740.691 598.885 -0.0592251 -0.000291706 0.294476
740.691 598.885 -0.0592251 -0.000291706 0.294476
740.691 598.885 -0.0592251 -0.000291706 0.294476
740.691 598.885 -0.0592251 -0.000291706 0.294476
740.691 598.885 -0.0592251 -0.000291706 0.294476
740.691 598.885 -0.0592251 -0.000291706 0.294476
740.691 598.885 -0.0592251 -0.000291706 0.294476
740.691 598.885 -0.0592251 -0.000291706 0.294476
740.691 598.885 -0.0592251 -0.000291706 0.294476
740.691 598.885 -0.0592251 -0.000291706 0.294476
740.691 598.885 -0.0592251 -0.000291706 0.294476
740.691 598.885 -0.0592251 -0.000291706 0.294476
740.691 598.885 -0.0592251 -0.000291706 0.294476
740.691 598.885 -0.0592251 -0.000291706 0.294476
740.691 598.885 -0.0592251 -0.000291706 0.294476
740.691 598.885 -0.0592251 -0.000291706 0.294476
740.691 598.885 -0.0592251 -0.000291706 0.294476
740.691 598.885 -0.0592251 -0.000291706 0.294476
740.691 598.885 -0.0592251 -0.000291706 0.294476
740.691 598.885 -0.0592251 -0.000291706 0.294476
740.691 598.885 -0.0592251 -0.000291706 0.294476
740.691 598.885 -0.0592251 -0.000291706 0.294476
740.691 598.885 -0.0592251 -0.000291706 0.294476
740.691 598.885 -0.0592251 -0.000291706 0.294476
740.691 598.885 -0.0592251 -0.000291706 0.294476
740.691 598.885 -0.0592251 -0.000291706 0.294476
740.691 598.885 -0.0592251 -0.000291706 0.294476
740.691 598.885 -0.0592251 -0.000291706 0.294476
740.691 598.885 -0.0592251 -0.000291706 0.294476
740.691 598.885 -0.0592251 -0.000291706 0.294476
740.691 598.885 -0.0592251 -0.000291706 0.294476
740.691 598.885 -0.0592251 -0.000291706 0.294476
740.691 598.885 -0.0592251 -0.000291706 0.294476
740.691 598.885 -0.0592251 -0.000291706 0.294476
740.691 598.885 -0.0592251 -0.000291706 0.294476
740.691 598.885 -0.0592251 -0.000291706 0.294476
740.691 598.885 -0.0592251 -0.000291706 0.294476
740.691 598.885 -0.0592251 -0.000291706 0.294476
740.691 598.885 -0.0592251 -0.000291706 0.294476
740.691 598.885 -0.0592251 -0.000291706 0.294476
740.691 598.885 -0.0592251 -0.000291706 0.294476
740.691 598.885 -0.0592251 -0.000291706 0.294476
740.691 598.885 -0.0592251 -0.000291706 0.294476
740.691 598.885 -0.0592251 -0.000291706 0.294476
740.691 598.885 -0.0592251 -0.000291706 0.294476
740.691 598.885 -0.0592251 -0.000291706 0.294476
740.691 598.885 -0.0592251 -0.000291706 0.294476
740.691 598.885 -0.0592251 -0.000291706 0.294476
740.691 598.885 -0.0592251 -0.000291706 0.294476
740.691 598.885 -0.0592251 -0.000291706 0.294476
740.691 598.885 -0.0592251 -0.000291706 0.294476
740.691 598.885 -0.0592251 -0.000291706 0.294476
740.691 598.885 -0.0592251 -0.000291706 0.294476
740.691 598.885 -0.0592251 -0.000291706 0.294476
740.691 598.885 -0.0592251 -0.000291706 0.294476
740.691 598.885 -0.0592251 -0.000291706 0.294476
740.691 598.885 -0.0592251 -0.000291706 0.294476
740.691 598.885 -0.0592251 -0.000291706 0.294476
740.691 598.885 -0.0592251 -0.000291706 0.294476
740.691 598.885 -0.0592251 -0.000291706 0.294476
740.691 598.885 -0.0592251 -0.000291706 0.294476
740.691 598.885 -0.0592251 -0.000291706 0.294476
740.691 598.885 -0.0592251 -0.000291706 0.294476
740.691 598.885 -0.0592251 -0.000291706 0.294476
740.691 598.885 -0.0592251 -0.000291706 0.294476
740.691 598.885 -0.0592251 -0.000291706 0.294476
740.691 598.885 -0.0592251 -0.000291706 0.294476
740.691 598.885 -0.0592251 -0.000291706 0.294476
740.691 598.885 -0.0592251 -0.000291706 0.294476
740.691 598.885 -0.0592251 -0.000291706 0.294476
740.691 598.885 -0.0592251 -0.000291706 0.294476
740.691 598.885 -0.0592251 -0.000291706 0.294476
740.691 598.885 -0.0592251 -0.000291706 0.294476
740.691 598.885 -0.0592251 -0.000291706 0.294476
740.691 598.885 -0.0592251 -0.000291706 0.294476
740.691 598.885 -0.0592251 -0.000291706 0.294476
740.691 598.885 -0.0592251 -0.000291706 0.294476
740.691 598.885 -0.0592251 -0.000291706 0.294476
740.691 598.885 -0.0592251 -0.000291706 0.294476
740.691 598.885 -0.0592251 -0.000291706 0.294476
740.691 598.885 -0.0592251 -0.000291706 0.294476
740.691 598.885 -0.0592251 -0.000291706 0.294476
740.691 598.885 -0.0592251 -0.000291706 0.294476
740.691 598.885 -0.0592251 -0.000291706 0.294476
740.691 598.885 -0.0592251 -0.000291706 0.294476
740.691 598.885 -0.0592251 -0.000291706 0.294476
740.691 598.885 -0.0592251 -0.000291706 0.294476
740.691 598.885 -0.0592251 -0.000291706 0.294476
740.691 598.885 -0.0592251 -0.000291706 0.294476
740.691 598.885 -0.0592251 -0.000291706 0.294476
740.691 598.885 -0.0592251 -0.000291706 0.294476
740.691 598.885 -0.0592251 -0.000291706 0.294476
740.691 598.885 -0.0592251 -0.000291706 0.294476
740.691 598.885 -0.0592251 -0.000291706 0.294476
740.691 598.885 -0.0592251 -0.000291706 0.294476
740.691 598.885 -0.0592251 -0.000291706 0.294476
740.691 598.885 -0.0592251 -0.000291706 0.294476
740.691 598.885 -0.0592251 -0.000291706 0.294476
740.691 598.885 -0.0592251 -0.000291706 0.294476
740.691 598.885 -0.0592251 -0.000291706 0.294476
740.691 598.885 -0.0592251 -0.000291706 0.294476
740.691 598.885 -0.0592251 -0.000291706 0.294476
740.691 598.885 -0.0592251 -0.000291706 0.294476
740.691 598.885 -0.0592251 -0.000291706 0.294476
740.691 598.885 -0.0592251 -0.000291706 0.294476
740.691 598.885 -0.0592251 -0.000291706 0.294476
740.691 598.885 -0.0592251 -0.000291706 0.294476
740.691 598.885 -0.0592251 -0.000291706 0.294476
740.691 598.885 -0.0592251 -0.000291706 0.294476
740.691 598.885 -0.0592251 -0.000291706 0.294476
740.691 598.885 -0.0592251 -0.000291706 0.294476
740.691 598.885 -0.0592251 -0.000291706 0.294476
740.691 598.885 -0.0592251 -0.000291706 0.294476
740.691 598.885 -0.0592251 -0.000291706 0.294476
740.691 598.885 -0.0592251 -0.000291706 0.294476
740.691 598.885 -0.0592251 -0.000291706 0.294476
740.691 598.885 -0.0592251 -0.000291706 0.294476
740.691 598.885 -0.0592251 -0.000291706 0.294476
740.691 598.885 -0.0592251 -0.000291706 0.294476
740.691 598.885 -0.0592251 -0.000291706 0.294476
740.691 598.885 -0.0592251 -0.000291706 0.294476
740.691 598.885 -0.0592251 -0.000291706 0.294476
740.691 598.885 -0.0592251 -0.000291706 0.294476
740.691 598.885 -0.0592251 -0.000291706 0.294476
740.691 598.885 -0.0592251 -0.000291706 0.294476
740.691 598.885 -0.0592251 -0.000291706 0.294476
740.691 598.885 -0.0592251 -0.000291706 0.294476
740.691 598.885 -0.0592251 -0.000291706 0.294476
740.691 598.885 -0.0592251 -0.000291706 0.294476
740.691 598.885 -0.0592251 -0.000291706 0.294476
740.691 598.885 -0.0592251 -0.000291706 0.294476
740.691 598.885 -0.0592251 -0.000291706 0.294476
740.691 598.885 -0.0592251 -0.000291706 0.294476
740.691 598.885 -0.0592251 -0.000291706 0.294476
740.691 598.885 -0.0592251 -0.000291706 0.294476
740.691 598.885 -0.0592251 -0.000291706 0.294476
740.691 598.885 -0.0592251 -0.000291706 0.294476
740.691 598.885 -0.0592251 -0.000291706 0.294476
740.691 598.885 -0.0592251 -0.000291706 0.294476
740.691 598.885 -0.0592251 -0.000291706 0.294476
740.691 598.885 -0.0592251 -0.000291706 0.294476
740.691 598.885 -0.0592251 -0.000291706 0.294476
740.691 598.885 -0.0592251 -0.000291706 0.294476
740.691 598.885 -0.0592251 -0.000291706 0.294476
740.691 598.885 -0.0592251 -0.000291706 0.294476
740.691 598.885 -0.0592251 -0.000291706 0.294476
740.691 598.885 -0.0592251 -0.000291706 0.294476
740.691 598.885 -0.0592251 -0.000291706 0.294476
740.691 598.885 -0.0592251 -0.000291706 0.294476
740.691 598.885 -0.0592251 -0.000291706 0.294476
740.691 598.885 -0.0592251 -0.000291706 0.294476
740.691 598.885 -0.0592251 -0.000291706 0.294476
740.691 598.885 -0.0592251 -0.000291706 0.294476
740.691 598.885 -0.0592251 -0.000291706 0.294476
740.691 598.885 -0.0592251 -0.000291706 0.294476
740.691 598.885 -0.0592251 -0.000291706 0.294476
740.691 598.885 -0.0592251 -0.000291706 0.294476
740.691 598.885 -0.0592251 -0.000291706 0.294476
740.691 598.885 -0.0592251 -0.000291706 0.294476
740.691 598.885 -0.0592251 -0.000291706 0.294476
740.691 598.885 -0.0592251 -0.000291706 0.294476
740.691 598.885 -0.0592251 -0.000291706 0.294476
740.691 598.885 -0.0592251 -0.000291706 0.294476
740.691 598.885 -0.0592251 -0.000291706 0.294476
740.691 598.885 -0.0592251 -0.000291706 0.294476
740.691 598.885 -0.0592251 -0.000291706 0.294476
740.691 598.885 -0.0592251 -0.000291706 0.294476
740.691 598.885 -0.0592251 -0.000291706 0.294476
740.691 598.885 -0.0592251 -0.000291706 0.294476
740.691 598.885 -0.0592251 -0.000291706 0.294476
740.691 598.885 -0.0592251 -0.000291706 0.294476
740.691 598.885 -0.0592251 -0.000291706 0.294476
740.691 598.885 -0.0592251 -0.000291706 0.294476
740.691 598.885 -0.0592251 -0.000291706 0.294476
740.691 598.885 -0.0592251 -0.000291706 0.294476
740.691 598.885 -0.0592251 -0.000291706 0.294476
740.691 598.885 -0.0592251 -0.000291706 0.294476
740.691 598.885 -0.0592251 -0.000291706 0.294476
740.691 598.885 -0.0592251 -0.000291706 0.294476
740.691 598.885 -0.0592251 -0.000291706 0.294476
740.691 598.885 -0.0592251 -0.000291706 0.294476
740.691 598.885 -0.0592251 -0.000291706 0.294476
740.691 598.885 -0.0592251 -0.000291706 0.294476
740.691 598.885 -0.0592251 -0.000291706 0.294476
740.691 598.885 -0.0592251 -0.000291706 0.294476
740.691 598.885 -0.0592251 -0.000291706 0.294476
740.691 598.885 -0.0592251 -0.000291706 0.294476
740.691 598.885 -0.0592251 -0.000291706 0.294476
740.691 598.885 -0.0592251 -0.000291706 0.294476
740.691 598.885 -0.0592251 -0.000291706 0.294476
740.691 598.885 -0.0592251 -0.000291706 0.294476
740.691 598.885 -0.0592251 -0.000291706 0.294476
740.691 598.885 -0.0592251 -0.000291706 0.294476
740.691 598.885 -0.0592251 -0.000291706 0.294476
740.691 598.885 -0.0592251 -0.000291706 0.294476
740.691 598.885 -0.0592251 -0.000291706 0.294476
740.691 598.885 -0.0592251 -0.000291706 0.294476
740.691 598.885 -0.0592251 -0.000291706 0.294476
740.691 598.885 -0.0592251 -0.000291706 0.294476
740.691 598.885 -0.0592251 -0.000291706 0.294476
740.691 598.885 -0.0592251 -0.000291706 0.294476
740.691 598.885 -0.0592251 -0.000291706 0.294476
740.691 598.885 -0.0592251 -0.000291706 0.294476
740.691 598.885 -0.0592251 -0.000291706 0.294476
740.691 598.885 -0.0592251 -0.000291706 0.294476
740.691 598.885 -0.0592251 -0.000291706 0.294476
740.691 598.885 -0.0592251 -0.000291706 0.294476
740.691 598.885 -0.0592251 -0.000291706 0.294476
740.691 598.885 -0.0592251 -0.000291706 0.294476
740.691 598.885 -0.0592251 -0.000291706 0.294476
740.691 598.885 -0.0592251 -0.000291706 0.294476
740.691 598.885 -0.0592251 -0.000291706 0.294476
740.691 598.885 -0.0592251 -0.000291706 0.294476
740.691 598.885 -0.0592251 -0.000291706 0.294476
740.691 598.885 -0.0592251 -0.000291706 0.294476
740.691 598.885 -0.0592251 -0.000291706 0.294476
740.691 598.885 -0.0592251 -0.000291706 0.294476
740.691 598.885 -0.0592251 -0.000291706 0.294476
740.691 598.885 -0.0592251 -0.000291706 0.294476
740.691 598.885 -0.0592251 -0.000291706 0.294476
740.691 598.885 -0.0592251 -0.000291706 0.294476
740.691 598.885 -0.0592251 -0.000291706 0.294476
740.691 598.885 -0.0592251 -0.000291706 0.294476
740.691 598.885 -0.0592251 -0.000291706 0.294476
740.691 598.885 -0.0592251 -0.000291706 0.294476
740.691 598.885 -0.0592251 -0.000291706 0.294476
740.691 598.885 -0.0592251 -0.000291706 0.294476
740.691 598.885 -0.0592251 -0.000291706 0.294476
740.691 598.885 -0.0592251 -0.000291706 0.294476
740.691 598.885 -0.0592251 -0.000291706 0.294476
740.691 598.885 -0.0592251 -0.000291706 0.294476
740.691 598.885 -0.0592251 -0.000291706 0.294476
740.691 598.885 -0.0592251 -0.000291706 0.294476
740.691 598.885 -0.0592251 -0.000291706 0.294476
740.691 598.885 -0.0592251 -0.000291706 0.294476
740.691 598.885 -0.0592251 -0.000291706 0.294476
740.691 598.885 -0.0592251 -0.000291706 0.294476
740.691 598.885 -0.0592251 -0.000291706 0.294476
740.691 598.885 -0.0592251 -0.000291706 0.294476
740.691 598.885 -0.0592251 -0.000291706 0.294476
740.691 598.885 -0.0592251 -0.000291706 0.294476
740.691 598.885 -0.0592251 -0.000291706 0.294476
740.691 598.885 -0.0592251 -0.000291706 0.294476
740.691 598.885 -0.0592251 -0.000291706 0.294476
740.691 598.885 -0.0592251 -0.000291706 0.294476
740.691 598.885 -0.0592251 -0.000291706 0.294476
740.691 598.885 -0.0592251 -0.000291706 0.294476
740.691 598.885 -0.0592251 -0.000291706 0.294476
740.691 598.885 -0.0592251 -0.000291706 0.294476
740.691 598.885 -0.0592251 -0.000291706 0.294476
740.691 598.885 -0.0592251 -0.000291706 0.294476
740.691 598.885 -0.0592251 -0.000291706 0.294476
740.691 598.885 -0.0592251 -0.000291706 0.294476
740.691 598.885 -0.0592251 -0.000291706 0.294476
740.691 598.885 -0.0592251 -0.000291706 0.294476
740.691 598.885 -0.0592251 -0.000291706 0.294476
740.691 598.885 -0.0592251 -0.000291706 0.294476
740.691 598.885 -0.0592251 -0.000291706 0.294476
740.691 598.885 -0.0592251 -0.000291706 0.294476
740.691 598.885 -0.0592251 -0.000291706 0.294476
740.691 598.885 -0.0592251 -0.000291706 0.294476
740.691 598.885 -0.0592251 -0.000291706 0.294476
740.691 598.885 -0.0592251 -0.000291706 0.294476
740.691 598.885 -0.0592251 -0.000291706 0.294476
740.691 598.885 -0.0592251 -0.000291706 0.294476
740.691 598.885 -0.0592251 -0.000291706 0.294476
740.691 598.885 -0.0592251 -0.000291706 0.294476
740.691 598.885 -0.0592251 -0.000291706 0.294476
740.691 598.885 -0.0592251 -0.000291706 0.294476
740.691 598.885 -0.0592251 -0.000291706 0.294476
740.691 598.885 -0.0592251 -0.000291706 0.294476
740.691 598.885 -0.0592251 -0.000291706 0.294476
740.691 598.885 -0.0592251 -0.000291706 0.294476
740.691 598.885 -0.0592251 -0.000291706 0.294476
740.691 598.885 -0.0592251 -0.000291706 0.294476
740.691 598.885 -0.0592251 -0.000291706 0.294476
740.691 598.885 -0.0592251 -0.000291706 0.294476
740.691 598.885 -0.0592251 -0.000291706 0.294476
740.691 598.885 -0.0592251 -0.000291706 0.294476
740.691 598.885 -0.0592251 -0.000291706 0.294476
740.691 598.885 -0.0592251 -0.000291706 0.294476
740.691 598.885 -0.0592251 -0.000291706 0.294476
740.691 598.885 -0.0592251 -0.000291706 0.294476
740.691 598.885 -0.0592251 -0.000291706 0.294476
740.691 598.885 -0.0592251 -0.000291706 0.294476
740.691 598.885 -0.0592251 -0.000291706 0.294476
740.691 598.885 -0.0592251 -0.000291706 0.294476
740.691 598.885 -0.0592251 -0.000291706 0.294476
740.691 598.885 -0.0592251 -0.000291706 0.294476
740.691 598.885 -0.0592251 -0.000291706 0.294476
740.691 598.885 -0.0592251 -0.000291706 0.294476
740.691 598.885 -0.0592251 -0.000291706 0.294476
740.691 598.885 -0.0592251 -0.000291706 0.294476
740.691 598.885 -0.0592251 -0.000291706 0.294476
740.691 598.885 -0.0592251 -0.000291706 0.294476
740.691 598.885 -0.0592251 -0.000291706 0.294476
740.691 598.885 -0.0592251 -0.000291706 0.294476
740.691 598.885 -0.0592251 -0.000291706 0.294476
740.691 598.885 -0.0592251 -0.000291706 0.294476
740.691 598.885 -0.0592251 -0.000291706 0.294476
740.691 598.885 -0.0592251 -0.000291706 0.294476
740.691 598.885 -0.0592251 -0.000291706 0.294476
740.691 598.885 -0.0592251 -0.000291706 0.294476
740.691 598.885 -0.0592251 -0.000291706 0.294476
740.691 598.885 -0.0592251 -0.000291706 0.294476
740.691 598.885 -0.0592251 -0.000291706 0.294476
740.691 598.885 -0.0592251 -0.000291706 0.294476
740.691 598.885 -0.0592251 -0.000291706 0.294476
740.691 598.885 -0.0592251 -0.000291706 0.294476
740.691 598.885 -0.0592251 -0.000291706 0.294476
740.691 598.885 -0.0592251 -0.000291706 0.294476
740.691 598.885 -0.0592251 -0.000291706 0.294476
740.691 598.885 -0.0592251 -0.000291706 0.294476
740.691 598.885 -0.0592251 -0.000291706 0.294476
740.691 598.885 -0.0592251 -0.000291706 0.294476
740.691 598.885 -0.0592251 -0.000291706 0.294476
740.691 598.885 -0.0592251 -0.000291706 0.294476
740.691 598.885 -0.0592251 -0.000291706 0.294476
740.691 598.885 -0.0592251 -0.000291706 0.294476
740.691 598.885 -0.0592251 -0.000291706 0.294476
740.691 598.885 -0.0592251 -0.000291706 0.294476
740.691 598.885 -0.0592251 -0.000291706 0.294476
740.691 598.885 -0.0592251 -0.000291706 0.294476
740.691 598.885 -0.0592251 -0.000291706 0.294476
740.691 598.885 -0.0592251 -0.000291706 0.294476
740.691 598.885 -0.0592251 -0.000291706 0.294476
740.691 598.885 -0.0592251 -0.000291706 0.294476
740.691 598.885 -0.0592251 -0.000291706 0.294476
740.691 598.885 -0.0592251 -0.000291706 0.294476
740.691 598.885 -0.0592251 -0.000291706 0.294476
740.691 598.885 -0.0592251 -0.000291706 0.294476
740.691 598.885 -0.0592251 -0.000291706 0.294476
740.691 598.885 -0.0592251 -0.000291706 0.294476
740.691 598.885 -0.0592251 -0.000291706 0.294476
740.691 598.885 -0.0592251 -0.000291706 0.294476
740.691 598.885 -0.0592251 -0.000291706 0.294476
740.691 598.885 -0.0592251 -0.000291706 0.294476
740.691 598.885 -0.0592251 -0.000291706 0.294476
740.691 598.885 -0.0592251 -0.000291706 0.294476
740.691 598.885 -0.0592251 -0.000291706 0.294476
740.691 598.885 -0.0592251 -0.000291706 0.294476
740.691 598.885 -0.0592251 -0.000291706 0.294476
740.691 598.885 -0.0592251 -0.000291706 0.294476
740.691 598.885 -0.0592251 -0.000291706 0.294476
740.691 598.885 -0.0592251 -0.000291706 0.294476
740.691 598.885 -0.0592251 -0.000291706 0.294476
740.691 598.885 -0.0592251 -0.000291706 0.294476
740.691 598.885 -0.0592251 -0.000291706 0.294476
740.691 598.885 -0.0592251 -0.000291706 0.294476
740.691 598.885 -0.0592251 -0.000291706 0.294476
740.691 598.885 -0.0592251 -0.000291706 0.294476
740.691 598.885 -0.0592251 -0.000291706 0.294476
740.691 598.885 -0.0592251 -0.000291706 0.294476
740.691 598.885 -0.0592251 -0.000291706 0.294476
740.691 598.885 -0.0592251 -0.000291706 0.294476
740.691 598.885 -0.0592251 -0.000291706 0.294476
740.691 598.885 -0.0592251 -0.000291706 0.294476
740.691 598.885 -0.0592251 -0.000291706 0.294476
740.691 598.885 -0.0592251 -0.000291706 0.294476
740.691 598.885 -0.0592251 -0.000291706 0.294476
740.691 598.885 -0.0592251 -0.000291706 0.294476
740.691 598.885 -0.0592251 -0.000291706 0.294476
740.691 598.885 -0.0592251 -0.000291706 0.294476
740.691 598.885 -0.0592251 -0.000291706 0.294476
740.691 598.885 -0.0592251 -0.000291706 0.294476
740.691 598.885 -0.0592251 -0.000291706 0.294476
740.691 598.885 -0.0592251 -0.000291706 0.294476
740.691 598.885 -0.0592251 -0.000291706 0.294476
740.691 598.885 -0.0592251 -0.000291706 0.294476
740.691 598.885 -0.0592251 -0.000291706 0.294476
740.691 598.885 -0.0592251 -0.000291706 0.294476
740.691 598.885 -0.0592251 -0.000291706 0.294476
740.691 598.885 -0.0592251 -0.000291706 0.294476
740.691 598.885 -0.0592251 -0.000291706 0.294476
740.691 598.885 -0.0592251 -0.000291706 0.294476
740.691 598.885 -0.0592251 -0.000291706 0.294476
740.691 598.885 -0.0592251 -0.000291706 0.294476
740.691 598.885 -0.0592251 -0.000291706 0.294476
740.691 598.885 -0.0592251 -0.000291706 0.294476
740.691 598.885 -0.0592251 -0.000291706 0.294476
740.691 598.885 -0.0592251 -0.000291706 0.294476
740.691 598.885 -0.0592251 -0.000291706 0.294476
740.691 598.885 -0.0592251 -0.000291706 0.294476
740.691 598.885 -0.0592251 -0.000291706 0.294476
740.691 598.885 -0.0592251 -0.000291706 0.294476
740.691 598.885 -0.0592251 -0.000291706 0.294476
740.691 598.885 -0.0592251 -0.000291706 0.294476
740.691 598.885 -0.0592251 -0.000291706 0.294476
740.691 598.885 -0.0592251 -0.000291706 0.294476
740.691 598.885 -0.0592251 -0.000291706 0.294476
740.691 598.885 -0.0592251 -0.000291706 0.294476
740.691 598.885 -0.0592251 -0.000291706 0.294476
740.691 598.885 -0.0592251 -0.000291706 0.294476
740.691 598.885 -0.0592251 -0.000291706 0.294476
740.691 598.885 -0.0592251 -0.000291706 0.294476
740.691 598.885 -0.0592251 -0.000291706 0.294476
740.691 598.885 -0.0592251 -0.000291706 0.294476
740.691 598.885 -0.0592251 -0.000291706 0.294476
740.691 598.885 -0.0592251 -0.000291706 0.294476
740.691 598.885 -0.0592251 -0.000291706 0.294476
740.691 598.885 -0.0592251 -0.000291706 0.294476
740.691 598.885 -0.0592251 -0.000291706 0.294476
740.691 598.885 -0.0592251 -0.000291706 0.294476
740.691 598.885 -0.0592251 -0.000291706 0.294476
740.691 598.885 -0.0592251 -0.000291706 0.294476
740.691 598.885 -0.0592251 -0.000291706 0.294476
740.691 598.885 -0.0592251 -0.000291706 0.294476
740.691 598.885 -0.0592251 -0.000291706 0.294476
740.691 598.885 -0.0592251 -0.000291706 0.294476
740.691 598.885 -0.0592251 -0.000291706 0.294476
740.691 598.885 -0.0592251 -0.000291706 0.294476
740.691 598.885 -0.0592251 -0.000291706 0.294476
740.691 598.885 -0.0592251 -0.000291706 0.294476
740.691 598.885 -0.0592251 -0.000291706 0.294476
740.691 598.885 -0.0592251 -0.000291706 0.294476
740.691 598.885 -0.0592251 -0.000291706 0.294476
740.691 598.885 -0.0592251 -0.000291706 0.294476
740.691 598.885 -0.0592251 -0.000291706 0.294476
740.691 598.885 -0.0592251 -0.000291706 0.294476
740.691 598.885 -0.0592251 -0.000291706 0.294476
740.691 598.885 -0.0592251 -0.000291706 0.294476
740.691 598.885 -0.0592251 -0.000291706 0.294476
740.691 598.885 -0.0592251 -0.000291706 0.294476
740.691 598.885 -0.0592251 -0.000291706 0.294476
740.691 598.885 -0.0592251 -0.000291706 0.294476
740.691 598.885 -0.0592251 -0.000291706 0.294476
740.691 598.885 -0.0592251 -0.000291706 0.294476
740.691 598.885 -0.0592251 -0.000291706 0.294476
740.691 598.885 -0.0592251 -0.000291706 0.294476
740.691 598.885 -0.0592251 -0.000291706 0.294476
740.691 598.885 -0.0592251 -0.000291706 0.294476
740.691 598.885 -0.0592251 -0.000291706 0.294476
740.691 598.885 -0.0592251 -0.000291706 0.294476
740.691 598.885 -0.0592251 -0.000291706 0.294476
740.691 598.885 -0.0592251 -0.000291706 0.294476
740.691 598.885 -0.0592251 -0.000291706 0.294476
740.691 598.885 -0.0592251 -0.000291706 0.294476
740.691 598.885 -0.0592251 -0.000291706 0.294476
740.691 598.885 -0.0592251 -0.000291706 0.294476
740.691 598.885 -0.0592251 -0.000291706 0.294476
740.691 598.885 -0.0592251 -0.000291706 0.294476
740.691 598.885 -0.0592251 -0.000291706 0.294476
740.691 598.885 -0.0592251 -0.000291706 0.294476
740.691 598.885 -0.0592251 -0.000291706 0.294476
740.691 598.885 -0.0592251 -0.000291706 0.294476
740.691 598.885 -0.0592251 -0.000291706 0.294476
740.691 598.885 -0.0592251 -0.000291706 0.294476
740.691 598.885 -0.0592251 -0.000291706 0.294476
740.691 598.885 -0.0592251 -0.000291706 0.294476
740.691 598.885 -0.0592251 -0.000291706 0.294476
740.691 598.885 -0.0592251 -0.000291706 0.294476
740.691 598.885 -0.0592251 -0.000291706 0.294476
740.691 598.885 -0.0592251 -0.000291706 0.294476
740.691 598.885 -0.0592251 -0.000291706 0.294476
740.691 598.885 -0.0592251 -0.000291706 0.294476
740.691 598.885 -0.0592251 -0.000291706 0.294476
740.691 598.885 -0.0592251 -0.000291706 0.294476
740.691 598.885 -0.0592251 -0.000291706 0.294476
740.691 598.885 -0.0592251 -0.000291706 0.294476
740.691 598.885 -0.0592251 -0.000291706 0.294476
740.691 598.885 -0.0592251 -0.000291706 0.294476
740.691 598.885 -0.0592251 -0.000291706 0.294476
740.691 598.885 -0.0592251 -0.000291706 0.294476
740.691 598.885 -0.0592251 -0.000291706 0.294476
740.691 598.885 -0.0592251 -0.000291706 0.294476
740.691 598.885 -0.0592251 -0.000291706 0.294476
740.691 598.885 -0.0592251 -0.000291706 0.294476
740.691 598.885 -0.0592251 -0.000291706 0.294476
740.691 598.885 -0.0592251 -0.000291706 0.294476
740.691 598.885 -0.0592251 -0.000291706 0.294476
740.691 598.885 -0.0592251 -0.000291706 0.294476
740.691 598.885 -0.0592251 -0.000291706 0.294476
740.691 598.885 -0.0592251 -0.000291706 0.294476
740.691 598.885 -0.0592251 -0.000291706 0.294476
740.691 598.885 -0.0592251 -0.000291706 0.294476
740.691 598.885 -0.0592251 -0.000291706 0.294476
740.691 598.885 -0.0592251 -0.000291706 0.294476
740.691 598.885 -0.0592251 -0.000291706 0.294476
740.691 598.885 -0.0592251 -0.000291706 0.294476
740.691 598.885 -0.0592251 -0.000291706 0.294476
740.691 598.885 -0.0592251 -0.000291706 0.294476
740.691 598.885 -0.0592251 -0.000291706 0.294476
740.691 598.885 -0.0592251 -0.000291706 0.294476
740.691 598.885 -0.0592251 -0.000291706 0.294476
740.691 598.885 -0.0592251 -0.000291706 0.294476
740.691 598.885 -0.0592251 -0.000291706 0.294476
740.691 598.885 -0.0592251 -0.000291706 0.294476
740.691 598.885 -0.0592251 -0.000291706 0.294476
740.691 598.885 -0.0592251 -0.000291706 0.294476
740.691 598.885 -0.0592251 -0.000291706 0.294476
740.691 598.885 -0.0592251 -0.000291706 0.294476
740.691 598.885 -0.0592251 -0.000291706 0.294476
740.691 598.885 -0.0592251 -0.000291706 0.294476
740.691 598.885 -0.0592251 -0.000291706 0.294476
740.691 598.885 -0.0592251 -0.000291706 0.294476
740.691 598.885 -0.0592251 -0.000291706 0.294476
740.691 598.885 -0.0592251 -0.000291706 0.294476
740.691 598.885 -0.0592251 -0.000291706 0.294476
740.691 598.885 -0.0592251 -0.000291706 0.294476
740.691 598.885 -0.0592251 -0.000291706 0.294476
740.691 598.885 -0.0592251 -0.000291706 0.294476
740.691 598.885 -0.0592251 -0.000291706 0.294476
740.691 598.885 -0.0592251 -0.000291706 0.294476
740.691 598.885 -0.0592251 -0.000291706 0.294476
740.691 598.885 -0.0592251 -0.000291706 0.294476
740.691 598.885 -0.0592251 -0.000291706 0.294476
740.691 598.885 -0.0592251 -0.000291706 0.294476
740.691 598.885 -0.0592251 -0.000291706 0.294476
740.691 598.885 -0.0592251 -0.000291706 0.294476
740.691 598.885 -0.0592251 -0.000291706 0.294476
740.691 598.885 -0.0592251 -0.000291706 0.294476
740.691 598.885 -0.0592251 -0.000291706 0.294476
740.691 598.885 -0.0592251 -0.000291706 0.294476
740.691 598.885 -0.0592251 -0.000291706 0.294476
740.691 598.885 -0.0592251 -0.000291706 0.294476
740.691 598.885 -0.0592251 -0.000291706 0.294476
740.691 598.885 -0.0592251 -0.000291706 0.294476
740.691 598.885 -0.0592251 -0.000291706 0.294476
740.691 598.885 -0.0592251 -0.000291706 0.294476
740.691 598.885 -0.0592251 -0.000291706 0.294476
740.691 598.885 -0.0592251 -0.000291706 0.294476
740.691 598.885 -0.0592251 -0.000291706 0.294476
740.691 598.885 -0.0592251 -0.000291706 0.294476
740.691 598.885 -0.0592251 -0.000291706 0.294476
740.691 598.885 -0.0592251 -0.000291706 0.294476
740.691 598.885 -0.0592251 -0.000291706 0.294476
740.691 598.885 -0.0592251 -0.000291706 0.294476
740.691 598.885 -0.0592251 -0.000291706 0.294476
740.691 598.885 -0.0592251 -0.000291706 0.294476
740.691 598.885 -0.0592251 -0.000291706 0.294476
740.691 598.885 -0.0592251 -0.000291706 0.294476
740.691 598.885 -0.0592251 -0.000291706 0.294476
740.691 598.885 -0.0592251 -0.000291706 0.294476
740.691 598.885 -0.0592251 -0.000291706 0.294476
740.691 598.885 -0.0592251 -0.000291706 0.294476
740.691 598.885 -0.0592251 -0.000291706 0.294476
740.691 598.885 -0.0592251 -0.000291706 0.294476
740.691 598.885 -0.0592251 -0.000291706 0.294476
740.691 598.885 -0.0592251 -0.000291706 0.294476
740.691 598.885 -0.0592251 -0.000291706 0.294476
740.691 598.885 -0.0592251 -0.000291706 0.294476
740.691 598.885 -0.0592251 -0.000291706 0.294476
740.691 598.885 -0.0592251 -0.000291706 0.294476
740.691 598.885 -0.0592251 -0.000291706 0.294476
740.691 598.885 -0.0592251 -0.000291706 0.294476
740.691 598.885 -0.0592251 -0.000291706 0.294476
740.691 598.885 -0.0592251 -0.000291706 0.294476
740.691 598.885 -0.0592251 -0.000291706 0.294476
740.691 598.885 -0.0592251 -0.000291706 0.294476
740.691 598.885 -0.0592251 -0.000291706 0.294476
740.691 598.885 -0.0592251 -0.000291706 0.294476
740.691 598.885 -0.0592251 -0.000291706 0.294476
740.691 598.885 -0.0592251 -0.000291706 0.294476
740.691 598.885 -0.0592251 -0.000291706 0.294476
740.691 598.885 -0.0592251 -0.000291706 0.294476
740.691 598.885 -0.0592251 -0.000291706 0.294476
740.691 598.885 -0.0592251 -0.000291706 0.294476
740.691 598.885 -0.0592251 -0.000291706 0.294476
740.691 598.885 -0.0592251 -0.000291706 0.294476
740.691 598.885 -0.0592251 -0.000291706 0.294476
740.691 598.885 -0.0592251 -0.000291706 0.294476
740.691 598.885 -0.0592251 -0.000291706 0.294476
740.691 598.885 -0.0592251 -0.000291706 0.294476
740.691 598.885 -0.0592251 -0.000291706 0.294476
740.691 598.885 -0.0592251 -0.000291706 0.294476
740.691 598.885 -0.0592251 -0.000291706 0.294476
740.691 598.885 -0.0592251 -0.000291706 0.294476
740.691 598.885 -0.0592251 -0.000291706 0.294476
740.691 598.885 -0.0592251 -0.000291706 0.294476
740.691 598.885 -0.0592251 -0.000291706 0.294476
740.691 598.885 -0.0592251 -0.000291706 0.294476
740.691 598.885 -0.0592251 -0.000291706 0.294476
740.691 598.885 -0.0592251 -0.000291706 0.294476
740.691 598.885 -0.0592251 -0.000291706 0.294476
740.691 598.885 -0.0592251 -0.000291706 0.294476
740.691 598.885 -0.0592251 -0.000291706 0.294476
740.691 598.885 -0.0592251 -0.000291706 0.294476
740.691 598.885 -0.0592251 -0.000291706 0.294476
740.691 598.885 -0.0592251 -0.000291706 0.294476
740.691 598.885 -0.0592251 -0.000291706 0.294476
740.691 598.885 -0.0592251 -0.000291706 0.294476
740.691 598.885 -0.0592251 -0.000291706 0.294476
740.691 598.885 -0.0592251 -0.000291706 0.294476
740.691 598.885 -0.0592251 -0.000291706 0.294476
740.691 598.885 -0.0592251 -0.000291706 0.294476
740.691 598.885 -0.0592251 -0.000291706 0.294476
740.691 598.885 -0.0592251 -0.000291706 0.294476
740.691 598.885 -0.0592251 -0.000291706 0.294476
740.691 598.885 -0.0592251 -0.000291706 0.294476
740.691 598.885 -0.0592251 -0.000291706 0.294476
740.691 598.885 -0.0592251 -0.000291706 0.294476
740.691 598.885 -0.0592251 -0.000291706 0.294476
740.691 598.885 -0.0592251 -0.000291706 0.294476
740.691 598.885 -0.0592251 -0.000291706 0.294476
740.691 598.885 -0.0592251 -0.000291706 0.294476
