688.22 340.847 0.286253 0.0235107 1.17026
556.622 62.2831 0.196325 0.0501652 1.17662
945.211 54.2325 0.207787 -0.0540224 1.1952
838.915 166.959 0.22667 -0.0218539 1.16924
817.425 194.302 0.233851 -0.0161371 1.16784
688.182 33.9686 0.195677 0.0166652 1.18922
877.006 254.67 0.172857 -0.0111166 1.05324
601.026 90.6538 0.0946338 0.0116736 0.960638
640.16 54.3047 0.153154 0.0188283 1.07483
659.975 59.9109 0.198452 0.0240417 1.17941
940.859 572.184 0.35678 -0.0565205 1.12755
955.318 442.89 0.299684 -0.0543788 1.13449
828.849 53.8471 0.204684 -0.0213218 1.19269
658.447 88.1409 0.21582 0.0273703 1.20394
495.14 3.3152 0.18088 0.0624174 1.17656
525.365 40.401 0.193364 0.0591802 1.18553
664.372 354.345 0.23272 0.0234594 1.1041
912.895 265.171 0.161365 -0.0123928 1.03533
810.822 195.995 0.23572 -0.0146537 1.17032
527.302 40.5313 0.187481 0.0544758 1.16839
671.367 60.9852 0.203181 0.0218849 1.19076
647.726 272.025 0.437011 0.0811773 1.43672
817.011 193.217 0.22388 -0.0138907 1.15148
933.304 162.041 0.235313 -0.0517925 1.18491
947.241 54.0976 0.204248 -0.0518415 1.18603
828.578 88.6932 0.223847 -0.0250231 1.21534
557.198 331.313 0.271896 0.0619513 1.16106
727.849 62.0783 -0.195877 -0.00289346 0.624142
613.332 163.183 0.0953007 0.0111191 0.956485
638.025 126.227 0.099143 0.0106547 0.964919
547.482 216.286 0.243909 0.062649 1.18126
522.835 210.723 0.226367 0.0613931 1.15526
844.165 53.6488 0.201889 -0.0242341 1.18474
807.265 12.133 0.190428 -0.0142597 1.18437
562.545 317.968 0.286672 0.0671365 1.18596
553.79 490.859 0.30412 0.0638291 1.12693
937.355 330.215 0.284674 -0.0553496 1.16754
812.848 31.1266 0.197258 -0.0164413 1.18986
835.903 173.942 0.225433 -0.0202048 1.16333
564.024 349.306 0.259795 0.0543501 1.13871
570.275 588.003 0.336252 0.0630825 1.11488
694.318 199.914 0.233998 0.0176501 1.16883
532.615 637.961 0.288548 0.057661 1.07287
775.932 192.946 0.352737 -0.0267151 1.39839
666.604 61.2913 0.204249 0.0234037 1.19364
690.405 46.0995 0.200959 0.0165502 1.19498
815.737 10.5883 0.188913 -0.0159518 1.18055
830.843 174.083 0.212766 -0.0156469 1.14097
560.394 479.741 0.305536 0.062929 1.13206
957.959 172.284 0.229921 -0.0538193 1.16848
708.645 221.111 0.251205 0.0146536 1.18532
843.433 332.565 0.26648 -0.0219683 1.14758
702.841 193.919 0.221977 0.0145019 1.15103
564.481 199.847 0.239809 0.0570328 1.18324
834.77 174.443 0.242581 -0.0249036 1.19429
662.703 52.4873 0.194786 0.022786 1.1746
563.589 477.479 0.306827 0.0624839 1.1339
821.196 315.343 0.26585 -0.0166401 1.15486
537.893 49.6088 0.192878 0.054333 1.17682
823.444 53.5862 0.203295 -0.0193958 1.18943
684.45 342.524 0.293394 0.025503 1.17774
955.909 325.731 0.268194 -0.0540103 1.15007
699.693 251.286 0.35135 0.0259385 1.32421
540.156 210.123 0.233941 0.0605077 1.16795
537.837 494.078 0.281527 0.0607192 1.1081
958.933 453.214 0.300259 -0.0546039 1.13108
952.934 452.084 0.324133 -0.0619056 1.15127
759.575 476.585 1.18641 -0.057399 1.58892
530.582 48.1208 0.196715 0.0591352 1.18916
620.172 621.971 0.468458 0.0732027 1.16722
848.199 335.589 0.269927 -0.0238742 1.15016
837.669 318.778 0.277983 -0.0237562 1.16757
575.649 357.671 0.265535 0.0525681 1.14158
546.761 493.178 0.284217 0.059298 1.11043
566.694 332.175 0.285074 0.063871 1.17632
553.51 64.212 0.199329 0.0525575 1.18346
946.759 9.96437 0.193985 -0.0512856 1.18982
848.562 340.333 0.21974 -0.0133313 1.09074
566.958 631.525 0.307448 0.0546481 1.08508
951.629 217.159 0.263258 -0.0650357 1.19906
802.941 351.236 -0.0515889 0.00364176 0.767995
950.287 185.861 0.235003 -0.0529209 1.17028
516.682 31.7679 0.190015 0.0601835 1.18252
948.22 319.357 0.415264 -0.133999 1.32613
816.075 199.992 0.267532 -0.0236177 1.22278
656.417 335.675 0.152541 0.0149898 1.01486
690.489 81.5505 0.224343 0.01885 1.23016
693.216 198.107 0.228023 0.0174224 1.15957
684.177 64.8786 0.266121 0.0295813 1.39481
534.964 349.735 0.237199 0.0534825 1.11292
928.559 581.07 0.185595 -0.011798 1.01097
824.608 468.317 0.297207 -0.0150286 1.12525
670.943 64.4306 0.206744 0.0225678 1.1978
652.693 335.598 0.523835 0.0917136 1.45008
838.427 454.201 0.30391 -0.0207302 1.13575
638.575 519.844 0.437145 0.0629091 1.20437
829.178 345.622 0.297908 -0.0234358 1.17761
613.481 336.537 0.366896 0.0725036 1.26924
