742.614 175.885 0.247249 -0.489139 4.94467
721.791 172.124 -0.0872459 -0.155557 5.6837
636.799 106.284 -0.114072 0.000475753 0.402798
642.131 77.7517 0.287007 0.00816241 0.908679
527.703 579.315 -0.00289924 0.00371746 0.463639
684.95 262.207 0.69493 0.0660882 1.54184
716.49 260.771 0.7071 0.0142189 1.56375
672.966 114.228 0.291823 0.00473139 0.907957
624.948 39.6025 0.275952 0.00848793 0.895187
696.135 312.934 0.327724 0.00424212 0.913867
765.548 91.5692 -0.0176577 -0.0119641 0.489459
648.02 236.373 -0.0230585 -0.00467028 0.471959
663.162 240.817 -0.0453671 -0.00490789 0.446212
662.513 355.371 0.349458 0.0117378 0.930389
519.809 573.037 -0.00122926 0.00366646 0.467523
506.985 632.452 0.00650094 0.00318507 0.475245
630.164 56.1201 0.28385 0.00929054 0.908158
881.468 104.364 0.314947 -0.0289138 0.953496
864.955 306.162 0.330226 -0.0215331 0.916507
851.635 344.08 0.407733 -0.0344624 0.999855
861.988 112.574 0.294859 -0.019326 0.911165
511.465 109.67 0.304856 0.0317944 0.938897
578.067 474.716 1.06598 0.316978 1.37962
563.535 86.7415 0.346074 0.0445935 1.04904
883.559 98.9346 0.304018 -0.0256025 0.932931
487.682 195.004 0.327776 0.0427339 0.952848
499.928 469.662 0.449905 0.0767494 0.996475
883.353 332.021 0.343612 -0.02651 0.926445
728.175 598.154 1.02717 0.0214276 1.17912
527.578 497.54 0.354013 0.0328713 0.902661
922.158 72.0125 0.291241 -0.0273138 0.914253
709.037 141.009 0.301816 0.000681058 0.918938
487.815 354.338 0.327692 0.034716 0.906682
671.846 109.608 0.2915 0.00485549 0.908585
901.187 84.0779 0.292926 -0.0247717 0.914624
628.536 71.9538 0.283149 0.0091517 0.902342
660.09 339.308 0.329399 0.00973607 0.910121
696.891 549.257 0.35302 0.00587572 0.89002
659.362 346.195 0.319343 0.00857213 0.896213
734.1 142.033 0.565929 -0.0818184 2.5087
911.784 339.073 0.312644 -0.022792 0.886773
658.772 347.798 0.323309 0.00912359 0.90073
863.301 127.234 0.303598 -0.0213329 0.923589
725.074 307.27 0.333013 -4.36921e-05 0.921824
690.382 157.509 0.318086 0.00454662 0.944349
921.93 307.761 0.315538 -0.0257878 0.896486
682.802 326.927 0.318806 0.00544986 0.899351
678.633 519.444 0.353921 0.00872803 0.896633
520.034 22.4621 0.313368 0.041969 1.0025
488.094 330.652 0.343282 0.0421834 0.932323
775.28 437.164 1.56065 -0.181757 1.67225
833.159 169.75 0.359112 -0.0291343 1.01262
844.364 150.051 0.340614 -0.027618 0.986557
714.734 532.802 0.529469 0.0115296 1.02371
759.541 115.085 0.0958587 -0.00535035 0.611202
743.551 156.807 0.0963348 -0.00552798 0.61251
811.759 122.465 0.0960408 -0.00474851 0.611602
740.717 159.759 0.0963395 -0.00556149 0.612567
759.039 292.291 0.0774382 -0.00614632 0.591076
817.826 44.0779 0.337745 -0.028674 1.04618
674.068 549.386 0.354778 0.00941567 0.891638
695.598 539.925 0.347742 0.0057086 0.887343
697.164 584.691 0.341508 0.00510102 0.874677
553.712 330.191 0.393925 0.0482679 0.996105
922.045 625.412 0.312566 -0.017544 0.845116
886.345 92.0672 0.286574 -0.0205874 0.900086
861.642 327.772 0.327837 -0.0198818 0.908338
914.383 56.4282 0.289006 -0.026184 0.914188
767.677 575.893 -0.0544027 -0.0165836 0.354245
712.265 627.721 -0.06643 -0.00657366 0.297061
712.265 627.721 -0.06643 -0.00657366 0.297061
712.265 627.721 -0.06643 -0.00657366 0.297061
712.265 627.721 -0.06643 -0.00657366 0.297061
712.265 627.721 -0.06643 -0.00657366 0.297061
712.265 627.721 -0.06643 -0.00657366 0.297061
712.265 627.721 -0.06643 -0.00657366 0.297061
712.265 627.721 -0.06643 -0.00657366 0.297061
712.265 627.721 -0.06643 -0.00657366 0.297061
712.265 627.721 -0.06643 -0.00657366 0.297061
712.265 627.721 -0.06643 -0.00657366 0.297061
712.265 627.721 -0.06643 -0.00657366 0.297061
712.265 627.721 -0.06643 -0.00657366 0.297061
712.265 627.721 -0.06643 -0.00657366 0.297061
712.265 627.721 -0.06643 -0.00657366 0.297061
712.265 627.721 -0.06643 -0.00657366 0.297061
712.265 627.721 -0.06643 -0.00657366 0.297061
712.265 627.721 -0.06643 -0.00657366 0.297061
712.265 627.721 -0.06643 -0.00657366 0.297061
712.265 627.721 -0.06643 -0.00657366 0.297061
712.265 627.721 -0.06643 -0.00657366 0.297061
712.265 627.721 -0.06643 -0.00657366 0.297061
712.265 627.721 -0.06643 -0.00657366 0.297061
712.265 627.721 -0.06643 -0.00657366 0.297061
712.265 627.721 -0.06643 -0.00657366 0.297061
712.265 627.721 -0.06643 -0.00657366 0.297061
712.265 627.721 -0.06643 -0.00657366 0.297061
712.265 627.721 -0.06643 -0.00657366 0.297061
712.265 627.721 -0.06643 -0.00657366 0.297061
712.265 627.721 -0.06643 -0.00657366 0.297061
712.265 627.721 -0.06643 -0.00657366 0.297061
712.265 627.721 -0.06643 -0.00657366 0.297061
712.265 627.721 -0.06643 -0.00657366 0.297061
712.265 627.721 -0.06643 -0.00657366 0.297061
712.265 627.721 -0.06643 -0.00657366 0.297061
712.265 627.721 -0.06643 -0.00657366 0.297061
712.265 627.721 -0.06643 -0.00657366 0.297061
712.265 627.721 -0.06643 -0.00657366 0.297061
712.265 627.721 -0.06643 -0.00657366 0.297061
712.265 627.721 -0.06643 -0.00657366 0.297061
712.265 627.721 -0.06643 -0.00657366 0.297061
712.265 627.721 -0.06643 -0.00657366 0.297061
712.265 627.721 -0.06643 -0.00657366 0.297061
712.265 627.721 -0.06643 -0.00657366 0.297061
712.265 627.721 -0.06643 -0.00657366 0.297061
712.265 627.721 -0.06643 -0.00657366 0.297061
712.265 627.721 -0.06643 -0.00657366 0.297061
712.265 627.721 -0.06643 -0.00657366 0.297061
712.265 627.721 -0.06643 -0.00657366 0.297061
712.265 627.721 -0.06643 -0.00657366 0.297061
712.265 627.721 -0.06643 -0.00657366 0.297061
712.265 627.721 -0.06643 -0.00657366 0.297061
712.265 627.721 -0.06643 -0.00657366 0.297061
712.265 627.721 -0.06643 -0.00657366 0.297061
712.265 627.721 -0.06643 -0.00657366 0.297061
712.265 627.721 -0.06643 -0.00657366 0.297061
712.265 627.721 -0.06643 -0.00657366 0.297061
712.265 627.721 -0.06643 -0.00657366 0.297061
712.265 627.721 -0.06643 -0.00657366 0.297061
712.265 627.721 -0.06643 -0.00657366 0.297061
712.265 627.721 -0.06643 -0.00657366 0.297061
712.265 627.721 -0.06643 -0.00657366 0.297061
712.265 627.721 -0.06643 -0.00657366 0.297061
712.265 627.721 -0.06643 -0.00657366 0.297061
712.265 627.721 -0.06643 -0.00657366 0.297061
712.265 627.721 -0.06643 -0.00657366 0.297061
712.265 627.721 -0.06643 -0.00657366 0.297061
712.265 627.721 -0.06643 -0.00657366 0.297061
712.265 627.721 -0.06643 -0.00657366 0.297061
712.265 627.721 -0.06643 -0.00657366 0.297061
712.265 627.721 -0.06643 -0.00657366 0.297061
712.265 627.721 -0.06643 -0.00657366 0.297061
712.265 627.721 -0.06643 -0.00657366 0.297061
712.265 627.721 -0.06643 -0.00657366 0.297061
712.265 627.721 -0.06643 -0.00657366 0.297061
712.265 627.721 -0.06643 -0.00657366 0.297061
712.265 627.721 -0.06643 -0.00657366 0.297061
712.265 627.721 -0.06643 -0.00657366 0.297061
712.265 627.721 -0.06643 -0.00657366 0.297061
712.265 627.721 -0.06643 -0.00657366 0.297061
712.265 627.721 -0.06643 -0.00657366 0.297061
712.265 627.721 -0.06643 -0.00657366 0.297061
712.265 627.721 -0.06643 -0.00657366 0.297061
712.265 627.721 -0.06643 -0.00657366 0.297061
712.265 627.721 -0.06643 -0.00657366 0.297061
712.265 627.721 -0.06643 -0.00657366 0.297061
712.265 627.721 -0.06643 -0.00657366 0.297061
712.265 627.721 -0.06643 -0.00657366 0.297061
712.265 627.721 -0.06643 -0.00657366 0.297061
712.265 627.721 -0.06643 -0.00657366 0.297061
712.265 627.721 -0.06643 -0.00657366 0.297061
712.265 627.721 -0.06643 -0.00657366 0.297061
712.265 627.721 -0.06643 -0.00657366 0.297061
712.265 627.721 -0.06643 -0.00657366 0.297061
712.265 627.721 -0.06643 -0.00657366 0.297061
712.265 627.721 -0.06643 -0.00657366 0.297061
712.265 627.721 -0.06643 -0.00657366 0.297061
712.265 627.721 -0.06643 -0.00657366 0.297061
712.265 627.721 -0.06643 -0.00657366 0.297061
712.265 627.721 -0.06643 -0.00657366 0.297061
712.265 627.721 -0.06643 -0.00657366 0.297061
712.265 627.721 -0.06643 -0.00657366 0.297061
712.265 627.721 -0.06643 -0.00657366 0.297061
712.265 627.721 -0.06643 -0.00657366 0.297061
712.265 627.721 -0.06643 -0.00657366 0.297061
712.265 627.721 -0.06643 -0.00657366 0.297061
712.265 627.721 -0.06643 -0.00657366 0.297061
712.265 627.721 -0.06643 -0.00657366 0.297061
712.265 627.721 -0.06643 -0.00657366 0.297061
712.265 627.721 -0.06643 -0.00657366 0.297061
712.265 627.721 -0.06643 -0.00657366 0.297061
712.265 627.721 -0.06643 -0.00657366 0.297061
712.265 627.721 -0.06643 -0.00657366 0.297061
712.265 627.721 -0.06643 -0.00657366 0.297061
712.265 627.721 -0.06643 -0.00657366 0.297061
712.265 627.721 -0.06643 -0.00657366 0.297061
712.265 627.721 -0.06643 -0.00657366 0.297061
712.265 627.721 -0.06643 -0.00657366 0.297061
712.265 627.721 -0.06643 -0.00657366 0.297061
712.265 627.721 -0.06643 -0.00657366 0.297061
712.265 627.721 -0.06643 -0.00657366 0.297061
712.265 627.721 -0.06643 -0.00657366 0.297061
712.265 627.721 -0.06643 -0.00657366 0.297061
712.265 627.721 -0.06643 -0.00657366 0.297061
712.265 627.721 -0.06643 -0.00657366 0.297061
712.265 627.721 -0.06643 -0.00657366 0.297061
712.265 627.721 -0.06643 -0.00657366 0.297061
712.265 627.721 -0.06643 -0.00657366 0.297061
712.265 627.721 -0.06643 -0.00657366 0.297061
712.265 627.721 -0.06643 -0.00657366 0.297061
712.265 627.721 -0.06643 -0.00657366 0.297061
712.265 627.721 -0.06643 -0.00657366 0.297061
712.265 627.721 -0.06643 -0.00657366 0.297061
712.265 627.721 -0.06643 -0.00657366 0.297061
712.265 627.721 -0.06643 -0.00657366 0.297061
712.265 627.721 -0.06643 -0.00657366 0.297061
712.265 627.721 -0.06643 -0.00657366 0.297061
712.265 627.721 -0.06643 -0.00657366 0.297061
712.265 627.721 -0.06643 -0.00657366 0.297061
712.265 627.721 -0.06643 -0.00657366 0.297061
712.265 627.721 -0.06643 -0.00657366 0.297061
712.265 627.721 -0.06643 -0.00657366 0.297061
712.265 627.721 -0.06643 -0.00657366 0.297061
712.265 627.721 -0.06643 -0.00657366 0.297061
712.265 627.721 -0.06643 -0.00657366 0.297061
712.265 627.721 -0.06643 -0.00657366 0.297061
712.265 627.721 -0.06643 -0.00657366 0.297061
712.265 627.721 -0.06643 -0.00657366 0.297061
712.265 627.721 -0.06643 -0.00657366 0.297061
712.265 627.721 -0.06643 -0.00657366 0.297061
712.265 627.721 -0.06643 -0.00657366 0.297061
712.265 627.721 -0.06643 -0.00657366 0.297061
712.265 627.721 -0.06643 -0.00657366 0.297061
712.265 627.721 -0.06643 -0.00657366 0.297061
712.265 627.721 -0.06643 -0.00657366 0.297061
712.265 627.721 -0.06643 -0.00657366 0.297061
712.265 627.721 -0.06643 -0.00657366 0.297061
712.265 627.721 -0.06643 -0.00657366 0.297061
712.265 627.721 -0.06643 -0.00657366 0.297061
712.265 627.721 -0.06643 -0.00657366 0.297061
712.265 627.721 -0.06643 -0.00657366 0.297061
712.265 627.721 -0.06643 -0.00657366 0.297061
712.265 627.721 -0.06643 -0.00657366 0.297061
712.265 627.721 -0.06643 -0.00657366 0.297061
712.265 627.721 -0.06643 -0.00657366 0.297061
712.265 627.721 -0.06643 -0.00657366 0.297061
712.265 627.721 -0.06643 -0.00657366 0.297061
712.265 627.721 -0.06643 -0.00657366 0.297061
712.265 627.721 -0.06643 -0.00657366 0.297061
712.265 627.721 -0.06643 -0.00657366 0.297061
712.265 627.721 -0.06643 -0.00657366 0.297061
712.265 627.721 -0.06643 -0.00657366 0.297061
712.265 627.721 -0.06643 -0.00657366 0.297061
712.265 627.721 -0.06643 -0.00657366 0.297061
712.265 627.721 -0.06643 -0.00657366 0.297061
712.265 627.721 -0.06643 -0.00657366 0.297061
712.265 627.721 -0.06643 -0.00657366 0.297061
712.265 627.721 -0.06643 -0.00657366 0.297061
712.265 627.721 -0.06643 -0.00657366 0.297061
712.265 627.721 -0.06643 -0.00657366 0.297061
712.265 627.721 -0.06643 -0.00657366 0.297061
712.265 627.721 -0.06643 -0.00657366 0.297061
712.265 627.721 -0.06643 -0.00657366 0.297061
712.265 627.721 -0.06643 -0.00657366 0.297061
712.265 627.721 -0.06643 -0.00657366 0.297061
712.265 627.721 -0.06643 -0.00657366 0.297061
712.265 627.721 -0.06643 -0.00657366 0.297061
712.265 627.721 -0.06643 -0.00657366 0.297061
712.265 627.721 -0.06643 -0.00657366 0.297061
712.265 627.721 -0.06643 -0.00657366 0.297061
712.265 627.721 -0.06643 -0.00657366 0.297061
712.265 627.721 -0.06643 -0.00657366 0.297061
712.265 627.721 -0.06643 -0.00657366 0.297061
712.265 627.721 -0.06643 -0.00657366 0.297061
712.265 627.721 -0.06643 -0.00657366 0.297061
712.265 627.721 -0.06643 -0.00657366 0.297061
712.265 627.721 -0.06643 -0.00657366 0.297061
712.265 627.721 -0.06643 -0.00657366 0.297061
712.265 627.721 -0.06643 -0.00657366 0.297061
712.265 627.721 -0.06643 -0.00657366 0.297061
712.265 627.721 -0.06643 -0.00657366 0.297061
712.265 627.721 -0.06643 -0.00657366 0.297061
712.265 627.721 -0.06643 -0.00657366 0.297061
712.265 627.721 -0.06643 -0.00657366 0.297061
712.265 627.721 -0.06643 -0.00657366 0.297061
712.265 627.721 -0.06643 -0.00657366 0.297061
712.265 627.721 -0.06643 -0.00657366 0.297061
712.265 627.721 -0.06643 -0.00657366 0.297061
712.265 627.721 -0.06643 -0.00657366 0.297061
712.265 627.721 -0.06643 -0.00657366 0.297061
712.265 627.721 -0.06643 -0.00657366 0.297061
712.265 627.721 -0.06643 -0.00657366 0.297061
712.265 627.721 -0.06643 -0.00657366 0.297061
712.265 627.721 -0.06643 -0.00657366 0.297061
712.265 627.721 -0.06643 -0.00657366 0.297061
712.265 627.721 -0.06643 -0.00657366 0.297061
712.265 627.721 -0.06643 -0.00657366 0.297061
712.265 627.721 -0.06643 -0.00657366 0.297061
712.265 627.721 -0.06643 -0.00657366 0.297061
712.265 627.721 -0.06643 -0.00657366 0.297061
712.265 627.721 -0.06643 -0.00657366 0.297061
712.265 627.721 -0.06643 -0.00657366 0.297061
712.265 627.721 -0.06643 -0.00657366 0.297061
712.265 627.721 -0.06643 -0.00657366 0.297061
712.265 627.721 -0.06643 -0.00657366 0.297061
712.265 627.721 -0.06643 -0.00657366 0.297061
712.265 627.721 -0.06643 -0.00657366 0.297061
712.265 627.721 -0.06643 -0.00657366 0.297061
712.265 627.721 -0.06643 -0.00657366 0.297061
712.265 627.721 -0.06643 -0.00657366 0.297061
712.265 627.721 -0.06643 -0.00657366 0.297061
712.265 627.721 -0.06643 -0.00657366 0.297061
712.265 627.721 -0.06643 -0.00657366 0.297061
712.265 627.721 -0.06643 -0.00657366 0.297061
712.265 627.721 -0.06643 -0.00657366 0.297061
712.265 627.721 -0.06643 -0.00657366 0.297061
712.265 627.721 -0.06643 -0.00657366 0.297061
712.265 627.721 -0.06643 -0.00657366 0.297061
712.265 627.721 -0.06643 -0.00657366 0.297061
712.265 627.721 -0.06643 -0.00657366 0.297061
712.265 627.721 -0.06643 -0.00657366 0.297061
712.265 627.721 -0.06643 -0.00657366 0.297061
712.265 627.721 -0.06643 -0.00657366 0.297061
712.265 627.721 -0.06643 -0.00657366 0.297061
712.265 627.721 -0.06643 -0.00657366 0.297061
712.265 627.721 -0.06643 -0.00657366 0.297061
712.265 627.721 -0.06643 -0.00657366 0.297061
712.265 627.721 -0.06643 -0.00657366 0.297061
712.265 627.721 -0.06643 -0.00657366 0.297061
712.265 627.721 -0.06643 -0.00657366 0.297061
712.265 627.721 -0.06643 -0.00657366 0.297061
712.265 627.721 -0.06643 -0.00657366 0.297061
712.265 627.721 -0.06643 -0.00657366 0.297061
712.265 627.721 -0.06643 -0.00657366 0.297061
712.265 627.721 -0.06643 -0.00657366 0.297061
712.265 627.721 -0.06643 -0.00657366 0.297061
712.265 627.721 -0.06643 -0.00657366 0.297061
712.265 627.721 -0.06643 -0.00657366 0.297061
712.265 627.721 -0.06643 -0.00657366 0.297061
712.265 627.721 -0.06643 -0.00657366 0.297061
712.265 627.721 -0.06643 -0.00657366 0.297061
712.265 627.721 -0.06643 -0.00657366 0.297061
712.265 627.721 -0.06643 -0.00657366 0.297061
712.265 627.721 -0.06643 -0.00657366 0.297061
712.265 627.721 -0.06643 -0.00657366 0.297061
712.265 627.721 -0.06643 -0.00657366 0.297061
712.265 627.721 -0.06643 -0.00657366 0.297061
712.265 627.721 -0.06643 -0.00657366 0.297061
712.265 627.721 -0.06643 -0.00657366 0.297061
712.265 627.721 -0.06643 -0.00657366 0.297061
712.265 627.721 -0.06643 -0.00657366 0.297061
712.265 627.721 -0.06643 -0.00657366 0.297061
712.265 627.721 -0.06643 -0.00657366 0.297061
712.265 627.721 -0.06643 -0.00657366 0.297061
712.265 627.721 -0.06643 -0.00657366 0.297061
712.265 627.721 -0.06643 -0.00657366 0.297061
712.265 627.721 -0.06643 -0.00657366 0.297061
712.265 627.721 -0.06643 -0.00657366 0.297061
712.265 627.721 -0.06643 -0.00657366 0.297061
712.265 627.721 -0.06643 -0.00657366 0.297061
712.265 627.721 -0.06643 -0.00657366 0.297061
712.265 627.721 -0.06643 -0.00657366 0.297061
712.265 627.721 -0.06643 -0.00657366 0.297061
712.265 627.721 -0.06643 -0.00657366 0.297061
712.265 627.721 -0.06643 -0.00657366 0.297061
712.265 627.721 -0.06643 -0.00657366 0.297061
712.265 627.721 -0.06643 -0.00657366 0.297061
712.265 627.721 -0.06643 -0.00657366 0.297061
712.265 627.721 -0.06643 -0.00657366 0.297061
712.265 627.721 -0.06643 -0.00657366 0.297061
712.265 627.721 -0.06643 -0.00657366 0.297061
712.265 627.721 -0.06643 -0.00657366 0.297061
712.265 627.721 -0.06643 -0.00657366 0.297061
712.265 627.721 -0.06643 -0.00657366 0.297061
712.265 627.721 -0.06643 -0.00657366 0.297061
712.265 627.721 -0.06643 -0.00657366 0.297061
712.265 627.721 -0.06643 -0.00657366 0.297061
712.265 627.721 -0.06643 -0.00657366 0.297061
712.265 627.721 -0.06643 -0.00657366 0.297061
712.265 627.721 -0.06643 -0.00657366 0.297061
712.265 627.721 -0.06643 -0.00657366 0.297061
712.265 627.721 -0.06643 -0.00657366 0.297061
712.265 627.721 -0.06643 -0.00657366 0.297061
712.265 627.721 -0.06643 -0.00657366 0.297061
712.265 627.721 -0.06643 -0.00657366 0.297061
712.265 627.721 -0.06643 -0.00657366 0.297061
712.265 627.721 -0.06643 -0.00657366 0.297061
712.265 627.721 -0.06643 -0.00657366 0.297061
712.265 627.721 -0.06643 -0.00657366 0.297061
712.265 627.721 -0.06643 -0.00657366 0.297061
712.265 627.721 -0.06643 -0.00657366 0.297061
712.265 627.721 -0.06643 -0.00657366 0.297061
712.265 627.721 -0.06643 -0.00657366 0.297061
712.265 627.721 -0.06643 -0.00657366 0.297061
712.265 627.721 -0.06643 -0.00657366 0.297061
712.265 627.721 -0.06643 -0.00657366 0.297061
712.265 627.721 -0.06643 -0.00657366 0.297061
712.265 627.721 -0.06643 -0.00657366 0.297061
712.265 627.721 -0.06643 -0.00657366 0.297061
712.265 627.721 -0.06643 -0.00657366 0.297061
712.265 627.721 -0.06643 -0.00657366 0.297061
712.265 627.721 -0.06643 -0.00657366 0.297061
712.265 627.721 -0.06643 -0.00657366 0.297061
712.265 627.721 -0.06643 -0.00657366 0.297061
712.265 627.721 -0.06643 -0.00657366 0.297061
712.265 627.721 -0.06643 -0.00657366 0.297061
712.265 627.721 -0.06643 -0.00657366 0.297061
712.265 627.721 -0.06643 -0.00657366 0.297061
712.265 627.721 -0.06643 -0.00657366 0.297061
712.265 627.721 -0.06643 -0.00657366 0.297061
712.265 627.721 -0.06643 -0.00657366 0.297061
712.265 627.721 -0.06643 -0.00657366 0.297061
712.265 627.721 -0.06643 -0.00657366 0.297061
712.265 627.721 -0.06643 -0.00657366 0.297061
712.265 627.721 -0.06643 -0.00657366 0.297061
712.265 627.721 -0.06643 -0.00657366 0.297061
712.265 627.721 -0.06643 -0.00657366 0.297061
712.265 627.721 -0.06643 -0.00657366 0.297061
712.265 627.721 -0.06643 -0.00657366 0.297061
712.265 627.721 -0.06643 -0.00657366 0.297061
712.265 627.721 -0.06643 -0.00657366 0.297061
712.265 627.721 -0.06643 -0.00657366 0.297061
712.265 627.721 -0.06643 -0.00657366 0.297061
712.265 627.721 -0.06643 -0.00657366 0.297061
712.265 627.721 -0.06643 -0.00657366 0.297061
712.265 627.721 -0.06643 -0.00657366 0.297061
712.265 627.721 -0.06643 -0.00657366 0.297061
712.265 627.721 -0.06643 -0.00657366 0.297061
712.265 627.721 -0.06643 -0.00657366 0.297061
712.265 627.721 -0.06643 -0.00657366 0.297061
712.265 627.721 -0.06643 -0.00657366 0.297061
712.265 627.721 -0.06643 -0.00657366 0.297061
712.265 627.721 -0.06643 -0.00657366 0.297061
712.265 627.721 -0.06643 -0.00657366 0.297061
712.265 627.721 -0.06643 -0.00657366 0.297061
712.265 627.721 -0.06643 -0.00657366 0.297061
712.265 627.721 -0.06643 -0.00657366 0.297061
712.265 627.721 -0.06643 -0.00657366 0.297061
712.265 627.721 -0.06643 -0.00657366 0.297061
712.265 627.721 -0.06643 -0.00657366 0.297061
712.265 627.721 -0.06643 -0.00657366 0.297061
712.265 627.721 -0.06643 -0.00657366 0.297061
712.265 627.721 -0.06643 -0.00657366 0.297061
712.265 627.721 -0.06643 -0.00657366 0.297061
712.265 627.721 -0.06643 -0.00657366 0.297061
712.265 627.721 -0.06643 -0.00657366 0.297061
712.265 627.721 -0.06643 -0.00657366 0.297061
712.265 627.721 -0.06643 -0.00657366 0.297061
712.265 627.721 -0.06643 -0.00657366 0.297061
712.265 627.721 -0.06643 -0.00657366 0.297061
712.265 627.721 -0.06643 -0.00657366 0.297061
712.265 627.721 -0.06643 -0.00657366 0.297061
712.265 627.721 -0.06643 -0.00657366 0.297061
712.265 627.721 -0.06643 -0.00657366 0.297061
712.265 627.721 -0.06643 -0.00657366 0.297061
712.265 627.721 -0.06643 -0.00657366 0.297061
712.265 627.721 -0.06643 -0.00657366 0.297061
712.265 627.721 -0.06643 -0.00657366 0.297061
712.265 627.721 -0.06643 -0.00657366 0.297061
712.265 627.721 -0.06643 -0.00657366 0.297061
712.265 627.721 -0.06643 -0.00657366 0.297061
712.265 627.721 -0.06643 -0.00657366 0.297061
712.265 627.721 -0.06643 -0.00657366 0.297061
712.265 627.721 -0.06643 -0.00657366 0.297061
712.265 627.721 -0.06643 -0.00657366 0.297061
712.265 627.721 -0.06643 -0.00657366 0.297061
712.265 627.721 -0.06643 -0.00657366 0.297061
712.265 627.721 -0.06643 -0.00657366 0.297061
712.265 627.721 -0.06643 -0.00657366 0.297061
712.265 627.721 -0.06643 -0.00657366 0.297061
712.265 627.721 -0.06643 -0.00657366 0.297061
712.265 627.721 -0.06643 -0.00657366 0.297061
712.265 627.721 -0.06643 -0.00657366 0.297061
712.265 627.721 -0.06643 -0.00657366 0.297061
712.265 627.721 -0.06643 -0.00657366 0.297061
712.265 627.721 -0.06643 -0.00657366 0.297061
712.265 627.721 -0.06643 -0.00657366 0.297061
712.265 627.721 -0.06643 -0.00657366 0.297061
712.265 627.721 -0.06643 -0.00657366 0.297061
712.265 627.721 -0.06643 -0.00657366 0.297061
712.265 627.721 -0.06643 -0.00657366 0.297061
712.265 627.721 -0.06643 -0.00657366 0.297061
712.265 627.721 -0.06643 -0.00657366 0.297061
712.265 627.721 -0.06643 -0.00657366 0.297061
712.265 627.721 -0.06643 -0.00657366 0.297061
712.265 627.721 -0.06643 -0.00657366 0.297061
712.265 627.721 -0.06643 -0.00657366 0.297061
712.265 627.721 -0.06643 -0.00657366 0.297061
712.265 627.721 -0.06643 -0.00657366 0.297061
712.265 627.721 -0.06643 -0.00657366 0.297061
712.265 627.721 -0.06643 -0.00657366 0.297061
712.265 627.721 -0.06643 -0.00657366 0.297061
712.265 627.721 -0.06643 -0.00657366 0.297061
712.265 627.721 -0.06643 -0.00657366 0.297061
712.265 627.721 -0.06643 -0.00657366 0.297061
712.265 627.721 -0.06643 -0.00657366 0.297061
712.265 627.721 -0.06643 -0.00657366 0.297061
712.265 627.721 -0.06643 -0.00657366 0.297061
712.265 627.721 -0.06643 -0.00657366 0.297061
712.265 627.721 -0.06643 -0.00657366 0.297061
712.265 627.721 -0.06643 -0.00657366 0.297061
712.265 627.721 -0.06643 -0.00657366 0.297061
712.265 627.721 -0.06643 -0.00657366 0.297061
712.265 627.721 -0.06643 -0.00657366 0.297061
712.265 627.721 -0.06643 -0.00657366 0.297061
712.265 627.721 -0.06643 -0.00657366 0.297061
712.265 627.721 -0.06643 -0.00657366 0.297061
712.265 627.721 -0.06643 -0.00657366 0.297061
712.265 627.721 -0.06643 -0.00657366 0.297061
712.265 627.721 -0.06643 -0.00657366 0.297061
712.265 627.721 -0.06643 -0.00657366 0.297061
712.265 627.721 -0.06643 -0.00657366 0.297061
712.265 627.721 -0.06643 -0.00657366 0.297061
712.265 627.721 -0.06643 -0.00657366 0.297061
712.265 627.721 -0.06643 -0.00657366 0.297061
712.265 627.721 -0.06643 -0.00657366 0.297061
712.265 627.721 -0.06643 -0.00657366 0.297061
712.265 627.721 -0.06643 -0.00657366 0.297061
712.265 627.721 -0.06643 -0.00657366 0.297061
712.265 627.721 -0.06643 -0.00657366 0.297061
712.265 627.721 -0.06643 -0.00657366 0.297061
712.265 627.721 -0.06643 -0.00657366 0.297061
712.265 627.721 -0.06643 -0.00657366 0.297061
712.265 627.721 -0.06643 -0.00657366 0.297061
712.265 627.721 -0.06643 -0.00657366 0.297061
712.265 627.721 -0.06643 -0.00657366 0.297061
712.265 627.721 -0.06643 -0.00657366 0.297061
712.265 627.721 -0.06643 -0.00657366 0.297061
712.265 627.721 -0.06643 -0.00657366 0.297061
712.265 627.721 -0.06643 -0.00657366 0.297061
712.265 627.721 -0.06643 -0.00657366 0.297061
712.265 627.721 -0.06643 -0.00657366 0.297061
712.265 627.721 -0.06643 -0.00657366 0.297061
712.265 627.721 -0.06643 -0.00657366 0.297061
712.265 627.721 -0.06643 -0.00657366 0.297061
712.265 627.721 -0.06643 -0.00657366 0.297061
712.265 627.721 -0.06643 -0.00657366 0.297061
712.265 627.721 -0.06643 -0.00657366 0.297061
712.265 627.721 -0.06643 -0.00657366 0.297061
712.265 627.721 -0.06643 -0.00657366 0.297061
712.265 627.721 -0.06643 -0.00657366 0.297061
712.265 627.721 -0.06643 -0.00657366 0.297061
712.265 627.721 -0.06643 -0.00657366 0.297061
712.265 627.721 -0.06643 -0.00657366 0.297061
712.265 627.721 -0.06643 -0.00657366 0.297061
712.265 627.721 -0.06643 -0.00657366 0.297061
712.265 627.721 -0.06643 -0.00657366 0.297061
712.265 627.721 -0.06643 -0.00657366 0.297061
712.265 627.721 -0.06643 -0.00657366 0.297061
712.265 627.721 -0.06643 -0.00657366 0.297061
712.265 627.721 -0.06643 -0.00657366 0.297061
712.265 627.721 -0.06643 -0.00657366 0.297061
712.265 627.721 -0.06643 -0.00657366 0.297061
712.265 627.721 -0.06643 -0.00657366 0.297061
712.265 627.721 -0.06643 -0.00657366 0.297061
712.265 627.721 -0.06643 -0.00657366 0.297061
712.265 627.721 -0.06643 -0.00657366 0.297061
712.265 627.721 -0.06643 -0.00657366 0.297061
712.265 627.721 -0.06643 -0.00657366 0.297061
712.265 627.721 -0.06643 -0.00657366 0.297061
712.265 627.721 -0.06643 -0.00657366 0.297061
712.265 627.721 -0.06643 -0.00657366 0.297061
712.265 627.721 -0.06643 -0.00657366 0.297061
712.265 627.721 -0.06643 -0.00657366 0.297061
712.265 627.721 -0.06643 -0.00657366 0.297061
712.265 627.721 -0.06643 -0.00657366 0.297061
712.265 627.721 -0.06643 -0.00657366 0.297061
712.265 627.721 -0.06643 -0.00657366 0.297061
712.265 627.721 -0.06643 -0.00657366 0.297061
712.265 627.721 -0.06643 -0.00657366 0.297061
712.265 627.721 -0.06643 -0.00657366 0.297061
712.265 627.721 -0.06643 -0.00657366 0.297061
712.265 627.721 -0.06643 -0.00657366 0.297061
712.265 627.721 -0.06643 -0.00657366 0.297061
712.265 627.721 -0.06643 -0.00657366 0.297061
712.265 627.721 -0.06643 -0.00657366 0.297061
712.265 627.721 -0.06643 -0.00657366 0.297061
712.265 627.721 -0.06643 -0.00657366 0.297061
712.265 627.721 -0.06643 -0.00657366 0.297061
712.265 627.721 -0.06643 -0.00657366 0.297061
712.265 627.721 -0.06643 -0.00657366 0.297061
712.265 627.721 -0.06643 -0.00657366 0.297061
712.265 627.721 -0.06643 -0.00657366 0.297061
712.265 627.721 -0.06643 -0.00657366 0.297061
712.265 627.721 -0.06643 -0.00657366 0.297061
712.265 627.721 -0.06643 -0.00657366 0.297061
712.265 627.721 -0.06643 -0.00657366 0.297061
712.265 627.721 -0.06643 -0.00657366 0.297061
712.265 627.721 -0.06643 -0.00657366 0.297061
712.265 627.721 -0.06643 -0.00657366 0.297061
712.265 627.721 -0.06643 -0.00657366 0.297061
712.265 627.721 -0.06643 -0.00657366 0.297061
712.265 627.721 -0.06643 -0.00657366 0.297061
712.265 627.721 -0.06643 -0.00657366 0.297061
712.265 627.721 -0.06643 -0.00657366 0.297061
712.265 627.721 -0.06643 -0.00657366 0.297061
712.265 627.721 -0.06643 -0.00657366 0.297061
712.265 627.721 -0.06643 -0.00657366 0.297061
712.265 627.721 -0.06643 -0.00657366 0.297061
712.265 627.721 -0.06643 -0.00657366 0.297061
712.265 627.721 -0.06643 -0.00657366 0.297061
712.265 627.721 -0.06643 -0.00657366 0.297061
712.265 627.721 -0.06643 -0.00657366 0.297061
712.265 627.721 -0.06643 -0.00657366 0.297061
712.265 627.721 -0.06643 -0.00657366 0.297061
712.265 627.721 -0.06643 -0.00657366 0.297061
712.265 627.721 -0.06643 -0.00657366 0.297061
712.265 627.721 -0.06643 -0.00657366 0.297061
712.265 627.721 -0.06643 -0.00657366 0.297061
712.265 627.721 -0.06643 -0.00657366 0.297061
712.265 627.721 -0.06643 -0.00657366 0.297061
712.265 627.721 -0.06643 -0.00657366 0.297061
712.265 627.721 -0.06643 -0.00657366 0.297061
712.265 627.721 -0.06643 -0.00657366 0.297061
712.265 627.721 -0.06643 -0.00657366 0.297061
712.265 627.721 -0.06643 -0.00657366 0.297061
712.265 627.721 -0.06643 -0.00657366 0.297061
712.265 627.721 -0.06643 -0.00657366 0.297061
712.265 627.721 -0.06643 -0.00657366 0.297061
712.265 627.721 -0.06643 -0.00657366 0.297061
712.265 627.721 -0.06643 -0.00657366 0.297061
712.265 627.721 -0.06643 -0.00657366 0.297061
712.265 627.721 -0.06643 -0.00657366 0.297061
712.265 627.721 -0.06643 -0.00657366 0.297061
712.265 627.721 -0.06643 -0.00657366 0.297061
712.265 627.721 -0.06643 -0.00657366 0.297061
712.265 627.721 -0.06643 -0.00657366 0.297061
712.265 627.721 -0.06643 -0.00657366 0.297061
712.265 627.721 -0.06643 -0.00657366 0.297061
712.265 627.721 -0.06643 -0.00657366 0.297061
712.265 627.721 -0.06643 -0.00657366 0.297061
712.265 627.721 -0.06643 -0.00657366 0.297061
712.265 627.721 -0.06643 -0.00657366 0.297061
712.265 627.721 -0.06643 -0.00657366 0.297061
712.265 627.721 -0.06643 -0.00657366 0.297061
712.265 627.721 -0.06643 -0.00657366 0.297061
712.265 627.721 -0.06643 -0.00657366 0.297061
712.265 627.721 -0.06643 -0.00657366 0.297061
712.265 627.721 -0.06643 -0.00657366 0.297061
712.265 627.721 -0.06643 -0.00657366 0.297061
712.265 627.721 -0.06643 -0.00657366 0.297061
712.265 627.721 -0.06643 -0.00657366 0.297061
712.265 627.721 -0.06643 -0.00657366 0.297061
712.265 627.721 -0.06643 -0.00657366 0.297061
712.265 627.721 -0.06643 -0.00657366 0.297061
712.265 627.721 -0.06643 -0.00657366 0.297061
712.265 627.721 -0.06643 -0.00657366 0.297061
712.265 627.721 -0.06643 -0.00657366 0.297061
