682.835 325.732 0.284394 0.0235283 1.17254
548.086 38.5132 0.194466 0.0501828 1.1789
944.675 32.6554 0.205928 -0.0540048 1.19747
835.926 146.972 0.224811 -0.0218363 1.17151
814.013 175.027 0.231992 -0.0161195 1.17011
682.605 10.5128 0.193818 0.0166828 1.1915
871.823 224.249 0.170998 -0.011099 1.05551
570.277 3.20925 0.0927747 0.0116912 0.962916
629.466 18.6048 0.151295 0.0188459 1.07711
653.656 36.5729 0.196592 0.0240593 1.18169
938.212 560.691 0.35492 -0.0565029 1.12983
953.274 428.76 0.297825 -0.0543612 1.13676
826.112 31.7377 0.202825 -0.0213042 1.19497
652.667 67.3687 0.213961 0.0273879 1.20621
516.323 16.4114 0.191505 0.0591977 1.18781
656.7 334.445 0.23086 0.023477 1.10638
907.836 231.334 0.159506 -0.0123752 1.03761
807.334 176.928 0.233861 -0.0146361 1.1726
517.807 15.2659 0.185622 0.0544934 1.17067
665.526 38.5108 0.201321 0.0219024 1.19303
644.609 263.343 0.435152 0.0811949 1.439
813.305 172.682 0.222021 -0.0138732 1.15376
932.169 143.217 0.233454 -0.0517749 1.18719
565.948 627.337 0.311338 0.0538002 1.08802
946.655 31.8988 0.202389 -0.0518239 1.18831
826.1 69.1038 0.221988 -0.0250055 1.21762
549.399 315.076 0.270037 0.0619689 1.16334
728.335 75.9776 -0.197736 -0.00287587 0.62642
582.051 76.8497 0.0934415 0.0111367 0.958763
611.251 46.6763 0.0972839 0.0106723 0.967198
539.523 197.88 0.24205 0.0626666 1.18354
513.612 190.29 0.224508 0.0614107 1.15754
841.608 31.0325 0.20003 -0.0242165 1.18702
555.435 302.833 0.284813 0.0671541 1.18824
545.709 476.733 0.302261 0.0638467 1.12921
935.674 315.196 0.282815 -0.055332 1.16982
809.774 8.00205 0.195398 -0.0164237 1.19214
832.761 153.742 0.223574 -0.0201872 1.16561
548.565 637.342 0.303492 0.0557671 1.08113
555.723 332.061 0.257936 0.0543677 1.14099
562.635 575.533 0.334393 0.0631 1.11716
688.705 180.563 0.232139 0.0176676 1.17111
522.604 623.304 0.286689 0.0576786 1.07515
774.005 182.21 0.350878 -0.0266975 1.40067
660.729 39.0051 0.20239 0.0234213 1.19592
685.005 23.4578 0.1991 0.0165678 1.19726
827.203 152.065 0.210906 -0.0156293 1.14325
552.537 465.686 0.303677 0.0629465 1.13434
957.058 152.734 0.228062 -0.0538018 1.17076
703.659 203.514 0.249345 0.0146711 1.1876
840.067 316.091 0.264621 -0.0219507 1.14985
696.959 173.072 0.220118 0.0145195 1.15331
556.815 181.1 0.23795 0.0570504 1.18551
832.056 156.309 0.240722 -0.024886 1.19657
959.575 295.5 0.271555 -0.0595479 1.16491
656.313 28.5412 0.192927 0.0228036 1.17688
555.833 463.494 0.304967 0.0625015 1.13618
817.6 298.829 0.263991 -0.0166225 1.15714
528.915 25.351 0.191018 0.0543506 1.1791
820.556 31.2308 0.201436 -0.0193782 1.19171
679.165 327.876 0.291535 0.0255206 1.18002
954.356 309.489 0.266335 -0.0539927 1.15235
696.363 239.995 0.349491 0.0259561 1.32649
531.662 190.633 0.232082 0.0605253 1.17023
528.724 478.579 0.279668 0.0607368 1.11038
956.878 439.122 0.2984 -0.0545863 1.13335
950.975 439.251 0.322274 -0.061888 1.15355
757.99 472.565 1.18455 -0.0573814 1.5912
521.779 24.6697 0.194855 0.0591528 1.19144
615.055 612.965 0.466599 0.0732203 1.1695
844.949 319.393 0.268067 -0.0238566 1.15244
834.527 303.225 0.276124 -0.0237386 1.16985
567.694 340.912 0.263676 0.0525857 1.14386
537.9 477.861 0.282358 0.0593156 1.1127
559.478 316.905 0.283215 0.0638885 1.1786
545.101 40.9933 0.19747 0.052575 1.18574
844.059 318.899 0.217881 -0.0133138 1.09302
558.188 617.871 0.305589 0.0546657 1.08736
950.746 200.862 0.261398 -0.0650181 1.20134
846.842 452.055 -0.053448 0.00365934 0.770273
949.233 166.844 0.233143 -0.0529034 1.17256
507.333 7.23038 0.188156 0.0602011 1.18479
947.443 310.167 0.413405 -0.133982 1.32841
813.378 184.079 0.265673 -0.0236001 1.22506
642.317 298.862 0.150682 0.0150073 1.01714
685.744 62.1162 0.222484 0.0188676 1.23244
687.367 178.03 0.226164 0.01744 1.16185
680.978 50.5587 0.264262 0.0295989 1.39709
525.1 330.267 0.235339 0.0535 1.1152
922.664 555.05 0.183736 -0.0117804 1.01325
820.529 453.959 0.295348 -0.015011 1.12752
665.242 42.5322 0.204885 0.0225854 1.20008
649.855 328.322 0.521976 0.0917312 1.45236
834.741 440.232 0.302051 -0.0207127 1.13803
633.83 510.399 0.435286 0.0629266 1.20664
826.032 331.363 0.296049 -0.0234182 1.17989
608.688 325.418 0.365037 0.0725212 1.27152
945.844 613.701 -0.0736357 0.00262652 0.745505
881.931 414.871 -0.0585276 0.00365885 0.763337
539.007 95.9856 -0.0588178 0.000769789 0.758556
543.54 95.4027 -0.0591052 0.000814125 0.758237
803.196 352.652 -0.0381747 0.00389043 0.787152
937.71 606.353 -0.0735173 0.00260882 0.745622
676.134 70.1978 0.231078 0.0233591 1.24981
821.986 144.192 0.218595 -0.0167854 1.16157
955.765 293.588 0.265174 -0.0556362 1.1579
812.349 305.761 0.268171 -0.0155174 1.15932
691.785 222.006 0.308382 0.0241964 1.27532
