674.929 311.006 0.282765 0.0264954 1.17241
537.779 18.2386 0.19275 0.0531521 1.17842
922.483 544.028 0.359946 -0.0530722 1.1349
938.037 14.7096 0.204282 -0.0509406 1.19717
828.005 129.936 0.22355 -0.018787 1.17169
806.408 157.764 0.230302 -0.0131052 1.16979
859.092 208.173 0.171261 -0.00782658 1.05533
644.581 16.7701 0.194886 0.0270606 1.18124
932.846 548.773 0.350647 -0.0532503 1.12736
946.29 413.711 0.295632 -0.0512913 1.13606
819.025 13.4252 0.201255 -0.0183501 1.19473
644.189 49.6005 0.212333 0.030391 1.206
646.369 315.375 0.228331 0.0264418 1.10499
897.519 201.528 0.157797 -0.00929248 1.03686
799.708 159.877 0.232213 -0.0116227 1.17233
656.801 19.3798 0.199606 0.0249048 1.19262
955.807 161.961 0.239366 -0.0565508 1.17946
639.594 254.951 0.434104 0.0842612 1.44052
805.493 154.106 0.220108 -0.0108468 1.1531
926.235 125.626 0.231021 -0.0486616 1.18597
555.415 613.542 0.308289 0.0566036 1.08655
940.444 12.7152 0.200397 -0.0487378 1.18751
819.249 52.2397 0.220247 -0.0219982 1.2173
540.297 299.383 0.268372 0.0649151 1.16321
746.601 108.579 -0.202583 0.000495566 0.620684
555.509 0.646534 0.0911501 0.0141606 0.957089
526.513 177.55 0.236534 0.0650003 1.17852
503.545 172.289 0.223092 0.0644027 1.1575
834.074 12.6792 0.198653 -0.0211997 1.18707
547.034 288.404 0.283356 0.0701195 1.18835
535.69 462.467 0.299551 0.0666523 1.12796
932.14 299.688 0.277921 -0.0520284 1.16596
825.135 135.863 0.221874 -0.0171565 1.16523
540.605 619.294 0.303731 0.0588759 1.08253
545.808 315.533 0.255963 0.0572896 1.14034
553.272 562.304 0.331738 0.0659046 1.11611
680.25 163.213 0.23044 0.0206561 1.17076
508.078 611.5 0.281381 0.0602222 1.0715
768.726 172.468 0.34949 -0.0236988 1.40154
957.938 125.195 0.220572 -0.0504316 1.16457
651.356 16.9118 0.19908 0.0263288 1.1932
676.584 4.73337 0.197612 0.0195802 1.19719
819.064 132.703 0.209264 -0.0125966 1.1429
543.122 451.248 0.301468 0.0658134 1.13361
950.195 135.389 0.226362 -0.050764 1.17042
695.978 188.89 0.249477 0.017707 1.18969
833.316 299.66 0.261458 -0.0188835 1.14792
687.199 149.796 0.214414 0.0174196 1.14781
546.16 164.344 0.235709 0.0601196 1.18416
956.306 159.801 0.241376 -0.0582874 1.18431
821.649 151.162 0.249217 -0.0230394 1.20915
949.875 281.107 0.272392 -0.0568866 1.16752
647.075 8.33408 0.191243 0.0258266 1.17644
534.514 455.837 0.289503 0.0639269 1.1219
809.88 283.004 0.262509 -0.0136262 1.15712
521.71 11.499 0.192344 0.0578155 1.18279
810.305 18.6212 0.203007 -0.0162487 1.19623
672.447 314.099 0.294109 0.0286588 1.18472
942.41 294.929 0.268946 -0.0514917 1.15692
510.04 163.23 0.22052 0.0621501 1.15722
956.892 283.015 0.272866 -0.0589148 1.16704
517.687 463.091 0.276897 0.0635432 1.109
951.831 424.882 0.294348 -0.0512786 1.13067
952.192 427.587 0.311884 -0.0578612 1.14482
755.749 470.374 1.16197 -0.0542483 1.57864
512.317 5.42412 0.193853 0.062322 1.19263
601.947 622.014 0.438809 0.0720836 1.149
817.213 311.535 0.307387 -0.0229431 1.19833
824.095 289.254 0.279751 -0.0208916 1.17594
558.333 324.754 0.262029 0.055543 1.14361
534.368 458.101 0.287404 0.0631209 1.11933
554.845 302.703 0.286786 0.067569 1.18477
534.88 21.1902 0.195768 0.0555583 1.1853
820.298 304.266 0.235935 -0.0105897 1.11512
546.905 604.712 0.301866 0.0573802 1.08524
949.758 180.122 0.253517 -0.060829 1.1939
827.941 472.806 -0.0540279 0.00731045 0.770049
779.224 13.8117 -0.0439403 0.00724592 0.773923
938.789 153.136 0.234726 -0.0504103 1.17655
943.312 299.88 0.410135 -0.131148 1.32752
806.668 169.889 0.264355 -0.0206872 1.22542
635.007 277.714 0.163174 0.0191683 1.03283
678.226 46.2875 0.221369 0.0218519 1.23307
678.652 160.215 0.224583 0.0204531 1.16162
669.922 5.62689 0.237546 0.0307765 1.35179
514.155 311.936 0.233681 0.0565046 1.11481
907.511 524.782 0.184243 -0.00872898 1.0149
814.486 440.041 0.290748 -0.0120706 1.12425
656.192 19.9035 0.201093 0.0253825 1.19666
647.289 320.967 0.531643 0.0958937 1.46637
828.877 426.677 0.296952 -0.017598 1.13428
629.793 495.558 0.441408 0.066484 1.21414
830.974 313.89 0.272758 -0.0198345 1.15545
603.437 314.549 0.366257 0.0757053 1.27504
846.641 613.723 -0.0740788 0.00630054 0.745408
853.225 435.216 -0.058711 0.00732048 0.763645
496.978 103.005 -0.0589557 0.00437293 0.758769
501 102.621 -0.0592514 0.00441944 0.758446
796.383 383.631 -0.0393753 0.00749382 0.786271
839.43 604.452 -0.0739517 0.00628265 0.745525
668.681 53.3365 0.228666 0.0262013 1.24845
811.55 129.996 0.221004 -0.013882 1.16713
948.501 277.791 0.263539 -0.0526055 1.15773
805.913 291.144 0.268426 -0.0131225 1.16104
687.465 215.147 0.319809 0.027534 1.29317
