741.629 172.027 0.250119 -0.487623 4.94608
720.705 167.966 -0.084404 -0.154055 5.68524
646.515 96.4246 -0.110293 0.00178656 0.403171
541.643 501.872 -0.000254147 0.00498451 0.464164
681.359 254.409 0.7167 0.0690936 1.57307
711.888 253.322 0.7286 0.0160071 1.59457
646.555 38.3289 0.296331 0.00612079 0.911709
672.236 248.948 0.331665 0.00567038 0.916681
770.997 23.4272 -0.0138568 -0.0106416 0.490955
657.054 178.174 -0.0187658 -0.00339551 0.47404
672.311 202.891 -0.0414018 -0.00362676 0.447834
551.263 92.4407 0.053703 -0.00450482 0.553072
641.418 299.977 0.353856 0.0131775 0.933874
533.481 492.003 0.00153311 0.00494766 0.468226
522.2 536.321 0.00895534 0.00446979 0.475524
608.947 3.5067 0.296661 0.0116108 0.924465
861.193 46.7311 0.319168 -0.0275927 0.956946
845.921 239.472 0.330207 -0.0199656 0.914513
834.756 306.488 0.41174 -0.0325653 1.00313
837.68 35.019 0.298011 -0.0179225 0.91303
485.28 43.6836 0.308117 0.0331969 0.940957
573.842 465.161 1.07232 0.319427 1.38579
518.107 50.9355 0.102778 -0.00711199 0.606613
861.927 31.7336 0.307483 -0.0242258 0.935269
483.6 436.269 0.452923 0.0781427 0.998554
863.174 273.917 0.346892 -0.0251197 0.928544
721.179 569.406 1.07098 0.0252657 1.21177
503.132 437.209 0.357772 0.0342981 0.905312
842.511 619.327 0.393071 -0.0187115 0.893622
683.217 66.2941 0.30402 0.00208048 0.919503
643.623 29.1798 0.294388 0.00625974 0.910049
877.652 6.89848 0.296117 -0.0233697 0.916542
635.581 274.383 0.333054 0.0111484 0.912643
673.168 484.281 0.357681 0.00726338 0.893644
731.165 140.025 0.580242 -0.0820792 2.55523
885.739 261.314 0.316354 -0.0214233 0.889369
632.458 278.268 0.326446 0.0105159 0.902598
843.168 41.109 0.301341 -0.0193131 0.918479
668.15 96.5338 0.321291 0.00594845 0.946351
890.293 238.648 0.324916 -0.0249117 0.906408
656.889 255.319 0.32206 0.00678426 0.901395
654.182 458.469 0.356724 0.0101117 0.898123
866.537 631.655 0.402477 -0.0237373 0.897171
816.622 179.641 0.0854901 -0.00482224 0.588403
817.763 128.964 0.363509 -0.0278893 1.01641
827.599 102.059 0.344163 -0.0262736 0.989071
702.437 509.152 0.528215 0.0127629 1.02146
959.282 448.129 0.0772829 -0.00493386 0.579872
804.181 1.02802 0.340169 -0.0272573 1.04675
650.41 485.209 0.358639 0.01075 0.894557
670.245 474.698 0.350991 0.00711073 0.889319
669.596 517.935 0.343277 0.00641356 0.874714
857.622 489.521 0.344259 -0.0175783 0.878795
859.001 13.257 0.291986 -0.0194911 0.905381
566.961 548.863 0.106853 -0.00704667 0.620887
845.459 24.8414 0.296404 -0.0187845 0.91231
664.559 500.15 0.34996 0.0077303 0.883744
617.617 2.44572 0.290973 0.00912364 0.910475
875.404 188.033 0.297134 -0.0177136 0.875433
833.954 251.74 0.341959 -0.02008 0.928394
634.472 272.108 0.325574 0.0101624 0.902784
773.256 551.548 -0.0513025 -0.0151214 0.355585
718.708 610.691 -0.0632528 -0.00517544 0.298768
718.708 610.691 -0.0632528 -0.00517544 0.298768
718.708 610.691 -0.0632528 -0.00517544 0.298768
718.708 610.691 -0.0632528 -0.00517544 0.298768
718.708 610.691 -0.0632528 -0.00517544 0.298768
718.708 610.691 -0.0632528 -0.00517544 0.298768
718.708 610.691 -0.0632528 -0.00517544 0.298768
718.708 610.691 -0.0632528 -0.00517544 0.298768
718.708 610.691 -0.0632528 -0.00517544 0.298768
718.708 610.691 -0.0632528 -0.00517544 0.298768
718.708 610.691 -0.0632528 -0.00517544 0.298768
718.708 610.691 -0.0632528 -0.00517544 0.298768
718.708 610.691 -0.0632528 -0.00517544 0.298768
718.708 610.691 -0.0632528 -0.00517544 0.298768
718.708 610.691 -0.0632528 -0.00517544 0.298768
718.708 610.691 -0.0632528 -0.00517544 0.298768
718.708 610.691 -0.0632528 -0.00517544 0.298768
718.708 610.691 -0.0632528 -0.00517544 0.298768
718.708 610.691 -0.0632528 -0.00517544 0.298768
718.708 610.691 -0.0632528 -0.00517544 0.298768
718.708 610.691 -0.0632528 -0.00517544 0.298768
718.708 610.691 -0.0632528 -0.00517544 0.298768
718.708 610.691 -0.0632528 -0.00517544 0.298768
718.708 610.691 -0.0632528 -0.00517544 0.298768
718.708 610.691 -0.0632528 -0.00517544 0.298768
718.708 610.691 -0.0632528 -0.00517544 0.298768
718.708 610.691 -0.0632528 -0.00517544 0.298768
718.708 610.691 -0.0632528 -0.00517544 0.298768
718.708 610.691 -0.0632528 -0.00517544 0.298768
718.708 610.691 -0.0632528 -0.00517544 0.298768
718.708 610.691 -0.0632528 -0.00517544 0.298768
718.708 610.691 -0.0632528 -0.00517544 0.298768
718.708 610.691 -0.0632528 -0.00517544 0.298768
718.708 610.691 -0.0632528 -0.00517544 0.298768
718.708 610.691 -0.0632528 -0.00517544 0.298768
718.708 610.691 -0.0632528 -0.00517544 0.298768
718.708 610.691 -0.0632528 -0.00517544 0.298768
718.708 610.691 -0.0632528 -0.00517544 0.298768
718.708 610.691 -0.0632528 -0.00517544 0.298768
718.708 610.691 -0.0632528 -0.00517544 0.298768
718.708 610.691 -0.0632528 -0.00517544 0.298768
718.708 610.691 -0.0632528 -0.00517544 0.298768
718.708 610.691 -0.0632528 -0.00517544 0.298768
718.708 610.691 -0.0632528 -0.00517544 0.298768
718.708 610.691 -0.0632528 -0.00517544 0.298768
718.708 610.691 -0.0632528 -0.00517544 0.298768
718.708 610.691 -0.0632528 -0.00517544 0.298768
718.708 610.691 -0.0632528 -0.00517544 0.298768
718.708 610.691 -0.0632528 -0.00517544 0.298768
718.708 610.691 -0.0632528 -0.00517544 0.298768
718.708 610.691 -0.0632528 -0.00517544 0.298768
718.708 610.691 -0.0632528 -0.00517544 0.298768
718.708 610.691 -0.0632528 -0.00517544 0.298768
718.708 610.691 -0.0632528 -0.00517544 0.298768
718.708 610.691 -0.0632528 -0.00517544 0.298768
718.708 610.691 -0.0632528 -0.00517544 0.298768
718.708 610.691 -0.0632528 -0.00517544 0.298768
718.708 610.691 -0.0632528 -0.00517544 0.298768
718.708 610.691 -0.0632528 -0.00517544 0.298768
718.708 610.691 -0.0632528 -0.00517544 0.298768
718.708 610.691 -0.0632528 -0.00517544 0.298768
718.708 610.691 -0.0632528 -0.00517544 0.298768
718.708 610.691 -0.0632528 -0.00517544 0.298768
718.708 610.691 -0.0632528 -0.00517544 0.298768
718.708 610.691 -0.0632528 -0.00517544 0.298768
718.708 610.691 -0.0632528 -0.00517544 0.298768
718.708 610.691 -0.0632528 -0.00517544 0.298768
718.708 610.691 -0.0632528 -0.00517544 0.298768
718.708 610.691 -0.0632528 -0.00517544 0.298768
718.708 610.691 -0.0632528 -0.00517544 0.298768
718.708 610.691 -0.0632528 -0.00517544 0.298768
718.708 610.691 -0.0632528 -0.00517544 0.298768
718.708 610.691 -0.0632528 -0.00517544 0.298768
718.708 610.691 -0.0632528 -0.00517544 0.298768
718.708 610.691 -0.0632528 -0.00517544 0.298768
718.708 610.691 -0.0632528 -0.00517544 0.298768
718.708 610.691 -0.0632528 -0.00517544 0.298768
718.708 610.691 -0.0632528 -0.00517544 0.298768
718.708 610.691 -0.0632528 -0.00517544 0.298768
718.708 610.691 -0.0632528 -0.00517544 0.298768
718.708 610.691 -0.0632528 -0.00517544 0.298768
718.708 610.691 -0.0632528 -0.00517544 0.298768
718.708 610.691 -0.0632528 -0.00517544 0.298768
718.708 610.691 -0.0632528 -0.00517544 0.298768
718.708 610.691 -0.0632528 -0.00517544 0.298768
718.708 610.691 -0.0632528 -0.00517544 0.298768
718.708 610.691 -0.0632528 -0.00517544 0.298768
718.708 610.691 -0.0632528 -0.00517544 0.298768
718.708 610.691 -0.0632528 -0.00517544 0.298768
718.708 610.691 -0.0632528 -0.00517544 0.298768
718.708 610.691 -0.0632528 -0.00517544 0.298768
718.708 610.691 -0.0632528 -0.00517544 0.298768
718.708 610.691 -0.0632528 -0.00517544 0.298768
718.708 610.691 -0.0632528 -0.00517544 0.298768
718.708 610.691 -0.0632528 -0.00517544 0.298768
718.708 610.691 -0.0632528 -0.00517544 0.298768
718.708 610.691 -0.0632528 -0.00517544 0.298768
718.708 610.691 -0.0632528 -0.00517544 0.298768
718.708 610.691 -0.0632528 -0.00517544 0.298768
718.708 610.691 -0.0632528 -0.00517544 0.298768
718.708 610.691 -0.0632528 -0.00517544 0.298768
718.708 610.691 -0.0632528 -0.00517544 0.298768
718.708 610.691 -0.0632528 -0.00517544 0.298768
718.708 610.691 -0.0632528 -0.00517544 0.298768
718.708 610.691 -0.0632528 -0.00517544 0.298768
718.708 610.691 -0.0632528 -0.00517544 0.298768
718.708 610.691 -0.0632528 -0.00517544 0.298768
718.708 610.691 -0.0632528 -0.00517544 0.298768
718.708 610.691 -0.0632528 -0.00517544 0.298768
718.708 610.691 -0.0632528 -0.00517544 0.298768
718.708 610.691 -0.0632528 -0.00517544 0.298768
718.708 610.691 -0.0632528 -0.00517544 0.298768
718.708 610.691 -0.0632528 -0.00517544 0.298768
718.708 610.691 -0.0632528 -0.00517544 0.298768
718.708 610.691 -0.0632528 -0.00517544 0.298768
718.708 610.691 -0.0632528 -0.00517544 0.298768
718.708 610.691 -0.0632528 -0.00517544 0.298768
718.708 610.691 -0.0632528 -0.00517544 0.298768
718.708 610.691 -0.0632528 -0.00517544 0.298768
718.708 610.691 -0.0632528 -0.00517544 0.298768
718.708 610.691 -0.0632528 -0.00517544 0.298768
718.708 610.691 -0.0632528 -0.00517544 0.298768
718.708 610.691 -0.0632528 -0.00517544 0.298768
718.708 610.691 -0.0632528 -0.00517544 0.298768
718.708 610.691 -0.0632528 -0.00517544 0.298768
718.708 610.691 -0.0632528 -0.00517544 0.298768
718.708 610.691 -0.0632528 -0.00517544 0.298768
718.708 610.691 -0.0632528 -0.00517544 0.298768
718.708 610.691 -0.0632528 -0.00517544 0.298768
718.708 610.691 -0.0632528 -0.00517544 0.298768
718.708 610.691 -0.0632528 -0.00517544 0.298768
718.708 610.691 -0.0632528 -0.00517544 0.298768
718.708 610.691 -0.0632528 -0.00517544 0.298768
718.708 610.691 -0.0632528 -0.00517544 0.298768
718.708 610.691 -0.0632528 -0.00517544 0.298768
718.708 610.691 -0.0632528 -0.00517544 0.298768
718.708 610.691 -0.0632528 -0.00517544 0.298768
718.708 610.691 -0.0632528 -0.00517544 0.298768
718.708 610.691 -0.0632528 -0.00517544 0.298768
718.708 610.691 -0.0632528 -0.00517544 0.298768
718.708 610.691 -0.0632528 -0.00517544 0.298768
718.708 610.691 -0.0632528 -0.00517544 0.298768
718.708 610.691 -0.0632528 -0.00517544 0.298768
718.708 610.691 -0.0632528 -0.00517544 0.298768
718.708 610.691 -0.0632528 -0.00517544 0.298768
718.708 610.691 -0.0632528 -0.00517544 0.298768
718.708 610.691 -0.0632528 -0.00517544 0.298768
718.708 610.691 -0.0632528 -0.00517544 0.298768
718.708 610.691 -0.0632528 -0.00517544 0.298768
718.708 610.691 -0.0632528 -0.00517544 0.298768
718.708 610.691 -0.0632528 -0.00517544 0.298768
718.708 610.691 -0.0632528 -0.00517544 0.298768
718.708 610.691 -0.0632528 -0.00517544 0.298768
718.708 610.691 -0.0632528 -0.00517544 0.298768
718.708 610.691 -0.0632528 -0.00517544 0.298768
718.708 610.691 -0.0632528 -0.00517544 0.298768
718.708 610.691 -0.0632528 -0.00517544 0.298768
718.708 610.691 -0.0632528 -0.00517544 0.298768
718.708 610.691 -0.0632528 -0.00517544 0.298768
718.708 610.691 -0.0632528 -0.00517544 0.298768
718.708 610.691 -0.0632528 -0.00517544 0.298768
718.708 610.691 -0.0632528 -0.00517544 0.298768
718.708 610.691 -0.0632528 -0.00517544 0.298768
718.708 610.691 -0.0632528 -0.00517544 0.298768
718.708 610.691 -0.0632528 -0.00517544 0.298768
718.708 610.691 -0.0632528 -0.00517544 0.298768
718.708 610.691 -0.0632528 -0.00517544 0.298768
718.708 610.691 -0.0632528 -0.00517544 0.298768
718.708 610.691 -0.0632528 -0.00517544 0.298768
718.708 610.691 -0.0632528 -0.00517544 0.298768
718.708 610.691 -0.0632528 -0.00517544 0.298768
718.708 610.691 -0.0632528 -0.00517544 0.298768
718.708 610.691 -0.0632528 -0.00517544 0.298768
718.708 610.691 -0.0632528 -0.00517544 0.298768
718.708 610.691 -0.0632528 -0.00517544 0.298768
718.708 610.691 -0.0632528 -0.00517544 0.298768
718.708 610.691 -0.0632528 -0.00517544 0.298768
718.708 610.691 -0.0632528 -0.00517544 0.298768
718.708 610.691 -0.0632528 -0.00517544 0.298768
718.708 610.691 -0.0632528 -0.00517544 0.298768
718.708 610.691 -0.0632528 -0.00517544 0.298768
718.708 610.691 -0.0632528 -0.00517544 0.298768
718.708 610.691 -0.0632528 -0.00517544 0.298768
718.708 610.691 -0.0632528 -0.00517544 0.298768
718.708 610.691 -0.0632528 -0.00517544 0.298768
718.708 610.691 -0.0632528 -0.00517544 0.298768
718.708 610.691 -0.0632528 -0.00517544 0.298768
718.708 610.691 -0.0632528 -0.00517544 0.298768
718.708 610.691 -0.0632528 -0.00517544 0.298768
718.708 610.691 -0.0632528 -0.00517544 0.298768
718.708 610.691 -0.0632528 -0.00517544 0.298768
718.708 610.691 -0.0632528 -0.00517544 0.298768
718.708 610.691 -0.0632528 -0.00517544 0.298768
718.708 610.691 -0.0632528 -0.00517544 0.298768
718.708 610.691 -0.0632528 -0.00517544 0.298768
718.708 610.691 -0.0632528 -0.00517544 0.298768
718.708 610.691 -0.0632528 -0.00517544 0.298768
718.708 610.691 -0.0632528 -0.00517544 0.298768
718.708 610.691 -0.0632528 -0.00517544 0.298768
718.708 610.691 -0.0632528 -0.00517544 0.298768
718.708 610.691 -0.0632528 -0.00517544 0.298768
718.708 610.691 -0.0632528 -0.00517544 0.298768
718.708 610.691 -0.0632528 -0.00517544 0.298768
718.708 610.691 -0.0632528 -0.00517544 0.298768
718.708 610.691 -0.0632528 -0.00517544 0.298768
718.708 610.691 -0.0632528 -0.00517544 0.298768
718.708 610.691 -0.0632528 -0.00517544 0.298768
718.708 610.691 -0.0632528 -0.00517544 0.298768
718.708 610.691 -0.0632528 -0.00517544 0.298768
718.708 610.691 -0.0632528 -0.00517544 0.298768
718.708 610.691 -0.0632528 -0.00517544 0.298768
718.708 610.691 -0.0632528 -0.00517544 0.298768
718.708 610.691 -0.0632528 -0.00517544 0.298768
718.708 610.691 -0.0632528 -0.00517544 0.298768
718.708 610.691 -0.0632528 -0.00517544 0.298768
718.708 610.691 -0.0632528 -0.00517544 0.298768
718.708 610.691 -0.0632528 -0.00517544 0.298768
718.708 610.691 -0.0632528 -0.00517544 0.298768
718.708 610.691 -0.0632528 -0.00517544 0.298768
718.708 610.691 -0.0632528 -0.00517544 0.298768
718.708 610.691 -0.0632528 -0.00517544 0.298768
718.708 610.691 -0.0632528 -0.00517544 0.298768
718.708 610.691 -0.0632528 -0.00517544 0.298768
718.708 610.691 -0.0632528 -0.00517544 0.298768
718.708 610.691 -0.0632528 -0.00517544 0.298768
718.708 610.691 -0.0632528 -0.00517544 0.298768
718.708 610.691 -0.0632528 -0.00517544 0.298768
718.708 610.691 -0.0632528 -0.00517544 0.298768
718.708 610.691 -0.0632528 -0.00517544 0.298768
718.708 610.691 -0.0632528 -0.00517544 0.298768
718.708 610.691 -0.0632528 -0.00517544 0.298768
718.708 610.691 -0.0632528 -0.00517544 0.298768
718.708 610.691 -0.0632528 -0.00517544 0.298768
718.708 610.691 -0.0632528 -0.00517544 0.298768
718.708 610.691 -0.0632528 -0.00517544 0.298768
718.708 610.691 -0.0632528 -0.00517544 0.298768
718.708 610.691 -0.0632528 -0.00517544 0.298768
718.708 610.691 -0.0632528 -0.00517544 0.298768
718.708 610.691 -0.0632528 -0.00517544 0.298768
718.708 610.691 -0.0632528 -0.00517544 0.298768
718.708 610.691 -0.0632528 -0.00517544 0.298768
718.708 610.691 -0.0632528 -0.00517544 0.298768
718.708 610.691 -0.0632528 -0.00517544 0.298768
718.708 610.691 -0.0632528 -0.00517544 0.298768
718.708 610.691 -0.0632528 -0.00517544 0.298768
718.708 610.691 -0.0632528 -0.00517544 0.298768
718.708 610.691 -0.0632528 -0.00517544 0.298768
718.708 610.691 -0.0632528 -0.00517544 0.298768
718.708 610.691 -0.0632528 -0.00517544 0.298768
718.708 610.691 -0.0632528 -0.00517544 0.298768
718.708 610.691 -0.0632528 -0.00517544 0.298768
718.708 610.691 -0.0632528 -0.00517544 0.298768
718.708 610.691 -0.0632528 -0.00517544 0.298768
718.708 610.691 -0.0632528 -0.00517544 0.298768
718.708 610.691 -0.0632528 -0.00517544 0.298768
718.708 610.691 -0.0632528 -0.00517544 0.298768
718.708 610.691 -0.0632528 -0.00517544 0.298768
718.708 610.691 -0.0632528 -0.00517544 0.298768
718.708 610.691 -0.0632528 -0.00517544 0.298768
718.708 610.691 -0.0632528 -0.00517544 0.298768
718.708 610.691 -0.0632528 -0.00517544 0.298768
718.708 610.691 -0.0632528 -0.00517544 0.298768
718.708 610.691 -0.0632528 -0.00517544 0.298768
718.708 610.691 -0.0632528 -0.00517544 0.298768
718.708 610.691 -0.0632528 -0.00517544 0.298768
718.708 610.691 -0.0632528 -0.00517544 0.298768
718.708 610.691 -0.0632528 -0.00517544 0.298768
718.708 610.691 -0.0632528 -0.00517544 0.298768
718.708 610.691 -0.0632528 -0.00517544 0.298768
718.708 610.691 -0.0632528 -0.00517544 0.298768
718.708 610.691 -0.0632528 -0.00517544 0.298768
718.708 610.691 -0.0632528 -0.00517544 0.298768
718.708 610.691 -0.0632528 -0.00517544 0.298768
718.708 610.691 -0.0632528 -0.00517544 0.298768
718.708 610.691 -0.0632528 -0.00517544 0.298768
718.708 610.691 -0.0632528 -0.00517544 0.298768
718.708 610.691 -0.0632528 -0.00517544 0.298768
718.708 610.691 -0.0632528 -0.00517544 0.298768
718.708 610.691 -0.0632528 -0.00517544 0.298768
718.708 610.691 -0.0632528 -0.00517544 0.298768
718.708 610.691 -0.0632528 -0.00517544 0.298768
718.708 610.691 -0.0632528 -0.00517544 0.298768
718.708 610.691 -0.0632528 -0.00517544 0.298768
718.708 610.691 -0.0632528 -0.00517544 0.298768
718.708 610.691 -0.0632528 -0.00517544 0.298768
718.708 610.691 -0.0632528 -0.00517544 0.298768
718.708 610.691 -0.0632528 -0.00517544 0.298768
718.708 610.691 -0.0632528 -0.00517544 0.298768
718.708 610.691 -0.0632528 -0.00517544 0.298768
718.708 610.691 -0.0632528 -0.00517544 0.298768
718.708 610.691 -0.0632528 -0.00517544 0.298768
718.708 610.691 -0.0632528 -0.00517544 0.298768
718.708 610.691 -0.0632528 -0.00517544 0.298768
718.708 610.691 -0.0632528 -0.00517544 0.298768
718.708 610.691 -0.0632528 -0.00517544 0.298768
718.708 610.691 -0.0632528 -0.00517544 0.298768
718.708 610.691 -0.0632528 -0.00517544 0.298768
718.708 610.691 -0.0632528 -0.00517544 0.298768
718.708 610.691 -0.0632528 -0.00517544 0.298768
718.708 610.691 -0.0632528 -0.00517544 0.298768
718.708 610.691 -0.0632528 -0.00517544 0.298768
718.708 610.691 -0.0632528 -0.00517544 0.298768
718.708 610.691 -0.0632528 -0.00517544 0.298768
718.708 610.691 -0.0632528 -0.00517544 0.298768
718.708 610.691 -0.0632528 -0.00517544 0.298768
718.708 610.691 -0.0632528 -0.00517544 0.298768
718.708 610.691 -0.0632528 -0.00517544 0.298768
718.708 610.691 -0.0632528 -0.00517544 0.298768
718.708 610.691 -0.0632528 -0.00517544 0.298768
718.708 610.691 -0.0632528 -0.00517544 0.298768
718.708 610.691 -0.0632528 -0.00517544 0.298768
718.708 610.691 -0.0632528 -0.00517544 0.298768
718.708 610.691 -0.0632528 -0.00517544 0.298768
718.708 610.691 -0.0632528 -0.00517544 0.298768
718.708 610.691 -0.0632528 -0.00517544 0.298768
718.708 610.691 -0.0632528 -0.00517544 0.298768
718.708 610.691 -0.0632528 -0.00517544 0.298768
718.708 610.691 -0.0632528 -0.00517544 0.298768
718.708 610.691 -0.0632528 -0.00517544 0.298768
718.708 610.691 -0.0632528 -0.00517544 0.298768
718.708 610.691 -0.0632528 -0.00517544 0.298768
718.708 610.691 -0.0632528 -0.00517544 0.298768
718.708 610.691 -0.0632528 -0.00517544 0.298768
718.708 610.691 -0.0632528 -0.00517544 0.298768
718.708 610.691 -0.0632528 -0.00517544 0.298768
718.708 610.691 -0.0632528 -0.00517544 0.298768
718.708 610.691 -0.0632528 -0.00517544 0.298768
718.708 610.691 -0.0632528 -0.00517544 0.298768
718.708 610.691 -0.0632528 -0.00517544 0.298768
718.708 610.691 -0.0632528 -0.00517544 0.298768
718.708 610.691 -0.0632528 -0.00517544 0.298768
718.708 610.691 -0.0632528 -0.00517544 0.298768
718.708 610.691 -0.0632528 -0.00517544 0.298768
718.708 610.691 -0.0632528 -0.00517544 0.298768
718.708 610.691 -0.0632528 -0.00517544 0.298768
718.708 610.691 -0.0632528 -0.00517544 0.298768
718.708 610.691 -0.0632528 -0.00517544 0.298768
718.708 610.691 -0.0632528 -0.00517544 0.298768
718.708 610.691 -0.0632528 -0.00517544 0.298768
718.708 610.691 -0.0632528 -0.00517544 0.298768
718.708 610.691 -0.0632528 -0.00517544 0.298768
718.708 610.691 -0.0632528 -0.00517544 0.298768
718.708 610.691 -0.0632528 -0.00517544 0.298768
718.708 610.691 -0.0632528 -0.00517544 0.298768
718.708 610.691 -0.0632528 -0.00517544 0.298768
718.708 610.691 -0.0632528 -0.00517544 0.298768
718.708 610.691 -0.0632528 -0.00517544 0.298768
718.708 610.691 -0.0632528 -0.00517544 0.298768
718.708 610.691 -0.0632528 -0.00517544 0.298768
718.708 610.691 -0.0632528 -0.00517544 0.298768
718.708 610.691 -0.0632528 -0.00517544 0.298768
718.708 610.691 -0.0632528 -0.00517544 0.298768
718.708 610.691 -0.0632528 -0.00517544 0.298768
718.708 610.691 -0.0632528 -0.00517544 0.298768
718.708 610.691 -0.0632528 -0.00517544 0.298768
718.708 610.691 -0.0632528 -0.00517544 0.298768
718.708 610.691 -0.0632528 -0.00517544 0.298768
718.708 610.691 -0.0632528 -0.00517544 0.298768
718.708 610.691 -0.0632528 -0.00517544 0.298768
718.708 610.691 -0.0632528 -0.00517544 0.298768
718.708 610.691 -0.0632528 -0.00517544 0.298768
718.708 610.691 -0.0632528 -0.00517544 0.298768
718.708 610.691 -0.0632528 -0.00517544 0.298768
718.708 610.691 -0.0632528 -0.00517544 0.298768
718.708 610.691 -0.0632528 -0.00517544 0.298768
718.708 610.691 -0.0632528 -0.00517544 0.298768
718.708 610.691 -0.0632528 -0.00517544 0.298768
718.708 610.691 -0.0632528 -0.00517544 0.298768
718.708 610.691 -0.0632528 -0.00517544 0.298768
718.708 610.691 -0.0632528 -0.00517544 0.298768
718.708 610.691 -0.0632528 -0.00517544 0.298768
718.708 610.691 -0.0632528 -0.00517544 0.298768
718.708 610.691 -0.0632528 -0.00517544 0.298768
718.708 610.691 -0.0632528 -0.00517544 0.298768
718.708 610.691 -0.0632528 -0.00517544 0.298768
718.708 610.691 -0.0632528 -0.00517544 0.298768
718.708 610.691 -0.0632528 -0.00517544 0.298768
718.708 610.691 -0.0632528 -0.00517544 0.298768
718.708 610.691 -0.0632528 -0.00517544 0.298768
718.708 610.691 -0.0632528 -0.00517544 0.298768
718.708 610.691 -0.0632528 -0.00517544 0.298768
718.708 610.691 -0.0632528 -0.00517544 0.298768
718.708 610.691 -0.0632528 -0.00517544 0.298768
718.708 610.691 -0.0632528 -0.00517544 0.298768
718.708 610.691 -0.0632528 -0.00517544 0.298768
718.708 610.691 -0.0632528 -0.00517544 0.298768
718.708 610.691 -0.0632528 -0.00517544 0.298768
718.708 610.691 -0.0632528 -0.00517544 0.298768
718.708 610.691 -0.0632528 -0.00517544 0.298768
718.708 610.691 -0.0632528 -0.00517544 0.298768
718.708 610.691 -0.0632528 -0.00517544 0.298768
718.708 610.691 -0.0632528 -0.00517544 0.298768
718.708 610.691 -0.0632528 -0.00517544 0.298768
718.708 610.691 -0.0632528 -0.00517544 0.298768
718.708 610.691 -0.0632528 -0.00517544 0.298768
718.708 610.691 -0.0632528 -0.00517544 0.298768
718.708 610.691 -0.0632528 -0.00517544 0.298768
718.708 610.691 -0.0632528 -0.00517544 0.298768
718.708 610.691 -0.0632528 -0.00517544 0.298768
718.708 610.691 -0.0632528 -0.00517544 0.298768
718.708 610.691 -0.0632528 -0.00517544 0.298768
718.708 610.691 -0.0632528 -0.00517544 0.298768
718.708 610.691 -0.0632528 -0.00517544 0.298768
718.708 610.691 -0.0632528 -0.00517544 0.298768
718.708 610.691 -0.0632528 -0.00517544 0.298768
718.708 610.691 -0.0632528 -0.00517544 0.298768
718.708 610.691 -0.0632528 -0.00517544 0.298768
718.708 610.691 -0.0632528 -0.00517544 0.298768
718.708 610.691 -0.0632528 -0.00517544 0.298768
718.708 610.691 -0.0632528 -0.00517544 0.298768
718.708 610.691 -0.0632528 -0.00517544 0.298768
718.708 610.691 -0.0632528 -0.00517544 0.298768
718.708 610.691 -0.0632528 -0.00517544 0.298768
718.708 610.691 -0.0632528 -0.00517544 0.298768
718.708 610.691 -0.0632528 -0.00517544 0.298768
718.708 610.691 -0.0632528 -0.00517544 0.298768
718.708 610.691 -0.0632528 -0.00517544 0.298768
718.708 610.691 -0.0632528 -0.00517544 0.298768
718.708 610.691 -0.0632528 -0.00517544 0.298768
718.708 610.691 -0.0632528 -0.00517544 0.298768
718.708 610.691 -0.0632528 -0.00517544 0.298768
718.708 610.691 -0.0632528 -0.00517544 0.298768
718.708 610.691 -0.0632528 -0.00517544 0.298768
718.708 610.691 -0.0632528 -0.00517544 0.298768
718.708 610.691 -0.0632528 -0.00517544 0.298768
718.708 610.691 -0.0632528 -0.00517544 0.298768
718.708 610.691 -0.0632528 -0.00517544 0.298768
718.708 610.691 -0.0632528 -0.00517544 0.298768
718.708 610.691 -0.0632528 -0.00517544 0.298768
718.708 610.691 -0.0632528 -0.00517544 0.298768
718.708 610.691 -0.0632528 -0.00517544 0.298768
718.708 610.691 -0.0632528 -0.00517544 0.298768
718.708 610.691 -0.0632528 -0.00517544 0.298768
718.708 610.691 -0.0632528 -0.00517544 0.298768
718.708 610.691 -0.0632528 -0.00517544 0.298768
718.708 610.691 -0.0632528 -0.00517544 0.298768
718.708 610.691 -0.0632528 -0.00517544 0.298768
718.708 610.691 -0.0632528 -0.00517544 0.298768
718.708 610.691 -0.0632528 -0.00517544 0.298768
718.708 610.691 -0.0632528 -0.00517544 0.298768
718.708 610.691 -0.0632528 -0.00517544 0.298768
718.708 610.691 -0.0632528 -0.00517544 0.298768
718.708 610.691 -0.0632528 -0.00517544 0.298768
718.708 610.691 -0.0632528 -0.00517544 0.298768
718.708 610.691 -0.0632528 -0.00517544 0.298768
718.708 610.691 -0.0632528 -0.00517544 0.298768
718.708 610.691 -0.0632528 -0.00517544 0.298768
718.708 610.691 -0.0632528 -0.00517544 0.298768
718.708 610.691 -0.0632528 -0.00517544 0.298768
718.708 610.691 -0.0632528 -0.00517544 0.298768
718.708 610.691 -0.0632528 -0.00517544 0.298768
718.708 610.691 -0.0632528 -0.00517544 0.298768
718.708 610.691 -0.0632528 -0.00517544 0.298768
718.708 610.691 -0.0632528 -0.00517544 0.298768
718.708 610.691 -0.0632528 -0.00517544 0.298768
718.708 610.691 -0.0632528 -0.00517544 0.298768
718.708 610.691 -0.0632528 -0.00517544 0.298768
718.708 610.691 -0.0632528 -0.00517544 0.298768
718.708 610.691 -0.0632528 -0.00517544 0.298768
718.708 610.691 -0.0632528 -0.00517544 0.298768
718.708 610.691 -0.0632528 -0.00517544 0.298768
718.708 610.691 -0.0632528 -0.00517544 0.298768
718.708 610.691 -0.0632528 -0.00517544 0.298768
718.708 610.691 -0.0632528 -0.00517544 0.298768
718.708 610.691 -0.0632528 -0.00517544 0.298768
718.708 610.691 -0.0632528 -0.00517544 0.298768
718.708 610.691 -0.0632528 -0.00517544 0.298768
718.708 610.691 -0.0632528 -0.00517544 0.298768
718.708 610.691 -0.0632528 -0.00517544 0.298768
718.708 610.691 -0.0632528 -0.00517544 0.298768
718.708 610.691 -0.0632528 -0.00517544 0.298768
718.708 610.691 -0.0632528 -0.00517544 0.298768
718.708 610.691 -0.0632528 -0.00517544 0.298768
718.708 610.691 -0.0632528 -0.00517544 0.298768
718.708 610.691 -0.0632528 -0.00517544 0.298768
718.708 610.691 -0.0632528 -0.00517544 0.298768
718.708 610.691 -0.0632528 -0.00517544 0.298768
718.708 610.691 -0.0632528 -0.00517544 0.298768
718.708 610.691 -0.0632528 -0.00517544 0.298768
718.708 610.691 -0.0632528 -0.00517544 0.298768
718.708 610.691 -0.0632528 -0.00517544 0.298768
718.708 610.691 -0.0632528 -0.00517544 0.298768
718.708 610.691 -0.0632528 -0.00517544 0.298768
718.708 610.691 -0.0632528 -0.00517544 0.298768
718.708 610.691 -0.0632528 -0.00517544 0.298768
718.708 610.691 -0.0632528 -0.00517544 0.298768
718.708 610.691 -0.0632528 -0.00517544 0.298768
718.708 610.691 -0.0632528 -0.00517544 0.298768
718.708 610.691 -0.0632528 -0.00517544 0.298768
718.708 610.691 -0.0632528 -0.00517544 0.298768
718.708 610.691 -0.0632528 -0.00517544 0.298768
718.708 610.691 -0.0632528 -0.00517544 0.298768
718.708 610.691 -0.0632528 -0.00517544 0.298768
718.708 610.691 -0.0632528 -0.00517544 0.298768
718.708 610.691 -0.0632528 -0.00517544 0.298768
718.708 610.691 -0.0632528 -0.00517544 0.298768
718.708 610.691 -0.0632528 -0.00517544 0.298768
718.708 610.691 -0.0632528 -0.00517544 0.298768
718.708 610.691 -0.0632528 -0.00517544 0.298768
718.708 610.691 -0.0632528 -0.00517544 0.298768
718.708 610.691 -0.0632528 -0.00517544 0.298768
718.708 610.691 -0.0632528 -0.00517544 0.298768
718.708 610.691 -0.0632528 -0.00517544 0.298768
718.708 610.691 -0.0632528 -0.00517544 0.298768
718.708 610.691 -0.0632528 -0.00517544 0.298768
718.708 610.691 -0.0632528 -0.00517544 0.298768
718.708 610.691 -0.0632528 -0.00517544 0.298768
718.708 610.691 -0.0632528 -0.00517544 0.298768
718.708 610.691 -0.0632528 -0.00517544 0.298768
718.708 610.691 -0.0632528 -0.00517544 0.298768
718.708 610.691 -0.0632528 -0.00517544 0.298768
718.708 610.691 -0.0632528 -0.00517544 0.298768
718.708 610.691 -0.0632528 -0.00517544 0.298768
718.708 610.691 -0.0632528 -0.00517544 0.298768
718.708 610.691 -0.0632528 -0.00517544 0.298768
718.708 610.691 -0.0632528 -0.00517544 0.298768
718.708 610.691 -0.0632528 -0.00517544 0.298768
718.708 610.691 -0.0632528 -0.00517544 0.298768
718.708 610.691 -0.0632528 -0.00517544 0.298768
718.708 610.691 -0.0632528 -0.00517544 0.298768
718.708 610.691 -0.0632528 -0.00517544 0.298768
718.708 610.691 -0.0632528 -0.00517544 0.298768
718.708 610.691 -0.0632528 -0.00517544 0.298768
718.708 610.691 -0.0632528 -0.00517544 0.298768
718.708 610.691 -0.0632528 -0.00517544 0.298768
718.708 610.691 -0.0632528 -0.00517544 0.298768
718.708 610.691 -0.0632528 -0.00517544 0.298768
718.708 610.691 -0.0632528 -0.00517544 0.298768
718.708 610.691 -0.0632528 -0.00517544 0.298768
718.708 610.691 -0.0632528 -0.00517544 0.298768
718.708 610.691 -0.0632528 -0.00517544 0.298768
718.708 610.691 -0.0632528 -0.00517544 0.298768
718.708 610.691 -0.0632528 -0.00517544 0.298768
718.708 610.691 -0.0632528 -0.00517544 0.298768
718.708 610.691 -0.0632528 -0.00517544 0.298768
718.708 610.691 -0.0632528 -0.00517544 0.298768
718.708 610.691 -0.0632528 -0.00517544 0.298768
718.708 610.691 -0.0632528 -0.00517544 0.298768
718.708 610.691 -0.0632528 -0.00517544 0.298768
718.708 610.691 -0.0632528 -0.00517544 0.298768
718.708 610.691 -0.0632528 -0.00517544 0.298768
718.708 610.691 -0.0632528 -0.00517544 0.298768
718.708 610.691 -0.0632528 -0.00517544 0.298768
718.708 610.691 -0.0632528 -0.00517544 0.298768
718.708 610.691 -0.0632528 -0.00517544 0.298768
718.708 610.691 -0.0632528 -0.00517544 0.298768
718.708 610.691 -0.0632528 -0.00517544 0.298768
718.708 610.691 -0.0632528 -0.00517544 0.298768
718.708 610.691 -0.0632528 -0.00517544 0.298768
718.708 610.691 -0.0632528 -0.00517544 0.298768
718.708 610.691 -0.0632528 -0.00517544 0.298768
718.708 610.691 -0.0632528 -0.00517544 0.298768
718.708 610.691 -0.0632528 -0.00517544 0.298768
718.708 610.691 -0.0632528 -0.00517544 0.298768
718.708 610.691 -0.0632528 -0.00517544 0.298768
718.708 610.691 -0.0632528 -0.00517544 0.298768
718.708 610.691 -0.0632528 -0.00517544 0.298768
718.708 610.691 -0.0632528 -0.00517544 0.298768
718.708 610.691 -0.0632528 -0.00517544 0.298768
718.708 610.691 -0.0632528 -0.00517544 0.298768
718.708 610.691 -0.0632528 -0.00517544 0.298768
718.708 610.691 -0.0632528 -0.00517544 0.298768
718.708 610.691 -0.0632528 -0.00517544 0.298768
718.708 610.691 -0.0632528 -0.00517544 0.298768
718.708 610.691 -0.0632528 -0.00517544 0.298768
718.708 610.691 -0.0632528 -0.00517544 0.298768
718.708 610.691 -0.0632528 -0.00517544 0.298768
718.708 610.691 -0.0632528 -0.00517544 0.298768
718.708 610.691 -0.0632528 -0.00517544 0.298768
718.708 610.691 -0.0632528 -0.00517544 0.298768
718.708 610.691 -0.0632528 -0.00517544 0.298768
718.708 610.691 -0.0632528 -0.00517544 0.298768
718.708 610.691 -0.0632528 -0.00517544 0.298768
718.708 610.691 -0.0632528 -0.00517544 0.298768
718.708 610.691 -0.0632528 -0.00517544 0.298768
718.708 610.691 -0.0632528 -0.00517544 0.298768
718.708 610.691 -0.0632528 -0.00517544 0.298768
