659.289 277.674 0.276189 0.0289626 1.17037
906.42 512.614 0.35337 -0.050605 1.13286
812.431 91.3425 0.216975 -0.0163199 1.16965
790.653 119.779 0.223726 -0.010638 1.16775
833.466 148.562 0.164685 -0.00535939 1.05329
916.299 516.426 0.344071 -0.0507831 1.12532
929.833 379.496 0.289056 -0.0488241 1.13402
627.847 10.5936 0.205757 0.0328582 1.20396
625.732 271.851 0.221755 0.028909 1.10295
869.037 134.614 0.151221 -0.0068253 1.03482
784.048 122.24 0.225637 -0.00915552 1.17029
941.515 126.152 0.23279 -0.0540836 1.17742
630.744 235.946 0.427528 0.0867283 1.43849
788.721 113.781 0.213532 -0.00837958 1.15106
912.108 89.1769 0.224445 -0.0461944 1.18394
536.527 575.358 0.301713 0.0590708 1.08451
805.596 15.6796 0.213672 -0.019531 1.21526
522.81 264.015 0.261796 0.0673823 1.16117
763.085 145.987 -0.209159 0.00296275 0.618645
508.287 139.706 0.229958 0.0674675 1.17648
483.705 131.502 0.216516 0.0668699 1.15546
530.853 255.573 0.276781 0.0725866 1.18631
518.024 427.292 0.292976 0.0691195 1.12593
917.161 266.332 0.271345 -0.0495612 1.16392
945.288 243.013 0.258994 -0.0544756 1.15812
809.19 96.6439 0.215298 -0.0146893 1.16319
521.311 580.41 0.297155 0.0613431 1.08049
527.099 277.636 0.249388 0.0597568 1.1383
536.367 528.112 0.325162 0.0683718 1.11407
663.38 124.807 0.223865 0.0231232 1.16872
487.11 569.814 0.274806 0.0626894 1.06946
946.178 508.566 0.327945 -0.0555759 1.11722
759.929 150.452 0.342914 -0.0212316 1.3995
942.868 86.3261 0.213996 -0.0479645 1.16253
822.24 638.661 0.365903 -0.0175036 1.09665
801.642 90.1892 0.202688 -0.0101294 1.14086
525.765 416.608 0.294892 0.0682806 1.13157
935.406 97.5714 0.219787 -0.0482968 1.16839
680.456 153.642 0.242901 0.0201742 1.18765
817.054 263.54 0.254882 -0.0164163 1.14589
935.103 159.471 0.133021 -0.00746661 1.00308
668.886 107.866 0.207838 0.0198868 1.14577
528.363 126.767 0.229134 0.0625868 1.18212
942.255 124.481 0.2348 -0.0558202 1.18227
807.929 117.341 0.242641 -0.0205722 1.20711
934.983 247.49 0.265816 -0.0544194 1.16548
516.254 419.509 0.282927 0.0663941 1.11986
948.876 637.734 0.381579 -0.0618555 1.10252
793.987 247.513 0.255933 -0.011159 1.15508
941.986 249.426 0.26629 -0.0564476 1.165
498.297 424.74 0.270322 0.0660104 1.10696
935.058 390.174 0.287772 -0.0488115 1.12863
936.254 394.951 0.305308 -0.055394 1.14278
750.277 459.119 1.15539 -0.0517811 1.5766
790.409 629.861 0.39172 -0.00976524 1.11155
588.717 593.849 0.432233 0.0745508 1.14696
803.555 281.55 0.300811 -0.0204759 1.19629
944.634 538.665 0.312109 -0.0474799 1.09715
809.319 256.309 0.273175 -0.0184245 1.1739
540.094 287.686 0.255453 0.0580102 1.14157
538.738 269.986 0.28021 0.0700362 1.18273
527.674 565.994 0.29529 0.0598474 1.0832
936.121 146.459 0.246941 -0.0583619 1.19186
816.135 86.3372 -0.0505161 0.0097131 0.771884
924.268 116.593 0.22815 -0.0479431 1.17451
933.461 279.017 0.403559 -0.128681 1.32548
793.564 138.078 0.257779 -0.01822 1.22338
603.613 211.052 0.156598 0.0216355 1.03079
663.498 9.86666 0.214793 0.0243191 1.23103
661.205 120.532 0.218007 0.0229203 1.15958
493.04 269.612 0.227105 0.0589717 1.11277
923.73 622.691 0.370181 -0.0516625 1.10261
877.119 460.533 0.177667 -0.0062618 1.01286
797.397 404.366 0.284172 -0.00960337 1.12221
639.426 304.508 0.525067 0.0983609 1.46433
812.405 392.206 0.290377 -0.0151308 1.13224
815.219 279.199 0.266182 -0.0173673 1.15342
519.167 158.429 -0.0655316 0.00684011 0.75673
835.895 469.675 -0.0459512 0.00996101 0.784232
795.576 90.7298 0.214428 -0.0114148 1.16509
933.088 242.841 0.256963 -0.0501383 1.15569
955.761 106.61 0.217438 -0.0506279 1.15816
790.267 256.387 0.261851 -0.0106554 1.159
675.839 188.915 0.313233 0.0300011 1.29113
846.273 146.744 -0.0618842 0.00962069 0.760658
842.477 146.471 -0.0780494 0.00880865 0.743533
857.136 423.265 -0.0500419 0.0101346 0.778522
487.927 36.2945 0.0901025 0.0168679 0.9517
928.197 487.276 0.156648 -0.00673873 0.99076
886.192 45.7429 0.244423 -0.0596591 1.27199
650.587 267.915 0.24319 0.0268379 1.13189
887.041 44.7871 0.243701 -0.0596492 1.27088
784.867 237.321 0.250595 -0.00827921 1.15261
950.73 387.72 0.275724 -0.0485613 1.11805
793.565 125.778 0.242614 -0.0153898 1.20165
955.849 382.477 0.269685 -0.0479166 1.11409
809.06 262.964 0.250875 -0.013559 1.14104
842.881 626.094 0.236988 -0.00702528 1.03119
956.344 399.848 0.287207 -0.0534759 1.1242
539.665 558.582 0.313759 0.0624082 1.09682
