673.75 562.185 0.314454 0.0351786 0.966797
794.566 472.722 0.226078 -0.108568 1.00077
845.532 131.546 -0.137865 -0.129062 0.905096
540.771 626.707 0.301834 0.142658 0.863683
580.431 255.356 -0.0177446 0.0804716 0.787063
914.606 153.934 -0.131617 -0.212657 0.946817
552.006 325.809 0.0331117 0.114525 0.829033
821.319 546.887 0.426237 -0.18923 1.13766
782.293 411.662 0.15212 -0.0932877 1.00513
822.704 51.8849 -0.252954 -0.127887 0.986706
725.195 18.417 -0.270457 -0.0204277 0.96109
871.007 249.501 -0.0361371 -0.171974 0.948546
835.731 188.703 -0.117989 -0.158537 1.02686
911.121 45.2524 -0.234799 -0.203786 0.943568
794.528 471.413 0.224223 -0.108391 1.00033
723.292 381.141 0.107229 -0.020557 0.972946
851.412 560.524 0.305765 -0.164361 0.958188
912.366 328.917 0.0548959 -0.268556 1.0435
841.431 340.648 0.0584796 -0.144124 0.949717
548.601 190.546 -0.108598 0.182887 1.00428
545.404 124.281 -0.134897 0.135469 0.882142
565.748 253.798 -0.0290892 0.136666 0.92949
585.028 201.717 -0.101699 0.14888 1.02805
487.497 322.898 0.037232 0.202853 0.90517
666.675 596.361 0.279934 0.0322138 0.872119
659.373 502.688 0.205252 0.0412699 0.895242
639.399 576.697 0.304065 0.0674061 0.930625
566.942 351.359 0.0620634 0.12477 0.893385
890.677 99.2788 -0.214227 -0.213855 1.00888
895.161 148.75 -0.133542 -0.188763 0.937687
777.626 157.984 -0.120468 -0.0705758 0.925572
687.592 172.892 -0.0808661 0.0105651 0.826105
713.049 188.896 -0.123709 -0.00834056 1.0499
810.702 155.503 -0.101008 -0.0861488 0.852363
818.289 60.306 -0.215257 -0.11004 0.934297
709.732 142.325 -0.127814 -0.00533383 0.904825
724.982 40.9093 -0.286668 -0.0220182 1.02297
938.949 143.802 -0.157574 -0.261364 0.990492
934.898 216.221 -0.064733 -0.220626 0.918682
723.059 374.59 0.11603 -0.0222197 1.04544
934.453 473.382 0.237455 -0.29253 1.02235
911.101 327.842 0.0540129 -0.269904 1.04896
879.14 437.658 0.166628 -0.191961 0.960679
494.818 93.7427 -0.148962 0.165486 0.855647
558.065 197.673 -0.112527 0.191898 1.0518
617.095 138.774 -0.141545 0.0860672 0.935976
557.478 249.914 -0.029272 0.130362 0.890462
508.26 322.802 0.0423586 0.216284 0.969614
629.331 496.548 0.215161 0.0758901 0.925678
552.782 605.936 0.322663 0.151824 0.914088
571.754 303.666 0.0202966 0.136108 0.941924
607.578 438.574 0.145223 0.0901846 0.89903
730.088 344.925 0.0708739 -0.0293405 1.00412
838.906 144.159 -0.128476 -0.124844 0.910468
734.909 177.623 -0.106084 -0.0303874 0.941223
766.457 108.905 -0.162173 -0.0581448 0.916386
746.46 132.15 -0.109072 -0.0326136 0.821861
727.853 0.96302 -0.21652 -0.0194342 0.849758
840.646 138.821 -0.140707 -0.132668 0.931619
890.474 240.665 -0.0367863 -0.161217 0.876137
795.834 471.233 0.219137 -0.107698 0.990484
787.097 638.186 0.335529 -0.0803481 0.890672
857.033 615.738 0.350389 -0.163318 0.935
524.63 233.171 -0.0435721 0.158131 0.887771
532.425 178.934 -0.102883 0.170634 0.936561
671.943 97.2263 -0.211296 0.0384947 1.00018
535.212 241.869 -0.0289054 0.120425 0.814325
560.018 180.337 -0.0932614 0.131475 0.90378
510.174 309.853 0.0264728 0.196033 0.935196
634.004 485.372 0.222748 0.0788452 0.963647
665.37 482.788 0.22076 0.0440764 0.965715
633.027 595.317 0.27989 0.0627144 0.873288
555.164 366.058 0.0637316 0.112103 0.827184
576.354 426.126 0.161313 0.147561 0.979572
608.922 436.334 0.14579 0.0908092 0.90658
723.875 591.966 0.27375 -0.0191854 0.869476
484.21 156.069 -0.133783 0.233217 0.964537
746.065 135.08 -0.109692 -0.0329553 0.830555
958.144 331.256 0.042429 -0.231357 0.891146
902.064 139.653 -0.132524 -0.182941 0.909891
957.345 293.49 0.00827846 -0.224543 0.88301
718.153 340.7 0.0730472 -0.0157553 1.05901
776.319 160.693 -0.108858 -0.0648475 0.89503
805.985 125.99 -0.125912 -0.0832352 0.858487
818.413 0.423775 -0.219436 -0.0903388 0.853552
829.093 197.006 -0.121084 -0.166224 1.07611
578.61 365.542 0.0961057 0.152202 1.00363
948.597 208.973 -0.0638644 -0.210698 0.877095
862.687 110.946 -0.128034 -0.120264 0.832084
797.652 472.781 0.217323 -0.10814 0.982999
781.429 424.967 0.141591 -0.0784837 0.92839
723.901 377.516 0.107546 -0.0217845 0.992407
482.174 95.384 -0.167517 0.199648 0.902994
496.851 202.013 -0.0906271 0.231965 0.983631
666.381 179.569 -0.0847485 0.0301323 0.864643
529.857 261.403 -0.0178713 0.147036 0.870737
596.374 0.656433 -0.248489 0.0954104 0.902283
642.551 566.991 0.307754 0.0676429 0.9501
571.645 303.101 0.0196333 0.135262 0.93924
608.266 438.782 0.144763 0.08908 0.897223
957.872 491.237 0.21903 -0.271454 0.9454
817.961 53.0687 -0.21339 -0.105773 0.918537
718.603 336.855 0.0824201 -0.017966 1.1758
779.458 324.318 0.0604801 -0.120723 1.17253
823.845 254.765 -0.0315459 -0.12617 0.958839
696.384 228.704 -0.088829 0.0172693 1.13136
726.139 280.196 -0.0241748 -0.0369747 1.34935
738.991 350.435 0.0421911 -0.0247053 0.760032
738.138 338.711 0.0778632 -0.04695 1.11794
722.693 554.568 0.304504 -0.0206133 0.965715
722.947 370.304 0.11113 -0.0221446 1.04912
826.123 469.706 0.188258 -0.125046 0.929135
622.911 504.163 0.188849 0.068226 0.860743
673.216 464.577 0.236162 0.0436695 1.04161
637.554 576.704 0.291593 0.0660643 0.913866
541.383 43.801 -0.208066 0.142404 0.895489
658.051 50.8229 -0.179701 0.0348343 0.850567
554.48 195.775 -0.107475 0.184179 1.02328
595.996 184.16 -0.100492 0.11045 0.946209
710.666 167.802 -0.13585 -0.00558036 1.00709
557.748 300.912 0.0158621 0.128604 0.883525
679.122 434.689 0.136346 0.0216543 0.884844
945.493 209.831 -0.0660476 -0.216707 0.893356
562.79 369.292 0.0853319 0.141599 0.92805
606.746 436.332 0.140784 0.0892882 0.892615
844.164 328.517 0.0205294 -0.0684894 0.671762
884.265 494.606 0.233195 -0.201509 0.964494
778.052 355.368 0.0603112 -0.0636242 0.86188
775.028 155.663 -0.110926 -0.0625565 0.88737
802.592 83.0255 -0.230642 -0.110945 1.00657
779.348 345.336 0.0873973 -0.109376 1.11515
797.291 468.958 0.215873 -0.109144 0.989478
852.111 603.96 0.33766 -0.157911 0.935533
673.55 559.733 0.301158 0.0338783 0.95255
728.411 23.1533 -0.225819 -0.0214767 0.895267
955.649 296.928 0.0115051 -0.22963 0.894361
531.053 110.939 -0.132199 0.133208 0.845889
567.515 101.712 -0.199674 0.15215 0.98689
952.931 205.063 -0.0661695 -0.211391 0.871741
915.666 96.6767 -0.126708 -0.146816 0.801202
518.527 239.542 -0.025919 0.111904 0.761299
602.745 190.012 -0.10271 0.112542 0.978404
788.865 431.011 0.125119 -0.0737543 0.862211
710.178 152.736 -0.127751 -0.00557129 0.933613
743.173 178.225 -0.124065 -0.0435885 1.00682
749.7 85.9636 -0.133177 -0.0330942 0.800642
500.89 118.139 -0.174878 0.217305 0.970255
687.776 368.912 0.120103 0.0283401 1.09831
723.776 353.146 0.0563918 -0.0174921 0.847246
786.463 315.893 0.040603 -0.11154 1.07881
556.022 604.303 0.33726 0.156686 0.933888
898.889 510.558 0.216994 -0.1889 0.903658
876.931 184.132 -0.148854 -0.246273 1.10949
671.086 574.987 0.288593 0.0322855 0.912314
833.253 480.07 0.181477 -0.121273 0.891952
731.108 26.9374 -0.221984 -0.0238044 0.894069
798.651 444.094 0.113849 -0.0696895 0.797534
663.262 80.7217 -0.188679 0.0384573 0.91968
817.118 45.0509 -0.207428 -0.0992287 0.89458
763.837 183.862 -0.121096 -0.069372 1.01866
791.412 259.987 -0.0353982 -0.114272 1.06619
650.846 387.645 0.130127 0.0707825 1.03206
841.089 148.803 -0.147682 -0.14817 0.979129
641.989 470.57 0.227889 0.0786145 1.00895
867.715 427.984 0.175989 -0.202302 1.01565
906.757 520.2 0.211377 -0.183891 0.876813
724.265 569.857 0.283766 -0.0208013 0.913171
745.653 272.937 -0.0347382 -0.0745419 1.28751
671.388 193.415 -0.0877907 0.0322643 0.929998
572.135 160.48 -0.091489 0.0982726 0.833487
617.259 572.293 0.4263 0.134265 1.08765
828.617 452.865 0.296142 -0.219387 1.19636
838.349 181.766 -0.0955746 -0.126382 0.914756
537.963 326.665 0.0295758 0.107885 0.781272
518.821 45.9109 -0.220444 0.173713 0.921671
710.721 110.197 -0.118132 -0.00654335 0.803761
480.35 141.431 -0.157647 0.250757 0.988641
950.12 335.867 0.0537654 -0.261953 0.955505
895.85 168.858 -0.141496 -0.230816 1.02588
739.228 344.381 1.48483 -0.983227 5.53978
681.793 192.757 -0.0887937 0.0221926 0.931468
788.163 271.707 -0.0322615 -0.147587 1.23044
579.886 349.447 0.0697818 0.134152 0.957975
524.481 261.439 -0.0191204 0.160973 0.892458
562.376 252.075 -0.028914 0.132424 0.908631
925.686 290.789 0.00573853 -0.270659 1.02113
609.748 219.25 -0.0857487 0.126039 1.05331
717.686 350.665 0.0723523 -0.0140977 0.968908
777.893 406.752 0.163485 -0.0978723 1.0595
891.901 236.885 -0.0703431 -0.260779 1.08983
612.821 310.808 0.0312021 0.113617 1.01628
521.301 522.246 0.17459 0.131252 0.803773
817.927 380.176 0.117823 -0.141095 1.02359
949.968 334.53 0.0570256 -0.288347 0.998234
836.11 580.339 0.383343 -0.171357 1.02473
725.251 261.556 -0.0527288 -0.0311474 1.24888
659.112 109.58 -0.190712 0.0510127 0.984713
628.231 40.5238 -0.158277 0.047966 0.791361
939.041 257.785 -0.0416516 -0.329776 1.0914
744.001 274.325 -0.0356953 -0.0755319 1.32992
806.457 188.633 -0.114737 -0.119824 1.01519
825.458 344.556 0.0718909 -0.147419 1.01687
766.737 67.5167 -0.183008 -0.0540045 0.883525
835.535 189.319 -0.117849 -0.159017 1.02902
787.707 634.463 0.34191 -0.0831207 0.902174
722.665 380.262 0.111656 -0.0204449 0.996036
919.352 501.6 0.330546 -0.330878 1.11148
902.656 451.135 0.274274 -0.33147 1.16068
808.98 503.213 0.676844 -0.319799 1.54321
948.327 391.891 0.112226 -0.258013 0.947841
917.46 430.582 0.202343 -0.29968 1.07457
891.587 448.072 0.156129 -0.180596 0.905344
521.44 123.02 -0.159598 0.183645 0.944605
595.716 12.7093 -0.250641 0.101444 0.922268
558.663 322.276 0.0616379 0.274045 1.21541
550.597 367.373 0.099165 0.187485 1.00734
628.407 501.259 0.212665 0.0739162 0.911807
573.871 567.618 0.359242 0.168606 1.0157
629.234 419.791 0.1635 0.093273 1.00761
593.429 309.278 0.0317326 0.154929 1.06869
559.858 437.784 0.145948 0.136508 0.902802
606.506 440.857 0.146179 0.0903607 0.895682
