740.092 164.909 0.245064 -0.48354 4.94557
718.915 160.018 -0.0895163 -0.149916 5.68405
669.741 125.51 -0.115202 0.0058499 0.402335
578.149 531.388 -0.00578832 0.00900463 0.463109
675.998 245.986 0.738755 0.0754427 1.61342
705.101 244.981 0.747868 0.0205262 1.63037
639.136 194.453 0.324489 0.00974191 0.913494
951.586 485.818 0.446877 -0.0616616 0.957021
801.875 71.1919 -0.0202534 -0.00637021 0.488493
690.803 216.093 -0.0253663 0.000763093 0.471513
701.404 235.169 -0.0470458 0.000468306 0.446497
660.658 150.686 0.0468002 -0.000400996 0.550368
610.235 252.755 0.345939 0.0171951 0.92961
571.708 521.958 -0.0038704 0.00890074 0.467363
562.525 565.802 0.00323117 0.00849962 0.474187
833.507 0.347157 0.314898 -0.0235711 0.957557
814.28 187.617 0.325534 -0.0158522 0.914497
813.502 272.446 0.406284 -0.0283862 1.00218
569.764 450.724 1.08339 0.328057 1.39911
508.548 129.531 0.0996365 -0.00316348 0.608145
830.32 230.282 0.34723 -0.0213593 0.934809
712.476 544.338 1.09582 0.0301829 1.23203
796.29 520.76 0.426502 -0.0165 0.933235
838.384 613.8 0.368803 -0.0156553 0.871776
603.631 222.414 0.328574 0.0153405 0.912845
881.452 636.363 0.382207 -0.0232836 0.876551
637.688 437.286 0.346757 0.0111465 0.886495
726.757 132.187 0.58057 -0.0779056 2.57457
854.719 196.174 0.306861 -0.0169785 0.883325
596.385 220.572 0.319075 0.0145082 0.899207
855.323 618.588 0.382368 -0.0197745 0.879957
630.645 20.7665 0.305919 0.00987402 0.931639
879.717 155.912 0.2978 -0.0184853 0.876993
620.043 194.866 0.313587 0.0107435 0.896536
623.693 405.802 0.353358 0.014288 0.89968
835.523 581.448 0.399655 -0.0197504 0.89893
703.626 244.207 0.0809784 -0.00101748 0.588307
666.186 618.316 0.365626 0.00840753 0.870141
800.701 67.0692 0.342338 -0.0220331 0.992814
815.868 14.4973 0.315395 -0.020014 0.952985
682.094 484.157 0.515264 0.0172691 1.01395
548.471 20.7439 0.0737621 -0.00134839 0.578986
653.024 524.161 0.0725837 -0.0011375 0.579596
626.086 428.742 0.361581 0.0148702 0.902865
637.364 420.843 0.346222 0.011222 0.889163
647.399 442.807 0.356107 0.0107575 0.894337
804.407 415.081 0.366485 -0.0144776 0.9088
793.505 11.3022 0.0890444 -0.000248941 0.594992
616.354 459.58 0.32846 0.0114145 0.865144
835.627 121.841 0.292855 -0.0136815 0.875908
814.17 196.084 0.325452 -0.0155868 0.912116
598.747 213.73 0.317952 0.0140657 0.899096
794.553 577.078 -0.056352 -0.011044 0.355101
736.964 634.232 -0.0683082 -0.00109214 0.298257
736.964 634.232 -0.0683082 -0.00109214 0.298257
736.964 634.232 -0.0683082 -0.00109214 0.298257
736.964 634.232 -0.0683082 -0.00109214 0.298257
736.964 634.232 -0.0683082 -0.00109214 0.298257
736.964 634.232 -0.0683082 -0.00109214 0.298257
736.964 634.232 -0.0683082 -0.00109214 0.298257
736.964 634.232 -0.0683082 -0.00109214 0.298257
736.964 634.232 -0.0683082 -0.00109214 0.298257
736.964 634.232 -0.0683082 -0.00109214 0.298257
736.964 634.232 -0.0683082 -0.00109214 0.298257
736.964 634.232 -0.0683082 -0.00109214 0.298257
736.964 634.232 -0.0683082 -0.00109214 0.298257
736.964 634.232 -0.0683082 -0.00109214 0.298257
736.964 634.232 -0.0683082 -0.00109214 0.298257
736.964 634.232 -0.0683082 -0.00109214 0.298257
736.964 634.232 -0.0683082 -0.00109214 0.298257
736.964 634.232 -0.0683082 -0.00109214 0.298257
736.964 634.232 -0.0683082 -0.00109214 0.298257
736.964 634.232 -0.0683082 -0.00109214 0.298257
736.964 634.232 -0.0683082 -0.00109214 0.298257
736.964 634.232 -0.0683082 -0.00109214 0.298257
736.964 634.232 -0.0683082 -0.00109214 0.298257
736.964 634.232 -0.0683082 -0.00109214 0.298257
736.964 634.232 -0.0683082 -0.00109214 0.298257
736.964 634.232 -0.0683082 -0.00109214 0.298257
736.964 634.232 -0.0683082 -0.00109214 0.298257
736.964 634.232 -0.0683082 -0.00109214 0.298257
736.964 634.232 -0.0683082 -0.00109214 0.298257
736.964 634.232 -0.0683082 -0.00109214 0.298257
736.964 634.232 -0.0683082 -0.00109214 0.298257
736.964 634.232 -0.0683082 -0.00109214 0.298257
736.964 634.232 -0.0683082 -0.00109214 0.298257
736.964 634.232 -0.0683082 -0.00109214 0.298257
736.964 634.232 -0.0683082 -0.00109214 0.298257
736.964 634.232 -0.0683082 -0.00109214 0.298257
736.964 634.232 -0.0683082 -0.00109214 0.298257
736.964 634.232 -0.0683082 -0.00109214 0.298257
736.964 634.232 -0.0683082 -0.00109214 0.298257
736.964 634.232 -0.0683082 -0.00109214 0.298257
736.964 634.232 -0.0683082 -0.00109214 0.298257
736.964 634.232 -0.0683082 -0.00109214 0.298257
736.964 634.232 -0.0683082 -0.00109214 0.298257
736.964 634.232 -0.0683082 -0.00109214 0.298257
736.964 634.232 -0.0683082 -0.00109214 0.298257
736.964 634.232 -0.0683082 -0.00109214 0.298257
736.964 634.232 -0.0683082 -0.00109214 0.298257
736.964 634.232 -0.0683082 -0.00109214 0.298257
736.964 634.232 -0.0683082 -0.00109214 0.298257
736.964 634.232 -0.0683082 -0.00109214 0.298257
736.964 634.232 -0.0683082 -0.00109214 0.298257
736.964 634.232 -0.0683082 -0.00109214 0.298257
736.964 634.232 -0.0683082 -0.00109214 0.298257
736.964 634.232 -0.0683082 -0.00109214 0.298257
736.964 634.232 -0.0683082 -0.00109214 0.298257
736.964 634.232 -0.0683082 -0.00109214 0.298257
736.964 634.232 -0.0683082 -0.00109214 0.298257
736.964 634.232 -0.0683082 -0.00109214 0.298257
736.964 634.232 -0.0683082 -0.00109214 0.298257
736.964 634.232 -0.0683082 -0.00109214 0.298257
736.964 634.232 -0.0683082 -0.00109214 0.298257
736.964 634.232 -0.0683082 -0.00109214 0.298257
736.964 634.232 -0.0683082 -0.00109214 0.298257
736.964 634.232 -0.0683082 -0.00109214 0.298257
736.964 634.232 -0.0683082 -0.00109214 0.298257
736.964 634.232 -0.0683082 -0.00109214 0.298257
736.964 634.232 -0.0683082 -0.00109214 0.298257
736.964 634.232 -0.0683082 -0.00109214 0.298257
736.964 634.232 -0.0683082 -0.00109214 0.298257
736.964 634.232 -0.0683082 -0.00109214 0.298257
736.964 634.232 -0.0683082 -0.00109214 0.298257
736.964 634.232 -0.0683082 -0.00109214 0.298257
736.964 634.232 -0.0683082 -0.00109214 0.298257
736.964 634.232 -0.0683082 -0.00109214 0.298257
736.964 634.232 -0.0683082 -0.00109214 0.298257
736.964 634.232 -0.0683082 -0.00109214 0.298257
736.964 634.232 -0.0683082 -0.00109214 0.298257
736.964 634.232 -0.0683082 -0.00109214 0.298257
736.964 634.232 -0.0683082 -0.00109214 0.298257
736.964 634.232 -0.0683082 -0.00109214 0.298257
736.964 634.232 -0.0683082 -0.00109214 0.298257
736.964 634.232 -0.0683082 -0.00109214 0.298257
736.964 634.232 -0.0683082 -0.00109214 0.298257
736.964 634.232 -0.0683082 -0.00109214 0.298257
736.964 634.232 -0.0683082 -0.00109214 0.298257
736.964 634.232 -0.0683082 -0.00109214 0.298257
736.964 634.232 -0.0683082 -0.00109214 0.298257
736.964 634.232 -0.0683082 -0.00109214 0.298257
736.964 634.232 -0.0683082 -0.00109214 0.298257
736.964 634.232 -0.0683082 -0.00109214 0.298257
736.964 634.232 -0.0683082 -0.00109214 0.298257
736.964 634.232 -0.0683082 -0.00109214 0.298257
736.964 634.232 -0.0683082 -0.00109214 0.298257
736.964 634.232 -0.0683082 -0.00109214 0.298257
736.964 634.232 -0.0683082 -0.00109214 0.298257
736.964 634.232 -0.0683082 -0.00109214 0.298257
736.964 634.232 -0.0683082 -0.00109214 0.298257
736.964 634.232 -0.0683082 -0.00109214 0.298257
736.964 634.232 -0.0683082 -0.00109214 0.298257
736.964 634.232 -0.0683082 -0.00109214 0.298257
736.964 634.232 -0.0683082 -0.00109214 0.298257
736.964 634.232 -0.0683082 -0.00109214 0.298257
736.964 634.232 -0.0683082 -0.00109214 0.298257
736.964 634.232 -0.0683082 -0.00109214 0.298257
736.964 634.232 -0.0683082 -0.00109214 0.298257
736.964 634.232 -0.0683082 -0.00109214 0.298257
736.964 634.232 -0.0683082 -0.00109214 0.298257
736.964 634.232 -0.0683082 -0.00109214 0.298257
736.964 634.232 -0.0683082 -0.00109214 0.298257
736.964 634.232 -0.0683082 -0.00109214 0.298257
736.964 634.232 -0.0683082 -0.00109214 0.298257
736.964 634.232 -0.0683082 -0.00109214 0.298257
736.964 634.232 -0.0683082 -0.00109214 0.298257
736.964 634.232 -0.0683082 -0.00109214 0.298257
736.964 634.232 -0.0683082 -0.00109214 0.298257
736.964 634.232 -0.0683082 -0.00109214 0.298257
736.964 634.232 -0.0683082 -0.00109214 0.298257
736.964 634.232 -0.0683082 -0.00109214 0.298257
736.964 634.232 -0.0683082 -0.00109214 0.298257
736.964 634.232 -0.0683082 -0.00109214 0.298257
736.964 634.232 -0.0683082 -0.00109214 0.298257
736.964 634.232 -0.0683082 -0.00109214 0.298257
736.964 634.232 -0.0683082 -0.00109214 0.298257
736.964 634.232 -0.0683082 -0.00109214 0.298257
736.964 634.232 -0.0683082 -0.00109214 0.298257
736.964 634.232 -0.0683082 -0.00109214 0.298257
736.964 634.232 -0.0683082 -0.00109214 0.298257
736.964 634.232 -0.0683082 -0.00109214 0.298257
736.964 634.232 -0.0683082 -0.00109214 0.298257
736.964 634.232 -0.0683082 -0.00109214 0.298257
736.964 634.232 -0.0683082 -0.00109214 0.298257
736.964 634.232 -0.0683082 -0.00109214 0.298257
736.964 634.232 -0.0683082 -0.00109214 0.298257
736.964 634.232 -0.0683082 -0.00109214 0.298257
736.964 634.232 -0.0683082 -0.00109214 0.298257
736.964 634.232 -0.0683082 -0.00109214 0.298257
736.964 634.232 -0.0683082 -0.00109214 0.298257
736.964 634.232 -0.0683082 -0.00109214 0.298257
736.964 634.232 -0.0683082 -0.00109214 0.298257
736.964 634.232 -0.0683082 -0.00109214 0.298257
736.964 634.232 -0.0683082 -0.00109214 0.298257
736.964 634.232 -0.0683082 -0.00109214 0.298257
736.964 634.232 -0.0683082 -0.00109214 0.298257
736.964 634.232 -0.0683082 -0.00109214 0.298257
736.964 634.232 -0.0683082 -0.00109214 0.298257
736.964 634.232 -0.0683082 -0.00109214 0.298257
736.964 634.232 -0.0683082 -0.00109214 0.298257
736.964 634.232 -0.0683082 -0.00109214 0.298257
736.964 634.232 -0.0683082 -0.00109214 0.298257
736.964 634.232 -0.0683082 -0.00109214 0.298257
736.964 634.232 -0.0683082 -0.00109214 0.298257
736.964 634.232 -0.0683082 -0.00109214 0.298257
736.964 634.232 -0.0683082 -0.00109214 0.298257
736.964 634.232 -0.0683082 -0.00109214 0.298257
736.964 634.232 -0.0683082 -0.00109214 0.298257
736.964 634.232 -0.0683082 -0.00109214 0.298257
736.964 634.232 -0.0683082 -0.00109214 0.298257
736.964 634.232 -0.0683082 -0.00109214 0.298257
736.964 634.232 -0.0683082 -0.00109214 0.298257
736.964 634.232 -0.0683082 -0.00109214 0.298257
736.964 634.232 -0.0683082 -0.00109214 0.298257
736.964 634.232 -0.0683082 -0.00109214 0.298257
736.964 634.232 -0.0683082 -0.00109214 0.298257
736.964 634.232 -0.0683082 -0.00109214 0.298257
736.964 634.232 -0.0683082 -0.00109214 0.298257
736.964 634.232 -0.0683082 -0.00109214 0.298257
736.964 634.232 -0.0683082 -0.00109214 0.298257
736.964 634.232 -0.0683082 -0.00109214 0.298257
736.964 634.232 -0.0683082 -0.00109214 0.298257
736.964 634.232 -0.0683082 -0.00109214 0.298257
736.964 634.232 -0.0683082 -0.00109214 0.298257
736.964 634.232 -0.0683082 -0.00109214 0.298257
736.964 634.232 -0.0683082 -0.00109214 0.298257
736.964 634.232 -0.0683082 -0.00109214 0.298257
736.964 634.232 -0.0683082 -0.00109214 0.298257
736.964 634.232 -0.0683082 -0.00109214 0.298257
736.964 634.232 -0.0683082 -0.00109214 0.298257
736.964 634.232 -0.0683082 -0.00109214 0.298257
736.964 634.232 -0.0683082 -0.00109214 0.298257
736.964 634.232 -0.0683082 -0.00109214 0.298257
736.964 634.232 -0.0683082 -0.00109214 0.298257
736.964 634.232 -0.0683082 -0.00109214 0.298257
736.964 634.232 -0.0683082 -0.00109214 0.298257
736.964 634.232 -0.0683082 -0.00109214 0.298257
736.964 634.232 -0.0683082 -0.00109214 0.298257
736.964 634.232 -0.0683082 -0.00109214 0.298257
736.964 634.232 -0.0683082 -0.00109214 0.298257
736.964 634.232 -0.0683082 -0.00109214 0.298257
736.964 634.232 -0.0683082 -0.00109214 0.298257
736.964 634.232 -0.0683082 -0.00109214 0.298257
736.964 634.232 -0.0683082 -0.00109214 0.298257
736.964 634.232 -0.0683082 -0.00109214 0.298257
736.964 634.232 -0.0683082 -0.00109214 0.298257
736.964 634.232 -0.0683082 -0.00109214 0.298257
736.964 634.232 -0.0683082 -0.00109214 0.298257
736.964 634.232 -0.0683082 -0.00109214 0.298257
736.964 634.232 -0.0683082 -0.00109214 0.298257
736.964 634.232 -0.0683082 -0.00109214 0.298257
736.964 634.232 -0.0683082 -0.00109214 0.298257
736.964 634.232 -0.0683082 -0.00109214 0.298257
736.964 634.232 -0.0683082 -0.00109214 0.298257
736.964 634.232 -0.0683082 -0.00109214 0.298257
736.964 634.232 -0.0683082 -0.00109214 0.298257
736.964 634.232 -0.0683082 -0.00109214 0.298257
736.964 634.232 -0.0683082 -0.00109214 0.298257
736.964 634.232 -0.0683082 -0.00109214 0.298257
736.964 634.232 -0.0683082 -0.00109214 0.298257
736.964 634.232 -0.0683082 -0.00109214 0.298257
736.964 634.232 -0.0683082 -0.00109214 0.298257
736.964 634.232 -0.0683082 -0.00109214 0.298257
736.964 634.232 -0.0683082 -0.00109214 0.298257
736.964 634.232 -0.0683082 -0.00109214 0.298257
736.964 634.232 -0.0683082 -0.00109214 0.298257
736.964 634.232 -0.0683082 -0.00109214 0.298257
736.964 634.232 -0.0683082 -0.00109214 0.298257
736.964 634.232 -0.0683082 -0.00109214 0.298257
736.964 634.232 -0.0683082 -0.00109214 0.298257
736.964 634.232 -0.0683082 -0.00109214 0.298257
736.964 634.232 -0.0683082 -0.00109214 0.298257
736.964 634.232 -0.0683082 -0.00109214 0.298257
736.964 634.232 -0.0683082 -0.00109214 0.298257
736.964 634.232 -0.0683082 -0.00109214 0.298257
736.964 634.232 -0.0683082 -0.00109214 0.298257
736.964 634.232 -0.0683082 -0.00109214 0.298257
736.964 634.232 -0.0683082 -0.00109214 0.298257
736.964 634.232 -0.0683082 -0.00109214 0.298257
736.964 634.232 -0.0683082 -0.00109214 0.298257
736.964 634.232 -0.0683082 -0.00109214 0.298257
736.964 634.232 -0.0683082 -0.00109214 0.298257
736.964 634.232 -0.0683082 -0.00109214 0.298257
736.964 634.232 -0.0683082 -0.00109214 0.298257
736.964 634.232 -0.0683082 -0.00109214 0.298257
736.964 634.232 -0.0683082 -0.00109214 0.298257
736.964 634.232 -0.0683082 -0.00109214 0.298257
736.964 634.232 -0.0683082 -0.00109214 0.298257
736.964 634.232 -0.0683082 -0.00109214 0.298257
736.964 634.232 -0.0683082 -0.00109214 0.298257
736.964 634.232 -0.0683082 -0.00109214 0.298257
736.964 634.232 -0.0683082 -0.00109214 0.298257
736.964 634.232 -0.0683082 -0.00109214 0.298257
736.964 634.232 -0.0683082 -0.00109214 0.298257
736.964 634.232 -0.0683082 -0.00109214 0.298257
736.964 634.232 -0.0683082 -0.00109214 0.298257
736.964 634.232 -0.0683082 -0.00109214 0.298257
736.964 634.232 -0.0683082 -0.00109214 0.298257
736.964 634.232 -0.0683082 -0.00109214 0.298257
736.964 634.232 -0.0683082 -0.00109214 0.298257
736.964 634.232 -0.0683082 -0.00109214 0.298257
736.964 634.232 -0.0683082 -0.00109214 0.298257
736.964 634.232 -0.0683082 -0.00109214 0.298257
736.964 634.232 -0.0683082 -0.00109214 0.298257
736.964 634.232 -0.0683082 -0.00109214 0.298257
736.964 634.232 -0.0683082 -0.00109214 0.298257
736.964 634.232 -0.0683082 -0.00109214 0.298257
736.964 634.232 -0.0683082 -0.00109214 0.298257
736.964 634.232 -0.0683082 -0.00109214 0.298257
736.964 634.232 -0.0683082 -0.00109214 0.298257
736.964 634.232 -0.0683082 -0.00109214 0.298257
736.964 634.232 -0.0683082 -0.00109214 0.298257
736.964 634.232 -0.0683082 -0.00109214 0.298257
736.964 634.232 -0.0683082 -0.00109214 0.298257
736.964 634.232 -0.0683082 -0.00109214 0.298257
736.964 634.232 -0.0683082 -0.00109214 0.298257
736.964 634.232 -0.0683082 -0.00109214 0.298257
736.964 634.232 -0.0683082 -0.00109214 0.298257
736.964 634.232 -0.0683082 -0.00109214 0.298257
736.964 634.232 -0.0683082 -0.00109214 0.298257
736.964 634.232 -0.0683082 -0.00109214 0.298257
736.964 634.232 -0.0683082 -0.00109214 0.298257
736.964 634.232 -0.0683082 -0.00109214 0.298257
736.964 634.232 -0.0683082 -0.00109214 0.298257
736.964 634.232 -0.0683082 -0.00109214 0.298257
736.964 634.232 -0.0683082 -0.00109214 0.298257
736.964 634.232 -0.0683082 -0.00109214 0.298257
736.964 634.232 -0.0683082 -0.00109214 0.298257
736.964 634.232 -0.0683082 -0.00109214 0.298257
736.964 634.232 -0.0683082 -0.00109214 0.298257
736.964 634.232 -0.0683082 -0.00109214 0.298257
736.964 634.232 -0.0683082 -0.00109214 0.298257
736.964 634.232 -0.0683082 -0.00109214 0.298257
736.964 634.232 -0.0683082 -0.00109214 0.298257
736.964 634.232 -0.0683082 -0.00109214 0.298257
736.964 634.232 -0.0683082 -0.00109214 0.298257
736.964 634.232 -0.0683082 -0.00109214 0.298257
736.964 634.232 -0.0683082 -0.00109214 0.298257
736.964 634.232 -0.0683082 -0.00109214 0.298257
736.964 634.232 -0.0683082 -0.00109214 0.298257
736.964 634.232 -0.0683082 -0.00109214 0.298257
736.964 634.232 -0.0683082 -0.00109214 0.298257
736.964 634.232 -0.0683082 -0.00109214 0.298257
736.964 634.232 -0.0683082 -0.00109214 0.298257
736.964 634.232 -0.0683082 -0.00109214 0.298257
736.964 634.232 -0.0683082 -0.00109214 0.298257
736.964 634.232 -0.0683082 -0.00109214 0.298257
736.964 634.232 -0.0683082 -0.00109214 0.298257
736.964 634.232 -0.0683082 -0.00109214 0.298257
736.964 634.232 -0.0683082 -0.00109214 0.298257
736.964 634.232 -0.0683082 -0.00109214 0.298257
736.964 634.232 -0.0683082 -0.00109214 0.298257
736.964 634.232 -0.0683082 -0.00109214 0.298257
736.964 634.232 -0.0683082 -0.00109214 0.298257
736.964 634.232 -0.0683082 -0.00109214 0.298257
736.964 634.232 -0.0683082 -0.00109214 0.298257
736.964 634.232 -0.0683082 -0.00109214 0.298257
736.964 634.232 -0.0683082 -0.00109214 0.298257
736.964 634.232 -0.0683082 -0.00109214 0.298257
736.964 634.232 -0.0683082 -0.00109214 0.298257
736.964 634.232 -0.0683082 -0.00109214 0.298257
736.964 634.232 -0.0683082 -0.00109214 0.298257
736.964 634.232 -0.0683082 -0.00109214 0.298257
736.964 634.232 -0.0683082 -0.00109214 0.298257
736.964 634.232 -0.0683082 -0.00109214 0.298257
736.964 634.232 -0.0683082 -0.00109214 0.298257
736.964 634.232 -0.0683082 -0.00109214 0.298257
736.964 634.232 -0.0683082 -0.00109214 0.298257
736.964 634.232 -0.0683082 -0.00109214 0.298257
736.964 634.232 -0.0683082 -0.00109214 0.298257
736.964 634.232 -0.0683082 -0.00109214 0.298257
736.964 634.232 -0.0683082 -0.00109214 0.298257
736.964 634.232 -0.0683082 -0.00109214 0.298257
736.964 634.232 -0.0683082 -0.00109214 0.298257
736.964 634.232 -0.0683082 -0.00109214 0.298257
736.964 634.232 -0.0683082 -0.00109214 0.298257
736.964 634.232 -0.0683082 -0.00109214 0.298257
736.964 634.232 -0.0683082 -0.00109214 0.298257
736.964 634.232 -0.0683082 -0.00109214 0.298257
736.964 634.232 -0.0683082 -0.00109214 0.298257
736.964 634.232 -0.0683082 -0.00109214 0.298257
736.964 634.232 -0.0683082 -0.00109214 0.298257
736.964 634.232 -0.0683082 -0.00109214 0.298257
736.964 634.232 -0.0683082 -0.00109214 0.298257
736.964 634.232 -0.0683082 -0.00109214 0.298257
736.964 634.232 -0.0683082 -0.00109214 0.298257
736.964 634.232 -0.0683082 -0.00109214 0.298257
736.964 634.232 -0.0683082 -0.00109214 0.298257
736.964 634.232 -0.0683082 -0.00109214 0.298257
736.964 634.232 -0.0683082 -0.00109214 0.298257
736.964 634.232 -0.0683082 -0.00109214 0.298257
736.964 634.232 -0.0683082 -0.00109214 0.298257
736.964 634.232 -0.0683082 -0.00109214 0.298257
736.964 634.232 -0.0683082 -0.00109214 0.298257
736.964 634.232 -0.0683082 -0.00109214 0.298257
736.964 634.232 -0.0683082 -0.00109214 0.298257
736.964 634.232 -0.0683082 -0.00109214 0.298257
736.964 634.232 -0.0683082 -0.00109214 0.298257
736.964 634.232 -0.0683082 -0.00109214 0.298257
736.964 634.232 -0.0683082 -0.00109214 0.298257
736.964 634.232 -0.0683082 -0.00109214 0.298257
736.964 634.232 -0.0683082 -0.00109214 0.298257
736.964 634.232 -0.0683082 -0.00109214 0.298257
736.964 634.232 -0.0683082 -0.00109214 0.298257
736.964 634.232 -0.0683082 -0.00109214 0.298257
736.964 634.232 -0.0683082 -0.00109214 0.298257
736.964 634.232 -0.0683082 -0.00109214 0.298257
736.964 634.232 -0.0683082 -0.00109214 0.298257
736.964 634.232 -0.0683082 -0.00109214 0.298257
736.964 634.232 -0.0683082 -0.00109214 0.298257
736.964 634.232 -0.0683082 -0.00109214 0.298257
736.964 634.232 -0.0683082 -0.00109214 0.298257
736.964 634.232 -0.0683082 -0.00109214 0.298257
736.964 634.232 -0.0683082 -0.00109214 0.298257
736.964 634.232 -0.0683082 -0.00109214 0.298257
736.964 634.232 -0.0683082 -0.00109214 0.298257
736.964 634.232 -0.0683082 -0.00109214 0.298257
736.964 634.232 -0.0683082 -0.00109214 0.298257
736.964 634.232 -0.0683082 -0.00109214 0.298257
736.964 634.232 -0.0683082 -0.00109214 0.298257
736.964 634.232 -0.0683082 -0.00109214 0.298257
736.964 634.232 -0.0683082 -0.00109214 0.298257
736.964 634.232 -0.0683082 -0.00109214 0.298257
736.964 634.232 -0.0683082 -0.00109214 0.298257
736.964 634.232 -0.0683082 -0.00109214 0.298257
736.964 634.232 -0.0683082 -0.00109214 0.298257
736.964 634.232 -0.0683082 -0.00109214 0.298257
736.964 634.232 -0.0683082 -0.00109214 0.298257
736.964 634.232 -0.0683082 -0.00109214 0.298257
736.964 634.232 -0.0683082 -0.00109214 0.298257
736.964 634.232 -0.0683082 -0.00109214 0.298257
736.964 634.232 -0.0683082 -0.00109214 0.298257
736.964 634.232 -0.0683082 -0.00109214 0.298257
736.964 634.232 -0.0683082 -0.00109214 0.298257
736.964 634.232 -0.0683082 -0.00109214 0.298257
736.964 634.232 -0.0683082 -0.00109214 0.298257
736.964 634.232 -0.0683082 -0.00109214 0.298257
736.964 634.232 -0.0683082 -0.00109214 0.298257
736.964 634.232 -0.0683082 -0.00109214 0.298257
736.964 634.232 -0.0683082 -0.00109214 0.298257
736.964 634.232 -0.0683082 -0.00109214 0.298257
736.964 634.232 -0.0683082 -0.00109214 0.298257
736.964 634.232 -0.0683082 -0.00109214 0.298257
736.964 634.232 -0.0683082 -0.00109214 0.298257
736.964 634.232 -0.0683082 -0.00109214 0.298257
736.964 634.232 -0.0683082 -0.00109214 0.298257
736.964 634.232 -0.0683082 -0.00109214 0.298257
736.964 634.232 -0.0683082 -0.00109214 0.298257
736.964 634.232 -0.0683082 -0.00109214 0.298257
736.964 634.232 -0.0683082 -0.00109214 0.298257
736.964 634.232 -0.0683082 -0.00109214 0.298257
736.964 634.232 -0.0683082 -0.00109214 0.298257
736.964 634.232 -0.0683082 -0.00109214 0.298257
736.964 634.232 -0.0683082 -0.00109214 0.298257
736.964 634.232 -0.0683082 -0.00109214 0.298257
736.964 634.232 -0.0683082 -0.00109214 0.298257
736.964 634.232 -0.0683082 -0.00109214 0.298257
736.964 634.232 -0.0683082 -0.00109214 0.298257
736.964 634.232 -0.0683082 -0.00109214 0.298257
736.964 634.232 -0.0683082 -0.00109214 0.298257
736.964 634.232 -0.0683082 -0.00109214 0.298257
736.964 634.232 -0.0683082 -0.00109214 0.298257
736.964 634.232 -0.0683082 -0.00109214 0.298257
736.964 634.232 -0.0683082 -0.00109214 0.298257
736.964 634.232 -0.0683082 -0.00109214 0.298257
736.964 634.232 -0.0683082 -0.00109214 0.298257
736.964 634.232 -0.0683082 -0.00109214 0.298257
736.964 634.232 -0.0683082 -0.00109214 0.298257
736.964 634.232 -0.0683082 -0.00109214 0.298257
736.964 634.232 -0.0683082 -0.00109214 0.298257
736.964 634.232 -0.0683082 -0.00109214 0.298257
736.964 634.232 -0.0683082 -0.00109214 0.298257
736.964 634.232 -0.0683082 -0.00109214 0.298257
736.964 634.232 -0.0683082 -0.00109214 0.298257
736.964 634.232 -0.0683082 -0.00109214 0.298257
736.964 634.232 -0.0683082 -0.00109214 0.298257
736.964 634.232 -0.0683082 -0.00109214 0.298257
736.964 634.232 -0.0683082 -0.00109214 0.298257
736.964 634.232 -0.0683082 -0.00109214 0.298257
736.964 634.232 -0.0683082 -0.00109214 0.298257
736.964 634.232 -0.0683082 -0.00109214 0.298257
736.964 634.232 -0.0683082 -0.00109214 0.298257
736.964 634.232 -0.0683082 -0.00109214 0.298257
736.964 634.232 -0.0683082 -0.00109214 0.298257
736.964 634.232 -0.0683082 -0.00109214 0.298257
736.964 634.232 -0.0683082 -0.00109214 0.298257
736.964 634.232 -0.0683082 -0.00109214 0.298257
736.964 634.232 -0.0683082 -0.00109214 0.298257
736.964 634.232 -0.0683082 -0.00109214 0.298257
736.964 634.232 -0.0683082 -0.00109214 0.298257
736.964 634.232 -0.0683082 -0.00109214 0.298257
736.964 634.232 -0.0683082 -0.00109214 0.298257
736.964 634.232 -0.0683082 -0.00109214 0.298257
736.964 634.232 -0.0683082 -0.00109214 0.298257
736.964 634.232 -0.0683082 -0.00109214 0.298257
736.964 634.232 -0.0683082 -0.00109214 0.298257
736.964 634.232 -0.0683082 -0.00109214 0.298257
736.964 634.232 -0.0683082 -0.00109214 0.298257
736.964 634.232 -0.0683082 -0.00109214 0.298257
736.964 634.232 -0.0683082 -0.00109214 0.298257
736.964 634.232 -0.0683082 -0.00109214 0.298257
736.964 634.232 -0.0683082 -0.00109214 0.298257
736.964 634.232 -0.0683082 -0.00109214 0.298257
736.964 634.232 -0.0683082 -0.00109214 0.298257
736.964 634.232 -0.0683082 -0.00109214 0.298257
736.964 634.232 -0.0683082 -0.00109214 0.298257
736.964 634.232 -0.0683082 -0.00109214 0.298257
736.964 634.232 -0.0683082 -0.00109214 0.298257
736.964 634.232 -0.0683082 -0.00109214 0.298257
736.964 634.232 -0.0683082 -0.00109214 0.298257
736.964 634.232 -0.0683082 -0.00109214 0.298257
736.964 634.232 -0.0683082 -0.00109214 0.298257
736.964 634.232 -0.0683082 -0.00109214 0.298257
736.964 634.232 -0.0683082 -0.00109214 0.298257
736.964 634.232 -0.0683082 -0.00109214 0.298257
736.964 634.232 -0.0683082 -0.00109214 0.298257
736.964 634.232 -0.0683082 -0.00109214 0.298257
736.964 634.232 -0.0683082 -0.00109214 0.298257
736.964 634.232 -0.0683082 -0.00109214 0.298257
736.964 634.232 -0.0683082 -0.00109214 0.298257
736.964 634.232 -0.0683082 -0.00109214 0.298257
736.964 634.232 -0.0683082 -0.00109214 0.298257
736.964 634.232 -0.0683082 -0.00109214 0.298257
736.964 634.232 -0.0683082 -0.00109214 0.298257
736.964 634.232 -0.0683082 -0.00109214 0.298257
736.964 634.232 -0.0683082 -0.00109214 0.298257
736.964 634.232 -0.0683082 -0.00109214 0.298257
736.964 634.232 -0.0683082 -0.00109214 0.298257
736.964 634.232 -0.0683082 -0.00109214 0.298257
736.964 634.232 -0.0683082 -0.00109214 0.298257
736.964 634.232 -0.0683082 -0.00109214 0.298257
736.964 634.232 -0.0683082 -0.00109214 0.298257
736.964 634.232 -0.0683082 -0.00109214 0.298257
736.964 634.232 -0.0683082 -0.00109214 0.298257
736.964 634.232 -0.0683082 -0.00109214 0.298257
736.964 634.232 -0.0683082 -0.00109214 0.298257
736.964 634.232 -0.0683082 -0.00109214 0.298257
736.964 634.232 -0.0683082 -0.00109214 0.298257
736.964 634.232 -0.0683082 -0.00109214 0.298257
736.964 634.232 -0.0683082 -0.00109214 0.298257
736.964 634.232 -0.0683082 -0.00109214 0.298257
736.964 634.232 -0.0683082 -0.00109214 0.298257
736.964 634.232 -0.0683082 -0.00109214 0.298257
736.964 634.232 -0.0683082 -0.00109214 0.298257
736.964 634.232 -0.0683082 -0.00109214 0.298257
736.964 634.232 -0.0683082 -0.00109214 0.298257
736.964 634.232 -0.0683082 -0.00109214 0.298257
736.964 634.232 -0.0683082 -0.00109214 0.298257
736.964 634.232 -0.0683082 -0.00109214 0.298257
736.964 634.232 -0.0683082 -0.00109214 0.298257
736.964 634.232 -0.0683082 -0.00109214 0.298257
736.964 634.232 -0.0683082 -0.00109214 0.298257
736.964 634.232 -0.0683082 -0.00109214 0.298257
736.964 634.232 -0.0683082 -0.00109214 0.298257
736.964 634.232 -0.0683082 -0.00109214 0.298257
736.964 634.232 -0.0683082 -0.00109214 0.298257
736.964 634.232 -0.0683082 -0.00109214 0.298257
736.964 634.232 -0.0683082 -0.00109214 0.298257
736.964 634.232 -0.0683082 -0.00109214 0.298257
736.964 634.232 -0.0683082 -0.00109214 0.298257
736.964 634.232 -0.0683082 -0.00109214 0.298257
736.964 634.232 -0.0683082 -0.00109214 0.298257
736.964 634.232 -0.0683082 -0.00109214 0.298257
736.964 634.232 -0.0683082 -0.00109214 0.298257
736.964 634.232 -0.0683082 -0.00109214 0.298257
736.964 634.232 -0.0683082 -0.00109214 0.298257
736.964 634.232 -0.0683082 -0.00109214 0.298257
736.964 634.232 -0.0683082 -0.00109214 0.298257
736.964 634.232 -0.0683082 -0.00109214 0.298257
736.964 634.232 -0.0683082 -0.00109214 0.298257
736.964 634.232 -0.0683082 -0.00109214 0.298257
736.964 634.232 -0.0683082 -0.00109214 0.298257
736.964 634.232 -0.0683082 -0.00109214 0.298257
736.964 634.232 -0.0683082 -0.00109214 0.298257
736.964 634.232 -0.0683082 -0.00109214 0.298257
736.964 634.232 -0.0683082 -0.00109214 0.298257
736.964 634.232 -0.0683082 -0.00109214 0.298257
736.964 634.232 -0.0683082 -0.00109214 0.298257
736.964 634.232 -0.0683082 -0.00109214 0.298257
736.964 634.232 -0.0683082 -0.00109214 0.298257
736.964 634.232 -0.0683082 -0.00109214 0.298257
736.964 634.232 -0.0683082 -0.00109214 0.298257
736.964 634.232 -0.0683082 -0.00109214 0.298257
736.964 634.232 -0.0683082 -0.00109214 0.298257
736.964 634.232 -0.0683082 -0.00109214 0.298257
736.964 634.232 -0.0683082 -0.00109214 0.298257
736.964 634.232 -0.0683082 -0.00109214 0.298257
736.964 634.232 -0.0683082 -0.00109214 0.298257
736.964 634.232 -0.0683082 -0.00109214 0.298257
736.964 634.232 -0.0683082 -0.00109214 0.298257
736.964 634.232 -0.0683082 -0.00109214 0.298257
736.964 634.232 -0.0683082 -0.00109214 0.298257
736.964 634.232 -0.0683082 -0.00109214 0.298257
736.964 634.232 -0.0683082 -0.00109214 0.298257
736.964 634.232 -0.0683082 -0.00109214 0.298257
736.964 634.232 -0.0683082 -0.00109214 0.298257
736.964 634.232 -0.0683082 -0.00109214 0.298257
736.964 634.232 -0.0683082 -0.00109214 0.298257
736.964 634.232 -0.0683082 -0.00109214 0.298257
736.964 634.232 -0.0683082 -0.00109214 0.298257
736.964 634.232 -0.0683082 -0.00109214 0.298257
736.964 634.232 -0.0683082 -0.00109214 0.298257
736.964 634.232 -0.0683082 -0.00109214 0.298257
736.964 634.232 -0.0683082 -0.00109214 0.298257
736.964 634.232 -0.0683082 -0.00109214 0.298257
736.964 634.232 -0.0683082 -0.00109214 0.298257
736.964 634.232 -0.0683082 -0.00109214 0.298257
736.964 634.232 -0.0683082 -0.00109214 0.298257
736.964 634.232 -0.0683082 -0.00109214 0.298257
736.964 634.232 -0.0683082 -0.00109214 0.298257
736.964 634.232 -0.0683082 -0.00109214 0.298257
736.964 634.232 -0.0683082 -0.00109214 0.298257
736.964 634.232 -0.0683082 -0.00109214 0.298257
736.964 634.232 -0.0683082 -0.00109214 0.298257
736.964 634.232 -0.0683082 -0.00109214 0.298257
736.964 634.232 -0.0683082 -0.00109214 0.298257
736.964 634.232 -0.0683082 -0.00109214 0.298257
736.964 634.232 -0.0683082 -0.00109214 0.298257
736.964 634.232 -0.0683082 -0.00109214 0.298257
736.964 634.232 -0.0683082 -0.00109214 0.298257
736.964 634.232 -0.0683082 -0.00109214 0.298257
736.964 634.232 -0.0683082 -0.00109214 0.298257
736.964 634.232 -0.0683082 -0.00109214 0.298257
736.964 634.232 -0.0683082 -0.00109214 0.298257
736.964 634.232 -0.0683082 -0.00109214 0.298257
736.964 634.232 -0.0683082 -0.00109214 0.298257
736.964 634.232 -0.0683082 -0.00109214 0.298257
736.964 634.232 -0.0683082 -0.00109214 0.298257
736.964 634.232 -0.0683082 -0.00109214 0.298257
736.964 634.232 -0.0683082 -0.00109214 0.298257
736.964 634.232 -0.0683082 -0.00109214 0.298257
736.964 634.232 -0.0683082 -0.00109214 0.298257
736.964 634.232 -0.0683082 -0.00109214 0.298257
736.964 634.232 -0.0683082 -0.00109214 0.298257
736.964 634.232 -0.0683082 -0.00109214 0.298257
736.964 634.232 -0.0683082 -0.00109214 0.298257
736.964 634.232 -0.0683082 -0.00109214 0.298257
736.964 634.232 -0.0683082 -0.00109214 0.298257
736.964 634.232 -0.0683082 -0.00109214 0.298257
736.964 634.232 -0.0683082 -0.00109214 0.298257
736.964 634.232 -0.0683082 -0.00109214 0.298257
736.964 634.232 -0.0683082 -0.00109214 0.298257
736.964 634.232 -0.0683082 -0.00109214 0.298257
736.964 634.232 -0.0683082 -0.00109214 0.298257
736.964 634.232 -0.0683082 -0.00109214 0.298257
736.964 634.232 -0.0683082 -0.00109214 0.298257
736.964 634.232 -0.0683082 -0.00109214 0.298257
736.964 634.232 -0.0683082 -0.00109214 0.298257
736.964 634.232 -0.0683082 -0.00109214 0.298257
736.964 634.232 -0.0683082 -0.00109214 0.298257
736.964 634.232 -0.0683082 -0.00109214 0.298257
736.964 634.232 -0.0683082 -0.00109214 0.298257
736.964 634.232 -0.0683082 -0.00109214 0.298257
736.964 634.232 -0.0683082 -0.00109214 0.298257
736.964 634.232 -0.0683082 -0.00109214 0.298257
736.964 634.232 -0.0683082 -0.00109214 0.298257
736.964 634.232 -0.0683082 -0.00109214 0.298257
736.964 634.232 -0.0683082 -0.00109214 0.298257
736.964 634.232 -0.0683082 -0.00109214 0.298257
736.964 634.232 -0.0683082 -0.00109214 0.298257
736.964 634.232 -0.0683082 -0.00109214 0.298257
736.964 634.232 -0.0683082 -0.00109214 0.298257
736.964 634.232 -0.0683082 -0.00109214 0.298257
736.964 634.232 -0.0683082 -0.00109214 0.298257
736.964 634.232 -0.0683082 -0.00109214 0.298257
736.964 634.232 -0.0683082 -0.00109214 0.298257
736.964 634.232 -0.0683082 -0.00109214 0.298257
