739.946 161.599 0.242779 -0.482937 4.94497
718.569 156.448 -0.0918004 -0.149314 5.68345
672.938 137.232 -0.117486 0.0064526 0.401737
581.962 547.477 -0.00807246 0.00960733 0.462511
674.583 240.944 0.736471 0.0760454 1.61282
703.769 240.038 0.745583 0.0211289 1.62977
632.964 172.307 0.322205 0.0103446 0.912896
946.745 470.542 0.444593 -0.0610589 0.956423
806.157 87.6055 -0.0225375 -0.00576751 0.487894
694.874 231.541 -0.0276505 0.00136579 0.470915
705.125 249.164 -0.0493299 0.00107101 0.445899
666.02 175.298 0.0445161 0.000201703 0.54977
604.703 232.921 0.343655 0.0177978 0.929012
575.575 538.256 -0.00615454 0.00950344 0.466765
566.448 582.761 0.000947028 0.00910232 0.473588
808.187 165.648 0.32325 -0.0152495 0.913899
809.457 258.009 0.404 -0.0277835 1.00158
568.838 445.726 1.0811 0.32866 1.39851
518.647 160.167 0.0973523 -0.00256078 0.607546
631.775 634.844 0.348436 0.0110965 0.853269
824.893 210.844 0.344945 -0.0207566 0.93421
611.579 634.273 0.364362 0.0155757 0.864308
711 537.867 1.09353 0.0307856 1.23143
791.467 503.917 0.424218 -0.0158973 0.932636
831.636 590.451 0.366519 -0.0150526 0.871177
597.508 200.495 0.326289 0.0159432 0.912246
874.839 614.007 0.379922 -0.0226809 0.875952
631.4 414.386 0.344473 0.0117492 0.885896
726.031 127.79 0.578286 -0.0773029 2.57397
847.434 170.165 0.304577 -0.0163758 0.882727
589.788 196.961 0.316791 0.0151109 0.898608
848.897 596.586 0.380084 -0.0191718 0.879359
872.034 128.361 0.295516 -0.0178826 0.876394
613.271 170.604 0.311303 0.0113462 0.895938
617.801 384.353 0.351074 0.0148907 0.899081
829.772 561.655 0.397371 -0.0191477 0.898332
712.603 267.105 0.0786942 -0.000414781 0.587708
659.857 594.715 0.363342 0.00901023 0.869543
545.867 636.774 0.4862 0.0534147 0.936424
796.223 49.9147 0.340054 -0.0214304 0.992216
678.845 471.994 0.51298 0.0178718 1.01336
620.391 407.925 0.359297 0.0154729 0.902267
631.121 398.152 0.343937 0.0118247 0.888564
641.43 421.063 0.353823 0.0113602 0.893738
798.636 394.89 0.364201 -0.0138749 0.908202
827.814 93.6212 0.290571 -0.0130788 0.875309
808.017 173.943 0.323168 -0.0149841 0.911518
592.123 190.023 0.315668 0.0146684 0.898497
797.739 589.273 -0.0586362 -0.0104413 0.354503
