642.39 236.601 0.269999 0.0326263 1.16779
897.73 477.317 0.337086 -0.046245 1.1211
793.766 44.141 0.210866 -0.0126966 1.16678
772.52 73.418 0.217715 -0.00714464 1.16504
811.325 71.4736 0.157477 -0.00254508 1.04898
908.718 480.738 0.326872 -0.0463746 1.11266
926.637 334.372 0.268804 -0.0439999 1.11702
601.692 214.606 0.211558 0.032142 1.09572
840.566 47.1024 0.143352 -0.00340505 1.02944
766.129 75.533 0.219351 -0.0056683 1.16748
925.967 79.5299 0.225572 -0.0505502 1.17336
765.859 79.0451 0.216525 -0.00494586 1.15945
893.295 46.1311 0.219914 -0.0428659 1.18341
521.717 524.554 0.297859 0.0628441 1.08424
505.572 220.75 0.255905 0.0709079 1.15923
763.793 227.202 -0.228902 0.00717486 0.596628
484.511 89.2175 0.220024 0.0703676 1.16922
494.297 206.299 0.253114 0.074262 1.16285
916.462 588.259 0.351811 -0.0473314 1.09066
945.607 345.328 0.366347 -0.0936257 1.20876
494.655 385.662 0.280275 0.0717319 1.11664
909.849 218.289 0.256107 -0.0453545 1.15106
930.276 195.513 0.250682 -0.0509441 1.15385
790.949 47.4628 0.208685 -0.0112031 1.15985
503.229 533.079 0.289935 0.0646288 1.07677
521.392 237.243 0.255839 0.0648045 1.15053
522.068 484.027 0.319872 0.0719593 1.11271
643.303 74.6304 0.215326 0.0266213 1.16301
918.593 597.613 0.336755 -0.04326 1.08018
928.595 464.486 0.321264 -0.0519947 1.11432
749.124 124.631 0.33913 -0.0178295 1.40175
925.397 36.5618 0.207268 -0.0444131 1.15901
807.106 596.364 0.357209 -0.0140051 1.09219
535.287 631.416 0.329409 0.063584 1.07143
521.663 370.974 0.301261 0.0731061 1.14222
919.514 48.0589 0.21218 -0.0446373 1.16355
652.599 76.892 0.211371 0.0235565 1.15298
774.742 250.054 0.31923 -0.0154601 1.22373
895.912 55.0376 0.125715 -0.00370656 0.998079
671.55 637.239 0.3461 0.0278598 1.07605
647.194 51.1354 0.197825 0.023162 1.13754
507.158 79.9702 0.221319 0.065892 1.17717
932.401 66.6112 0.21974 -0.0502907 1.16865
658.639 600.36 0.355841 0.0329423 1.09223
792.726 71.7773 0.23396 -0.0169207 1.20151
917.539 205.125 0.260169 -0.0509721 1.16332
943.065 626.547 0.34654 -0.0508225 1.0761
506.571 372.667 0.283647 0.0706348 1.12464
933.359 596.062 0.372641 -0.0580128 1.09797
777.063 202.598 0.249051 -0.00771545 1.15157
937.614 198.226 0.24813 -0.0512797 1.14856
924.238 343.689 0.274649 -0.0447996 1.11951
925.252 353.029 0.292583 -0.0511335 1.13354
749.092 458.321 1.04946 -0.0457479 1.50711
772.665 577.097 0.396953 -0.00640232 1.119
585.255 546.919 0.443209 0.0796468 1.15879
781.626 601.037 0.366011 -0.00648963 1.09527
783.886 250.505 0.311242 -0.0177893 1.21225
925.531 491.327 0.305935 -0.043956 1.09449
793.348 214.99 0.267347 -0.0150803 1.17177
516.693 240.68 0.244612 0.0609724 1.13343
522.067 230.956 0.274164 0.0736439 1.18011
510.232 518.299 0.288772 0.0632139 1.08009
928.011 91.6505 0.231792 -0.0533457 1.17864
834.325 150.455 -0.0577277 0.012953 0.766234
907.292 70.0729 0.221691 -0.0444562 1.1715
891.791 261.716 0.459812 -0.142172 1.39924
787.428 57.9995 0.217082 -0.0118014 1.17261
570.965 127.58 0.149226 0.0248315 1.02601
643.122 83.3122 0.219613 0.0272521 1.16708
907.893 580.153 0.361863 -0.0479688 1.0985
850.875 380.975 0.167304 -0.00266812 1.00519
780.186 359.132 0.276751 -0.00608474 1.11827
639.024 286.843 0.556621 0.106047 1.50858
797.874 348.461 0.276882 -0.011282 1.12215
798.757 234.552 0.258314 -0.0137942 1.14888
508.757 207.767 -0.0699759 0.00995204 0.75408
851.511 543.605 -0.056136 0.0130379 0.774871
797.032 630.518 -0.0854787 0.0119443 0.740182
777.311 41.2524 0.207618 -0.0079126 1.16148
935.641 59.4543 0.212343 -0.0471991 1.15684
773.293 212.508 0.255258 -0.00714762 1.15591
660.619 149.48 0.297743 0.0332833 1.27794
847.772 198.102 -0.066746 0.0128487 0.757529
876.02 486.138 -0.0591384 0.0132859 0.77038
891.354 389.291 0.149154 -0.00310076 0.98619
872.824 6.77486 0.237813 -0.0561855 1.26914
942.685 151.624 0.316891 -0.110037 1.29929
766.807 192.627 0.245166 -0.00477044 1.15083
929.499 340.042 0.271904 -0.0454429 1.11802
776.768 83.2811 0.236368 -0.0117353 1.19911
931.458 334.729 0.268958 -0.0452641 1.11696
787.502 222.491 0.253463 -0.0103922 1.14813
814.539 552.034 0.236957 -0.00381304 1.03395
529.392 636.86 0.351661 0.0711445 1.08047
926.172 351.37 0.291759 -0.0512443 1.13341
937.035 612.427 0.352301 -0.0518062 1.08306
517.986 517.162 0.30176 0.0653885 1.08914
