641.91 225.526 0.268075 0.0327977 1.16658
897.206 465.982 0.335162 -0.0460736 1.11989
793.154 31.0485 0.208943 -0.0125251 1.16557
771.901 60.5768 0.215792 -0.00697317 1.16383
810.277 50.8484 0.155554 -0.00237361 1.04777
908.159 468.986 0.324948 -0.0462032 1.11145
926.077 321.625 0.266881 -0.0438285 1.11581
601.008 199.738 0.209635 0.0323135 1.09451
839.348 23.6674 0.141429 -0.00323358 1.02823
765.509 62.8131 0.217428 -0.00549683 1.16627
925.581 66.9313 0.223648 -0.0503787 1.17215
765.224 66.0439 0.214601 -0.0047744 1.15824
892.886 33.5778 0.217991 -0.0426944 1.1822
521.882 511.726 0.295936 0.0630155 1.08304
504.999 209.32 0.253981 0.0710794 1.15803
763.219 236.237 -0.230825 0.00734633 0.59542
483.541 76.9488 0.2181 0.0705391 1.16801
493.681 194.891 0.251191 0.0744335 1.16165
915.825 576.084 0.349888 -0.0471599 1.08945
945.206 336.216 0.364423 -0.0934542 1.20756
494.52 373.681 0.278351 0.0719034 1.11543
909.387 206.153 0.254183 -0.045183 1.14985
929.83 183.268 0.248758 -0.0507727 1.15264
790.319 34.1323 0.206762 -0.0110316 1.15864
503.426 519.801 0.288012 0.0648002 1.07556
520.861 225.588 0.253916 0.0649759 1.14932
522.203 472.604 0.317949 0.0721308 1.1115
642.506 61.8348 0.213402 0.0267928 1.1618
852.034 637.774 0.598348 -0.0707632 1.15515
640.432 631.684 0.304186 0.0322011 1.05394
917.931 584.818 0.334831 -0.0430885 1.07898
928.007 452.676 0.31934 -0.0518232 1.11311
748.786 117.275 0.337207 -0.0176581 1.40054
924.964 22.9656 0.205344 -0.0442417 1.1578
806.774 584.43 0.355286 -0.0138337 1.09098
535.711 618.543 0.327485 0.0637554 1.07023
521.514 360.092 0.299338 0.0732776 1.14101
919.087 34.7701 0.210256 -0.0444658 1.16234
651.802 63.6981 0.209447 0.0237279 1.15178
774.392 240.73 0.317307 -0.0152887 1.22252
894.337 25.8943 0.123792 -0.0035351 0.996871
671.617 624.661 0.344177 0.0280312 1.07485
646.315 36.9798 0.195901 0.0233335 1.13633
506.197 67.8823 0.219396 0.0660634 1.17596
932.009 53.6997 0.217816 -0.0501193 1.16744
658.722 588.568 0.353917 0.0331138 1.09103
917.111 193.36 0.258245 -0.0508006 1.16211
942.318 613.692 0.344617 -0.050651 1.0749
506.403 360.985 0.281724 0.0708063 1.12343
932.681 584.384 0.370718 -0.0578413 1.09676
776.548 190.454 0.247127 -0.00754398 1.15036
819.525 630.528 0.310516 -0.0106215 1.05545
937.156 185.776 0.246207 -0.0511082 1.14736
670.94 632.954 0.333854 0.0273408 1.06764
923.686 331.157 0.272725 -0.0446281 1.1183
924.734 341.274 0.29066 -0.0509621 1.13233
749.059 454.323 1.04754 -0.0455764 1.5059
772.464 566.518 0.39503 -0.00623085 1.11779
585.584 537.943 0.441285 0.0798182 1.15758
781.375 589.347 0.364087 -0.00631816 1.09406
783.524 240.867 0.309319 -0.0176179 1.21104
924.901 478.592 0.304012 -0.0437845 1.09329
792.893 203.74 0.265424 -0.0149088 1.17056
516.146 228.282 0.242689 0.0611439 1.13222
521.553 220.378 0.27224 0.0738153 1.17891
510.381 505.134 0.286849 0.0633854 1.07888
525.792 635.073 0.328511 0.0660641 1.06624
927.642 79.362 0.229868 -0.0531742 1.17744
840.635 187.355 -0.0596512 0.0131245 0.765026
906.874 57.3264 0.219767 -0.0442847 1.1703
891.646 255.397 0.457888 -0.142 1.39803
786.832 45.2758 0.215158 -0.0116299 1.1714
569.762 104.792 0.147302 0.0250029 1.0248
642.346 70.7635 0.217689 0.0274235 1.16588
907.293 568.396 0.359939 -0.0477974 1.09729
849.775 357.362 0.16538 -0.00249666 1.00398
779.749 346.784 0.274827 -0.00591327 1.11706
638.84 281.96 0.554698 0.106218 1.50737
797.423 336.211 0.274959 -0.0111105 1.12094
798.272 222.566 0.25639 -0.0136227 1.14768
518.088 246.124 -0.0718995 0.0101235 0.752872
857.771 580.568 -0.0580595 0.0132093 0.773664
776.659 27.9355 0.205694 -0.00774113 1.16027
935.216 45.9974 0.210419 -0.0470276 1.15563
772.796 200.639 0.253334 -0.00697615 1.1547
660.096 140.602 0.29582 0.0334548 1.27673
855.436 235.326 -0.0686696 0.0130202 0.756322
889.957 361.469 0.147231 -0.00292929 0.984982
522.58 636.81 0.339812 0.0700718 1.07112
942.568 142.908 0.314968 -0.109866 1.29808
766.276 180.369 0.243242 -0.00459897 1.14963
776.233 71.7205 0.234445 -0.0115638 1.1979
930.895 321.978 0.267034 -0.0450926 1.11575
787.001 210.373 0.251539 -0.0102207 1.14692
813.924 534.653 0.235033 -0.00364157 1.03274
529.9 624.689 0.349737 0.071316 1.07926
925.653 339.594 0.289836 -0.0510728 1.1322
518.154 504.605 0.299837 0.06556 1.08793
493.972 31.0913 0.203219 0.0630998 1.16139
653.837 605.708 0.320694 0.0308923 1.06896
913.322 20.0784 0.205874 -0.0421538 1.16116
807.217 496.557 0.294728 -0.0101642 1.08294
797.788 28.654 0.210116 -0.0142192 1.16975
511.987 120.84 0.251837 0.0778998 1.20925
529.114 618.064 0.35289 0.072793 1.08281
935.336 463.163 0.310613 -0.050047 1.10293
807.798 494.886 0.255051 -0.0056653 1.05546
808.45 600.7 0.344747 -0.0125214 1.08057
794.96 475.016 0.32517 -0.0112004 1.11126
559.551 241.8 0.31945 0.0786629 1.23261
792.882 614.684 0.344445 -0.00744142 1.0764
773.158 213.342 0.281909 -0.0108083 1.19002
