739.407 153.414 0.23788 -0.481894 4.94387
717.44 147.81 -0.0967003 -0.148271 5.68222
676.705 166.92 -0.122089 0.00745201 0.39998
590.585 580.926 -0.0132046 0.0105888 0.460833
673.162 229.961 0.736568 0.0775961 1.61974
702.287 229.234 0.746581 0.0222805 1.63827
622.02 113.556 0.314012 0.0115588 0.907497
808.794 129.501 -0.0280058 -0.00465214 0.485561
700.253 268.395 -0.0339011 0.00246422 0.467799
709.513 282.028 -0.0547838 0.00216749 0.443662
680.12 237.774 0.0359802 0.0013806 0.544211
587.88 172.784 0.328008 0.0185268 0.914896
585.123 572.258 -0.0111223 0.0104127 0.465334
576.494 617.014 -0.00426031 0.0100713 0.471812
802.033 114.286 0.320076 -0.0143988 0.915025
806.393 222.389 0.398995 -0.0269426 1.00054
580.992 425.734 1.13125 0.342591 1.44729
502.72 235.915 0.0850807 -0.00120964 0.597804
958.552 502.554 0.410272 -0.0483772 0.911666
625.329 574.22 0.342346 0.0122143 0.851133
813.274 173.393 0.34988 -0.0202559 0.945491
602.967 587.523 0.354442 0.0164535 0.858142
882.88 636.235 0.33075 -0.0147452 0.83334
710.704 521.167 1.0947 0.031938 1.23516
786.775 460.485 0.423132 -0.0150692 0.935665
822.55 526.088 0.367052 -0.0142082 0.875787
592.971 149.428 0.322815 0.0169947 0.913008
859.732 540.599 0.386515 -0.0224641 0.886975
624.589 359.838 0.337542 0.0127427 0.882634
724.524 116.613 0.571869 -0.0762777 2.57119
619.964 587.909 0.339601 0.0124656 0.847258
841.641 103.357 0.298666 -0.0152518 0.880433
577.027 132.071 0.307395 0.0160272 0.892023
851.271 555.613 0.367826 -0.0178596 0.870834
606.811 111.411 0.306359 0.0123125 0.894847
608.959 332.804 0.34187 0.0158153 0.893266
655.915 538.041 0.358843 0.0100358 0.868944
545.538 599.584 0.482235 0.0545139 0.936431
791.604 0.553474 0.331895 -0.0199175 0.98647
674.249 445.416 0.500672 0.0191042 1.00563
612.512 358.023 0.351013 0.0164839 0.897685
616.743 344.556 0.329099 0.0127303 0.87643
638.29 367.577 0.350201 0.0122934 0.89436
792.68 345.143 0.36227 -0.0129967 0.910597
497.092 23.7245 0.0909213 -0.00141299 0.601105
855.799 617.484 0.322444 -0.0113705 0.829825
820.82 22.3956 0.285381 -0.0120326 0.873861
802.697 117.51 0.317336 -0.013892 0.90934
587.072 135.253 0.312216 0.0157486 0.899184
571.85 56.969 0.275267 0.0105295 0.851428
794.587 137.262 0.547436 -0.0978273 1.43809
712.67 508.35 1.1667 0.0316894 1.27655
751.049 485.426 1.22177 -0.0535311 1.3326
802.924 614.585 -0.0635364 -0.00939815 0.353403
