644.223 207.582 0.262973 0.0312641 1.16525
923.554 463.16 0.30296 -0.0452887 1.09311
796.41 6.72419 0.202363 -0.0141666 1.16265
773.962 39.2245 0.210474 -0.00851742 1.16248
813.785 17.0245 0.149228 -0.00398436 1.0451
920.822 456.314 0.308437 -0.0467742 1.09936
929.612 300.562 0.260651 -0.045325 1.11342
954.341 324.727 0.267759 -0.0523884 1.1113
602.106 174.315 0.202264 0.0306067 1.09072
767.669 41.6082 0.211975 -0.00704755 1.16463
928.67 45.3825 0.218072 -0.051923 1.17036
770.886 30.1387 0.200854 -0.00630675 1.14614
895.435 12.6197 0.212768 -0.0442724 1.18086
525.582 491.278 0.290458 0.0614603 1.08129
506.91 190.886 0.248572 0.0695958 1.15634
483.103 55.3991 0.211547 0.0689263 1.16489
501.306 178.809 0.249829 0.0731703 1.16509
920.09 558.529 0.342259 -0.0485213 1.08585
947.107 320.509 0.359669 -0.0951449 1.20669
495.178 354.833 0.270752 0.0700988 1.11151
912.302 185.889 0.248577 -0.0467284 1.14801
929.111 163.403 0.246503 -0.0529872 1.15583
791.517 15.8891 0.203507 -0.0126726 1.15991
507.795 499.097 0.282889 0.0632099 1.07396
514.045 201.999 0.24047 0.0626751 1.1383
524.573 454.834 0.311201 0.0704391 1.10855
644.038 40.2672 0.207617 0.0252411 1.1597
856.33 628.906 0.584992 -0.0714863 1.14791
644.079 609.896 0.298289 0.030592 1.05181
503.538 462.025 0.290146 0.0686931 1.09063
921.77 565.823 0.327912 -0.0445407 1.07599
932.247 434.631 0.312067 -0.0531561 1.10958
750.447 104.181 0.331962 -0.0191507 1.39904
520.312 636.379 0.28758 0.0563961 1.04134
812.757 572.954 0.342249 -0.0151858 1.08272
537.909 601.026 0.319518 0.061942 1.06631
515.948 343.304 0.284821 0.0706827 1.12985
925.256 8.12056 0.202438 -0.0458091 1.15754
655.289 53.8308 0.211029 0.0226291 1.15889
787.562 207.337 0.275175 -0.0155577 1.17899
674.559 608.044 0.335729 0.0263623 1.07057
647.127 9.39657 0.188126 0.0216739 1.13169
500.302 39.0748 0.208207 0.0638675 1.16681
935.986 30.5169 0.211572 -0.0515789 1.1648
660.001 578.616 0.339814 0.0312185 1.08182
922.08 172.308 0.250833 -0.0521544 1.15809
819.648 632.372 0.315975 -0.0119485 1.05283
946.702 595.371 0.337135 -0.0520253 1.07148
923.684 639.788 0.410352 -0.0615744 1.08809
503.449 343.032 0.270888 0.0686743 1.116
943.997 579.108 0.353845 -0.0575815 1.08464
779.069 170.118 0.241249 -0.0090839 1.1482
823.396 610.267 0.303497 -0.012177 1.05239
941.041 164.372 0.23991 -0.0525668 1.14472
675.255 604.683 0.334879 0.026102 1.07114
938.563 308.644 0.256712 -0.0452937 1.10605
924.344 322.457 0.288642 -0.0529594 1.13402
751.222 451.016 1.01718 -0.0455068 1.48565
780.435 570.401 0.365772 -0.00716234 1.0959
583.724 530.719 0.423297 0.0769694 1.14533
788.269 583.55 0.345957 -0.00771325 1.08154
784.603 226.31 0.308075 -0.0193372 1.2141
926.962 457.707 0.299393 -0.045511 1.09233
795.263 184.976 0.259772 -0.0164131 1.16859
509.849 203.357 0.229715 0.0587971 1.12199
521.546 202.081 0.264764 0.072059 1.17471
525.272 630.108 0.30586 0.0603999 1.05186
514.078 484.214 0.281301 0.0618137 1.0771
528.471 616.842 0.321026 0.0642803 1.06275
930.455 58.5752 0.224474 -0.0547214 1.17587
837.088 244.934 -0.0672564 0.0107031 0.762855
909.941 35.4139 0.214099 -0.0458151 1.16839
887.703 247.126 0.466857 -0.146706 1.41265
789.492 15.4034 0.204457 -0.012445 1.16256
570.541 62.2864 0.139295 0.0230821 1.02069
644.046 50.5523 0.212407 0.0259048 1.16432
918.934 560.549 0.343275 -0.0482972 1.08574
871.625 320.716 0.145973 -0.00360303 0.987988
781.752 327.029 0.27147 -0.00754439 1.11746
638.907 272.459 0.542167 0.104109 1.49722
801.956 316.128 0.264621 -0.0124438 1.11415
800.744 202.815 0.250876 -0.0151697 1.14593
511.283 314.559 -0.0787813 0.00768453 0.751608
862.749 618.02 -0.0607875 0.0110237 0.776492
778.999 4.9362 0.199879 -0.00929537 1.15825
776.573 178.111 0.244021 -0.00847015 1.14856
662.863 130.263 0.29672 0.032371 1.28331
855.88 294.903 -0.0758063 0.0106072 0.754696
915.894 317.378 0.131015 -0.00424269 0.972506
524.771 619.842 0.331692 0.0682151 1.0671
946.481 127.242 0.308867 -0.111321 1.29508
768.608 160.105 0.237661 -0.00613538 1.1478
778.065 52.7762 0.229404 -0.0130581 1.19674
934.456 301.132 0.26085 -0.0465861 1.11332
791.734 186.574 0.240438 -0.0115747 1.13866
815.009 502.699 0.233907 -0.00549961 1.03523
531.284 608.264 0.341042 0.0695458 1.07494
926.947 320.364 0.285926 -0.0528509 1.13208
523.033 483.901 0.295596 0.0641086 1.08724
616.66 7.86259 0.197433 0.0308119 1.15596
504.726 36.318 0.20716 0.0622927 1.1659
664.173 555.766 0.349906 0.0311542 1.09467
805.345 467.797 0.301345 -0.012294 1.09226
799.565 9.79963 0.206103 -0.0158798 1.16983
512.54 102.907 0.245827 0.0763885 1.20677
531.285 601.894 0.345133 0.071043 1.07889
938.49 444.781 0.304215 -0.0513272 1.10001
804.923 461.423 0.263161 -0.00786396 1.06639
807.954 579.986 0.340524 -0.0132692 1.07968
797.871 458.583 0.316464 -0.0123396 1.10631
957.708 113.095 0.292437 -0.10635 1.27519
563.744 229.577 0.317738 0.0774744 1.23421
795.764 594.949 0.338698 -0.00896183 1.07433
773.272 195.993 0.27796 -0.0118156 1.19053
