645.367 201.216 0.262537 0.0309832 1.16588
926.753 457.06 0.302524 -0.0455696 1.09374
775.698 30.5682 0.210038 -0.00879829 1.16311
816.817 2.27423 0.148792 -0.00426522 1.04573
923.942 450.345 0.308001 -0.0470551 1.09999
932.752 293.266 0.260215 -0.0456059 1.11405
957.641 317.601 0.267322 -0.0526693 1.11193
603.247 165.191 0.201827 0.0303259 1.09135
769.355 33.0544 0.211539 -0.00732842 1.16526
931.411 36.6617 0.217636 -0.0522039 1.17099
772.685 20.8941 0.200417 -0.00658762 1.14677
897.877 3.83335 0.212332 -0.0445533 1.18149
526.919 485.655 0.290021 0.0611794 1.08192
507.359 184.396 0.248136 0.069315 1.15697
483.095 47.6592 0.211111 0.0686454 1.16552
501.686 172.42 0.249393 0.0728894 1.16572
923.241 553.224 0.341822 -0.0488022 1.08648
949.627 315.507 0.359233 -0.0954258 1.20732
496.02 348.842 0.270316 0.0698179 1.11214
915.075 178.307 0.248141 -0.0470092 1.14864
931.939 155.73 0.246067 -0.053268 1.15646
793.368 6.82945 0.203071 -0.0129534 1.16054
509.085 493.307 0.282452 0.062929 1.07459
514.584 195.123 0.240034 0.0623943 1.13893
525.772 449.725 0.310765 0.0701583 1.10918
644.957 31.8404 0.207181 0.0249603 1.16033
858.443 625.75 0.584556 -0.0717672 1.14854
646.266 604.209 0.297853 0.0303111 1.05244
504.697 456.458 0.289709 0.0684123 1.09126
925.051 560.26 0.327476 -0.0448216 1.07662
935.339 428.722 0.311631 -0.0534369 1.11021
751.39 99.6495 0.331526 -0.0194316 1.39967
522.026 630.651 0.287144 0.0561153 1.04197
815.425 567.834 0.341813 -0.0154667 1.08335
539.559 595.967 0.319082 0.0616611 1.06694
516.828 337.694 0.284385 0.0704019 1.13048
656.301 45.5206 0.210593 0.0223482 1.15952
789.407 200.99 0.274739 -0.0158386 1.17962
676.742 603.041 0.335293 0.0260814 1.0712
500.348 31.1559 0.207771 0.0635867 1.16744
938.818 21.4466 0.211135 -0.0518598 1.16543
662.029 573.718 0.339377 0.0309376 1.08245
924.844 164.811 0.250397 -0.0524352 1.15872
822.667 626.764 0.315539 -0.0122294 1.05346
950.125 589.935 0.336698 -0.0523062 1.07211
926.663 635.369 0.409916 -0.0618552 1.08872
504.294 337.042 0.270452 0.0683935 1.11663
947.245 573.949 0.353409 -0.0578623 1.08527
781.008 162.626 0.240813 -0.00936477 1.14883
826.457 604.387 0.303061 -0.0124579 1.05302
944.032 156.385 0.239474 -0.0528477 1.14535
677.434 599.666 0.334442 0.0258211 1.07177
941.83 301.181 0.256275 -0.0455746 1.10668
596.742 630.915 0.169976 0.0217976 0.974131
927.249 316.027 0.288206 -0.0532403 1.13465
752.186 449.359 1.01674 -0.0457876 1.48628
782.838 565.696 0.365336 -0.00744321 1.09653
585.185 527.051 0.422861 0.0766885 1.14596
790.834 578.531 0.345521 -0.00799412 1.08217
786.286 220.821 0.307639 -0.019618 1.21473
930.194 451.515 0.298957 -0.0457918 1.09296
797.193 178.138 0.259336 -0.016694 1.16922
510.399 195.995 0.229279 0.0585162 1.12262
522.06 196.119 0.264328 0.0717781 1.17534
526.967 624.787 0.305424 0.0601191 1.05249
515.357 478.377 0.280865 0.0615328 1.07773
530.125 611.82 0.32059 0.0639995 1.06338
933.172 50.1504 0.224038 -0.0550022 1.1765
690.533 638.344 0.313091 0.0208345 1.05089
850.694 292.301 -0.0676925 0.0104222 0.763485
912.564 26.5604 0.213663 -0.0460959 1.16902
889.275 243.595 0.466421 -0.146987 1.41328
791.314 6.41764 0.204021 -0.0127259 1.16319
571.617 46.4368 0.138858 0.0228012 1.02132
644.964 42.3777 0.211971 0.0256239 1.16495
922.078 555.262 0.342839 -0.0485781 1.08637
876.468 304.803 0.145537 -0.0038839 0.988618
783.98 320.426 0.271033 -0.00782526 1.11809
639.535 270.043 0.541731 0.103828 1.49785
804.319 309.263 0.264185 -0.0127246 1.11478
802.844 195.595 0.250439 -0.0154506 1.14656
524.227 376.583 -0.0792174 0.00740366 0.752238
778.5 170.728 0.243585 -0.00875102 1.14919
663.667 125.083 0.296284 0.0320901 1.28394
875.568 350.938 -0.0762425 0.0103263 0.755326
921.808 298.498 0.130579 -0.00452356 0.973136
526.408 615.015 0.331256 0.0679343 1.06773
948.714 121.531 0.308431 -0.111602 1.29571
937.627 293.831 0.260414 -0.046867 1.11395
793.816 178.979 0.240002 -0.0118556 1.13929
532.903 603.587 0.340606 0.0692649 1.07557
929.886 313.854 0.285489 -0.0531317 1.13271
524.331 478.415 0.295159 0.0638278 1.08787
504.793 28.3318 0.206724 0.0620118 1.16653
666.122 551.033 0.34947 0.0308733 1.0953
807.92 461.895 0.300909 -0.0125749 1.09289
512.738 96.5985 0.245391 0.0761076 1.2074
532.882 597.285 0.344697 0.0707622 1.07952
941.711 438.68 0.303779 -0.0516081 1.10064
807.759 454.451 0.262725 -0.00814483 1.06702
800.288 453.036 0.316028 -0.0126205 1.10694
564.397 224.873 0.317302 0.0771935 1.23484
798.432 589.796 0.338261 -0.0092427 1.07496
774.98 189.791 0.277524 -0.0120964 1.19116
