645.893 197.296 0.26183 0.0312901 1.16569
928.316 452.307 0.301817 -0.0452627 1.09355
776.062 25.4103 0.209331 -0.00849139 1.16292
925.459 445.695 0.307294 -0.0467482 1.0998
934.017 288.16 0.259508 -0.045299 1.11386
958.983 312.502 0.266615 -0.0523624 1.11173
603.89 159.885 0.20112 0.0306328 1.09116
769.705 27.9583 0.210832 -0.00702152 1.16507
932.082 31.1872 0.216929 -0.051897 1.1708
773.076 15.4473 0.19971 -0.00628072 1.14658
528.332 481.789 0.289314 0.0614863 1.08173
507.706 180.667 0.247428 0.0696219 1.15678
482.995 43.4783 0.210404 0.0689523 1.16533
501.972 168.774 0.248686 0.0731963 1.16553
924.936 548.735 0.341115 -0.0484953 1.08629
950.624 311.697 0.358525 -0.0951189 1.20713
496.946 345.119 0.269609 0.0701248 1.11194
916.007 173.282 0.247434 -0.0467023 1.14845
932.841 150.66 0.245359 -0.0529611 1.15627
793.727 1.45708 0.202364 -0.0126465 1.16035
510.54 489.346 0.281745 0.063236 1.0744
515.019 191.149 0.239327 0.0627012 1.13874
526.999 446.268 0.310058 0.0704652 1.10898
645.091 27.0322 0.206474 0.0252672 1.16014
859.839 622.673 0.583849 -0.0714603 1.14835
648.128 599.782 0.297146 0.030618 1.05225
505.991 452.735 0.289002 0.0687192 1.09107
926.819 555.581 0.326769 -0.0445147 1.07643
936.792 424.142 0.310924 -0.05313 1.11001
751.454 96.7007 0.330819 -0.0191247 1.39948
523.98 626.324 0.286437 0.0564222 1.04178
817.1 563.604 0.341106 -0.0151598 1.08316
541.313 592.149 0.318375 0.061968 1.06675
517.684 334.186 0.283678 0.0707088 1.13029
656.489 40.7374 0.209886 0.0226551 1.15933
790.084 196.837 0.274032 -0.0155317 1.17943
678.503 599.019 0.334586 0.0263883 1.07101
500.222 26.8691 0.207064 0.0638936 1.16725
939.498 15.7938 0.210428 -0.0515529 1.16524
663.676 569.868 0.33867 0.0312445 1.08226
925.739 159.838 0.249689 -0.0521283 1.15853
824.616 622.034 0.314831 -0.0119225 1.05327
951.962 585.216 0.335991 -0.0519993 1.07192
928.393 631.251 0.409209 -0.0615483 1.08853
505.18 333.33 0.269744 0.0687004 1.11644
948.977 569.461 0.352702 -0.0575554 1.08508
781.691 157.906 0.240106 -0.00905786 1.14863
828.386 599.538 0.302354 -0.012151 1.05283
944.996 151.12 0.238767 -0.0525408 1.14516
679.186 595.642 0.333735 0.026128 1.07158
943.155 295.946 0.255568 -0.0452677 1.10649
599.406 622.746 0.169268 0.0221045 0.97394
928.448 311.392 0.287498 -0.0529334 1.13445
752.855 447.891 1.01604 -0.0454807 1.48608
784.429 561.8 0.364628 -0.00713631 1.09634
586.522 524.265 0.422154 0.0769954 1.14577
792.521 574.379 0.344814 -0.00768721 1.08198
786.912 217.139 0.306932 -0.0193111 1.21454
797.868 173.73 0.258628 -0.0163871 1.16903
510.88 191.757 0.228572 0.0588231 1.12243
522.413 192.644 0.263621 0.072085 1.17515
528.855 620.737 0.304717 0.060426 1.0523
516.762 474.414 0.280158 0.0618397 1.07754
531.933 607.999 0.319882 0.0643064 1.06319
933.852 44.8136 0.223331 -0.0546953 1.17631
692.478 633.909 0.312384 0.0211414 1.0507
851.748 301.869 -0.0683998 0.0107291 0.763294
913.184 21.0613 0.212956 -0.045789 1.16883
889.797 240.9 0.465714 -0.14668 1.41309
791.66 1.08746 0.203313 -0.012419 1.163
572.383 37.962 0.138151 0.0231081 1.02113
645.109 37.6893 0.211264 0.0259308 1.16475
923.775 550.782 0.342132 -0.0482712 1.08618
878.817 295.012 0.14483 -0.003577 0.988427
785.076 315.919 0.270326 -0.00751836 1.1179
639.802 268.418 0.541024 0.104135 1.49766
805.433 304.592 0.263478 -0.0124177 1.11459
803.631 190.936 0.249732 -0.0151437 1.14637
525.417 386.774 -0.0799247 0.00771056 0.752047
779.193 166.059 0.242878 -0.00844412 1.149
663.795 121.897 0.295577 0.032397 1.28375
878.083 360.116 -0.0769497 0.0106332 0.755135
924.589 287.073 0.129871 -0.00421666 0.972944
528.207 611.322 0.330549 0.0682411 1.06754
949.296 117.571 0.307724 -0.111295 1.29552
938.9 288.713 0.259706 -0.0465601 1.11376
794.583 174.153 0.239295 -0.0115487 1.1391
534.644 600.015 0.339899 0.0695718 1.07537
931.093 309.172 0.284782 -0.0528248 1.13252
525.702 474.657 0.294452 0.0641347 1.08768
504.667 24.0053 0.206016 0.0623187 1.16634
667.669 547.345 0.348763 0.0311802 1.09511
809.391 457.45 0.300201 -0.012268 1.0927
512.725 93.0745 0.244683 0.0764145 1.20721
534.593 593.776 0.343989 0.0710691 1.07933
943.231 433.947 0.303071 -0.0513012 1.10045
809.368 449.367 0.262017 -0.00783793 1.06682
801.672 448.846 0.315321 -0.0123136 1.10675
564.754 222.011 0.316594 0.0775004 1.23465
800.179 585.512 0.337554 -0.00893579 1.07477
775.585 185.762 0.276817 -0.0117895 1.19097
752.416 61.2284 0.306839 -0.0192267 1.39412
900.276 52.5319 0.228524 -0.0474726 1.18399
860.545 214.595 0.338553 -0.0625653 1.25938
651.953 635.855 0.278335 0.0274945 1.0342
714.89 407.139 2.04409 0.09076 1.98999
944.078 6.83065 0.202475 -0.04831 1.15194
517.873 330.42 0.285296 0.0715823 1.13359
652.51 629.25 0.29249 0.0289086 1.04273
771.177 272.716 1.3113 -0.414102 2.71666
521.559 319.051 0.264074 0.0628534 1.11564
