647.72 192.74 0.260325 0.0303942 1.16598
931.478 448.562 0.300312 -0.0461586 1.09384
778.69 19.3484 0.207826 -0.00938729 1.16321
928.558 441.991 0.305788 -0.0476441 1.10008
937.432 283.563 0.258003 -0.0461949 1.11415
605.89 153.973 0.199615 0.0297369 1.09145
772.282 21.9513 0.209327 -0.00791742 1.16536
935.602 25.1632 0.215424 -0.0527929 1.17109
775.79 9.07709 0.198205 -0.00717662 1.14687
530.043 477.936 0.287809 0.0605904 1.08202
510.992 175.215 0.246903 0.0687115 1.15897
481.689 33.0033 0.206257 0.0674316 1.16246
503.24 164.066 0.247181 0.0723004 1.16582
927.867 545.443 0.33961 -0.0493912 1.08658
953.379 308.253 0.35702 -0.0960148 1.20742
498.42 340.908 0.268104 0.0692289 1.11223
919.294 168.238 0.245929 -0.0475982 1.14874
936.218 145.517 0.243854 -0.053857 1.15656
512.226 485.426 0.28024 0.0623401 1.07468
516.419 186.266 0.237822 0.0618053 1.13903
528.603 442.579 0.308553 0.0695693 1.10927
647.011 21.0423 0.204969 0.0243713 1.16043
861.604 620.222 0.582344 -0.0723562 1.14864
650.334 596.15 0.295641 0.0297221 1.05254
507.598 448.851 0.287497 0.0678233 1.09136
929.864 552.201 0.325264 -0.0454106 1.07672
939.897 420.437 0.309419 -0.0540259 1.1103
753.098 92.9709 0.329314 -0.0200206 1.39977
525.863 622.597 0.284932 0.0555263 1.04207
819.624 560.291 0.339601 -0.0160557 1.08345
543.127 588.61 0.31687 0.0610721 1.06704
519.166 330.141 0.282173 0.0698129 1.13058
658.467 34.8489 0.208381 0.0217592 1.15962
792.484 192.374 0.272527 -0.0164276 1.17972
680.642 595.638 0.333081 0.0254924 1.0713
501.413 21.0729 0.205559 0.0629977 1.16754
943.131 9.55296 0.208923 -0.0524488 1.16553
665.724 566.488 0.337165 0.0303486 1.08255
929.332 153.238 0.247536 -0.052959 1.15861
827.381 618.62 0.313326 -0.0128184 1.05356
955.069 581.944 0.334486 -0.0528952 1.0722
930.984 628.366 0.407704 -0.0624442 1.08882
506.663 329.106 0.268239 0.0678045 1.11673
951.944 566.273 0.351197 -0.0584513 1.08537
784.273 152.794 0.238601 -0.00995377 1.14892
831.232 596.01 0.300848 -0.0130469 1.05312
948.524 145.837 0.237262 -0.0534367 1.14545
681.327 592.255 0.33223 0.0252321 1.07187
946.673 291.301 0.254063 -0.0461636 1.10678
602.187 617.68 0.167763 0.0212086 0.974229
925.592 304.779 0.290752 -0.0542598 1.14095
753.769 446.317 1.01453 -0.0463766 1.48637
786.718 558.611 0.363123 -0.00803221 1.09663
588.115 521.284 0.420649 0.0760995 1.14606
794.948 571.088 0.343309 -0.00858312 1.08227
789.101 213.15 0.305427 -0.020207 1.21483
800.393 168.977 0.257123 -0.017283 1.16932
512.314 186.651 0.227067 0.0579272 1.12272
500.218 637.199 0.314101 0.0695822 1.05309
518.685 181.864 0.25539 0.0700519 1.16862
530.704 617.126 0.303212 0.0595301 1.05258
518.452 470.463 0.278653 0.0609438 1.07783
533.741 604.474 0.318377 0.0634105 1.06348
937.322 38.9772 0.221826 -0.0555912 1.1766
694.796 630.431 0.310879 0.0202455 1.05099
874.99 271.013 -0.0699048 0.00983324 0.763583
916.615 14.9333 0.211451 -0.0466849 1.16912
891.752 238.142 0.464209 -0.147576 1.41338
586.726 50.7361 0.140744 0.0216182 1.02405
647.006 31.8519 0.209759 0.0250349 1.16504
926.695 547.499 0.340627 -0.0491671 1.08647
861.642 311.679 0.155397 -0.0041906 0.998518
787.656 311.591 0.268821 -0.00841426 1.11819
640.816 266.179 0.539519 0.103239 1.49794
809.84 298.399 0.257488 -0.0130869 1.11064
806.294 186.049 0.248227 -0.0160396 1.14666
554.358 339.438 -0.0814297 0.00681466 0.752336
782.751 156.647 0.237253 -0.00913916 1.1449
666.431 115.508 0.295374 0.0312857 1.2894
910.462 318.541 -0.0784548 0.00973732 0.755424
948.508 311.057 0.121802 -0.00440291 0.963209
529.989 607.856 0.329044 0.0673452 1.06783
952.156 113.331 0.306219 -0.112191 1.29581
942.342 284.118 0.258201 -0.047456 1.11405
798.255 165.259 0.234057 -0.0121718 1.13541
538.515 591.176 0.338744 0.068389 1.07748
931.695 302.681 0.28452 -0.0537303 1.13517
527.382 470.846 0.292947 0.0632388 1.08797
505.88 18.1698 0.204511 0.0614228 1.16663
669.664 544.017 0.347258 0.0302843 1.09539
812.033 453.693 0.298696 -0.0131639 1.09299
513.896 88.2496 0.243178 0.0755186 1.20749
490.85 314.968 0.237073 0.0597895 1.08884
536.684 587.343 0.340528 0.0696396 1.0796
946.439 430.183 0.301566 -0.0521971 1.10073
812.294 445.181 0.260512 -0.00873383 1.06711
804.174 445.216 0.313816 -0.0132095 1.10704
566.069 218.291 0.315089 0.0766045 1.23494
802.682 582.189 0.336049 -0.0098317 1.07506
777.875 181.338 0.275312 -0.0126854 1.19126
754.955 55.2228 0.306484 -0.0213375 1.40222
903.48 46.8741 0.227019 -0.0483685 1.18428
860.014 206.671 0.338295 -0.0634298 1.26545
654.3 632.137 0.27683 0.0265986 1.03449
715.922 399.686 2.09141 0.0877959 2.05172
517.305 325.091 0.279487 0.0696369 1.12995
654.784 625.623 0.290985 0.0280127 1.04301
772.198 268.357 1.28648 -0.41633 2.72659
523.095 314.728 0.262569 0.0619575 1.11593
