739.193 146.89 0.234944 -0.481204 4.94502
716.622 141.188 -0.0996272 -0.14758 5.68311
678.743 190.267 -0.124552 0.00807441 0.400081
570.722 276.824 0.302874 0.0165321 0.854161
608.317 585.177 -0.0177828 0.0111608 0.459998
704.15 223.799 0.762977 0.023371 1.66914
632.345 66.1833 0.310408 0.0122545 0.907874
514.65 585.524 0.00370717 0.0118098 0.494511
814.668 157.372 -0.0308956 -0.00394873 0.485956
709.16 290.334 -0.0361502 0.00307782 0.469029
715.099 302.927 -0.0573475 0.00279984 0.444466
752.906 249.793 0.0343645 0.00195013 0.546294
593.569 125.625 0.321172 0.0190983 0.911193
521.23 341.777 0.00203851 0.00985633 0.508128
603.639 576.714 -0.0155207 0.0109774 0.464755
598.847 617.108 -0.00923831 0.010656 0.470394
816.828 65.4799 0.315529 -0.0136734 0.914212
814.412 194.174 0.397295 -0.0264542 1.00356
645.071 523.469 0.343991 0.0130352 0.856796
824.778 135.563 0.346694 -0.0195998 0.946474
615.965 553.202 0.347937 0.0169695 0.85562
899.292 573.995 0.333385 -0.0144691 0.839859
714.772 505.608 1.11284 0.0327525 1.2521
795.529 427.61 0.42623 -0.0147245 0.943276
939.257 633.799 0.523648 -0.0627686 0.934736
841.631 491.136 0.360694 -0.0133913 0.873422
593.872 91.5237 0.311573 0.01746 0.903757
858.231 482.584 0.402637 -0.023026 0.907772
724.191 101.032 0.552891 -0.0727954 2.52499
640.971 534.558 0.34055 0.0131606 0.852509
854.759 57.6995 0.299617 -0.0147922 0.886435
596.245 94.0656 0.309789 0.0167391 0.899865
870.822 521.571 0.361092 -0.016785 0.868132
618.76 61.7541 0.303345 0.0129866 0.896014
670.916 498.63 0.355462 0.0106848 0.869689
557.983 572.069 0.482737 0.0552773 0.940868
683.385 420.13 0.507437 0.019804 1.01705
625.312 319.256 0.34907 0.0171601 0.900061
634.796 300.651 0.330705 0.0134476 0.882716
645.455 328.521 0.339639 0.0129323 0.887113
800.372 309.431 0.371998 -0.0130544 0.925885
591.678 76.6705 0.303672 0.0162615 0.893341
857.871 606.491 0.0825669 0.00354613 0.603198
918.371 603.598 0.300914 -0.0103896 0.812978
612.002 321.363 0.312637 0.0136935 0.858423
805.907 625.426 -0.0664723 -0.00870737 0.35455
