673.751 555.104 0.312401 0.0347709 0.968764
794.566 466.251 0.224025 -0.108975 1.00273
846.67 122.139 -0.139917 -0.129469 0.907063
540.928 618.717 0.299781 0.14225 0.86565
579.142 246.35 -0.0197973 0.080064 0.78903
916.356 145.173 -0.13367 -0.213065 0.948784
550.861 317.815 0.031059 0.114117 0.831
821.014 540.501 0.424184 -0.189637 1.13962
782.383 405.289 0.150068 -0.0936953 1.0071
823.852 41.72 -0.255007 -0.128295 0.988674
725.16 7.45161 -0.27251 -0.0208354 0.963057
871.982 241.897 -0.0381898 -0.172382 0.950513
836.644 181.002 -0.120041 -0.158945 1.02883
913.342 34.6339 -0.236852 -0.204194 0.945535
794.531 464.943 0.22217 -0.108799 1.00229
723.231 374.528 0.105176 -0.0209646 0.974913
851.2 553.42 0.303713 -0.164768 0.960155
913.19 322.539 0.0528432 -0.268964 1.04547
841.919 333.709 0.0564268 -0.144532 0.951684
547.128 182.798 -0.110651 0.182479 1.00625
543.507 114.659 -0.13695 0.135061 0.884109
564.594 246.153 -0.0311419 0.136258 0.931457
583.906 194.253 -0.103752 0.148473 1.03002
486.172 315.58 0.0351793 0.202445 0.907137
666.607 588.638 0.277882 0.0318061 0.874086
659.203 495.544 0.2032 0.0408622 0.897209
639.423 569.363 0.302012 0.0669984 0.932592
566.107 344.077 0.0600107 0.124362 0.895352
892.459 90.1025 -0.21628 -0.214263 1.01085
896.743 139.849 -0.135595 -0.189171 0.939654
778.053 149.152 -0.122521 -0.0709835 0.927539
687.11 163.361 -0.0829188 0.0101574 0.828072
712.937 181.38 -0.125762 -0.00874822 1.05187
811.413 145.972 -0.103061 -0.0865564 0.85433
819.33 49.9425 -0.21731 -0.110448 0.936264
709.507 133.119 -0.129867 -0.0057415 0.906792
724.97 30.783 -0.288721 -0.0224259 1.02494
941.003 135.205 -0.159627 -0.261772 0.992459
936.518 208.018 -0.0667858 -0.221034 0.920649
723.023 368.413 0.113977 -0.0226273 1.04741
934.538 467.012 0.235403 -0.292938 1.02432
911.922 321.492 0.0519602 -0.270312 1.05093
879.407 431.008 0.164575 -0.192368 0.962646
492.232 83.4101 -0.151015 0.165078 0.857614
556.731 190.321 -0.11458 0.19149 1.05377
615.993 129.801 -0.143598 0.0856595 0.937943
556.196 241.905 -0.0313248 0.129954 0.892429
507.167 315.974 0.0403059 0.215876 0.971581
629.168 489.605 0.213108 0.0754825 0.927645
553.005 598.306 0.32061 0.151417 0.916055
570.845 296.507 0.0182438 0.1357 0.943891
607.184 431.54 0.14317 0.0897769 0.900997
730.068 338.4 0.0688212 -0.0297482 1.00608
839.944 134.987 -0.130529 -0.125252 0.912435
734.939 169.193 -0.108137 -0.0307951 0.94319
766.826 99.2653 -0.164226 -0.0585524 0.918353
746.54 121.992 -0.111125 -0.0330213 0.823828
841.725 129.743 -0.14276 -0.133076 0.933586
891.639 232.358 -0.038839 -0.161625 0.878104
795.841 464.712 0.217084 -0.108106 0.992452
786.856 630.196 0.333476 -0.0807558 0.892639
856.654 608.102 0.348336 -0.163725 0.936967
523.037 224.982 -0.0456249 0.157724 0.889738
530.705 170.541 -0.104936 0.170227 0.938528
671.348 88.0375 -0.213349 0.038087 1.00215
533.593 233.043 -0.0309582 0.120017 0.816292
558.503 171.681 -0.0953141 0.131067 0.905747
508.956 302.694 0.0244201 0.195625 0.937163
633.877 478.674 0.220695 0.0784375 0.965614
665.26 476.108 0.218707 0.0436688 0.967682
632.991 587.606 0.277837 0.0623068 0.875255
554.181 358.262 0.0616788 0.111695 0.829151
575.994 419.623 0.15926 0.147154 0.98154
608.538 429.353 0.143738 0.0904015 0.908547
723.755 584.261 0.271697 -0.0195931 0.871443
481.974 147.605 -0.135836 0.232809 0.966504
746.147 125.057 -0.111745 -0.0333629 0.832522
959.324 323.787 0.0403762 -0.231764 0.893113
903.745 130.391 -0.134576 -0.183349 0.911858
958.738 285.698 0.0062257 -0.22495 0.884977
718.103 334.5 0.0709944 -0.0161629 1.06098
776.715 151.64 -0.11091 -0.0652551 0.896997
806.708 116.091 -0.127964 -0.0836429 0.860454
829.935 189.716 -0.123137 -0.166632 1.07807
578.056 359.108 0.094053 0.151794 1.0056
950.379 200.318 -0.0659171 -0.211105 0.879062
864.03 100.536 -0.130087 -0.120672 0.834051
797.661 466.216 0.21527 -0.108548 0.984966
781.503 418.113 0.139539 -0.0788914 0.930357
723.85 371.021 0.105493 -0.0221922 0.994374
495.013 194.27 -0.0926799 0.231558 0.985599
665.752 170.517 -0.0868013 0.0297246 0.86661
528.399 253.325 -0.0199241 0.146628 0.872704
642.581 559.807 0.305701 0.0672353 0.952067
570.729 295.917 0.0175805 0.134854 0.941207
607.871 431.735 0.14271 0.0886723 0.89919
958.023 484.404 0.216977 -0.271862 0.947367
819.004 42.4504 -0.215442 -0.106181 0.920505
718.585 331.261 0.0803674 -0.0183736 1.17776
779.68 318.647 0.0584273 -0.121131 1.1745
824.469 247.3 -0.0335986 -0.126578 0.960806
696.19 222.124 -0.0908818 0.0168617 1.13333
726.18 275.041 -0.0262275 -0.0373823 1.35131
738.87 341.831 0.0401383 -0.025113 0.761999
738.18 332.829 0.0758104 -0.0473577 1.1199
722.625 547.536 0.302451 -0.0210209 0.967682
722.912 364.139 0.109078 -0.0225523 1.05108
826.205 462.834 0.186206 -0.125454 0.931102
622.64 496.797 0.186796 0.0678183 0.86271
673.153 458.342 0.234109 0.0432618 1.04357
637.551 569.3 0.28954 0.0656567 0.915833
539.119 32.929 -0.210118 0.141996 0.897456
657.148 39.6414 -0.181753 0.0344266 0.852534
553.091 188.218 -0.109528 0.183772 1.02525
594.843 175.892 -0.102545 0.110042 0.948176
710.512 159.732 -0.137902 -0.00598803 1.00905
556.655 293.257 0.0138093 0.128197 0.885492
678.888 427.543 0.134293 0.0212466 0.886811
947.24 201.334 -0.0681003 -0.217114 0.895323
562.073 362.352 0.0832791 0.141191 0.930017
606.331 429.251 0.138731 0.0888806 0.894582
844.748 318.588 0.0184766 -0.0688971 0.673729
884.295 487.871 0.231142 -0.201917 0.966461
778.204 347.804 0.0582585 -0.0640318 0.863847
775.414 146.473 -0.112979 -0.0629642 0.889337
803.444 73.5795 -0.232695 -0.111353 1.00854
779.533 339.456 0.0853446 -0.109784 1.11712
797.305 462.437 0.213821 -0.109552 0.991445
851.782 596.431 0.335607 -0.158319 0.9375
673.532 552.61 0.299105 0.0334706 0.954517
728.377 11.8066 -0.227871 -0.0218843 0.897234
957.002 289.261 0.00945238 -0.230038 0.896328
528.913 100.774 -0.134252 0.1328 0.847856
565.824 92.5485 -0.201727 0.151743 0.988857
954.772 196.312 -0.0682223 -0.211799 0.873708
917.627 85.6906 -0.128761 -0.147223 0.803169
516.629 230.085 -0.0279718 0.111497 0.763266
601.691 182.058 -0.104763 0.112134 0.980371
788.957 423.678 0.123066 -0.074162 0.864178
709.978 143.916 -0.129804 -0.00597895 0.93558
743.303 170.283 -0.126118 -0.0439961 1.00878
749.82 74.8491 -0.135229 -0.0335019 0.802609
498.593 109.149 -0.176931 0.216897 0.972222
687.654 363.021 0.11805 0.0279324 1.10028
723.645 345.449 0.0543391 -0.0178998 0.849213
786.733 309.681 0.0385502 -0.111948 1.08077
556.293 596.756 0.335207 0.156278 0.935855
898.956 503.429 0.214941 -0.189308 0.905625
878.233 176.855 -0.150907 -0.246681 1.11146
671.042 567.588 0.286541 0.0318779 0.914281
833.345 472.943 0.179424 -0.12168 0.893919
731.106 15.655 -0.224037 -0.0242121 0.896036
798.76 436.234 0.111796 -0.0700972 0.799501
662.511 70.6707 -0.190732 0.0380497 0.921647
818.152 34.0906 -0.209481 -0.0996364 0.896547
764.144 176.066 -0.123149 -0.0697796 1.02063
791.818 253.307 -0.037451 -0.11468 1.06816
650.608 381.423 0.128074 0.0703749 1.03403
842.16 140.231 -0.149735 -0.148578 0.981096
641.891 464.156 0.225836 0.0782069 1.01091
867.944 421.664 0.173937 -0.20271 1.01762
906.838 512.88 0.209324 -0.184299 0.87878
724.171 562.496 0.281714 -0.021209 0.915138
745.793 267.481 -0.036791 -0.0749496 1.28948
670.874 185.11 -0.0898434 0.0318567 0.931965
570.566 150.895 -0.0935418 0.0978649 0.835454
617.577 565.512 0.424247 0.133858 1.08961
828.577 447.32 0.294089 -0.219794 1.19833
839.279 173.143 -0.0976274 -0.126789 0.916723
536.609 318.183 0.027523 0.107478 0.783239
570.687 154.899 -0.0961075 0.104035 0.856087
931.609 126.137 -0.101681 -0.156862 0.801259
890.778 444.785 0.147859 -0.168919 0.881793
922.324 529.839 0.195934 -0.1737 0.828229
912.987 141.545 -0.107566 -0.167872 0.857231
487.543 522.029 0.196555 0.172348 0.839559
530.216 373.918 0.0701816 0.123312 0.811377
776.016 81.1919 -0.194606 -0.0712583 0.948909
835.631 66.344 -0.181707 -0.114764 0.894105
698.064 250.06 -0.0254027 0.00446698 0.903222
598.809 307.996 0.0281763 0.0988614 0.913325
922.639 159.514 -0.075897 -0.144936 0.785335
708.572 266.978 -0.0141256 -0.00423739 0.986912
709.94 92.4187 -0.101035 -0.00682506 0.736849
486.324 296.812 0.0166502 0.1829 0.871572
527.1 14.4189 -0.201815 0.135532 0.856028
514.151 386.443 0.099541 0.173737 0.896949
556.588 433.219 0.141053 0.133289 0.890323
516.316 35.2955 -0.222497 0.173305 0.923638
710.413 99.5199 -0.120185 -0.00695101 0.805728
951.161 328.929 0.0517127 -0.26236 0.957472
897.372 160.87 -0.143548 -0.231224 1.02784
739.198 343.127 1.48278 -0.983635 5.54175
681.366 184.453 -0.0908465 0.021785 0.933435
788.534 265.986 -0.0343142 -0.147995 1.2324
579.211 342.649 0.067729 0.133744 0.959942
523.027 253.558 -0.0211732 0.160565 0.894425
561.164 244.242 -0.0309667 0.132016 0.910598
926.804 284.036 0.00368578 -0.271067 1.02309
608.887 212.139 -0.0878015 0.125631 1.05528
717.6 343.927 0.0702996 -0.0145054 0.970875
777.975 400.684 0.161433 -0.09828 1.06147
893.066 230.104 -0.0723958 -0.261187 1.09179
612.233 304.215 0.0291493 0.113209 1.01824
520.762 514.45 0.172537 0.130844 0.80574
818.182 373.869 0.11577 -0.141503 1.02555
950.975 327.883 0.0549729 -0.288755 1.0002
835.774 573.311 0.38129 -0.171765 1.0267
725.278 255.849 -0.0547815 -0.0315551 1.25085
658.394 100.5 -0.192765 0.0506051 0.98668
626.894 28.5535 -0.16033 0.0475583 0.793328
940.412 251.2 -0.0437043 -0.330184 1.09336
744.134 269.05 -0.037748 -0.0759396 1.33188
807.118 180.862 -0.11679 -0.120232 1.01716
825.842 338.097 0.0698382 -0.147826 1.01884
767.131 56.8958 -0.185061 -0.0544122 0.885492
836.445 181.64 -0.119902 -0.159425 1.03099
787.465 626.545 0.339857 -0.0835284 0.904141
722.611 373.798 0.109603 -0.0208526 0.998003
919.113 495.486 0.328493 -0.331286 1.11345
902.657 445.456 0.272221 -0.331878 1.16264
808.573 498.107 0.674791 -0.320207 1.54517
949.043 385.105 0.110173 -0.258421 0.949808
917.701 424.567 0.200291 -0.300087 1.07654
891.905 441.057 0.154076 -0.181003 0.907311
519.356 113.908 -0.161651 0.183237 0.946572
594.014 1.41096 -0.252694 0.101036 0.924235
558.067 316.837 0.0595852 0.273637 1.21737
549.964 360.972 0.0971123 0.187077 1.0093
628.232 494.22 0.210613 0.0735085 0.913774
574.16 560.67 0.357189 0.168198 1.01767
628.996 413.45 0.161447 0.0928653 1.00957
592.792 303.006 0.0296799 0.154522 1.07066
559.352 430.781 0.143895 0.1361 0.904769
606.109 433.8 0.144127 0.0899531 0.897649
