739.209 146.972 0.235588 -0.48175 4.94512
716.608 141.39 -0.0989836 -0.148126 5.68321
674.969 186.744 -0.123909 0.00752843 0.400182
574.421 273.298 0.303518 0.0159862 0.854262
602.602 576.888 -0.0171393 0.0106149 0.460099
704.846 223.839 0.76362 0.022825 1.66924
635.12 63.7365 0.311051 0.0117085 0.907974
506.688 572.643 0.00435067 0.0112638 0.494611
807.629 148.083 -0.0302521 -0.00449471 0.486056
703.111 282.468 -0.0355067 0.00253184 0.469129
710.092 296.941 -0.056704 0.00225386 0.444566
731.932 209.266 0.035008 0.00140416 0.546394
596.335 123.463 0.321816 0.0185523 0.911294
512.043 327.338 0.00268201 0.00931035 0.508228
597.696 568.011 -0.0148772 0.0104314 0.464856
592.582 607.59 -0.00859481 0.01011 0.470494
819.605 62.8077 0.316173 -0.0142194 0.914312
816.513 192.928 0.397938 -0.0270002 1.00366
648.794 520.822 0.344634 0.0124893 0.856896
827.272 133.596 0.347338 -0.0201458 0.946575
619.703 550.656 0.348581 0.0164235 0.855721
903.596 570.477 0.334029 -0.0150151 0.839959
716.001 505.684 1.11348 0.0322066 1.2522
798.164 426.344 0.426874 -0.0152705 0.943377
942.133 632.907 0.524291 -0.0633146 0.934836
845.175 488.684 0.361337 -0.0139373 0.873523
596.707 89.1123 0.312216 0.016914 0.903858
861.3 480.877 0.40328 -0.023572 0.907872
724.427 101.145 0.553535 -0.0733414 2.52509
644.781 531.785 0.341194 0.0126147 0.85261
857.931 54.2157 0.300261 -0.0153382 0.886535
599.13 91.5582 0.310433 0.0161932 0.899966
874.49 519.032 0.361736 -0.0173309 0.868233
621.681 59.0225 0.303989 0.0124406 0.896114
674.409 496.312 0.356106 0.0101388 0.86979
560.583 571.427 0.483381 0.0547313 0.940968
685.444 419.591 0.508081 0.019258 1.01715
628.302 317.264 0.349714 0.0166141 0.900162
638.019 298.152 0.331349 0.0129016 0.882817
648.627 326.207 0.340283 0.0123864 0.887214
803.138 307.616 0.372641 -0.0136004 0.925985
594.639 73.9534 0.304315 0.0157155 0.893442
485.539 227.225 0.0639716 0.00137287 0.576583
923.543 598.29 0.301558 -0.0109356 0.813078
615.641 318.112 0.313281 0.0131475 0.858523
868.18 24.5329 0.305189 -0.0190536 0.903096
765.911 556.581 0.920145 -0.0324048 1.12628
632.961 310.28 0.323188 0.0125159 0.871029
603.124 94.8804 0.316385 0.0168137 0.909677
708.366 255.071 1.00318 0.0332847 2.01014
757.237 489.493 1.15592 -0.049407 1.28928
802.755 621.386 -0.0658288 -0.00925335 0.354651
