738.89 146.965 0.235375 -0.480876 4.9456
716.291 141.365 -0.0991935 -0.147229 5.68334
679.985 192.647 -0.123821 0.00835845 0.399992
622.43 290.46 0.341824 0.0176256 0.898346
616.134 576.593 -0.0183924 0.0114213 0.459175
705.183 227.547 0.785394 0.0240676 1.70278
633.544 59.7353 0.308326 0.0126251 0.905118
529.382 574.481 0.00298602 0.0121096 0.493476
819.618 157.073 -0.029928 -0.00368757 0.486644
713.539 290.012 -0.0350517 0.00333985 0.469869
718.073 303.032 -0.0563601 0.00306858 0.445115
777.296 253.433 0.034904 0.00227839 0.546503
593.699 121.692 0.319197 0.0194637 0.908545
538.034 343.149 0.00112346 0.0101707 0.506606
610.899 568.252 -0.0160048 0.0112878 0.464114
888.678 560.645 0.317135 -0.00998678 0.829673
608.423 606.433 -0.0100607 0.0109261 0.469265
821.362 63.5321 0.315641 -0.0132996 0.914207
817.267 193.61 0.397826 -0.0262088 1.00419
652.13 520.169 0.346702 0.0134087 0.859684
829.395 133.044 0.345891 -0.0192138 0.945377
623.07 552.131 0.349722 0.0172844 0.85741
900.895 565.759 0.337943 -0.0143623 0.844459
716.131 502.609 1.12668 0.0332583 1.26229
798.179 426.192 0.429438 -0.0145548 0.946653
943.265 634.158 0.523973 -0.0624236 0.935212
852.319 498.841 0.354663 -0.0126472 0.867419
606.448 104.876 0.31969 0.0179356 0.913871
846.881 462.854 0.425051 -0.0241257 0.930811
723.657 95.5966 0.541793 -0.0694235 2.48914
646.584 535.734 0.340804 0.0135003 0.852808
858.426 61.957 0.302431 -0.0147005 0.889769
595.619 84.3814 0.306031 0.0169138 0.895153
874.325 519.376 0.363345 -0.0164678 0.870425
625.721 66.072 0.306172 0.0132963 0.899513
675.703 501.399 0.354661 0.0109879 0.868822
558.447 576.2 0.480245 0.0554298 0.938784
624.377 319.356 0.344273 0.0175019 0.894653
640.48 301.055 0.332378 0.0137841 0.884536
639.704 331.04 0.326064 0.0130984 0.871629
800.165 309.681 0.382491 -0.0132958 0.937725
592.936 71.7564 0.302077 0.016574 0.891113
838.354 602.787 0.0832013 0.00406789 0.603532
937.138 615.945 0.298123 -0.0099207 0.810049
617.622 322.134 0.313076 0.014024 0.858764
871.407 24.3102 0.304392 -0.0181804 0.902667
645.45 315.085 0.336557 0.0135449 0.886456
600.15 87.6955 0.31127 0.0173455 0.903656
708.434 254.985 1.00422 0.0329084 2.01438
807.356 621.765 -0.0660436 -0.00837805 0.355119
