652.87 188.512 0.271119 0.0285492 1.17547
929.293 437.946 0.320936 -0.0490717 1.11241
784.777 10.4546 0.216672 -0.0112043 1.16945
934.9 437.247 0.317458 -0.0495726 1.10994
947.569 277.651 0.266327 -0.0477873 1.12008
608.393 143.461 0.206382 0.0277141 1.09421
778.2 14.6467 0.218854 -0.0098021 1.17242
944.41 15.0445 0.223722 -0.0544429 1.17687
535.678 474.696 0.298628 0.0587104 1.09062
512.756 171.333 0.255666 0.0668835 1.16491
482.952 25.7317 0.21502 0.0656036 1.1684
512.574 162.451 0.26106 0.0707233 1.17906
937.457 543.957 0.348029 -0.0510119 1.09385
959.973 303.452 0.365324 -0.0976753 1.21613
500.022 337.472 0.275611 0.0669662 1.11746
926.637 161.859 0.255621 -0.0493977 1.1564
945.558 138.037 0.252413 -0.0556853 1.16282
517.889 482.081 0.291154 0.0604794 1.08323
519.529 180.617 0.246723 0.0597697 1.14554
533.812 439.357 0.318951 0.0676342 1.11809
651.434 12.9716 0.214021 0.0224687 1.16688
868.814 621.387 0.586266 -0.0737567 1.15709
656.869 594.101 0.306139 0.0278368 1.06063
506.821 449.175 0.292599 0.0653377 1.09448
939.005 550.006 0.334705 -0.0471157 1.08456
948.447 416.597 0.31876 -0.0557499 1.11811
755.197 99.6367 0.350449 -0.0229489 1.42937
532.236 619.602 0.296288 0.0537051 1.05072
827.551 560.756 0.347047 -0.0176386 1.0897
549.201 585.537 0.328004 0.0592116 1.07616
523.764 326.406 0.29218 0.067877 1.1389
662.771 25.762 0.216738 0.0198468 1.16518
795.853 190.88 0.287845 -0.0185205 1.19475
687.081 592.182 0.344349 0.0236307 1.08078
504.079 13.3409 0.214327 0.0609284 1.17374
671.741 562.848 0.348322 0.028535 1.09217
938.656 147.374 0.256299 -0.0547871 1.16455
831.488 601.883 0.333967 -0.0154077 1.0708
939.731 627.527 0.416102 -0.0640783 1.09724
512.637 325.459 0.279507 0.0659632 1.12593
789.576 148.289 0.249953 -0.0118207 1.15846
838.987 592.837 0.311923 -0.0148687 1.0618
956.97 138.572 0.246593 -0.0552189 1.15252
685.559 605.858 0.329707 0.0229328 1.06952
955.403 285.631 0.263865 -0.0478988 1.11419
611.436 610.843 0.181782 0.0197016 0.982941
935.317 302.484 0.299515 -0.0560878 1.1469
757.599 448.441 0.991701 -0.0474356 1.48434
793.601 558.623 0.370513 -0.00969837 1.10338
592.885 518.891 0.429997 0.073996 1.15585
802.03 568.82 0.353094 -0.0104346 1.09075
794.246 208.53 0.314854 -0.0222126 1.22401
810.597 155.423 0.256977 -0.0186787 1.16563
510.451 177.574 0.232143 0.0554759 1.12431
515.553 175.623 0.259262 0.0675227 1.16841
537.878 614 0.314879 0.0575755 1.06172
539.512 602.005 0.329222 0.0615296 1.0723
945.849 29.4818 0.230184 -0.0572571 1.18263
701.592 605.887 0.336723 0.0191369 1.0728
925.01 4.78718 0.219859 -0.0483516 1.17494
895.623 234.571 0.472142 -0.150278 1.42599
598.43 34.429 0.152899 0.0195255 1.03322
651.715 24.4523 0.219031 0.0230837 1.17196
506.18 176.894 0.241939 0.0612415 1.1401
933.654 543.684 0.351662 -0.0509731 1.096
795.271 307.319 0.277689 -0.0103808 1.12471
646.496 265.733 0.563601 0.103436 1.53259
820.661 294.805 0.2626 -0.0149332 1.11229
812.757 179.901 0.257573 -0.017872 1.15395
789.45 150.506 0.246016 -0.0109672 1.15084
669.781 114.488 0.304138 0.0294577 1.29535
958.535 107.24 0.313921 -0.114206 1.30405
949.782 278.627 0.268822 -0.0493095 1.1225
805.454 158.666 0.24282 -0.0139998 1.14135
540.932 595.837 0.347507 0.066561 1.08343
941.714 300 0.293283 -0.0555583 1.14111
531.38 469.761 0.301913 0.0610904 1.09466
508.386 10.3776 0.213292 0.0594118 1.17281
675.779 539.754 0.359106 0.0284434 1.10586
818.308 449.028 0.310535 -0.0150541 1.10286
516.01 81.39 0.250682 0.0732122 1.21313
507.905 309.326 0.258595 0.0596257 1.1091
539.05 591.985 0.349291 0.0678116 1.08555
811.136 430.32 0.288273 -0.0110447 1.09183
570.203 214.613 0.324452 0.0746814 1.24457
809.814 579.66 0.346185 -0.0116543 1.08368
717.305 402.433 2.10017 0.0859679 2.05767
517.816 324.398 0.286684 0.0675282 1.13398
666.016 606.657 0.314415 0.0264846 1.06175
773.506 269.331 1.28771 -0.416931 2.73099
524.011 310.914 0.268212 0.0592948 1.11893
873.04 201.513 0.33347 -0.0629345 1.25398
718.308 442.248 1.46881 0.0538871 1.66832
784.029 4.08192 0.214098 -0.010774 1.16711
524.933 467.985 0.291587 0.0594968 1.08761
813.535 440.119 0.325176 -0.0161036 1.11703
818.332 452.105 0.279198 -0.0108351 1.07829
514.859 3.3285 0.211677 0.0573924 1.17294
