739.066 146.536 0.2352 -0.481094 4.94565
716.43 140.911 -0.099368 -0.147447 5.68338
679.137 193.514 -0.123995 0.00814049 0.400039
622.645 287.534 0.341649 0.0174077 0.898393
614.272 576.885 -0.018567 0.0112033 0.459221
705.362 226.983 0.78522 0.0238496 1.70283
633.864 56.3348 0.308152 0.0124072 0.905165
526.861 574.242 0.00281148 0.0118916 0.493523
817.542 157.848 -0.0301025 -0.00390553 0.486691
711.78 290.651 -0.0352263 0.00312189 0.469916
716.663 303.772 -0.0565347 0.00285062 0.445162
769.78 250.632 0.0347294 0.00206043 0.54655
593.962 118.497 0.319022 0.0192457 0.908592
535.391 343.065 0.000948913 0.00995271 0.506652
608.972 568.506 -0.0161794 0.0110698 0.464161
888.931 556.752 0.31696 -0.0102047 0.82972
606.354 606.58 -0.0102352 0.0107081 0.469312
821.868 60.3949 0.315467 -0.0135176 0.914254
817.666 191.742 0.397652 -0.0264268 1.00424
652.245 517.014 0.346528 0.0131907 0.859731
623.152 548.979 0.349548 0.0170665 0.857457
901.159 562.449 0.337768 -0.0145803 0.844506
716.184 501.979 1.12651 0.0330404 1.26234
798.429 424.316 0.429264 -0.0147727 0.9467
943.408 632.673 0.523799 -0.0626415 0.935259
852.586 495.955 0.354489 -0.0128652 0.867466
606.73 101.733 0.319515 0.0177176 0.913917
847.139 460.917 0.424876 -0.0243437 0.930858
723.884 94.9944 0.541618 -0.0696415 2.48919
858.971 58.3739 0.302256 -0.0149184 0.889816
595.887 80.8376 0.305856 0.0166958 0.8952
874.592 516.629 0.36317 -0.0166857 0.870472
626.027 62.5796 0.305997 0.0130783 0.899559
675.849 498.437 0.354486 0.0107699 0.868869
558.548 574.367 0.48007 0.0552119 0.938831
624.58 316.438 0.344098 0.017284 0.8947
640.695 297.902 0.332204 0.0135662 0.884583
639.895 327.674 0.325889 0.0128805 0.871676
800.496 307.466 0.382317 -0.0135138 0.937772
593.201 68.0917 0.301903 0.016356 0.89116
846.817 614.693 0.0830268 0.00384993 0.603579
937.388 611.237 0.297948 -0.0101387 0.810095
617.781 318.382 0.312902 0.013806 0.858811
871.991 20.8857 0.304217 -0.0183983 0.902713
645.665 312.01 0.336383 0.0133269 0.886503
600.428 84.3272 0.311095 0.0171275 0.903702
708.572 254.574 1.00405 0.0326904 2.01442
806.196 622.457 -0.0662182 -0.00859601 0.355166
