738.768 146.608 0.235186 -0.480618 4.9454
716.158 140.952 -0.0993828 -0.14697 5.68314
681.286 193.455 -0.12401 0.00861659 0.399797
620.621 287.86 0.341634 0.0178838 0.898151
617.986 577.835 -0.0185817 0.0116794 0.45898
704.766 227.051 0.785205 0.0243257 1.70259
631.591 57.077 0.308137 0.0128833 0.904923
531.563 575.619 0.00279676 0.0123678 0.493282
821.917 157.697 -0.0301173 -0.00342942 0.48645
715.516 290.865 -0.035241 0.003598 0.469674
719.79 303.941 -0.0565494 0.00332673 0.44492
782.518 251.802 0.0347147 0.00253653 0.546309
591.852 119.116 0.319008 0.0197218 0.908351
540.399 343.785 0.000934198 0.0104288 0.506411
612.795 569.477 -0.0161941 0.0115459 0.463919
885.79 556.483 0.316946 -0.00972863 0.829478
610.39 607.713 -0.0102499 0.0111842 0.46907
819.355 61.0538 0.315452 -0.0130415 0.914012
815.917 191.996 0.397637 -0.0259506 1.004
650.081 516.967 0.346513 0.0136668 0.859489
621.055 548.896 0.349533 0.0175426 0.857216
898.332 562.151 0.337754 -0.0141042 0.844264
715.66 501.929 1.12649 0.0335165 1.2621
796.725 424.28 0.429249 -0.0142966 0.946458
941.779 632.238 0.523784 -0.0621654 0.935018
850.132 495.812 0.354474 -0.0123891 0.867224
604.624 102.362 0.3195 0.0181937 0.913676
845.307 460.803 0.424862 -0.0238676 0.930616
723.365 95.0948 0.541603 -0.0691654 2.48895
856.124 59.1206 0.302241 -0.0144423 0.889575
593.615 81.5783 0.305842 0.0171719 0.894958
872.175 516.429 0.363156 -0.0162096 0.870231
623.724 63.3329 0.305983 0.0135544 0.899318
673.737 498.403 0.354472 0.011246 0.868627
557.285 574.333 0.480055 0.055688 0.93859
622.559 316.718 0.344084 0.0177601 0.894458
638.526 298.23 0.332189 0.0140423 0.884341
637.624 327.975 0.325874 0.0133566 0.871435
798.552 307.615 0.382302 -0.0130377 0.937531
590.88 68.8768 0.301888 0.0168321 0.890918
836.873 610.492 0.0830121 0.00432604 0.603337
933.636 610.808 0.297933 -0.00966256 0.809854
615.372 318.75 0.312887 0.0142821 0.858569
869.211 21.6635 0.304202 -0.0179222 0.902472
643.527 312.305 0.336368 0.013803 0.886262
598.228 85.0265 0.31108 0.0176036 0.903461
708.118 254.616 1.00403 0.0331665 2.01418
631.436 117.682 0.344806 0.0181554 0.953653
628.135 294.942 0.345115 0.0172071 0.90057
765.23 553.732 0.924703 -0.0317835 1.13039
635.817 315.759 0.331076 0.0142127 0.879604
808.77 623.001 -0.0662329 -0.0081199 0.354925
