650.055 189.368 0.274246 0.0294331 1.17526
924.037 436.193 0.326019 -0.0483974 1.11428
780.878 10.5517 0.219284 -0.0102428 1.16863
927.754 434.281 0.324492 -0.0491414 1.11375
943.112 278.25 0.270192 -0.0470432 1.12044
612.421 155.594 0.2188 0.0288853 1.10428
775.665 16.6202 0.222217 -0.00923751 1.17222
941.062 14.6749 0.226043 -0.0534771 1.17565
534.63 473.599 0.303004 0.0595774 1.09164
510.909 172.601 0.258968 0.0675927 1.16476
480.43 26.9495 0.218135 0.0664068 1.16814
510.895 163.375 0.264465 0.0715072 1.17937
928.013 536.292 0.358127 -0.0508588 1.1001
953.74 303.655 0.371917 -0.0974153 1.22014
588.081 330.276 0.400052 0.0816339 1.24634
916.619 166.105 0.263945 -0.0490041 1.16266
940.192 139.801 0.256492 -0.054848 1.16366
519.057 479.621 0.297235 0.0614437 1.0858
515.917 179.953 0.248594 0.0603673 1.14398
531.305 440.168 0.321306 0.068218 1.11711
648.742 14.7809 0.217471 0.0232318 1.16704
655.089 590.802 0.31114 0.0286531 1.06212
506.528 447.887 0.297418 0.0662654 1.09599
935.822 548.941 0.337854 -0.0462959 1.08455
946.207 416.133 0.320956 -0.0548867 1.11726
752.962 102.843 0.355944 -0.0223072 1.43343
571.777 549.586 0.350739 0.0593191 1.09762
825.922 565.041 0.34595 -0.0163833 1.08582
564.947 560.068 0.353385 0.0617037 1.09574
522.017 326.062 0.295641 0.0687118 1.13942
666.015 49.4858 0.233739 0.0206567 1.18306
790.845 195.23 0.29724 -0.0179642 1.20211
682.904 603.99 0.337591 0.0241449 1.07217
502.363 14.7044 0.217566 0.0615836 1.17372
941.252 10.3643 0.225778 -0.0540162 1.17781
671.74 552.75 0.36072 0.0296104 1.10042
935.493 147.358 0.258863 -0.053904 1.16374
828.34 599.679 0.338004 -0.0146669 1.07154
508.156 326.102 0.280948 0.0666169 1.12383
958.173 563.331 0.363278 -0.0592695 1.09338
784.989 151.34 0.255722 -0.0109895 1.16145
836.724 594.131 0.313492 -0.0139602 1.06022
946.576 144.707 0.255301 -0.0552309 1.15888
683.075 604.662 0.332753 0.0237171 1.06953
953.988 286.02 0.265585 -0.0469959 1.11211
610.631 605.437 0.186403 0.020316 0.983593
926.853 303.134 0.307673 -0.0557724 1.15207
758.053 453.284 0.965283 -0.0452808 1.46491
791.409 559.561 0.372025 -0.00878131 1.10205
595.222 513.073 0.442525 0.0757374 1.16421
798.712 565.068 0.358954 -0.00976197 1.09319
791.601 209.107 0.318183 -0.0214533 1.22446
809.167 150.543 0.25413 -0.0173197 1.15842
507.271 177.667 0.234735 0.0561616 1.12337
513.354 175.885 0.262308 0.068307 1.16841
536.182 615.167 0.317269 0.0579322 1.06076
531.005 612.572 0.324543 0.0613288 1.06526
934.097 40.892 0.239961 -0.0574612 1.19124
699.251 592.343 0.34964 0.0204038 1.0814
921.941 4.58214 0.222181 -0.047446 1.17357
893.466 234.753 0.472793 -0.148102 1.42387
593.756 29.657 0.155945 0.0203098 1.03322
649.959 26.4969 0.222408 0.0235975 1.17174
503.795 176.704 0.244984 0.0620258 1.14011
933.878 545.989 0.351488 -0.049892 1.0931
792.2 306.596 0.280735 -0.00959653 1.12471
649.314 268.589 0.590347 0.106993 1.56339
817.305 293.768 0.265646 -0.014149 1.11229
810.486 178.916 0.258753 -0.0169891 1.15147
786.492 150.506 0.248626 -0.0101852 1.15004
668.05 116.781 0.308757 0.0303269 1.2978
957.003 105.498 0.314741 -0.113125 1.30236
945.679 278.087 0.272053 -0.0484857 1.12258
801.882 160.382 0.24722 -0.0133452 1.14256
538.775 595.394 0.350482 0.0673217 1.08336
933.198 299.764 0.300933 -0.0552235 1.14613
529.067 468.924 0.304959 0.0618746 1.09466
512.544 19.5231 0.220985 0.0605529 1.17891
678.019 518.252 0.386504 0.0301661 1.12789
819.873 453.971 0.305106 -0.0140415 1.09449
512.378 80.677 0.252213 0.0737397 1.21097
505.464 308.501 0.261641 0.06041 1.1091
537.919 590.316 0.35336 0.0686486 1.08643
811.785 435.365 0.283196 -0.00992737 1.08335
568.358 215.161 0.327314 0.0754265 1.24456
717.051 397.278 2.23419 0.0922523 2.14466
959.15 415.87 0.310719 -0.0546819 1.10894
515.603 324.131 0.28973 0.0683125 1.13399
772.881 270.13 1.29076 -0.416147 2.73099
534.464 311.779 0.285227 0.061867 1.13374
870.365 202.259 0.336516 -0.0621503 1.25399
717.996 439.787 1.50104 0.0548542 1.6895
780.478 4.52227 0.217144 -0.00998971 1.16711
522.548 466.932 0.294633 0.0602811 1.08761
815.076 450.341 0.282244 -0.0100508 1.07829
515.221 7.96625 0.216282 0.0580196 1.17428
