738.776 148.168 0.236889 -0.480896 4.94548
716.284 142.629 -0.0976712 -0.147248 5.68307
679.819 184.263 -0.122294 0.00833697 0.399848
624.984 293.088 0.348058 0.0177391 0.903656
614.878 562.399 -0.0167467 0.0114128 0.45909
705.137 229.477 0.791612 0.0241813 1.70974
634.101 63.483 0.310725 0.0124836 0.906231
526.327 553.636 0.00460517 0.0121252 0.493368
820.698 137.183 -0.0280099 -0.00376245 0.486977
713.338 274.084 -0.0329342 0.00328144 0.470385
717.954 290.892 -0.0545342 0.00302154 0.445266
778.942 180.957 0.0376764 0.00221478 0.547732
611.645 152.175 0.33946 0.0199351 0.931148
534.651 318.819 0.00274988 0.0101821 0.50651
609.181 553.393 -0.0143866 0.011307 0.463991
892.507 572.914 0.314488 -0.00975982 0.825107
606.747 590.732 -0.0083617 0.0109193 0.469266
821.588 57.3693 0.313242 -0.0129436 0.909119
816.814 194.714 0.397955 -0.0260924 1.0024
642.896 542.759 0.337644 0.0132538 0.848227
620.237 553.114 0.350941 0.0174007 0.857098
898.439 567.168 0.339444 -0.0143343 0.844263
715.905 500.781 1.14105 0.0336347 1.27142
796.109 426.569 0.43361 -0.0146595 0.949273
942.728 636.872 0.524958 -0.0623127 0.934567
857.681 513.765 0.347475 -0.0120444 0.85818
604.995 106.933 0.321045 0.0179429 0.9135
840.181 457.997 0.435444 -0.024675 0.939732
723.584 94.8743 0.538836 -0.0689252 2.47415
843.691 94.4726 0.318463 -0.0159606 0.907883
603.648 101.707 0.315074 0.0170194 0.904378
862.67 508.444 0.37371 -0.0168134 0.879346
625.219 69.7604 0.308407 0.013281 0.900327
674.185 502.444 0.356574 0.0110092 0.869063
560.319 573.412 0.485702 0.0558475 0.942341
623.017 321.971 0.345942 0.0175257 0.894494
641.119 303.611 0.336828 0.0138375 0.887646
635.857 335.379 0.324684 0.0130309 0.867801
796.797 311.666 0.387441 -0.013323 0.941524
838.825 603.562 0.0855849 0.00401706 0.603408
614.297 324.796 0.312881 0.0139508 0.856496
869.799 25.9094 0.305504 -0.0181356 0.901959
642.941 316.247 0.337335 0.0136102 0.885592
600.216 91.9489 0.313822 0.0173492 0.904821
708.244 255.551 1.00341 0.0329753 2.01242
623.183 104.129 0.33246 0.0172609 0.934699
631.735 300.886 0.352007 0.0171793 0.906371
764.036 546.103 0.952037 -0.0334551 1.1488
630.769 320.661 0.323505 0.013524 0.869076
807.277 613.726 -0.0645294 -0.00839771 0.355003
