651.172 195.218 0.275002 0.0290276 1.17603
922.467 441.234 0.329346 -0.0490559 1.11746
782.307 17.9252 0.220099 -0.01069 1.16944
929.884 441.072 0.324195 -0.049554 1.11352
938.578 286.107 0.275506 -0.0479129 1.12616
613.253 162.446 0.218413 0.0283871 1.10366
776.938 24.7682 0.223449 -0.00968779 1.17346
942.539 21.5961 0.226596 -0.0538963 1.1761
780.934 2.94718 0.20837 -0.00851721 1.14981
536.647 479.147 0.30498 0.0592664 1.09352
512.491 178.775 0.259843 0.0671701 1.16562
482.753 34.3884 0.219218 0.0660202 1.1693
513.103 169.77 0.265967 0.0711731 1.181
925.863 539.052 0.36252 -0.0517272 1.1041
952.64 308.611 0.374818 -0.0982199 1.22318
589.774 334.159 0.403015 0.0814725 1.24939
917.564 172.845 0.264857 -0.0494694 1.16356
941.235 146.639 0.257309 -0.0553023 1.16445
520.638 486.524 0.298406 0.0609663 1.08673
516.025 186.355 0.248537 0.0599239 1.14353
953.266 393.01 0.453377 -0.121381 1.23597
532.689 445.686 0.322677 0.0678509 1.11841
652.45 28.8024 0.222134 0.0228265 1.17291
656.137 596.993 0.312705 0.0282499 1.06352
500.704 458.773 0.292203 0.0651571 1.09075
936.839 555.883 0.338568 -0.0467489 1.0852
947.305 422.684 0.321596 -0.0553235 1.11785
753.784 106.594 0.356615 -0.0227254 1.4339
574.548 552.109 0.354775 0.0591705 1.10128
826.477 570.974 0.347282 -0.0168559 1.08703
565.441 566.214 0.353984 0.0612498 1.09628
523.226 331.945 0.296535 0.0682938 1.14026
667.595 56.4638 0.234754 0.0202192 1.18413
791.9 200.714 0.297875 -0.0184013 1.20269
683.787 609.471 0.339308 0.02373 1.07369
504.906 22.3713 0.218795 0.0611884 1.17509
942.298 17.7668 0.226639 -0.0544734 1.17868
672.414 558.683 0.361494 0.0291643 1.10113
936.372 154.283 0.259838 -0.0543834 1.16471
828.743 605.379 0.339712 -0.0151612 1.07307
503.719 332.51 0.27687 0.0656656 1.11942
959.382 570.174 0.363734 -0.0596851 1.0938
786.63 157.561 0.255986 -0.0114794 1.16154
834.772 594.124 0.319525 -0.0146503 1.06565
947.661 151.507 0.256034 -0.0556636 1.1596
683.93 610.65 0.33415 0.0232894 1.07078
955.129 293.274 0.266335 -0.047448 1.11285
616.71 607.883 0.191213 0.0200138 0.98826
927.594 309.296 0.308682 -0.0562508 1.15304
758.81 457.348 0.955272 -0.0452573 1.45763
792.087 565.431 0.37292 -0.00923203 1.10287
595.479 517.96 0.442823 0.0752374 1.16443
801.163 577.704 0.353916 -0.00996569 1.08882
792.538 214.305 0.319037 -0.0219109 1.22527
810.529 156.982 0.254583 -0.0177473 1.15876
505.455 182.569 0.232839 0.0554339 1.12098
515.126 182.369 0.263526 0.0679574 1.1696
529.831 631.849 0.311102 0.0569688 1.05561
537.821 612.183 0.329637 0.0607745 1.07001
935.123 47.889 0.240857 -0.0579403 1.19214
700.004 597.784 0.351157 0.0199799 1.08278
923.284 12.1836 0.223066 -0.0479658 1.17444
896.738 236.972 0.467245 -0.146826 1.41653
657.917 165.094 0.247205 0.0232835 1.14736
651.8 33.0462 0.223263 0.0231176 1.17297
506.203 183.799 0.246442 0.0616758 1.14171
934.511 552.261 0.352544 -0.050373 1.09406
793.353 313.223 0.281376 -0.0100425 1.12531
651.247 271.827 0.600926 0.107738 1.57592
817.976 301.051 0.267141 -0.014597 1.11378
810.641 185.852 0.260129 -0.017275 1.15304
669.271 120.04 0.308031 0.0296044 1.29665
946.196 285.184 0.273316 -0.0489987 1.12387
806.935 160.367 0.239698 -0.0133775 1.13328
537.738 603.865 0.349247 0.0666761 1.08237
933.876 306.103 0.302021 -0.0557135 1.14719
531.308 474.237 0.307233 0.0616173 1.09682
488.713 41.1124 0.225283 0.0679374 1.17963
626.107 1.63166 0.214712 0.0287749 1.17288
514.454 26.3006 0.221774 0.0601026 1.17968
678.661 523.539 0.387307 0.0297177 1.12863
819.288 459.497 0.308123 -0.0144473 1.09732
493.234 64.5043 0.235895 0.0711691 1.18906
507.143 315.215 0.262659 0.0599928 1.11013
536.693 598.998 0.351766 0.0679358 1.08514
811.981 441.5 0.285904 -0.010453 1.08597
717.048 397.511 2.25351 0.0931623 2.15682
513.708 330.149 0.287361 0.0674522 1.13139
536.395 317.862 0.286825 0.0615242 1.13536
500.359 0.791035 0.21024 0.0589624 1.16698
871.65 206.871 0.336497 -0.0624783 1.25368
718.081 440.192 1.51472 0.0548059 1.69771
781.737 12.4365 0.218195 -0.0104194 1.16822
529.858 468.587 0.302001 0.0605817 1.09474
815.052 456.067 0.285446 -0.0106089 1.08138
517.146 14.9553 0.217085 0.0575821 1.17507
