650.933 198.029 0.275677 0.0312358 1.17563
921.195 443.401 0.330021 -0.0468477 1.11706
782.001 21.9833 0.220774 -0.00848183 1.16904
928.614 443.276 0.32487 -0.0473459 1.11313
937.431 289.067 0.276181 -0.0457047 1.12576
614.171 166.173 0.219088 0.0305953 1.10326
776.607 28.7355 0.224124 -0.00747959 1.17306
941.356 25.8026 0.227271 -0.0516881 1.1757
780.868 7.30791 0.209045 -0.00630901 1.14941
536.816 481.385 0.305656 0.0614745 1.09312
512.745 181.627 0.260519 0.0693783 1.16522
483.468 37.9186 0.219893 0.0682284 1.1689
513.231 172.534 0.266642 0.0733813 1.1806
924.508 540.851 0.363195 -0.049519 1.1037
950.879 310.751 0.375493 -0.0960117 1.22278
588.993 335.904 0.40369 0.0836807 1.249
916.389 176.137 0.265533 -0.0472612 1.16316
939.969 150.112 0.257984 -0.0530941 1.16405
520.943 488.8 0.299081 0.0631745 1.08633
516.51 189.385 0.249212 0.0621321 1.14313
951.441 394.662 0.454052 -0.119173 1.23558
532.593 447.829 0.323352 0.0700591 1.11801
652.62 32.5703 0.22281 0.0250347 1.17251
656.148 599.034 0.31338 0.0304581 1.06312
501.085 461.117 0.292878 0.0673653 1.09035
935.6 557.77 0.339243 -0.0445407 1.0848
945.948 424.946 0.322271 -0.0531153 1.11745
752.696 108.783 0.35729 -0.0205172 1.4335
574.224 554.022 0.35545 0.0613787 1.10088
825.621 572.822 0.347957 -0.0146477 1.08663
565.152 568.124 0.354659 0.063458 1.09588
523.263 334.342 0.29721 0.070502 1.13986
667.547 59.9849 0.23543 0.0224274 1.18373
791.009 203.431 0.29855 -0.0161931 1.20229
683.457 611.358 0.339983 0.0259382 1.07329
505.533 25.9415 0.219471 0.0633966 1.17469
941.102 21.9769 0.227314 -0.0522653 1.17829
671.873 560.532 0.36217 0.0313725 1.10073
935.119 157.7 0.260514 -0.0521752 1.16431
827.978 607.207 0.340388 -0.012953 1.07267
504.08 335.089 0.277545 0.0678738 1.11902
957.916 571.901 0.364409 -0.0574769 1.0934
786.102 160.833 0.256661 -0.00927123 1.16114
834.15 596.072 0.3202 -0.0124421 1.06525
946.391 154.999 0.25671 -0.0534554 1.1592
683.651 612.557 0.334825 0.0254976 1.07038
954.029 296.338 0.26701 -0.0452398 1.11245
620.843 611.102 0.191888 0.022222 0.987861
926.242 311.876 0.309357 -0.0540426 1.15264
757.691 458.201 0.955948 -0.0430491 1.45723
791.179 567.186 0.373596 -0.00702384 1.10247
594.631 519.581 0.443499 0.0774456 1.16403
800.353 579.519 0.354592 -0.00775749 1.08842
791.531 216.811 0.319712 -0.0197027 1.22487
809.924 160.307 0.255258 -0.0155391 1.15836
506.326 185.86 0.233514 0.0576421 1.12058
515.322 185.172 0.264201 0.0701656 1.1692
530.184 633.905 0.311777 0.059177 1.05521
537.881 614.171 0.330313 0.0629826 1.06961
933.835 51.7727 0.241532 -0.0557321 1.19174
699.519 599.627 0.351833 0.0221881 1.08238
922.235 16.442 0.223741 -0.0457576 1.17404
895.089 238.755 0.46792 -0.144618 1.41613
658.001 168.33 0.247881 0.0254917 1.14696
651.962 36.7869 0.223939 0.0253258 1.17257
506.745 186.852 0.247117 0.063884 1.14131
933.189 554.083 0.353219 -0.0481648 1.09366
792.818 315.962 0.282051 -0.00783427 1.12492
650.279 272.952 0.601602 0.109946 1.57552
817.505 303.988 0.267816 -0.0123888 1.11339
810.03 189.058 0.260804 -0.0150668 1.15264
668.571 122.51 0.308706 0.0318126 1.29625
945.035 288.177 0.273992 -0.0467905 1.12347
806.598 163.922 0.240373 -0.0111693 1.13288
537.572 605.782 0.349923 0.0688843 1.08197
932.539 308.752 0.302696 -0.0535053 1.14679
531.447 476.462 0.307908 0.0638255 1.09642
489.277 44.5115 0.225958 0.0701456 1.17923
626.436 5.52567 0.215387 0.030983 1.17248
514.995 29.8175 0.222449 0.0623108 1.17928
677.924 525.311 0.387982 0.0319259 1.12823
818.627 461.764 0.308798 -0.0122391 1.09692
493.627 67.6985 0.23657 0.0733773 1.18866
507.718 317.97 0.263334 0.062201 1.10973
536.498 600.909 0.352441 0.070144 1.08474
811.569 443.978 0.286579 -0.00824485 1.08557
716.417 397.961 2.25419 0.0953705 2.15642
513.882 332.628 0.288036 0.0696604 1.13099
536.513 320.367 0.2875 0.0637323 1.13496
501.155 4.56194 0.210916 0.0611706 1.16658
870.255 209.338 0.337172 -0.0602701 1.25329
717.219 440.84 1.51539 0.0570141 1.69732
781.455 16.5415 0.218871 -0.00821121 1.16782
530.061 470.854 0.302676 0.0627899 1.09434
814.662 458.521 0.286121 -0.00840072 1.08099
517.761 18.5854 0.21776 0.0597903 1.17467
959.642 577.146 0.354434 -0.0543396 1.08663
