738.58 151.62 0.238944 -0.480386 4.9452
716.426 146.106 -0.0956164 -0.146738 5.68278
683.787 172.875 -0.120239 0.00884623 0.399566
618.636 310.637 0.350113 0.0182483 0.903373
618.51 548.86 -0.014692 0.0119221 0.458808
704.02 233.536 0.793667 0.0246906 1.70945
627.881 84.4567 0.31278 0.0129929 0.905948
529.635 537.586 0.00665992 0.0126344 0.493086
827.596 120.115 -0.0259551 -0.0032532 0.486694
718.504 258.998 -0.0308794 0.0037907 0.470102
722.625 277.602 -0.0524794 0.0035308 0.444983
789.031 148.76 0.0397311 0.00272403 0.54745
606.296 169.434 0.341515 0.0204443 0.930865
538.666 299.759 0.00480463 0.0106914 0.506228
612.857 539.546 -0.0123319 0.0118162 0.463708
880.156 598.688 0.316543 -0.00925056 0.824824
610.39 576.731 -0.00630695 0.0114285 0.468983
814.191 78.8052 0.315296 -0.0124343 0.908836
811.948 207.999 0.40001 -0.0255832 1.00212
633.873 563.679 0.339699 0.013763 0.847944
611.879 572.409 0.352996 0.01791 0.856815
887.971 588.955 0.341499 -0.013825 0.84398
790.51 439.455 0.435664 -0.0141503 0.94899
848.301 534.021 0.34953 -0.0115352 0.857898
599.182 126.374 0.323099 0.0184522 0.913217
834.253 471.182 0.437498 -0.0241657 0.93945
723.2 99.5171 0.540891 -0.0684159 2.47386
836.126 115.462 0.320517 -0.0154513 0.907601
597.527 122.121 0.317129 0.0175287 0.904095
854.514 526.034 0.375765 -0.0163041 0.879063
618.828 91.2173 0.310462 0.0137903 0.900045
666.238 520.932 0.358629 0.0115185 0.86878
555.023 584.63 0.487757 0.0563568 0.942058
616.335 340 0.347996 0.0180349 0.894211
634.073 322.712 0.338883 0.0143468 0.887364
627.889 356.499 0.326738 0.0135402 0.867519
790.845 326.478 0.389495 -0.0128137 0.941241
845.156 584.996 0.0876397 0.00452632 0.603126
605.776 347.801 0.314936 0.0144601 0.856213
861.709 48.8112 0.307559 -0.0176264 0.901677
635.799 335.394 0.339389 0.0141194 0.885309
594.139 112.469 0.315877 0.0178584 0.904539
617.91 121.898 0.334514 0.0177701 0.934416
822.721 609.269 0.0972723 0.00447427 0.615597
540.677 623.343 0.0817025 0.00202737 0.595786
567.768 342.429 0.0726215 0.00299033 0.58212
566.412 333.024 0.0719267 0.00303443 0.58127
600.21 307.277 0.322503 0.0164407 0.871615
810.39 604.366 -0.0624747 -0.00788845 0.35472
