674.643 540.828 0.318902 0.0359812 0.997126
793.426 461.316 0.221367 -0.108678 1.00388
848.269 113.564 -0.141797 -0.128232 0.899667
549.948 595.825 0.311153 0.149031 0.904064
575.783 239.731 -0.0225946 0.0795628 0.782583
907.387 146.695 -0.141186 -0.2207 0.984726
539.646 313.27 0.0263853 0.109993 0.799113
819.204 533.979 0.424395 -0.190825 1.14696
782.206 401.882 0.14551 -0.0923324 0.99743
824.09 34.9985 -0.25747 -0.12814 0.989062
724.307 5.1685 -0.278995 -0.0207683 0.977113
877.082 234.203 -0.0406876 -0.167622 0.926151
836.364 176.143 -0.123102 -0.159391 1.03191
931.555 2.94394 -0.225769 -0.191047 0.886601
793.124 458.765 0.220886 -0.109526 1.00952
722.189 368.204 0.104797 -0.020991 0.994715
852.114 552.041 0.296915 -0.162606 0.948576
916.968 318.158 0.0486974 -0.26483 1.02938
841.118 328.93 0.0537933 -0.144618 0.95365
545.252 176.836 -0.113518 0.18229 1.00541
547.619 114.421 -0.14266 0.138419 0.906907
558.378 238.815 -0.0338726 0.133822 0.912287
579.706 186.577 -0.105552 0.146896 1.0161
484.776 310.436 0.0324056 0.202718 0.908113
491.514 283.191 0.00552327 0.343966 1.15362
664.981 587.83 0.270889 0.0313642 0.862715
661.869 480.103 0.21035 0.0427226 0.937527
636.107 572.095 0.290749 0.0653885 0.90983
560.108 339.722 0.0551047 0.121811 0.875934
893.673 82.95 -0.218408 -0.213302 1.00799
911.044 119.685 -0.132015 -0.177641 0.886024
778.255 141.301 -0.124429 -0.0701116 0.9199
685.469 154.639 -0.0849781 0.0102492 0.818553
712.543 178.426 -0.129847 -0.00890769 1.06659
813.821 131.433 -0.102885 -0.0818118 0.824051
954.362 239.684 -0.0492799 -0.314409 1.04254
820.137 41.3264 -0.21911 -0.109832 0.932287
708.837 122.732 -0.130708 -0.00580854 0.891477
724.247 26.2884 -0.293381 -0.0222661 1.03287
947.117 124.648 -0.160134 -0.256501 0.974029
930.393 205.636 -0.0706281 -0.225965 0.942073
722.191 365.941 0.106897 -0.0215379 1.01664
935.126 463.661 0.230463 -0.290123 1.01692
923.545 317.281 0.0454864 -0.25844 1.00404
878.407 426.13 0.161565 -0.191992 0.962879
492.204 78.933 -0.154941 0.166911 0.865676
550.479 181.273 -0.114986 0.18656 1.0292
612.931 120.612 -0.144929 0.0847811 0.927175
548.339 233.617 -0.0339785 0.126477 0.868118
493.748 311.207 0.0349126 0.207758 0.933315
633.968 473.855 0.22177 0.0792169 0.973428
546.773 602.255 0.309207 0.147877 0.893568
560.863 290.706 0.013872 0.130854 0.906712
609.029 423.624 0.14308 0.0913082 0.917271
730.004 336.163 0.0596255 -0.027276 0.937523
846.861 118.062 -0.128457 -0.119122 0.872702
734.228 163.502 -0.111019 -0.0305807 0.944189
768.434 84.6939 -0.163008 -0.0569371 0.893335
747.244 103.209 -0.110081 -0.0311694 0.787991
842.775 122.018 -0.144765 -0.131951 0.927786
893.465 225.996 -0.0414804 -0.159905 0.870709
795.003 460.007 0.214178 -0.107919 0.992451
785.763 624.406 0.329941 -0.0804888 0.891836
847.854 586.538 0.362011 -0.170702 0.978389
519.112 218.107 -0.0484636 0.156604 0.883035
527.998 163.8 -0.107519 0.169642 0.935469
667.259 67.9029 -0.207717 0.0366833 0.958526
523.493 223.306 -0.0338105 0.116386 0.791369
557.55 166.954 -0.0984145 0.132554 0.911757
506.541 297.274 0.0211577 0.195241 0.934767
631.526 476.097 0.214562 0.0778479 0.954279
663.497 473.218 0.212951 0.0435655 0.957661
632.606 579.828 0.27638 0.0629788 0.88015
549.762 353.828 0.0576862 0.110324 0.818435
574.581 414.969 0.155704 0.147047 0.979623
606.828 425.139 0.140367 0.0903622 0.905313
722.685 577.743 0.269214 -0.0193847 0.873331
746.052 116.798 -0.114102 -0.0332278 0.827962
948.632 317.99 0.0394955 -0.239871 0.92455
908.049 120.073 -0.135789 -0.180151 0.897636
955.287 281.411 0.00415359 -0.226138 0.892848
717.321 330.114 0.067863 -0.0158625 1.05805
775.779 146.404 -0.114152 -0.0651902 0.901259
804.122 113.907 -0.132543 -0.0845254 0.875384
825.552 189.118 -0.128872 -0.170784 1.10994
569.27 356.762 0.0858688 0.14497 0.963246
949.878 195.202 -0.0687136 -0.211453 0.881602
867.023 90.2696 -0.131642 -0.119375 0.824541
796.537 461.576 0.21214 -0.107877 0.984278
781.738 414.309 0.135255 -0.0784504 0.923059
722.746 363.453 0.107668 -0.0226926 1.03472
488.758 186.443 -0.0943443 0.228118 0.971464
661.657 158.326 -0.0870348 0.0291761 0.837871
527.931 248.166 -0.0226744 0.147442 0.877145
645.031 543.782 0.314286 0.0699913 0.985564
553.172 289.186 0.0117919 0.125767 0.873731
606.508 426.937 0.139569 0.0888472 0.898161
823.603 24.2099 -0.212134 -0.103064 0.893005
717.907 327.044 0.0782349 -0.0182355 1.18584
770.366 313.905 0.0660088 -0.137432 1.33746
809.117 251.913 -0.0373621 -0.141866 1.08176
692.535 211.398 -0.0886674 0.0175876 1.07091
724.873 275.838 -0.0290865 -0.0403482 1.48372
736.739 339.553 0.0347573 -0.0223934 0.726764
737.415 328.838 0.0726353 -0.0465357 1.11381
721.615 547.738 0.293448 -0.0202696 0.950297
722.402 362.045 0.101624 -0.0217139 1.01448
822.079 453.702 0.18826 -0.127955 0.952532
617.812 498.201 0.177752 0.0662259 0.839286
672.263 453.977 0.230804 0.0434293 1.04223
639.142 555.545 0.293812 0.0676253 0.938272
531.242 16.4987 -0.20841 0.138694 0.877164
649.661 7.63824 -0.174415 0.0327162 0.800309
547.543 179.777 -0.1107 0.180472 1.00703
584.725 159.543 -0.101001 0.103236 0.896803
710.184 153.282 -0.139893 -0.00630875 1.00443
541.834 286.606 0.00892613 0.121035 0.835743
678.285 421.068 0.132822 0.0217729 0.89521
941.024 198.851 -0.0716265 -0.220777 0.913589
554.914 359.817 0.0777498 0.13706 0.903603
605.417 424.791 0.13563 0.0884069 0.892693
825.915 310.51 0.0202761 -0.0761712 0.749371
870.986 468.993 0.244659 -0.215838 1.03043
771.291 338.437 0.0630766 -0.0704034 0.946743
775.858 136.936 -0.114133 -0.0614948 0.875454
783.505 337.485 0.0762916 -0.102594 1.0498
796.79 459.051 0.209188 -0.108145 0.984456
855.301 601.265 0.322557 -0.153652 0.911515
671.666 551.716 0.291424 0.0333501 0.941003
910.969 288.624 0.0122106 -0.272723 1.06066
525.978 92.6474 -0.136702 0.132328 0.845211
563.061 84.687 -0.203725 0.151291 0.985011
954.279 191.188 -0.0711762 -0.212611 0.877109
905.689 92.7713 -0.135967 -0.153415 0.840408
503.975 219.301 -0.0309317 0.107617 0.736621
593.039 169.111 -0.104508 0.108643 0.941985
786.732 416.623 0.122054 -0.0747573 0.875631
709.283 127.219 -0.127826 -0.00618542 0.893966
744.803 159.13 -0.124809 -0.0434846 0.976157
747.425 83.4886 -0.144462 -0.0353336 0.846282
508.894 113.942 -0.187026 0.22688 1.01705
686.888 358.559 0.115734 0.0284311 1.10421
729.238 357.557 0.034665 -0.0160508 0.662926
787.886 305.885 0.0353034 -0.108725 1.05579
529.71 635.853 0.294134 0.139974 0.837534
898.923 498.826 0.210816 -0.188622 0.902534
874.716 176.62 -0.15619 -0.254543 1.13998
671.953 551.768 0.292744 0.0332336 0.942759
834.552 471.129 0.173221 -0.119368 0.880165
796.486 428.239 0.110368 -0.0708241 0.810186
660.464 59.9353 -0.191611 0.0377931 0.911546
815.762 33.5994 -0.216581 -0.101637 0.915348
763.034 172.659 -0.127185 -0.0703922 1.03307
791.237 248.726 -0.0402482 -0.114546 1.06977
653.311 373.013 0.131363 0.0738752 1.07978
852.351 119.196 -0.144518 -0.138459 0.920149
639.342 463.541 0.218557 0.0766307 0.991704
872.437 421.03 0.165246 -0.196374 0.988744
911.173 514.248 0.200629 -0.178945 0.857545
723.28 573.582 0.263517 -0.0198262 0.870895
747.973 259.208 -0.0378831 -0.0697837 1.19722
670.476 178.214 -0.0922642 0.0308274 0.926287
574.188 151.551 -0.0986982 0.102423 0.86425
612.963 570.255 0.408207 0.130227 1.05707
817.56 431.858 0.318426 -0.236896 1.29643
532.04 312.554 0.0240121 0.106404 0.774743
934.56 117.02 -0.103586 -0.15467 0.793338
920.386 523.451 0.193671 -0.174083 0.830931
910.345 137.879 -0.111329 -0.169558 0.867307
776.13 72.0704 -0.196043 -0.0703153 0.9418
839.031 52.2553 -0.181003 -0.112002 0.875383
931.286 145.652 -0.0776877 -0.140029 0.762041
710.563 120.685 -0.115028 -0.00746561 0.83972
483.187 291.132 0.0134647 0.182188 0.868027
525.566 377.191 0.102658 0.18161 0.939645
549.443 432.38 0.133611 0.129982 0.867051
526.289 44.7204 -0.23518 0.182199 0.969538
709.16 87.0016 -0.121138 -0.00658663 0.791131
955.545 324.57 0.047693 -0.25769 0.942293
897.759 154.951 -0.146341 -0.230305 1.02656
738.773 341.824 1.49451 -0.993208 5.60033
680.046 177.656 -0.0933431 0.0218979 0.92847
789.291 261.161 -0.0364684 -0.145257 1.21399
571.534 339.017 0.0616633 0.129447 0.927998
505.55 243.336 -0.024204 0.151609 0.844878
555.98 237.274 -0.0337137 0.130313 0.896628
929.277 278.94 0.000501448 -0.268279 1.01348
606.776 206.225 -0.0902062 0.125079 1.04938
776.886 395.688 0.159673 -0.0987216 1.06777
898.813 222.428 -0.0739499 -0.253678 1.06313
606.733 299.064 0.024701 0.110014 0.987794
521.655 507.026 0.171047 0.131887 0.811722
816.798 368.889 0.113794 -0.142281 1.0323
959.184 323.788 0.0498282 -0.280024 0.971904
835.873 570.853 0.374658 -0.17006 1.01757
724.665 251.891 -0.0577021 -0.0313948 1.25516
656.92 92.9842 -0.194865 0.0506234 0.983212
626.462 23.9404 -0.164322 0.0481393 0.800654
928.844 250.152 -0.0470557 -0.343368 1.1401
741.57 269.74 -0.0412762 -0.0820818 1.44135
807.5 174.482 -0.11902 -0.119254 1.01151
823.257 333.155 0.0685043 -0.149885 1.03466
767.018 48.2676 -0.187012 -0.0539527 0.881863
835.831 177.022 -0.122852 -0.15966 1.03464
785.672 617.956 0.339126 -0.0838001 0.909926
721.878 368.285 0.108411 -0.0210156 1.01045
910.472 484.36 0.336224 -0.340761 1.14716
910.087 447.423 0.258909 -0.319528 1.12066
804.657 488.437 0.692043 -0.328771 1.58898
947.761 380.2 0.107571 -0.258637 0.951874
927.894 426.245 0.187647 -0.286884 1.03072
891.739 436.427 0.150465 -0.180262 0.904793
519.758 110.06 -0.165864 0.185438 0.956761
550.244 312.856 0.0542276 0.264915 1.1781
529.203 361.728 0.0846324 0.172554 0.929288
624.488 494.996 0.202024 0.0717781 0.892055
564.622 570.091 0.336683 0.160923 0.971923
625.704 411.372 0.155096 0.0914235 0.990548
597.701 299.289 0.0293111 0.160667 1.11248
555.686 427.382 0.138988 0.134928 0.894993
606.258 427.636 0.142322 0.0906083 0.904008
