738.713 151.888 0.239516 -0.480248 4.94414
716.626 146.253 -0.0951228 -0.146568 5.68152
686.79 178.41 -0.118947 0.0088817 0.396912
616.135 308.001 0.352163 0.018459 0.903975
622.712 545.599 -0.0150796 0.0119418 0.455854
703.795 235.258 0.808521 0.0253333 1.73198
627.223 88.3196 0.316231 0.0131457 0.908618
947.925 418.137 0.438686 -0.0578962 0.953461
537.479 533.408 0.00609653 0.0126473 0.489861
835.301 120.001 -0.0242338 -0.00326892 0.485741
722.654 261.499 -0.0291133 0.00380267 0.469156
725.613 281.076 -0.0512537 0.00360374 0.44325
794.515 158.193 0.0405031 0.00282872 0.545571
619.192 186.421 0.361251 0.0210925 0.953748
549.349 306.123 0.00395603 0.0107189 0.502323
616.972 536.399 -0.0125503 0.0118315 0.461004
874.328 599.038 0.314369 -0.00889471 0.820891
615.442 572.331 -0.00691068 0.0114483 0.46574
808.125 80.4896 0.317364 -0.0123367 0.909771
808.696 206.271 0.400044 -0.0253312 1.0008
629.067 557.347 0.340412 0.0138634 0.847001
608.29 562.478 0.355233 0.0181514 0.857617
895.133 609.373 0.3315 -0.0130608 0.832069
786.38 436.284 0.436236 -0.0139369 0.948313
842.495 530.7 0.348692 -0.0112773 0.855488
599.065 129.222 0.326891 0.0187515 0.916303
824.101 459.87 0.448919 -0.0246473 0.94993
723.106 96.1937 0.53347 -0.0673095 2.45516
830.939 115.398 0.322 -0.015449 0.907772
589.58 112.667 0.313881 0.0176053 0.898397
817.981 467.813 0.424627 -0.0190877 0.928425
612.08 85.7287 0.309022 0.0140487 0.896284
665.174 508.382 0.364974 0.011583 0.873647
548.638 584.346 0.484206 0.0563782 0.937824
611.896 335.982 0.347935 0.0181917 0.892599
627.885 318.875 0.337069 0.0144873 0.883651
627.595 350.656 0.331811 0.0137251 0.871599
786.865 323.083 0.38812 -0.0124541 0.938505
595.939 343.728 0.310107 0.0143101 0.849055
629.004 331.908 0.337057 0.0142711 0.880986
589.309 107.712 0.31519 0.017989 0.902006
615.952 121.391 0.33613 0.0179483 0.934883
821.44 624.76 0.0974876 0.00448005 0.613613
576.939 381.821 0.0739944 0.00301583 0.581437
570.446 380.136 0.0732316 0.00303997 0.580526
613.902 310.357 0.343722 0.0174607 0.893446
811.769 602.986 -0.0619046 -0.00774777 0.353653
