640.311 198.648 0.268787 0.0275054 1.17061
900.27 439.081 0.331754 -0.0512219 1.12047
768.727 25.1558 0.214105 -0.0121026 1.16424
913.587 443.291 0.319075 -0.0510915 1.10928
918.408 292.53 0.273532 -0.0497489 1.12518
596.995 169.481 0.211452 0.0267932 1.09743
764.12 30.9707 0.217069 -0.0111782 1.16778
928.819 28.7414 0.220198 -0.0553031 1.17026
758.813 56.8207 0.22916 -0.0105152 1.1791
526.374 478.767 0.301308 0.0579884 1.09072
502.292 182.253 0.25383 0.0655777 1.1605
504.769 176.26 0.262703 0.0703479 1.17835
910.448 539.844 0.356827 -0.0531758 1.09924
940.481 310.911 0.370666 -0.0998601 1.21975
589.542 333.253 0.411453 0.0815151 1.25935
905.146 177.406 0.257196 -0.0507282 1.15638
926.786 152.966 0.251359 -0.0567259 1.15927
509.28 486.545 0.293935 0.0596617 1.08327
510.246 193.447 0.246851 0.0587313 1.14364
939.704 392.499 0.452902 -0.123631 1.23594
506.114 457.86 0.301077 0.0645636 1.09772
640.579 34.8359 0.215998 0.0212604 1.16749
646.147 587.446 0.318585 0.0270288 1.06757
494.144 457.39 0.291132 0.0641225 1.09046
920.172 557.733 0.332358 -0.0481813 1.07992
930.814 425.14 0.316549 -0.0568768 1.1137
748.827 106.399 0.349238 -0.0241789 1.42598
563.951 550.655 0.349946 0.0577812 1.09725
809.042 564.794 0.347372 -0.0185628 1.08737
555.039 564.268 0.349538 0.0598988 1.09255
520.321 333.923 0.29841 0.0676546 1.14332
918.71 0.754395 0.210232 -0.0500096 1.16442
655.119 52.5681 0.222441 0.0181595 1.17069
780.759 204.696 0.29305 -0.0198487 1.19881
670.028 606.711 0.335468 0.0223209 1.07051
640.738 5.00198 0.196882 0.0180615 1.13917
499.507 34.1697 0.216666 0.0600355 1.17506
927.802 26.0859 0.220993 -0.0559713 1.17383
662.19 553.019 0.361157 0.0277071 1.10101
920.044 161.123 0.255237 -0.0558562 1.16138
813.471 614.53 0.327917 -0.0159862 1.06286
942.521 584.275 0.344233 -0.0558208 1.07781
486.334 335.597 0.266486 0.0636912 1.10982
937.761 561.966 0.364658 -0.0622711 1.09532
776.167 155.949 0.241727 -0.0127171 1.14646
818.855 591.304 0.317752 -0.0170621 1.06393
927.787 161.796 0.254776 -0.0577073 1.16006
667.396 619.423 0.321965 0.0217027 1.06042
930.131 300.179 0.267179 -0.0496463 1.115
606.285 578.607 0.201323 0.0187648 0.999085
922.813 312.419 0.292664 -0.0565462 1.13743
754.915 455.706 0.948628 -0.0464692 1.45142
775.484 548.891 0.384143 -0.0112704 1.11282
588.06 515.655 0.438506 0.0738548 1.16062
784.264 570.346 0.35509 -0.0114793 1.08996
783.27 216.533 0.311801 -0.0233334 1.21844
794.945 166.99 0.254088 -0.0194643 1.1602
508.225 187.492 0.260274 0.066696 1.16777
514.737 632.302 0.304764 0.0555494 1.0504
523.061 614.547 0.32177 0.0590849 1.06337
922.647 53.9737 0.234412 -0.0593593 1.18619
686.66 601.654 0.342376 0.0182055 1.07517
909.914 18.894 0.216319 -0.0493254 1.16809
895.776 235.584 0.450122 -0.145396 1.39708
786.612 1.00801 0.207936 -0.0165228 1.16355
645.69 170.185 0.240065 0.021482 1.1405
640.821 40.3149 0.218027 0.021476 1.1688
667.575 3.46226 0.291954 0.0323046 1.486
492.272 187.347 0.238689 0.0599286 1.13441
918.126 552.414 0.347265 -0.051972 1.0897
780.83 317.415 0.269729 -0.0113826 1.11423
649.125 271.461 0.603 0.107168 1.57974
801.791 306.617 0.262658 -0.0161477 1.11023
797.526 190.848 0.253357 -0.0187391 1.14693
662.018 119.999 0.299834 0.0277561 1.28824
924.298 291.2 0.272371 -0.0509761 1.1243
783.165 186.877 0.26098 -0.0162448 1.16078
525.69 604.813 0.342589 0.06494 1.07651
923.037 309.781 0.292273 -0.0567277 1.13816
518.639 475.698 0.300955 0.0601156 1.09157
489.664 57.9401 0.227824 0.067683 1.18619
615.409 8.50224 0.209038 0.0270121 1.16819
803.522 462.315 0.302501 -0.0158831 1.0925
500.876 316.146 0.261787 0.0592042 1.11165
523.146 599.944 0.344015 0.0663631 1.07873
715.551 397.272 2.22833 0.0919898 2.13589
946.851 427.194 0.30272 -0.0563449 1.10197
503.748 332.827 0.282389 0.0660249 1.1273
538.735 320.356 0.295302 0.061514 1.14578
768.046 19.5703 0.212073 -0.011818 1.16287
518.052 469.526 0.296755 0.0591735 1.09047
509.936 24.4299 0.213424 0.0561087 1.17306
835.831 289.892 -0.0690154 0.00357744 0.754979
944.43 576.954 0.347592 -0.0579232 1.0817
915.487 18.1083 0.216555 -0.050991 1.16894
528.967 599.139 0.326075 0.0594004 1.06975
763.79 23.8184 0.220537 -0.0120684 1.18081
840.847 36.9681 0.145607 -0.00954041 1.02237
919.196 22.0856 0.225717 -0.0575556 1.18817
843.775 352.845 -0.0804605 0.00311303 0.743402
559.613 143.996 -0.0728512 0.00152729 0.74935
856.834 212.605 0.34243 -0.0659915 1.26392
788.096 266.608 0.634641 -0.107833 1.61801
766.719 196.171 0.262028 -0.0111624 1.15798
806.71 578.658 0.340011 -0.0165874 1.07923
944.351 136.529 0.239488 -0.0569093 1.14763
733.08 198.381 0.667399 -0.0459394 2.01996
