737.505 149.973 0.237901 -0.478858 4.94223
715.357 144.084 -0.0967379 -0.145179 5.67961
691.938 185.724 -0.120562 0.0102711 0.394998
604.877 297.756 0.350548 0.0198484 0.902061
628.843 562.834 -0.0166947 0.0133312 0.453941
701.129 232.914 0.806906 0.0267227 1.73006
614.167 79.2812 0.314615 0.0145352 0.906705
937.203 408.706 0.437071 -0.0565068 0.951548
541.618 555.483 0.00448144 0.0140367 0.487948
844.16 130.712 -0.0258489 -0.0018795 0.483828
729.715 273.861 -0.0307284 0.00519209 0.467242
732.331 291.839 -0.0528687 0.00499316 0.441337
802.572 188.139 0.038888 0.00421814 0.543658
609.304 178.56 0.359636 0.0224819 0.951834
553.003 324.353 0.00234094 0.0121084 0.50041
622.997 554.014 -0.0141654 0.0132209 0.459091
853.147 578.204 0.312754 -0.00750528 0.818978
621.517 591.371 -0.00852577 0.0128377 0.463827
793.338 71.2797 0.315749 -0.0109472 0.907858
799.259 199.201 0.398429 -0.0239418 0.998887
949.688 128.166 0.369981 -0.0578635 0.982174
615.274 541.374 0.338797 0.0152528 0.845088
596.029 547.717 0.353617 0.0195408 0.855704
876.069 590.276 0.329885 -0.0116714 0.830156
777.168 427.064 0.434621 -0.0125475 0.9464
922.211 632.999 0.52642 -0.0602178 0.93226
826.757 515.172 0.347077 -0.00988791 0.853574
587.069 120.341 0.325276 0.0201409 0.914389
814.844 450.52 0.447304 -0.0232579 0.948017
720.675 93.67 0.531855 -0.0659201 2.45324
954.603 118.424 0.352693 -0.0496509 0.955408
816.075 105.879 0.320385 -0.0140596 0.905859
576.404 103.123 0.312266 0.0189947 0.896483
807.82 457.583 0.423012 -0.0176983 0.926512
598.305 76.1956 0.307407 0.0154381 0.894371
653.226 495.154 0.363359 0.0129725 0.871734
542.39 575.152 0.482591 0.0577676 0.935911
600.19 324.996 0.34632 0.0195811 0.890686
615.182 307.384 0.335454 0.0158767 0.881737
614.179 338.153 0.330196 0.0151145 0.869686
776.137 313.899 0.386505 -0.0110646 0.936592
580.38 329.352 0.308492 0.0156995 0.847142
616.203 320.171 0.335442 0.0156605 0.879072
576.335 98.3557 0.313574 0.0193785 0.900093
604.72 113.174 0.334515 0.0193377 0.932969
847.526 616.292 0.0958725 0.00586947 0.611699
624.011 329.801 0.0723793 0.00440525 0.579523
620.375 323.334 0.0716165 0.00442939 0.578613
601.987 299.535 0.342106 0.0188501 0.891533
819.391 614.623 -0.0635197 -0.00635835 0.35174
