737.186 150.174 0.237939 -0.478315 4.94163
715.101 144.195 -0.0967 -0.144636 5.67901
694.861 184.97 -0.120524 0.0108142 0.394399
599.925 298.059 0.350586 0.0203915 0.901461
632.077 563.858 -0.0166568 0.0138743 0.453341
700.077 233.051 0.806944 0.0272657 1.72946
608.87 80.4994 0.314653 0.0150782 0.906105
932.48 408.75 0.437109 -0.0559638 0.950948
544.513 556.764 0.00451937 0.0145797 0.487348
849.296 129.031 -0.0258109 -0.00133646 0.483228
733.75 273.195 -0.0306905 0.00573514 0.466642
735.989 291.375 -0.0528308 0.00553621 0.440737
810.247 184.157 0.038926 0.00476118 0.543058
605.173 179.192 0.359674 0.023025 0.951234
556.153 323.756 0.00237887 0.0126514 0.49981
626.247 555.02 -0.0141275 0.013764 0.458491
843.784 577.224 0.312792 -0.00696224 0.818378
624.795 592.678 -0.00848785 0.0133808 0.463227
787.335 72.7209 0.315787 -0.0104042 0.907258
795.308 199.843 0.398467 -0.0233987 0.998287
944.792 129.259 0.370019 -0.0573204 0.981574
608.803 540.667 0.338835 0.0157959 0.844488
590.169 547.028 0.353655 0.0200839 0.855104
867.581 589.325 0.329923 -0.0111283 0.829556
772.963 426.985 0.434659 -0.0120044 0.9458
917.915 632.319 0.526458 -0.0596748 0.93166
819.711 514.669 0.347115 -0.00934487 0.852974
582.141 121.311 0.325313 0.0206839 0.913789
810.611 450.383 0.447342 -0.0227149 0.947417
719.96 93.9361 0.531893 -0.0653771 2.45264
949.176 119.631 0.352731 -0.0491078 0.954808
809.988 107.186 0.320423 -0.0135165 0.905259
571.003 104.251 0.312303 0.0195377 0.895883
803.187 457.409 0.42305 -0.0171553 0.925912
592.706 77.4871 0.307445 0.0159812 0.893771
647.649 494.729 0.363397 0.0135155 0.871134
538.958 574.655 0.482629 0.0583107 0.935311
594.994 325.208 0.346358 0.0201241 0.890086
609.605 307.693 0.335492 0.0164198 0.881138
608.243 338.35 0.330234 0.0156576 0.869086
771.462 314.205 0.386543 -0.0105216 0.935992
573.539 329.615 0.30853 0.0162426 0.846542
610.561 320.432 0.33548 0.0162035 0.878473
571.029 99.4858 0.313612 0.0199215 0.899493
600.137 114.112 0.334553 0.0198808 0.93237
855.614 614.623 0.0959105 0.00641252 0.611099
633.937 330.839 0.0724172 0.0049483 0.578923
630.609 324.694 0.0716544 0.00497243 0.578013
596.752 299.849 0.342144 0.0193931 0.890933
907.7 521.902 0.0668763 0.00592054 0.573484
628.595 337.877 0.0721053 0.00493518 0.578616
784.838 88.8884 0.314243 -0.00934578 0.899897
563.311 593.395 0.332232 0.0195076 0.832912
850.746 49.5422 0.294574 -0.0139408 0.872997
499.014 49.4912 0.286379 0.0214897 0.862464
821.288 72.2743 0.321451 -0.016684 0.917421
844.367 17.1033 0.297719 -0.0151237 0.88662
795.107 16.1786 0.296833 -0.0092385 0.885858
801.212 574.523 0.472528 -0.017991 0.924732
822.565 615.603 -0.0634818 -0.0058153 0.35114
