629.3 196.559 0.265614 0.0417357 1.16752
886.164 434.012 0.328581 -0.0369916 1.11738
757.071 25.181 0.210932 0.00212775 1.16115
899.348 438.089 0.315902 -0.0368611 1.10619
904.3 289.716 0.270359 -0.0355185 1.12209
947.866 311.437 0.261097 -0.0409072 1.10297
588.703 168.289 0.208279 0.0410235 1.09435
752.436 30.8686 0.213896 0.00305214 1.16469
914.557 29.5916 0.217026 -0.0410727 1.16718
746.953 56.317 0.225987 0.00371513 1.17601
516.967 474.978 0.298135 0.0722187 1.08763
491.739 180.038 0.250657 0.079808 1.15741
493.831 173.942 0.25953 0.0845782 1.17526
896.121 533.033 0.353654 -0.0389455 1.09616
925.432 307.79 0.367493 -0.0856298 1.21666
578.396 330.494 0.40828 0.0957454 1.25626
891.148 176.173 0.254024 -0.0364978 1.15329
912.391 152.125 0.248186 -0.0424956 1.15618
776.575 0.173912 0.20327 -0.0024069 1.15746
500.213 482.754 0.290762 0.073892 1.08018
500.145 191.333 0.243678 0.0729617 1.14055
924.866 388.211 0.449729 -0.109401 1.23285
496.56 454.338 0.297904 0.078794 1.09463
629.939 34.0017 0.212826 0.0354907 1.1644
636.419 581.785 0.315412 0.0412591 1.06448
484.926 453.897 0.287959 0.0783529 1.08737
905.933 550.508 0.329185 -0.033951 1.07683
916.195 420.167 0.313376 -0.0426464 1.11062
737.322 104.788 0.346065 -0.00994853 1.42289
553.885 546.226 0.346773 0.0720115 1.09417
796.746 558.301 0.344199 -0.00433246 1.08429
545.079 559.77 0.346365 0.0741291 1.08946
509.824 331.094 0.295237 0.0818849 1.14024
904.814 1.97948 0.207059 -0.0357793 1.16133
644.287 51.6354 0.219268 0.0323899 1.1676
768.34 202.736 0.289877 -0.00561836 1.19572
659.839 600.686 0.332295 0.0365513 1.06743
631.014 4.86279 0.193709 0.0322918 1.13608
488.942 32.431 0.213493 0.0742659 1.17198
913.516 26.9389 0.21782 -0.041741 1.17074
651.484 547.872 0.357985 0.0419374 1.09792
905.736 160.136 0.252064 -0.0416259 1.1583
801.554 607.139 0.324744 -0.00175588 1.05977
927.697 576.393 0.34106 -0.0415904 1.07472
922.81 554.557 0.361485 -0.0480408 1.09223
764.427 154.727 0.238554 0.00151325 1.14337
806.945 584.234 0.314579 -0.00283172 1.06084
913.339 160.827 0.251603 -0.043477 1.15697
657.581 613.176 0.318792 0.035933 1.05733
915.965 297.273 0.264006 -0.0354159 1.11191
605.624 573.25 0.19815 0.0329951 0.995997
908.364 309.261 0.289491 -0.0423159 1.13434
746.264 452.462 0.945455 -0.0322389 1.44833
763.405 543.008 0.38097 0.00295995 1.10973
577.27 511.875 0.435333 0.0880851 1.15753
772.289 563.982 0.351918 0.00275108 1.08687
770.792 214.438 0.308628 -0.00910306 1.21535
782.703 165.601 0.250915 -0.00523401 1.15711
497.496 185.213 0.257101 0.0809263 1.16468
506.541 627.091 0.301591 0.0697797 1.04731
514.131 609.595 0.318597 0.0733152 1.06028
908.253 54.3421 0.231239 -0.0451289 1.1831
676.168 595.59 0.339203 0.0324358 1.07208
896.069 19.7847 0.213146 -0.0350951 1.16501
882.632 233.765 0.446949 -0.131166 1.39399
774.814 1.41077 0.204764 -0.00229245 1.16046
635.312 168.544 0.236892 0.0357123 1.13741
630.138 39.4229 0.214854 0.0357063 1.16571
656.202 1.14502 0.288781 0.046535 1.48292
482.506 185.324 0.235516 0.074159 1.13132
903.741 545.312 0.344092 -0.0377417 1.08661
769.241 314.415 0.266557 0.00284776 1.11114
639.762 269.281 0.599827 0.121398 1.57665
790.046 303.753 0.259485 -0.00191742 1.10714
785.401 189.262 0.250184 -0.00450881 1.14384
903.867 185.306 -0.0614856 0.0253401 0.763964
650.341 117.983 0.296661 0.0419865 1.28515
910.09 288.407 0.269198 -0.0367458 1.12121
771.031 185.234 0.257807 -0.00201449 1.15769
516.173 600.102 0.339416 0.0791703 1.07342
908.581 306.662 0.2891 -0.0424974 1.13507
509.229 471.974 0.297782 0.0743459 1.08848
604.94 7.70739 0.205865 0.0412424 1.1651
791.594 457.324 0.299329 -0.00165279 1.08942
491.451 313.516 0.258614 0.0734345 1.10856
513.572 595.316 0.340842 0.0805934 1.07564
711.137 395.894 2.22516 0.10622 2.1328
932.086 422.131 0.299547 -0.0421145 1.09888
493.677 330.048 0.279216 0.0802552 1.12421
528.218 317.563 0.292129 0.0757444 1.14269
756.44 19.667 0.2089 0.00241231 1.15978
508.725 465.84 0.293582 0.0734039 1.08738
499.466 22.8261 0.210251 0.070339 1.16997
901.528 19.0359 0.213382 -0.0367606 1.16585
519.788 594.334 0.322902 0.0736308 1.06666
839.081 41.2715 0.142434 0.00468993 1.01928
904.913 22.8387 0.222544 -0.0433253 1.18508
794.582 571.943 0.336838 -0.00235706 1.07615
725.408 196.829 0.664226 -0.0317091 2.01687
