737.115 150.107 0.237038 -0.477625 4.94023
715.122 143.871 -0.0974909 -0.14398 5.67747
700.405 191.336 -0.121244 0.0114743 0.3926
485.322 457.747 -0.0164277 0.0219885 0.467876
596.078 301.164 0.354901 0.0211936 0.905747
637.742 573.795 -0.0181002 0.0144925 0.451536
698.882 234.777 0.818688 0.0282631 1.74663
608.229 98.6017 0.32128 0.0157424 0.914042
917.257 407.185 0.442848 -0.0561392 0.956303
548.276 571.943 0.00339334 0.0152221 0.48598
739.548 283.319 -0.0325323 0.00647144 0.464255
742.009 297.374 -0.0541211 0.0062152 0.439177
820.804 229.316 0.0375548 0.0054252 0.541312
605.14 188.632 0.367472 0.0239118 0.960397
560.202 334.256 0.00149018 0.0132721 0.498841
631.045 565.597 -0.0152866 0.0144024 0.45712
821.611 564.885 0.317007 -0.00657806 0.82231
632.409 602.744 -0.0108421 0.0140209 0.460039
777.39 77.7135 0.315032 -0.00976428 0.905918
788.579 201.918 0.397163 -0.022627 0.996019
945.845 482.928 0.390665 -0.0399298 0.890875
935.081 133.951 0.370232 -0.0567903 0.981392
596.123 542.428 0.3371 0.0164352 0.842175
579.311 547.331 0.352654 0.0207375 0.853496
854.735 596.099 0.32667 -0.0103733 0.825707
765.228 427.894 0.433555 -0.0113177 0.943947
910.364 633.662 0.524235 -0.0588565 0.928855
806.889 516.303 0.345888 -0.00867729 0.851153
559.365 105.862 0.313147 0.0210627 0.898061
800.045 446.521 0.453263 -0.0224592 0.952874
719.251 93.3023 0.530144 -0.0641922 2.44458
927.606 134.571 0.360843 -0.0496517 0.964679
799.665 111.461 0.319413 -0.0128265 0.903607
562.231 108.265 0.311509 0.0202131 0.894485
787.721 444.732 0.441497 -0.0175533 0.94431
581.441 80.5763 0.305672 0.0167539 0.890988
638.404 493.52 0.36409 0.014191 0.871227
533.286 573.687 0.48237 0.0588759 0.934055
585.703 326.826 0.345477 0.020824 0.888604
600.314 309.991 0.33498 0.0170836 0.880042
572.716 344.817 0.305766 0.0154212 0.841121
764.42 316.284 0.379557 -0.0095114 0.927362
564.88 331.849 0.309494 0.016913 0.847238
601.372 322.657 0.335152 0.0168607 0.877577
849.987 611.642 0.0939054 0.00678231 0.609228
597.486 347.565 0.0708559 0.00528099 0.577788
599.514 350.548 0.0704307 0.00531751 0.577325
588.045 302.702 0.341896 0.020107 0.889969
815.534 526.033 0.0653725 0.00626326 0.572401
598.692 351.801 0.0707094 0.00529444 0.577653
773.892 98.2926 0.316142 -0.00892067 0.902045
551.549 588.905 0.333786 0.0205577 0.833786
817.617 97.3098 0.313806 -0.0145642 0.897517
513.633 82.2671 0.297001 0.0227012 0.875807
811.429 77.0048 0.320625 -0.0160158 0.91598
831.789 24.3548 0.297249 -0.014466 0.885744
783.668 20.7315 0.295412 -0.00851677 0.883729
793.58 568.958 0.470902 -0.0176365 0.924311
827.25 623.744 -0.064381 -0.00512609 0.349751
