624.283 200.658 0.266268 0.0351956 1.16636
878.558 437.794 0.329236 -0.0435317 1.11622
772.606 2.93158 0.205018 -0.0103832 1.16166
749.911 31.8717 0.211587 -0.0044124 1.15999
893.582 442.942 0.312754 -0.0430081 1.10186
895.531 294.796 0.271013 -0.0420587 1.12093
937.538 316.841 0.261752 -0.0474473 1.10181
578.883 173.861 0.208933 0.0344833 1.09318
745.541 37.4111 0.21455 -0.00348801 1.16353
906.723 36.6878 0.21768 -0.0476129 1.16601
740.818 62.3522 0.226641 -0.00282502 1.17485
509.823 476.634 0.298789 0.0656786 1.08646
487.351 183.868 0.251312 0.0732679 1.15625
490.217 177.612 0.260185 0.0780381 1.1741
888.083 536.376 0.354309 -0.0454856 1.09499
921.296 311.751 0.368147 -0.0921699 1.2155
576.815 332.232 0.408935 0.0892052 1.2551
883.582 181.83 0.254678 -0.043038 1.15213
904.718 158.073 0.248841 -0.0490357 1.15502
768.915 7.30915 0.203925 -0.00894705 1.15629
492.644 484.341 0.291417 0.0673519 1.07901
494.827 195.317 0.244333 0.0664215 1.13938
921.662 391.56 0.450383 -0.115941 1.23169
489.962 455.992 0.298559 0.0722538 1.09347
624.037 40.0686 0.21348 0.0289506 1.16323
627.41 583.446 0.316067 0.034719 1.06332
896.338 553.99 0.32984 -0.0404911 1.07567
907.833 424.311 0.314031 -0.0491866 1.10945
736.871 108.216 0.34672 -0.0164887 1.42173
547.655 547.327 0.347427 0.0654714 1.093
788.432 560.952 0.344854 -0.0108726 1.08312
538.706 560.747 0.34702 0.067589 1.08829
505.122 333.517 0.295892 0.0753447 1.13907
896.521 9.46613 0.207713 -0.0423194 1.16016
638.508 57.4821 0.219922 0.0258497 1.16644
763.59 207.038 0.290531 -0.0121585 1.19456
651.251 602.298 0.332949 0.0300111 1.06626
623.202 11.8536 0.194363 0.0257517 1.13491
484.75 37.886 0.214148 0.0677257 1.17081
905.875 33.999 0.218474 -0.0482811 1.16958
644.894 549.538 0.358639 0.0353973 1.09676
898.274 165.941 0.252718 -0.048166 1.15713
791.424 609.712 0.325398 -0.00829603 1.05861
918.22 579.855 0.341715 -0.0481306 1.07356
914.669 557.965 0.362139 -0.054581 1.09107
756.893 160.235 0.239209 -0.0050269 1.14221
796.54 587.012 0.315234 -0.00937187 1.05968
903.174 168.511 0.255023 -0.0504232 1.15924
906.418 302.503 0.26466 -0.0419561 1.11075
583.358 576.24 0.198805 0.026455 0.994834
900.518 313.392 0.289643 -0.0487026 1.13292
745.839 453.735 0.94611 -0.038779 1.44717
756.982 545.313 0.381625 -0.0035802 1.10856
573.85 512.828 0.435987 0.081545 1.15637
764.391 566.408 0.352572 -0.00378907 1.08571
766.755 218.435 0.309283 -0.0156432 1.21419
775.917 170.846 0.251569 -0.0117742 1.15595
493.422 188.905 0.257756 0.0743862 1.16352
497.146 627.713 0.302246 0.0632396 1.04615
505.957 610.262 0.319251 0.066775 1.05912
901.448 60.8807 0.231894 -0.0516691 1.18194
667.873 597.3 0.339858 0.0258956 1.07091
888.159 26.9659 0.2138 -0.0416353 1.16384
881.516 236.946 0.447603 -0.137706 1.39283
767.355 8.46819 0.205418 -0.0088326 1.15929
628.476 173.443 0.237546 0.0291721 1.13624
624.328 45.4003 0.215508 0.0291661 1.16455
656.808 5.01766 0.289436 0.0399948 1.48175
895.025 548.714 0.344746 -0.0442819 1.08544
760.638 318.751 0.267211 -0.00369239 1.10998
640.372 270.609 0.600482 0.114858 1.57548
784.917 308.534 0.247358 -0.00772355 1.09211
777.979 194.471 0.250838 -0.011049 1.14268
648.531 121.798 0.297316 0.0354463 1.28399
901.215 293.542 0.269853 -0.043286 1.12005
762.961 192.92 0.264607 -0.00885447 1.16434
509.154 600.71 0.340071 0.0726302 1.07226
900.832 311.413 0.289755 -0.0490375 1.13391
502.193 473.603 0.298436 0.0678058 1.08731
599.188 14.0085 0.20652 0.0347023 1.16394
782.494 460.722 0.299983 -0.00819294 1.08825
484.853 316.511 0.259269 0.0668944 1.1074
507.391 593.616 0.342013 0.0741339 1.07545
711.368 396.406 2.22581 0.09968 2.13163
922.728 426.504 0.300202 -0.0486547 1.09772
488.214 332.618 0.27987 0.0737151 1.12305
523.412 320.194 0.292783 0.0692042 1.14153
749.176 26.4476 0.209555 -0.00412784 1.15861
496.23 469.587 0.289372 0.0664805 1.08205
495.036 28.4766 0.210905 0.0637989 1.16881
890.581 29.6688 0.216522 -0.0435521 1.16837
512.03 595.102 0.323556 0.0670906 1.0655
811.767 52.8323 0.143089 -0.00185022 1.01812
897.96 31.5195 0.223583 -0.049806 1.18353
784.915 573.674 0.337219 -0.00866961 1.07513
727.898 188.971 0.614307 -0.0364432 1.92447
699.557 528.984 -0.0597152 0.0121355 0.769595
678.995 594.74 -0.0608703 0.0118553 0.769503
911.395 149.538 0.230067 -0.0424432 1.12902
732.609 238.693 -0.0595398 0.0127559 0.764628
928.999 126.046 0.330705 -0.125513 1.33548
904.957 447.452 0.328846 -0.0510477 1.11165
892.938 576.214 0.338386 -0.040162 1.07337
758.935 176.895 -0.0764643 0.0132022 0.746608
748.944 180.659 -0.0761954 0.0131212 0.746912
785.612 251.576 -0.0739111 0.0133917 0.750074
549.038 35.572 0.270634 0.0866656 1.3335
901.748 19.8168 0.208023 -0.0424922 1.15439
903.51 539.75 0.361359 -0.0522203 1.09734
779.536 155.729 0.24339 -0.0120867 1.15072
878.4 188.972 0.256431 -0.0415432 1.15118
827.155 310.367 0.426625 -0.0655413 1.28233
767.323 583.295 0.34494 -0.00373875 1.07631
772.923 452.28 0.283816 -0.0044378 1.07916
708.629 364.785 1.73676 0.0861976 2.18598
