737.029 150.683 0.237036 -0.476949 4.93956
715.181 144.224 -0.0974929 -0.143304 5.6768
705.898 190.616 -0.121246 0.0121498 0.391927
489.257 458.859 -0.0164297 0.022664 0.467203
586.335 303.211 0.354899 0.0218691 0.905074
642.193 576.04 -0.0181023 0.015168 0.450863
697.153 235.191 0.818686 0.0289385 1.74595
598.641 101.797 0.321278 0.0164179 0.913369
908.605 409.369 0.442846 -0.0554637 0.95563
551.917 575.52 0.00339125 0.0158976 0.485307
745.958 283.997 -0.0325344 0.00714693 0.463582
748.035 297.733 -0.0541231 0.00689069 0.438505
826.146 239.273 0.0375527 0.00610069 0.540639
597.507 190.612 0.36747 0.0245873 0.959725
564.806 336.11 0.00148809 0.0139476 0.498168
635.511 567.944 -0.0152887 0.0150779 0.456447
803.912 567.878 0.317005 -0.00590257 0.821638
636.739 605.546 -0.0108442 0.0146964 0.459366
766.582 82.0672 0.31503 -0.00908879 0.905246
781.396 204.377 0.397161 -0.0219515 0.995346
934.163 485.44 0.390663 -0.0392543 0.890202
926.73 137.661 0.37023 -0.0561148 0.98072
955.247 499.061 0.38582 -0.0408229 0.883241
957.96 490.134 0.380506 -0.040042 0.881052
582.197 544.223 0.337098 0.0171107 0.841502
566.613 548.785 0.352652 0.021413 0.852823
837.55 598.833 0.326668 -0.00969785 0.825034
756.827 429.498 0.433553 -0.0106422 0.943274
901.503 634.793 0.524233 -0.058181 0.928182
792.822 518.804 0.345886 -0.0080018 0.85048
549.087 109.101 0.313145 0.0217382 0.897388
791.878 448.088 0.453261 -0.0217837 0.952201
718.577 93.9741 0.530141 -0.0635167 2.44391
918.749 138.406 0.36084 -0.0489762 0.964006
788.652 115.728 0.319411 -0.012151 0.902934
551.729 111.585 0.311507 0.0208885 0.893813
779.29 446.331 0.441494 -0.0168778 0.943637
570.612 84.2687 0.30567 0.0174294 0.890315
626.79 495.176 0.364088 0.0148665 0.870554
525.392 573.988 0.482368 0.0595514 0.933383
575.06 328.969 0.345475 0.0214995 0.887932
589.021 312.469 0.334978 0.017759 0.879369
558.102 347.995 0.305764 0.0160966 0.840448
755.131 318.661 0.379555 -0.00883591 0.926689
550.952 334.887 0.309492 0.0175885 0.846565
589.926 325.111 0.33515 0.0175362 0.876904
632.145 316.259 0.0708538 0.00595648 0.577115
634.713 318.287 0.0704286 0.005993 0.576652
577.436 304.976 0.341893 0.0207825 0.889296
762.898 102.56 0.31614 -0.00824518 0.901372
537.017 590.446 0.333784 0.0212332 0.833114
806.104 101.901 0.313804 -0.0138887 0.896845
801.01 81.3379 0.320622 -0.0153403 0.915308
819.247 29.8861 0.297247 -0.0137905 0.885072
784.7 570.119 0.4709 -0.016961 0.923638
938.329 577.464 0.0789375 0.00789464 0.589761
684.865 55.8237 0.0642513 0.0065411 0.568725
622.72 14.0102 0.333613 0.015938 0.97583
887.73 178.426 0.395677 -0.0542902 1.00397
802.462 524.144 0.368734 -0.0115361 0.866997
648.117 119.687 0.419228 0.0222594 1.10406
729.271 96.6678 0.485327 -0.0257339 1.33292
831.496 625.548 -0.0643831 -0.0044506 0.349078
