736.439 148.843 0.234893 -0.476 4.93957
714.492 142.141 -0.0996741 -0.142318 5.67649
711.484 211.285 -0.122796 0.0130115 0.390618
512.45 488.542 -0.0203697 0.0233213 0.464165
574.442 298.742 0.347921 0.0226815 0.899355
650.384 598.887 -0.0196336 0.0159671 0.451786
696.506 236.723 0.842076 0.0305314 1.78419
591.489 97.4203 0.319491 0.0173531 0.913731
899.242 403.421 0.446264 -0.0552416 0.961233
552.305 607.9 0.0027288 0.0168773 0.487641
815.207 303.535 0.0315233 0.00720185 0.537017
601.194 195.992 0.378055 0.0258494 0.975312
563.821 357.018 0.00103467 0.0149099 0.501037
639.562 592.145 -0.0163159 0.0160728 0.458181
957.508 309.44 0.555519 -0.154756 1.12349
794.01 559.174 0.316493 -0.00510723 0.82335
650.709 626.067 -0.0148514 0.015513 0.456539
759.074 80.3213 0.314623 -0.00828857 0.907344
776.248 201.605 0.396499 -0.0211117 0.996829
850.578 345.249 0.253501 -0.00359471 0.784106
898.26 457.866 0.414895 -0.041151 0.917068
921.562 133.328 0.368243 -0.0551876 0.980804
948.566 494.655 0.384041 -0.0399026 0.883454
948.278 484.304 0.380516 -0.0392681 0.88299
572.107 543.034 0.333509 0.0179893 0.839957
565.486 537.299 0.355428 0.0223698 0.857657
819.874 571.024 0.333992 -0.00927974 0.834749
756.522 444.628 0.403509 -0.00836467 0.913692
900.969 637.877 0.51702 -0.0566405 0.92347
785.944 516.158 0.342628 -0.00704029 0.849295
538.313 100.944 0.309298 0.0226068 0.895175
795.29 465.077 0.424491 -0.018719 0.924102
717.205 89.876 0.525653 -0.0619557 2.42819
891.349 155.483 0.379342 -0.0508716 0.989786
780.287 115.897 0.320455 -0.0114549 0.90682
541.45 104.026 0.308059 0.0217761 0.892138
768.879 429.609 0.462305 -0.0171654 0.96718
560.265 76.3459 0.302211 0.0183266 0.888556
620.047 491.097 0.362228 0.0157824 0.870728
518.03 574.386 0.477426 0.060262 0.930484
568.198 324.039 0.344292 0.0225536 0.889099
583.591 308.346 0.334754 0.0186886 0.881462
551.906 337.982 0.304428 0.0168609 0.842071
750.912 314.967 0.372934 -0.00783134 0.921354
547.565 329.613 0.310775 0.0185499 0.850448
587.308 321.17 0.337267 0.0184468 0.881542
614.41 341.456 0.0681001 0.00679456 0.578014
619.433 346.014 0.0677621 0.00684075 0.577668
567.2 300.124 0.337104 0.0216071 0.88624
755.524 100.887 0.316035 -0.00749493 0.903897
563.687 543.548 0.355797 0.0226171 0.856905
791.38 100.846 0.314241 -0.0123359 0.900238
782.207 575.318 0.460868 -0.015606 0.91626
943.137 592.328 0.0764244 0.00882935 0.590865
636.837 96.2823 0.0610289 0.00740778 0.569179
614.516 1.15438 0.328061 0.0167215 0.971213
879.915 176.634 0.397039 -0.0537745 1.00838
794.622 519.283 0.366163 -0.0104071 0.866738
644.508 118.162 0.419122 0.0232599 1.10614
726.795 96.8505 0.487419 -0.0253079 1.33821
836.338 637.499 -0.066527 -0.00350133 0.349083
