613.197 191.541 0.267503 0.0363562 1.16668
869.814 431.212 0.323252 -0.0417415 1.10935
736.669 22.673 0.212513 -0.00331768 1.15984
589.385 4.29649 0.205725 0.0345632 1.15928
880.122 433.439 0.313173 -0.0419069 1.10075
810.139 572.342 0.181621 -0.000501059 0.977852
877.041 284.975 0.276348 -0.0413752 1.12565
923.39 305.89 0.261037 -0.0461425 1.09976
560.708 158.57 0.206862 0.0354749 1.08918
732.127 27.2963 0.214958 -0.00226039 1.16283
891.038 30.3568 0.219857 -0.0466355 1.16755
727.356 71.1514 0.24067 -0.00209848 1.19177
494.814 465.986 0.297419 0.0666523 1.08405
484.75 171.213 0.265622 0.0797916 1.17956
875.104 526.201 0.354024 -0.0442281 1.09383
908.88 304.604 0.371127 -0.0914113 1.21809
559.458 325.88 0.390662 0.0883245 1.23518
874.094 169.635 0.250822 -0.0414692 1.1462
890.909 149.308 0.249683 -0.0479383 1.15476
904.879 382.152 0.462951 -0.116848 1.24369
613.833 570.354 0.316845 0.0358695 1.06294
881.922 542.701 0.329851 -0.0392443 1.07464
895.572 414.85 0.312567 -0.0478078 1.10695
730.026 105.669 0.350944 -0.0155668 1.42789
535.983 536.245 0.34781 0.066576 1.09243
774.142 543.194 0.351177 -0.0101033 1.08793
522.238 554.641 0.342168 0.0683456 1.08313
494.019 323.28 0.296626 0.0764899 1.13878
882.114 0.723515 0.208497 -0.041205 1.15978
629.485 58.6421 0.228212 0.0272882 1.17594
758.213 184.42 0.265778 -0.0100898 1.16422
640.781 580.323 0.341226 0.0313314 1.07252
609.896 4.87301 0.197058 0.0270472 1.13686
893.632 24.3603 0.218486 -0.0473095 1.16821
628.212 552.477 0.345029 0.0360138 1.08375
884.778 157.17 0.253445 -0.0470532 1.15673
776.685 596.592 0.326113 -0.00713289 1.05818
903.756 568.367 0.341852 -0.0469022 1.07269
899.808 635.116 0.39516 -0.0544278 1.07471
901.458 547.722 0.361902 -0.0532933 1.08996
743.553 150.335 0.239897 -0.0038954 1.14172
782.19 575.024 0.314927 -0.00825795 1.05835
890.441 160.202 0.255442 -0.049322 1.15813
891.742 291.944 0.264935 -0.0407593 1.10977
560.782 555.04 0.199918 0.0275986 0.994245
887.601 304.708 0.290062 -0.0476014 1.13181
740.144 445.109 0.971904 -0.0376918 1.46831
749.679 560.087 0.354821 -0.00198592 1.08447
563.582 506.047 0.433294 0.0822897 1.15351
751.665 555.98 0.352194 -0.00260121 1.08445
756.782 210.342 0.308781 -0.0144621 1.21265
761.577 168.921 0.262011 -0.0113459 1.16715
484.46 179.721 0.260115 0.0756602 1.16533
482.982 613.66 0.302895 0.0643862 1.04558
888.175 53.1078 0.232835 -0.0506051 1.18187
647.509 625.309 0.312184 0.026145 1.04534
874.196 18.1604 0.214468 -0.0405028 1.1633
875.335 232.045 0.445854 -0.136225 1.3904
615.242 162.886 0.238029 0.030337 1.13542
611.921 35.7189 0.216345 0.0303051 1.16428
650.188 1.1339 0.290586 0.0414622 1.48128
876.722 531.955 0.350908 -0.0435555 1.09001
746.161 308.093 0.268571 -0.00244507 1.1101
638.946 268.364 0.619598 0.118335 1.59968
769.954 297.3 0.247778 -0.00662234 1.091
764.666 185.059 0.251989 -0.00993831 1.14275
640.468 115.713 0.299075 0.0365884 1.2856
884.395 283.934 0.273231 -0.0424335 1.12243
751.117 184.454 0.265026 -0.00775326 1.16324
496.229 589.465 0.339869 0.0736689 1.07111
887.302 301.916 0.290379 -0.0478974 1.13342
491.865 460.103 0.301351 0.0691861 1.08895
587.361 4.39539 0.207544 0.0357073 1.16395
766.22 442.783 0.310518 -0.00750583 1.09732
480.021 303.707 0.26508 0.0682352 1.1129
494.906 583.416 0.342432 0.0752351 1.07434
916.257 419.852 0.292319 -0.0465897 1.08884
495.856 310.37 0.277457 0.0686552 1.12365
735.532 18.0522 0.210947 -0.00298347 1.15905
482.655 458.472 0.289791 0.0675817 1.08094
489.154 24.7452 0.215749 0.0652184 1.17408
877.457 20.9921 0.216942 -0.0424509 1.16727
503.689 576.603 0.32873 0.0686617 1.0691
885.451 23.4191 0.224003 -0.0487048 1.18242
771.625 563.381 0.337639 -0.0075684 1.07402
875.513 13.3173 -0.0845333 0.0143679 0.734084
896.981 139.845 0.230486 -0.041342 1.12791
871.067 554.687 0.35018 -0.0400082 1.08193
890.794 530.675 0.361779 -0.0511191 1.09623
766.456 146.284 0.244143 -0.0109653 1.15034
852.825 187.342 0.277354 -0.0438943 1.17764
821.942 302.981 0.416481 -0.0631505 1.27194
758.492 441.203 0.284235 -0.00333659 1.07805
597.568 200.935 -0.076228 0.0124686 0.74345
954.021 412.252 -0.0526464 0.0157754 0.771493
891.663 400.415 -0.0715034 0.0147653 0.750948
582.29 520.012 0.200829 0.0253461 0.999941
660.601 141.042 -0.0698047 0.0127337 0.749114
811.093 229.509 0.402232 -0.0655797 1.33194
753.885 412.643 0.408088 -0.012571 1.18489
892.434 561.209 0.326469 -0.0401891 1.06699
657.827 439.679 -0.0422617 0.0114761 0.782833
700.838 447.69 1.33217 0.0719924 1.59381
