674.83 535.175 0.312173 0.0361357 0.997294
793.121 456.546 0.214638 -0.108523 1.00405
849.329 108.093 -0.148526 -0.128077 0.899835
551.001 589.661 0.304424 0.149185 0.904232
575.489 235.759 -0.0293236 0.0797173 0.782751
908.704 141.422 -0.147915 -0.220546 0.984894
539.497 309.398 0.0196563 0.110148 0.799281
818.379 528.266 0.417666 -0.19067 1.14712
782.1 397.481 0.138781 -0.0921779 0.997598
825.31 28.0411 -0.264199 -0.127986 0.98923
877.741 229.756 -0.0474167 -0.167468 0.926319
837.133 171.101 -0.129831 -0.159236 1.03208
792.825 454.009 0.214157 -0.109372 1.00969
722.205 363.888 0.0980684 -0.0208366 0.994883
851.233 546.42 0.290186 -0.162451 0.948744
917.191 313.94 0.0419684 -0.264675 1.02954
841.255 324.724 0.0470643 -0.144464 0.953818
544.426 171.693 -0.120247 0.182445 1.00558
546.64 108.797 -0.149389 0.138574 0.907075
557.945 234.287 -0.0406016 0.133976 0.912455
579.099 181.534 -0.112281 0.147051 1.01626
484.518 306.138 0.0256766 0.202873 0.908281
491.043 278.777 -0.00120574 0.344121 1.15379
665.236 582.034 0.26416 0.0315187 0.862882
662.046 475.232 0.203621 0.0428771 0.937695
636.538 566.274 0.28402 0.065543 0.909998
560.073 335.55 0.0483757 0.121966 0.876102
895.298 76.7754 -0.225137 -0.213148 1.00816
912.478 114.366 -0.138744 -0.177487 0.886192
778.785 136.051 -0.131158 -0.0699572 0.920068
685.49 149.905 -0.0917071 0.0104037 0.818721
712.621 173.332 -0.136576 -0.0087532 1.06676
814.589 126.5 -0.109614 -0.0816573 0.824219
955.261 235.204 -0.0560089 -0.314255 1.04271
821.265 34.6843 -0.225839 -0.109678 0.932455
708.96 117.337 -0.137437 -0.00565405 0.891645
724.51 18.9846 -0.30011 -0.0221116 1.03304
948.83 119.151 -0.166863 -0.256347 0.974197
931.426 200.995 -0.0773571 -0.225811 0.942241
722.204 361.623 0.100168 -0.0213834 1.01681
934.264 458.908 0.223734 -0.289968 1.01709
923.79 313.068 0.0387573 -0.258286 1.00421
878.036 421.677 0.154836 -0.191838 0.963047
490.724 73.0063 -0.16167 0.167065 0.865844
549.683 176.155 -0.121715 0.186715 1.02937
612.395 115.029 -0.151658 0.0849356 0.927343
547.877 229.177 -0.0407075 0.126631 0.868286
493.505 306.871 0.0281836 0.207912 0.933483
634.247 468.962 0.215041 0.0793714 0.973596
547.858 596.046 0.302478 0.148031 0.893736
560.64 286.401 0.00714299 0.131008 0.90688
609.24 419.161 0.136351 0.0914627 0.917439
730.06 331.933 0.0528965 -0.0271215 0.93769
847.885 112.751 -0.135186 -0.118967 0.87287
734.462 158.404 -0.117748 -0.0304262 0.944357
769.015 78.8411 -0.169737 -0.0567827 0.893503
747.67 98.1996 -0.11681 -0.0310149 0.788159
843.776 116.554 -0.151494 -0.131797 0.927954
894.227 221.648 -0.0482094 -0.159751 0.870877
794.704 455.26 0.207449 -0.107765 0.992619
785.155 617.927 0.323212 -0.0803343 0.892004
846.792 580.318 0.355282 -0.170547 0.978557
518.463 213.513 -0.0551926 0.156759 0.883202
527.081 158.633 -0.114248 0.169797 0.935637
667.025 61.5193 -0.214446 0.0368377 0.958694
522.956 219.169 -0.0405395 0.11654 0.791537
556.835 161.89 -0.105143 0.132708 0.911925
506.238 292.915 0.0144287 0.195396 0.934935
631.811 471.216 0.207833 0.0780023 0.954447
663.663 468.366 0.206222 0.04372 0.957829
633.055 574.036 0.269651 0.0631333 0.880318
549.772 349.866 0.0509572 0.110478 0.818603
574.85 410.444 0.148975 0.147201 0.979791
607.043 420.695 0.133638 0.0905166 0.905481
722.591 572.043 0.262485 -0.0192302 0.873499
746.439 111.657 -0.120831 -0.0330733 0.82813
948.936 313.857 0.0327665 -0.239717 0.924718
909.47 114.714 -0.142518 -0.179997 0.897804
955.877 277.271 -0.00257542 -0.225983 0.893016
717.348 325.828 0.061134 -0.015708 1.05822
776.284 141.264 -0.120881 -0.0650357 0.901427
804.883 108.517 -0.139272 -0.0843709 0.875552
826.227 184.177 -0.135601 -0.170629 1.11011
569.31 352.429 0.0791398 0.145124 0.963414
951.048 190.637 -0.0754426 -0.211299 0.88177
868.275 84.8981 -0.138371 -0.11922 0.824709
796.234 456.826 0.205411 -0.107722 0.984446
781.64 409.942 0.128526 -0.0782959 0.923227
722.757 359.138 0.100939 -0.0225381 1.03489
487.716 181.407 -0.101073 0.228272 0.971632
661.541 153.509 -0.0937639 0.0293306 0.838039
527.456 243.763 -0.0294034 0.147597 0.877313
645.397 538.106 0.307557 0.0701458 0.985732
552.936 284.955 0.00506286 0.125921 0.873899
606.726 422.501 0.13284 0.0890017 0.898329
824.799 17.4707 -0.218863 -0.102909 0.893173
717.92 322.845 0.0715059 -0.018081 1.186
770.423 309.898 0.0592798 -0.137278 1.33763
809.472 247.445 -0.0440911 -0.141711 1.08193
692.509 206.6 -0.0953965 0.0177421 1.07108
724.911 271.882 -0.0358155 -0.0401937 1.48388
736.898 336.359 0.0280283 -0.0222389 0.726932
737.445 324.586 0.0659063 -0.0463813 1.11398
721.524 542.127 0.286719 -0.0201151 0.950465
722.417 357.735 0.0948947 -0.0215594 1.01465
821.744 449.067 0.181531 -0.127801 0.9527
618.146 493.506 0.171023 0.0663804 0.839454
672.388 449.195 0.224075 0.0435838 1.0424
639.54 549.842 0.287083 0.0677798 0.93844
529.771 9.58122 -0.215139 0.138849 0.877332
525.567 635.674 0.277491 0.136858 0.819796
649.354 1.20687 -0.181144 0.0328706 0.800477
546.743 174.662 -0.117429 0.180626 1.0072
584.148 154.464 -0.10773 0.10339 0.896971
710.27 147.966 -0.146622 -0.00615427 1.0046
541.577 282.499 0.00219712 0.12119 0.835911
678.367 416.695 0.126093 0.0219274 0.895378
942.14 194.221 -0.0783555 -0.220623 0.913756
554.957 355.562 0.0710208 0.137214 0.903771
605.631 420.38 0.128901 0.0885614 0.892861
826.224 307.11 0.0135471 -0.0760167 0.749539
870.326 464.161 0.23793 -0.215683 1.0306
771.361 334.212 0.0563476 -0.0702489 0.946911
776.385 131.79 -0.120862 -0.0613403 0.875622
783.55 333.224 0.0695626 -0.10244 1.04997
796.493 454.321 0.202459 -0.10799 0.984624
854.233 595.076 0.315828 -0.153497 0.911683
671.869 546.065 0.284695 0.0335046 0.941171
911.382 284.349 0.00548155 -0.272569 1.06083
524.847 87.0251 -0.143431 0.132483 0.845379
561.975 78.4364 -0.210454 0.151445 0.985178
955.495 186.609 -0.0779052 -0.212457 0.877276
907.204 87.3499 -0.142696 -0.15326 0.840576
503.399 215.594 -0.0376608 0.107772 0.736789
592.5 164.01 -0.111237 0.108797 0.942153
786.65 412.366 0.115325 -0.0746028 0.875799
709.407 121.866 -0.134555 -0.00603093 0.894134
745.097 153.933 -0.131538 -0.0433301 0.976325
747.859 77.8448 -0.151191 -0.0351791 0.84645
507.481 108.023 -0.193755 0.227035 1.01722
686.909 354.26 0.109005 0.0285856 1.10438
729.434 355.269 0.027936 -0.0158963 0.663094
788.022 301.6 0.0285744 -0.10857 1.05595
530.954 629.472 0.287405 0.140129 0.837702
898.16 493.963 0.204087 -0.188467 0.902702
875.742 171.572 -0.162919 -0.254389 1.14014
672.154 546.111 0.286015 0.033388 0.942927
834.185 466.55 0.166492 -0.119214 0.880333
796.411 424.214 0.103639 -0.0706696 0.810354
660.198 53.5994 -0.19834 0.0379475 0.911714
816.868 26.9012 -0.223311 -0.101482 0.915516
763.407 167.547 -0.133914 -0.0702377 1.03324
791.546 244.23 -0.0469772 -0.114392 1.06993
653.371 368.658 0.124634 0.0740297 1.07995
853.424 113.726 -0.151247 -0.138304 0.920317
639.586 458.712 0.211828 0.0767852 0.991872
872.082 416.575 0.158517 -0.19622 0.988912
910.354 509.418 0.1939 -0.17879 0.857713
723.186 567.95 0.256788 -0.0196717 0.871063
748.113 254.828 -0.0446121 -0.0696292 1.19739
670.373 173.266 -0.0989932 0.0309819 0.926455
573.557 146.509 -0.105427 0.102578 0.864418
613.664 564.026 0.401478 0.130381 1.05724
817.104 427.399 0.311697 -0.236742 1.2966
531.882 308.836 0.0172831 0.106558 0.774911
936.098 112.2 -0.110315 -0.154516 0.793506
919.532 518.675 0.186942 -0.173928 0.831099
911.661 132.836 -0.118058 -0.169403 0.867475
776.8 65.8567 -0.202772 -0.0701608 0.941968
840.251 46.0599 -0.187732 -0.111847 0.875551
932.635 141.364 -0.0844167 -0.139875 0.762209
710.72 115.504 -0.121757 -0.00731112 0.839888
482.819 286.895 0.00673568 0.182343 0.868195
525.704 372.831 0.0959288 0.181765 0.939813
549.77 427.989 0.126882 0.130136 0.867219
510.666 68.6264 -0.134817 0.120614 0.789833
622.173 387.466 0.110601 0.0830737 0.938811
874.11 148.132 -0.1057 -0.139123 0.866262
781.825 614.566 0.327897 -0.0787818 0.901273
691.862 308.653 0.0188461 0.00521308 0.800163
556.667 414.446 0.0900311 0.0967042 0.787958
738.993 138.256 -0.105892 -0.0286166 0.84131
790.713 129.497 -0.129737 -0.0769324 0.897834
831.708 345.11 0.0504128 -0.103061 0.841878
593.456 81.789 -0.144798 0.0792032 0.838537
857.221 327.251 0.0395797 -0.131804 0.869781
524.725 37.8549 -0.241909 0.182353 0.969706
709.347 81.7652 -0.127867 -0.00643214 0.791299
955.796 320.421 0.040964 -0.257535 0.942461
898.992 149.714 -0.15307 -0.230151 1.02673
738.671 340.452 1.48778 -0.993054 5.6005
679.992 172.703 -0.100072 0.0220524 0.928638
789.551 256.826 -0.0431974 -0.145103 1.21416
571.504 334.739 0.0549343 0.129601 0.928166
505.001 239.014 -0.030933 0.151763 0.845046
555.542 232.773 -0.0404427 0.130467 0.896796
929.803 274.64 -0.00622756 -0.268124 1.01364
606.351 201.35 -0.0969352 0.125233 1.04954
776.776 391.298 0.152944 -0.0985671 1.06794
899.639 217.806 -0.0806789 -0.253524 1.06329
606.606 294.7 0.017972 0.110169 0.987962
522.32 502.382 0.164318 0.132042 0.81189
816.739 364.598 0.107065 -0.142126 1.03246
959.425 319.61 0.0430992 -0.279869 0.972072
834.914 564.769 0.367929 -0.169906 1.01774
724.734 247.514 -0.0644312 -0.0312403 1.25532
656.613 86.9049 -0.201594 0.0507779 0.98338
625.976 17.7439 -0.171051 0.0482938 0.800822
929.594 245.753 -0.0537847 -0.343214 1.14027
741.665 265.703 -0.0480052 -0.0819273 1.44151
808.113 169.427 -0.125749 -0.119099 1.01168
823.336 328.907 0.0617753 -0.149731 1.03483
767.656 41.9442 -0.193741 -0.0537982 0.882031
836.594 171.986 -0.129581 -0.159505 1.03481
785.061 611.486 0.332397 -0.0836456 0.910094
721.891 363.963 0.101682 -0.0208611 1.01062
909.37 479.339 0.329495 -0.340606 1.14733
909.306 442.767 0.25218 -0.319373 1.12083
803.831 483.445 0.685314 -0.328617 1.58915
947.587 375.976 0.100842 -0.258483 0.952042
927.322 421.756 0.180918 -0.28673 1.03089
891.347 432.026 0.143736 -0.180107 0.904961
518.493 104.218 -0.172593 0.185593 0.956929
550.075 308.567 0.0474986 0.26507 1.17827
529.26 357.414 0.0779034 0.172709 0.929456
624.814 490.109 0.195295 0.0719326 0.892223
565.568 564.057 0.329954 0.161078 0.972091
625.871 406.874 0.148367 0.091578 0.990716
597.541 294.938 0.0225821 0.160822 1.11264
555.998 422.934 0.132259 0.135082 0.895161
606.48 423.182 0.135593 0.0907628 0.904176
