609.028 186.453 0.264657 0.0362472 1.16491
864.479 425.393 0.320406 -0.0418506 1.10758
731.563 17.5992 0.209667 -0.00342673 1.15807
874.508 427.492 0.310327 -0.042016 1.09898
797.94 563.045 0.178775 -0.000610114 0.976078
871.555 279.652 0.273502 -0.0414842 1.12388
917.044 300.253 0.258191 -0.0462515 1.09799
554.771 152.789 0.204015 0.0353658 1.08741
727.104 22.2347 0.212111 -0.00236944 1.16106
885.766 25.5088 0.217011 -0.0467446 1.16578
722.978 66.273 0.237824 -0.00220754 1.19
490.547 459.533 0.294573 0.0665432 1.08227
480.907 166.093 0.262776 0.0796826 1.17778
869.738 519.886 0.351178 -0.0443372 1.09206
889.252 636.814 0.384884 -0.0503317 1.06727
904.984 300.176 0.368281 -0.0915204 1.21631
556.759 321.351 0.387816 0.0882154 1.23341
868.758 164.624 0.247976 -0.0415783 1.14443
885.653 144.39 0.246836 -0.0480473 1.15299
901.446 377.892 0.460104 -0.116957 1.24192
609.035 563.253 0.313999 0.0357605 1.06117
875.981 535.987 0.327005 -0.0393533 1.07286
889.982 409.048 0.30972 -0.0479168 1.10518
727.749 101.826 0.348098 -0.0156758 1.42612
532.232 529.793 0.344964 0.066467 1.09065
769.22 536.7 0.348331 -0.0102123 1.08616
518.409 547.971 0.339322 0.0682365 1.08135
490.213 317.799 0.29378 0.0763808 1.137
624.972 53.5545 0.225366 0.0271791 1.17416
753.634 179.445 0.262932 -0.0101989 1.16245
636.261 573.398 0.33838 0.0312224 1.07075
888.353 19.5153 0.21564 -0.0474186 1.16644
623.925 545.848 0.342182 0.0359047 1.08198
879.604 152.261 0.250599 -0.0471623 1.15496
771.028 589.332 0.323267 -0.00724195 1.05641
897.759 561.533 0.339006 -0.0470113 1.07092
894.301 628.091 0.392314 -0.0545368 1.07294
895.938 541.28 0.359056 -0.0534023 1.08819
738.449 145.173 0.237051 -0.00400446 1.13995
776.369 567.844 0.312081 -0.008367 1.05657
885.286 155.307 0.252596 -0.049431 1.15636
885.791 286.436 0.262089 -0.0408683 1.108
552.05 546.265 0.197072 0.0274895 0.992471
882.288 299.432 0.287216 -0.0477105 1.13004
738.755 442.118 0.969058 -0.0378009 1.46654
744.874 553.475 0.351975 -0.00209497 1.08269
560.794 500.595 0.430448 0.0821806 1.15174
746.826 549.381 0.349348 -0.00271026 1.08268
753.033 205.739 0.305935 -0.0145711 1.21088
756.995 163.972 0.259165 -0.011455 1.16538
480.453 174.501 0.257269 0.0755512 1.16356
883.246 48.3466 0.229989 -0.0507142 1.1801
642.205 617.625 0.309338 0.0260359 1.04356
868.846 13.2643 0.211622 -0.0406118 1.16153
872.874 228.583 0.443008 -0.136334 1.38862
610.377 157.55 0.235183 0.0302279 1.13365
607.16 30.5304 0.213499 0.030196 1.16251
871.262 525.557 0.348061 -0.0436646 1.08824
740.866 302.462 0.265725 -0.00255413 1.10833
637.542 265.493 0.616752 0.118226 1.5979
763.952 291.466 0.244932 -0.0067314 1.08922
759.641 179.911 0.249143 -0.0100474 1.14098
637.377 111.274 0.296229 0.0364794 1.28382
878.794 278.581 0.270385 -0.0425425 1.12066
746.539 179.464 0.26218 -0.00786232 1.16146
492.391 582.46 0.337023 0.0735599 1.06934
882.019 296.662 0.287533 -0.0480064 1.13164
487.711 453.745 0.298505 0.0690771 1.08718
761.088 436.711 0.307671 -0.00761488 1.09554
491.132 576.493 0.339586 0.075126 1.07257
910.035 413.775 0.289473 -0.0466987 1.08707
491.693 304.73 0.274611 0.0685461 1.12188
730.399 12.9699 0.208101 -0.00309252 1.15727
484.656 19.4448 0.212903 0.0651093 1.1723
872.19 16.1212 0.214096 -0.04256 1.16549
499.658 569.591 0.325884 0.0685527 1.06732
880.474 18.6341 0.221157 -0.0488138 1.18065
766.383 556.563 0.334793 -0.00767746 1.07225
891.029 134.726 0.22764 -0.0414511 1.12614
865.501 548.07 0.347334 -0.0401173 1.08015
885.434 524.392 0.358933 -0.0512282 1.09446
761.462 141.213 0.241297 -0.0110743 1.14856
848.231 182.56 0.274508 -0.0440034 1.17586
818.898 298.896 0.413635 -0.0632596 1.27017
752.778 434.82 0.281389 -0.00344564 1.07627
677.792 75.5187 -0.0790741 0.0123596 0.741676
953.97 298.924 -0.0743496 0.0146562 0.749174
573.674 511.59 0.197983 0.025237 0.998167
726.807 43.1181 -0.0726508 0.0126246 0.74734
808.401 225.704 0.399385 -0.0656888 1.33017
750.429 407.738 0.405242 -0.01268 1.18311
886.25 554.283 0.323623 -0.0402982 1.06522
745.61 594.904 -0.0798908 0.0126488 0.74689
704.836 388.961 -0.0451079 0.0113671 0.781059
699.937 445.169 1.32932 0.0718833 1.59204
