605.038 183.99 0.266057 0.0382183 1.16613
858.741 421.499 0.324513 -0.0401091 1.1114
727.411 14.3295 0.210872 -0.00148897 1.15896
871.302 425.315 0.310795 -0.0399747 1.09924
791.846 555.397 0.181251 0.00132891 0.977937
867.946 276.866 0.274384 -0.0394853 1.12448
913.312 297.216 0.259158 -0.0442521 1.09863
549.062 148.439 0.204694 0.0373039 1.08756
722.664 18.7643 0.213257 -0.000351737 1.162
881.966 22.0585 0.217953 -0.04475 1.16637
722.379 6.09375 0.202071 0.000503596 1.14297
866.705 518.269 0.351491 -0.0422786 1.0923
886.391 635.653 0.385139 -0.0482676 1.06757
899.872 298.332 0.372012 -0.0899698 1.22031
552.618 319.803 0.38753 0.0899852 1.23309
864.901 161.67 0.24905 -0.0395954 1.14522
881.738 141.579 0.248029 -0.0460834 1.15393
893.614 374.514 0.470138 -0.116519 1.25202
604.749 561.404 0.31492 0.0376968 1.06186
872.543 533.885 0.327793 -0.0373379 1.07346
894.052 411.439 0.301568 -0.0448833 1.09672
724.836 101.478 0.350746 -0.0137869 1.42995
527.887 528.23 0.345836 0.068391 1.09139
767.43 541.49 0.342364 -0.00802533 1.08079
516.406 543.617 0.343015 0.0703962 1.08458
481.128 315.816 0.290544 0.0777905 1.13315
621.267 52.2216 0.227813 0.0291948 1.17678
749.832 176.561 0.263753 -0.0082203 1.163
632.153 571.961 0.339018 0.0331581 1.07126
884.574 15.9505 0.216529 -0.0454091 1.16696
619.843 544.406 0.3428 0.037826 1.08247
876.158 149.18 0.251346 -0.0451591 1.15534
767.396 588.126 0.323529 -0.00523193 1.05655
894.54 559.673 0.339618 -0.0449733 1.07139
891.443 626.852 0.392628 -0.052475 1.0733
892.986 539.661 0.359424 -0.0513435 1.08851
734.347 142.152 0.238254 -0.0020478 1.14087
772.611 565.947 0.312804 -0.00637933 1.05708
887.555 147.191 0.247051 -0.0466311 1.14911
882.171 283.444 0.262852 -0.0388377 1.10844
546.564 541.981 0.198498 0.0294508 0.993355
878.823 296.827 0.288035 -0.045704 1.1306
739.093 452.173 0.909302 -0.0340417 1.42243
743.518 566.011 0.339155 7.06092e-05 1.07148
558.345 498.189 0.433548 0.0843222 1.15453
743.276 547.897 0.349832 -0.000732565 1.08308
749.693 203.175 0.306118 -0.0125681 1.2108
753.411 160.941 0.259536 -0.00948184 1.16523
879.562 45.2085 0.230955 -0.0487425 1.18078
637.907 615.95 0.310149 0.0279772 1.04414
865.252 9.16348 0.212212 -0.0385541 1.16158
873.094 226.34 0.436423 -0.132129 1.37955
605.374 154.014 0.235843 0.032237 1.13391
604.357 30.4305 0.217138 0.0322388 1.16711
875.902 535.681 0.336868 -0.0403829 1.07792
737.972 299.631 0.261391 -0.000519271 1.1032
637.255 265.77 0.629351 0.121633 1.61393
761.951 288.016 0.237463 -0.00432494 1.08049
755.671 177.061 0.250358 -0.00809898 1.14193
634.883 110.869 0.299134 0.0383049 1.28714
875.224 275.753 0.271252 -0.0405493 1.12123
742.759 176.426 0.262649 -0.00586588 1.16154
488.323 580.476 0.338384 0.0754894 1.07047
878.952 294.003 0.28784 -0.0459405 1.13166
481.585 452.953 0.298085 0.0707796 1.08645
757.887 436.5 0.305309 -0.0054724 1.093
485.852 575.84 0.339822 0.0769738 1.07271
904.437 409.892 0.292518 -0.0449528 1.08987
482.565 302.012 0.271816 0.0700823 1.11852
897.5 265.048 0.0796799 0.00602597 0.909031
726.223 9.32898 0.209114 -0.00114153 1.15792
869.017 11.3768 0.214238 -0.0404378 1.16493
493.972 570.288 0.324832 0.0700168 1.0663
877.748 13.6929 0.220961 -0.0466378 1.17961
762.806 552.894 0.337309 -0.00589215 1.07437
888.088 130.293 0.227532 -0.0392783 1.12541
862.04 545.822 0.34844 -0.0381655 1.08106
890.207 533.52 0.345474 -0.0471215 1.08317
763.94 133.3 0.235093 -0.00988578 1.13938
844.679 179.884 0.275397 -0.0420084 1.17654
816.626 297.183 0.412455 -0.0610288 1.26897
748.721 432.141 0.282599 -0.00147619 1.07717
609.825 112.264 -0.0783379 0.014507 0.741281
906.706 325.395 -0.0726645 0.0167771 0.749614
606.914 457.454 0.252385 0.0293393 1.0486
821.873 205.581 0.345943 -0.0563407 1.26704
750.84 417.983 0.362774 -0.00833972 1.14437
884.315 552.59 0.323667 -0.0384884 1.06525
686.717 627.497 -0.0780465 0.0147482 0.74751
675.405 411.652 -0.0428662 0.0133483 0.782211
698.438 444.372 1.33185 0.0746225 1.59602
