605.867 178.407 0.264545 0.0386565 1.16323
857.21 413.762 0.323001 -0.0396709 1.1085
727.247 9.43598 0.20936 -0.00105081 1.15606
869.601 417.168 0.309283 -0.0395366 1.09634
790.993 537.652 0.179739 0.00176707 0.975034
866.383 270.097 0.272871 -0.0390471 1.12158
911.172 289.648 0.257645 -0.043814 1.09573
550.984 141.338 0.203181 0.0377421 1.08466
722.537 13.8861 0.211744 8.64249e-05 1.1591
880.46 17.2594 0.216441 -0.0443118 1.16347
722.284 1.02783 0.200559 0.000941758 1.14007
481.245 453.328 0.287785 0.0682372 1.07389
481.361 160.133 0.265182 0.0824295 1.1792
865.022 509.558 0.349978 -0.0418404 1.0894
884.399 625.619 0.383626 -0.0478294 1.06467
898.334 293.246 0.3705 -0.0895316 1.21741
553.59 314.766 0.386017 0.0904234 1.23018
863.452 155.884 0.247538 -0.0391573 1.14232
880.168 136.043 0.246516 -0.0456453 1.15102
892.182 369.681 0.468626 -0.116081 1.24912
605.966 551.1 0.313407 0.0381349 1.05895
870.724 524.325 0.32628 -0.0368998 1.07056
892.102 403.267 0.300056 -0.0444451 1.09382
724.602 98.2404 0.349233 -0.0133488 1.42705
529.726 519.361 0.344323 0.0688291 1.08849
766.778 532.21 0.340852 -0.00758717 1.07789
518.412 534.423 0.341503 0.0708344 1.08168
483.208 309.001 0.289031 0.0782287 1.13025
621.952 47.3481 0.2263 0.0296329 1.17388
749.432 170.99 0.26224 -0.00778214 1.1601
632.99 562.119 0.337505 0.0335963 1.06835
883.048 11.1882 0.215016 -0.044971 1.16406
620.768 535.149 0.341288 0.0382642 1.07957
874.641 143.632 0.249834 -0.044721 1.15244
766.735 577.508 0.322017 -0.00479377 1.05364
892.467 549.95 0.338106 -0.0445352 1.06849
889.422 617.122 0.391115 -0.0520368 1.0704
891.011 530.751 0.357912 -0.0509054 1.0856
734.107 136.35 0.236741 -0.00160964 1.13797
771.896 555.422 0.311291 -0.00594117 1.05418
885.914 141.548 0.245539 -0.046193 1.14621
880.406 276.227 0.261339 -0.0383995 1.10554
549.668 526.313 0.196986 0.029889 0.990452
877.174 290.12 0.286522 -0.0452658 1.1277
738.791 448.82 0.90779 -0.0336035 1.41953
743.125 556.23 0.337642 0.000508771 1.06858
559.535 491.367 0.432035 0.0847604 1.15163
742.881 538.694 0.34832 -0.000294403 1.08017
749.288 198.202 0.304606 -0.0121299 1.20789
752.984 155.473 0.258023 -0.00904368 1.16233
878.12 40.4776 0.229442 -0.0483043 1.17788
638.822 604.453 0.308636 0.0284154 1.04124
863.878 4.36295 0.210699 -0.0381159 1.15867
872.095 222.824 0.434911 -0.131691 1.37665
606.36 147.99 0.234331 0.0326752 1.13101
605.228 25.5312 0.215626 0.032677 1.16421
874.064 526.321 0.335356 -0.0399448 1.07502
737.691 292.147 0.259878 -8.11089e-05 1.1003
637.331 263.201 0.627838 0.122071 1.61103
761.436 279.861 0.23595 -0.00388678 1.07759
755.224 171.115 0.248846 -0.00766082 1.13903
635.188 106.848 0.297621 0.0387431 1.28424
873.578 268.911 0.26974 -0.0401112 1.11833
742.421 170.83 0.261137 -0.00542772 1.15863
490.743 570.53 0.336871 0.0759275 1.06756
877.306 287.334 0.286328 -0.0455023 1.12876
484.023 444.129 0.296573 0.0712177 1.08354
855.038 638.3 0.392171 -0.0386906 1.06419
757.364 428.06 0.303796 -0.00503424 1.0901
488.277 566.016 0.338309 0.077412 1.06981
902.344 401.485 0.291005 -0.0445146 1.08697
484.771 294.888 0.270304 0.0705204 1.11562
894.305 229.278 0.0781674 0.00646413 0.906128
726.072 4.4463 0.207602 -0.000703367 1.15502
867.62 6.60746 0.212726 -0.0399996 1.16203
496.392 560.157 0.323319 0.070455 1.0634
876.323 9.08422 0.219448 -0.0461996 1.1767
875.54 636.874 0.374031 -0.0419396 1.05746
762.202 543.291 0.335797 -0.00545398 1.07147
886.352 124.291 0.22602 -0.0388401 1.1225
860.365 536.572 0.346927 -0.0377273 1.07816
888.237 524.401 0.343962 -0.0466833 1.08026
763.427 127.521 0.233581 -0.00944762 1.13648
843.487 174.536 0.273885 -0.0415702 1.17364
815.776 292.668 0.410943 -0.0605906 1.26607
748.31 423.098 0.281087 -0.00103803 1.07427
588.721 122.188 -0.0798504 0.0149452 0.738379
956.549 381.667 -0.0553392 0.01822 0.767295
877.873 327.76 -0.074177 0.0172152 0.746712
608.312 446.859 0.250873 0.0297775 1.0457
821.007 201.237 0.34443 -0.0559025 1.26413
750.382 411.139 0.361262 -0.00790156 1.14147
882.325 542.577 0.322154 -0.0380502 1.06235
664.092 613.486 -0.0795589 0.0151864 0.744607
662.856 424.924 -0.0443787 0.0137865 0.779309
698.387 441.892 1.33034 0.0750606 1.59312
