605.234 173.789 0.263659 0.0390264 1.16257
856.78 408.671 0.322115 -0.039301 1.10784
726.3 3.88411 0.208474 -0.000680893 1.1554
869.137 411.809 0.308397 -0.0391667 1.09568
865.771 264.772 0.271985 -0.0386772 1.12092
910.496 283.784 0.25676 -0.0434441 1.09506
550.166 135.12 0.202295 0.038112 1.084
721.601 8.40429 0.210859 0.000456338 1.15843
879.592 11.6486 0.215555 -0.0439419 1.1628
481.21 448.038 0.286899 0.0686072 1.07322
480.688 155.83 0.264296 0.0827995 1.17854
864.679 504.348 0.349092 -0.0414705 1.08874
884.132 620.143 0.382741 -0.0474595 1.06401
897.888 289.292 0.369614 -0.0891617 1.21674
553.336 311.471 0.385131 0.0907933 1.22952
862.727 150.519 0.246652 -0.0387874 1.14166
879.431 130.72 0.24563 -0.0452754 1.15036
891.848 366.263 0.46774 -0.115711 1.24846
605.992 545.544 0.312521 0.0385048 1.05829
870.349 518.673 0.325395 -0.0365298 1.06989
891.589 397.774 0.29917 -0.0440752 1.09316
724.023 95.1511 0.348348 -0.0129789 1.42638
529.849 514.604 0.343437 0.0691991 1.08782
959.892 582.644 0.396156 -0.0820009 1.08135
766.586 526.919 0.339966 -0.00721726 1.07722
752.245 635.903 0.378405 -0.00172978 1.05937
518.575 529.563 0.340617 0.0712043 1.08101
482.879 304.479 0.288146 0.0785986 1.12959
621.058 42.3451 0.225414 0.0300029 1.17322
748.775 166.109 0.261355 -0.00741223 1.15943
633.032 556.846 0.336619 0.0339662 1.06769
882.174 5.55679 0.21413 -0.0446011 1.1634
620.792 530.102 0.340402 0.0386341 1.07891
873.919 138.367 0.248948 -0.0443511 1.15178
766.562 571.667 0.321131 -0.00442386 1.05298
892.09 544.3 0.33722 -0.0441653 1.06783
889.146 611.769 0.390229 -0.0516669 1.06973
890.651 525.486 0.357026 -0.0505355 1.08494
733.354 131.007 0.235856 -0.00123973 1.13731
771.675 549.512 0.310406 -0.00557125 1.05351
885.174 136.163 0.244653 -0.0458231 1.14554
549.419 517.449 0.1961 0.0302589 0.989789
876.596 284.963 0.285636 -0.0448959 1.12703
738.802 446.812 0.906904 -0.0332336 1.41887
742.99 550.799 0.336756 0.000878684 1.06792
559.661 487.664 0.431149 0.0851303 1.15097
742.742 533.514 0.347434 7.55098e-05 1.07951
748.738 194.023 0.30372 -0.01176 1.20723
752.303 150.562 0.257137 -0.00867377 1.16167
877.311 35.1625 0.228557 -0.0479344 1.17721
638.869 598.443 0.30775 0.0287853 1.04058
871.723 219.796 0.434025 -0.131321 1.37598
605.623 142.738 0.233445 0.0330451 1.13034
604.271 20.3257 0.21474 0.0330469 1.16355
873.699 520.794 0.33447 -0.0395749 1.07435
737.144 286.627 0.258992 0.000288804 1.09963
637.063 261.413 0.626953 0.122441 1.61037
760.795 273.698 0.235065 -0.00351687 1.07692
754.531 165.895 0.24796 -0.0072909 1.13836
634.499 103.153 0.296735 0.039113 1.28357
872.954 263.509 0.268854 -0.0397412 1.11766
741.762 165.936 0.260251 -0.0050578 1.15797
491.008 565.449 0.335986 0.0762975 1.0669
876.726 282.187 0.285442 -0.0451324 1.1281
483.981 439.061 0.295687 0.0715876 1.08288
854.845 632.896 0.391285 -0.0383207 1.06352
757.024 422.739 0.302911 -0.00466433 1.08944
488.539 560.986 0.337424 0.0777819 1.06915
901.8 395.807 0.290119 -0.0441447 1.08631
484.387 290.039 0.269418 0.0708904 1.11496
890.84 199.996 0.0772817 0.00683404 0.905465
866.731 0.948238 0.21184 -0.0396297 1.16137
496.607 554.911 0.322434 0.0708249 1.06273
875.47 3.62543 0.218563 -0.0458297 1.17604
875.289 631.236 0.373146 -0.0415697 1.0568
762.022 537.871 0.334911 -0.00508407 1.07081
885.534 118.422 0.225134 -0.0384702 1.12184
860.043 531.18 0.346042 -0.0373574 1.0775
887.86 518.986 0.343076 -0.0463134 1.0796
762.655 122.081 0.232695 -0.00907771 1.13582
842.848 169.733 0.272999 -0.0412003 1.17298
815.415 289.259 0.410057 -0.0602207 1.26541
747.931 417.364 0.280201 -0.000668115 1.07361
591.165 133.47 -0.0807361 0.0153151 0.737715
958.351 394.826 -0.056225 0.0185899 0.766631
820.519 197.498 0.343544 -0.0555326 1.26347
881.938 536.736 0.321268 -0.0376803 1.06169
698.497 440.452 1.32946 0.0754305 1.59246
