734.754 140.31 0.228117 -0.472167 4.93489
712.348 132.405 -0.106481 -0.1384 5.67048
733.838 263.888 -0.128296 0.0166536 0.383108
566.13 562.602 -0.0305618 0.0265253 0.453779
550.278 256.515 0.337784 0.0263203 0.89113
959.096 37.3734 0.312451 -0.0407923 0.909311
694.189 236.65 0.910834 0.0357976 1.89496
748.569 190.407 -0.0343462 0.0136674 0.481027
562.215 48.2895 0.307553 0.0212401 0.902713
886.696 375.56 0.430137 -0.0502991 0.946844
923.445 51.6318 0.219316 -0.0007712 0.755197
588.604 169.668 0.376843 0.0297332 0.977716
587.354 423.156 -0.00324941 0.0187427 0.500646
946.728 287.853 0.542169 -0.149333 1.11299
757.945 480.027 0.318323 -0.00193699 0.82778
733.677 42.8051 0.308355 -0.00453516 0.903291
759.159 172.599 0.388379 -0.0173215 0.990512
744.147 277.812 0.328121 -0.00369269 0.871951
941.535 612.716 0.385643 -0.0347887 0.851708
952.429 232.362 0.325013 -0.0337563 0.875812
859.966 410.482 0.428199 -0.0397109 0.932962
910.455 92.1006 0.352324 -0.0500037 0.964626
921.997 452.443 0.376022 -0.035952 0.877663
928.558 446.186 0.36766 -0.0348311 0.872239
791.474 632.935 0.378696 -0.00894986 0.845734
552.319 482.018 0.329834 0.02172 0.838604
543.849 487.202 0.348464 0.0260736 0.852954
780.086 488.841 0.34174 -0.00636389 0.845105
740.347 425.916 0.367694 -0.00344688 0.879027
895.132 628.067 0.489983 -0.0505466 0.90143
761.015 472.157 0.328576 -0.00311098 0.83731
525.956 70.1794 0.308249 0.026368 0.897901
778.673 436.313 0.407046 -0.0143186 0.908742
712.437 68.0521 0.50202 -0.0556302 2.35586
851.37 151.783 0.399389 -0.0508378 1.01861
754.751 79.8134 0.315053 -0.00779998 0.903837
524.824 68.8995 0.304769 0.0255208 0.891895
774.56 457.744 0.366704 -0.00857191 0.870828
566.159 632.293 0.381636 0.0268381 0.849779
538.156 32.8094 0.295481 0.0218575 0.884207
602.146 440.411 0.360298 0.0195716 0.871166
503.208 540.163 0.47006 0.0643749 0.92569
550.645 281.903 0.339656 0.0262249 0.887009
562.255 264.136 0.328381 0.0223774 0.877446
532.204 282.176 0.301261 0.0206012 0.841752
732.067 273.678 0.343554 -0.00309283 0.891299
521.864 276.861 0.303664 0.022258 0.845545
567.554 277.713 0.332404 0.0221855 0.879139
654.685 574.479 0.572664 0.0285312 0.963555
608.239 320.369 0.0624477 0.0108327 0.576024
944.487 61.85 0.320088 -0.0410016 0.915765
541.633 254.67 0.326607 0.0251438 0.877662
731.512 51.6366 0.304042 -0.00354671 0.892501
546.611 489.03 0.352124 0.026345 0.855513
763.106 76.5367 0.315443 -0.00925499 0.90543
762.162 534.057 0.456618 -0.0119176 0.914668
863.217 148.422 0.388114 -0.0497313 1.00068
765.893 463.986 0.366989 -0.00703404 0.869847
631.339 95.1989 0.411395 0.0267519 1.09922
717.841 99.6155 0.507063 -0.0235442 1.37359
892.587 306.692 0.0593288 0.0126491 0.572671
908.938 567.03 0.0602605 0.0127011 0.576057
650.564 477.124 0.053199 0.0116812 0.56683
643.968 304.836 0.0640061 0.0109724 0.577565
