734.501 141.242 0.22863 -0.471302 4.93503
712.227 133.253 -0.105968 -0.137534 5.67062
739.524 261.03 -0.127783 0.0175192 0.383246
575.448 557.554 -0.0300488 0.027391 0.453916
544.722 260.082 0.338297 0.0271859 0.891268
953.728 42.0573 0.312964 -0.0399267 0.909449
693.149 237.384 0.911347 0.0366632 1.89509
759.699 185.482 -0.0338332 0.014533 0.481165
556.874 52.0608 0.308066 0.0221058 0.902851
882.38 378.659 0.43065 -0.0494335 0.946982
906.766 65.7762 0.219829 9.44352e-05 0.755335
584.571 172.304 0.377356 0.0305989 0.977854
602.344 416.338 -0.0027364 0.0196083 0.500784
943.712 290.15 0.542682 -0.148467 1.11312
750.58 485.233 0.318836 -0.00107136 0.827917
728.381 47.0056 0.308868 -0.00366953 0.903429
755.316 175.507 0.388892 -0.0164559 0.990649
738.202 282.105 0.328634 -0.00282705 0.872089
958.575 275.875 0.343191 -0.0400185 0.887838
935.451 616.991 0.386156 -0.0339231 0.851845
946.448 237.08 0.325526 -0.0328907 0.87595
855.498 413.624 0.428712 -0.0388453 0.933099
906.105 95.8184 0.352837 -0.0491381 0.964764
916.396 456.476 0.376535 -0.0350864 0.877801
922.792 450.363 0.368173 -0.0339655 0.872377
785.209 637.208 0.379209 -0.00808422 0.845872
545.274 486.547 0.330347 0.0225857 0.838742
537.356 491.272 0.348977 0.0269392 0.853091
773.51 493.442 0.342253 -0.00549825 0.845243
734.768 429.73 0.368207 -0.00258125 0.879165
890.496 631.187 0.490496 -0.0496809 0.901568
754.082 477.027 0.329089 -0.00224534 0.837448
520.478 73.9047 0.308762 0.0272336 0.898039
773.813 439.626 0.407559 -0.0134529 0.90888
711.769 69.2018 0.502533 -0.0547645 2.356
847.737 154.749 0.399902 -0.0499721 1.01875
749.478 83.9637 0.315566 -0.00693434 0.903975
519.198 72.7396 0.305282 0.0263865 0.892033
956.534 28.4013 0.306125 -0.0372942 0.900556
768.804 461.719 0.367217 -0.00770627 0.870965
559.8 636.263 0.382149 0.0277037 0.849917
532.329 36.9136 0.295994 0.0227231 0.884345
596.26 444.176 0.360811 0.0204372 0.871304
498.473 542.783 0.470573 0.0652405 0.925827
545 285.508 0.340169 0.0270905 0.887147
556.357 267.993 0.328894 0.0232431 0.877584
525.059 286.925 0.301774 0.0214668 0.841889
726.636 277.552 0.344067 -0.00222719 0.891437
514.859 281.475 0.304177 0.0231236 0.845683
561.717 281.519 0.332917 0.0230511 0.879277
650.866 576.791 0.573177 0.0293969 0.963692
577.261 326.248 0.0629607 0.0116984 0.576162
939.286 66.3256 0.320601 -0.0401359 0.915903
535.715 258.499 0.32712 0.0260094 0.8778
725.963 56.0047 0.304555 -0.00268108 0.892638
540.213 493.03 0.352637 0.0272106 0.855651
757.864 80.6887 0.315956 -0.00838936 0.905567
760.116 467.959 0.367502 -0.0061684 0.869985
716.057 101.211 0.507576 -0.0226786 1.37372
