597.988 174.71 0.264642 0.0404236 1.16426
849.207 411.042 0.32082 -0.0377744 1.10721
718.217 6.5979 0.209611 0.000767549 1.15736
862.47 415.262 0.305608 -0.0375023 1.09352
857.024 267.181 0.272714 -0.0373099 1.12208
903.218 286.256 0.255371 -0.0418786 1.09396
713.992 10.4265 0.21155 0.00182772 1.1597
873.496 11.5842 0.214415 -0.0424002 1.1617
484.685 162.95 0.275231 0.0854854 1.19239
858.793 509.858 0.344591 -0.039658 1.08541
876.292 624.732 0.380731 -0.045835 1.06303
887.883 291.001 0.375252 -0.0886909 1.22369
546.266 311.407 0.384046 0.0919001 1.2291
858.69 148.135 0.241787 -0.0368236 1.13644
873.399 132.288 0.244743 -0.0439132 1.14946
878.707 364.847 0.482615 -0.116916 1.26421
594.158 550.983 0.30968 0.0397298 1.05617
869.587 532.66 0.313791 -0.0341105 1.06004
888.814 403.521 0.292127 -0.0418774 1.08665
719.946 96.0024 0.348762 -0.0117022 1.42746
520.88 514.989 0.344041 0.0705486 1.08904
951.738 585.087 0.39555 -0.0805217 1.08163
758.284 531.711 0.336772 -0.00574875 1.07502
509.612 529.818 0.341479 0.0725715 1.08241
742.074 163.324 0.255819 -0.00573156 1.15334
623.804 557.59 0.33722 0.0352602 1.06889
873.441 9.90847 0.215642 -0.0433602 1.16581
610.041 534.629 0.337209 0.0398491 1.07667
868.224 138.047 0.246546 -0.042612 1.14941
757.189 572.551 0.321533 -0.00324549 1.05413
886.241 550.362 0.333198 -0.0424705 1.06504
869.954 596.238 0.406124 -0.0517148 1.08333
887.631 534.82 0.349131 -0.0482688 1.07863
725.357 132.303 0.236019 0.000130326 1.13793
761.199 548.962 0.31232 -0.00426758 1.05594
879.511 136.315 0.242519 -0.0441467 1.14337
610.02 424.289 0.284235 0.0338551 1.07761
872.476 286.155 0.280495 -0.0429 1.12215
734.874 454.733 0.869692 -0.0285593 1.39144
734.659 558.2 0.331617 0.00223628 1.06403
552.898 487.595 0.432642 0.0865143 1.15291
733.45 532.369 0.350236 0.00137136 1.08268
734.338 223.986 0.383039 -0.0140931 1.30206
742.285 161.36 0.272687 -0.00808122 1.18192
877.416 28.3853 0.222374 -0.0460622 1.16908
628.657 598.304 0.309289 0.0301804 1.04249
855.727 0.219975 0.20969 -0.0363059 1.15819
868.121 221.388 0.431658 -0.129131 1.37259
596.395 142.088 0.232129 0.0342977 1.12916
596.917 21.8967 0.215638 0.0344606 1.16507
867.437 526.204 0.330783 -0.0379294 1.07175
728.627 287.021 0.24787 0.00220933 1.08818
751.13 274.938 0.241814 -0.00284181 1.08526
749.705 154.547 0.232986 -0.00520489 1.12157
630.054 106.09 0.299835 0.0404592 1.28784
864.313 265.523 0.269361 -0.038399 1.11876
733.988 166.85 0.259916 -0.0035568 1.15804
481.74 565.608 0.336962 0.0776681 1.06836
868.803 284.08 0.285442 -0.0437459 1.12865
748.496 423.967 0.303037 -0.00343675 1.09027
896.274 399.697 0.286481 -0.0423701 1.08328
813.196 220.684 0.0863539 0.00821519 0.915755
717.435 0.13237 0.206964 0.00105053 1.15506
737.628 509.147 0.202617 0.00612064 0.995234
859.095 3.29977 0.212228 -0.0382612 1.16232
486.878 555.381 0.323171 0.072183 1.06398
753.093 541.751 0.33259 -0.00360774 1.06948
873.846 123.522 0.228614 -0.0374724 1.12674
852.691 535.556 0.342817 -0.0356126 1.07555
880.195 522.035 0.342771 -0.0451561 1.0797
828.629 178.639 0.285217 -0.0410243 1.18811
806.342 291.764 0.422732 -0.0603369 1.27926
738.013 416.438 0.284937 0.000462219 1.07883
616.151 123.779 -0.0795351 0.0171852 0.739299
815.382 198.478 0.34261 -0.0541132 1.26282
873.208 540.568 0.31992 -0.0360859 1.06107
695.256 443.42 1.30206 0.0747849 1.57683
642.541 94.2215 -0.0779042 0.0173251 0.740513
698.797 83.202 -0.0529962 0.0167919 0.764229
588.149 449.905 0.282664 0.0387002 1.0686
678.81 469.479 0.836328 0.0606053 1.3591
732.19 496.227 0.979815 -0.0233428 1.36087
762.835 354.156 1.84528 -0.401209 2.27805
903.249 290.205 0.265929 -0.0456987 1.10395
733.775 167.389 0.26315 -0.00380794 1.16287
