602.156 173.887 0.263954 0.039654 1.16325
852.567 409.397 0.320132 -0.038544 1.1062
722.422 6.1886 0.208923 -2.1169e-06 1.15636
865.978 413.544 0.30492 -0.038272 1.09252
860.596 265.938 0.272026 -0.0380796 1.12108
906.992 284.883 0.254683 -0.0426482 1.09296
718.174 10.0076 0.210862 0.00105806 1.1587
877.193 11.0051 0.213727 -0.0431699 1.1607
489.042 162.255 0.274543 0.0847157 1.19139
862.101 507.875 0.343903 -0.0404277 1.0844
879.451 622.365 0.380043 -0.0466046 1.06203
890.423 289.918 0.374564 -0.0894606 1.22268
549.645 310.33 0.383358 0.0911304 1.22809
862.39 147.223 0.241099 -0.0375933 1.13544
876.953 131.413 0.244055 -0.0446829 1.14846
880.835 363.775 0.481927 -0.117685 1.26321
598.994 548.49 0.308992 0.0389602 1.05517
873.235 530.435 0.313103 -0.0348802 1.05904
892.389 401.803 0.291439 -0.0426471 1.08564
722.225 95.3916 0.348074 -0.0124719 1.42646
525.491 512.804 0.343353 0.0697789 1.08803
954.55 583.029 0.394862 -0.0812914 1.08062
762.036 529.537 0.336084 -0.00651842 1.07402
746.731 638.281 0.375427 -0.00100752 1.05716
514.359 527.535 0.340791 0.0718018 1.08141
745.881 162.447 0.255131 -0.00650123 1.15234
628.152 555.2 0.336531 0.0344905 1.06788
877.101 9.32852 0.214954 -0.0441299 1.16481
614.383 532.358 0.336521 0.0390795 1.07566
871.778 137.161 0.245858 -0.0433817 1.1484
761.223 570.092 0.320845 -0.00401516 1.05313
889.663 548.153 0.33251 -0.0432402 1.06404
872.895 594.102 0.405436 -0.0524845 1.08233
890.868 532.757 0.348443 -0.0490384 1.07763
729.49 131.514 0.235331 -0.00063934 1.13693
765.277 546.586 0.311632 -0.00503724 1.05494
883.106 135.425 0.241831 -0.0449164 1.14237
614.781 422.388 0.283547 0.0330854 1.07661
875.952 284.863 0.279807 -0.0436697 1.12115
736.354 453.788 0.869004 -0.029329 1.39044
738.621 555.852 0.330929 0.00146662 1.06303
556.455 485.831 0.431954 0.0857446 1.1519
737.147 530.233 0.349548 0.000601695 1.08168
736.858 223.144 0.382351 -0.0148628 1.30105
745.789 160.513 0.271999 -0.00885088 1.18091
880.997 27.7534 0.221686 -0.0468319 1.16807
633.474 595.55 0.308601 0.0294107 1.04149
870.181 220.546 0.43097 -0.129901 1.37159
601.14 141.336 0.231441 0.033528 1.12815
601.439 21.55 0.21495 0.0336909 1.16406
870.891 524.09 0.330095 -0.038699 1.07075
733.109 285.651 0.247182 0.00143967 1.08718
755.614 273.598 0.241126 -0.00361148 1.08426
753.926 153.666 0.232298 -0.00597456 1.12056
633.175 105.51 0.299147 0.0396895 1.28684
867.911 264.277 0.268673 -0.0391687 1.11776
737.757 165.972 0.259228 -0.00432647 1.15703
486.803 563.08 0.336274 0.0768985 1.06736
872.216 282.81 0.284754 -0.0445156 1.12765
480.838 436.866 0.296667 0.0723134 1.08406
752.415 422.176 0.302349 -0.00420642 1.08926
484.092 558.896 0.337578 0.0784103 1.06946
899.892 397.973 0.285793 -0.0431398 1.08227
829.95 219.826 0.0856658 0.00744552 0.914751
744.066 506.262 0.201929 0.00535098 0.99423
862.838 2.75499 0.21154 -0.0390309 1.16131
492.069 552.861 0.322483 0.0714133 1.06298
873.067 638.312 0.364882 -0.040063 1.05115
756.935 539.504 0.331902 -0.0043774 1.06848
877.681 122.665 0.227926 -0.038242 1.12574
856.085 533.442 0.342129 -0.0363822 1.07454
883.486 520 0.342083 -0.0459258 1.0787
831.812 177.712 0.284529 -0.041794 1.18711
808.684 290.785 0.422044 -0.0611066 1.27826
742.213 414.605 0.284249 -0.000307446 1.07783
615.589 99.4234 -0.0802232 0.0164155 0.738295
818.021 197.593 0.341922 -0.0548829 1.26182
876.791 538.336 0.319232 -0.0368556 1.06006
696.35 442.676 1.30137 0.0740152 1.57583
640.954 71.7089 -0.0785923 0.0165554 0.739509
691.409 70.7278 -0.0536843 0.0160222 0.763225
593.127 447.854 0.281976 0.0379305 1.0676
680.49 468.409 0.83564 0.0598357 1.35809
733.596 495.211 0.979127 -0.0241125 1.35987
763.469 353.817 1.84459 -0.401979 2.27704
906.869 288.85 0.265241 -0.0464683 1.10295
737.49 166.515 0.262462 -0.00457761 1.16187
