735.601 139.732 0.227349 -0.473506 4.93524
713.091 131.895 -0.107249 -0.139742 5.67069
727.582 273.041 -0.128731 0.0152661 0.382716
558.343 574.879 -0.0315753 0.0250801 0.453332
555.721 256.257 0.335946 0.0249415 0.890322
695.88 236.788 0.915465 0.0346732 1.90451
736.885 201.381 -0.0338509 0.0122206 0.482643
573.157 53.548 0.309534 0.0198393 0.90664
894.276 376.578 0.426826 -0.0512878 0.944586
817.229 190.03 0.268672 -0.00552742 0.813714
591.551 166.752 0.373025 0.0283358 0.974417
568.223 438.394 -0.00293099 0.0172538 0.502432
951.065 287.144 0.540737 -0.150499 1.11305
766.145 478.913 0.319377 -0.00338947 0.830062
740.802 45.2942 0.308784 -0.00592269 0.905146
766.53 163.805 0.377939 -0.0179304 0.979521
750.641 281.339 0.339576 -0.00592814 0.88594
949.302 614.841 0.384475 -0.0360794 0.851753
785.973 628.548 0.381186 -0.00872894 0.849078
958.972 233.336 0.325148 -0.03521 0.87726
901.891 434.651 0.388706 -0.0371692 0.893694
919.347 88.7651 0.34946 -0.0510009 0.962372
935.263 457.141 0.370988 -0.036871 0.873775
942.855 450.644 0.362406 -0.0357447 0.868203
798.232 633.302 0.378349 -0.0103162 0.846536
562.199 480.935 0.330669 0.0203851 0.840648
549.513 489.464 0.346364 0.0246544 0.852055
788.472 491.567 0.33991 -0.00765185 0.844437
746.945 426.579 0.366699 -0.00477051 0.879224
901.46 630.878 0.487568 -0.0516676 0.900475
768.911 471.754 0.32911 -0.00454168 0.839058
536.658 74.0529 0.309663 0.0250269 0.901068
784.561 436.858 0.405744 -0.0156159 0.908661
713.885 66.6138 0.500076 -0.0562758 2.35101
856.556 151.563 0.398662 -0.0521598 1.01893
763.137 74.0872 0.311145 -0.00893788 0.900307
530.116 66.3239 0.302713 0.0241356 0.890678
788.252 474.646 0.352344 -0.00921838 0.857134
570.786 637.23 0.378961 0.025445 0.848389
545.813 32.4412 0.294619 0.0204917 0.884514
609.355 440.392 0.360276 0.0182231 0.872324
506.878 540.944 0.468246 0.0629573 0.92516
559.231 282.409 0.340765 0.024969 0.889554
570.179 264.59 0.328397 0.0210516 0.878775
539.204 282.822 0.299525 0.0192174 0.841086
739.342 273.267 0.339912 -0.0042974 0.888467
531.323 277.981 0.303423 0.0208828 0.846519
574.746 278.042 0.331749 0.0208264 0.879678
659.469 570.161 0.577081 0.0272964 0.968232
950.095 63.8601 0.320565 -0.0425249 0.917717
548.035 254.629 0.325274 0.0237751 0.877451
739.256 51.217 0.303156 -0.00488393 0.892774
546.632 496.44 0.346432 0.0249864 0.850929
770.911 74.0459 0.31337 -0.0105011 0.904198
772.649 465.361 0.365729 -0.00831001 0.869738
754.757 448.927 0.324647 -0.0028381 0.838891
736.568 467.364 1.19953 -0.0438729 1.31196
741.332 564.991 0.824223 -0.0204694 1.06195
