614.781 169.768 0.263795 0.0382923 1.16437
868.605 404.888 0.319973 -0.0399057 1.10732
883.031 408.723 0.304761 -0.0396337 1.09363
876.695 259.929 0.271868 -0.0394413 1.12219
925.32 278.132 0.254525 -0.04401 1.09407
731.949 2.90649 0.210703 -0.000303645 1.15981
892.29 2.30251 0.213568 -0.0445316 1.16181
494.38 443.034 0.287869 0.067972 1.07564
500.415 159.494 0.274384 0.083354 1.1925
878.864 504.03 0.343744 -0.0417894 1.08552
896.799 619.31 0.379884 -0.0479663 1.06314
902.377 285.392 0.374405 -0.0908223 1.2238
559.786 308.53 0.383199 0.0897687 1.22921
878.216 139.973 0.24094 -0.038955 1.13655
892.294 124.083 0.243896 -0.0460446 1.14957
483.589 445.136 0.286557 0.0702313 1.07414
484.951 161.668 0.240863 0.0695675 1.13562
891.255 360.439 0.481768 -0.119047 1.26432
616.279 545.654 0.308833 0.0375984 1.05628
481.776 410.57 0.294875 0.0759644 1.09259
892.022 526.221 0.312944 -0.0362419 1.06015
910.297 396.52 0.29128 -0.0440088 1.08676
729.269 91.8979 0.347915 -0.0138336 1.42757
540.411 510.684 0.343194 0.0684172 1.08915
778.656 526.186 0.335925 -0.00788012 1.07513
760.05 637.441 0.368828 -0.000900776 1.05528
763.41 635.733 0.375268 -0.00236923 1.05827
529.6 525.453 0.340632 0.0704401 1.08252
493.08 300.453 0.28792 0.0778281 1.13103
759.792 156.75 0.254972 -0.00786293 1.15345
644.381 552.569 0.336373 0.0331288 1.069
892.003 0.683727 0.214795 -0.0454916 1.16592
630.171 529.748 0.336363 0.0377178 1.07678
887.048 129.953 0.245699 -0.0447434 1.14952
779.266 566.699 0.320686 -0.00537686 1.05424
907.922 544.209 0.332351 -0.0446019 1.06515
888.861 591.161 0.405277 -0.0538462 1.08344
908.144 528.93 0.348284 -0.0504002 1.07874
744.154 125.297 0.235172 -0.00200104 1.13804
783.435 542.962 0.311473 -0.00639895 1.05605
898.811 127.974 0.241672 -0.0462781 1.14348
631.315 418.796 0.283389 0.0317237 1.07772
892.093 278.977 0.279648 -0.0450314 1.12226
742.965 452.552 0.868845 -0.0306907 1.39155
755.757 552.64 0.33077 0.000104915 1.06414
568.345 484.228 0.431795 0.0843829 1.15302
753.016 527.159 0.349389 -0.000760009 1.08279
745.913 219.844 0.382192 -0.0162245 1.30217
758.465 155.274 0.27184 -0.0102126 1.18203
482.342 593.092 0.291171 0.0652991 1.03572
895.742 19.3772 0.221527 -0.0481936 1.16919
651.753 592.664 0.308442 0.028049 1.0426
878.95 216.465 0.430811 -0.131263 1.3727
615.496 136.185 0.231282 0.0321663 1.12927
614.259 15.9 0.214791 0.0323292 1.16518
888.662 520.097 0.329936 -0.0400607 1.07186
750.314 280.043 0.247023 7.79647e-05 1.08829
773.278 267.594 0.240967 -0.00497318 1.08537
769.626 147.127 0.232139 -0.00733626 1.12168
642.249 102.078 0.298989 0.0383278 1.28795
884.288 258.122 0.268514 -0.0405304 1.11888
751.382 160.472 0.259069 -0.00568817 1.15815
502.761 561.11 0.336115 0.0755368 1.06847
887.957 277.052 0.284595 -0.0458773 1.12876
496.424 434.351 0.296509 0.0709517 1.08518
768.746 418.058 0.30219 -0.00556812 1.09038
486.457 279.845 0.262792 0.0702419 1.11162
499.926 556.947 0.337419 0.0770486 1.07057
918.17 392.512 0.285635 -0.0445015 1.08339
480.843 297.825 0.278329 0.0774805 1.12181
492.513 285.298 0.266706 0.0698626 1.11375
904.619 189.785 0.0855069 0.00608382 0.915865
484.986 432.667 0.281857 0.0688243 1.07446
771.018 499.783 0.20177 0.00398927 0.995344
508.444 550.713 0.322324 0.0700516 1.06409
891.198 635.214 0.364723 -0.0414247 1.05227
773.881 536.162 0.331743 -0.0057391 1.0696
894.315 114.737 0.227767 -0.0396037 1.12685
873.305 529.715 0.34197 -0.0377439 1.07566
900.752 516.076 0.341924 -0.0472875 1.07981
844.859 171.988 0.28437 -0.0431557 1.18822
818.486 287.345 0.421885 -0.0624683 1.27937
759.395 410.2 0.28409 -0.00166915 1.07894
580.868 138.338 -0.080382 0.0150538 0.739409
936.315 406.193 -0.0566038 0.0183003 0.76765
828.562 193.031 0.341763 -0.0562446 1.26293
895.421 534.23 0.319073 -0.0382173 1.06118
701.078 441.912 1.30121 0.0726535 1.57694
606.611 108.363 -0.0787511 0.0151937 0.740623
649.984 100.6 -0.0538431 0.0146605 0.76434
610.118 444.413 0.281817 0.0365688 1.06871
687.388 467.333 0.835482 0.0584739 1.35921
740.186 494.109 0.978968 -0.0254742 1.36098
766.242 353.048 1.84443 -0.403341 2.27816
924.457 282.395 0.265082 -0.04783 1.10406
750.892 161.108 0.262303 -0.00593931 1.16298
