672.865 538.273 0.3016 0.0355681 0.973535
793.818 455.089 0.209383 -0.106931 0.992278
841.191 117.049 -0.157569 -0.136041 0.953179
552.859 580.716 0.305981 0.151347 0.914809
572.389 229.659 -0.0313647 0.0789039 0.77379
919.973 127.556 -0.145458 -0.211111 0.945556
537.021 304.833 0.0172946 0.109509 0.794104
815.013 519.083 0.42586 -0.194553 1.1726
778.258 388.762 0.14508 -0.0964447 1.04568
878.003 225.58 -0.049494 -0.167213 0.927204
830.697 174.914 -0.136369 -0.166546 1.082
919.128 13.0933 -0.246455 -0.202112 0.940732
793.887 452.816 0.208641 -0.107922 0.996557
722.032 359.87 0.0967259 -0.0208676 1.00019
839.362 522.513 0.311051 -0.173459 1.01579
939.719 311.115 0.0337692 -0.243618 0.948746
840.1 320.832 0.0455416 -0.144904 0.960102
545.353 168.495 -0.122984 0.184421 1.01487
550.15 107.805 -0.153434 0.140846 0.923699
546.084 224.451 -0.0424739 0.127018 0.867052
570.408 169.491 -0.110936 0.140597 0.972995
664.593 579.283 0.260164 0.0313149 0.858503
661.432 472.218 0.200284 0.0426807 0.933505
640.273 548.329 0.295745 0.0687911 0.949054
553.513 332.084 0.0439055 0.118987 0.853495
896.637 71.4699 -0.227024 -0.212792 1.00795
900.314 122.588 -0.146453 -0.187288 0.935557
779.369 130.441 -0.132865 -0.0695556 0.917839
685.099 143.437 -0.0933378 0.0105223 0.814541
712.541 166.908 -0.137272 -0.00854158 1.05424
804.744 141.606 -0.118618 -0.089726 0.902164
958.594 230.831 -0.0575361 -0.310465 1.03282
818.326 39.2786 -0.233566 -0.112916 0.960858
708.098 103.593 -0.135997 -0.00495539 0.863114
937.498 124.94 -0.174561 -0.267512 1.0177
935.849 194.889 -0.0787211 -0.222105 0.929574
722.205 359.794 0.0944162 -0.0208033 0.990017
927.294 450.873 0.227844 -0.296724 1.04207
938.756 310.072 0.0330528 -0.245005 0.953031
886.978 424.337 0.144452 -0.183629 0.92309
496.688 74.4073 -0.166521 0.171208 0.887041
550.851 173.094 -0.124421 0.188478 1.03905
610.117 106.002 -0.152037 0.0836488 0.914798
536.289 219.445 -0.0427206 0.121435 0.831287
480.09 498.288 0.186897 0.187726 0.858306
485.23 302.523 0.0245719 0.203092 0.911488
631.26 469.74 0.207079 0.0777459 0.951848
535.263 612.267 0.282621 0.140317 0.848044
559.541 282.042 0.0051197 0.131125 0.906052
612.705 410.887 0.139399 0.0946102 0.945038
729.139 326.317 0.0570127 -0.0288814 1.00023
850.263 104.73 -0.1362 -0.117327 0.864265
733.405 155.635 -0.120698 -0.0296271 0.954914
766.143 87.0755 -0.178145 -0.0590807 0.936722
750.287 71.9849 -0.113851 -0.0285217 0.738061
842.645 114.748 -0.155168 -0.133666 0.940839
888.613 220.295 -0.0506253 -0.164364 0.896119
796.6 456.667 0.19922 -0.104486 0.967518
789.271 637.852 0.30082 -0.0753542 0.84268
848.791 582.187 0.346655 -0.167495 0.962398
531.013 214.726 -0.0586113 0.166172 0.93274
523.788 151.32 -0.115479 0.167702 0.926064
666.117 52.398 -0.214636 0.0366392 0.949386
515.322 210.758 -0.0425692 0.113432 0.771959
560.019 160.544 -0.108436 0.135618 0.930201
522.329 289.465 0.0153224 0.208387 0.996469
622.32 484.143 0.187348 0.0722412 0.88463
664.905 459.811 0.209292 0.0447732 0.979316
633.134 568.325 0.268335 0.0633396 0.883329
554.394 343.652 0.0507585 0.113188 0.838035
559.543 416.91 0.133241 0.136558 0.909242
607.495 415.579 0.133245 0.0917858 0.913517
722.108 552.259 0.273979 -0.0201443 0.913843
745.739 110.331 -0.124379 -0.0332127 0.842566
943.295 309.857 0.0320393 -0.244278 0.943666
895.103 124.864 -0.152248 -0.192061 0.958117
944.646 274.716 -0.00331008 -0.234858 0.928738
717.137 322.173 0.0592222 -0.0155418 1.06042
767.035 170.098 -0.139668 -0.0800743 1.07407
800.236 115.103 -0.145953 -0.0880487 0.916812
821.786 185.909 -0.141213 -0.176501 1.15137
553.113 353.097 0.0684401 0.134268 0.892807
949.029 187.706 -0.0779399 -0.213565 0.891502
860.658 90.6782 -0.144797 -0.123454 0.858847
800.389 461.764 0.192726 -0.102869 0.942235
778.538 401.296 0.133082 -0.0813607 0.959522
722.659 356.034 0.0977836 -0.0223155 1.02705
491.821 179.444 -0.104422 0.232976 0.990151
662.011 149.597 -0.0962466 0.0295905 0.844479
516.126 235.604 -0.0317673 0.14211 0.844175
642.092 543.392 0.294725 0.0679636 0.955563
548.554 279.879 0.00231805 0.124614 0.86185
602.892 422.278 0.127033 0.086936 0.877951
954.844 470.51 0.205434 -0.271511 0.949423
827.962 4.09986 -0.217534 -0.100496 0.877485
717.721 319.47 0.0698696 -0.0179607 1.19178
759.156 308.113 0.0789155 -0.170152 1.65641
788.515 259.559 -0.047551 -0.176405 1.34599
691.907 200.675 -0.0966642 0.017665 1.05738
724.365 272.874 -0.0372174 -0.0429241 1.59549
734.763 326.953 0.0325866 -0.0245457 0.801609
735.911 320.34 0.0691488 -0.0482008 1.17301
721.269 542.445 0.279493 -0.0198384 0.936458
722.199 354.625 0.0915318 -0.0211549 1.00536
824.231 449.24 0.175285 -0.125184 0.934123
611.913 500.098 0.160238 0.0636856 0.805443
672.093 445.278 0.222212 0.0438027 1.04387
630.684 571.529 0.260491 0.0626865 0.868584
520.245 639.72 0.269025 0.133998 0.803905
653.55 9.91713 -0.189503 0.0338938 0.833437
542.3 167.37 -0.118241 0.178474 0.993068
581.46 146.372 -0.109042 0.101938 0.885972
711.213 150.114 -0.152408 -0.00688251 1.0393
545.705 278.349 0.000914389 0.123618 0.852907
675.892 418.669 0.117482 0.0210965 0.86045
951.395 185.653 -0.0790411 -0.213755 0.888228
565.064 347.978 0.0748792 0.145659 0.95434
598.046 422.743 0.119919 0.0855369 0.856628
823.797 302.502 0.012507 -0.0771886 0.763209
867.767 458.547 0.238868 -0.217791 1.04215
770.004 329.838 0.0561569 -0.0713791 0.965073
777.299 125.001 -0.122224 -0.0607098 0.869855
778.807 328.174 0.0743627 -0.108881 1.11649
799.232 456.906 0.192631 -0.10407 0.95325
834.451 550.933 0.356862 -0.171753 1.02391
670.643 545.751 0.278561 0.0332594 0.929769
527.382 84.1591 -0.146889 0.133789 0.855732
560.319 71.6658 -0.211828 0.151068 0.982062
930.923 195.515 -0.0836945 -0.232704 0.958753
890.968 102.871 -0.152939 -0.165636 0.906083
513.43 213.743 -0.040035 0.111708 0.764093
586.336 153.02 -0.111459 0.106334 0.91566
786.95 409.156 0.112718 -0.0742046 0.872356
745.647 146.765 -0.132422 -0.0426087 0.965107
746.68 78.8992 -0.155658 -0.0352865 0.865725
685.73 352.341 0.103249 0.0277043 1.07581
805.964 297.967 0.0173366 -0.0906975 0.884452
909.858 503.788 0.189396 -0.177646 0.856285
888.799 157.716 -0.15693 -0.24046 1.07644
829.181 455.497 0.170962 -0.123247 0.910138
793.815 418.652 0.103187 -0.0701937 0.818847
658.967 42.597 -0.198041 0.0374412 0.89905
818.43 18.077 -0.223915 -0.100284 0.909179
760.665 166.871 -0.137774 -0.0691686 1.0546
791.577 240.533 -0.0490472 -0.114307 1.07155
645.151 372.285 0.108801 0.0676284 0.987592
866.749 89.2086 -0.14523 -0.127556 0.85702
625.965 479.471 0.182637 0.0687385 0.884127
885.356 422.615 0.144105 -0.183614 0.926894
899.495 494.784 0.200692 -0.185021 0.892096
723.198 587.22 0.236211 -0.0184149 0.817133
748.135 251.228 -0.0467171 -0.0693168 1.1961
672.999 174.739 -0.103138 0.0316457 0.960317
586.105 155.913 -0.11274 0.110782 0.930008
611.745 563.32 0.394365 0.129279 1.0458
814.719 422.905 0.314605 -0.238557 1.3137
480.162 500.561 0.194716 0.193636 0.868858
522.443 304.535 0.0135752 0.103104 0.7503
771.263 85.0569 -0.220199 -0.076174 1.02531
835.087 52.2687 -0.195514 -0.115473 0.908117
934.676 134.891 -0.0863036 -0.138755 0.759262
713.289 172.529 -0.15362 -0.00938239 1.13151
526.739 368.289 0.0943891 0.182169 0.944362
555.097 419.323 0.129338 0.134107 0.891617
529.49 83.8004 -0.144203 0.1292 0.847844
784.739 631.022 0.308114 -0.0742298 0.857922
739.57 132.702 -0.107787 -0.0286788 0.840655
796.21 111.956 -0.126526 -0.0725725 0.852162
876.221 359.647 0.0302098 -0.0810895 0.666391
588.395 66.8312 -0.143657 0.0766309 0.815162
525.212 33.9801 -0.244923 0.18344 0.97596
709.726 84.0822 -0.132498 -0.00638914 0.814015
950.426 316.222 0.0400117 -0.261396 0.959269
915.645 131.323 -0.147767 -0.215343 0.962769
738.356 339.445 1.49831 -1.00206 5.65512
678.35 162.448 -0.10032 0.0214901 0.902202
794.681 249.579 -0.0445493 -0.136656 1.14719
559.663 332.576 0.047837 0.122783 0.878793
493.657 231.183 -0.0329692 0.146623 0.816571
549.199 225.596 -0.0423146 0.127262 0.874724
932.453 270.677 -0.00848399 -0.265611 1.00565
611.817 202.771 -0.101704 0.130909 1.09591
777.423 389.208 0.148163 -0.0968581 1.05363
959.058 272.792 -0.00717633 -0.327286 1.05116
923.888 201.889 -0.0785863 -0.229488 0.965745
606.943 290.787 0.0163403 0.111561 0.996121
522.437 497.387 0.162609 0.132299 0.813709
816.648 361.134 0.104914 -0.141813 1.03227
833.255 558.791 0.368036 -0.170619 1.0239
724.607 244.609 -0.066752 -0.0312427 1.26407
656.323 81.439 -0.203579 0.0509519 0.983723
626.002 11.5768 -0.17325 0.0483753 0.802469
926.627 243.702 -0.0560258 -0.349346 1.15871
741.095 263.969 -0.0502774 -0.0833641 1.47107
808.267 165.44 -0.127967 -0.119162 1.01437
818.83 324.633 0.0630656 -0.154325 1.07012
769.725 28.6864 -0.192156 -0.052605 0.864125
832.478 173.41 -0.134568 -0.164699 1.0692
789.211 628.354 0.311348 -0.0794113 0.864409
721.739 359.751 0.100605 -0.0209812 1.01848
903.735 471.705 0.335272 -0.347659 1.1723
913.394 442.664 0.244392 -0.31284 1.09955
808.458 490.977 0.646066 -0.311655 1.50798
940.731 370.334 0.102057 -0.264554 0.975232
944.062 427.513 0.165759 -0.269368 0.969844
901.421 435.631 0.134255 -0.172729 0.86791
509.928 91.1082 -0.170725 0.180475 0.931001
524.035 304.354 0.0363193 0.23687 1.0539
518.505 355.666 0.0712047 0.166205 0.89425
626.008 482.391 0.197116 0.0735573 0.90667
622.506 406.058 0.142052 0.0897442 0.96831
598.157 291.635 0.0213253 0.162264 1.12141
558.875 416.129 0.132886 0.137614 0.910407
603.827 421.418 0.130727 0.0893483 0.890505
