620.037 170.197 0.263775 0.0373572 1.16405
873.406 405.137 0.319954 -0.0408408 1.107
888.108 408.991 0.304742 -0.0405688 1.09332
881.908 260.34 0.271848 -0.0403764 1.12188
931.029 278.591 0.254505 -0.0449451 1.09376
737.724 3.68088 0.210684 -0.00123874 1.1595
897.856 3.00457 0.213549 -0.0454667 1.16149
500.525 442.839 0.28785 0.0670369 1.07532
485.105 152.048 0.248499 0.075504 1.15354
505.622 159.906 0.274364 0.0824189 1.19219
883.585 504.206 0.343724 -0.0427245 1.0852
901.327 619.43 0.379864 -0.0489014 1.06283
906.088 285.686 0.374385 -0.0917574 1.22348
563.741 308.591 0.383179 0.0888336 1.22889
883.681 140.528 0.240921 -0.0398901 1.13623
897.59 124.633 0.243876 -0.0469797 1.14926
489.805 444.925 0.286538 0.0692962 1.07382
491.137 162.141 0.240843 0.0686324 1.13531
894.303 360.683 0.481748 -0.119982 1.26401
480.096 422.026 0.28754 0.0735745 1.08234
622.01 545.391 0.308813 0.0366633 1.05597
487.685 410.428 0.294855 0.0750293 1.09227
897.299 526.387 0.312925 -0.037177 1.05984
915.592 396.832 0.291261 -0.0449439 1.08644
732.36 92.2234 0.347896 -0.0147687 1.42726
545.598 510.371 0.343175 0.0674821 1.08883
783.601 526.193 0.335905 -0.00881522 1.07482
764.816 637.277 0.368809 -0.00183588 1.05497
768.084 635.581 0.375249 -0.00330433 1.05796
534.9 525.095 0.340613 0.069505 1.08221
498.673 300.565 0.287901 0.076893 1.13072
765.01 157.237 0.254953 -0.00879803 1.15313
649.573 552.333 0.336353 0.0321937 1.06868
480.592 5.43835 0.210582 0.0698611 1.16708
897.511 1.37737 0.214776 -0.0464267 1.16561
635.323 529.532 0.336343 0.0367827 1.07646
892.325 130.494 0.24568 -0.0456785 1.1492
784.583 566.649 0.320667 -0.00631196 1.05393
912.92 544.387 0.332331 -0.045537 1.06484
893.044 591.306 0.405257 -0.0547813 1.08313
912.867 529.128 0.348264 -0.0513353 1.07843
749.804 125.869 0.235152 -0.00293614 1.13773
788.85 542.95 0.311453 -0.00733405 1.05574
904.192 128.531 0.241652 -0.0472132 1.14317
637.142 418.803 0.283369 0.0307886 1.07741
897.209 279.371 0.279628 -0.0459665 1.12195
744.757 452.588 0.868826 -0.0316258 1.39124
760.882 552.576 0.330751 -0.000830185 1.06383
572.321 483.978 0.431776 0.0834478 1.1527
757.78 527.128 0.349369 -0.00169511 1.08248
749.264 220.086 0.382172 -0.0171596 1.30185
763.254 155.718 0.271821 -0.0111477 1.18171
483.316 152.424 0.247314 0.0753376 1.15138
488.955 592.524 0.291151 0.064364 1.0354
901.129 20.0321 0.221508 -0.0491287 1.16887
657.563 592.366 0.308423 0.0271139 1.04229
881.892 216.686 0.430791 -0.132198 1.37239
621.54 136.747 0.231263 0.0312312 1.12895
620.137 16.6809 0.214772 0.0313941 1.16486
893.635 520.268 0.329917 -0.0409958 1.07154
756.358 280.412 0.247004 -0.000857135 1.08798
779.426 268.005 0.240948 -0.00590828 1.08506
775.471 147.694 0.232119 -0.00827136 1.12136
646.293 102.517 0.298969 0.0373927 1.28764
889.571 258.544 0.268494 -0.0414655 1.11856
756.518 160.943 0.25905 -0.00662327 1.15783
508.314 560.635 0.336096 0.0746017 1.06816
892.963 277.438 0.284576 -0.0468124 1.12845
502.34 434.17 0.296489 0.0700166 1.08486
773.964 418.198 0.302171 -0.00650322 1.09006
492.591 280.032 0.262772 0.0693068 1.1113
505.454 556.477 0.337399 0.0761135 1.07025
923.567 392.84 0.285615 -0.0454366 1.08307
486.679 297.948 0.27831 0.0765454 1.12149
498.549 285.47 0.266687 0.0689275 1.11343
930.457 192.291 0.0854875 0.00514872 0.91555
491.264 432.49 0.281838 0.0678892 1.07414
779.788 499.859 0.20175 0.00305417 0.995028
514.194 550.275 0.322305 0.0691165 1.06378
895.951 635.297 0.364704 -0.0423598 1.05195
778.926 536.148 0.331723 -0.0066742 1.06928
900.059 115.354 0.227747 -0.0405388 1.12654
878.12 529.858 0.341951 -0.038679 1.07534
905.532 516.272 0.341905 -0.0482226 1.0795
849.423 172.404 0.284351 -0.0440908 1.18791
821.703 287.561 0.421866 -0.0634034 1.27906
764.976 410.352 0.284071 -0.00260425 1.07862
560.579 135.951 -0.0804015 0.0141187 0.739094
915.645 403.579 -0.0566233 0.0173652 0.767335
832.274 193.34 0.341744 -0.0571797 1.26262
900.612 534.395 0.319054 -0.0391524 1.06086
952.29 59.7512 -0.0459023 0.0181408 0.77141
702.297 441.872 1.30119 0.0717184 1.57662
586.44 106.295 -0.0787706 0.0142586 0.740307
630.267 98.5594 -0.0538626 0.0137254 0.764024
616.119 444.35 0.281798 0.0356337 1.06839
689.301 467.257 0.835462 0.0575388 1.35889
741.847 494.129 0.978949 -0.0264093 1.36067
767.039 353.129 1.84441 -0.404276 2.27784
929.917 282.831 0.265063 -0.0487651 1.10375
755.948 161.57 0.262283 -0.00687441 1.16267
