737.813 138.774 0.227658 -0.476957 4.93575
714.972 131.473 -0.106879 -0.143214 5.67095
709.094 276.251 -0.128062 0.011762 0.382425
534.986 573.545 -0.0310924 0.0215299 0.453475
595.403 252.839 0.34327 0.021607 0.899155
701.726 236.964 0.923346 0.0314674 1.91802
709.798 207.872 -0.0344171 0.00873483 0.481351
604.908 44.3363 0.308481 0.0163643 0.905614
919.955 372.893 0.425942 -0.0546001 0.944073
850.023 199.488 0.285682 -0.0101091 0.833356
611.911 158.194 0.367774 0.0247483 0.968235
541.387 433.118 -0.00234403 0.0136386 0.502796
801.892 454.288 0.332391 -0.00755537 0.843846
774.068 40.1735 0.309972 -0.00942291 0.906815
793.224 152.132 0.369936 -0.0207194 0.969906
782.894 275.653 0.342367 -0.00951891 0.889395
952.36 443.522 0.372404 -0.0383587 0.877313
948.797 79.9323 0.347992 -0.0541639 0.960796
956.349 444.648 0.378872 -0.0411222 0.88222
834.69 632.985 0.376544 -0.013673 0.845178
602.285 474.666 0.330969 0.0168832 0.841185
586.642 482.943 0.34719 0.0211856 0.853186
820.688 479.117 0.345246 -0.0110162 0.850081
641.926 639.471 0.390331 0.0171235 0.853606
926.73 629.402 0.486974 -0.0549944 0.900445
808.836 463.335 0.330865 -0.00808441 0.841097
570.625 68.4406 0.310199 0.0215683 0.90197
805.806 420.635 0.422227 -0.0205528 0.926402
718.786 64.0552 0.497421 -0.0590172 2.34498
880.182 144.833 0.396413 -0.0553175 1.01649
797.612 65.7102 0.310843 -0.0123604 0.900146
564.826 59.3791 0.302614 0.0206955 0.890666
823.694 468.177 0.353144 -0.0127083 0.858271
604.679 632.539 0.379032 0.0219633 0.848796
584.352 27.4293 0.295801 0.0170033 0.886225
643.375 433.435 0.362593 0.0147612 0.875026
610.07 260.637 0.334659 0.0176894 0.886181
574.31 274.131 0.293938 0.0156897 0.834891
774.59 265.257 0.333786 -0.00744722 0.881836
574.838 270.675 0.304646 0.0174244 0.848131
678.77 560.985 0.585483 0.0239172 0.975923
579.459 244.644 0.321783 0.0201737 0.874185
774.804 43.2764 0.303276 -0.00830869 0.893116
595.541 473.241 0.361389 0.0221507 0.866306
796.985 91.1525 0.327742 -0.0149954 0.922282
744.976 470.996 1.1748 -0.0465955 1.29559
737.858 450.502 1.34929 -0.0444783 1.40225
742.611 497.43 1.06104 -0.0304306 1.21251
864.124 170.035 0.426059 -0.0606601 1.05117
749.107 527.209 0.936504 -0.0292065 1.13341
607.781 47.4728 0.309794 0.0161232 0.907117
774.765 70.3337 0.325295 -0.0113317 0.925719
834.721 474.197 0.364527 -0.0158812 0.865983
774.779 408.074 0.386923 -0.00962044 0.900556
