738.522 138.463 0.227784 -0.478534 4.93655
715.512 131.501 -0.106752 -0.144792 5.67176
699.399 275.975 -0.127936 0.0101845 0.383229
523.383 571.161 -0.0309662 0.0199524 0.454279
610.145 252.833 0.343396 0.0200294 0.899959
704.305 236.989 0.923473 0.0298899 1.91882
694.709 207.532 -0.034291 0.00715729 0.482156
620.181 43.2776 0.308607 0.0147868 0.906418
932.815 372.475 0.426068 -0.0561776 0.944877
874.262 197.783 0.285808 -0.0116866 0.834161
623.286 157.949 0.3679 0.0231708 0.969039
526.017 430.055 -0.00221788 0.0120611 0.503601
822.001 454.671 0.332518 -0.00913291 0.84465
790.068 38.2606 0.310098 -0.0110004 0.907619
805.215 151.041 0.370062 -0.0222969 0.97071
799.118 275.055 0.342493 -0.0110964 0.890199
853.098 634.363 0.37667 -0.0152505 0.845982
621.518 475.674 0.331095 0.0153056 0.841989
604.179 483.996 0.347316 0.019608 0.853991
839.838 479.601 0.345372 -0.0125937 0.850885
940.197 630.42 0.4871 -0.056572 0.90125
829.318 463.762 0.330991 -0.00966194 0.841902
585.946 67.6474 0.310326 0.0199908 0.902775
818.637 420.774 0.422353 -0.0221303 0.927206
720.756 63.819 0.497547 -0.0605947 2.34578
890.952 143.389 0.396539 -0.0568951 1.0173
814.159 63.799 0.310969 -0.0139379 0.90095
581.068 58.4698 0.30274 0.0191179 0.89147
841.928 468.574 0.353271 -0.0142858 0.859075
621.503 634.213 0.379158 0.0203857 0.8496
601.202 26.1997 0.295927 0.0154258 0.887029
659.187 434.08 0.362719 0.0131836 0.87583
625.851 260.571 0.334785 0.0161119 0.886986
595.913 274.016 0.294064 0.0141122 0.835695
791.507 264.603 0.333912 -0.00902475 0.88264
594.496 270.619 0.304772 0.0158469 0.848935
687.814 561.76 0.585609 0.0223396 0.976728
596.31 244.559 0.321909 0.0185962 0.87499
791.917 41.2756 0.303402 -0.00988623 0.893921
611.74 474.195 0.361515 0.0205731 0.867111
811.792 89.5342 0.327868 -0.0165729 0.923086
749.144 471.266 1.17493 -0.0481731 1.29639
741.396 450.714 1.34941 -0.0460558 1.40306
747.372 497.776 1.06117 -0.0320081 1.21331
873.719 168.84 0.426185 -0.0622377 1.05197
754.693 527.657 0.936631 -0.030784 1.13422
622.942 46.4285 0.30992 0.0145456 0.907922
789.319 68.7176 0.325421 -0.0129093 0.926523
852.097 474.593 0.364653 -0.0174587 0.866787
789.225 408.239 0.38705 -0.011198 0.90136
