642.814 168.708 0.26408 0.0333468 1.1662
900.21 404.754 0.320258 -0.0448512 1.10915
916.624 408.572 0.305046 -0.0445792 1.09547
909.842 257.961 0.272152 -0.0443868 1.12403
524.272 17.9236 0.141322 0.0297986 1.01534
527.129 443.651 0.288154 0.0630265 1.07747
508.418 151.301 0.248803 0.0714936 1.15569
526.431 159.411 0.274669 0.0784085 1.19434
910.937 505.081 0.344029 -0.0467349 1.08735
928.903 621.825 0.380169 -0.0529119 1.06498
926.787 283.942 0.37469 -0.0957678 1.22563
581.11 308.739 0.383484 0.0848232 1.23104
911.997 136.469 0.241225 -0.0439005 1.13838
925.179 120.333 0.244181 -0.0509901 1.1514
516.533 445.773 0.286842 0.0652857 1.07597
515.734 161.233 0.241148 0.064622 1.13746
911.894 360.029 0.482053 -0.123992 1.26616
506.191 422.753 0.287844 0.0695641 1.08449
649.692 546.863 0.309118 0.0326529 1.05812
512.89 411.076 0.29516 0.0710189 1.09442
927.952 527.521 0.313229 -0.0411874 1.06199
945.668 396.129 0.291565 -0.0489543 1.08859
746.131 90.2966 0.3482 -0.0187791 1.42941
569.431 511.507 0.343479 0.0634717 1.09098
810.437 527.382 0.33621 -0.0128256 1.07697
791.311 639.654 0.369113 -0.0058463 1.05712
794.176 637.93 0.375553 -0.00731475 1.06011
559.153 526.341 0.340917 0.0654946 1.08435
521.976 300.611 0.288205 0.0728826 1.13287
789.994 154.449 0.255257 -0.0128084 1.15528
675.4 553.802 0.336658 0.0281833 1.07083
504.36 3.70144 0.210887 0.0658506 1.16923
660.565 530.797 0.336647 0.0327722 1.07861
919.755 126.324 0.245984 -0.0496889 1.15135
813.548 568.321 0.320971 -0.0103224 1.05608
942.571 545.776 0.332636 -0.0495474 1.06699
918.46 593.314 0.405562 -0.0587917 1.08528
940.957 530.32 0.348569 -0.0553457 1.08057
776.327 122.66 0.235457 -0.00694656 1.13988
818.193 544.345 0.311758 -0.0113445 1.05789
932.374 124.188 0.241957 -0.0512236 1.14532
664.58 419.099 0.283673 0.0267782 1.07956
925.081 277.19 0.279933 -0.0499769 1.1241
755.046 453.06 0.86913 -0.0356362 1.39339
788.377 554.069 0.331055 -0.0048406 1.06598
591.17 484.787 0.43208 0.0794374 1.15485
783.298 528.326 0.349674 -0.00570553 1.08463
765.48 218.765 0.382477 -0.02117 1.304
786.137 153.134 0.272125 -0.0151581 1.18386
506.778 151.67 0.247618 0.0713271 1.15353
518.335 594.483 0.291456 0.0603535 1.03755
928.431 14.2722 0.221812 -0.0531391 1.17102
686.6 594.313 0.308727 0.0231035 1.04444
897.621 214.485 0.431096 -0.136208 1.37454
647.557 134.562 0.231567 0.0272208 1.1311
644.509 13.6338 0.215076 0.0273837 1.16701
492.767 150.314 0.228213 0.0652063 1.12238
922.599 521.335 0.330221 -0.0450063 1.07369
786.048 278.712 0.247308 -0.00486756 1.09013
809.993 265.991 0.241252 -0.0099187 1.08721
803.585 144.409 0.232424 -0.0122818 1.12351
663.538 101.039 0.299273 0.0333823 1.28979
917.992 256.074 0.268799 -0.0454759 1.12071
780.988 158.301 0.259354 -0.0106337 1.15998
533.471 562.137 0.3364 0.0705912 1.07031
920.166 275.287 0.28488 -0.0508228 1.13059
527.975 434.925 0.296794 0.0660062 1.08701
801.111 418.18 0.302475 -0.0105136 1.09221
517.845 279.835 0.263077 0.0652964 1.11345
530.432 557.944 0.337704 0.0721031 1.0724
954.304 392.036 0.285919 -0.049447 1.08522
510.771 297.978 0.278614 0.072535 1.12364
523.542 285.301 0.266991 0.0649171 1.11558
518.176 433.251 0.282142 0.0638788 1.07629
824.561 500.583 0.202055 -0.000956248 0.997178
540.174 551.759 0.322609 0.0651061 1.06593
924.732 637.907 0.365008 -0.0463702 1.0541
806.239 537.453 0.332028 -0.0106846 1.07143
929.928 110.687 0.228052 -0.0445492 1.12868
906.062 531.063 0.342255 -0.0426895 1.07749
933.682 517.29 0.342209 -0.052233 1.08165
872.774 169.408 0.284655 -0.0481012 1.19006
838.697 286.398 0.42217 -0.0674138 1.28121
793.635 410.222 0.284375 -0.00661467 1.08077
514.341 156.878 -0.0800971 0.0101083 0.741243
859.716 421.348 -0.0563189 0.0133548 0.769484
851.198 191.031 0.342048 -0.0611901 1.26477
930.947 535.641 0.319358 -0.0431628 1.06301
887.69 72.7428 -0.0455979 0.0141304 0.773559
709.37 442.14 1.30149 0.067708 1.57877
540.526 124.848 -0.0784662 0.0102482 0.742456
569.044 113.109 -0.0535582 0.00971497 0.766173
893.786 45.2784 -0.0399336 0.0143134 0.778632
644.129 444.921 0.282102 0.0316233 1.07054
699.86 467.711 0.835766 0.0535284 1.36104
751.782 494.818 0.979253 -0.0304197 1.36282
771.587 353.118 1.84472 -0.408286 2.27999
780.035 158.977 0.262588 -0.0108848 1.16481
