739.399 139.24 0.227037 -0.480279 4.9385
716.405 132.386 -0.1075 -0.146536 5.67371
691.455 281.214 -0.128683 0.00844015 0.385183
509.565 581.548 -0.0317138 0.018208 0.456233
610.812 264.238 0.342648 0.0182851 0.901913
705.395 238.061 0.922725 0.0281455 1.92077
675.587 229.602 -0.0350386 0.00541295 0.48411
621.35 53.6506 0.30786 0.0130424 0.908372
936.577 381.789 0.425321 -0.0579219 0.946831
877.97 218.164 0.285061 -0.0134309 0.836115
624.679 165.298 0.367152 0.0214265 0.970993
500.612 461.919 -0.00296548 0.0103168 0.505555
824.514 473.383 0.33177 -0.0108773 0.846604
793.225 48.788 0.309351 -0.0127448 0.909573
808.245 158.627 0.369314 -0.0240413 0.972664
801.842 287.712 0.341745 -0.0128408 0.892153
621.153 494.422 0.330347 0.0135613 0.843943
603.841 500.643 0.346569 0.0178637 0.855945
842.579 497.277 0.344624 -0.0143381 0.852839
831.904 482.989 0.330244 -0.0114063 0.843856
586.652 78.3222 0.309578 0.0182465 0.904729
821.181 430.801 0.421606 -0.0238746 0.92916
722.285 64.9314 0.496799 -0.0623391 2.34773
894.636 149.627 0.395791 -0.0586394 1.01925
817.54 74.961 0.310221 -0.0156823 0.902904
581.568 70.0255 0.301993 0.0173736 0.893424
844.734 485.018 0.352523 -0.0160301 0.861029
601.916 38.0589 0.295179 0.0136815 0.888983
659.885 448.006 0.361972 0.0114393 0.877784
626.539 273.164 0.334038 0.0143676 0.888939
595.102 293.811 0.293316 0.0123678 0.837649
794.143 277.954 0.333164 -0.0107691 0.884594
594.077 287.964 0.304024 0.0141026 0.850889
688.716 568.715 0.584861 0.0205953 0.978682
596.499 258.309 0.321162 0.0168518 0.876943
795.051 52.8821 0.302654 -0.0116306 0.895875
611.727 489.021 0.360767 0.0188288 0.869064
815.101 99.263 0.327121 -0.0183173 0.92504
742.122 452.649 1.34867 -0.0478001 1.40501
748.258 500.705 1.06042 -0.0337525 1.21527
877.046 174.301 0.425438 -0.063982 1.05393
755.689 531.339 0.935883 -0.0325284 1.13617
792.426 78.1362 0.324673 -0.0146536 0.928477
855.021 490.014 0.363905 -0.019203 0.868741
791.539 420.022 0.386302 -0.0129423 0.903314
