738.826 141.793 0.229037 -0.479195 4.93895
716.114 134.937 -0.105499 -0.145453 5.67416
698.066 270.355 -0.126683 0.00952348 0.385629
519.964 561.297 -0.0297131 0.0192913 0.456679
602.798 272.582 0.344649 0.0193684 0.902359
703.951 240.184 0.924726 0.0292289 1.92122
687.407 207.389 -0.0330378 0.00649627 0.484555
613.232 62.6827 0.30986 0.0141258 0.908818
930.246 388.981 0.427321 -0.0568386 0.947277
866.141 230.25 0.287062 -0.0123476 0.83656
618.501 172.297 0.369153 0.0225098 0.971439
516.266 429.282 -0.000964746 0.0114001 0.506001
814.479 483.749 0.333771 -0.00979393 0.84705
785.025 58.2649 0.311351 -0.0116615 0.910019
801.997 166.066 0.371315 -0.0229579 0.97311
793.569 296.655 0.343746 -0.0117575 0.892599
610.754 504.651 0.332348 0.0146446 0.844389
594.217 510.187 0.348569 0.018947 0.85639
833.068 507.243 0.346625 -0.0132547 0.853285
821.721 493.492 0.332245 -0.010323 0.844301
578.426 87.264 0.311579 0.0193298 0.905174
814.63 438.103 0.423607 -0.0227913 0.929606
721.151 68.2877 0.4988 -0.0612558 2.34818
889.019 156.564 0.397792 -0.0575561 1.0197
809.12 84.5667 0.312222 -0.0145989 0.90335
572.863 79.3698 0.303994 0.0184569 0.89387
835.663 494.609 0.354524 -0.0149468 0.861475
592.967 47.7617 0.29718 0.0147648 0.889429
651.365 456.75 0.363972 0.0125226 0.87823
618.033 281.959 0.336038 0.0154509 0.889385
583.557 304.973 0.295317 0.0134512 0.838095
785.519 287.203 0.335165 -0.00968577 0.88504
583.507 298.357 0.306025 0.0151859 0.851335
683.668 574.488 0.586862 0.0216786 0.979127
587.376 267.568 0.323162 0.0179352 0.877389
786.326 62.7754 0.304655 -0.0105472 0.89632
602.814 497.98 0.362768 0.0199121 0.86951
807.502 108.095 0.329122 -0.0172339 0.925486
740.2 455.175 1.35067 -0.0467168 1.40546
871.993 180.6 0.427438 -0.0628987 1.05437
752.712 535.202 0.937884 -0.0314451 1.13662
784.917 86.932 0.326674 -0.0135703 0.928923
846.395 499.24 0.365906 -0.0181197 0.869187
784.114 428.083 0.388303 -0.011859 0.90376
620.081 505.212 0.316968 0.0118555 0.831864
840.771 515.543 0.353484 -0.015054 0.857
601.729 291.747 0.317848 0.0149717 0.866022
772.876 397.738 0.491441 -0.0205747 1.00292
