628.027 182.006 0.267477 0.0349922 1.16867
880.465 418.538 0.326806 -0.0435931 1.11469
753.381 13.1224 0.212509 -0.00482863 1.16162
609.252 2.78273 0.210122 0.0335277 1.1671
899.343 426.198 0.307079 -0.0428189 1.09635
894.649 274.773 0.273425 -0.0426491 1.12394
942.879 294.954 0.258469 -0.0474213 1.09849
493.189 43.7959 0.144036 0.0313362 1.01658
748.523 16.3776 0.214221 -0.00368491 1.16381
911.907 13.5371 0.215499 -0.0477491 1.16364
506.981 458.354 0.291427 0.064573 1.07965
493.402 163.948 0.252376 0.0730723 1.15833
512.696 170.33 0.277784 0.0799466 1.19646
891.643 518.923 0.349276 -0.0454171 1.09143
914.117 296.483 0.377687 -0.094208 1.2278
568.91 317.726 0.386528 0.086305 1.23325
895.519 154.099 0.244108 -0.0423006 1.14013
908.942 138.005 0.247381 -0.0494276 1.15354
493.522 462.865 0.287516 0.0664886 1.07552
499.047 174.481 0.244186 0.0661459 1.13936
900.768 370.354 0.485025 -0.122449 1.26849
488.776 435.487 0.293177 0.0713328 1.08875
629.098 562.962 0.312367 0.034201 1.06031
496.598 423.297 0.300798 0.0727723 1.09899
907.997 545.005 0.316545 -0.0396443 1.06426
929.634 415.101 0.292203 -0.0471128 1.08815
738.187 100.718 0.352376 -0.0172616 1.43342
536.03 551.32 0.326989 0.0629883 1.0732
793.12 546.104 0.336558 -0.0112035 1.07658
541.415 539.196 0.345072 0.0669501 1.08736
500.666 313.393 0.286898 0.0738896 1.13001
773.942 170.481 0.259519 -0.0111867 1.15884
655.564 571.512 0.337622 0.0296848 1.07104
490.633 17.9523 0.214629 0.067418 1.17211
907.296 16.8845 0.21993 -0.0490183 1.17218
640.461 550.437 0.335273 0.0341002 1.07665
908.234 141.048 0.245184 -0.0477213 1.14827
793.525 585.381 0.324174 -0.00876606 1.05822
923.577 563.048 0.335661 -0.0479789 1.06899
922.769 546.357 0.351787 -0.0537997 1.08281
760.244 138.787 0.238219 -0.00536516 1.14146
797.197 559.932 0.316456 -0.00975939 1.06132
919.653 138.759 0.241568 -0.0492012 1.14321
645.931 434.531 0.287667 0.0282246 1.0824
905.107 293.87 0.286133 -0.0487607 1.1296
747.558 459.201 0.871441 -0.034249 1.39574
768.468 566.501 0.337233 -0.00338638 1.07085
576.591 495.394 0.434961 0.0808333 1.15687
767.552 550.754 0.345357 -0.00409331 1.08021
756.51 226.467 0.383181 -0.0202085 1.30526
773.039 167.064 0.274356 -0.0137575 1.18471
490.991 164.41 0.250691 0.0728267 1.15534
495.63 610.543 0.295425 0.0619734 1.0403
912.965 32.5965 0.224848 -0.0515397 1.17294
666.162 613.123 0.31112 0.0243282 1.04575
894.775 1.15295 0.210464 -0.041725 1.15997
888.641 225.054 0.433427 -0.134543 1.37546
630.791 149.665 0.234391 0.0287667 1.13273
630.003 28.5728 0.218224 0.0289093 1.16915
907.622 545.195 0.327952 -0.0425774 1.07055
766.926 296.37 0.250603 -0.00330029 1.0923
788.003 284.207 0.250409 -0.00862323 1.09602
786.472 161.632 0.235388 -0.0106998 1.12532
653.275 112.142 0.302391 0.0348866 1.2914
900.684 273.241 0.271931 -0.0439008 1.12276
766.345 173.387 0.262268 -0.00916245 1.16172
901.451 290.515 0.290972 -0.0499118 1.1365
505.095 451.478 0.29664 0.0672037 1.08583
784.003 436.912 0.301669 -0.00870213 1.09031
495.948 293.925 0.262295 0.0661985 1.11089
510.52 573.758 0.340164 0.0732905 1.07367
930.044 407.735 0.293529 -0.048287 1.09171
494.999 310.781 0.283115 0.0741796 1.12715
752.744 5.49904 0.209301 -0.00444179 1.15869
500.772 446.791 0.287267 0.0653737 1.08025
500.489 7.10617 0.210765 0.063339 1.16939
801.086 537.916 0.196434 0.000779339 0.991321
896.999 5.60373 0.213536 -0.0436551 1.16454
513.953 573.745 0.320053 0.0661862 1.0629
910.573 0.0227928 0.215146 -0.049158 1.17187
787.837 553.566 0.334866 -0.00922491 1.07336
911.542 130.267 0.231924 -0.0430437 1.13163
888.938 548.843 0.344365 -0.0411316 1.07855
916.793 534.677 0.343939 -0.0505553 1.0826
860.287 182.283 0.285219 -0.046268 1.18943
827.362 297.272 0.42658 -0.0658612 1.28455
775.997 428.618 0.283074 -0.00495718 1.07881
839.997 202.988 0.344629 -0.0595972 1.26635
574.995 85.4634 -0.0743796 0.0120429 0.744766
616.565 70.554 -0.0510025 0.0115767 0.767071
945.416 0.632973 -0.0371153 0.0160802 0.77981
624.493 461.638 0.284889 0.0329741 1.07216
691.757 473.794 0.838448 0.0548456 1.3637
768.424 355.682 1.8462 -0.406913 2.28463
765.061 174.077 0.26606 -0.00931086 1.16732
499.959 587.884 0.310232 0.0662862 1.05384
950.081 0.987453 -0.0490158 0.0160236 0.768018
945.168 48.8152 -0.048391 0.0159478 0.769522
630.343 429.749 -0.0491686 0.0113922 0.77586
943.953 320.44 -0.0723047 0.0151257 0.749876
897.986 7.87622 -0.0500826 0.0153122 0.76706
885.815 0.529652 -0.0517047 0.0151359 0.76534
555.094 363.797 -0.0552366 0.0106583 0.76813
897.619 4.21585 -0.0510249 0.0152966 0.766075
788.859 120.843 0.228258 -0.0118175 1.13276
489.734 158.939 0.252141 0.0746021 1.16088
502.816 286.649 0.261352 0.0644606 1.11257
915.034 544.82 0.347403 -0.0502215 1.08111
616.99 464.996 0.272652 0.0329264 1.06225
782.549 396.047 0.376477 -0.0193312 1.16638
659.455 418.9 0.28651 0.0247024 1.08639
