737.895 142.843 0.230912 -0.476866 4.9383
715.462 135.62 -0.103625 -0.143123 5.67351
712.48 259.91 -0.124738 0.0118418 0.384826
541.56 536.112 -0.028118 0.0215661 0.455577
589.195 268.418 0.351264 0.0217412 0.907083
662.116 630.876 -0.0277632 0.0145327 0.443267
700.742 240.815 0.930042 0.0315025 1.92522
712.785 175.536 -0.0311902 0.00877885 0.48382
596.179 59.3392 0.312715 0.0163324 0.909295
914.738 387.106 0.42913 -0.0545663 0.946376
825.354 231.16 0.300745 -0.0108531 0.84925
602.639 167.178 0.368585 0.0247206 0.967597
547.795 379.241 0.000695929 0.0136856 0.505021
632.018 635.708 -0.0175771 0.0149968 0.460307
789.889 477.256 0.334937 -0.00738758 0.845472
764.661 60.8449 0.316333 -0.00952843 0.913063
792.202 157.314 0.366039 -0.0206616 0.963631
771.495 292.179 0.351629 -0.00974577 0.898705
946.213 462.604 0.374975 -0.0382773 0.879095
944.742 92.3251 0.35066 -0.0540345 0.962466
949.37 462.711 0.382213 -0.0411242 0.884761
591.314 488.738 0.338279 0.0170139 0.847962
568.125 507.947 0.34674 0.0211362 0.851828
816.077 510.658 0.341585 -0.0107646 0.845434
798.184 488.013 0.332317 -0.00795778 0.841654
560.564 84.2337 0.314568 0.0217089 0.905623
786.715 410.148 0.465896 -0.0237278 0.971695
718.667 67.5929 0.498229 -0.0586169 2.3379
869.617 167.475 0.411824 -0.0575838 1.03271
779.496 116.069 0.336114 -0.0137435 0.929866
550.87 70.3755 0.304503 0.0207186 0.891357
818.594 498.23 0.349622 -0.0123066 0.853622
570.65 39.1504 0.298046 0.0170836 0.88731
633.111 449.068 0.367765 0.0147908 0.879426
602.338 277.375 0.341972 0.0177785 0.893146
554.426 293.958 0.295502 0.0157039 0.835424
764.845 282.795 0.340681 -0.00771699 0.888333
568.328 291.364 0.313883 0.0175363 0.857124
672.797 570.084 0.592545 0.0239593 0.981376
571.175 263.216 0.328823 0.0203042 0.880707
763.21 66.4194 0.310645 -0.0083227 0.900766
581.282 493.729 0.363088 0.0221198 0.867069
787.598 109.595 0.334278 -0.0150868 0.928836
864.673 176.885 0.423244 -0.0599477 1.04577
744.256 523.746 0.972694 -0.0305495 1.15923
824.604 491.756 0.369362 -0.0159961 0.869966
765.787 422.072 0.392955 -0.00973261 0.905889
594.925 494.063 0.319435 0.0141211 0.831655
816.687 495.945 0.36381 -0.0139085 0.864986
587.155 286.285 0.325792 0.0172855 0.871927
755.581 384.565 0.538357 -0.021015 1.04801
