737.51 138.643 0.22732 -0.478532 4.93795
714.724 131.217 -0.107217 -0.14479 5.67316
700.619 279.76 -0.12833 0.0101749 0.384473
514.435 572.398 -0.0317098 0.0198992 0.455224
580.745 255.518 0.347672 0.0200743 0.906731
700.228 237.217 0.92645 0.0298356 1.92486
677.6 217.811 -0.0347821 0.00711195 0.483467
585.245 44.5564 0.309123 0.0146655 0.908942
910.304 375.414 0.425538 -0.0562332 0.946023
811.09 213.609 0.297153 -0.01252 0.848897
596.071 155.608 0.364993 0.0230537 0.967244
491.383 440.392 -0.00289593 0.0120187 0.504668
778.562 461.443 0.331345 -0.00905448 0.845119
754.755 45.5628 0.312741 -0.0111953 0.91271
786.026 144.774 0.362447 -0.0223285 0.963278
763.213 278.378 0.348037 -0.0114127 0.898352
938.758 448.328 0.371383 -0.0399442 0.878742
938.587 78.4676 0.347068 -0.0557014 0.962113
942.38 448.734 0.378621 -0.0427911 0.884408
580.211 473.903 0.334687 0.015347 0.847609
557.866 493.585 0.343148 0.0194693 0.851475
805.305 494.952 0.337993 -0.0124315 0.845081
786.453 471.94 0.328725 -0.00962467 0.841301
549.522 69.6868 0.310976 0.020042 0.90527
783.187 399.873 0.462304 -0.0253947 0.971342
717.527 61.7939 0.494638 -0.0602838 2.33755
865.77 156.497 0.408232 -0.0592507 1.03236
771.295 101.998 0.332522 -0.0154104 0.929513
538.405 55.0192 0.300911 0.0190517 0.891004
808.758 483.038 0.34603 -0.0139735 0.853269
557.466 23.1664 0.294454 0.0154167 0.886957
625.068 435.864 0.364173 0.0131239 0.879073
592.997 263.823 0.33838 0.0161116 0.892793
537.741 276.847 0.29191 0.014037 0.835071
755.609 268.415 0.337089 -0.00938389 0.88798
555.26 275.896 0.310291 0.0158694 0.856771
671.321 561.168 0.588953 0.0222924 0.981024
560.439 248.999 0.325231 0.0186373 0.880354
752.432 50.6383 0.307053 -0.0099896 0.900413
572.651 480.244 0.359496 0.020453 0.866716
779.305 95.3849 0.330686 -0.0167537 0.928483
861.131 166.287 0.419652 -0.0616146 1.04541
744.282 517.612 0.969102 -0.0322164 1.15888
816.512 477.563 0.36577 -0.017663 0.869613
759.535 409.548 0.389363 -0.0113995 0.905536
581.144 477.925 0.315843 0.0124542 0.831303
808.135 481.498 0.360218 -0.0155754 0.864633
575.887 271.676 0.3222 0.0156186 0.871574
753.416 376.092 0.534765 -0.0226819 1.04766
