736.817 136.424 0.226115 -0.477504 4.93773
713.953 128.615 -0.108421 -0.143762 5.67294
706.066 285.872 -0.129535 0.011203 0.384249
520.579 579.364 -0.0329147 0.0209273 0.455
567.995 243.236 0.346468 0.0211024 0.906507
698.087 234.88 0.925245 0.0308637 1.92464
683.569 225.852 -0.0359869 0.00814008 0.483243
571.135 30.3205 0.307919 0.0156936 0.908718
900.729 366.408 0.424333 -0.0552051 0.945799
793.071 196.167 0.295948 -0.0114919 0.848673
585.718 145.292 0.363788 0.0240818 0.96702
496.671 447.77 -0.00410078 0.0130468 0.504444
958.105 279.201 0.537808 -0.154146 1.11403
762.209 445.975 0.33014 -0.00802635 0.844895
741.41 31.9564 0.311536 -0.0101672 0.912486
775.89 134.582 0.361242 -0.0213004 0.963054
750.43 266.012 0.346832 -0.0103845 0.898128
925.728 436.099 0.370179 -0.038916 0.878518
928.189 68.0095 0.345863 -0.0546732 0.961889
929.793 436.932 0.377416 -0.041763 0.884184
958.513 443.195 0.354919 -0.0390848 0.864226
564.028 458.731 0.333482 0.0163751 0.847385
542.325 479.041 0.341943 0.0204975 0.851251
789.286 479.813 0.336788 -0.0114033 0.844857
769.692 456.102 0.327521 -0.00859655 0.841077
535.196 55.3996 0.309771 0.0210702 0.905046
774.839 391.855 0.4611 -0.0243666 0.971118
715.559 58.2851 0.493433 -0.0592556 2.33732
857.897 148.62 0.407027 -0.0582225 1.03213
759.319 89.9062 0.331317 -0.0143823 0.929289
522.845 39.54 0.299707 0.0200799 0.89078
793.626 468.716 0.344825 -0.0129454 0.853045
568.966 627.203 0.37725 0.0213464 0.850404
541.405 7.06078 0.29325 0.0164449 0.886733
611.88 423.37 0.362968 0.014152 0.878849
579.364 250.717 0.337175 0.0171397 0.892569
517.59 257.791 0.290706 0.0150651 0.834847
741.968 255.219 0.335884 -0.00835576 0.887756
952.674 253.527 0.348699 -0.0456611 0.900843
538.197 259.672 0.309087 0.0168975 0.856548
664.612 554.46 0.587748 0.0233205 0.9808
950.036 50.2283 0.323322 -0.0472547 0.925273
545.572 234.75 0.324026 0.0196654 0.88013
738.256 36.2708 0.305848 -0.00896147 0.900189
558.664 467.096 0.358291 0.0214811 0.866492
767.249 83.1962 0.329482 -0.0157256 0.928259
853.6 158.765 0.418447 -0.0605865 1.04519
740.534 513.61 0.967897 -0.0311882 1.15865
748.2 398.712 0.388159 -0.0103714 0.905313
562.628 460.623 0.314638 0.0134823 0.831079
794.2 468.284 0.359013 -0.0145473 0.864409
560.444 256.919 0.320995 0.0166467 0.87135
746.954 369.833 0.53356 -0.0216538 1.04743
