672.769 535.688 0.301257 0.036135 0.973836
793.592 452.573 0.20904 -0.106364 0.992579
841.075 113.879 -0.157911 -0.135474 0.953481
552.887 578.026 0.305638 0.151914 0.915111
571.86 226.246 -0.0317076 0.0794708 0.774091
919.99 124.385 -0.1458 -0.210544 0.945858
536.53 301.73 0.0169517 0.110076 0.794405
814.696 516.736 0.425517 -0.193987 1.1729
778.024 386.445 0.144737 -0.0958778 1.04598
877.896 222.666 -0.0498369 -0.166646 0.927506
830.529 172.313 -0.136712 -0.165979 1.08231
919.25 9.3759 -0.246797 -0.201545 0.941033
793.659 450.314 0.208298 -0.107355 0.996859
721.785 357.476 0.0963831 -0.0203007 1.00049
839.057 519.866 0.310708 -0.172893 1.01609
939.555 308.381 0.0334264 -0.243051 0.949047
839.907 318.208 0.0451987 -0.144338 0.960404
544.549 165.792 -0.123327 0.184988 1.01517
549.276 104.567 -0.153777 0.141413 0.924001
545.436 221.467 -0.0428167 0.127585 0.867354
569.688 166.669 -0.111279 0.141164 0.973296
664.551 576.303 0.259821 0.0318818 0.858804
661.273 469.654 0.199942 0.0432476 0.933807
640.21 545.699 0.295403 0.069358 0.949356
553.077 329.287 0.0435626 0.119554 0.853797
896.655 68.2419 -0.227367 -0.212225 1.00825
900.306 119.37 -0.146796 -0.186722 0.935858
779.134 127.226 -0.133208 -0.0689887 0.91814
684.704 139.89 -0.0936807 0.0110892 0.814842
712.154 164.247 -0.137615 -0.00797468 1.05454
804.566 138.372 -0.118961 -0.0891591 0.902465
958.505 228.214 -0.057879 -0.309898 1.03313
818.175 35.7652 -0.233908 -0.112349 0.961159
707.704 100.084 -0.13634 -0.0043885 0.863415
937.533 121.967 -0.174904 -0.266945 1.018
935.823 191.879 -0.079064 -0.221538 0.929876
721.959 357.371 0.0940733 -0.0202364 0.990318
926.907 448.349 0.227501 -0.296157 1.04237
938.591 307.351 0.0327099 -0.244438 0.953333
886.737 421.571 0.144109 -0.183062 0.923391
495.584 70.8905 -0.166864 0.171775 0.887343
550.065 170.469 -0.124764 0.189045 1.03935
609.431 102.713 -0.15238 0.0842157 0.915099
535.625 216.299 -0.0430635 0.122001 0.831589
484.598 299.94 0.024229 0.203659 0.911789
631.097 467.261 0.206736 0.0783128 0.95215
535.337 609.331 0.282278 0.140884 0.848345
559.015 279.35 0.00477682 0.131692 0.906354
612.453 408.435 0.139057 0.0951771 0.94534
728.877 323.892 0.0566699 -0.0283145 1.00053
850.196 101.194 -0.136543 -0.11676 0.864567
733.071 152.652 -0.121041 -0.0290602 0.955215
765.864 83.7369 -0.178488 -0.0585138 0.937024
750.077 67.7192 -0.114194 -0.0279548 0.738363
842.536 111.529 -0.15551 -0.133099 0.941141
888.534 217.251 -0.0509682 -0.163797 0.896421
796.38 454.082 0.198877 -0.103919 0.967819
789.127 634.501 0.300477 -0.0747873 0.842981
848.469 579.23 0.346313 -0.166929 0.9627
530.287 211.957 -0.0589542 0.166739 0.933042
522.914 148.293 -0.115822 0.168269 0.926365
665.528 48.935 -0.214978 0.0372061 0.949688
514.627 207.305 -0.042912 0.113999 0.77226
559.268 157.557 -0.108779 0.136185 0.930503
521.731 287.102 0.0149796 0.208954 0.99677
622.176 481.453 0.187005 0.0728081 0.884931
664.73 457.384 0.208949 0.0453401 0.979617
633.098 565.482 0.267992 0.0639065 0.883631
553.984 340.807 0.0504156 0.113755 0.838336
559.261 414.39 0.132898 0.137125 0.909543
607.247 413.03 0.132902 0.0923527 0.913818
721.987 549.434 0.273636 -0.0195774 0.914144
745.452 106.757 -0.124722 -0.0326458 0.842867
943.135 307.102 0.0316964 -0.243711 0.943967
895.08 121.728 -0.152591 -0.191494 0.958418
944.537 271.868 -0.00365296 -0.234291 0.92904
716.858 319.91 0.0588793 -0.0149749 1.06072
766.759 167.48 -0.140011 -0.0795074 1.07437
800.045 111.816 -0.146295 -0.0874818 0.917114
821.6 183.498 -0.141556 -0.175935 1.15167
552.707 350.482 0.0680973 0.134835 0.893108
949.041 184.533 -0.0782827 -0.212998 0.891803
860.62 87.0595 -0.14514 -0.122887 0.859149
800.176 459.099 0.192383 -0.102302 0.942537
778.325 398.746 0.132739 -0.0807938 0.959824
722.407 353.71 0.0974407 -0.0217486 1.02735
490.889 176.736 -0.104765 0.233543 0.990452
661.548 146.214 -0.0965895 0.0301574 0.844781
515.437 232.573 -0.0321102 0.142677 0.844476
642.022 540.788 0.294382 0.0685305 0.955864
548.014 277.02 0.00197517 0.125181 0.862151
602.654 419.611 0.12669 0.0875029 0.878252
954.465 467.699 0.205091 -0.270944 0.949724
827.861 0.131683 -0.217877 -0.0999295 0.877787
717.439 317.487 0.0695267 -0.0173938 1.19208
758.916 306.699 0.0785726 -0.169585 1.65671
788.276 257.696 -0.0478939 -0.175838 1.34629
691.503 198.149 -0.0970071 0.0182319 1.05768
724.085 271.367 -0.0375603 -0.0423572 1.59579
734.576 323.793 0.0322437 -0.0239788 0.801911
735.641 318.309 0.0688059 -0.0476339 1.17332
721.138 539.703 0.27915 -0.0192715 0.936759
721.948 352.242 0.091189 -0.020588 1.00567
824.01 446.543 0.174943 -0.124617 0.934424
611.799 497.109 0.159895 0.0642525 0.805745
671.903 443.017 0.221869 0.0443696 1.04418
630.653 568.638 0.260148 0.0632534 0.868885
520.365 636.592 0.268682 0.134565 0.804207
652.931 5.82914 -0.189846 0.0344607 0.833738
541.49 164.605 -0.118584 0.179041 0.99337
580.764 143.167 -0.109384 0.102505 0.886273
710.813 147.35 -0.152751 -0.00631561 1.0396
545.16 275.451 0.00057151 0.124185 0.853208
675.695 415.873 0.117139 0.0216634 0.860751
951.414 182.461 -0.079384 -0.213188 0.888529
564.66 345.556 0.0745364 0.146226 0.954641
597.807 420 0.119577 0.0861038 0.85693
823.726 299.051 0.0121641 -0.0766217 0.76351
867.45 456.07 0.238525 -0.217224 1.04246
769.777 327.285 0.055814 -0.0708122 0.965375
777.075 121.589 -0.122567 -0.0601429 0.870156
778.561 326.004 0.0740198 -0.108314 1.11679
799.016 454.279 0.192288 -0.103503 0.953551
834.136 548.22 0.35652 -0.171186 1.02421
670.556 543.043 0.278218 0.0338263 0.930071
526.427 80.5718 -0.147232 0.134356 0.856033
559.386 68.4079 -0.212171 0.151635 0.982363
930.881 192.606 -0.0840374 -0.232138 0.959054
890.965 99.4754 -0.153282 -0.165069 0.906385
512.742 210.258 -0.0403779 0.112275 0.764394
585.651 149.946 -0.111802 0.106901 0.915962
786.773 406.311 0.112375 -0.0736377 0.872657
745.333 143.775 -0.132764 -0.0420418 0.965408
746.372 75.2793 -0.156001 -0.0347196 0.866026
685.452 350.163 0.102906 0.0282712 1.07611
805.787 295.076 0.0169938 -0.0901306 0.884753
909.595 500.683 0.189053 -0.177079 0.856587
888.727 155.025 -0.157273 -0.239893 1.07674
828.968 452.716 0.170619 -0.12268 0.91044
793.674 415.586 0.102844 -0.0696268 0.819148
658.364 38.9271 -0.198384 0.0380081 0.899351
818.292 14.2931 -0.224258 -0.0997168 0.90948
760.378 164.197 -0.138117 -0.0686017 1.0549
791.344 238.113 -0.04939 -0.11374 1.07185
644.868 369.922 0.108459 0.0681953 0.987893
866.724 85.5748 -0.145573 -0.126989 0.857321
625.815 476.78 0.182294 0.0693054 0.884429
885.115 419.863 0.143762 -0.183047 0.927196
899.213 491.821 0.200349 -0.184454 0.892398
723.133 584.019 0.235868 -0.017848 0.817434
747.848 249.119 -0.0470599 -0.0687499 1.1964
672.546 171.863 -0.10348 0.0322126 0.960619
585.419 152.898 -0.113083 0.111349 0.930309
611.745 560.887 0.394022 0.129846 1.0461
814.421 421.005 0.314262 -0.23799 1.314
521.948 301.207 0.0132323 0.103671 0.750601
770.984 81.953 -0.220542 -0.0756071 1.02561
834.986 48.6588 -0.195857 -0.114906 0.908418
934.82 130.94 -0.0866464 -0.138188 0.759563
712.903 170.061 -0.153963 -0.00881549 1.13181
526.325 365.885 0.0940462 0.182736 0.944664
554.816 416.746 0.128995 0.134674 0.891919
528.547 80.18 -0.144546 0.129767 0.848146
784.59 627.741 0.307772 -0.0736629 0.858224
739.279 129.212 -0.10813 -0.0281119 0.840957
796.033 108.415 -0.126868 -0.0720056 0.852464
876.34 355.608 0.029867 -0.0805226 0.666692
587.643 62.9773 -0.144 0.0771978 0.815464
873.331 418.792 0.15041 -0.179929 0.948127
518.119 317.233 0.0765883 0.364617 1.24932
574.728 72.3823 -0.203714 0.132551 0.972477
661.864 469.785 0.203884 0.0436106 0.941248
518.616 367.152 0.114156 0.230853 1.02222
763.67 92.9307 -0.18285 -0.0601815 0.967303
907.642 492.129 0.186274 -0.179367 0.865725
881.114 367.642 0.124855 -0.241939 1.06902
615.079 406.733 0.144687 0.097925 0.967079
589.569 146.94 -0.113224 0.102056 0.911569
775.191 396.926 0.140205 -0.0823937 0.98942
826.82 383.954 0.115479 -0.131992 0.957173
622.772 402.22 0.140273 0.0898492 0.969229
648.155 357.02 0.109598 0.077535 1.06198
958.645 468.882 0.0815604 -0.119733 0.666932
849.385 462.665 0.221894 -0.173787 0.993482
631.737 466.376 0.205186 0.0773717 0.951073
573.755 139.31 -0.110285 0.105958 0.878443
769.449 70.6071 -0.172536 -0.0566079 0.897014
709.598 99.8271 -0.137441 -0.00586427 0.865987
901.03 486.604 0.192104 -0.183071 0.88649
717.838 519.104 0.134019 -0.0117552 0.725766
625.919 352.332 0.094207 0.0965532 1.0179
689.598 194.639 -0.100406 0.0203916 1.05361
796.327 115.757 -0.148822 -0.0874247 0.933963
817.045 39.5632 -0.237175 -0.114379 0.973729
942.924 240.602 -0.0419132 -0.285607 1.023
537.026 174.215 -0.0730244 0.119629 0.830837
555.926 152.796 -0.107861 0.132231 0.911026
694.171 168.366 -0.101542 0.00920957 0.938481
689.215 323.999 0.0472516 0.0133829 0.922057
535.594 351.723 0.0685555 0.148683 0.889283
640.975 49.448 -0.188276 0.0523589 0.895889
553.193 303.142 0.0465764 0.270855 1.20241
832.716 449.809 0.175111 -0.131416 0.927105
836.317 558.475 0.352857 -0.166413 1.0024
923.3 305.957 0.0360497 -0.263625 1.0169
537.937 221.583 -0.0405853 0.125649 0.845871
648.769 404.244 0.136529 0.0581652 0.951593
694.618 320.17 0.0635272 0.0166131 1.09736
748.822 313.726 0.0741605 -0.0866012 1.3166
829.057 7.26959 -0.266858 -0.125203 0.972472
644.042 365.951 0.105138 0.0700746 0.993351
615.099 401.572 0.140392 0.0989667 0.971714
551.001 345.009 0.0738688 0.160222 0.953855
665.942 168.251 -0.101517 0.0364769 0.938527
721.03 556.406 0.257437 -0.0177848 0.881676
818.638 52.6011 -0.273485 -0.139509 1.06308
819.959 52.032 -0.272623 -0.140402 1.06042
512.526 193.504 -0.0290861 0.0136072 0.384443
524.075 30.4907 -0.245266 0.184007 0.976262
709.35 80.2777 -0.13284 -0.00582224 0.814317
950.249 313.518 0.0396688 -0.260829 0.95957
915.648 128.221 -0.14811 -0.214776 0.96307
738.252 339.034 1.49797 -1.0015 5.65542
677.913 159.333 -0.100663 0.022057 0.902503
794.446 247.349 -0.0448922 -0.136089 1.14749
559.232 329.876 0.0474941 0.12335 0.879094
492.918 228.027 -0.0333121 0.147189 0.816873
548.558 222.644 -0.0426575 0.127829 0.875026
932.31 268.071 -0.00882687 -0.265045 1.00595
611.237 200.372 -0.102046 0.131476 1.09622
777.188 386.911 0.14782 -0.0962912 1.05393
958.9 270.296 -0.00751921 -0.326719 1.05146
923.831 199.022 -0.0789292 -0.228921 0.966046
606.501 288.374 0.0159974 0.112128 0.996422
522.278 494.524 0.162266 0.132866 0.814011
816.416 358.754 0.104571 -0.141246 1.03258
832.939 556.052 0.367693 -0.170052 1.0242
724.289 242.614 -0.0670949 -0.0306758 1.26437
655.723 78.2255 -0.203922 0.0515188 0.984024
625.314 7.37043 -0.173593 0.0489422 0.802771
926.483 241.421 -0.0563687 -0.348779 1.15902
740.819 262.301 -0.0506203 -0.0827972 1.47137
808.069 162.643 -0.12831 -0.118595 1.01467
818.601 322.327 0.0627228 -0.153758 1.07042
769.464 24.8073 -0.192499 -0.0520381 0.864427
832.314 170.773 -0.134911 -0.164133 1.0695
789.05 625.092 0.311005 -0.0788444 0.864711
721.489 357.407 0.100262 -0.0204143 1.01878
903.287 469.4 0.334929 -0.347092 1.1726
913.005 440.288 0.244049 -0.312273 1.09985
808.11 489.076 0.645723 -0.311088 1.50828
940.478 367.703 0.101714 -0.263987 0.975533
943.736 424.829 0.165416 -0.268801 0.970146
901.208 432.659 0.133913 -0.172162 0.868212
508.88 87.8182 -0.171067 0.181042 0.931302
523.472 302.173 0.0359764 0.237436 1.0542
518.054 353.084 0.0708618 0.166772 0.894551
625.861 479.77 0.196773 0.0741242 0.906972
622.253 403.667 0.141709 0.0903111 0.968612
597.698 289.542 0.0209824 0.162831 1.12171
558.591 413.612 0.132543 0.138181 0.910708
603.587 418.794 0.130384 0.0899152 0.890807
