735.865 134.382 0.22493 -0.475813 4.93722
712.949 126.149 -0.109607 -0.14207 5.67243
715.011 291.882 -0.13072 0.0128947 0.383746
533.463 587.495 -0.0341 0.022619 0.454496
554.802 232.119 0.345282 0.0227941 0.906003
957.379 4.65755 0.310148 -0.0446056 0.912863
695.551 232.714 0.92406 0.0325554 1.92413
697.968 234.121 -0.0371722 0.00983175 0.48274
556.59 17.746 0.306733 0.0173853 0.908215
890.204 358.047 0.423148 -0.0535134 0.945296
774.507 180.561 0.294763 -0.00980018 0.848169
574.77 136.023 0.362603 0.0257735 0.966517
514.241 457.036 -0.00528604 0.0147385 0.50394
951.047 274.199 0.536622 -0.152454 1.11353
745.362 431.633 0.328955 -0.00633468 0.844391
727.333 19.9925 0.310351 -0.00847552 0.911982
764.914 125.482 0.360057 -0.0196087 0.962551
736.955 254.79 0.345647 -0.00869286 0.897624
947.21 247.395 0.349208 -0.0458031 0.900982
954.523 610.094 0.372724 -0.0375026 0.84501
956.118 198.324 0.319125 -0.0371613 0.875117
911.75 424.683 0.368993 -0.0372244 0.878014
916.663 58.8153 0.344678 -0.0529816 0.961386
916.242 425.902 0.376231 -0.0400713 0.88368
943.25 430.737 0.353733 -0.0373932 0.863722
791.124 636.337 0.364062 -0.0119843 0.837329
547.692 444.69 0.332297 0.0180668 0.846882
526.621 465.547 0.340758 0.0221891 0.850747
772.713 465.698 0.335603 -0.00971165 0.844354
749.716 639.492 0.470106 -0.0106877 0.89108
738.558 637.48 0.38021 -0.00521144 0.846684
752.448 441.402 0.326335 -0.00690487 0.840574
520.5 42.738 0.308586 0.0227618 0.904543
765.742 384.39 0.459914 -0.0226749 0.970615
713.137 55.0579 0.492248 -0.057564 2.33682
849.073 141.577 0.405842 -0.0565309 1.03163
746.553 79.1884 0.330132 -0.0126906 0.928785
507.012 25.8597 0.298521 0.0217715 0.890276
777.885 455.368 0.34364 -0.0112537 0.852541
554.781 614.734 0.376065 0.0230381 0.849901
598.275 411.817 0.361783 0.0158437 0.878345
565.326 238.855 0.33599 0.0188314 0.892065
497.625 240.619 0.28952 0.0167568 0.834344
727.679 243.273 0.334699 -0.00666409 0.887253
938.947 242.629 0.347514 -0.0439694 0.900339
521.023 245.016 0.307901 0.0185892 0.856044
657.334 548.102 0.586563 0.0250122 0.980296
936.649 39.5044 0.322137 -0.045563 0.924769
530.415 221.891 0.322841 0.0213571 0.879627
723.392 23.6378 0.304663 -0.0072698 0.899685
544.384 454.895 0.357106 0.0231728 0.865988
754.39 72.4055 0.328296 -0.0140339 0.927756
845.134 152.025 0.417262 -0.0588948 1.04469
736.321 509.782 0.966712 -0.0294966 1.15815
736.18 388.671 0.386973 -0.00867971 0.904809
544.142 444.633 0.313453 0.015174 0.830575
779.607 455.95 0.357828 -0.0128556 0.863906
948.294 225.675 0.321878 -0.0359476 0.872769
544.737 243.575 0.31981 0.0183384 0.870847
552.455 632.895 0.374029 0.0228315 0.845675
929.413 178.966 0.0534414 0.00649318 0.571358
925.591 177.903 0.0534551 0.00648021 0.571365
642.196 195.632 0.0631047 0.00488955 0.580996
756.537 420.659 1.57155 -0.169071 1.55955
735.437 466.338 1.1687 -0.043384 1.29455
918.059 37.6074 0.312912 -0.0377974 0.908137
854.39 488.553 0.509434 -0.0560662 0.96037
588.02 428.591 0.401964 0.0240777 0.908859
