595.94 143.598 0.260296 0.0413546 1.16415
848.516 380.182 0.319626 -0.0372307 1.11018
864.842 384.864 0.299898 -0.0364565 1.09184
860.263 233.925 0.266244 -0.0362866 1.11943
905.023 250.348 0.251289 -0.0410589 1.09397
814.648 568.244 0.13658 0.00581505 0.936979
481.181 133.997 0.270603 0.086309 1.19194
859.192 479.102 0.342095 -0.0390546 1.08692
879.837 598.875 0.373702 -0.0448407 1.06068
889.336 267.694 0.370507 -0.0878456 1.22329
865.718 628.54 0.37183 -0.0378474 1.05067
544.997 289.944 0.379347 0.0926674 1.22874
860.57 111.98 0.236928 -0.0359381 1.13562
875.169 97.2438 0.2402 -0.0430651 1.14903
642.666 626.268 0.359354 0.0325964 1.05009
864.883 620.674 0.373576 -0.0384409 1.05383
879.69 345.99 0.477844 -0.116086 1.26398
594.452 519.002 0.305186 0.0405634 1.05579
887.287 625.644 0.357563 -0.0415373 1.04568
871.458 500.107 0.309364 -0.0332818 1.05974
893.226 371.833 0.285022 -0.0407504 1.08364
719.123 75.9521 0.345195 -0.0108991 1.42891
503.379 510.498 0.319808 0.0693508 1.06868
953.555 557.852 0.390774 -0.0796463 1.08116
760.211 504.558 0.329378 -0.00484108 1.07207
740.687 613.093 0.365415 0.00206298 1.05505
841.976 638.908 0.480719 -0.0495727 1.08323
744.845 615.693 0.368764 0.000664607 1.05552
510.765 500.913 0.337891 0.0733126 1.08284
741.455 130.966 0.252338 -0.00482428 1.15432
623.427 530.262 0.330441 0.0360472 1.06653
759.592 637.538 0.35813 -0.00279961 1.04439
608.515 509.814 0.328092 0.0404627 1.07214
873.936 99.6844 0.238004 -0.0413588 1.14376
758.516 540.754 0.316993 -0.00240361 1.05371
888.326 519.643 0.32848 -0.0416164 1.06448
889.383 505.428 0.344606 -0.0474372 1.0783
725.051 95.8471 0.231038 0.000997297 1.13694
761.816 515.287 0.309275 -0.00339694 1.05681
884.693 96.6721 0.234387 -0.0428387 1.1387
610.541 391.309 0.280486 0.034587 1.07788
871.781 254.431 0.278953 -0.0423983 1.12508
735.355 442.933 0.86426 -0.0278866 1.39123
735.481 524.435 0.330052 0.00297608 1.06634
553.093 466.032 0.42778 0.0871958 1.15235
735.671 510.23 0.338176 0.00226914 1.0757
735.255 200.628 0.376 -0.013846 1.30075
742.948 130.362 0.267175 -0.00739506 1.1802
630.283 566.754 0.303939 0.0306907 1.04124
869.734 202.844 0.426246 -0.128181 1.37095
593.958 105.392 0.22721 0.0351292 1.12822
872.294 501.748 0.320771 -0.0362149 1.06604
728.88 250.522 0.243422 0.00306216 1.08779
750.213 238.709 0.243228 -0.00226077 1.09151
749.864 117.18 0.228208 -0.0043373 1.1208
628.161 81.2032 0.295211 0.0412491 1.28689
866.075 232.17 0.26475 -0.0375383 1.11825
734.202 134.297 0.255087 -0.00279999 1.15721
868.89 251.975 0.283791 -0.0435494 1.13199
857.512 627.958 0.370468 -0.0349971 1.05047
749.769 395.022 0.294488 -0.00233968 1.0858
894.006 364.967 0.286348 -0.0419245 1.08719
814.359 64.3613 0.0831576 0.00912758 0.916401
742.026 465.371 0.189254 0.00714179 0.986809
480.197 531.415 0.312872 0.0725487 1.05839
872.887 614.265 0.358621 -0.0381453 1.04974
754.665 511.571 0.327685 -0.00286245 1.06885
875.028 86.1866 0.224743 -0.0366812 1.12712
855.409 507.295 0.337185 -0.0347692 1.07403
883.091 493.445 0.336758 -0.0441929 1.07809
830.933 146.846 0.278038 -0.0399055 1.18492
806.422 272.318 0.4194 -0.0594987 1.28004
739.563 384.13 0.275893 0.00140527 1.0743
766.935 629.939 0.37573 -0.00647821 1.05337
816.327 174.382 0.337448 -0.0532348 1.26184
645.754 167.317 -0.0815603 0.0184054 0.740254
703.239 173.424 -0.0581832 0.0179392 0.762559
588.178 417.117 0.277708 0.0393366 1.06765
679.509 457.102 0.831267 0.0612081 1.35919
762.812 348.989 1.83902 -0.400551 2.28012
733.489 135.669 0.25888 -0.00294841 1.16281
722.666 538.456 -0.0563492 0.0177547 0.771348
640.973 464.621 -0.0624173 0.0170208 0.763618
752.279 76.1208 0.221078 -0.00545509 1.12825
881.437 503.556 0.340223 -0.043859 1.0766
578.779 418.202 0.265471 0.0392888 1.05774
756.374 364.163 0.369297 -0.0129687 1.16186
624.222 375.96 0.27933 0.0310649 1.08187
