595.137 138.784 0.259421 0.0414225 1.16369
847.765 375.658 0.318751 -0.0371628 1.10972
864.032 379.995 0.299023 -0.0363885 1.09138
859.564 228.955 0.265369 -0.0362187 1.11897
904.255 244.959 0.250414 -0.040991 1.09352
812.333 554.646 0.135705 0.00588297 0.936521
480.289 129.425 0.269728 0.0863769 1.19149
858.358 474.51 0.34122 -0.0389867 1.08646
878.892 594.155 0.372828 -0.0447728 1.06022
888.852 264.239 0.369632 -0.0877777 1.22283
864.749 623.664 0.370955 -0.0377795 1.05021
544.385 286.458 0.378472 0.0927353 1.22828
859.943 106.728 0.236053 -0.0358702 1.13516
874.597 92.1441 0.239325 -0.0429972 1.14857
641.877 621.258 0.358479 0.0326644 1.04963
863.926 615.853 0.372701 -0.038373 1.05337
879.211 343.155 0.476969 -0.116018 1.26352
593.591 513.665 0.304311 0.0406313 1.05534
886.276 620.615 0.356688 -0.0414693 1.04522
870.52 494.935 0.308489 -0.0332139 1.05928
892.39 366.737 0.284147 -0.0406824 1.08318
718.759 72.8112 0.34432 -0.0108312 1.42845
502.589 505.435 0.318933 0.0694187 1.06823
952.615 553.493 0.389899 -0.0795784 1.0807
759.37 499.677 0.328503 -0.00477317 1.07161
739.84 608.214 0.36454 0.0021309 1.05459
841.145 634.884 0.479844 -0.0495048 1.08277
744 610.841 0.367889 0.000732522 1.05506
510.028 496.156 0.337016 0.0733805 1.08238
740.77 126.033 0.251463 -0.00475637 1.15387
622.627 525.284 0.329566 0.0361152 1.06607
758.693 632.461 0.357255 -0.00273169 1.04393
607.724 504.885 0.327217 0.0405306 1.07168
873.347 94.5133 0.237129 -0.0412909 1.1433
757.61 535.53 0.316118 -0.00233569 1.05325
887.395 514.692 0.327605 -0.0415485 1.06402
888.502 500.762 0.343732 -0.0473693 1.07784
724.298 90.4621 0.230164 0.00106521 1.13649
760.912 510.044 0.3084 -0.00332902 1.05635
884.101 91.4107 0.233512 -0.0427708 1.13824
609.663 386.017 0.279611 0.0346549 1.07743
871.098 249.66 0.278078 -0.0423303 1.12463
735.025 441.03 0.863386 -0.0278186 1.39077
734.634 519.479 0.329177 0.00304399 1.06588
552.542 462.37 0.426905 0.0872637 1.1519
734.856 505.449 0.337301 0.00233706 1.07524
734.81 197.424 0.375125 -0.0137781 1.30029
742.323 125.775 0.2663 -0.00732714 1.17974
629.38 561.194 0.303064 0.0307586 1.04078
869.447 200.107 0.425372 -0.128113 1.37049
593.039 99.8303 0.226335 0.0351971 1.12776
871.379 496.754 0.319896 -0.036147 1.06558
728.007 244.897 0.242547 0.00313008 1.08733
749.363 233.127 0.242353 -0.00219286 1.09105
749.092 111.628 0.227333 -0.00426939 1.12035
494.254 637.012 0.374118 0.0822735 1.05341
627.547 77.3085 0.294336 0.041317 1.28643
865.375 227.174 0.263875 -0.0374704 1.11779
733.518 129.417 0.254212 -0.00273208 1.15675
868.226 247.309 0.282917 -0.0434814 1.13153
856.55 623.069 0.369594 -0.0349292 1.05001
748.942 390.004 0.293614 -0.00227176 1.08534
893.183 359.924 0.285474 -0.0418566 1.08674
810.641 40.6283 0.0822828 0.0091955 0.915942
740.569 456.709 0.188379 0.00720971 0.98635
871.906 609.3 0.357746 -0.0380774 1.04928
753.815 506.635 0.32681 -0.00279454 1.06839
874.394 80.6685 0.223869 -0.0366133 1.12666
854.533 502.519 0.33631 -0.0347013 1.07357
882.215 488.722 0.335883 -0.044125 1.07763
830.395 142.442 0.277164 -0.0398376 1.18446
805.988 269.297 0.418525 -0.0594308 1.27958
738.686 378.782 0.275019 0.00147319 1.07384
766.07 625.1 0.374855 -0.00641029 1.05291
815.9 170.834 0.336573 -0.0531669 1.26138
648.593 177.261 -0.0824351 0.0184733 0.739796
706.049 186.045 -0.0590581 0.0180071 0.762101
587.273 411.664 0.276833 0.0394045 1.06719
679.212 455.079 0.830392 0.061276 1.35873
762.66 348.226 1.83815 -0.400483 2.27966
732.817 130.875 0.258005 -0.00288049 1.16235
725.448 552 -0.0572241 0.0178226 0.770889
643.64 477.175 -0.0632922 0.0170887 0.763159
751.526 70.5028 0.220203 -0.00538717 1.12779
880.555 498.838 0.339348 -0.0437911 1.07614
577.823 412.468 0.264596 0.0393567 1.05728
755.752 360.34 0.368422 -0.0129008 1.16141
623.351 370.706 0.278455 0.0311328 1.08142
