735.824 130.844 0.22416 -0.475442 4.93667
712.643 122.315 -0.110304 -0.141717 5.67165
717.276 299.423 -0.131163 0.0132175 0.382468
547.376 582.375 -0.036671 0.0227583 0.451425
556.107 211.084 0.346484 0.0232073 0.907634
695.537 230.402 0.93369 0.0331943 1.93937
702.91 215.044 -0.0348262 0.00994661 0.485966
892.386 342.481 0.419133 -0.0527314 0.941202
765.384 175.347 0.316329 -0.0108823 0.87296
569.111 112.259 0.356772 0.0259965 0.959584
531.309 444.121 -0.00753417 0.015082 0.501368
951.501 264.064 0.534563 -0.151781 1.11167
744.465 401.314 0.329968 -0.00606263 0.845492
763.418 115.54 0.365649 -0.0198461 0.969206
734.602 236.901 0.357205 -0.00886983 0.911085
946.348 225.112 0.348671 -0.0454799 0.900578
952.483 583.311 0.372733 -0.0372333 0.845044
959.14 169.451 0.316566 -0.0365758 0.872353
898.649 397.617 0.377721 -0.0376256 0.886732
920.155 34.2186 0.340913 -0.0521723 0.95688
908.306 400.387 0.381249 -0.0403223 0.88896
941.248 405.605 0.35388 -0.037137 0.863883
751.435 613.466 0.379201 -0.00691988 0.84564
790.156 608.042 0.364044 -0.0116679 0.837325
561.234 407.74 0.341644 0.0184602 0.856615
524.528 439.915 0.338941 0.0224987 0.848919
776.301 445.559 0.327857 -0.00912302 0.836489
554.624 602.691 0.373708 0.0229474 0.846114
748.716 615.951 0.473748 -0.0105363 0.894205
737.872 609.822 0.381049 -0.00491733 0.847458
750.16 401.685 0.337817 -0.00727217 0.852431
513.339 10.7941 0.304824 0.0231385 0.899929
759.335 361.844 0.494657 -0.0246835 1.00643
712.612 46.481 0.486529 -0.0566421 2.32063
806.877 621.504 0.342953 -0.0116072 0.822625
851.699 122.355 0.399688 -0.0553443 1.02437
744.575 72.0925 0.338422 -0.0129299 0.939363
760.881 390.589 0.39089 -0.0134288 0.902012
553.452 591.982 0.374462 0.0233811 0.848421
594.956 390.981 0.358041 0.0161951 0.874506
498.15 206.167 0.289377 0.0170995 0.83419
728.423 227.076 0.347865 -0.00728445 0.902215
942.87 219.255 0.343963 -0.0432292 0.896315
520.746 215.066 0.307599 0.0189692 0.855895
658.673 531.077 0.593662 0.0254899 0.986351
935.199 16.9268 0.321743 -0.0451916 0.924684
529.112 195.674 0.321934 0.0217234 0.87879
545.702 429.382 0.357712 0.0235337 0.866713
752.86 57.4132 0.331643 -0.0139624 0.9322
837.595 149.121 0.430685 -0.0607387 1.06182
735.017 497.471 0.986434 -0.0292441 1.17238
734.604 362.071 0.40386 -0.0092297 0.922803
787.832 454.098 0.336762 -0.0112378 0.842421
930.843 206.526 0.331239 -0.036847 0.883518
752.087 623.103 0.368956 -0.00642814 0.838181
546.774 217.712 0.321284 0.0187642 0.872738
810.098 619.086 0.24183 -0.0027105 0.754079
917.307 177.091 0.0532639 0.00700193 0.569794
638.025 214.047 0.062693 0.00543869 0.579258
755.966 415.942 1.5823 -0.170588 1.56892
916.371 12.0298 0.312345 -0.0373779 0.908047
588.656 407.432 0.404016 0.0247223 0.911341
