666.408 563.614 0.272006 0.0321589 0.879537
802.032 465.079 0.192686 -0.0980164 0.912069
856.455 84.2874 -0.143443 -0.123817 0.870021
533.916 604.857 0.281959 0.139353 0.842071
538.021 204.183 -0.0282652 0.0686971 0.672066
950.065 92.1837 -0.13087 -0.189499 0.850866
537.959 296.242 0.0213971 0.110323 0.799183
816.333 517.288 0.421623 -0.191186 1.15454
785.682 392.975 0.131133 -0.0870199 0.947638
881.242 215.777 -0.0460745 -0.164264 0.911731
835.02 162.64 -0.129905 -0.160977 1.04727
801.58 462.318 0.192299 -0.0986706 0.917127
721.735 357.989 0.0916957 -0.0192235 0.936572
856.106 546.709 0.278848 -0.155141 0.913083
858.187 315.727 0.0404691 -0.129251 0.860355
519.829 142.271 -0.111465 0.167466 0.919679
524.861 72.3964 -0.139095 0.12848 0.839508
511.377 200.581 -0.0381719 0.111485 0.761756
545.905 140.576 -0.0997137 0.126117 0.872109
657.612 604.427 0.238882 0.0290853 0.78781
652.99 487.991 0.18161 0.0390583 0.846404
636.74 551.455 0.287995 0.0668175 0.918288
529.172 327.857 0.0399279 0.108201 0.774858
913.105 41.1051 -0.210921 -0.198343 0.940979
914.907 99.7443 -0.13756 -0.177999 0.885708
787.778 95.404 -0.119665 -0.0623223 0.826711
676.949 101.057 -0.0824853 0.00949911 0.713296
710.317 143.375 -0.125422 -0.00693158 0.966867
811.685 120.271 -0.110654 -0.0852486 0.853209
828.38 1.76577 -0.215406 -0.104222 0.889766
705.852 69.8446 -0.124401 -0.00436136 0.793836
945.614 110.424 -0.167701 -0.260135 0.989661
722.274 358.815 0.0871887 -0.0191 0.911326
941.941 454.47 0.21647 -0.280265 0.985481
914.595 436.164 0.127977 -0.16332 0.822348
530.772 151.193 -0.114234 0.173895 0.957769
589.83 62.2935 -0.135375 0.074167 0.811661
503.762 196.235 -0.0384158 0.108257 0.74161
614.06 493.774 0.180214 0.0684402 0.834101
537.23 271.217 0.00478714 0.119041 0.82381
592.326 423.232 0.12142 0.0834117 0.830887
728.316 319.086 0.0637618 -0.0299505 1.03919
871.017 62.6394 -0.122244 -0.104694 0.774616
733.419 128.788 -0.109921 -0.0260223 0.873255
769.162 58.3677 -0.165708 -0.0546277 0.877222
756.264 7.01435 -0.0998539 -0.0242766 0.64046
874.381 56.4479 -0.132867 -0.112299 0.793226
907.561 202.286 -0.0459179 -0.151249 0.826815
805.097 467.257 0.183049 -0.0953086 0.887721
859.4 598.937 0.325653 -0.156206 0.90128
502.875 194.243 -0.052962 0.150571 0.844331
509.067 133.583 -0.108307 0.160736 0.883633
664.898 43.9265 -0.211506 0.036966 0.949522
542.217 137.554 -0.0994693 0.125607 0.86265
499.81 280.981 0.0147466 0.192536 0.920051
606.166 506.336 0.166279 0.0643155 0.788508
663.475 456.834 0.207895 0.0439796 0.96106
623.588 588.836 0.248925 0.0589511 0.817649
533.7 340.167 0.0473198 0.104393 0.771471
535.743 425.836 0.120012 0.12332 0.820733
597.504 417.62 0.126731 0.0867373 0.859658
722.354 554.501 0.267808 -0.0196264 0.886287
749.846 64.4345 -0.110379 -0.0290222 0.744479
916.381 94.2435 -0.139029 -0.175573 0.877918
953.791 265.98 -0.000639766 -0.227917 0.901018
716.788 316.978 0.0574739 -0.0148556 1.0051
768.985 156.192 -0.131929 -0.0765418 1.03063
811.895 77.7645 -0.131256 -0.0789479 0.825631
834.271 164.041 -0.12838 -0.160264 1.04773
520.489 354.458 0.059072 0.118386 0.785215
877.764 53.7315 -0.131918 -0.112287 0.786499
810.768 474.681 0.175495 -0.093469 0.857928
783.423 403.093 0.124892 -0.0752845 0.894856
722.945 357.041 0.0871482 -0.0199562 0.9194
657.099 129.731 -0.0895257 0.0282061 0.802849
632.783 565.089 0.27005 0.0622743 0.874887
525.586 268.33 0.00234103 0.113524 0.786966
595.087 421.957 0.123574 0.0836323 0.840034
959.701 466.588 0.204532 -0.266996 0.933389
716.611 316.175 0.0550601 -0.0144839 0.991135
767.375 303.558 0.0651271 -0.141903 1.39235
786.842 256.926 -0.043483 -0.180008 1.37101
689.54 188.69 -0.0909197 0.0174426 1.01646
722.966 282.843 -0.0338705 -0.0587903 2.14274
735.841 320.807 0.031401 -0.0225031 0.744172
735.568 315.292 0.0719885 -0.0478332 1.16884
721.671 563.947 0.255532 -0.0182053 0.856545
722.398 362.944 0.070056 -0.0166226 0.812749
833.859 455.886 0.164333 -0.116187 0.870283
599.769 513.474 0.148875 0.0589416 0.74529
667.995 450.04 0.21003 0.0414393 0.982114
515.534 140.342 -0.106918 0.161771 0.897994
558.752 113.575 -0.0985061 0.0924392 0.799138
708.5 118.44 -0.136834 -0.00532956 0.930528
527.743 267.409 0.00182733 0.115139 0.795302
673.024 416.159 0.116182 0.0210051 0.832492
551.14 344.857 0.0714704 0.136662 0.895365
578.609 432.937 0.107994 0.0775918 0.772066
890.266 298.826 0.00299768 -0.0554592 0.552674
891.683 477.263 0.210343 -0.191521 0.922199
777.887 327.511 0.0487182 -0.0614902 0.8476
770.505 145.435 -0.130905 -0.0721961 0.990018
791.209 325.53 0.0613331 -0.0933047 0.958783
805.697 462.325 0.182046 -0.097599 0.89564
833.096 543.14 0.361086 -0.171475 1.02694
662.939 572.463 0.250992 0.0307255 0.839538
504.7 50.6543 -0.135098 0.123939 0.792999
540.419 36.7385 -0.194542 0.139436 0.904926
951.275 176.886 -0.0769265 -0.216372 0.893211
906.709 76.1345 -0.14149 -0.155113 0.848871
549.395 103.711 -0.0957487 0.0891188 0.768611
795.135 414.323 0.103839 -0.067813 0.799447
748.508 116.813 -0.119976 -0.038349 0.875458
750.811 24.1335 -0.136835 -0.0302686 0.757784
680.992 352.089 0.0931639 0.0249767 0.973811
820.392 288.201 0.0147818 -0.0809564 0.789669
928.104 514.725 0.177475 -0.165289 0.798522
892.737 146.442 -0.150808 -0.233501 1.05149
845.03 469.396 0.154106 -0.111157 0.821871
799.373 420.289 0.0984591 -0.0653053 0.769682
816.91 11.8624 -0.221716 -0.100786 0.91566
764.103 135.436 -0.122265 -0.0578844 0.931838
796.868 228.623 -0.0450002 -0.107261 1.0084
627.902 380.337 0.0913236 0.05808 0.845902
898.13 30.2128 -0.126925 -0.108756 0.740051
617.202 487.473 0.171976 0.0645631 0.82814
870.376 405.167 0.160927 -0.197819 0.996532
925.178 514.332 0.180936 -0.166453 0.805369
722.411 592.376 0.229642 -0.0169605 0.787766
748.623 243.774 -0.0433617 -0.067146 1.16324
665.537 149.182 -0.0938945 0.0293207 0.873911
570.093 131.084 -0.102818 0.101698 0.856786
593.347 600.401 0.34632 0.114122 0.922876
806.834 409.99 0.34249 -0.25533 1.40706
488.125 295.682 0.0121801 0.0927145 0.673607
773.506 64.9636 -0.209248 -0.0727917 0.983125
846.996 15.1398 -0.180435 -0.106519 0.84128
713.763 200.033 -0.175628 -0.0105141 1.394
497.161 370.723 0.0849285 0.164525 0.850757
536.745 423.893 0.120603 0.124831 0.826754
512.274 56.1329 -0.13467 0.122042 0.800445
740.287 115.657 -0.102147 -0.027976 0.814517
802.499 88.6221 -0.119019 -0.0698968 0.811324
912.713 362.688 0.0252802 -0.0701622 0.580742
565.207 18.0384 -0.129482 0.0693548 0.733256
890.586 426.931 0.139287 -0.165987 0.87342
555.441 37.9047 -0.185257 0.120771 0.88763
657.471 476.732 0.194725 0.0411945 0.892302
499.455 369.175 0.107614 0.214628 0.952166
770.738 52.1879 -0.162822 -0.0537114 0.860089
925.321 504.954 0.175344 -0.16767 0.808468
897.381 369.82 0.116431 -0.224117 0.989798
597.086 419.662 0.12766 0.0864996 0.857273
565.363 113.141 -0.100637 0.0898928 0.805551
780.569 401.521 0.131473 -0.0769854 0.920236
839.625 388.925 0.106329 -0.121041 0.876639
607.516 413.049 0.125343 0.0801072 0.867335
636.623 361.335 0.0973904 0.0687476 0.945686
862.814 474.715 0.206155 -0.160979 0.919223
616.613 489.198 0.181206 0.0683857 0.843495
557.77 115.806 -0.101486 0.0977507 0.814604
773.06 46.5306 -0.160868 -0.0537097 0.846394
707.21 70.0451 -0.125503 -0.00521314 0.797217
921.357 502.067 0.177955 -0.16901 0.817678
716.86 546.452 0.12148 -0.0106644 0.656691
610.534 355.917 0.0833074 0.0852662 0.904456
683.874 171.541 -0.0895007 0.0181612 0.933836
807.836 79.6124 -0.13308 -0.0777349 0.834021
526.135 161.462 -0.0673658 0.114036 0.796416
537.497 130.925 -0.0984889 0.121358 0.841159
690.201 144.705 -0.0917158 0.00814436 0.85149
686.528 320.735 0.04715 0.0128153 0.87833
520.549 350.386 0.066288 0.14038 0.840042
632.616 18.6661 -0.174021 0.0484041 0.834689
566.016 301.818 0.0570334 0.287823 1.282
842.228 457.406 0.165859 -0.123683 0.870641
849.787 583.598 0.323761 -0.152572 0.918837
942.908 301.499 0.0344054 -0.244403 0.94422
511.291 204.484 -0.0363173 0.113198 0.765949
639.427 412.784 0.124571 0.0525443 0.865922
692.59 317.205 0.0620875 0.0158451 1.04456
759.922 311.704 0.0514473 -0.0661347 1.00896
636.828 367.402 0.0991938 0.0649714 0.926294
590.889 419.866 0.117849 0.0837515 0.828251
514.537 349.756 0.0618189 0.135678 0.8181
659.03 146.445 -0.0920792 0.0328963 0.858509
720.58 580.688 0.237679 -0.0162087 0.811556
823.018 36.6891 -0.26182 -0.135285 1.02673
528.138 194.359 -0.0217203 0.0139951 0.401497
707.532 47.8594 -0.121367 -0.00561901 0.751077
943.882 97.7679 -0.133464 -0.19422 0.869757
730.86 330.934 2.48945 -1.65668 9.34815
672.631 137.211 -0.0916752 0.0199574 0.830469
798.568 240.269 -0.0410298 -0.130344 1.09666
535.794 328.695 0.0432721 0.111415 0.795875
522.615 205.763 -0.038102 0.115076 0.790022
951.208 260.238 -0.00694162 -0.247999 0.940748
598.579 184.576 -0.0931575 0.120806 1.0082
783.652 392.082 0.136315 -0.0886681 0.967757
955.077 177.813 -0.0707891 -0.205335 0.866424
588.932 281.343 0.0141537 0.100547 0.894473
823.961 358.895 0.0998859 -0.133114 0.97167
839.092 565.82 0.353829 -0.162931 0.980376
724.126 239.105 -0.0635917 -0.0307734 1.25506
648.304 49.1047 -0.187612 0.0474155 0.910346
946.878 231.367 -0.0511533 -0.324334 1.07557
744.672 250.083 -0.0451916 -0.0714431 1.26954
817.245 142.869 -0.117659 -0.109885 0.938151
823.777 319.394 0.0622921 -0.14766 1.02612
835.376 162.906 -0.129051 -0.160851 1.04547
721.509 358.508 0.0941676 -0.0192238 0.94566
917.377 478.391 0.316049 -0.326389 1.1026
931.702 449.134 0.227223 -0.290192 1.02116
817.694 505.438 0.590353 -0.284989 1.38075
914.375 436.859 0.129093 -0.163875 0.823865
485.133 297.364 0.0302173 0.206573 0.91866
488.136 355.304 0.0639474 0.150178 0.807504
620.7 484.353 0.191446 0.0710288 0.871709
610.893 410.726 0.130934 0.082653 0.89024
581.046 283.914 0.0195616 0.14692 1.01442
540.801 420.793 0.123527 0.127602 0.842349
588.22 428.863 0.119732 0.0820318 0.81364
