666.465 561.768 0.272372 0.0322976 0.878911
801.601 463.189 0.193052 -0.0978778 0.911443
855.065 82.6741 -0.143077 -0.123678 0.869395
534.303 603.152 0.282325 0.139492 0.841445
537.194 202.357 -0.0278992 0.0688357 0.671441
948.499 90.3335 -0.130504 -0.18936 0.85024
537.464 294.905 0.0217631 0.110461 0.798558
816.144 515.701 0.421989 -0.191047 1.15391
785.158 391.353 0.1315 -0.0868813 0.947013
880.129 214.099 -0.0457085 -0.164125 0.911105
833.999 161.352 -0.129539 -0.160838 1.04664
801.15 460.449 0.192665 -0.0985319 0.916502
721.234 356.552 0.0920617 -0.0190849 0.935947
855.72 544.485 0.279214 -0.155002 0.912457
857.264 313.829 0.0408351 -0.129113 0.859729
518.967 141.412 -0.111099 0.167605 0.919054
523.782 71.3638 -0.138729 0.128619 0.838882
510.634 199.26 -0.0378058 0.111624 0.76113
545.009 139.561 -0.0993476 0.126256 0.871484
657.707 602.162 0.239248 0.029224 0.787185
652.856 486.238 0.181976 0.039197 0.845779
636.851 549.832 0.288361 0.0669562 0.917663
528.762 326.404 0.040294 0.10834 0.774233
911.627 39.5459 -0.210555 -0.198204 0.940354
913.471 98.0419 -0.137194 -0.17786 0.885083
786.463 93.809 -0.119299 -0.0621836 0.826086
675.676 99.2789 -0.0821192 0.00963777 0.71267
709.341 142.219 -0.125056 -0.00679292 0.966241
810.421 118.681 -0.110288 -0.0851099 0.852584
826.879 0.279636 -0.21504 -0.104083 0.889141
704.556 68.3335 -0.124035 -0.0042227 0.793211
944.268 108.855 -0.167335 -0.259996 0.989035
722.433 639.28 0.208404 -0.0149142 0.712912
721.754 357.313 0.0875547 -0.0189614 0.910701
941.218 452.416 0.216836 -0.280126 0.984856
913.734 433.772 0.128343 -0.163181 0.821723
529.938 150.382 -0.113868 0.174033 0.957143
588.66 61.0652 -0.135009 0.0743057 0.811036
503.007 194.85 -0.0380497 0.108396 0.740985
614.001 492.067 0.18058 0.0685789 0.833475
536.68 269.994 0.00515318 0.11918 0.823185
592.115 421.699 0.121786 0.0835504 0.830262
727.782 317.892 0.0641278 -0.0298118 1.03857
869.415 60.7466 -0.121878 -0.104556 0.77399
732.307 127.401 -0.109555 -0.0258836 0.87263
767.846 56.9519 -0.165342 -0.054489 0.876596
754.495 4.79774 -0.0994879 -0.0241379 0.639834
872.791 54.6135 -0.132501 -0.11216 0.7926
906.259 200.338 -0.0455518 -0.15111 0.82619
804.642 465.287 0.183416 -0.0951699 0.887095
859.101 596.527 0.326019 -0.156067 0.900654
502.151 193.22 -0.052596 0.15071 0.843705
508.178 132.672 -0.107941 0.160874 0.883007
663.704 42.8408 -0.21114 0.0371047 0.948897
541.313 136.525 -0.0991032 0.125746 0.862025
499.354 280.104 0.0151126 0.192675 0.919426
606.116 504.442 0.166645 0.0644542 0.787883
663.326 455.44 0.208261 0.0441182 0.960434
623.745 586.828 0.249291 0.0590898 0.817023
533.315 338.672 0.0476859 0.104531 0.770846
535.618 424.403 0.120378 0.123458 0.820108
597.29 416.182 0.127097 0.086876 0.859032
722.278 552.545 0.268174 -0.0194877 0.885661
748.41 62.6727 -0.110013 -0.0288835 0.743854
914.92 92.5243 -0.138663 -0.175434 0.877292
952.612 264.052 -0.000273729 -0.227778 0.900392
716.244 315.751 0.05784 -0.014717 1.00448
768.02 155.015 -0.131563 -0.0764031 1.03001
810.503 76.1308 -0.13089 -0.0788093 0.825006
833.255 162.754 -0.128014 -0.160126 1.04711
520.169 353.031 0.059438 0.118524 0.78459
876.152 51.8717 -0.131552 -0.112148 0.785873
810.285 472.588 0.175861 -0.0933303 0.857303
782.879 401.325 0.125258 -0.0751458 0.894231
722.427 355.56 0.0875142 -0.0198175 0.918774
656.022 128.306 -0.0891596 0.0283448 0.802224
632.906 563.317 0.270416 0.0624129 0.874261
525.024 267.006 0.00270707 0.113662 0.786341
594.876 420.451 0.12394 0.0837709 0.839408
958.906 464.342 0.204898 -0.266857 0.932764
716.057 314.923 0.0554261 -0.0143453 0.990509
766.914 302.692 0.0654932 -0.141764 1.39172
786.251 256.03 -0.0431169 -0.17987 1.37039
688.723 187.641 -0.0905537 0.0175812 1.01583
722.643 282.409 -0.0335045 -0.0586516 2.14212
735.03 318.746 0.031767 -0.0223644 0.743547
735.084 314.273 0.0723545 -0.0476945 1.16822
721.592 561.875 0.255898 -0.0180666 0.85592
721.796 361.13 0.070422 -0.0164839 0.812124
833.296 453.814 0.164699 -0.116048 0.869657
599.711 511.376 0.149241 0.0590803 0.744665
667.835 448.694 0.210396 0.041578 0.981488
514.664 139.447 -0.106552 0.16191 0.897368
557.74 112.35 -0.0981401 0.0925779 0.798513
707.44 117.23 -0.136467 -0.00519089 0.929902
527.18 266.113 0.00219337 0.115277 0.794676
672.662 414.444 0.116548 0.0211437 0.831867
550.809 343.737 0.0718364 0.136801 0.894739
578.403 431.185 0.10836 0.0777305 0.771441
888.525 294.943 0.00336372 -0.0553206 0.552049
891.076 475.141 0.210709 -0.191383 0.921574
777.136 325.742 0.0490842 -0.0613515 0.846975
769.484 144.196 -0.130539 -0.0720575 0.989393
790.535 324.025 0.0616991 -0.0931661 0.958157
805.237 460.386 0.182413 -0.0974603 0.895014
832.849 541.242 0.361452 -0.171336 1.02632
662.992 570.471 0.251358 0.0308641 0.838913
503.562 49.5438 -0.134732 0.124078 0.792373
539.251 35.8108 -0.194176 0.139574 0.904301
949.927 175.058 -0.0765604 -0.216233 0.892586
905.189 74.377 -0.141124 -0.154974 0.848245
548.351 102.411 -0.0953826 0.0892575 0.767986
794.486 412.186 0.104205 -0.0676744 0.798822
747.351 115.407 -0.11961 -0.0382103 0.874833
749.298 22.4484 -0.136468 -0.0301299 0.757159
680.564 350.841 0.0935299 0.0251154 0.973185
819.397 286.194 0.0151478 -0.0808178 0.789044
927.327 512.015 0.177841 -0.165151 0.797896
891.604 145.052 -0.150442 -0.233362 1.05086
844.412 467.102 0.154472 -0.111018 0.821246
798.688 418.004 0.0988251 -0.0651666 0.769056
815.473 10.4424 -0.22135 -0.100647 0.915035
763.02 134.11 -0.121899 -0.0577457 0.931212
796.011 227.309 -0.0446342 -0.107122 1.00778
627.535 378.837 0.0916896 0.0582186 0.845277
896.343 28.1733 -0.126559 -0.108617 0.739426
617.117 485.748 0.172342 0.0647017 0.827514
869.743 403.421 0.161294 -0.19768 0.995906
924.419 511.658 0.181302 -0.166314 0.804744
722.326 589.964 0.230008 -0.0168219 0.78714
747.956 242.773 -0.0429956 -0.0670073 1.16262
664.556 147.923 -0.0935285 0.0294594 0.873285
569.147 129.987 -0.102452 0.101837 0.856161
593.669 598.797 0.346686 0.11426 0.922251
806.543 408.907 0.342856 -0.255192 1.40644
487.628 293.844 0.0125462 0.0928531 0.672982
772.296 63.7268 -0.208882 -0.0726531 0.982499
845.436 13.513 -0.180069 -0.10638 0.840655
959.844 99.6727 -0.0786075 -0.127207 0.698279
713.109 199.316 -0.175262 -0.0103755 1.39337
496.944 369.569 0.0852945 0.164664 0.850132
536.616 422.483 0.120969 0.124969 0.826128
511.147 55.027 -0.134304 0.122181 0.799819
739.074 114.108 -0.10178 -0.0278373 0.813891
801.127 86.9588 -0.118653 -0.0697581 0.810698
911.152 358.923 0.0256462 -0.0700235 0.580116
563.897 16.6297 -0.129116 0.0694934 0.732631
889.831 424.787 0.139653 -0.165848 0.872795
554.265 36.9178 -0.184891 0.12091 0.887005
657.336 475.136 0.195091 0.0413332 0.891676
499.262 368.295 0.10798 0.214766 0.95154
769.388 50.7337 -0.162456 -0.0535727 0.859463
924.547 502.316 0.17571 -0.167532 0.807843
896.613 368.059 0.116797 -0.223979 0.989172
596.877 418.213 0.128027 0.0866383 0.856647
564.348 111.922 -0.100271 0.0900314 0.804926
780.051 399.83 0.13184 -0.0768467 0.919611
838.914 386.992 0.106695 -0.120902 0.876014
607.281 411.617 0.125709 0.0802459 0.86671
636.26 360.119 0.0977565 0.0688863 0.945061
862.271 472.665 0.206521 -0.16084 0.918598
616.545 487.527 0.181572 0.0685243 0.84287
556.774 114.627 -0.10112 0.0978894 0.813979
771.679 45.0423 -0.160502 -0.053571 0.845769
705.916 68.5413 -0.125137 -0.00507448 0.796592
920.601 499.482 0.178321 -0.168871 0.817053
716.488 543.4 0.121846 -0.0105257 0.656066
610.168 354.667 0.0836735 0.0854049 0.903831
682.971 170.364 -0.0891347 0.0182999 0.93321
806.465 78.0079 -0.132714 -0.0775963 0.833396
525.284 160.266 -0.0669998 0.114175 0.795791
536.57 129.854 -0.0981228 0.121496 0.840533
689.162 143.34 -0.0913498 0.00828302 0.850865
685.947 319.28 0.047516 0.012954 0.877704
520.244 349.167 0.066654 0.140518 0.839417
631.311 17.4248 -0.173655 0.0485428 0.834064
565.66 301.32 0.0573994 0.287962 1.28137
841.649 455.311 0.166225 -0.123544 0.870015
849.498 581.306 0.324127 -0.152433 0.918211
941.868 299.645 0.0347714 -0.244265 0.943595
510.561 203.175 -0.0359513 0.113336 0.765324
639.14 411.269 0.124937 0.052683 0.865297
692.102 316.105 0.0624535 0.0159838 1.04394
759.306 310.39 0.0518134 -0.065996 1.00833
636.469 366.131 0.0995599 0.0651101 0.925668
590.67 418.333 0.118215 0.0838901 0.827626
514.228 348.476 0.0621849 0.135817 0.817475
658.038 145.162 -0.0917132 0.0330349 0.857884
720.499 578.412 0.238045 -0.01607 0.810931
821.731 35.4193 -0.261454 -0.135147 1.0261
526.757 187.855 -0.0213543 0.0141337 0.400872
502.735 374.211 0.114987 0.212849 0.954077
894.721 431.942 0.128666 -0.150588 0.826511
481.354 9.5694 -0.271974 0.238789 1.00215
720.65 573.339 0.255484 -0.0169131 0.840953
916.327 32.7262 -0.275958 -0.253079 1.04483
524.567 342.595 0.0464254 0.101694 0.747398
953.432 196.637 -0.0723088 -0.265635 0.971377
548.785 336.513 0.0538855 0.111419 0.821114
566.632 146.774 -0.0904806 0.104941 0.858549
730.334 123.123 -0.108536 -0.0236584 0.858276
671.411 302.956 0.0350014 0.0272387 0.897893
855.802 307.832 0.0354273 -0.125973 0.854362
506.048 356.133 0.0552354 0.114485 0.751295
781.662 400.966 0.126557 -0.0749135 0.899427
676.23 407.631 0.129503 0.0229208 0.88904
684.491 318.063 0.0488966 0.015555 0.899449
903.291 427.49 0.135444 -0.169626 0.854882
646.728 73.1054 -0.141935 0.0400477 0.849588
575.902 283.667 0.0148311 0.0890275 0.81701
906.213 287.746 0.0260931 -0.264317 1.05453
705.206 186.892 -0.0744688 -0.00295387 0.936308
669.876 547.093 0.282744 0.0327609 0.913953
592.721 70.667 -0.13866 0.0777463 0.837038
895.521 422.78 0.141437 -0.175167 0.882653
628.618 69.0883 -0.177155 0.067189 0.926518
636.908 30.3109 -0.133206 0.0345533 0.760133
587.879 220.662 -0.0302139 0.0803911 0.8219
529.247 344.501 0.0601541 0.126793 0.822884
612.708 354.378 0.0951332 0.0973601 0.961595
693.482 181.023 -0.101256 0.0126425 1.02914
562.206 411.193 0.14286 0.137591 0.918324
637.637 287.928 0.02337 0.0662357 0.94634
896.963 421.365 0.138271 -0.174099 0.877538
935.782 100.658 -0.136969 -0.199109 0.890058
929.854 180.079 -0.0426476 -0.119471 0.711425
534.634 29.29 -0.133095 0.0931526 0.758951
665.969 165.836 -0.0924335 0.0341774 0.929772
717.814 315.249 0.0597756 -0.0169421 1.02896
566.658 442.443 0.0993036 0.0725559 0.725484
706.131 46.2188 -0.121001 -0.00548035 0.750451
942.366 95.9725 -0.133098 -0.194081 0.869132
730.828 330.82 2.48981 -1.65654 9.34752
671.578 135.83 -0.0913092 0.0200961 0.829843
797.795 239.079 -0.0406638 -0.130205 1.09603
535.388 327.309 0.0436381 0.111553 0.795249
521.886 204.518 -0.037736 0.115215 0.789397
950.071 258.418 -0.00657559 -0.24786 0.940123
597.818 183.705 -0.0927915 0.120944 1.00758
783.146 390.513 0.136681 -0.0885294 0.967131
953.686 175.908 -0.0704231 -0.205197 0.865799
588.388 280.2 0.0145197 0.100686 0.893847
823.309 357.291 0.100252 -0.132976 0.971044
838.844 563.752 0.354195 -0.162792 0.979751
723.512 238.255 -0.0632257 -0.0306348 1.25443
647.112 47.9851 -0.187246 0.0475542 0.909721
945.825 229.835 -0.0507872 -0.324195 1.07495
744.07 249.198 -0.0448256 -0.0713044 1.26892
816.113 141.444 -0.117293 -0.109746 0.937526
823.085 317.954 0.0626581 -0.147521 1.02549
834.354 161.614 -0.128685 -0.160713 1.04484
721.017 357.092 0.0945336 -0.0190851 0.945035
916.841 476.551 0.316415 -0.326251 1.10197
931.025 447.189 0.227589 -0.290054 1.02054
817.564 504.102 0.590719 -0.28485 1.38013
913.519 434.471 0.129459 -0.163736 0.82324
484.735 296.505 0.0305834 0.206712 0.918035
487.87 354.04 0.0643135 0.150317 0.806878
620.633 482.775 0.191812 0.0711675 0.871084
610.661 409.358 0.1313 0.0827916 0.889615
580.567 283.046 0.0199277 0.147059 1.01379
540.667 419.432 0.123893 0.127741 0.841723
588.019 427.267 0.120098 0.0821704 0.813014
