662.397 577.539 0.265362 0.0304389 0.83715
800.753 460.956 0.201346 -0.0985424 0.914756
881.047 35.7555 -0.120953 -0.108062 0.758802
524.333 617.137 0.278446 0.133736 0.810754
520.736 291.668 0.0266174 0.103432 0.750715
800.892 483.45 0.498892 -0.221464 1.33295
786.143 391.803 0.136167 -0.0857946 0.931032
884.658 209.24 -0.0377748 -0.160321 0.887456
826.744 169.181 -0.127115 -0.168881 1.0948
801.507 460.377 0.19855 -0.0981963 0.910071
720.719 354.728 0.100478 -0.0196324 0.942846
862.539 555.511 0.274898 -0.149331 0.878103
863.203 311.977 0.0460917 -0.125269 0.830347
509.148 52.4718 -0.125285 0.121349 0.795178
529.816 124.096 -0.0876712 0.118629 0.820484
657.497 599.807 0.247202 0.0286249 0.787587
650.413 489.228 0.185492 0.0381271 0.829129
633.814 556.563 0.288183 0.0649377 0.896078
500.167 326.876 0.041634 0.0978501 0.702516
895.51 59.3943 -0.214689 -0.211338 0.99871
921.573 86.6652 -0.12602 -0.172604 0.854619
795.648 59.0644 -0.102611 -0.0563312 0.743924
658.1 21.8163 -0.064128 0.00752811 0.57835
707.942 130.928 -0.113341 -0.00680376 0.921649
813.48 108.367 -0.0998676 -0.0827341 0.824133
701.874 37.1192 -0.108653 -0.00436235 0.729809
934.242 116.101 -0.164666 -0.26943 1.02035
721.9 615.867 0.227882 -0.0161857 0.745542
721.162 357.129 0.0924646 -0.0188231 0.890651
941.095 451.177 0.223962 -0.280576 0.984849
925.003 439.059 0.129211 -0.15639 0.786294
518.769 140.636 -0.103063 0.166708 0.917259
573.857 33.5057 -0.119811 0.0689114 0.753966
608.658 498.515 0.181483 0.0659743 0.80663
510.119 262.85 0.00970226 0.107821 0.747451
585.079 425.267 0.124231 0.0803661 0.801237
726.858 316.811 0.074611 -0.0310821 1.07468
896.866 10.999 -0.103143 -0.0925273 0.683098
732.601 106.1 -0.0959547 -0.0241744 0.807217
903.353 0.809326 -0.11186 -0.0987031 0.693898
928.954 184.167 -0.036303 -0.137764 0.754336
806.981 468.678 0.185871 -0.0932628 0.866004
855.751 589 0.339724 -0.158978 0.916651
497.614 123.188 -0.0976746 0.155287 0.852571
527.314 122.278 -0.087698 0.118811 0.816276
490.615 277.743 0.0213515 0.186838 0.893248
593.572 523.676 0.160179 0.0591366 0.7313
645.779 498.472 0.17277 0.0361531 0.789242
617.65 601.659 0.245345 0.0561416 0.783289
518.586 432.782 0.118973 0.115576 0.770429
595.828 415.286 0.133887 0.0859135 0.853735
721.784 555.025 0.27232 -0.0194706 0.87567
715.839 314.615 0.0671721 -0.0154256 1.02804
762.91 168.848 -0.132369 -0.0829822 1.11063
812.139 67.1532 -0.120782 -0.0775088 0.80603
826.215 170.592 -0.125695 -0.168673 1.09625
486.053 358.488 0.0578626 0.105783 0.702825
887.973 27.9383 -0.117808 -0.106144 0.740628
815.284 480.531 0.174657 -0.0896849 0.820822
787.305 406.772 0.124427 -0.0715227 0.845955
722.318 357.661 0.0885407 -0.019271 0.868435
649.337 109.902 -0.0775863 0.0262241 0.752502
636.578 550.022 0.28937 0.0643106 0.907191
496.554 259.121 0.00761731 0.103041 0.715052
588.056 424.14 0.12629 0.0804874 0.809822
715.451 314.04 0.0595257 -0.0142607 0.954293
750.086 307.458 0.114489 -0.206943 2.02545
768.407 271.84 -0.0412632 -0.234999 1.7819
687.667 183.827 -0.0821494 0.0165449 0.995441
721.384 297.17 -0.0364442 -0.0940983 3.44408
739.363 322.941 0.0274764 -0.0179231 0.596298
734.312 313.938 0.0793835 -0.047569 1.17038
721.419 556.097 0.267092 -0.018906 0.866749
721.718 367.887 0.0675379 -0.0152194 0.72684
838.972 459.866 0.164784 -0.111885 0.83602
586.168 530.857 0.144487 0.0544106 0.692398
671.351 437.531 0.232814 0.0437322 1.043
501.526 127.8 -0.0956479 0.154498 0.857285
534.452 84.2693 -0.084418 0.0846624 0.729272
705.922 102.795 -0.123622 -0.00538804 0.882614
494.738 257.252 0.00665955 0.10199 0.70988
670.482 415.6 0.121107 0.0204104 0.813422
529.681 346.813 0.0708752 0.124672 0.819629
565.414 439.546 0.108126 0.0726893 0.726159
885.149 468.232 0.224469 -0.196798 0.945618
775.693 323.416 0.0576087 -0.0622908 0.854294
766.118 152.273 -0.127491 -0.0756607 1.03117
784.334 321.669 0.0748643 -0.0991405 1.01815
806.874 462.256 0.186238 -0.0961914 0.879548
824.658 524.248 0.392741 -0.182298 1.08977
658.698 585.275 0.24652 0.0293299 0.802156
536.838 31.934 -0.185215 0.138007 0.895561
908.386 67.1127 -0.131224 -0.152679 0.832267
534.356 84.8927 -0.0842933 0.0849188 0.729914
800.278 418.767 0.104241 -0.0640825 0.752309
747.906 103.532 -0.108478 -0.0371114 0.840475
674.725 355.594 0.0888816 0.0222261 0.879536
775.036 294.417 0.0486624 -0.128093 1.23534
943.785 526.043 0.174104 -0.156374 0.754062
871.124 163.366 -0.155582 -0.257473 1.15567
854.407 477.982 0.151707 -0.105182 0.774838
806.615 427.718 0.0974099 -0.0606752 0.713255
812.505 15.3357 -0.216603 -0.102614 0.927207
766.417 120.992 -0.110047 -0.0564193 0.885237
789.346 232.946 -0.0384439 -0.114806 1.0745
618.105 383.735 0.0912994 0.0539647 0.789588
615.198 486.285 0.177879 0.0634961 0.818594
850.239 390.367 0.191015 -0.221998 1.11229
939.305 524.47 0.178187 -0.158073 0.763596
721.545 596.034 0.232338 -0.0165841 0.770726
740.197 261.156 -0.0403335 -0.0870692 1.49671
660.123 135.738 -0.0828051 0.0276991 0.831444
588.475 609.306 0.343094 0.110383 0.896112
784.156 385.009 0.458098 -0.331085 1.81981
766.813 84.7756 -0.215049 -0.0785675 1.05429
714.769 234.943 -0.222907 -0.0142963 1.9012
482.893 371.616 0.0880696 0.157098 0.813379
520.638 430.096 0.12008 0.11752 0.778998
491.886 30.8964 -0.120059 0.114508 0.751372
736.216 122.683 -0.0970688 -0.0288811 0.848187
816.147 43.8959 -0.10056 -0.0624646 0.716584
900.75 430.618 0.139174 -0.158346 0.831463
719.928 9.52923 -0.245043 -0.0185952 0.967371
655.537 477.431 0.198848 0.0401869 0.876739
772.041 31.4605 -0.148405 -0.0515804 0.817236
902.75 480.693 0.202236 -0.182348 0.876521
890.718 365.134 0.12771 -0.229827 1.01309
589.033 423.013 0.128885 0.0824673 0.820052
543.456 84.5978 -0.0865589 0.082078 0.736849
779.829 398.748 0.138782 -0.0769506 0.91625
599.932 416.248 0.126548 0.0763016 0.82894
628.988 362.875 0.0969621 0.0639718 0.887274
601.767 512.264 0.168772 0.0609678 0.762271
516.443 66.9005 -0.0830836 0.0836041 0.697502
771.532 38.6716 -0.150916 -0.0532585 0.833377
703.024 35.6361 -0.109305 -0.00497322 0.729561
598.874 357.955 0.0832058 0.0787442 0.840212
681.174 164.156 -0.0800642 0.0172538 0.907398
813.347 54.7827 -0.118488 -0.0730533 0.78027
510.671 147.736 -0.0571446 0.108182 0.756292
518.96 111.986 -0.0861838 0.113828 0.787956
682.925 318.237 0.0519017 0.0123579 0.840326
581.751 302.815 0.0726717 0.317598 1.40966
845.341 458.468 0.168976 -0.120819 0.848382
846.26 573.429 0.338654 -0.155978 0.93678
956.636 297.37 0.0388687 -0.232433 0.896053
632.759 417.242 0.124324 0.0493515 0.819619
690.113 315.831 0.0658706 0.0149386 0.99942
763.599 309.538 0.0513921 -0.0595877 0.913681
625.752 371.981 0.0958522 0.05901 0.846533
485.634 352.372 0.0614276 0.122198 0.742332
653.758 133.726 -0.0814378 0.031163 0.82113
495.371 12.1792 -0.36607 0.308333 1.15373
720.173 591.565 0.235195 -0.0158481 0.779331
810.345 62.8683 -0.274365 -0.147195 1.11362
497.715 374.587 0.120037 0.208924 0.938388
925.959 452.347 0.118294 -0.133844 0.732934
496.513 28.8961 -0.277721 0.251329 1.05398
720.426 576.146 0.259594 -0.0172071 0.830661
908.547 42.0509 -0.274975 -0.260363 1.07118
504.422 343.312 0.0493502 0.0944007 0.69808
957.797 192.61 -0.0642268 -0.260891 0.952835
530.436 337.281 0.0556696 0.103244 0.763845
554.959 133.572 -0.079756 0.0993344 0.814836
730.148 108.174 -0.0969206 -0.0228157 0.81471
668.124 301.057 0.0399249 0.0257452 0.86115
866.258 305.636 0.0392835 -0.119048 0.805149
784.486 404 0.128245 -0.0726308 0.866017
673.573 410.545 0.131768 0.0219191 0.859456
676.682 315.56 0.0425948 0.0122561 0.768559
646.923 70.9228 -0.134258 0.0388053 0.847662
556.293 278.44 0.0187551 0.0814976 0.748457
937.906 283.595 0.0272507 -0.233658 0.930868
703.871 178.084 -0.0647907 -0.00342259 0.89254
665.192 566.659 0.270908 0.0303823 0.858362
576.535 39.9188 -0.121953 0.0708539 0.768113
907.225 428.604 0.140608 -0.167184 0.839988
625.422 61.5439 -0.166425 0.0653823 0.905916
551.832 199.312 -0.0222809 0.0711694 0.707392
543.902 339.208 0.074019 0.1354 0.877252
605.325 356.045 0.0963899 0.0923242 0.915857
692.098 175.674 -0.0924544 0.011841 1.00135
496.472 454.719 0.111074 0.105421 0.710348
636.164 286.451 0.0303373 0.0653956 0.938074
892.619 417.242 0.148776 -0.177208 0.891488
950.615 83.1138 -0.123493 -0.188215 0.840962
958.402 158.508 -0.0334725 -0.109389 0.64922
664.819 161.683 -0.0838929 0.0326811 0.914167
553.743 451.165 0.10069 0.0679733 0.686165
507.008 4.09981 -0.22186 0.173501 0.921384
702.97 6.98132 -0.104831 -0.00532527 0.683544
958.933 77.1198 -0.119667 -0.183529 0.81971
666.393 118.247 -0.0797069 0.0184453 0.777853
781.902 253.076 -0.0359955 -0.156508 1.31032
505.558 328.398 0.0440349 0.0998995 0.71553
717.72 37.2841 -0.450456 -0.0210729 1.31445
488.952 185.529 -0.0290263 0.102505 0.707264
937.471 259.484 0.00181228 -0.258509 0.978051
600.278 186.122 -0.0868263 0.123127 1.02655
783.331 390.108 0.142641 -0.0881517 0.959216
579.112 276.756 0.0199438 0.0954871 0.851021
823.521 356.352 0.106873 -0.132639 0.965575
828.678 541.532 0.389625 -0.175207 1.05166
722.217 264.834 -0.0720248 -0.0458738 1.80062
647.998 52.6091 -0.182303 0.0479327 0.923499
930.676 234.316 -0.0449812 -0.342881 1.13302
735.115 272.833 -0.045956 -0.10507 1.85204
814.527 141.359 -0.110302 -0.110726 0.941411
820.454 316.85 0.0713748 -0.150371 1.04196
823.194 174.584 -0.129372 -0.17394 1.12585
720.594 356.046 0.101413 -0.0194557 0.940653
890.961 454.444 0.365852 -0.367208 1.23727
921.951 440.468 0.243606 -0.300534 1.0559
796.823 464.417 0.738639 -0.350285 1.69642
931.194 443.827 0.127156 -0.153982 0.771646
617.232 486.292 0.194731 0.0692841 0.852604
606.396 411.19 0.134836 0.0804018 0.86741
578.832 282.169 0.0269945 0.146298 1.00768
524.735 427.275 0.122416 0.11965 0.791705
578.33 433.413 0.120681 0.0777988 0.774035
