663.362 578.158 0.265085 0.0305638 0.836143
801.229 461.599 0.20107 -0.0984175 0.913749
880.897 38.1008 -0.121229 -0.107937 0.757795
525.721 617.808 0.27817 0.133861 0.809747
522.105 293.431 0.0263411 0.103557 0.749708
801.274 483.787 0.498616 -0.22134 1.33194
786.565 392.583 0.13589 -0.0856697 0.930025
884.649 210.496 -0.0380511 -0.160196 0.886449
826.752 170.245 -0.127392 -0.168756 1.09379
801.984 461.025 0.198274 -0.0980714 0.909065
721.245 355.64 0.100202 -0.0195075 0.941839
863.023 555.974 0.274622 -0.149207 0.877097
863.402 313.084 0.0458154 -0.125144 0.82934
510.328 55.0552 -0.125561 0.121474 0.794171
530.907 126.261 -0.0879474 0.118753 0.819477
658.565 600.444 0.246926 0.0287498 0.78658
651.35 490.061 0.185216 0.038252 0.828122
634.754 557.181 0.287907 0.0650626 0.895071
501.769 328.708 0.0413577 0.097975 0.701509
895.243 60.8858 -0.214966 -0.211213 0.997703
921.314 88.3896 -0.126296 -0.172479 0.853612
795.843 61.4851 -0.102887 -0.0562064 0.742917
659.25 25.8117 -0.0644043 0.00765298 0.577343
708.313 132.572 -0.113618 -0.00667888 0.920642
813.588 110.241 -0.100144 -0.0826092 0.823126
702.421 39.8243 -0.108929 -0.00423747 0.728802
933.958 117.312 -0.164942 -0.269305 1.01934
722.877 616.479 0.227605 -0.0160608 0.744535
721.733 358.123 0.0921883 -0.0186982 0.889644
941.295 451.636 0.223686 -0.280451 0.983842
925.225 439.859 0.128935 -0.156265 0.785287
519.752 142.483 -0.103339 0.166833 0.916252
574.859 36.2683 -0.120087 0.0690363 0.752959
609.752 499.399 0.181207 0.0660991 0.805623
511.519 264.745 0.00942597 0.107946 0.746444
586.202 426.381 0.123955 0.080491 0.80023
727.249 317.63 0.0743347 -0.0309573 1.07367
896.691 13.8578 -0.103419 -0.0924025 0.682091
732.987 108.139 -0.096231 -0.0240496 0.80621
903.13 3.63829 -0.112137 -0.0985782 0.692891
928.837 185.876 -0.0365793 -0.137639 0.753329
807.48 469.366 0.185595 -0.0931379 0.864997
856.279 589.388 0.339448 -0.158853 0.915644
498.764 125.296 -0.0979509 0.155412 0.851564
528.421 124.467 -0.0879743 0.118936 0.815269
491.79 279.199 0.0210752 0.186963 0.892241
594.883 524.659 0.159903 0.0592614 0.730293
646.797 499.357 0.172493 0.0362779 0.788235
618.833 602.327 0.245069 0.0562665 0.782282
519.989 434.007 0.118697 0.115701 0.769422
596.825 416.312 0.133611 0.0860383 0.852728
722.551 555.599 0.272044 -0.0193457 0.874663
716.28 315.508 0.0668958 -0.0153008 1.02704
763.056 169.969 -0.132646 -0.0828573 1.10962
812.221 69.2555 -0.121058 -0.0773839 0.805023
826.226 171.65 -0.125971 -0.168548 1.09524
487.726 360.212 0.0575863 0.105908 0.701818
887.803 30.3974 -0.118084 -0.106019 0.739621
815.807 481.258 0.174381 -0.0895601 0.819815
787.797 407.658 0.12415 -0.0713978 0.844948
722.906 358.694 0.0882644 -0.0191461 0.867428
650.105 112.241 -0.0778626 0.0263489 0.751495
637.493 550.638 0.289094 0.0644355 0.906184
498.096 261.174 0.00734102 0.103166 0.714045
589.154 425.236 0.126014 0.0806123 0.808815
715.943 315.044 0.0592494 -0.0141358 0.953286
750.223 307.786 0.114213 -0.206818 2.02445
768.508 272.266 -0.0415395 -0.234874 1.78089
688.084 185.168 -0.0824257 0.0166697 0.994434
721.458 297.37 -0.0367205 -0.0939735 3.44308
740.327 325.127 0.0272001 -0.0177983 0.595291
734.643 314.659 0.0791072 -0.0474442 1.16937
722.196 556.679 0.266815 -0.0187812 0.865742
722.498 369.259 0.0672616 -0.0150945 0.725833
839.406 460.594 0.164507 -0.11176 0.835013
587.61 531.924 0.144211 0.0545354 0.691391
671.982 438.19 0.232538 0.0438571 1.04199
502.656 129.871 -0.0959242 0.154623 0.856278
535.704 86.9666 -0.0846943 0.0847873 0.728265
706.31 104.644 -0.123898 -0.00526316 0.881607
496.302 259.337 0.00638326 0.102114 0.708873
671.328 416.637 0.120831 0.0205353 0.812415
530.896 348.175 0.070599 0.124796 0.818622
566.775 440.827 0.10785 0.0728142 0.725152
885.465 468.752 0.224193 -0.196673 0.944611
776.119 324.522 0.0573324 -0.0621659 0.853287
766.276 153.559 -0.127767 -0.0755358 1.03016
784.639 322.489 0.074588 -0.0990156 1.01715
807.358 462.938 0.185962 -0.0960666 0.878541
825.108 524.632 0.392464 -0.182173 1.08877
659.729 585.923 0.246243 0.0294548 0.801149
537.731 34.2437 -0.185492 0.138132 0.894554
908.147 69.0011 -0.1315 -0.152554 0.83126
535.607 87.584 -0.0845696 0.0850437 0.728907
800.831 419.822 0.103965 -0.0639576 0.751302
748.203 105.451 -0.108754 -0.0369866 0.839468
675.426 356.658 0.0886053 0.022351 0.878529
775.25 295.079 0.0483861 -0.127968 1.23433
944.084 526.677 0.173828 -0.156249 0.753055
871.017 164.314 -0.155858 -0.257348 1.15467
854.86 478.769 0.15143 -0.105057 0.773831
807.202 428.855 0.0971336 -0.0605504 0.712248
812.441 17.2652 -0.216879 -0.102489 0.9262
766.635 122.692 -0.110323 -0.0562944 0.88423
789.517 233.905 -0.0387202 -0.114681 1.07349
619.12 384.97 0.0910232 0.0540895 0.788581
616.244 487.173 0.177603 0.0636209 0.817587
850.479 390.886 0.190738 -0.221873 1.11129
939.612 525.092 0.177911 -0.157948 0.762589
722.47 596.654 0.232061 -0.0164593 0.769719
740.37 261.75 -0.0406098 -0.0869444 1.4957
660.748 137.667 -0.0830814 0.027824 0.830437
589.551 609.868 0.342818 0.110507 0.895105
784.376 385.284 0.457821 -0.330961 1.8188
766.886 86.2442 -0.215325 -0.0784426 1.05329
714.89 235.461 -0.223183 -0.0141714 1.9002
484.285 372.961 0.0877933 0.157223 0.812372
522.013 431.307 0.119804 0.117645 0.777992
493.226 33.7858 -0.120335 0.114633 0.750365
736.562 124.519 -0.0973451 -0.0287563 0.84718
816.283 46.4995 -0.100836 -0.0623397 0.715577
901.007 431.369 0.138898 -0.158221 0.830456
720.114 11.5084 -0.245319 -0.0184703 0.966364
656.389 478.214 0.198571 0.0403118 0.875732
772.209 33.7188 -0.148682 -0.0514555 0.816229
903.061 481.26 0.20196 -0.182223 0.875514
890.874 365.762 0.127433 -0.229702 1.01208
590.109 424.09 0.128609 0.0825922 0.819045
544.652 87.2461 -0.0868352 0.0822029 0.735842
780.281 399.54 0.138506 -0.0768258 0.915244
600.956 417.315 0.126272 0.0764265 0.827933
629.81 363.949 0.0966858 0.0640967 0.886267
602.974 513.203 0.168495 0.0610927 0.761264
517.851 69.8696 -0.0833599 0.083729 0.696495
771.694 40.8428 -0.151192 -0.0531336 0.83237
703.566 38.3479 -0.109581 -0.00484835 0.728554
599.845 359.167 0.0829295 0.0788691 0.839205
681.668 165.749 -0.0803405 0.0173787 0.906391
813.435 57.0367 -0.118765 -0.0729284 0.779263
511.986 150.061 -0.0574209 0.108307 0.755285
520.15 114.328 -0.0864601 0.113953 0.786949
683.618 319.485 0.0516254 0.0124828 0.839319
582.273 303.545 0.0723954 0.317723 1.40865
845.752 459.173 0.168699 -0.120694 0.847376
846.778 573.83 0.338377 -0.155854 0.935773
956.577 298.274 0.0385924 -0.232308 0.895046
633.704 418.296 0.124048 0.0494763 0.818612
690.633 316.787 0.0655943 0.0150635 0.998413
763.997 310.575 0.0511159 -0.0594628 0.912674
626.644 373.113 0.0955759 0.0591349 0.845526
487.184 353.977 0.0611513 0.122323 0.741325
654.417 135.703 -0.0817141 0.0312879 0.820123
496.145 14.1398 -0.366347 0.308458 1.15272
721.085 592.184 0.234919 -0.0157232 0.778324
810.259 64.2612 -0.274641 -0.14707 1.11261
498.84 375.67 0.11976 0.209049 0.937381
926.21 453.241 0.118018 -0.133719 0.731927
497.367 30.9328 -0.277998 0.251454 1.05297
721.261 576.731 0.259317 -0.0170822 0.829654
908.207 43.4501 -0.275251 -0.260239 1.07018
506.031 345.095 0.0490739 0.0945256 0.697073
957.579 193.69 -0.0645031 -0.260766 0.951828
531.763 338.826 0.0553933 0.103369 0.762838
555.975 135.687 -0.0800323 0.0994593 0.813829
730.535 110.181 -0.0971969 -0.0226909 0.813703
668.82 302.325 0.0396487 0.02587 0.860143
866.454 306.825 0.0390072 -0.118923 0.804142
784.966 404.858 0.127968 -0.0725059 0.86501
674.346 411.501 0.131492 0.022044 0.858449
677.494 317.019 0.0423185 0.012381 0.767552
647.52 73.0723 -0.134534 0.0389302 0.846655
557.53 280.223 0.0184788 0.0816224 0.74745
937.865 284.488 0.0269744 -0.233533 0.929861
704.324 179.638 -0.065067 -0.00329772 0.891533
666.114 567.273 0.270632 0.0305071 0.857355
577.501 42.585 -0.12223 0.0709788 0.767106
907.463 429.337 0.140332 -0.167059 0.838981
626.014 63.5908 -0.166701 0.0655072 0.904909
553.144 201.589 -0.0225572 0.0712942 0.706385
544.967 340.452 0.0737427 0.135525 0.876245
606.172 357.111 0.0961136 0.092449 0.91485
692.491 177.025 -0.0927307 0.0119659 1.00035
498.129 456.061 0.110797 0.105546 0.709341
636.853 287.64 0.030061 0.0655204 0.937067
892.862 417.927 0.148499 -0.177083 0.890481
950.27 84.8593 -0.12377 -0.188091 0.839955
958.199 160.838 -0.0337488 -0.109264 0.648213
665.353 163.288 -0.0841692 0.032806 0.91316
555.268 452.547 0.100414 0.0680982 0.685158
906.285 483.022 0.197678 -0.17964 0.863816
715.811 322.426 0.0776689 -0.0148803 1.04525
585.774 161.593 -0.0944874 0.115717 0.946994
628.524 365.883 0.0961003 0.0631814 0.87548
902.447 120.251 -0.153575 -0.222793 0.998893
843.277 22.0568 -0.172869 -0.109511 0.850277
498.971 52.6723 -0.0800854 0.080847 0.661747
683.021 142.408 -0.0859117 0.0128254 0.853999
645.37 505.109 0.169188 0.0352815 0.773421
645.875 405.168 0.145355 0.0557326 0.919793
621.302 367.139 0.0861713 0.0591416 0.824386
721.361 533.557 0.298428 -0.0200066 0.945726
945.761 233.178 -0.0309839 -0.282718 1.00501
567.444 272.706 0.0148611 0.0896126 0.797352
684.448 292.914 0.0248761 0.00603251 0.728223
641.962 332.937 0.102034 0.0968699 1.11814
668.703 429.215 0.114384 0.0184573 0.76547
673.026 369.986 0.0865114 0.0192115 0.815623
543.039 423.739 0.134052 0.124508 0.836015
940.08 96.0784 -0.126756 -0.195544 0.870419
480.852 255.236 0.00439049 0.0966476 0.67477
650.122 350.808 0.100868 0.0589626 0.9727
665.894 427.772 0.108976 0.019053 0.751861
518.53 211.449 -0.025008 0.116836 0.785248
915.197 187.491 -0.0788284 -0.235975 0.989227
615.488 516.651 0.19085 0.0607107 0.798815
687.487 296.436 0.0295618 0.00614013 0.771181
549.166 462.2 0.148869 0.106649 0.796613
613.899 524.982 0.187529 0.0583477 0.781516
495.007 353.434 0.0574957 0.109874 0.721876
507.96 6.49849 -0.222136 0.173626 0.920377
703.578 10.098 -0.105107 -0.0052004 0.682537
958.561 78.9506 -0.119943 -0.183404 0.818703
667.061 120.426 -0.0799832 0.0185702 0.776846
782.039 253.759 -0.0362718 -0.156383 1.30932
507.1 330.168 0.0437586 0.100024 0.714523
717.769 38.6612 -0.450733 -0.020948 1.31344
490.51 187.936 -0.0293026 0.10263 0.706257
937.393 260.356 0.00153599 -0.258384 0.977044
600.914 187.506 -0.0871026 0.123252 1.02555
783.741 390.855 0.142364 -0.0880268 0.958209
580.074 278.218 0.0196675 0.0956119 0.850014
823.807 357.126 0.106596 -0.132514 0.964568
829.153 541.916 0.389348 -0.175082 1.05065
722.368 265.318 -0.0723011 -0.0457489 1.79961
648.488 54.6175 -0.182579 0.0480576 0.922492
930.567 235.039 -0.0452575 -0.342756 1.13202
735.25 273.272 -0.0462323 -0.104946 1.85103
814.594 142.794 -0.110578 -0.110601 0.940404
820.671 317.614 0.0710986 -0.150247 1.04095
823.207 175.596 -0.129649 -0.173815 1.12484
721.123 356.958 0.101136 -0.0193308 0.939646
891.235 454.768 0.365575 -0.367083 1.23626
922.166 440.895 0.24333 -0.30041 1.05489
797.148 464.685 0.738362 -0.35016 1.69541
931.41 444.643 0.126879 -0.153857 0.770639
480.666 91.4824 -0.331788 0.426324 1.27842
618.22 487.123 0.194454 0.0694089 0.851597
607.341 412.192 0.13456 0.0805267 0.866403
579.604 283.318 0.0267182 0.146423 1.00667
526.066 428.46 0.12214 0.119775 0.790698
579.533 434.572 0.120405 0.0779236 0.773028
