663.637 579.354 0.265549 0.0305873 0.836495
801.558 462.369 0.201533 -0.098394 0.9141
880.74 38.555 -0.120765 -0.107913 0.758147
525.802 619.265 0.278633 0.133885 0.810099
521.969 294.387 0.0268046 0.103581 0.75006
801.606 484.426 0.499079 -0.221316 1.33229
786.782 393.261 0.136354 -0.0856461 0.930377
828.467 0.311146 -0.245728 -0.123276 0.950094
884.694 210.949 -0.0375876 -0.160172 0.886801
826.656 170.714 -0.126928 -0.168732 1.09415
802.314 461.796 0.198738 -0.0980479 0.909416
721.35 356.344 0.100665 -0.019484 0.942191
863.585 556.88 0.275085 -0.149183 0.877448
863.607 313.641 0.0462789 -0.125121 0.829692
510.039 55.9449 -0.125097 0.121497 0.794523
530.68 127.118 -0.0874839 0.118777 0.819829
658.86 601.727 0.247389 0.0287734 0.786932
651.523 491.095 0.185679 0.0382756 0.828473
634.958 558.33 0.28837 0.0650862 0.895423
501.626 329.739 0.0418212 0.0979986 0.701861
895.008 61.3521 -0.214502 -0.21119 0.998055
921.195 88.8052 -0.125833 -0.172456 0.853963
795.683 62.0288 -0.102423 -0.0561828 0.743269
658.996 26.3462 -0.0639408 0.00767657 0.577695
708.165 133.219 -0.113154 -0.0066553 0.920994
813.472 110.775 -0.0996804 -0.0825856 0.823478
702.191 40.4707 -0.108466 -0.00421389 0.729154
933.815 117.694 -0.164479 -0.269281 1.01969
723.307 617.755 0.228069 -0.0160373 0.744887
721.847 358.855 0.0926518 -0.0186747 0.889996
941.776 452.199 0.22415 -0.280427 0.984194
925.715 440.528 0.129398 -0.156242 0.785639
519.555 143.345 -0.102876 0.166857 0.916604
574.568 37.0738 -0.119624 0.0690598 0.753311
609.877 500.509 0.181671 0.0661227 0.805975
511.353 265.689 0.00988947 0.10797 0.746796
586.237 427.399 0.124419 0.0805146 0.800582
727.305 318.238 0.0747982 -0.0309337 1.07402
896.56 14.2503 -0.102956 -0.0923789 0.682443
732.835 108.765 -0.0957675 -0.024026 0.806562
902.979 4.03248 -0.111673 -0.0985546 0.693243
928.939 186.295 -0.0361158 -0.137615 0.753681
807.836 470.17 0.186058 -0.0931143 0.865349
856.877 590.359 0.339911 -0.158829 0.915996
498.533 126.19 -0.0974874 0.155435 0.851916
528.191 125.328 -0.0875108 0.118959 0.815621
491.648 280.125 0.0215387 0.186986 0.892593
595.012 525.88 0.160367 0.059285 0.730645
646.976 500.437 0.172957 0.0363015 0.788587
619.062 603.661 0.245532 0.0562901 0.782634
519.946 435.128 0.11916 0.115725 0.769774
596.864 417.274 0.134074 0.0860619 0.85308
722.891 556.659 0.272508 -0.0193221 0.875015
716.329 316.146 0.0673593 -0.0152772 1.02739
762.945 170.508 -0.132182 -0.0828337 1.10998
812.055 69.796 -0.120595 -0.0773604 0.805375
826.131 172.119 -0.125507 -0.168524 1.09559
487.586 361.297 0.0580498 0.105932 0.70217
887.649 30.8366 -0.117621 -0.105996 0.739973
816.2 482.099 0.174844 -0.0895365 0.820167
788.05 408.399 0.124614 -0.0713742 0.8453
723.025 359.437 0.0887279 -0.0191225 0.86778
649.919 112.956 -0.0773991 0.0263725 0.751846
637.695 551.764 0.289557 0.064459 0.906536
497.906 262.137 0.00780452 0.103189 0.714396
589.191 426.244 0.126477 0.0806359 0.809167
715.997 315.714 0.0597129 -0.0141122 0.953638
750.242 308.117 0.114676 -0.206795 2.0248
768.489 272.619 -0.041076 -0.234851 1.78125
687.98 185.815 -0.0819622 0.0166933 0.994786
721.445 297.597 -0.036257 -0.0939499 3.44343
740.493 325.893 0.0276636 -0.0177747 0.595643
734.694 315.219 0.0795707 -0.0474206 1.16972
722.538 557.746 0.267279 -0.0187576 0.866094
722.651 370.083 0.0677251 -0.015071 0.726185
839.799 461.364 0.164971 -0.111736 0.835365
587.736 533.192 0.144674 0.054559 0.691743
672.117 439.003 0.233001 0.0438807 1.04234
502.43 130.76 -0.0954607 0.154647 0.85663
535.427 87.8048 -0.0842308 0.0848108 0.728617
706.134 105.303 -0.123434 -0.00523958 0.881959
496.108 260.302 0.00684676 0.102138 0.709225
671.457 417.539 0.121294 0.0205589 0.812767
530.814 349.146 0.0710625 0.12482 0.818974
566.796 441.931 0.108314 0.0728378 0.725504
885.91 469.424 0.224656 -0.19665 0.944963
776.25 325.177 0.0577959 -0.0621423 0.853639
766.154 154.116 -0.127304 -0.0755122 1.03052
784.749 323.059 0.0750515 -0.098992 1.0175
807.703 463.723 0.186425 -0.096043 0.878893
825.545 525.413 0.392928 -0.182149 1.08912
660.01 587.162 0.246707 0.0294784 0.801501
537.466 35.1343 -0.185028 0.138155 0.894906
908.005 69.4353 -0.131037 -0.15253 0.831612
535.33 88.4226 -0.0841061 0.0850672 0.729259
801.138 420.617 0.104428 -0.0639341 0.751654
748.049 106.061 -0.108291 -0.036963 0.83982
675.494 357.446 0.0890688 0.0223746 0.878881
775.295 295.563 0.0488496 -0.127944 1.23468
944.757 527.502 0.174291 -0.156225 0.753407
870.906 164.723 -0.155395 -0.257324 1.15502
855.316 479.589 0.151894 -0.105033 0.774183
807.542 429.678 0.0975971 -0.0605268 0.7126
812.165 17.8566 -0.216416 -0.102465 0.926552
766.499 123.277 -0.10986 -0.0562709 0.884582
789.503 234.413 -0.0382567 -0.114657 1.07384
619.16 385.9 0.0914867 0.0541131 0.788933
616.367 488.247 0.178066 0.0636445 0.817939
850.735 391.406 0.191202 -0.221849 1.11164
940.272 525.913 0.178374 -0.157924 0.762941
722.871 597.868 0.232525 -0.0164357 0.770071
740.344 262.197 -0.0401463 -0.0869208 1.49605
660.592 138.375 -0.0826179 0.0278476 0.830789
589.725 611.191 0.343282 0.110531 0.895457
784.531 385.664 0.458285 -0.330937 1.81915
766.676 86.8385 -0.214861 -0.0784191 1.05364
714.822 235.875 -0.22272 -0.0141478 1.90055
484.17 374.015 0.0882568 0.157246 0.812724
521.972 432.416 0.120267 0.117668 0.778343
492.9 34.6847 -0.119872 0.114657 0.750717
736.423 125.14 -0.0968816 -0.0287327 0.847532
816.127 47.0078 -0.100372 -0.0623162 0.715929
901.437 432.026 0.139362 -0.158198 0.830808
719.829 12.2209 -0.244856 -0.0184468 0.966716
656.554 479.194 0.199035 0.0403354 0.876084
771.98 34.3198 -0.148218 -0.0514319 0.816581
903.563 481.972 0.202424 -0.1822 0.875866
891.142 366.253 0.127897 -0.229678 1.01243
590.147 425.09 0.129072 0.0826158 0.819397
544.382 88.0765 -0.0863717 0.0822265 0.736194
780.502 400.241 0.13897 -0.0768022 0.915595
601.002 418.288 0.126735 0.0764501 0.828285
629.84 364.792 0.0971493 0.0641203 0.886618
603.105 514.374 0.168959 0.0611163 0.761616
517.539 70.7125 -0.0828964 0.0837526 0.696847
771.469 41.4454 -0.150729 -0.05311 0.832722
703.334 38.9931 -0.109118 -0.00482476 0.728906
599.842 360.062 0.083393 0.0788926 0.839557
681.546 166.424 -0.079877 0.0174023 0.906743
813.263 57.5724 -0.118301 -0.0729048 0.779615
511.746 150.943 -0.0569574 0.108331 0.755637
519.902 115.197 -0.0859966 0.113977 0.787301
683.66 320.246 0.0520889 0.0125064 0.83967
582.234 304.196 0.0728589 0.317747 1.40901
846.149 459.926 0.169163 -0.12067 0.847727
847.334 574.765 0.338841 -0.15583 0.936125
956.819 298.685 0.0390559 -0.232284 0.895398
633.789 419.239 0.124511 0.0494999 0.818964
690.667 317.467 0.0660578 0.015087 0.998765
764.09 311.205 0.0515794 -0.0594392 0.913026
626.68 373.99 0.0960394 0.0591584 0.845878
487.049 355.04 0.0616148 0.122347 0.741677
654.256 136.419 -0.0812506 0.0313114 0.820475
495.958 15.1431 -0.365883 0.308481 1.15308
721.478 593.383 0.235382 -0.0156996 0.778676
810.003 64.8262 -0.274178 -0.147046 1.11296
498.755 376.647 0.120224 0.209072 0.937733
926.746 453.961 0.118481 -0.133696 0.732279
497.154 31.8973 -0.277534 0.251477 1.05332
721.629 577.864 0.259781 -0.0170586 0.830006
907.914 43.9223 -0.274787 -0.260215 1.07053
505.902 346.142 0.0495374 0.0945492 0.697425
957.61 194.039 -0.0640396 -0.260742 0.95218
531.67 339.811 0.0558568 0.103392 0.76319
555.765 136.517 -0.0795688 0.0994829 0.814181
730.383 110.81 -0.0967334 -0.0226673 0.814054
668.829 303.079 0.0401122 0.0258936 0.860495
866.662 307.384 0.0394707 -0.1189 0.804494
785.208 405.588 0.128432 -0.0724823 0.865362
674.469 412.367 0.131955 0.0220676 0.858801
677.533 317.815 0.042782 0.0124046 0.767904
647.296 73.8078 -0.134071 0.0389538 0.847007
557.418 281.128 0.0189423 0.081646 0.747801
938.055 284.896 0.0274379 -0.23351 0.930212
704.228 180.29 -0.0646035 -0.00327413 0.891885
666.381 568.431 0.271095 0.0305307 0.857707
577.219 43.3918 -0.121766 0.0710024 0.767458
907.895 429.98 0.140796 -0.167036 0.839333
625.78 64.3615 -0.166237 0.0655308 0.905261
552.961 202.445 -0.0220937 0.0713178 0.706737
544.9 341.372 0.0742062 0.135549 0.876596
606.174 357.959 0.0965771 0.0924726 0.915202
692.38 177.667 -0.0922672 0.0119894 1.0007
498.066 457.275 0.111261 0.105569 0.709693
636.822 288.388 0.0305245 0.065544 0.937419
893.244 418.541 0.148963 -0.177059 0.890833
950.164 85.2415 -0.123306 -0.188067 0.840307
958.373 161.194 -0.0332853 -0.109241 0.648565
665.221 163.98 -0.0837057 0.0328296 0.913512
555.28 453.704 0.100877 0.0681217 0.68551
906.797 483.74 0.198141 -0.179616 0.864168
715.866 323.062 0.0781324 -0.0148568 1.0456
585.615 162.371 -0.0940239 0.11574 0.947346
628.555 366.735 0.0965638 0.063205 0.875832
902.312 120.67 -0.153112 -0.22277 0.999245
843.037 22.5909 -0.172405 -0.109487 0.850629
498.619 53.5103 -0.0796219 0.0808706 0.662099
682.879 143.089 -0.0854482 0.012849 0.854351
645.555 506.21 0.169652 0.035305 0.773773
645.957 406.025 0.145818 0.0557562 0.920145
621.328 368.026 0.0866348 0.0591652 0.824738
721.667 534.534 0.298891 -0.019983 0.946078
945.838 233.529 -0.0305204 -0.282694 1.00536
567.341 273.578 0.0153246 0.0896361 0.797704
684.474 293.692 0.0253396 0.00605609 0.728575
641.972 333.634 0.102498 0.0968935 1.1185
668.847 430.164 0.114848 0.0184808 0.765822
673.11 370.823 0.0869749 0.0192351 0.815975
543.022 424.781 0.134515 0.124532 0.836367
939.972 96.4707 -0.126292 -0.19552 0.87077
480.629 256.217 0.00485399 0.0966711 0.675122
650.157 351.573 0.101331 0.0589861 0.973052
666.034 428.73 0.10944 0.0190766 0.752213
518.343 212.343 -0.0245445 0.11686 0.7856
915.183 187.879 -0.0783649 -0.235952 0.989579
615.637 517.792 0.191314 0.0607343 0.799167
687.514 297.2 0.0300253 0.00616371 0.771533
549.181 463.317 0.149333 0.106672 0.796964
614.054 526.151 0.187992 0.0583713 0.781868
494.876 354.495 0.0579592 0.109898 0.722228
507.687 7.45249 -0.221673 0.17365 0.920729
703.324 10.7133 -0.104644 -0.00517682 0.682889
958.462 79.3225 -0.11948 -0.183381 0.819055
666.892 121.126 -0.0795197 0.0185937 0.777198
782.024 254.205 -0.0358083 -0.156359 1.30967
506.966 331.19 0.0442221 0.100048 0.714875
717.494 39.3821 -0.450269 -0.0209244 1.31379
490.263 188.856 -0.0288391 0.102653 0.706609
937.524 260.735 0.00199949 -0.258361 0.977396
600.786 188.245 -0.0866391 0.123275 1.0259
783.949 391.52 0.142828 -0.0880032 0.958561
579.99 279.059 0.020131 0.0956355 0.850366
824.006 357.706 0.10706 -0.13249 0.96492
829.624 542.746 0.389812 -0.175059 1.05101
722.335 265.723 -0.0718376 -0.0457253 1.79996
648.25 55.3696 -0.182116 0.0480812 0.922844
930.603 235.368 -0.044794 -0.342733 1.13237
735.226 273.651 -0.0457688 -0.104922 1.85139
814.488 143.313 -0.110115 -0.110577 0.940756
820.798 318.13 0.0715621 -0.150223 1.04131
823.112 176.061 -0.129185 -0.173791 1.12519
721.23 357.665 0.1016 -0.0193072 0.939998
891.637 455.284 0.366039 -0.36706 1.23661
922.594 441.428 0.243793 -0.300386 1.05524
797.443 465.207 0.738826 -0.350136 1.69576
931.922 445.321 0.127343 -0.153834 0.770991
480.545 92.3975 -0.331324 0.426347 1.27877
618.344 488.174 0.194918 0.0694325 0.851949
607.388 413.13 0.135023 0.0805502 0.866755
579.534 284.101 0.0271817 0.146447 1.00702
526.028 429.553 0.122603 0.119799 0.79105
579.567 435.625 0.120869 0.0779472 0.773379
