662.554 580.829 0.265051 0.0301944 0.835552
800.276 463.664 0.201035 -0.0987869 0.913157
878.049 41.9985 -0.121264 -0.108306 0.757204
524.882 620.948 0.278135 0.133492 0.809156
520.738 297.015 0.0263063 0.103188 0.749117
800.988 485.116 0.498581 -0.221709 1.33135
785.485 394.677 0.135855 -0.086039 0.929434
826.568 3.07409 -0.246226 -0.123669 0.949151
882.731 212.989 -0.038086 -0.160565 0.885857
825.262 172.377 -0.127427 -0.169125 1.0932
801.017 463.103 0.198239 -0.0984408 0.908473
720.191 357.879 0.100167 -0.0198768 0.941247
862.189 558.022 0.274587 -0.149576 0.876505
861.685 315.548 0.0457805 -0.125514 0.828748
508.853 59.2221 -0.125596 0.121105 0.793579
529.538 129.959 -0.0879823 0.118384 0.818885
657.66 603.315 0.246891 0.0283805 0.785988
650.365 492.748 0.185181 0.0378827 0.82753
634.039 559.73 0.287872 0.0646933 0.89448
500.298 332.57 0.0413228 0.0976057 0.700918
893.043 63.6688 -0.215 -0.211583 0.997112
918.795 91.4787 -0.126331 -0.172848 0.85302
793.31 65.4879 -0.102922 -0.0565757 0.742326
656.031 31.8385 -0.0644392 0.00728367 0.576751
706.768 135.531 -0.113652 -0.00704819 0.92005
811.42 113.534 -0.100179 -0.0829785 0.822535
823.931 2.78597 -0.206709 -0.104205 0.881587
700.098 44.1756 -0.108964 -0.00460678 0.728211
931.836 119.69 -0.164977 -0.269674 1.01875
721.829 619.374 0.22757 -0.0164301 0.743943
720.57 360.532 0.0921534 -0.0190675 0.889052
940.295 453.197 0.223651 -0.28082 0.98325
923.608 442.162 0.1289 -0.156635 0.784695
518.648 145.722 -0.103374 0.166464 0.91566
573.036 40.671 -0.120122 0.0686669 0.752368
608.745 502.266 0.181172 0.0657298 0.805032
510.124 268.44 0.00939108 0.107577 0.745852
585.087 429.355 0.12392 0.0801217 0.799638
726.321 319.563 0.0742998 -0.0313266 1.07308
893.329 18.4051 -0.103454 -0.0927718 0.6815
731.013 111.655 -0.0962659 -0.0244189 0.805619
899.775 8.14373 -0.112172 -0.0989475 0.6923
926.25 189.035 -0.0366142 -0.138008 0.752738
806.414 471.574 0.18556 -0.0935072 0.864405
855.66 591.382 0.339413 -0.159222 0.915052
497.546 128.897 -0.0979858 0.155042 0.850973
527.043 128.198 -0.0880092 0.118566 0.814677
490.802 282.188 0.0210403 0.186593 0.891649
593.687 527.904 0.159868 0.0588921 0.729702
645.717 502.214 0.172458 0.0359086 0.787643
617.923 605.313 0.245034 0.0558972 0.781691
518.851 437.263 0.118662 0.115332 0.76883
595.817 419.053 0.133576 0.085669 0.852136
721.783 557.991 0.272009 -0.019715 0.874071
715.295 317.578 0.0668609 -0.0156701 1.02644
761.762 172.169 -0.132681 -0.0832266 1.10903
809.891 72.8347 -0.121093 -0.0777533 0.804432
824.743 173.774 -0.126006 -0.168917 1.09465
486.312 364.035 0.0575514 0.105539 0.701227
884.826 34.4406 -0.118119 -0.106388 0.739029
814.623 483.611 0.174346 -0.0899294 0.819223
786.536 410.033 0.124116 -0.0717671 0.844357
721.688 361.184 0.0882295 -0.0195154 0.866836
648.184 116.187 -0.0778975 0.0259796 0.750903
636.789 553.144 0.289059 0.0640661 0.905592
496.601 265.119 0.00730613 0.102796 0.713453
588.057 428.166 0.125979 0.080243 0.808224
714.831 317.324 0.0592145 -0.0145051 0.952695
749.802 308.657 0.114178 -0.207188 2.02386
767.898 273.317 -0.0415744 -0.235244 1.7803
686.835 187.722 -0.0824606 0.0163004 0.993842
721.222 297.906 -0.0367554 -0.0943428 3.44248
737.664 329.507 0.0271652 -0.0181676 0.5947
733.813 316.384 0.0790723 -0.0478135 1.16878
721.408 559.098 0.266781 -0.0191505 0.86515
720.82 372.431 0.0672267 -0.0154638 0.725241
838.183 462.847 0.164473 -0.112129 0.834421
586.273 535.404 0.144176 0.0541661 0.6908
671.297 440.217 0.232503 0.0434878 1.0414
501.445 133.427 -0.0959591 0.154254 0.855686
533.965 91.3636 -0.0847292 0.084418 0.727674
704.623 107.874 -0.123933 -0.00563247 0.881015
494.788 263.328 0.00634837 0.101745 0.708281
670.145 419.385 0.120796 0.020166 0.811824
529.779 351.273 0.0705641 0.124427 0.81803
565.458 444.218 0.107815 0.0724449 0.72456
884.512 470.537 0.224158 -0.197043 0.944019
774.692 327.026 0.0572975 -0.0625352 0.852696
764.822 156.006 -0.127802 -0.0759051 1.02957
783.549 324.439 0.0745531 -0.0993849 1.01656
806.312 465.102 0.185927 -0.0964359 0.877949
824.656 526.276 0.392429 -0.182542 1.08818
658.84 588.727 0.246208 0.0290855 0.800557
536.429 38.0029 -0.185526 0.137763 0.893963
905.551 72.3071 -0.131535 -0.152923 0.830669
533.871 91.974 -0.0846045 0.0846744 0.728316
799.243 422.593 0.10393 -0.064327 0.75071
746.28 108.792 -0.108789 -0.0373559 0.838876
674.298 359.204 0.0885704 0.0219817 0.877938
774.378 296.649 0.0483512 -0.128337 1.23374
942.575 529.011 0.173793 -0.156618 0.752464
869.446 166.277 -0.155893 -0.257717 1.15408
853.441 481.238 0.151396 -0.105426 0.77324
805.441 431.831 0.0970987 -0.0609197 0.711657
810.297 20.6167 -0.216914 -0.102858 0.925608
764.818 125.737 -0.110358 -0.0566637 0.883639
788.273 235.921 -0.038755 -0.11505 1.0729
617.872 387.977 0.0909883 0.0537202 0.78799
615.246 489.98 0.177568 0.0632516 0.816995
849.628 392.395 0.190704 -0.222242 1.1107
938.151 527.392 0.177876 -0.158317 0.761997
721.476 599.433 0.232026 -0.0168286 0.769127
739.661 263.117 -0.0406447 -0.0873137 1.49511
659.113 141.055 -0.0831163 0.0274547 0.829845
588.895 612.612 0.342783 0.110138 0.894513
784.08 386.164 0.457786 -0.33133 1.81821
765.301 88.9378 -0.21536 -0.078812 1.0527
714.325 236.629 -0.223218 -0.0145407 1.89961
483.22 376.147 0.0877584 0.156853 0.811781
520.894 434.518 0.119769 0.117275 0.7774
491.624 38.3414 -0.12037 0.114264 0.749773
734.739 127.76 -0.09738 -0.0291256 0.846589
813.509 50.735 -0.100871 -0.062709 0.714985
899.581 433.534 0.138863 -0.158591 0.829864
718.37 14.8923 -0.245354 -0.0188397 0.965772
655.496 480.721 0.198536 0.0399425 0.87514
769.966 37.4825 -0.148716 -0.0518248 0.815638
901.939 483.212 0.201925 -0.182593 0.874922
889.715 367.441 0.127398 -0.230071 1.01149
589.037 426.975 0.128574 0.0822229 0.818453
542.92 91.5747 -0.0868701 0.0818336 0.73525
779.194 401.687 0.138471 -0.0771951 0.914652
599.888 420.146 0.126237 0.0760572 0.827341
628.766 366.549 0.0966509 0.0637274 0.885675
601.862 516.278 0.16846 0.0607234 0.760673
515.997 74.612 -0.0833948 0.0833597 0.695904
769.519 44.493 -0.151227 -0.0535029 0.831778
701.234 42.7067 -0.109616 -0.00521766 0.727962
598.718 362.019 0.0828946 0.0784998 0.838614
680.226 168.674 -0.0803754 0.0170094 0.9058
810.976 60.8136 -0.118799 -0.0732977 0.778671
510.486 154.062 -0.0574558 0.107938 0.754693
518.696 118.264 -0.086495 0.113584 0.786358
682.306 322.239 0.0515905 0.0121135 0.838727
622.261 0.524769 -0.158463 0.0454238 0.787163
581.733 305.222 0.0723605 0.317354 1.40806
844.556 461.365 0.168664 -0.121063 0.846784
846.166 575.781 0.338342 -0.156223 0.935182
954.773 300.328 0.0385575 -0.232677 0.894455
632.582 421.095 0.124013 0.049107 0.81802
689.642 318.981 0.0655594 0.0146942 0.997822
762.709 312.905 0.051081 -0.0598321 0.912082
625.524 375.864 0.095541 0.0587655 0.844935
485.906 357.557 0.0611164 0.121954 0.740733
652.765 139.159 -0.081749 0.0309185 0.819531
495.357 17.3635 -0.366381 0.308089 1.15213
720.113 594.929 0.234884 -0.0160925 0.777733
808.546 66.8821 -0.274676 -0.147439 1.11202
497.991 378.356 0.119725 0.208679 0.93679
924.386 455.806 0.117983 -0.134089 0.731336
496.452 34.2762 -0.278032 0.251084 1.05238
720.42 579.281 0.259282 -0.0174515 0.829062
906 46.1435 -0.275286 -0.260608 1.06958
504.554 348.945 0.049039 0.0941563 0.696482
955.529 195.89 -0.064538 -0.261135 0.951236
530.48 342.22 0.0553584 0.103 0.762246
554.544 139.337 -0.0800672 0.09909 0.813238
728.598 113.653 -0.0972318 -0.0230602 0.813111
667.554 305.056 0.0396138 0.0255007 0.859552
864.625 309.417 0.0389723 -0.119293 0.803551
783.76 407.165 0.127934 -0.0728752 0.864418
673.274 414.06 0.131457 0.0216747 0.857857
675.961 320.144 0.0422836 0.0120117 0.766961
645.85 76.6847 -0.134569 0.0385609 0.846063
556.08 283.786 0.0184439 0.0812531 0.746858
936.149 286.492 0.0269395 -0.233903 0.929269
702.821 182.531 -0.0651019 -0.00366703 0.890941
665.338 569.862 0.270597 0.0301378 0.856763
575.732 46.8648 -0.122264 0.0706095 0.766514
906.047 431.456 0.140297 -0.167429 0.838389
624.534 67.0407 -0.166736 0.0651379 0.904318
551.427 205.672 -0.0225921 0.0709249 0.705793
543.955 343.293 0.0737078 0.135156 0.875653
605.198 359.667 0.0960788 0.0920797 0.914258
691.226 179.584 -0.0927656 0.0115965 0.999756
496.841 459.679 0.110763 0.105176 0.708749
635.778 290.179 0.0300261 0.0651511 0.936476
891.593 419.899 0.148464 -0.177452 0.88989
947.591 87.9809 -0.123805 -0.18846 0.839363
954.822 164.862 -0.0337837 -0.109633 0.647622
663.96 166.224 -0.0842041 0.0324367 0.912568
553.816 456.205 0.100379 0.0677289 0.684567
905.129 485.006 0.197643 -0.180009 0.863224
714.869 324.44 0.077634 -0.0152496 1.04466
584.62 164.548 -0.0945223 0.115347 0.946402
627.461 368.523 0.0960654 0.0628121 0.874888
900.417 122.717 -0.15361 -0.223163 0.998301
840.844 25.6236 -0.172903 -0.10988 0.849685
496.97 57.8295 -0.0801203 0.0804777 0.661155
681.403 145.633 -0.0859466 0.0124561 0.853407
644.255 508.034 0.169154 0.0349121 0.772829
644.952 407.581 0.14532 0.0553633 0.919201
620.125 370 0.0861364 0.0587723 0.823794
720.701 535.745 0.298393 -0.0203759 0.945134
766.843 1.17353 -0.176991 -0.0504609 0.824583
943.992 235.096 -0.0310188 -0.283087 1.00442
566.127 275.988 0.0148262 0.0892432 0.796761
682.695 296.325 0.0248412 0.0056632 0.727631
641.21 334.919 0.101999 0.0965006 1.11755
667.395 432.178 0.114349 0.018088 0.764878
671.761 372.776 0.0864765 0.0188422 0.815031
542.039 426.655 0.134017 0.124139 0.835424
937.562 99.0307 -0.12679 -0.195913 0.869827
649.198 353.104 0.100833 0.0585933 0.972109
664.537 430.815 0.108941 0.0186837 0.75127
517.185 215.054 -0.0250429 0.116467 0.784657
913.334 189.673 -0.0788633 -0.236345 0.988636
614.487 519.533 0.190815 0.0603414 0.798223
685.906 299.571 0.0295269 0.00577082 0.77059
548.115 465.248 0.148835 0.106279 0.796021
612.862 527.941 0.187494 0.0579784 0.780925
493.652 357.12 0.0574608 0.109505 0.721284
506.766 10.3437 -0.222171 0.173257 0.919786
700.953 14.9584 -0.105142 -0.00556971 0.681946
955.763 82.1877 -0.119978 -0.183773 0.818111
665.203 124.156 -0.0800181 0.0182009 0.776254
781.111 255.299 -0.0363066 -0.156752 1.30872
505.674 333.924 0.0437238 0.0996551 0.713932
716.514 41.2467 -0.450768 -0.0213173 1.31285
488.913 192.178 -0.0293375 0.102261 0.705665
935.695 262.282 0.00150109 -0.258754 0.976452
599.894 190.11 -0.0871375 0.122883 1.02495
782.721 392.872 0.142329 -0.0883961 0.957618
578.884 281.214 0.0196326 0.0952426 0.849422
822.647 359.086 0.106561 -0.132883 0.963976
828.689 543.638 0.389314 -0.175452 1.05006
721.822 266.453 -0.072336 -0.0461182 1.79902
646.968 58.0145 -0.182614 0.0476883 0.921901
929.034 236.678 -0.0452924 -0.343125 1.13142
734.719 274.333 -0.0462672 -0.105315 1.85044
812.811 145.473 -0.110613 -0.11097 0.939812
819.543 319.443 0.0710637 -0.150616 1.04036
821.782 177.646 -0.129684 -0.174184 1.12425
720.067 359.202 0.101101 -0.0197001 0.939054
890.715 455.966 0.36554 -0.367453 1.23567
921.297 442.336 0.243295 -0.300779 1.0543
797.042 465.716 0.738327 -0.350529 1.69482
929.733 446.999 0.126844 -0.154227 0.770047
480.062 94.1265 -0.331823 0.425954 1.27783
617.304 489.798 0.194419 0.0690396 0.851006
606.349 414.863 0.134525 0.0801573 0.865811
578.707 285.763 0.0266833 0.146054 1.00608
524.974 431.605 0.122105 0.119406 0.790107
578.357 437.683 0.12037 0.0775543 0.772436
