660.255 587.614 0.264006 0.0301722 0.829616
795.964 459.721 0.21001 -0.102081 0.945123
876.587 44.2655 -0.119847 -0.107967 0.757227
952.36 87.0044 -0.118853 -0.184613 0.823543
512.009 299.717 0.0265489 0.101104 0.733423
801.244 489.122 0.495196 -0.219398 1.32038
785.719 399.154 0.134524 -0.0842903 0.914813
886.685 212.345 -0.0364182 -0.156477 0.865638
822.842 175.936 -0.127046 -0.170199 1.10355
798.788 463.433 0.202219 -0.0994745 0.920276
718.759 360.529 0.101001 -0.0194161 0.938496
874.042 583.922 0.257378 -0.140043 0.823059
861.422 318.159 0.0467225 -0.1246 0.82526
489.75 43.1086 -0.11892 0.115526 0.753514
518.854 124.713 -0.0846048 0.115106 0.794298
661.142 581.487 0.266829 0.0306911 0.840716
648.262 497.13 0.185585 0.0379155 0.824749
631.283 567.193 0.285517 0.0638946 0.884845
524.026 331.503 0.0486282 0.106821 0.766736
895.988 59.8454 -0.209875 -0.207099 0.978247
921.181 89.2026 -0.123261 -0.169273 0.83966
794.79 57.6632 -0.0991516 -0.0545997 0.720706
649.772 20.2546 -0.061716 0.00726791 0.558564
704.691 131.415 -0.109775 -0.00648879 0.89534
865.216 3.40017 -0.0769301 -0.0590416 0.592868
698.432 41.5544 -0.106447 -0.00463447 0.718903
921.269 130.183 -0.168804 -0.279137 1.05581
719.872 569.622 0.27067 -0.0186092 0.860324
719.151 361.7 0.0956205 -0.0191433 0.906576
930.65 449.502 0.233456 -0.290738 1.01801
921.064 443.981 0.131072 -0.157354 0.790077
499.452 133.981 -0.0970527 0.156215 0.860333
561.179 25.2701 -0.114257 0.0655023 0.718574
607.184 505.2 0.182936 0.0660092 0.80743
487.972 268.337 0.00873129 0.100993 0.700773
578.486 436.575 0.121895 0.0786382 0.782246
725.127 321.204 0.0790366 -0.0324231 1.1117
730.026 104.881 -0.0924249 -0.0234329 0.779148
893.855 17.5522 -0.112313 -0.100378 0.704348
928.421 189.679 -0.0351033 -0.136005 0.744114
805.813 475.085 0.186278 -0.09318 0.862891
849.085 581.814 0.354111 -0.165182 0.949454
487.53 124.965 -0.0947636 0.15146 0.830204
519.695 125.961 -0.0854112 0.116703 0.800064
595.124 524.755 0.165251 0.0605289 0.746645
641.775 511.199 0.169894 0.0354375 0.772985
610.927 623.175 0.237815 0.0545506 0.757874
512.939 442.843 0.118264 0.114168 0.76036
590.986 425.094 0.131746 0.0838069 0.835954
720.072 547.813 0.286036 -0.0200006 0.912462
714.058 319.833 0.067375 -0.0153039 1.01819
799.473 38.4301 -0.0859773 -0.0471462 0.657042
814.07 61.0341 -0.115475 -0.0742338 0.770544
826.986 171.415 -0.122057 -0.164356 1.06766
494.228 364.021 0.0617338 0.109827 0.726514
880.298 42.5738 -0.118247 -0.10811 0.750852
797.082 455.575 0.206612 -0.10378 0.947685
783.108 409.499 0.129029 -0.0731846 0.865576
720.387 366.459 0.0857773 -0.0186676 0.838449
645.494 118.128 -0.0764553 0.0264978 0.750135
640.534 540.821 0.306744 0.0676264 0.953634
488.306 267.056 0.00810144 0.101051 0.701428
587.144 429.995 0.128338 0.0811636 0.814728
953.45 465.297 0.215951 -0.270138 0.942581
713.466 319.762 0.0596189 -0.0141194 0.943097
748.037 310.203 0.120926 -0.213965 2.09742
902.308 170.999 -0.0282391 -0.0815687 0.625344
683.403 182.545 -0.0784873 0.0158748 0.950155
720.631 304.026 -0.039982 -0.124623 4.57898
735.554 338.903 0.0247516 -0.0159493 0.550599
732.872 318.242 0.0811337 -0.0482303 1.17835
720.004 542.744 0.286728 -0.0201377 0.92125
719.103 376.787 0.0673829 -0.0150491 0.716866
838.052 467.251 0.164489 -0.111021 0.829598
583.569 540.482 0.144904 0.0540165 0.689322
668.269 447.483 0.226698 0.0424705 1.01339
806.28 18.9536 -0.480179 -0.194802 1.29674
492.962 130.587 -0.0929796 0.151034 0.837755
510.747 72.657 -0.0793665 0.0799086 0.681102
703.3 111.122 -0.12287 -0.00549291 0.884591
487.598 265.472 0.00730069 0.100645 0.699526
670.123 417.911 0.126217 0.0211743 0.835902
543.497 350.171 0.0781579 0.132777 0.872679
562.288 448.785 0.108388 0.0720016 0.721266
887.844 477.266 0.220749 -0.193095 0.927073
776.61 330.959 0.0551713 -0.0596179 0.81731
767.472 149.763 -0.122305 -0.074164 0.988474
782.573 326.77 0.0755438 -0.0984436 1.0131
799.599 456.701 0.199209 -0.102163 0.929
829.84 540.38 0.376731 -0.175334 1.04499
652.722 611.379 0.235282 0.0281965 0.765304
523.671 24.2871 -0.17713 0.132051 0.856418
510.618 71.5895 -0.0788986 0.0789713 0.677981
828.367 475.001 0.0796942 -0.0511132 0.601537
670.424 364.539 0.0858233 0.0214227 0.846986
777.844 297.176 0.0448146 -0.11843 1.14993
930.679 520.494 0.182828 -0.162917 0.782843
869.31 167.016 -0.153677 -0.255187 1.14658
850.894 481.913 0.154498 -0.106583 0.781995
805.423 436.374 0.0975682 -0.0605912 0.707583
810.82 18.3875 -0.2133 -0.101822 0.914994
777.706 94.8204 -0.0988964 -0.0535711 0.780379
788.01 237.025 -0.0372868 -0.113655 1.06311
643.548 368.444 0.123019 0.068729 0.99984
616.728 487.828 0.183268 0.0646102 0.835735
833.376 384.416 0.215874 -0.247747 1.23628
930.613 523.451 0.184004 -0.162116 0.78108
739.12 263.975 -0.0391427 -0.0860704 1.47919
654.271 136.397 -0.0798835 0.0271654 0.804969
578.846 635.7 0.327646 0.1053 0.85537
773.458 376.396 0.539736 -0.386763 2.12295
765.653 83.1889 -0.208614 -0.0763137 1.02407
714.559 247.82 -0.246507 -0.01667 2.13664
513.223 441.338 0.118382 0.115192 0.763496
731.184 139.324 -0.0991802 -0.0289888 0.882077
810.167 55.9111 -0.100179 -0.0626607 0.721151
898.997 436.419 0.13997 -0.158372 0.829993
717.38 101.456 -0.30865 -0.0236581 1.25649
651.203 491.505 0.192801 0.0387638 0.848278
768.001 41.6282 -0.147923 -0.0517741 0.81997
895.785 481.177 0.208128 -0.18603 0.894611
876.822 365.398 0.137879 -0.244239 1.0741
584.649 432.518 0.127699 0.0810715 0.80738
528.299 79.7452 -0.0825958 0.0783566 0.702575
592.964 428.077 0.123088 0.073938 0.803427
623.894 371.436 0.094791 0.0621303 0.86288
589.297 541.24 0.157375 0.0563262 0.712559
483.947 45.6042 -0.0766973 0.0763282 0.636516
698.662 41.5301 -0.107408 -0.00472021 0.721436
594.873 365.735 0.0829869 0.0777852 0.829424
675.487 157.22 -0.074937 0.0154084 0.843206
494.039 146.591 -0.0545705 0.103148 0.721253
516.842 121.257 -0.085378 0.114486 0.789281
680.531 324.799 0.0526985 0.0123828 0.837701
570.426 306.29 0.0681786 0.29908 1.32735
874.568 504.857 0.14076 -0.102105 0.719406
841.157 569.167 0.350172 -0.160918 0.963361
952.279 302.645 0.0401667 -0.234258 0.900635
627.302 428.351 0.121491 0.0482502 0.797705
682.74 323.902 0.0552672 0.0124228 0.867031
770.79 317.494 0.0418916 -0.0508226 0.783173
622.082 379.973 0.0951614 0.0580395 0.833799
651.263 143.772 -0.0810412 0.0320228 0.82869
527.397 62.2287 -0.412598 0.350372 1.31104
718.84 576.962 0.251436 -0.016974 0.824215
812.879 53.3512 -0.260899 -0.139695 1.05801
925.037 460.221 0.118413 -0.133071 0.727887
718.926 580.958 0.262197 -0.0172466 0.834495
946.888 201.637 -0.0643246 -0.267628 0.975999
500.569 351.362 0.0495439 0.0939061 0.694224
550.112 139.463 -0.0781601 0.0984995 0.805969
726.852 115.276 -0.0957494 -0.0226385 0.811603
781.305 407.929 0.131502 -0.0737012 0.877944
672.067 415.589 0.133665 0.0221377 0.864779
673.608 322.963 0.0433085 0.0123921 0.764609
638.852 62.3434 -0.12743 0.0366738 0.803512
549.477 285.982 0.0188489 0.0792906 0.73161
665.023 568.047 0.27647 0.0306901 0.870941
562.409 30.6566 -0.115946 0.0676435 0.72951
896.236 427.996 0.147763 -0.173698 0.870977
609.635 33.2504 -0.150728 0.057842 0.814194
512.08 352.64 0.0644118 0.120541 0.781078
600.872 363.444 0.095317 0.0906602 0.899159
691.465 188.647 -0.0944736 0.0124252 1.04465
486.778 468.557 0.109023 0.10294 0.693684
626.414 290.713 0.0276471 0.0613661 0.877723
882.738 417.121 0.15625 -0.184091 0.92418
937.095 99.0332 -0.125554 -0.193975 0.865543
934.795 176.828 -0.032984 -0.114132 0.681111
617.971 403.951 0.162614 0.0976013 0.989603
713.658 326.759 0.0780456 -0.0148938 1.03607
578.442 161.861 -0.0913787 0.112639 0.92319
622.315 373.41 0.0942613 0.0615219 0.853039
899.827 124.121 -0.151786 -0.221933 0.995214
641.331 514.211 0.168667 0.0348422 0.766494
638.39 417.231 0.138381 0.0527304 0.875053
619.54 372.273 0.088586 0.0594268 0.831511
719.647 542.39 0.295884 -0.0200682 0.934878
942.759 237.21 -0.0297483 -0.282743 1.00514
563.895 278.369 0.0159989 0.0892084 0.796188
682.998 299.303 0.0282752 0.00617681 0.760121
638.343 337.462 0.101192 0.0950639 1.09985
668.74 427.063 0.122181 0.0193121 0.802162
669.224 376.797 0.08623 0.0187753 0.80472
518.542 444.193 0.123057 0.114942 0.771349
930.362 106.936 -0.127582 -0.199677 0.888155
646.568 356.241 0.100477 0.0579985 0.959995
665.215 429.002 0.113962 0.0191796 0.773193
498.161 211.062 -0.0233622 0.110552 0.743008
901.506 198.486 -0.0802823 -0.247599 1.03555
612.054 524.289 0.191348 0.0602619 0.795938
684.416 302.23 0.0316205 0.00640596 0.783128
538.557 475.526 0.144907 0.103195 0.772869
610.42 532.822 0.188066 0.0578901 0.778801
698.64 14.1375 -0.103099 -0.00527869 0.677091
891.129 144.722 -0.14513 -0.233574 1.03912
663.435 126.894 -0.078762 0.0185068 0.777962
781.637 255.665 -0.0347485 -0.153445 1.28425
499.439 337.509 0.0442817 0.098763 0.70658
715.36 35.0032 -0.438413 -0.0204452 1.28004
934.523 264.448 0.00278725 -0.258466 0.97725
595.706 189.481 -0.0846573 0.12101 1.00774
780.871 394.052 0.14551 -0.0893293 0.969343
954.516 268.178 0.00444543 -0.327146 1.04798
957.66 175.291 -0.0607585 -0.200179 0.840436
568.818 282.4 0.0191822 0.0912375 0.81452
822.133 361.654 0.107343 -0.132141 0.961038
828.154 547.022 0.389854 -0.174742 1.04902
721.173 267.163 -0.0705069 -0.0453257 1.78081
641.956 48.5247 -0.175654 0.0462708 0.890556
925.917 239.278 -0.0441041 -0.344721 1.13974
733.935 276.034 -0.0451853 -0.106014 1.86833
814.695 142.111 -0.106987 -0.107787 0.916066
817.05 321.373 0.0735022 -0.152273 1.05393
814.536 187.473 -0.133746 -0.182418 1.18138
718.691 362.2 0.101333 -0.0192115 0.931812
882.507 451.42 0.382277 -0.382143 1.28562
916.39 441.699 0.249265 -0.306082 1.07382
792.728 459.651 0.776205 -0.367447 1.777
918.57 443.02 0.133621 -0.159546 0.798871
615.762 492.844 0.195869 0.0691539 0.852367
600.574 421.408 0.131944 0.0785047 0.845411
561.619 285.631 0.0242025 0.134832 0.928853
511.237 442.253 0.117631 0.114941 0.759653
578.658 438.438 0.123593 0.0788768 0.783409
