658.713 591.752 0.26408 0.0297448 0.829202
794.652 462.866 0.210085 -0.102508 0.944709
873.419 49.6694 -0.119772 -0.108395 0.756813
949.274 91.6505 -0.118779 -0.18504 0.823129
509.935 304.609 0.0266232 0.100676 0.733009
800.664 491.359 0.495271 -0.219826 1.31996
784.201 402.43 0.134598 -0.0847177 0.914399
824.687 4.20341 -0.241306 -0.121787 0.934725
884.362 216.172 -0.0363439 -0.156904 0.865224
821.164 179.004 -0.126971 -0.170626 1.10314
797.412 466.681 0.202294 -0.0999019 0.919861
717.294 363.808 0.101075 -0.0198435 0.938082
872.597 587.688 0.257453 -0.14047 0.822645
859.296 321.933 0.0467969 -0.125027 0.824846
487.836 48.7576 -0.118846 0.115098 0.7531
517.055 129.638 -0.0845305 0.114679 0.793884
659.632 585.553 0.266904 0.0302636 0.840302
646.614 501.123 0.185659 0.0374881 0.824335
629.85 571.08 0.285592 0.0634672 0.884431
522.096 336.057 0.0487026 0.106394 0.766321
893.485 63.9602 -0.209801 -0.207526 0.977833
918.291 93.7575 -0.123186 -0.169701 0.839246
791.771 63.3443 -0.0990773 -0.0550271 0.720292
645.703 28.4812 -0.0616417 0.00684046 0.55815
702.827 135.572 -0.109701 -0.00691624 0.894926
860.733 10.9437 -0.0768558 -0.059469 0.592454
695.716 47.3998 -0.106372 -0.00506192 0.718489
919.013 133.58 -0.168729 -0.279564 1.0554
718.473 573.457 0.270744 -0.0190367 0.85991
717.601 365.126 0.0956948 -0.0195708 0.906162
929.407 452.157 0.23353 -0.291165 1.0176
919.027 447.747 0.131146 -0.157782 0.789663
497.932 138.452 -0.0969783 0.155788 0.859919
558.877 31.2863 -0.114183 0.0650749 0.71816
605.457 509.369 0.183011 0.0655817 0.807016
485.749 273.629 0.00880562 0.100566 0.700359
576.624 440.889 0.121969 0.0782107 0.781832
723.953 323.888 0.0791109 -0.0328505 1.11128
902.79 3.11224 -0.0974628 -0.0876543 0.643584
727.615 109.867 -0.0923506 -0.0238604 0.778734
890.25 23.5715 -0.112238 -0.100806 0.703934
925.381 194.4 -0.035029 -0.136432 0.7437
804.273 478.601 0.186352 -0.0936074 0.862477
848.09 585.098 0.354186 -0.165609 0.94904
485.929 129.665 -0.0946892 0.151033 0.82979
517.918 130.838 -0.0853369 0.116276 0.79965
593.157 529.364 0.165326 0.0601015 0.746231
639.935 515.534 0.169969 0.03501 0.772571
609.079 627.891 0.237889 0.0541231 0.75746
510.976 447.408 0.118338 0.113741 0.759946
589.313 429.051 0.13182 0.0833795 0.83554
718.801 551.373 0.28611 -0.020428 0.912048
712.725 322.841 0.0674493 -0.0157314 1.01778
795.956 44.8915 -0.085903 -0.0475737 0.656628
811.253 66.2705 -0.115401 -0.0746612 0.77013
825.225 174.611 -0.121982 -0.164783 1.06725
492.125 368.906 0.0618082 0.109399 0.726099
877.078 48.0364 -0.118173 -0.108538 0.750438
795.767 458.704 0.206686 -0.104207 0.947271
781.456 413.021 0.129103 -0.0736121 0.865162
718.623 370.246 0.0858516 -0.019095 0.838035
643.197 123.337 -0.0763809 0.0260704 0.749721
639.26 544.357 0.306818 0.067199 0.95322
486.086 272.344 0.00817577 0.100624 0.701014
585.401 434.085 0.128412 0.0807361 0.814314
952.033 468.207 0.216025 -0.270566 0.942167
711.962 323.075 0.0596933 -0.0145469 0.942683
747.511 311.474 0.121001 -0.214393 2.09701
898.432 177.128 -0.0281648 -0.0819962 0.62493
681.804 186.233 -0.0784129 0.0154473 0.94974
720.417 304.606 -0.0399077 -0.12505 4.57857
731.566 345.905 0.0248259 -0.0163767 0.550184
731.784 320.737 0.0812081 -0.0486577 1.17793
718.75 546.257 0.286802 -0.0205651 0.920835
716.787 381.46 0.0674573 -0.0154765 0.716452
836.347 470.893 0.164564 -0.111448 0.829184
581.308 545.589 0.144978 0.0535891 0.688908
667.076 450.563 0.226772 0.0420431 1.01297
804.515 22.6858 -0.480105 -0.195229 1.29633
491.377 135.213 -0.0929053 0.150606 0.837341
508.352 78.8428 -0.0792922 0.0794812 0.680688
701.382 115.435 -0.122796 -0.00592036 0.884177
485.368 270.783 0.00737501 0.100218 0.699112
668.443 421.755 0.126291 0.0207469 0.835488
541.92 354 0.0782323 0.13235 0.872264
560.158 453.59 0.108463 0.0715742 0.720852
886.48 480.355 0.220824 -0.193523 0.926659
774.634 334.858 0.0552456 -0.0600454 0.816895
765.697 153.378 -0.122231 -0.0745915 0.98806
781.158 329.707 0.0756181 -0.098871 1.01269
798.234 459.905 0.199283 -0.102591 0.928586
828.969 543.286 0.376806 -0.175762 1.04457
650.945 615.94 0.235357 0.027769 0.76489
522.115 29.3207 -0.177056 0.131624 0.856004
508.201 77.8157 -0.0788243 0.0785439 0.677567
825.123 480.751 0.0797686 -0.0515407 0.601123
668.728 368.341 0.0858976 0.0209953 0.846572
776.619 299.733 0.044889 -0.118858 1.14952
928.828 524.304 0.182902 -0.163345 0.782429
867.507 169.982 -0.153603 -0.255614 1.14617
849 485.835 0.154573 -0.10701 0.781581
803.049 440.959 0.0976425 -0.0610187 0.707169
808.444 23.0667 -0.213225 -0.102249 0.91458
775.13 99.8182 -0.0988221 -0.0539986 0.779965
786.5 239.997 -0.0372125 -0.114082 1.06269
642.264 371.566 0.123093 0.0683015 0.999426
615.092 491.798 0.183342 0.0641828 0.835321
832.409 386.596 0.215949 -0.248175 1.23587
928.761 527.275 0.184078 -0.162543 0.780666
738.237 265.981 -0.0390683 -0.0864978 1.47878
652.223 141.101 -0.0798091 0.026738 0.804555
773.075 377.613 0.539811 -0.387191 2.12253
763.838 87.0442 -0.20854 -0.0767412 1.02365
713.998 249.261 -0.246433 -0.0170974 2.13622
511.272 445.88 0.118456 0.114764 0.763082
729.216 143.495 -0.0991059 -0.0294163 0.881662
807.09 61.5889 -0.100105 -0.0630881 0.720737
897.15 439.968 0.140044 -0.158799 0.829579
716.116 104.629 -0.308576 -0.0240855 1.25607
649.63 495.359 0.192876 0.0383363 0.847864
765.533 46.6664 -0.147849 -0.0522016 0.819556
894.32 484.4 0.208203 -0.186458 0.894197
875.489 367.96 0.137953 -0.244667 1.07369
582.881 436.658 0.127773 0.0806441 0.806966
526.003 85.6555 -0.0825215 0.0779292 0.702161
591.181 432.229 0.123163 0.0735106 0.803013
622.278 375.203 0.0948653 0.0617028 0.862466
587.169 546.14 0.157449 0.0558987 0.712144
481.27 52.4951 -0.076623 0.0759008 0.636102
695.96 47.3522 -0.107333 -0.00514766 0.721022
593.156 369.737 0.0830612 0.0773578 0.82901
673.555 161.571 -0.0748627 0.0149809 0.842792
491.932 152.051 -0.0544961 0.10272 0.720839
515.026 126.235 -0.0853036 0.114059 0.788867
678.752 328.692 0.0527729 0.0119553 0.837287
617.447 5.45349 -0.156007 0.0447658 0.781538
569.553 308.647 0.0682529 0.298652 1.32694
872.353 509.219 0.140834 -0.102532 0.718992
840.164 572.381 0.350246 -0.161345 0.962946
950.16 305.927 0.040241 -0.234686 0.900221
625.497 432.491 0.121565 0.0478228 0.797291
681.057 327.624 0.0553415 0.0119954 0.866617
768.652 321.66 0.0419659 -0.0512501 0.782759
620.378 383.905 0.0952357 0.057612 0.833385
649.323 148.288 -0.0809669 0.0315953 0.828276
526.769 65.603 -0.412524 0.349944 1.31062
717.323 580.99 0.25151 -0.0174014 0.823801
810.876 57.2827 -0.260825 -0.140122 1.05759
922.692 464.441 0.118487 -0.133499 0.727473
717.453 584.945 0.262271 -0.0176741 0.834081
944.63 204.933 -0.0642503 -0.268056 0.975585
498.295 356.558 0.0496183 0.0934787 0.69381
548.301 144.221 -0.0780858 0.0980721 0.805555
724.608 119.984 -0.095675 -0.0230659 0.811189
779.693 411.389 0.131576 -0.0741287 0.87753
670.479 419.27 0.133739 0.0217103 0.864365
671.534 327.371 0.0433828 0.0119647 0.764195
636.775 67.4335 -0.127356 0.0362463 0.803098
547.358 290.876 0.0189232 0.0788632 0.731196
663.598 571.933 0.276544 0.0302626 0.870527
560.17 36.5414 -0.115871 0.0672161 0.729096
894.528 431.323 0.147837 -0.174125 0.870563
607.67 38.4491 -0.150653 0.0574146 0.81378
510.209 357.077 0.0644861 0.120113 0.780664
599.361 367.056 0.0953913 0.0902328 0.898745
690.062 191.936 -0.0943993 0.0119977 1.04423
484.497 473.722 0.109097 0.102513 0.69327
624.793 294.496 0.0277214 0.0609386 0.877309
881.191 420.212 0.156325 -0.184518 0.923766
934.252 103.377 -0.125479 -0.194403 0.865129
931.298 182.207 -0.0329097 -0.114559 0.680697
616.682 407.15 0.162688 0.0971739 0.989189
712.37 329.693 0.0781199 -0.0153212 1.03566
576.969 165.832 -0.0913043 0.112212 0.922776
620.67 377.233 0.0943356 0.0610945 0.852625
897.535 127.768 -0.151711 -0.222361 0.9948
639.465 518.594 0.168741 0.0344148 0.76608
636.838 420.907 0.138455 0.0523029 0.874639
617.825 376.226 0.0886603 0.0589994 0.831097
718.428 545.853 0.295958 -0.0204957 0.934464
940.702 240.25 -0.0296739 -0.28317 1.00473
562.05 282.75 0.0160732 0.0887809 0.795774
680.862 303.782 0.0283495 0.00574936 0.759707
637.217 340.268 0.101266 0.0946365 1.09944
666.943 431.116 0.122255 0.0188846 0.801748
667.385 380.852 0.0863044 0.0183478 0.804306
516.624 448.672 0.123131 0.114514 0.770934
927.638 111.121 -0.127508 -0.200104 0.887741
645.192 359.522 0.100551 0.057571 0.959581
663.299 433.255 0.114036 0.0187521 0.772779
496.155 216.098 -0.0232878 0.110124 0.742594
899.515 201.609 -0.080208 -0.248027 1.03513
610.298 528.548 0.191422 0.0598345 0.795523
682.389 306.525 0.0316948 0.00597851 0.782714
536.653 479.986 0.144982 0.102768 0.772455
608.603 537.202 0.18814 0.0574627 0.778387
577.308 64.5911 -0.120361 0.0705012 0.78052
849.756 405.501 0.103223 -0.111122 0.797953
548.721 333.449 0.0567746 0.115255 0.843056
939.309 80.8761 -0.104395 -0.150501 0.763169
614.617 355.48 0.0857419 0.07722 0.904751
607.976 630.556 0.228874 0.0518148 0.743018
552.532 125.444 -0.0875195 0.0915772 0.795092
712.196 602.17 0.14377 -0.0118441 0.636178
540.18 271.375 0.0080248 0.0799882 0.72292
493.617 3.93467 -0.213939 0.167346 0.888976
695.608 20.5667 -0.103025 -0.00570614 0.676677
889.015 148.107 -0.145056 -0.234001 1.03871
661.236 131.828 -0.0786877 0.0180794 0.777548
780.486 258.002 -0.0346742 -0.153872 1.28383
497.235 342.602 0.044356 0.0983356 0.706166
714.045 38.6202 -0.438338 -0.0208727 1.27963
932.526 267.51 0.00286158 -0.258893 0.976836
594.409 192.972 -0.084583 0.120583 1.00733
779.493 397.1 0.145584 -0.0897568 0.968929
952.617 270.944 0.00451976 -0.327574 1.04756
954.898 179.364 -0.0606842 -0.200607 0.840022
567.039 286.642 0.0192566 0.09081 0.814106
820.619 364.704 0.107417 -0.132568 0.960623
827.308 549.941 0.389928 -0.175169 1.0486
720.497 268.812 -0.0704326 -0.0457531 1.78039
640.179 53.1851 -0.175579 0.0458434 0.890142
924.146 241.892 -0.0440298 -0.345149 1.13933
733.289 277.567 -0.0451109 -0.106441 1.86792
812.577 146.044 -0.106913 -0.108215 0.915652
815.654 324.133 0.0735765 -0.152701 1.05351
813.022 190.284 -0.133672 -0.182845 1.18097
717.211 365.508 0.101407 -0.019639 0.931398
881.786 453.476 0.382351 -0.382571 1.28521
915.259 444.192 0.24934 -0.306509 1.07341
792.432 461.306 0.77628 -0.367875 1.77658
916.577 446.731 0.133696 -0.159974 0.798457
614.181 496.736 0.195943 0.0687264 0.851953
598.931 425.297 0.132018 0.0780773 0.844997
560.187 289.233 0.0242768 0.134404 0.928439
509.27 446.826 0.117705 0.114514 0.759239
576.802 442.745 0.123668 0.0784493 0.782995
