655.284 602.917 0.257099 0.028537 0.809187
789.72 457.421 0.218869 -0.107303 0.981279
878.293 44.0638 -0.117185 -0.105538 0.731285
929.798 112.26 -0.125274 -0.196689 0.870892
798.035 488.989 0.504129 -0.224258 1.34271
780.149 400.906 0.139245 -0.0880874 0.943517
883.697 219.336 -0.0368616 -0.156668 0.85911
824.178 176.387 -0.124076 -0.165271 1.0655
911.203 12.1624 -0.231248 -0.199766 0.919745
793.074 462.213 0.20933 -0.104243 0.949636
716.189 366.662 0.0998942 -0.0203015 0.932058
874.676 597.641 0.251491 -0.13855 0.805492
857.265 325.352 0.0462836 -0.125811 0.824213
505.574 124.439 -0.0825344 0.109384 0.761153
656.082 598.666 0.258246 0.0286442 0.815384
643.697 508.008 0.181756 0.0362972 0.80961
619.297 600.534 0.263046 0.0582863 0.820051
890.059 70.7203 -0.212074 -0.209888 0.984738
910.8 104.293 -0.125879 -0.173856 0.855324
792.567 60.4607 -0.0975763 -0.0541615 0.699978
638.31 20.8589 -0.0605362 0.00595843 0.534596
701.059 128.605 -0.106151 -0.00736466 0.852042
864.438 5.77375 -0.0756193 -0.0581764 0.572325
693.428 42.6682 -0.104349 -0.00556559 0.695765
912.944 140.929 -0.172038 -0.285141 1.07321
953.406 182.449 -0.0625712 -0.202858 0.840581
717.058 551.657 0.29343 -0.0208346 0.924378
716.563 366.847 0.0964918 -0.02041 0.915273
925.499 452.73 0.235174 -0.294375 1.0252
907.766 444.425 0.135819 -0.163687 0.815119
551.539 26.7166 -0.112167 0.0628986 0.6972
611.849 498.963 0.192724 0.0680541 0.845531
581.679 437.699 0.126213 0.080403 0.806225
724.143 329.777 0.0624966 -0.0284558 0.934002
727.338 100.962 -0.0893481 -0.0235639 0.738433
887.702 30.4988 -0.112872 -0.10158 0.702938
925.98 197.719 -0.0354398 -0.135426 0.733754
800.838 477.389 0.189249 -0.0957568 0.875346
844.22 581.738 0.359368 -0.168957 0.962215
503.217 123.347 -0.0827263 0.110155 0.759511
591.836 532.285 0.164731 0.0594572 0.744525
635.436 527.64 0.163586 0.0330671 0.747714
605.505 637.301 0.233425 0.0525068 0.744622
499.061 458.177 0.112724 0.109035 0.731059
582.264 438.064 0.125812 0.0794551 0.804305
717.276 556.324 0.282822 -0.0206768 0.902527
711.712 325.053 0.0674972 -0.016118 1.02335
796.125 43.7442 -0.0849986 -0.0471077 0.640638
805.22 81.5883 -0.119035 -0.0773592 0.793421
825.654 175.755 -0.121526 -0.163654 1.0542
484.476 374.895 0.059387 0.105999 0.708157
876.318 52.4749 -0.118425 -0.109074 0.746057
797.064 466.715 0.199597 -0.101705 0.918978
780.571 416.223 0.128029 -0.0742772 0.860853
717.654 367.117 0.0934382 -0.0211778 0.899626
639.577 120.765 -0.0752137 0.0242674 0.72551
638.608 545.269 0.307331 0.0667628 0.954848
584.873 436.689 0.128006 0.0800041 0.81346
942.068 464.771 0.222443 -0.279465 0.968306
817.719 2.14911 -0.202241 -0.0985063 0.855944
711.195 325.554 0.0595658 -0.0153569 0.946631
739.428 313.773 0.169556 -0.29769 2.88033
890.367 185.954 -0.0287293 -0.083002 0.631
676.559 174.459 -0.0738972 0.0131334 0.864966
720.291 305.22 -0.0406596 -0.125771 4.64793
728.626 354.063 0.0237537 -0.016814 0.542099
732.355 324.367 0.0693611 -0.043363 1.0476
717.744 539.597 0.295314 -0.0219699 0.946295
841.165 483.354 0.156403 -0.107619 0.794162
576.133 555.729 0.141325 0.0518821 0.674577
643 512.817 0.168082 0.0320472 0.775915
801.739 33.2361 -0.490739 -0.199921 1.32267
701.075 119.32 -0.123321 -0.00693079 0.882172
663.006 434.698 0.117042 0.0187465 0.785155
959.678 177.865 -0.0640523 -0.202403 0.830894
511.59 365.485 0.0667696 0.116898 0.775497
561.539 454.646 0.109298 0.0716249 0.72682
883.938 481.77 0.221229 -0.195004 0.929065
773.803 338.496 0.0541706 -0.0604443 0.810076
765.04 157.4 -0.12292 -0.0758392 0.989176
777.484 331.192 0.0783054 -0.10268 1.0456
792.581 453.591 0.208863 -0.107998 0.96976
823.297 535.664 0.389672 -0.182281 1.07837
647.321 629.748 0.228292 0.0261365 0.744181
517.395 27.2106 -0.174755 0.128672 0.839082
949.191 182.433 -0.066957 -0.210982 0.862405
528.781 104.487 -0.08357 0.0834893 0.725195
790.52 427.038 0.109391 -0.0676988 0.776822
739.938 54.5816 -0.132023 -0.0333656 0.783657
659.517 381.699 0.0744394 0.0182043 0.759676
769.711 303.004 0.0508776 -0.131517 1.26347
918.659 518.767 0.188264 -0.168799 0.803576
879.894 159.482 -0.144728 -0.237115 1.06295
871.942 522.843 0.134052 -0.0966115 0.69232
802.017 444.999 0.09687 -0.0620939 0.704528
775.042 99.1797 -0.0977773 -0.0534101 0.762568
785.55 242.61 -0.0378341 -0.114679 1.06123
641.092 374.126 0.121802 0.0673198 0.992926
901.595 20.0409 -0.111687 -0.10333 0.687625
611.349 499.325 0.178766 0.0621563 0.817497
859.935 408.027 0.17486 -0.206169 1.02448
924.118 527.562 0.185273 -0.164735 0.785948
729.95 289.276 -0.0524382 -0.144825 2.4698
650.811 146.341 -0.0805765 0.0269356 0.806172
771.749 377.317 0.548522 -0.394529 2.15731
763.8 86.6447 -0.2065 -0.0762041 1.00774
713.715 247.693 -0.23946 -0.017641 2.063
499.515 456.772 0.112711 0.109657 0.733331
727.371 140.577 -0.0971518 -0.0281137 0.85236
808.2 60.593 -0.0989086 -0.0625649 0.70404
898.714 445.66 0.13712 -0.157251 0.816111
715.651 85.3602 -0.286462 -0.0232304 1.15484
644.725 507.563 0.184454 0.0363679 0.815485
763.856 55.1384 -0.149739 -0.0534507 0.826354
915.655 510.922 0.186822 -0.170413 0.812365
876.191 370.923 0.135708 -0.242803 1.06127
583.178 438.416 0.128057 0.0803258 0.809897
516.385 81.3611 -0.0810609 0.0747211 0.678141
594.11 430.981 0.126049 0.0747572 0.82044
617.926 380.42 0.0913473 0.0595645 0.839143
484.846 63.3168 -0.0778067 0.0762517 0.641814
693.012 32.965 -0.103216 -0.00567383 0.680763
589.254 374.272 0.080651 0.0753601 0.812889
671.577 160.969 -0.0741363 0.0137256 0.821239
819.857 13.6898 -0.206125 -0.10565 0.878534
493.115 112.539 -0.0812614 0.105318 0.73209
675.196 333.34 0.0493634 0.0109937 0.80354
499.747 309.342 0.0438275 0.217485 0.97205
872.736 516.752 0.138066 -0.101787 0.707822
835.382 566.875 0.358102 -0.165744 0.983437
617.414 445.361 0.113616 0.0445593 0.754765
681.157 329.766 0.0566653 0.01186 0.886704
763.582 323.873 0.0447844 -0.054372 0.822585
586.847 414.363 0.0731931 0.0462481 0.679492
637.152 127.38 -0.0751491 0.0273063 0.739126
716.083 592.589 0.244354 -0.0179532 0.802577
812.472 53.2746 -0.255471 -0.136942 1.03044
917.972 466.343 0.118876 -0.135036 0.731087
955.33 202.086 -0.0636659 -0.257548 0.933846
481.358 365.267 0.0457145 0.0882871 0.65932
542.319 143.464 -0.0773339 0.0953549 0.785731
774.619 407.367 0.138806 -0.0785222 0.920568
664.811 432.643 0.123302 0.0196203 0.807923
668.273 332.157 0.0409072 0.0109584 0.740766
659.197 589.287 0.263685 0.0282522 0.833428
554.284 33.2152 -0.11408 0.0648836 0.709973
897.667 437.528 0.14378 -0.171509 0.851578
489.076 366.108 0.0583183 0.111423 0.728073
604.175 366.811 0.0990152 0.092783 0.929254
689.375 195.283 -0.0954426 0.0118703 1.04743
613.026 296.601 0.0232685 0.0552958 0.806222
872.449 417.59 0.162225 -0.192033 0.955949
918.416 120.621 -0.131446 -0.204801 0.907868
929.194 186.575 -0.033344 -0.113269 0.672988
624.72 400.746 0.17549 0.103816 1.0596
615.055 383.404 0.0900134 0.0586186 0.823376
637.151 523.991 0.166531 0.0334595 0.757985
629.512 432.149 0.129691 0.0491103 0.827932
616.314 379.66 0.0875148 0.0579468 0.825087
717.27 550.516 0.292633 -0.0210692 0.925021
947.095 240.913 -0.0301321 -0.276622 0.976435
556.9 285.748 0.0147043 0.0858456 0.776388
678.397 307.843 0.0267153 0.00494053 0.741461
662.312 441.35 0.116035 0.0177198 0.768878
502.765 460.696 0.116506 0.109401 0.7372
909.836 129.24 -0.134281 -0.211279 0.93789
631.547 371.38 0.0860859 0.0502155 0.848501
660.876 439.043 0.11145 0.0177853 0.759954
493.791 219.65 -0.0238208 0.108918 0.736555
921.492 191.341 -0.0754659 -0.226884 0.940642
679.363 310.661 0.0291691 0.00492925 0.751654
521.569 496.821 0.135629 0.096578 0.730395
566.997 53.9745 -0.116219 0.0667366 0.74305
843.341 405.031 0.105894 -0.114685 0.817508
524.843 340.746 0.0494434 0.104919 0.768153
952.978 70.1464 -0.100599 -0.143111 0.722589
610.167 359.896 0.0823755 0.0745064 0.879423
607.337 632.132 0.228809 0.0509529 0.743034
526.595 103.452 -0.0815524 0.0818134 0.716161
709.871 610.436 0.14163 -0.0124611 0.628501
532.937 274.768 0.00679239 0.0774479 0.703783
693.378 20.0218 -0.102049 -0.00617677 0.662846
885.423 153.497 -0.147013 -0.23704 1.04809
654.599 121.217 -0.0756602 0.0164163 0.728158
778.762 260.891 -0.0355424 -0.156757 1.3014
483.715 349.359 0.0412958 0.0938418 0.677564
713.869 44.8152 -0.443038 -0.021548 1.29043
933.146 270.069 0.00201765 -0.257216 0.966873
584.088 186.611 -0.081383 0.112703 0.946434
778.504 400.01 0.144153 -0.089748 0.962617
942.294 275.072 0.00466303 -0.338586 1.07889
949.53 185.279 -0.0617508 -0.203499 0.847442
544.888 288.248 0.0150246 0.0819833 0.739141
821.244 368.472 0.104736 -0.130895 0.943632
828.172 556.302 0.383128 -0.173364 1.03156
720.502 266.688 -0.0682433 -0.0445796 1.67456
637.479 50.4701 -0.172891 0.0443172 0.870056
924.32 243.913 -0.044541 -0.343435 1.13057
728.133 293.219 -0.058878 -0.161743 2.83919
812.896 147.03 -0.106351 -0.10733 0.901839
813.834 326.374 0.0734718 -0.153979 1.05749
763.269 7.42352 -0.16873 -0.0498591 0.799881
816.161 187.435 -0.130273 -0.176646 1.1376
715.895 369.792 0.0981207 -0.0196688 0.909464
868.947 444.492 0.409025 -0.409657 1.37074
900.046 436.594 0.265557 -0.326343 1.13848
788.209 454.637 0.814934 -0.387272 1.86295
910.879 447.622 0.135002 -0.16225 0.80641
606.201 511.463 0.185489 0.0650329 0.811926
596.689 429.055 0.13037 0.0770533 0.837505
548.062 290.829 0.0213702 0.126749 0.878342
496.175 458.543 0.111565 0.109177 0.727297
574.9 446.773 0.122293 0.077228 0.77698
