658.341 601.311 0.264392 0.0298626 0.823107
790.555 461.787 0.220487 -0.106198 0.978391
883.752 40.0245 -0.112204 -0.101534 0.708378
917.562 126.825 -0.127141 -0.203012 0.903073
789.834 472.393 0.56307 -0.247256 1.48638
784.697 411.44 0.133463 -0.0829557 0.896457
887.325 221.737 -0.0344351 -0.152446 0.840332
827.083 175.813 -0.118939 -0.159456 1.03295
911.374 14.2229 -0.226714 -0.196415 0.908148
794.681 467.917 0.209587 -0.10267 0.94111
716.423 373.589 0.0983892 -0.0187928 0.903421
842.617 539.181 0.309497 -0.165921 0.968578
879.36 333.958 0.0412283 -0.111416 0.736604
495.638 123.127 -0.0782476 0.106465 0.733505
654.525 618.16 0.251012 0.028594 0.787307
640.058 526.997 0.174489 0.0354005 0.771475
616.994 617.527 0.257451 0.0575247 0.796956
889.23 74.4272 -0.208803 -0.207596 0.977637
896.179 123.332 -0.129416 -0.18238 0.900755
795.617 55.0994 -0.0926586 -0.0512186 0.673547
633.231 10.262 -0.0566154 0.00662672 0.509653
700.26 131.225 -0.102764 -0.00627539 0.838176
691.211 31.2581 -0.0980114 -0.00437251 0.659798
909.909 146.271 -0.170562 -0.28523 1.07676
951.762 187.243 -0.0604322 -0.201648 0.839201
717.999 558.12 0.293948 -0.0196913 0.918739
716.94 375.422 0.0930476 -0.0187091 0.871472
914.122 447.839 0.249766 -0.307468 1.07367
913.46 452.284 0.134904 -0.159776 0.798557
541.903 18.1225 -0.106128 0.0608993 0.666509
608.623 512.35 0.188452 0.0668058 0.819476
568.519 457.646 0.117932 0.0755466 0.748792
725.18 337.444 0.057304 -0.0253372 0.852718
905.591 6.40545 -0.0937081 -0.0846442 0.622702
727.587 104.284 -0.086333 -0.0225714 0.727773
881.713 44.0114 -0.112275 -0.102144 0.713637
925.369 203.206 -0.0334192 -0.13516 0.73376
801.452 481.088 0.191959 -0.0952068 0.876869
848.798 592.857 0.354222 -0.164941 0.943106
500.851 128.14 -0.0799015 0.109879 0.750152
588.95 545.522 0.162755 0.0592425 0.727204
632.919 544.457 0.15946 0.0327705 0.721666
491.58 471.057 0.111051 0.106795 0.709445
569.765 457.832 0.117767 0.0745626 0.747994
718.676 557.252 0.288746 -0.0202758 0.912768
711.555 329.791 0.06755 -0.0147901 0.998971
799.124 39.6818 -0.0808389 -0.0446547 0.619458
818.298 49.181 -0.105891 -0.0671471 0.703279
826.031 177.967 -0.118016 -0.159987 1.03868
495.716 377.905 0.0641041 0.110568 0.729734
946.311 189.426 -0.0620215 -0.206238 0.856128
881.141 49.2013 -0.113516 -0.105003 0.723675
800.096 475.551 0.196897 -0.0986509 0.898149
779.233 417.599 0.133355 -0.0747504 0.878198
717.947 366.648 0.103447 -0.0214045 0.959838
638.623 125.433 -0.072524 0.025009 0.717125
638.23 554.415 0.30512 0.0666857 0.941411
587.743 440.383 0.131639 0.081624 0.82054
925.711 456.022 0.240733 -0.297442 1.03122
713.025 326.528 0.0762738 -0.0172025 1.11515
736.378 315.826 0.202539 -0.345771 3.3513
895.505 188.22 -0.0264019 -0.0794901 0.613736
673.306 172.297 -0.0694013 0.0137805 0.82516
720.126 306.481 -0.0396997 -0.126774 4.73473
729.453 352.774 0.0295222 -0.0172672 0.583863
732.336 327.917 0.0733603 -0.0437284 1.06911
718.279 562.043 0.279939 -0.0194912 0.893386
875.744 538.993 0.129826 -0.0893441 0.66602
549.04 614.33 0.124662 0.0470818 0.596347
641.037 527.294 0.164546 0.0320004 0.751933
796.739 49.3743 -0.504233 -0.205487 1.36523
482.106 67.388 -0.0731647 0.0739179 0.625908
700.713 128.418 -0.122575 -0.00585529 0.89251
658.944 452.834 0.110309 0.0182866 0.734284
510.986 371.954 0.068444 0.117409 0.77058
554.384 469.314 0.10656 0.0698293 0.698924
886.994 488.081 0.22068 -0.191919 0.918016
775.215 344.195 0.0550373 -0.0584635 0.795778
764.555 164.298 -0.121736 -0.0765671 0.997546
787.33 339.181 0.0687313 -0.0899168 0.923281
790.839 452.788 0.217131 -0.110006 0.994622
837.98 570.269 0.352094 -0.163266 0.973887
648.959 638.146 0.229091 0.026605 0.73928
510.958 25.7578 -0.168777 0.126415 0.817133
934.908 193.878 -0.0667785 -0.219085 0.8991
507.803 89.2361 -0.0765442 0.0772567 0.668089
794.309 438.439 0.106746 -0.0639373 0.74778
738.726 56.9633 -0.128334 -0.0314295 0.77166
654.315 396.155 0.0698269 0.0176948 0.705693
917.484 520.459 0.192235 -0.169456 0.809617
877.878 534.597 0.132883 -0.0936594 0.676903
805.397 454.523 0.0964639 -0.0598231 0.688874
780.25 83.0242 -0.0898523 -0.0482477 0.704198
785.276 246.446 -0.035685 -0.113289 1.05651
640.335 379.632 0.122291 0.0675247 0.980756
600.477 526.884 0.165836 0.0583863 0.755511
881.848 427.206 0.155923 -0.183116 0.914186
921.249 527.537 0.190358 -0.166127 0.796164
728.899 293.331 -0.0526922 -0.15503 2.66159
647.753 147.801 -0.0771099 0.0278413 0.786537
770.929 378.081 0.560329 -0.400376 2.19368
764.146 84.683 -0.199415 -0.0731653 0.979653
713.084 246.981 -0.228588 -0.0163665 1.97786
485.772 474.345 0.108461 0.105183 0.697691
727.141 135.13 -0.0911547 -0.0255711 0.808429
804.523 72.2963 -0.0978491 -0.0619274 0.71254
901.747 451.848 0.137556 -0.15462 0.80658
713.774 55.142 -0.254587 -0.0195085 1.02367
640.656 527.221 0.176555 0.0355223 0.775086
763.183 58.2596 -0.146177 -0.0516878 0.816147
869.323 371.476 0.14362 -0.251008 1.09971
505.95 77.7627 -0.0766954 0.0728863 0.651972
590.171 441.472 0.124015 0.0735577 0.796459
616.257 387.415 0.0915914 0.0596056 0.824351
489.178 74.8303 -0.0761726 0.0778659 0.646081
691.853 34.6357 -0.0997218 -0.00449034 0.668334
590.561 379.217 0.0832446 0.0769662 0.815938
490.459 284.983 0.0106965 0.349584 1.16585
817.652 20.9001 -0.204116 -0.104472 0.878135
674.883 339.525 0.0500731 0.0114683 0.786717
879.38 529.43 0.136251 -0.0983248 0.689484
832.181 562.024 0.371105 -0.169064 1.0107
611.463 460.672 0.109662 0.0437124 0.720075
680.642 334.844 0.0581232 0.013127 0.878894
761.3 327.345 0.0502099 -0.0563805 0.862604
568.301 438.928 0.0666643 0.0430145 0.616928
633.96 128.967 -0.0717919 0.0280468 0.721451
717.867 624.058 0.230206 -0.0163201 0.752748
814.321 50.5386 -0.247149 -0.132818 1.00224
900.816 456.143 0.13072 -0.143159 0.780456
956.398 205.218 -0.061329 -0.254875 0.925679
773.783 409.501 0.143575 -0.0787433 0.934647
662.752 444.855 0.119934 0.0198214 0.776553
665.048 340.446 0.0400055 0.011494 0.703875
662.359 584.593 0.273616 0.0301416 0.855373
550.42 36.6365 -0.110518 0.0655065 0.699014
903.868 446.038 0.141843 -0.166198 0.829785
584.875 382.452 0.0874996 0.0834992 0.824152
689.402 202.157 -0.0945483 0.0133452 1.06236
597.664 301.989 0.0210092 0.050705 0.726684
869.606 418.869 0.1675 -0.194579 0.971478
911.826 129.615 -0.131321 -0.206819 0.92206
927.862 194.487 -0.0296026 -0.109885 0.665793
626.377 403.76 0.179891 0.106125 1.07103
613.513 390.581 0.0902891 0.0585605 0.808854
846.578 12.4281 -0.157204 -0.0998177 0.77681
633.041 544.88 0.159929 0.0327654 0.722076
626.427 443.448 0.126827 0.0482739 0.799653
619.097 383.385 0.091335 0.0598393 0.836845
718.04 579.521 0.272805 -0.0185737 0.859822
946.785 244.499 -0.0281149 -0.275497 0.973486
551.014 291.291 0.0157502 0.0842422 0.752684
678.159 313.984 0.0277901 0.00550452 0.723761
664.227 443.581 0.120362 0.0191594 0.780288
485.884 481.237 0.11075 0.103803 0.694065
897.001 144.555 -0.137765 -0.220707 0.982361
616.297 389.509 0.0758198 0.0453397 0.749739
658.523 453.066 0.108009 0.0178714 0.727266
950.436 179.532 -0.0680594 -0.204821 0.847656
683.923 316.808 0.0364566 0.00623782 0.809076
557.437 46.2325 -0.109797 0.0647121 0.709169
844.532 410.09 0.107317 -0.113111 0.812329
957.197 379.361 0.10301 -0.242574 0.89176
516.999 348.852 0.0492773 0.102337 0.742234
957.776 69.8681 -0.0968153 -0.139072 0.706497
510.648 94.5905 -0.0759392 0.0779863 0.674215
621.68 44.0907 -0.115162 0.0336528 0.720503
625.734 332.803 0.0434646 0.0423174 0.771171
605.097 303.645 0.0240646 0.0537342 0.7636
956.681 377.482 0.101633 -0.243031 0.89345
645.248 145.492 -0.0760185 0.028252 0.776263
676.908 217.427 -0.0265976 0.00638766 0.738364
692.549 21.3888 -0.0984995 -0.00512098 0.650312
885.55 156.337 -0.143868 -0.23404 1.03823
650.177 116.642 -0.0710802 0.0167158 0.694476
777.855 264.566 -0.033562 -0.156622 1.30755
712.839 54.0102 -0.445564 -0.0207423 1.30336
949.568 270.909 0.002693 -0.241107 0.908921
570.883 180.802 -0.0750834 0.105801 0.879498
781.291 407.799 0.141267 -0.0862145 0.932832
943.683 277.972 0.00649085 -0.334488 1.06831
954.962 186.382 -0.0586989 -0.197578 0.826803
547.462 294.675 0.0174064 0.0835013 0.74296
823.39 373.72 0.104874 -0.127897 0.928062
829.71 561.397 0.383999 -0.171788 1.02748
720.119 270.311 -0.0668604 -0.0440947 1.6981
634.413 49.1282 -0.167006 0.0441903 0.847537
919.565 248.384 -0.0427003 -0.346621 1.14464
727.325 296.537 -0.0593314 -0.17173 3.03357
815.203 146.694 -0.101944 -0.103445 0.876488
814.401 330.189 0.0749394 -0.15199 1.04963
762.176 13.3212 -0.166006 -0.0486004 0.795609
815.783 190.643 -0.127496 -0.174427 1.12939
716.222 374.199 0.100434 -0.0187026 0.909969
863.313 441.861 0.426671 -0.423133 1.41914
896.735 437.068 0.272498 -0.330774 1.15676
764.066 407.101 1.23761 -0.58155 2.79725
898.817 442.788 0.144995 -0.168875 0.84535
600.925 529.089 0.17919 0.0632407 0.778112
586.657 445.908 0.123029 0.0730894 0.78463
540.954 295.886 0.0220592 0.123321 0.848001
570.341 458.211 0.120459 0.0760664 0.754707
