660.012 611.157 0.264629 0.0302251 0.822702
791.932 468.828 0.220724 -0.105835 0.977986
883.343 52.0401 -0.111967 -0.101172 0.707973
916.926 135.049 -0.126904 -0.20265 0.902668
791.078 477.13 0.563307 -0.246894 1.48598
785.93 419.103 0.1337 -0.0825932 0.896052
887.546 230.113 -0.034198 -0.152083 0.839927
826.915 182.762 -0.118701 -0.159093 1.03255
909.998 23.6936 -0.226477 -0.196052 0.907743
796.131 475.294 0.209824 -0.102308 0.940705
717.48 381.345 0.0986262 -0.0184303 0.903016
844.582 546.656 0.309734 -0.165559 0.968173
880.486 343.604 0.0414654 -0.111054 0.736199
497.421 135.173 -0.0780106 0.106827 0.7331
656.318 628.582 0.251249 0.0289565 0.786902
641.701 537.071 0.174726 0.035763 0.771071
618.616 627.931 0.257688 0.0578872 0.796551
888.233 82.6133 -0.208566 -0.207233 0.977232
895.624 131.685 -0.129179 -0.182018 0.900351
795.908 68.0167 -0.0924215 -0.0508561 0.673142
635.463 30.1471 -0.0563783 0.00698922 0.509248
700.795 140.896 -0.102526 -0.0059129 0.837771
874.048 12.3134 -0.0709554 -0.0544142 0.547011
692.071 45.1025 -0.0977744 -0.00401001 0.659393
909.135 152.892 -0.170325 -0.284867 1.07636
951.564 195.629 -0.0601952 -0.201285 0.838796
719.592 566.503 0.294185 -0.0193288 0.918335
718.059 383.536 0.0932846 -0.0183466 0.871068
915.692 453.754 0.250003 -0.307105 1.07326
915.193 460.866 0.135141 -0.159413 0.798152
543.622 32.453 -0.105891 0.0612618 0.666104
610.038 521.785 0.188689 0.0671683 0.819071
570.089 468.053 0.118169 0.0759091 0.748387
726.212 345.784 0.0575411 -0.0249747 0.852313
905.309 20.7821 -0.0934711 -0.0842817 0.622297
728.198 115.825 -0.086096 -0.0222089 0.727368
747.203 3.99708 -0.0813091 -0.0218041 0.571229
881.316 55.8879 -0.112038 -0.101781 0.713232
925.638 213.249 -0.0331821 -0.134798 0.733356
803.053 489.138 0.192196 -0.0948443 0.876464
851.122 601.012 0.354459 -0.164579 0.942702
502.562 139.825 -0.0796645 0.110241 0.749748
590.693 556.546 0.162992 0.059605 0.726799
634.761 555.444 0.159697 0.033133 0.721261
493.3 482.444 0.111288 0.107158 0.70904
571.338 468.25 0.118004 0.0749251 0.747589
720.277 565.678 0.288983 -0.0199133 0.912364
712.35 336.669 0.0677871 -0.0144276 0.998567
799.61 54.1778 -0.0806019 -0.0442922 0.619053
818.316 61.428 -0.105654 -0.0667846 0.702874
803.979 4.89687 -0.225664 -0.0933373 0.879435
825.871 184.859 -0.117778 -0.159625 1.03828
497.391 388.824 0.0643412 0.110931 0.72933
946.11 197.599 -0.0617844 -0.205875 0.855723
880.735 60.8324 -0.113279 -0.104641 0.723271
801.642 483.358 0.197134 -0.0982884 0.897744
780.514 425.492 0.133592 -0.0743879 0.877793
718.899 373.835 0.103684 -0.021042 0.959433
639.752 137.297 -0.0722869 0.0253715 0.71672
639.47 562.804 0.305357 0.0670482 0.941006
589.072 449.611 0.131876 0.0819865 0.820136
927.381 462.233 0.24097 -0.29708 1.03081
713.688 332.545 0.0765108 -0.01684 1.11475
736.504 317.539 0.202776 -0.345409 3.3509
896.28 201.398 -0.0261648 -0.0791276 0.613332
674.088 181.897 -0.0691642 0.014143 0.824756
720.181 307.735 -0.0394627 -0.126411 4.73433
731.518 366.831 0.0297592 -0.0169047 0.583458
733.032 334.186 0.0735974 -0.0433659 1.06871
719.926 570.682 0.280176 -0.0191287 0.892982
878.176 550.358 0.130063 -0.0889816 0.665615
551.576 628.795 0.124899 0.0474443 0.595942
642.749 537.667 0.164783 0.0323629 0.751528
795.708 56.4032 -0.503996 -0.205124 1.36482
484.37 82.494 -0.0729277 0.0742804 0.625503
701.138 137.472 -0.122338 -0.0054928 0.892105
660.598 463.213 0.110546 0.0186491 0.73388
512.494 382.11 0.0686811 0.117771 0.770175
556.17 480.721 0.106798 0.0701918 0.698519
888.813 495.502 0.220917 -0.191557 0.917612
776.347 353.157 0.0552744 -0.058101 0.795373
764.642 171.831 -0.121499 -0.0762046 0.997141
788.205 346.52 0.0689684 -0.0895543 0.922876
792.159 459.655 0.217368 -0.109643 0.994218
840.106 578.005 0.352331 -0.162904 0.973482
512.537 37.467 -0.16854 0.126777 0.816728
934.688 201.557 -0.0665414 -0.218723 0.898696
509.741 102.93 -0.0763071 0.0776192 0.667684
795.944 448.145 0.106983 -0.0635748 0.747375
738.992 68.1738 -0.128097 -0.031067 0.771256
655.959 407.052 0.0700639 0.0180573 0.705289
919.669 529.162 0.192472 -0.169094 0.809212
880.261 545.698 0.13312 -0.0932969 0.676499
807.276 465.357 0.0967009 -0.0594606 0.68847
780.607 95.0498 -0.0896152 -0.0478852 0.703793
785.573 252.893 -0.035448 -0.112926 1.0561
641.287 386.876 0.122528 0.0678872 0.980351
602.106 537.317 0.166073 0.0587487 0.755106
883.258 434.428 0.15616 -0.182753 0.913782
923.502 536.444 0.190595 -0.165765 0.795759
728.992 295.62 -0.0524552 -0.154667 2.66119
648.683 158.236 -0.0768729 0.0282038 0.786132
771.507 380.832 0.560566 -0.400013 2.19328
763.943 93.165 -0.199178 -0.0728028 0.979248
713.166 250.435 -0.228351 -0.016004 1.97746
487.551 485.994 0.108698 0.105546 0.697287
727.626 145.079 -0.0909177 -0.0252087 0.808024
804.679 84.1722 -0.097612 -0.0615649 0.712135
903.451 460.351 0.137793 -0.154258 0.806175
713.739 63.8446 -0.25435 -0.019146 1.02326
642.29 537.241 0.176792 0.0358848 0.774682
763.195 68.7314 -0.14594 -0.0513253 0.815742
870.228 377.11 0.143857 -0.250646 1.0993
507.962 91.9722 -0.0764584 0.0732488 0.651568
591.574 451.031 0.124252 0.0739201 0.796054
617.531 396.44 0.0918285 0.0599681 0.823946
491.309 89.2785 -0.0759356 0.0782284 0.645676
692.68 48.2357 -0.0994847 -0.00412785 0.667929
591.862 388.436 0.0834817 0.0773287 0.815533
491.449 291.496 0.0109336 0.349946 1.16544
817.017 30.9042 -0.203879 -0.10411 0.877731
480.869 120.499 -0.0760098 0.101286 0.69622
676.126 348.948 0.0503102 0.0118308 0.786313
881.706 540.242 0.136488 -0.0979623 0.68908
834.22 569.451 0.371343 -0.168702 1.0103
613.164 471.472 0.109899 0.0440749 0.71967
681.663 343.009 0.0583602 0.0134895 0.878489
762.244 335.464 0.0504469 -0.056018 0.862199
570.526 452.301 0.0669014 0.043377 0.616524
635.103 140.732 -0.0715549 0.0284093 0.721046
720.011 634.813 0.230444 -0.0159576 0.752343
813.609 59.099 -0.246912 -0.132455 1.00184
902.58 465.039 0.130957 -0.142796 0.780051
956.151 212.472 -0.0610919 -0.254512 0.925274
774.947 416.804 0.143812 -0.0783808 0.934242
664.255 454.501 0.120171 0.0201839 0.776148
666.57 351.404 0.0402426 0.0118565 0.703471
663.93 593.944 0.273853 0.0305041 0.854968
551.986 50.0152 -0.110281 0.065869 0.698609
905.512 454.209 0.14208 -0.165835 0.829381
586.16 391.575 0.0877366 0.0838617 0.823748
689.846 209.148 -0.0943112 0.0137077 1.06196
599.16 312.791 0.0212462 0.0510675 0.726279
870.902 425.569 0.167737 -0.194217 0.971073
911.196 137.639 -0.131084 -0.206456 0.921656
928.315 206.055 -0.0293656 -0.109522 0.665389
627.224 410.384 0.180128 0.106488 1.07062
614.833 399.83 0.0905262 0.058923 0.808449
845.992 23.6964 -0.156967 -0.0994552 0.776405
634.882 555.862 0.160166 0.0331279 0.721672
627.84 452.856 0.127064 0.0486364 0.799248
620.334 392.233 0.0915721 0.0602018 0.836441
719.798 588.627 0.273042 -0.0182112 0.859418
946.8 251.108 -0.0278779 -0.275135 0.973081
552.52 301.791 0.0159872 0.0846047 0.752279
679.528 324.554 0.0280272 0.00586702 0.723357
665.717 453.162 0.120599 0.0195219 0.779884
487.678 492.975 0.110987 0.104165 0.693661
896.424 151.94 -0.137528 -0.220344 0.981956
617.794 399.686 0.0760569 0.0457022 0.749335
660.202 463.575 0.108246 0.0182339 0.726862
950.168 187.865 -0.0678223 -0.204458 0.847251
685.045 325.907 0.0366936 0.00660032 0.808672
558.934 59.2783 -0.10956 0.0650746 0.708764
845.927 418.6 0.107554 -0.112748 0.811925
958.362 386.506 0.103247 -0.242211 0.891356
518.608 359.506 0.0495144 0.102699 0.74183
957.165 81.3708 -0.0965782 -0.13871 0.706092
512.547 108.079 -0.0757021 0.0783488 0.67381
622.754 56.72 -0.114925 0.0340153 0.720098
627.074 342.641 0.0437017 0.0426799 0.770767
606.458 313.745 0.0243016 0.0540967 0.763196
957.829 384.609 0.10187 -0.242668 0.893045
646.212 156.115 -0.0757814 0.0286145 0.775859
678.004 228.113 -0.0263605 0.00675016 0.73796
919.757 414.738 0.0781589 -0.126208 0.714423
636.973 435.309 0.139872 0.0541958 0.874534
799.065 437.774 0.110951 -0.0714501 0.779705
536.447 126.002 -0.0804633 0.0821955 0.724206
842.473 419.678 0.11512 -0.116734 0.834105
693.419 35.5719 -0.0982624 -0.00475849 0.649908
885.013 163.215 -0.143631 -0.233677 1.03783
651.313 129.012 -0.0708432 0.0170783 0.694072
778.054 269.517 -0.033325 -0.156259 1.30714
712.589 61.4375 -0.445327 -0.0203798 1.30295
949.873 278.041 0.00293005 -0.240744 0.908516
572.007 189.998 -0.0748464 0.106164 0.879093
782.456 415.094 0.141504 -0.085852 0.932427
943.874 283.689 0.00672789 -0.334125 1.06791
954.776 194.93 -0.0584618 -0.197216 0.826399
549.009 305.35 0.0176435 0.0838638 0.742555
824.421 380.891 0.105111 -0.127534 0.927658
831.728 568.722 0.384236 -0.171425 1.02708
720.312 274.15 -0.0666234 -0.0437322 1.6977
635.13 59.7552 -0.166769 0.0445528 0.847132
919.48 253.794 -0.0424633 -0.346259 1.14424
727.403 298.529 -0.0590944 -0.171367 3.03317
815.192 155.38 -0.101707 -0.103082 0.876084
815.078 336.341 0.0751764 -0.151627 1.04923
762.079 24.6009 -0.165769 -0.0482379 0.795204
815.627 196.86 -0.127259 -0.174065 1.12898
717.271 381.886 0.100671 -0.0183401 0.909565
864.686 446.315 0.426908 -0.422771 1.41873
898.166 442.486 0.272735 -0.330411 1.15636
764.79 409.576 1.23785 -0.581187 2.79685
900.416 450.768 0.145232 -0.168512 0.844945
602.474 539.191 0.179427 0.0636032 0.777707
588.099 455.662 0.123266 0.0734519 0.784225
542.228 304.961 0.0222962 0.123683 0.847596
481.316 490.114 0.106686 0.104431 0.686502
571.889 468.514 0.120696 0.0764289 0.754302
