799.088 488.392 0.210108 -0.100712 0.919277
921.115 6.19844 -0.0957829 -0.088737 0.61352
913.753 145.388 -0.12471 -0.20634 0.913455
766.924 424.49 0.838932 -0.364277 2.18004
795.047 439.45 0.124758 -0.0768233 0.82132
914.201 226.27 -0.0288886 -0.137452 0.753586
835.481 180.211 -0.109795 -0.151711 0.975902
918.242 20.1465 -0.216087 -0.190698 0.877037
800.471 488.976 0.206309 -0.100137 0.910479
718.463 390.683 0.0989402 -0.0189689 0.876241
876.826 613.184 0.26228 -0.140729 0.817204
913.207 360.468 0.03808 -0.0987787 0.647736
625.632 596.459 0.153037 0.0300558 0.669073
876.182 106.326 -0.216743 -0.221056 1.0358
909.49 126.005 -0.119446 -0.172994 0.849718
815.237 23.1316 -0.0784866 -0.0448608 0.580596
620.224 3.90972 -0.0493698 0.00604349 0.467849
699.084 118.05 -0.0886196 -0.00645321 0.73512
815.629 43.5113 -0.201208 -0.105347 0.884
688.492 15.0909 -0.0862486 -0.0044464 0.594881
904.35 163.412 -0.170233 -0.292222 1.09877
955.018 201.691 -0.056074 -0.200391 0.829534
720.547 599.708 0.275869 -0.0190244 0.853313
718.982 400.974 0.086746 -0.0177091 0.790892
912.015 456.259 0.259194 -0.314042 1.0948
930.306 479.753 0.13127 -0.152412 0.757815
596.957 556.791 0.174969 0.0605166 0.749404
544.745 505.745 0.10687 0.0663789 0.665171
729.216 371.565 0.0440388 -0.0198077 0.65978
731.572 103.3 -0.0772053 -0.0220677 0.671331
903.122 33.2989 -0.100329 -0.0941126 0.652161
938.507 215.987 -0.0286839 -0.129304 0.699955
807.597 503.247 0.189926 -0.0933512 0.850877
863.005 631.96 0.336899 -0.156201 0.888677
565.664 617.024 0.144679 0.0511993 0.637865
619.586 612.907 0.142871 0.0281934 0.637357
545.032 506.824 0.106417 0.0655603 0.662698
910.87 295.463 0.0177938 -0.260272 1.01648
712.403 347.298 0.0620374 -0.0139517 0.890165
829.993 44.5199 -0.0954736 -0.0628688 0.651013
808.094 2.25428 -0.215962 -0.0917517 0.852484
825.85 191.941 -0.114743 -0.161409 1.04209
894.978 49.8641 -0.104033 -0.0996603 0.680888
804.368 493.847 0.197485 -0.0977347 0.883129
792 451.844 0.12101 -0.0678325 0.783637
720.255 395.45 0.0895127 -0.0192708 0.81958
625.943 115.161 -0.0621598 0.0213764 0.63212
633.046 592.559 0.288396 0.0616949 0.880533
579.215 468.569 0.127155 0.0764725 0.772941
926.254 466.492 0.247426 -0.301483 1.0414
808.92 47.2797 -0.205813 -0.102805 0.898363
714.14 340.183 0.0730607 -0.016649 1.03288
733.011 319.405 0.26507 -0.443498 4.29129
929.251 194.633 -0.0214526 -0.0718735 0.548742
675.216 188.328 -0.0651014 0.0128687 0.817831
720.458 309.616 -0.0411794 -0.133817 4.97937
735.108 369.988 0.0362415 -0.0202756 0.61288
738.88 351.631 0.0550065 -0.033107 0.811374
721.239 637.74 0.241641 -0.0175946 0.766662
921.193 626.936 0.112313 -0.0770353 0.568578
624.72 601.54 0.143155 0.027289 0.64694
782.803 107.425 -0.587647 -0.242809 1.60591
699.471 123.425 -0.109368 -0.00555822 0.811594
649.631 504.827 0.0984361 0.0153129 0.642954
959.527 198.291 -0.0577452 -0.201282 0.824862
535.089 512.917 0.10028 0.0635735 0.639982
900.135 513.444 0.214416 -0.184533 0.878104
782.532 365.437 0.0542564 -0.0551436 0.742678
765.759 178.118 -0.117677 -0.0771663 0.993626
796.458 357.324 0.0659594 -0.0836475 0.8523
798.169 476.891 0.208516 -0.104533 0.940908
843.718 590.698 0.350589 -0.161323 0.958577
492.085 16.9438 -0.153328 0.116119 0.753375
934.301 209.126 -0.0631184 -0.2211 0.901521
912.631 88.0264 -0.116692 -0.141073 0.768901
487.058 89.4675 -0.068107 0.0707654 0.616824
807.723 476.636 0.0996277 -0.0589673 0.680262
746.641 109.629 -0.0905364 -0.0329204 0.726804
741.629 57.1041 -0.117775 -0.030124 0.724548
615.741 482.391 0.0505027 0.0133608 0.519161
950.055 570.272 0.176139 -0.153751 0.731627
907.919 596.782 0.121563 -0.0845569 0.607361
822.109 500.192 0.0895591 -0.054819 0.6221
764.787 156.226 -0.102909 -0.059765 0.871714
784.915 259.967 -0.0322846 -0.116139 1.07498
694.202 342.736 0.339384 0.163004 2.46768
597.681 554.843 0.164482 0.056167 0.732224
928.509 476.603 0.130837 -0.153075 0.761979
727.537 302.386 -0.0590394 -0.193096 3.2999
643.035 153.339 -0.0694128 0.0258344 0.736043
768.671 379.356 0.601841 -0.428239 2.34049
781.249 23.8345 -0.157318 -0.058316 0.771451
713.675 251.517 -0.219209 -0.0165284 1.91459
729.383 144.607 -0.0843516 -0.0253545 0.775665
922.646 483.023 0.131206 -0.145222 0.752505
715.082 58.1301 -0.241031 -0.0197998 0.979105
630.43 584.175 0.160077 0.0310678 0.692904
769.048 51.7012 -0.132678 -0.0484823 0.753645
874.976 384.375 0.144187 -0.246615 1.07694
566.628 488.852 0.109996 0.063551 0.695095
688.679 12.0565 -0.086669 -0.0045478 0.593317
507.795 297.732 0.0160526 0.368692 1.23006
818.02 36.8227 -0.1986 -0.103772 0.86913
672.946 360.869 0.0495066 0.010069 0.733326
920.542 605.618 0.119715 -0.0859432 0.59715
839.713 586.69 0.363714 -0.164431 0.980446
594.751 511.755 0.0991496 0.0378817 0.637637
679.579 352.715 0.0577168 0.0118504 0.827757
765.672 343.726 0.0516939 -0.0553056 0.830613
531.772 502.921 0.0589929 0.0367223 0.530933
818.918 55.0901 -0.23506 -0.128906 0.964048
939.574 504.678 0.116771 -0.126775 0.686005
782.947 437.015 0.133437 -0.0726651 0.853028
656.714 485.589 0.110258 0.0172138 0.699062
657.229 370.048 0.0370033 0.00944918 0.619714
533.231 28.9225 -0.0991417 0.0596605 0.64222
916.102 468.521 0.140164 -0.16146 0.80012
552.245 422.309 0.0746741 0.0696247 0.69352
581.307 322.941 0.0210407 0.0448429 0.652617
886.026 443.055 0.158935 -0.182023 0.905348
913.944 142.736 -0.126274 -0.205229 0.91089
609.975 436.505 0.156601 0.0906389 0.924813
602.98 419.183 0.0850912 0.0528188 0.739814
844.635 38.1746 -0.155505 -0.102466 0.78652
620.278 610.634 0.144279 0.028521 0.641653
612.444 487.371 0.114263 0.0420622 0.707778
614.047 405.911 0.0893158 0.0557095 0.7901
720.608 634.506 0.250454 -0.0174756 0.781518
676.033 335.523 0.0284147 0.00442967 0.668495
656.561 490.039 0.107643 0.0160774 0.685874
902.908 153.377 -0.130776 -0.215308 0.954331
645.339 514.933 0.0930125 0.0146542 0.617576
681.626 336.398 0.0353371 0.00486497 0.733658
528.845 20.5977 -0.0952727 0.0564494 0.623652
856.761 434.958 0.104415 -0.107486 0.766878
954.141 391.468 0.109137 -0.247414 0.906062
617.639 354.55 0.0428028 0.0387135 0.71295
952.487 441.179 0.0724381 -0.114883 0.644017
619.183 473.147 0.120612 0.0450114 0.746702
811.355 464.399 0.10288 -0.0659793 0.708153
517.083 116.139 -0.072175 0.0760374 0.671658
858.114 440.476 0.108183 -0.1085 0.767151
689.864 5.9095 -0.086928 -0.00503909 0.588635
922.232 137.837 -0.121731 -0.200118 0.884847
644.97 118.774 -0.0631543 0.0148131 0.642174
769.275 281.116 -0.0325816 -0.183083 1.51994
956.314 283.977 0.0061438 -0.237348 0.890698
555.802 183.318 -0.0664265 0.0963096 0.804411
790.528 433.826 0.132475 -0.0799969 0.85809
955.555 288.245 0.00926086 -0.322658 1.02713
958.18 201.129 -0.054422 -0.196639 0.817919
530.628 313.667 0.0186901 0.0764969 0.68525
829.473 390.087 0.105218 -0.124967 0.900426
813.095 529.009 0.458795 -0.203123 1.20681
721.204 277.109 -0.0629874 -0.0444442 1.66894
631.684 53.2703 -0.156398 0.0415644 0.808002
936.34 254.829 -0.0375914 -0.326164 1.07329
726.114 304.777 -0.069045 -0.218129 3.83775
822.335 152.943 -0.0940382 -0.0991229 0.832862
824.399 344.484 0.0727141 -0.143127 0.981618
756.71 74.4905 -0.180728 -0.0554776 0.894587
825.558 192.222 -0.116212 -0.163108 1.04865
718.089 395.648 0.0962535 -0.018101 0.847177
862.759 448.198 0.439205 -0.43229 1.44688
885.881 438.058 0.29608 -0.35381 1.23423
751.215 383.125 1.77596 -0.83139 3.99145
938.468 442.108 0.184233 -0.271722 0.970648
912.889 467.058 0.141732 -0.162086 0.806913
588.59 576.675 0.166923 0.0573437 0.713093
569.068 486.725 0.113022 0.0650993 0.706115
515.88 312.179 0.0218349 0.110017 0.759404
541.964 511.796 0.106732 0.0655917 0.657645
