799.476 499.227 0.209656 -0.100422 0.919742
919.244 25.4909 -0.0962351 -0.088447 0.613985
912.252 156.055 -0.125163 -0.20605 0.91392
767.298 428.686 0.83848 -0.363987 2.18051
795.164 451.585 0.124305 -0.0765332 0.821786
913.369 239.484 -0.0293408 -0.137162 0.754051
834.436 189.936 -0.110247 -0.151421 0.976368
915.913 32.7291 -0.216539 -0.190408 0.877502
800.863 499.939 0.205856 -0.0998466 0.910944
718.201 401.76 0.0984881 -0.0186788 0.876706
878.244 626.874 0.261828 -0.140439 0.817669
913.205 376.96 0.0376279 -0.0984887 0.648201
625.17 614.305 0.152585 0.0303459 0.669539
874.478 116.055 -0.217195 -0.220766 1.03627
907.947 137.831 -0.119898 -0.172704 0.850184
813.859 44.05 -0.0789388 -0.0445708 0.581061
619.281 34.0481 -0.049822 0.00633351 0.468315
698.242 132.746 -0.0890717 -0.00616319 0.735586
814.064 55.8561 -0.201661 -0.105057 0.884466
687.449 35.5894 -0.0867008 -0.00415638 0.595346
902.847 171.909 -0.170685 -0.291932 1.09923
953.881 213.265 -0.0565261 -0.200101 0.83
720.756 613.021 0.275417 -0.0187344 0.853779
718.722 413.743 0.0862938 -0.0174191 0.791358
912.87 464.55 0.258741 -0.313752 1.09526
931.107 493.221 0.130818 -0.152122 0.758281
513.811 18.4136 -0.0934975 0.0546777 0.59733
596.261 571.966 0.174517 0.0608067 0.749869
543.827 523.106 0.106418 0.0666689 0.665636
728.888 388.029 0.0435866 -0.0195177 0.660246
926.776 19.8318 -0.0846222 -0.0791148 0.576608
730.604 119.939 -0.0776575 -0.0217777 0.671796
901.371 50.8496 -0.100782 -0.0938226 0.652627
937.631 230.692 -0.0291361 -0.129013 0.70042
808.05 515.268 0.189474 -0.0930612 0.851342
564.819 636.395 0.144227 0.0514893 0.63833
619.109 632.114 0.142418 0.0284834 0.637822
544.115 524.282 0.105965 0.0658503 0.663164
910.408 304.039 0.0173416 -0.259982 1.01694
712.04 358.038 0.0615852 -0.0136617 0.890631
821.437 22.8538 -0.0679865 -0.0383982 0.52743
828.56 62.1474 -0.0959257 -0.0625788 0.651479
806.42 15.6176 -0.216415 -0.0914617 0.85295
824.875 200.869 -0.115196 -0.161119 1.04256
893.291 66.3096 -0.104485 -0.0993703 0.681354
804.784 505.257 0.197033 -0.0974447 0.883594
792.137 464.858 0.120557 -0.0675424 0.784102
719.994 407.586 0.0890606 -0.0189808 0.820046
625.185 133.403 -0.0626119 0.0216665 0.632585
632.546 605.595 0.287944 0.0619849 0.880998
578.46 482.452 0.126703 0.0767625 0.773406
927.208 475.347 0.246974 -0.301193 1.04187
807.402 59.3917 -0.206265 -0.102515 0.898828
713.802 349.002 0.0726085 -0.0163589 1.03334
732.904 321.098 0.264618 -0.443208 4.29175
928.494 216.311 -0.0219048 -0.0715834 0.549207
674.569 200.752 -0.0655536 0.0131587 0.818296
720.341 311.103 -0.0416315 -0.133527 4.97983
734.788 388.419 0.0357893 -0.0199856 0.613345
738.553 363.77 0.0545544 -0.0328169 0.811839
624.266 620.24 0.142703 0.027579 0.647405
781.489 114.478 -0.588099 -0.242519 1.60637
698.668 136.355 -0.109821 -0.0052682 0.812059
649.244 522.769 0.097984 0.0156029 0.64342
958.359 209.964 -0.0581973 -0.200992 0.825328
534.129 531.318 0.099828 0.0638635 0.640447
901.147 524.873 0.213964 -0.184243 0.87857
782.315 379.129 0.0538042 -0.0548536 0.743143
764.923 187.783 -0.118129 -0.0768763 0.994091
796.262 368.546 0.0655073 -0.0833575 0.852766
798.516 487.33 0.208064 -0.104243 0.941373
844.946 602.143 0.350136 -0.161033 0.959043
491.975 32.4883 -0.15378 0.116409 0.753841
933.202 219.479 -0.0635706 -0.22081 0.901986
910.946 101.757 -0.117144 -0.140783 0.769366
486.502 108.79 -0.0685592 0.0710554 0.617289
807.972 492.63 0.0991755 -0.0586773 0.680727
745.65 124.516 -0.0909886 -0.0326304 0.72727
740.516 72.5033 -0.118227 -0.029834 0.725014
615.232 507.337 0.0500505 0.0136509 0.519626
951.533 585.133 0.175687 -0.153461 0.732092
909.157 616.382 0.12111 -0.0842668 0.607827
822.489 518.563 0.0891069 -0.054529 0.622565
763.881 167.714 -0.103361 -0.059475 0.87218
784.349 268.277 -0.0327367 -0.115849 1.07544
694.012 345.965 0.338931 0.163294 2.46814
596.999 570.433 0.16403 0.0564571 0.73269
929.285 489.951 0.130385 -0.152785 0.762444
727.349 304.684 -0.0594916 -0.192806 3.30036
642.358 167.889 -0.0698649 0.0261244 0.736508
768.832 382.806 0.601389 -0.427949 2.34095
779.853 38.4065 -0.15777 -0.0580259 0.771917
713.316 255.959 -0.219661 -0.0162384 1.91505
728.532 158.079 -0.0848038 -0.0250645 0.77613
923.433 496.665 0.130754 -0.144932 0.752971
714.146 69.303 -0.241483 -0.0195098 0.97957
629.982 601.104 0.159625 0.0313578 0.693369
767.806 66.3864 -0.13313 -0.0481923 0.75411
875.147 392.486 0.143735 -0.246325 1.0774
565.819 505.025 0.109543 0.063841 0.695561
687.63 32.6559 -0.0871212 -0.00425779 0.593782
507.299 305.242 0.0156004 0.368982 1.23052
816.421 49.4612 -0.199052 -0.103482 0.869596
672.483 375.053 0.0490545 0.010359 0.733792
921.887 625.761 0.119263 -0.0856532 0.597615
840.912 597.848 0.363261 -0.164141 0.980911
594.099 530.097 0.0986974 0.0381717 0.638103
679.145 364.656 0.0572647 0.0121404 0.828222
765.371 355.404 0.0512417 -0.0550156 0.831078
530.883 527.271 0.0585408 0.0370123 0.531399
817.334 66.2933 -0.235512 -0.128616 0.964514
940.511 520.345 0.116319 -0.126485 0.686471
783.024 448.568 0.132985 -0.0723751 0.853494
656.336 501.395 0.109806 0.0175038 0.699527
656.72 388.338 0.0365512 0.00973919 0.620179
532.699 47.5581 -0.0995939 0.0599505 0.642685
916.809 480.979 0.139712 -0.16117 0.800585
551.427 438.176 0.0742219 0.0699147 0.693986
580.614 339.93 0.0205886 0.0451329 0.653083
886.534 453.533 0.158482 -0.181733 0.905813
912.427 153.462 -0.126726 -0.204939 0.911355
609.365 447.322 0.156149 0.090929 0.925279
602.349 433.552 0.084639 0.0531089 0.74028
842.968 52.1646 -0.155957 -0.102176 0.786985
619.802 629.646 0.143827 0.028811 0.642118
611.856 503.03 0.113811 0.0423522 0.708243
613.46 418.963 0.0888636 0.0559995 0.790565
675.528 351.717 0.0279625 0.00471969 0.66896
656.187 506.299 0.10719 0.0163675 0.68634
901.466 163.455 -0.131228 -0.215018 0.954797
644.946 534.039 0.0925603 0.0149442 0.618041
681.147 350.512 0.0348849 0.00515499 0.734124
528.291 40.0519 -0.0957249 0.0567394 0.624117
857.042 448.115 0.103963 -0.107196 0.767343
954.46 401.522 0.108685 -0.247124 0.906528
617.042 369.434 0.0423506 0.0390035 0.713415
953.048 457.983 0.0719859 -0.114593 0.644483
618.619 487.608 0.12016 0.0453014 0.747167
811.582 479.415 0.102427 -0.0656893 0.708619
516.551 133.096 -0.0726272 0.0763274 0.672123
858.428 453.651 0.107731 -0.10821 0.767616
523.466 487.403 0.0716472 0.0593638 0.611394
825.726 58.8211 -0.0975593 -0.0615164 0.652193
564.21 472.769 0.0869563 0.0597943 0.678162
719.337 424.513 0.0687913 -0.015818 0.696205
687.966 35.3894 -0.0825746 -0.00454888 0.583008
688.799 26.7895 -0.0873802 -0.00474907 0.5891
920.676 148.972 -0.122184 -0.199828 0.885313
644.192 136.552 -0.0636065 0.0151031 0.642639
768.851 286.534 -0.0330337 -0.182793 1.52041
710.092 4.36333 -0.357883 -0.0161789 1.04485
955.764 294.181 0.00569163 -0.237058 0.891164
555.315 196.275 -0.0668786 0.0965996 0.804877
790.622 445.252 0.132023 -0.0797069 0.858556
954.995 296.62 0.00880869 -0.322368 1.0276
957.044 212.925 -0.0548742 -0.196349 0.818384
529.865 329.575 0.0182379 0.0767869 0.685715
829.507 400.512 0.104766 -0.124677 0.900891
813.975 537.557 0.458343 -0.202833 1.20727
720.851 282.08 -0.0634396 -0.0441542 1.66941
631.053 67.0486 -0.15685 0.0418545 0.808467
935.496 262.868 -0.0380436 -0.325874 1.07375
725.951 306.732 -0.0694972 -0.217839 3.83821
821.254 165.016 -0.0944903 -0.0988329 0.833327
824.217 353.666 0.0722619 -0.142837 0.982083
755.576 86.4135 -0.18118 -0.0551876 0.895053
824.584 201.082 -0.116664 -0.162818 1.04911
717.83 407.258 0.0958013 -0.017811 0.847642
863.58 454.33 0.438753 -0.432 1.44735
886.581 445.182 0.295628 -0.35352 1.23469
751.492 385.389 1.7755 -0.8311 3.99192
939.202 451.552 0.183781 -0.271432 0.971114
913.58 479.372 0.141279 -0.161796 0.807378
587.854 593.037 0.16647 0.0576337 0.713558
568.269 502.536 0.11257 0.0653893 0.70658
515.133 325.958 0.0213828 0.110307 0.759869
541.03 529.485 0.10628 0.0658817 0.658111
