805.791 525.779 0.195779 -0.0927475 0.848533
874.211 94.6963 -0.107636 -0.104017 0.722029
928.023 150.304 -0.114691 -0.192255 0.851445
755.024 403.771 1.09911 -0.474843 2.83729
805.381 482.204 0.112531 -0.0683788 0.732172
938.968 238.746 -0.0248205 -0.124211 0.681684
858.903 170.466 -0.093127 -0.128997 0.831228
864.565 111.811 -0.266322 -0.240332 1.10474
809.435 531.76 0.188684 -0.0906336 0.825657
716.111 429.135 0.085529 -0.0160808 0.750981
950.557 402.167 0.0344572 -0.0865097 0.568228
901.342 150.56 -0.118733 -0.175933 0.864431
693.286 110.198 -0.077477 -0.00520141 0.650585
820.039 47.3297 -0.188932 -0.0997627 0.837296
901.881 178.252 -0.166963 -0.290391 1.09281
937.093 227.053 -0.0553791 -0.20995 0.869066
716.317 438.589 0.0785044 -0.0153835 0.704147
903.773 464.095 0.271199 -0.324797 1.13082
958.858 528.317 0.120304 -0.137849 0.685577
483.118 603.361 0.0885281 0.0550551 0.548739
726.843 413.908 0.03976 -0.0166284 0.579503
928.779 25.2905 -0.0802383 -0.0776548 0.565142
731.469 112.145 -0.0705749 -0.0206538 0.628764
931.343 17.4028 -0.0883427 -0.0834703 0.580993
946.117 235.654 -0.0253805 -0.123522 0.671627
812.369 536.596 0.182147 -0.08849 0.806023
513.624 565.727 0.0976532 0.0597399 0.598397
709.586 370.471 0.0579234 -0.0123953 0.809775
836.034 53.9859 -0.0884238 -0.0593854 0.615743
792.223 71.311 -0.242371 -0.104826 0.973568
837.195 193.274 -0.102715 -0.145656 0.942987
957.411 218.503 -0.0533922 -0.197508 0.814646
871.154 105.583 -0.110092 -0.109832 0.746276
795.769 494.218 0.215845 -0.104807 0.946472
793.372 480.04 0.118566 -0.0646638 0.752335
718.075 445.056 0.0739166 -0.0157016 0.674732
605.401 108.897 -0.0538224 0.0192243 0.55718
556.05 513.493 0.116801 0.0698222 0.700345
889.563 452.884 0.294367 -0.35097 1.21489
815.354 45.773 -0.190642 -0.0963373 0.838301
712.2 356.548 0.0715993 -0.0154131 0.982942
730.657 322.066 0.31321 -0.515136 5.02268
666.679 190.914 -0.057013 0.0118269 0.729958
720.162 312.276 -0.0356613 -0.12948 4.8956
735.37 416.205 0.0329036 -0.0175372 0.538037
737.72 370.359 0.0574006 -0.0330398 0.806136
695.765 123.307 -0.0987009 -0.00478902 0.742403
629.198 585.122 0.0857293 0.0133805 0.553941
935.802 226.323 -0.058095 -0.215589 0.88198
495.754 582.384 0.0902736 0.0567943 0.567633
918.239 555.148 0.199853 -0.170335 0.810825
792.17 401.403 0.0486396 -0.0480675 0.651645
776.852 152.352 -0.09346 -0.0586596 0.785271
796.288 376.418 0.067188 -0.0816284 0.834949
807.723 518.989 0.189153 -0.0939867 0.84693
919.499 231.895 -0.062654 -0.231252 0.941443
822.557 539.957 0.0884975 -0.0513206 0.596512
748.782 121.973 -0.0844651 -0.0322943 0.693577
743.146 42.6303 -0.103968 -0.0264331 0.645828
956.275 601.671 0.174576 -0.150217 0.713762
839.486 514.23 0.173532 -0.113562 0.823
824.048 537.402 0.0888816 -0.0524753 0.599917
765.087 167.54 -0.0966044 -0.0566907 0.835041
784.281 273.276 -0.0294272 -0.114391 1.06078
700.704 340.501 0.455665 0.213125 3.27147
939.374 509.025 0.127132 -0.145784 0.726993
927 568.508 0.194766 -0.164781 0.784682
726.087 308.38 -0.0642044 -0.22233 3.81521
633.721 161.25 -0.0627271 0.0243725 0.682458
765.183 381.343 0.642423 -0.454604 2.48483
787.652 10.4553 -0.141262 -0.0524941 0.698284
712.412 252.553 -0.198212 -0.0147354 1.73954
729.075 157.812 -0.0788325 -0.0244448 0.743302
912.354 496.078 0.138263 -0.148977 0.773632
713.736 74.9735 -0.236594 -0.0186819 0.970185
773.629 41.862 -0.118918 -0.0434547 0.682169
868.955 395.485 0.150911 -0.252837 1.10333
512.529 579.001 0.090666 0.052436 0.571026
486.906 308.079 0.0164917 0.342216 1.1394
821.823 40.6705 -0.186457 -0.0977268 0.82329
664.197 392.126 0.0463244 0.00930874 0.664321
866.784 549.754 0.153341 -0.105014 0.731872
843.264 614.354 0.356333 -0.160069 0.953221
580.19 556.654 0.0956487 0.0362707 0.601058
668.457 384.248 0.0502991 0.0104096 0.710696
771.35 369.785 0.0474957 -0.0495896 0.743049
830.424 40.4026 -0.210363 -0.115674 0.866619
906.532 252.225 -0.0634443 -0.306393 1.10492
790.995 477.441 0.120578 -0.0648268 0.762321
642.378 544.759 0.0991163 0.0154647 0.620164
641.944 414.123 0.0339088 0.00864579 0.547966
493.693 3.99771 -0.0861238 0.0529053 0.563418
913.516 487.55 0.143165 -0.16112 0.799963
494.629 488.927 0.0618677 0.0578738 0.57197
554.299 354.079 0.0200725 0.0405552 0.583022
881.125 456.449 0.164815 -0.185463 0.920517
935.136 141.878 -0.113519 -0.18621 0.82765
565.868 478.356 0.071316 0.0442891 0.616213
588.837 548.098 0.102009 0.037339 0.624389
576.794 462.117 0.0730914 0.0459754 0.645181
668.799 365.472 0.0278212 0.00416674 0.614425
940.706 139.891 -0.11166 -0.185416 0.817459
673.35 364.67 0.033173 0.00476901 0.66047
926.606 397.834 0.123832 -0.270797 0.991543
485.382 116.172 -0.0641124 0.0699373 0.608773
496.043 517.951 0.068256 0.0549492 0.562962
520.78 525.024 0.0750564 0.0508829 0.576272
717.542 440.572 0.0677531 -0.0151473 0.6593
687.412 26.7043 -0.0821832 -0.00460973 0.57149
956.717 128.086 -0.105801 -0.175373 0.774718
631.994 120.439 -0.0558433 0.0137805 0.581172
765.628 292.021 -0.0309711 -0.191614 1.59251
499.29 166.196 -0.0537811 0.0780829 0.649339
799.855 474.067 0.119425 -0.0711128 0.765109
948.838 223.323 -0.0523837 -0.199636 0.830986
485.916 342.681 0.0170805 0.0667246 0.594292
832.989 411.252 0.103517 -0.12002 0.866101
720.197 288.251 -0.0643179 -0.046492 1.7973
941.633 267.527 -0.0343037 -0.316172 1.04023
724.17 311.463 -0.0889382 -0.29819 5.24521
833.627 154.082 -0.084059 -0.0897204 0.755523
838.947 366.799 0.0658168 -0.127067 0.873202
763.785 40.4078 -0.152278 -0.0464334 0.75501
838.602 191.723 -0.103004 -0.145544 0.938122
715.76 428.735 0.0876861 -0.016004 0.759999
858.046 454.607 0.454324 -0.443854 1.48578
890.28 454.574 0.290828 -0.34436 1.20176
745.882 375.896 2.12436 -0.992327 4.76345
952.432 467.88 0.176556 -0.257336 0.919036
933.25 506.591 0.132225 -0.14911 0.742682
516.993 573.547 0.0934926 0.0539693 0.581995
498.037 587.338 0.0939936 0.057565 0.57256
