805.218 530.818 0.195224 -0.0932462 0.847645
872.891 102.435 -0.108191 -0.104516 0.721142
926.827 156.242 -0.115247 -0.192754 0.850558
755.065 405.124 1.09856 -0.475342 2.83641
804.512 488.332 0.111976 -0.0688776 0.731285
937.377 246.324 -0.0253757 -0.12471 0.680797
857.962 176.443 -0.0936823 -0.129495 0.830341
863.811 116.413 -0.266877 -0.240831 1.10385
808.816 536.984 0.188129 -0.0911323 0.82477
715.449 435.036 0.0849737 -0.0165795 0.750094
959.39 353.859 0.0467253 -0.220137 0.84613
948.388 411.604 0.0339019 -0.0870084 0.567341
900.272 156.371 -0.119289 -0.176432 0.863544
834.441 4.25741 -0.0674129 -0.038843 0.498339
692.594 118.969 -0.0780322 -0.00570015 0.649698
819.197 54.0559 -0.189487 -0.100261 0.836409
678.716 8.8764 -0.0761546 -0.00395385 0.527723
901.082 182.496 -0.167518 -0.29089 1.09192
936.02 232.447 -0.0559344 -0.210448 0.868179
715.534 445.078 0.0779492 -0.0158822 0.70326
903.559 467.656 0.270644 -0.325295 1.12994
957.614 535.132 0.119749 -0.138348 0.684689
482.167 612.63 0.0879728 0.0545564 0.547852
725.524 422.88 0.0392047 -0.0171271 0.578615
926.342 36.9498 -0.0807936 -0.0781535 0.564255
730.498 121.382 -0.0711302 -0.0211525 0.627877
929.004 28.6424 -0.088898 -0.083969 0.580106
944.45 243.425 -0.0259358 -0.12402 0.67074
811.706 541.99 0.181591 -0.0889888 0.805136
512.833 573.808 0.097098 0.0592411 0.59751
709.078 375.836 0.0573681 -0.0128941 0.808888
834.46 63.9831 -0.0889791 -0.0598841 0.614856
791.683 76.8365 -0.242926 -0.105325 0.97268
836.51 198.227 -0.103271 -0.146155 0.9421
956.148 224.445 -0.0539475 -0.198006 0.813759
869.925 112.913 -0.110647 -0.11033 0.745389
795.343 498.577 0.21529 -0.105306 0.945585
792.577 485.928 0.118011 -0.0651625 0.751448
717.196 451.978 0.0733613 -0.0162004 0.673845
604.714 120.047 -0.0543777 0.0187256 0.556293
555.482 519.872 0.116245 0.0693234 0.699458
889.409 456.147 0.293812 -0.351468 1.21401
814.538 52.5002 -0.191197 -0.096836 0.837414
711.895 360.647 0.071044 -0.0159119 0.982055
730.663 322.685 0.312655 -0.515635 5.0218
666.28 197.86 -0.0575682 0.0113282 0.729071
720.174 312.914 -0.0362166 -0.129979 4.89472
733.727 426.422 0.0323483 -0.0180359 0.53715
737.147 375.774 0.0568453 -0.0335386 0.805249
695.322 130.494 -0.0992562 -0.00528775 0.741516
627.904 594.352 0.085174 0.0128818 0.553054
934.754 231.614 -0.0586503 -0.216088 0.881093
494.879 591.17 0.0897183 0.0562955 0.566746
917.568 560.592 0.199298 -0.170834 0.809938
791.023 408.854 0.0480844 -0.0485663 0.650758
776.141 158.872 -0.0940153 -0.0591583 0.784384
795.649 381.585 0.0666327 -0.0821272 0.834062
807.142 524.031 0.188598 -0.0944855 0.846043
918.598 236.717 -0.0632092 -0.231751 0.940556
821.062 548.285 0.0879422 -0.0518193 0.595625
747.967 129.914 -0.0850204 -0.032793 0.692689
742.209 52.005 -0.104524 -0.0269319 0.644941
955.282 608.159 0.17402 -0.150716 0.712875
838.836 519.474 0.172976 -0.114061 0.822113
822.572 545.658 0.0883263 -0.052974 0.599029
764.513 173.454 -0.0971597 -0.0571894 0.834154
783.904 277.196 -0.0299825 -0.114889 1.05989
700.69 341.469 0.45511 0.212627 3.27058
938.323 515.285 0.126576 -0.146283 0.726106
926.26 574.204 0.194211 -0.165279 0.783795
726.092 309.221 -0.0647597 -0.222828 3.81432
633.369 169.082 -0.0632824 0.0238737 0.681571
765.198 382.761 0.641868 -0.455102 2.48394
786.664 19.1491 -0.141818 -0.0529929 0.697397
712.409 254.744 -0.198767 -0.0152341 1.73866
728.471 164.791 -0.0793878 -0.0249435 0.742414
911.489 501.806 0.137708 -0.149475 0.772744
713.569 80.4578 -0.237149 -0.0191806 0.969298
772.665 50.5706 -0.119474 -0.0439535 0.681281
868.593 399.059 0.150355 -0.253336 1.10244
511.629 587.714 0.0901107 0.0519373 0.570139
680.797 12.7791 -0.0775564 -0.00431702 0.534706
487.181 311.404 0.0159364 0.341718 1.13851
820.948 47.5813 -0.187013 -0.0982255 0.822403
663.458 399.307 0.0457691 0.00881 0.663434
865.874 555.927 0.152785 -0.105512 0.730985
842.957 619.063 0.355778 -0.160568 0.952334
579.269 564.724 0.0950934 0.035772 0.600171
667.84 390.724 0.0497438 0.00991086 0.709809
770.563 375.919 0.0469404 -0.0500883 0.742162
829.569 46.9331 -0.210918 -0.116172 0.865732
905.868 256.076 -0.0639995 -0.306892 1.10403
790.229 483.219 0.120022 -0.0653255 0.761434
641.403 552.482 0.0985611 0.014966 0.619277
640.73 423.97 0.0333535 0.00814706 0.547079
493.84 15.7005 -0.0866791 0.0524066 0.562531
912.721 493.023 0.14261 -0.161618 0.799076
493.943 497.769 0.0613124 0.0573751 0.571083
553.673 363.078 0.0195172 0.0400565 0.582135
880.594 460.973 0.164259 -0.185962 0.91963
933.856 148.09 -0.114075 -0.186708 0.826763
565.144 486.21 0.0707607 0.0437904 0.615326
587.986 555.705 0.101454 0.0368402 0.623502
576.151 469.438 0.0725361 0.0454767 0.644293
667.883 373.72 0.0272659 0.00366801 0.613538
939.381 146.217 -0.112215 -0.185914 0.816572
672.593 372 0.0326178 0.00427028 0.659583
486.691 4.87133 -0.0829769 0.0492447 0.543929
926.066 401.965 0.123277 -0.271295 0.990656
485.573 125.74 -0.0646677 0.0694386 0.607886
495.265 526.973 0.0677007 0.0544505 0.562075
519.968 533.692 0.0745012 0.0503841 0.575385
716.613 447.759 0.0671978 -0.0156461 0.658413
679.951 9.1555 -0.072456 -0.00451749 0.516962
549.357 119.229 -0.054961 0.0352131 0.557649
673.94 21.7477 -0.078207 -0.00220369 0.543532
531.798 264.199 -0.0126387 0.0420965 0.562337
686.42 38.0503 -0.0827384 -0.00510846 0.570603
955.211 134.955 -0.106356 -0.175871 0.773831
631.291 130.781 -0.0563986 0.0132818 0.580284
765.491 294.338 -0.0315264 -0.192113 1.59162
499.446 174.55 -0.0543364 0.0775841 0.648452
799.083 479.82 0.118869 -0.0716116 0.764222
947.647 229.079 -0.0529389 -0.200135 0.830099
485.613 351.398 0.0165252 0.0662259 0.593405
832.364 416.137 0.102962 -0.120518 0.865214
720.163 290.248 -0.0648732 -0.0469907 1.79641
940.859 271.647 -0.034859 -0.316671 1.03934
724.18 312.06 -0.0894934 -0.298689 5.24432
832.616 160.972 -0.0846143 -0.0902191 0.754636
838.293 371.685 0.0652615 -0.127566 0.872315
763.073 48.0487 -0.152834 -0.0469322 0.754123
837.906 196.717 -0.103559 -0.146042 0.937235
715.118 434.533 0.0871309 -0.0165028 0.759112
858.067 457.263 0.453768 -0.444353 1.48489
890.117 457.88 0.290273 -0.344859 1.20087
745.944 376.727 2.1238 -0.992826 4.76256
951.881 472.463 0.176001 -0.257835 0.918149
932.266 512.664 0.131669 -0.149609 0.741794
516.13 581.998 0.0929374 0.0534706 0.581108
497.164 595.994 0.0934383 0.0570663 0.571673
