805.473 537.412 0.194031 -0.0927857 0.843566
864.876 119.906 -0.11267 -0.108781 0.751806
923.668 163.874 -0.116824 -0.194664 0.860641
754.914 406.61 1.09847 -0.474939 2.83554
801.937 489.306 0.114175 -0.0700813 0.74582
929.894 255.021 -0.026039 -0.127819 0.698503
858.061 182.19 -0.0940976 -0.129772 0.832228
869.849 113.175 -0.258415 -0.232792 1.06858
804.774 532.578 0.194308 -0.093982 0.85174
715.431 439.476 0.0852875 -0.0166472 0.754236
947.095 356.198 0.0486732 -0.229986 0.882794
948.357 420.425 0.0336953 -0.0870096 0.56771
835.603 16.0288 -0.0677181 -0.0388116 0.49884
693.209 122.176 -0.0772685 -0.00563203 0.640241
819.906 59.8243 -0.189797 -0.100198 0.836679
681.229 26.7243 -0.0776222 -0.00387582 0.537523
902.131 185.993 -0.167042 -0.289459 1.08739
934.557 238.131 -0.0565568 -0.21181 0.873766
903.95 472.052 0.269903 -0.324483 1.12756
955.264 540.161 0.120383 -0.139119 0.689113
489.024 610.485 0.0898474 0.0558159 0.559391
725.312 420.738 0.0416513 -0.0179841 0.60988
930.6 43.619 -0.0805316 -0.0777978 0.560106
731.658 127.92 -0.0711652 -0.0210685 0.625741
922.926 46.5678 -0.0909309 -0.0857969 0.593224
945.285 250.433 -0.0261625 -0.123793 0.669794
813.487 553.87 0.177891 -0.0870989 0.789916
504.6 591.149 0.0944126 0.0579658 0.583731
954.643 319.606 0.0141109 -0.218666 0.851971
708.903 384.931 0.055155 -0.0126296 0.779908
829.358 84.7425 -0.0926007 -0.0624423 0.6399
792.594 80.5968 -0.242129 -0.104687 0.969012
836.827 202.875 -0.103627 -0.146363 0.943164
955.254 230.423 -0.054387 -0.1986 0.816639
871.614 117.238 -0.110114 -0.109087 0.739603
793.601 499.384 0.217851 -0.106521 0.958728
790.546 485.746 0.120474 -0.0668033 0.768589
717.053 457.672 0.0733347 -0.0161595 0.675665
602.984 125.191 -0.0540566 0.0187476 0.549262
555.214 525.029 0.116207 0.0695292 0.700486
889.134 459.692 0.293809 -0.351368 1.21469
818.494 49.9873 -0.185598 -0.0938292 0.814437
711.889 364.534 0.0707919 -0.0158181 0.980575
730.667 323.313 0.313037 -0.515703 5.02289
666.96 203.44 -0.057782 0.011401 0.728853
720.216 313.693 -0.030249 -0.130101 4.89362
732.49 422.571 0.0345966 -0.0189645 0.569975
737.442 382.032 0.0561391 -0.0331457 0.796871
695.983 135.708 -0.0992238 -0.00511813 0.739568
626.405 605.447 0.084463 0.0129438 0.550173
936.081 236.359 -0.0585995 -0.21488 0.877085
494.357 598.611 0.0895815 0.0564449 0.567177
917.477 566.556 0.199031 -0.170764 0.809755
790.65 414.068 0.0482887 -0.0491447 0.656596
776.478 165.786 -0.0949838 -0.059748 0.790561
796.364 386.866 0.0663525 -0.0822465 0.832156
806.672 529.427 0.188236 -0.0941405 0.845352
919.223 241.241 -0.063212 -0.230744 0.937962
853.791 5.0766 -0.325994 -0.172674 0.973725
748.789 136.413 -0.0852581 -0.0327146 0.692704
743.13 66.2523 -0.106943 -0.0276292 0.658606
956.114 617.08 0.173166 -0.149924 0.710068
836.719 521.033 0.174254 -0.115154 0.831332
822.961 551.026 0.0887016 -0.0538625 0.603028
765.629 177.552 -0.0962603 -0.0566568 0.827108
784.128 280.816 -0.0302071 -0.114811 1.05981
700.639 342.32 0.454959 0.212693 3.27172
932.795 515.585 0.128259 -0.148813 0.739347
926.204 580.489 0.193937 -0.165213 0.783565
726.021 310.164 -0.0618824 -0.219977 3.81111
634.131 174.884 -0.0634107 0.0238452 0.680228
765.117 384.249 0.641748 -0.455156 2.48416
787.773 25.8728 -0.141967 -0.0528711 0.696906
712.775 257.084 -0.196061 -0.0155784 1.7336
730.008 172.372 -0.0806526 -0.0257472 0.751228
911.81 508.184 0.137255 -0.149219 0.771581
715.233 86.8164 -0.238993 -0.0200005 0.975928
772.229 63.7803 -0.121699 -0.0446075 0.693675
867.134 401.729 0.151393 -0.255777 1.11232
525.612 574.743 0.0948829 0.0546087 0.598083
684.395 30.3645 -0.0789931 -0.00457408 0.544541
487.293 313.774 0.0157572 0.341692 1.13812
824.45 46.9343 -0.183491 -0.096208 0.806162
664.144 404.263 0.0459549 0.00896805 0.668911
865.92 562.79 0.152361 -0.105348 0.730032
840.662 618.544 0.359879 -0.162823 0.965021
583.605 562.876 0.0971772 0.0365705 0.613736
771.531 382.172 0.0464812 -0.0500972 0.73841
904.191 260.303 -0.064976 -0.309482 1.1133
791.028 491.505 0.118542 -0.0646304 0.753705
641.412 557.714 0.0988759 0.0151505 0.622344
641.48 431.385 0.0333811 0.00827576 0.549983
499.091 27.4525 -0.0875193 0.0527347 0.567049
908.089 493.925 0.144701 -0.16427 0.813104
488.05 511.191 0.0599796 0.0563312 0.56142
551.623 371.937 0.0190363 0.0395119 0.575682
881.008 466.46 0.163644 -0.185206 0.916812
935.598 153.736 -0.114433 -0.187806 0.826982
568.133 488.863 0.0717413 0.0445593 0.624469
585.444 566.282 0.100189 0.0366089 0.617649
574.372 477.411 0.0718025 0.0453482 0.640245
667.668 380.411 0.0271135 0.00398891 0.61522
940.886 150.757 -0.111737 -0.184077 0.811291
667.172 387.748 0.0291485 0.00388598 0.609879
489.351 14.4738 -0.0833408 0.049395 0.544863
928.889 407.714 0.121835 -0.268614 0.980538
485.555 131.878 -0.0647604 0.0694079 0.606009
501.198 528.289 0.0689011 0.0554583 0.572193
518.989 542.022 0.0741294 0.0503391 0.574253
716.557 454.671 0.0668677 -0.0155773 0.657421
549.561 126.422 -0.0550182 0.0351564 0.555362
675.27 29.9596 -0.0782677 -0.00212844 0.542051
531.661 271.952 -0.0128474 0.0420417 0.560624
686.963 38.5619 -0.0815339 -0.00500906 0.559
636.991 146.251 -0.058033 0.0136217 0.598601
764.224 296.733 -0.0334664 -0.195749 1.62855
797.323 482.208 0.120439 -0.0724411 0.774758
938.917 237.383 -0.0546085 -0.206224 0.855841
832.401 421.016 0.102697 -0.120441 0.864907
720.179 292.032 -0.0646558 -0.0462149 1.79079
940.924 275.859 -0.0351273 -0.316741 1.03969
724.208 312.631 -0.0899025 -0.298528 5.2465
833.193 166.921 -0.0848483 -0.0901373 0.754566
836.757 375.49 0.0658307 -0.128929 0.88178
764.684 49.4831 -0.151159 -0.0461092 0.74393
840.948 198.771 -0.102061 -0.143285 0.920471
714.825 443.851 0.0848255 -0.016097 0.742904
858.388 460.662 0.45248 -0.443162 1.48127
887.767 459.43 0.293337 -0.348808 1.21478
745.863 377.594 2.1242 -0.993252 4.76372
943.99 471.729 0.180734 -0.26474 0.943273
930.228 516.9 0.132517 -0.150785 0.747329
522.345 580.276 0.0950031 0.054612 0.593731
490.777 611.446 0.0915201 0.0561947 0.562432
