806.502 539.609 0.194073 -0.0927627 0.843548
867.089 122.393 -0.112628 -0.108758 0.751788
925.522 166.111 -0.116782 -0.194641 0.860624
755.106 407.276 1.09851 -0.474916 2.83552
803.334 491.697 0.114217 -0.0700583 0.745803
932.062 257.798 -0.0259973 -0.127796 0.698486
859.915 184.356 -0.0940559 -0.129749 0.83221
871.408 114.962 -0.258373 -0.232769 1.06856
805.795 534.745 0.19435 -0.093959 0.851723
716.863 441.537 0.0853291 -0.0166243 0.754219
948.605 358.463 0.0487149 -0.229964 0.882776
950.904 424.098 0.033737 -0.0869866 0.567693
839.627 20.2303 -0.0676764 -0.0387886 0.498822
695.939 124.807 -0.0772268 -0.00560907 0.640223
822.007 62.0516 -0.189756 -0.100175 0.836662
684.921 30.1959 -0.0775805 -0.00385286 0.537506
903.558 187.736 -0.167001 -0.289436 1.08737
936.264 240.333 -0.0565151 -0.211787 0.873749
904.883 473.982 0.269945 -0.32446 1.12754
956.966 543.308 0.120425 -0.139096 0.689095
490.969 613.038 0.0898891 0.0558389 0.559374
727.434 423.503 0.041693 -0.0179612 0.609862
933.963 47.3657 -0.0804899 -0.0777748 0.560089
734.428 130.708 -0.0711235 -0.0210455 0.625724
926.041 50.0424 -0.0908892 -0.0857739 0.593207
947.592 253.383 -0.0261208 -0.12377 0.669777
814.621 556.259 0.177933 -0.087076 0.789899
506.417 593.548 0.0944543 0.0579888 0.583713
956.284 321.937 0.0141526 -0.218643 0.851954
710.395 386.86 0.0551967 -0.0126066 0.779891
832.119 87.6977 -0.092559 -0.0624194 0.639883
794.385 82.4648 -0.242088 -0.104664 0.968994
838.398 204.719 -0.103585 -0.14634 0.943146
957.124 232.827 -0.0543453 -0.198577 0.816622
873.875 119.786 -0.110072 -0.109064 0.739586
794.479 501.245 0.217892 -0.106498 0.95871
791.869 488.023 0.120516 -0.0667804 0.768572
718.738 460.07 0.0733764 -0.0161365 0.675648
606.378 128.258 -0.0540149 0.0187705 0.549245
556.595 526.887 0.116248 0.0695522 0.700469
889.985 461.462 0.293851 -0.351345 1.21468
820.675 52.2878 -0.185556 -0.0938062 0.81442
712.996 365.976 0.0708336 -0.0157952 0.980558
730.854 323.581 0.313078 -0.51568 5.02287
669.11 205.514 -0.0577403 0.011424 0.728836
720.429 313.941 -0.0302073 -0.130078 4.8936
734.875 425.64 0.0346383 -0.0189416 0.569957
738.899 383.983 0.0561808 -0.0331227 0.796853
698.256 137.882 -0.0991821 -0.00509517 0.739551
628.437 608.494 0.0845047 0.0129667 0.550155
937.786 238.557 -0.0585579 -0.214857 0.877068
496.276 601.109 0.0896231 0.0564679 0.56716
918.715 569.257 0.199073 -0.170741 0.809737
792.563 416.74 0.0483304 -0.0491217 0.656578
778.476 167.919 -0.0949422 -0.059725 0.790543
797.747 388.878 0.0663942 -0.0822235 0.832139
807.716 531.609 0.188278 -0.0941176 0.845334
920.788 243.261 -0.0631704 -0.230721 0.937944
855.702 7.18962 -0.325952 -0.172651 0.973708
751.206 138.883 -0.0852164 -0.0326917 0.692687
745.877 68.9644 -0.106901 -0.0276062 0.658588
957.606 620.312 0.173207 -0.149901 0.710051
837.855 523.328 0.174296 -0.115131 0.831315
824.867 554.224 0.0887433 -0.0538395 0.60301
767.503 179.543 -0.0962186 -0.0566338 0.827091
785.338 282.304 -0.0301654 -0.114788 1.05979
700.882 342.65 0.455001 0.212716 3.2717
934.337 518.433 0.128301 -0.14879 0.73933
927.496 583.317 0.193978 -0.16519 0.783547
726.302 310.501 -0.0618407 -0.219954 3.8111
636.576 177.123 -0.063369 0.0238681 0.68021
765.42 384.947 0.64179 -0.455133 2.48415
790.419 28.5576 -0.141925 -0.0528482 0.696888
713.549 257.854 -0.196019 -0.0155555 1.73358
732.127 174.531 -0.080611 -0.0257242 0.751211
913.238 510.852 0.137297 -0.149196 0.771563
717.058 88.5317 -0.238951 -0.0199775 0.975911
774.806 66.3891 -0.121657 -0.0445845 0.693658
868.122 403.432 0.151434 -0.255754 1.1123
527.377 577.095 0.0949246 0.0546316 0.598065
688.013 33.7736 -0.0789514 -0.00455113 0.544523
488.558 314.412 0.0157988 0.341715 1.1381
826.658 49.2732 -0.183449 -0.096185 0.806145
665.993 406.523 0.0459966 0.00899101 0.668894
867.289 565.547 0.152403 -0.105325 0.730015
841.363 620.845 0.359921 -0.1628 0.965004
585.299 565.295 0.0972188 0.0365934 0.613718
773.18 384.414 0.0465229 -0.0500742 0.738393
905.472 261.993 -0.0649344 -0.309459 1.11328
792.384 493.84 0.118584 -0.0646074 0.753688
643.077 560.253 0.0989176 0.0151734 0.622326
643.995 434.376 0.0334228 0.00829872 0.549966
502.768 30.3188 -0.0874776 0.0527576 0.567032
909.435 496.44 0.144743 -0.164248 0.813087
490.287 513.673 0.0600213 0.0563542 0.561402
554.14 374.475 0.019078 0.0395348 0.575665
882.156 468.611 0.163685 -0.185183 0.916795
937.558 156.095 -0.114392 -0.187783 0.826965
569.985 491.124 0.071783 0.0445823 0.624452
587.106 568.685 0.100231 0.0366319 0.617631
576.169 479.593 0.0718442 0.0453712 0.640228
669.86 382.978 0.0271552 0.00401187 0.615202
942.894 153.175 -0.111696 -0.184054 0.811273
669.376 390.348 0.0291902 0.00390894 0.609862
493.253 17.5242 -0.0832991 0.049418 0.544846
930.132 409.795 0.121877 -0.268591 0.98052
488.678 134.262 -0.0647188 0.0694308 0.605991
503.294 530.728 0.0689427 0.0554812 0.572175
521.021 544.504 0.0741711 0.0503621 0.574236
718.333 457.156 0.0669094 -0.0155544 0.657404
682.58 0.392818 -0.0695101 -0.00427074 0.491688
552.958 129.32 -0.0549765 0.0351794 0.555344
678.919 33.3735 -0.078226 -0.00210548 0.542034
534.604 274.611 -0.0128057 0.0420646 0.560606
690.438 41.841 -0.0814922 -0.0049861 0.558982
639.939 148.987 -0.0579913 0.0136446 0.598584
764.947 297.647 -0.0334248 -0.195726 1.62853
481.026 170.43 -0.0516838 0.072358 0.605988
798.642 484.481 0.120481 -0.0724181 0.774741
940.668 239.641 -0.0545668 -0.206201 0.855824
833.668 423.074 0.102739 -0.120418 0.86489
720.839 292.763 -0.0646141 -0.0461919 1.79077
942.316 277.748 -0.0350856 -0.316718 1.03967
724.41 312.872 -0.0898608 -0.298505 5.24648
835.295 169.291 -0.0848066 -0.0901143 0.754548
838.089 377.478 0.0658724 -0.128906 0.881763
767.11 51.9066 -0.151117 -0.0460863 0.743912
842.571 200.674 -0.102019 -0.143262 0.920454
716.284 445.954 0.0848671 -0.016074 0.742886
859.021 462.156 0.452522 -0.443139 1.48125
888.615 461.195 0.293379 -0.348785 1.21476
745.971 378.023 2.12424 -0.993229 4.7637
945.214 474.033 0.180775 -0.264717 0.943256
931.739 519.716 0.132559 -0.150762 0.747312
524.123 582.652 0.0950448 0.0546349 0.593714
492.694 613.981 0.0915618 0.0562177 0.562414
