805.305 531.856 0.2007 -0.0949959 0.864613
867.004 123.314 -0.111823 -0.109597 0.757758
754.873 405.799 1.11823 -0.482663 2.88412
801.997 483.732 0.119499 -0.0721765 0.76789
925.476 258.393 -0.0248554 -0.131583 0.719209
858.683 185.449 -0.0935877 -0.131053 0.842459
933.036 33.5736 -0.200116 -0.178232 0.819761
803.328 523.822 0.203912 -0.0975793 0.884341
718.581 446.317 0.0836878 -0.0161458 0.730437
949.653 357.973 0.0506332 -0.230273 0.884186
695.855 109.49 -0.0727113 -0.00523103 0.610202
840.48 17.6946 -0.168351 -0.0885743 0.742645
930.945 168.56 -0.149693 -0.259067 0.974941
954.375 233.775 -0.0525297 -0.199663 0.824839
911.719 478.431 0.264703 -0.316875 1.10103
730.602 424.854 0.0423082 -0.0178527 0.598981
737.322 110.972 -0.0659945 -0.019522 0.586982
935.774 38.2238 -0.0874903 -0.0837458 0.57937
958.198 249.508 -0.0243314 -0.120999 0.653739
831.895 595.237 0.159263 -0.0778495 0.707018
502.393 600.139 0.0937625 0.0568364 0.572156
950.421 321.199 0.0167126 -0.22456 0.873993
710.805 394.743 0.0505275 -0.0115026 0.714414
826.068 102.033 -0.0951784 -0.0658317 0.674022
802.024 61.2108 -0.225942 -0.0979249 0.906442
844.54 199.435 -0.0991895 -0.141583 0.912938
882.43 109.79 -0.105614 -0.10572 0.716629
780.522 463.445 0.266176 -0.127876 1.15192
781.012 457.87 0.142366 -0.0765464 0.884282
720.625 449.781 0.078764 -0.016766 0.705831
604.097 118.792 -0.0515939 0.0185184 0.536845
545.071 543.754 0.110648 0.0657215 0.662055
882.204 453.921 0.30952 -0.367196 1.27036
714.091 365.309 0.0723837 -0.0157095 0.983019
730.756 323.622 0.323605 -0.525871 5.13446
668.54 199.814 -0.0549277 0.0111171 0.707201
720.6 313.753 -0.0264867 -0.122217 4.64355
733.515 357.152 0.0876148 -0.0485391 1.14969
646.793 565.563 0.179101 0.0319988 0.776927
700.529 139.497 -0.0988018 -0.00538743 0.748529
929.441 580.024 0.193731 -0.165154 0.783695
798.204 420.566 0.0479353 -0.0474858 0.635288
776.938 174.137 -0.0960399 -0.0617143 0.819117
824.823 413.061 0.0529859 -0.0668835 0.676943
811.335 535.855 0.186314 -0.0925111 0.831142
753.924 131.815 -0.0820742 -0.0319303 0.677083
745.453 88.2792 -0.11132 -0.0294246 0.701356
812.58 476.201 0.217697 -0.140261 1.01473
835.004 570.472 0.0857152 -0.0513341 0.575616
778.027 152.884 -0.0849914 -0.0498119 0.727129
786.659 281.722 -0.0286866 -0.114275 1.05554
701.922 341.422 0.482204 0.230259 3.45621
895.049 478.955 0.154893 -0.17431 0.866845
949.426 609.249 0.18165 -0.153789 0.731258
727.038 309.781 -0.0589916 -0.204785 3.54937
630.98 162.979 -0.0587838 0.0221801 0.638353
767.073 386.443 0.631865 -0.449112 2.43939
709.107 209.238 -0.123358 -0.00946761 1.04906
734.856 157.377 -0.0736449 -0.0235366 0.692347
910.526 505.298 0.141448 -0.151746 0.785253
716.62 46.7387 -0.209641 -0.0167446 0.855841
777.582 58.5179 -0.118167 -0.0436087 0.681055
523.212 584.704 0.0940407 0.0533776 0.584607
689.796 18.1991 -0.0755769 -0.00461401 0.529291
488.083 314.294 0.0169612 0.339918 1.1319
664.272 413.934 0.044117 0.00803369 0.630072
878.75 580.825 0.146632 -0.100633 0.698033
832.934 596.129 0.38826 -0.174302 1.03321
950.028 355.124 0.0488287 -0.234252 0.890634
579.383 580.348 0.0943848 0.0350194 0.588834
812.268 440.122 0.0296245 -0.0340313 0.509977
599.444 464.942 0.0876291 0.0491442 0.708231
920.663 257.556 -0.0601555 -0.29083 1.0477
794.269 493.074 0.119783 -0.0644445 0.752583
641.348 572.048 0.096546 0.0146465 0.600793
630.312 463.387 0.0292642 0.00693913 0.482177
500.323 22.4378 -0.0849961 0.0522278 0.559824
950.065 533.254 0.125959 -0.143137 0.708973
484.424 518.404 0.0597857 0.055158 0.548768
539.62 379.1 0.0185643 0.0370512 0.540252
917.471 499.619 0.141682 -0.161023 0.795347
569.99 491.891 0.0724291 0.0442003 0.618442
548.098 514.357 0.063179 0.0399499 0.563496
666.615 388.684 0.0262342 0.00395561 0.577455
669.478 391.293 0.0294755 0.00387706 0.594019
951.671 418.201 0.113949 -0.250162 0.91298
499.639 534.898 0.0689802 0.0545044 0.561819
688.528 28.7454 -0.0724216 -0.00431202 0.527813
689.237 0.163288 -0.0743144 -0.00473914 0.512866
635.489 133.849 -0.0541763 0.0129831 0.568287
743.73 307.9 -0.0477194 -0.353224 2.94262
504.748 180.933 -0.0528972 0.0773952 0.646874
796.317 474.701 0.127334 -0.0753426 0.806001
951.557 312.847 0.0128104 -0.325404 1.03532
828.795 416.408 0.109322 -0.125624 0.903314
720.96 297.156 -0.0734562 -0.0535725 2.12246
724.167 313.5 -0.0982641 -0.325812 5.73221
838.628 165.813 -0.0825036 -0.089059 0.745987
839.661 377.002 0.0672311 -0.12848 0.880027
776.27 10.0992 -0.135943 -0.0416275 0.670337
840.325 202.614 -0.102399 -0.145559 0.938289
717.94 438.542 0.0897829 -0.0164814 0.769477
844.889 446.644 0.502425 -0.489155 1.63605
873.143 446.924 0.32309 -0.380895 1.32612
745.066 375.561 2.21913 -1.03651 4.97454
952.014 477.489 0.178941 -0.259802 0.926238
522.071 587.004 0.0948925 0.0538112 0.584746
