491.079 163.536 -0.347326 0.413806 1.19053
645.973 140.997 -0.215519 0.0585706 0.916106
892.035 373.544 0.0589636 -0.325081 1.16553
868.822 113.928 -0.274281 -0.206467 0.963899
781.758 297.497 -0.107419 -0.184346 1.36551
727.457 35.3858 -0.304318 -0.0299021 0.878122
641.589 610.836 0.530435 0.137353 1.27478
745.992 295.694 -0.147448 -0.12066 1.56359
762.529 316.674 -0.0612284 -0.137842 1.382
568.843 499.459 0.191216 0.167428 1.00117
628.67 413.503 0.200642 0.231398 1.47016
558.092 398.8 0.0665239 0.173296 0.977503
595.475 387.343 0.0620143 0.15394 1.05361
576.534 379.52 0.0406777 0.135839 0.932694
659.825 521.452 0.188192 0.0460953 0.931276
497.986 190.808 -0.19984 0.268967 1.00333
519.966 211.19 -0.180402 0.251002 1.02429
731.015 318.455 -0.0643738 -0.0626457 1.46859
723.049 299.471 -0.130175 -0.0423716 1.53053
735.572 317.929 -0.0788618 -0.090538 1.63123
734.365 301.503 -0.155478 -0.0966197 1.73329
480.299 192.632 -0.200162 0.295907 1.00896
804.224 104.046 -0.273814 -0.121976 0.943434
574.549 246.317 -0.174111 0.236389 1.16482
886.512 438.887 0.0753356 -0.133417 0.774958
619.727 87.5025 -0.49565 0.165282 1.1843
856.485 624.173 0.417729 -0.219293 1.1057
942.056 418.552 0.0919525 -0.272817 0.960548
759.808 619.006 0.49509 -0.0897606 1.21285
766.903 620.727 0.45376 -0.0944748 1.15953
779.532 620.325 0.520892 -0.130319 1.23967
782.504 635.78 0.436061 -0.110159 1.11052
708.079 365.958 0.0314573 -0.00518927 1.00438
719.076 406.702 0.0742853 -0.0177596 0.95259
713.7 374.494 0.03819 -0.0121348 0.948558
735.022 202.111 -0.140904 -0.0362098 0.901098
903.263 254.27 -0.097408 -0.235502 0.955642
898.941 241.693 -0.152879 -0.306417 1.0924
637.425 533.582 0.213639 0.0752234 0.961405
778.69 93.4307 -0.297505 -0.0952008 0.957993
694.723 338.555 -0.00294678 0.010488 0.983533
626.133 442.416 0.138634 0.111227 1.05714
719.397 55.3003 -0.427337 -0.026375 1.04892
912.924 200.761 -0.198786 -0.303583 1.04663
789.744 333.41 -0.0143873 -0.159615 1.21305
605.311 62.1877 -0.361005 0.123765 0.983725
602.333 72.9784 -0.297163 0.108151 0.920819
773.803 444.165 0.120633 -0.0811625 0.970943
784.024 446.95 0.111558 -0.0841795 0.921512
797.857 575.744 0.601675 -0.221652 1.43629
507.968 137.445 -0.360463 0.344265 1.13581
510.186 143.533 -0.316959 0.307455 1.08737
572.19 300.761 -0.0602932 0.189208 1.05398
582.617 291.818 -0.0624983 0.149672 0.987431
621.235 547.475 0.169513 0.0651568 0.831728
809.519 424.994 0.105266 -0.130627 0.999157
816.212 424.934 0.105289 -0.138949 0.999119
707.758 233.344 -0.133569 -0.00683194 0.983702
590.841 398.675 0.0687432 0.138996 0.991618
784.451 177.235 -0.161492 -0.0857832 0.888988
817.23 189.24 -0.185311 -0.143446 0.97596
748.997 291.925 -0.157895 -0.129353 1.55261
903.901 366.444 0.0489005 -0.360776 1.18827
735.975 287.902 -0.161275 -0.0819238 1.50341
813.398 387.972 0.0537126 -0.121731 0.941711
826.648 369.282 0.0338165 -0.138366 0.946227
626.635 445.677 0.128172 0.0971824 1.00218
791.39 279.8 -0.139225 -0.193039 1.30839
681.386 236.002 -0.127713 0.0253757 0.974477
937.201 312.61 -0.0312747 -0.289134 0.984884
959.423 272.624 -0.0740418 -0.296497 0.950457
688.378 371.523 0.0373754 0.0191419 0.993026
634.429 417.106 0.0775358 0.0690627 0.910915
708.135 199.049 -0.175495 -0.00781529 0.978871
807.596 128.698 -0.231655 -0.119537 0.923059
721.702 129.055 -0.233145 -0.0242203 0.92463
757.595 105.549 -0.203105 -0.0533997 0.833264
749.502 95.77 -0.282511 -0.0576717 0.940444
931.388 168.742 -0.186048 -0.256635 0.926404
907.57 265.855 -0.108462 -0.302763 1.06747
948.451 359.725 0.0251876 -0.280001 0.953868
830.693 238.601 -0.132979 -0.169276 1.00962
830.038 212.03 -0.152572 -0.155016 0.966052
830.743 298.071 -0.0572919 -0.174863 1.03456
951.149 38.4873 -0.217438 -0.191686 0.769863
778.524 622.838 0.353923 -0.0903408 1.02511
720.266 588.195 0.278475 -0.0167556 0.971095
801.22 517.723 0.175136 -0.0962336 0.903443
894.92 531.565 0.396294 -0.384877 1.28719
842.305 612.324 0.350915 -0.175318 1.037
920.376 408.508 0.0896209 -0.278535 1.01455
855.479 451.859 0.145741 -0.19618 1.02448
896.631 530.923 0.188824 -0.189417 0.903499
527.916 246.791 -0.146798 0.268552 1.07814
534.268 349.087 0.00779205 0.247783 1.06602
513.516 343.543 0.00128905 0.205615 0.934405
513.589 353.273 0.0166457 0.359916 1.19697
487.601 285.895 -0.0822944 0.307978 1.04951
509.573 156.762 -0.21644 0.223964 0.948872
526.834 118.806 -0.337999 0.266032 1.05991
626.421 192.161 -0.186096 0.0943958 0.980481
581.196 231.103 -0.134647 0.147377 0.972883
573.199 187.443 -0.183027 0.152559 0.958533
500.983 550.228 0.212773 0.209059 0.927104
641.44 589.885 0.288633 0.07532 0.986986
672.768 582.737 0.28902 0.0400774 1.00007
584.467 575.755 0.35064 0.187674 1.11498
617.448 595.896 0.391792 0.141984 1.13141
583.286 444.364 0.134538 0.162884 1.03513
