490.327 161.805 -0.348665 0.414364 1.19144
645.902 138.791 -0.216857 0.0591281 0.917017
892.401 371.973 0.0576254 -0.324523 1.16644
869.47 111.45 -0.27562 -0.20591 0.964811
781.938 296.11 -0.108757 -0.183788 1.36642
727.62 32.4716 -0.305656 -0.0293446 0.879033
642.133 608.976 0.529097 0.13791 1.27569
746.074 294.466 -0.148786 -0.120102 1.56451
762.684 315.343 -0.0625666 -0.137285 1.38291
569.244 498.05 0.189878 0.167986 1.00209
628.838 412.343 0.199303 0.231956 1.47108
558.261 397.432 0.0651857 0.173853 0.978415
595.637 385.984 0.0606761 0.154498 1.05452
576.712 378.092 0.0393394 0.136396 0.933605
660.337 519.913 0.186854 0.0466528 0.932187
497.452 189.036 -0.201179 0.269525 1.00424
519.548 209.502 -0.18174 0.25156 1.0252
731.111 317.212 -0.065712 -0.0620882 1.4695
723.107 298.249 -0.131514 -0.0418141 1.53144
735.643 316.778 -0.0802 -0.0899805 1.63214
734.411 300.388 -0.156816 -0.0960622 1.7342
804.662 101.547 -0.275152 -0.121419 0.944345
574.311 244.832 -0.17545 0.236947 1.16573
887.447 437.147 0.0739974 -0.13286 0.775869
619.267 85.2239 -0.496989 0.16584 1.18521
856.779 622.083 0.416391 -0.218736 1.10661
942.661 416.804 0.0906142 -0.27226 0.961459
760.169 616.996 0.493752 -0.0892032 1.21376
767.287 618.726 0.452422 -0.0939174 1.16044
779.84 618.273 0.519554 -0.129761 1.24058
782.907 633.72 0.434723 -0.109601 1.11144
708.382 364.442 0.030119 -0.00463179 1.00529
719.478 405.166 0.072947 -0.0172021 0.953501
714.067 372.941 0.0368518 -0.0115773 0.949469
735.329 200.084 -0.142242 -0.0356523 0.90201
903.946 252.325 -0.0987463 -0.234944 0.956554
899.49 239.848 -0.154217 -0.305859 1.09331
637.928 532.047 0.212301 0.0757809 0.962316
779.016 90.9042 -0.298843 -0.0946433 0.958905
694.991 337.004 -0.00428503 0.0110455 0.984444
626.43 441.023 0.137296 0.111784 1.05805
719.391 52.6492 -0.428675 -0.0258175 1.04983
913.578 198.723 -0.200124 -0.303025 1.04754
790 331.949 -0.0157256 -0.159058 1.21397
604.877 59.6226 -0.362343 0.124323 0.984637
601.969 70.4344 -0.298502 0.108709 0.921731
774.264 442.584 0.119294 -0.080605 0.971854
784.554 445.34 0.110219 -0.083622 0.922424
798.013 573.841 0.600337 -0.221094 1.4372
507.221 135.523 -0.361801 0.344822 1.13672
509.497 141.603 -0.318297 0.308013 1.08828
572.122 299.318 -0.0616315 0.189766 1.05489
582.586 290.286 -0.0638365 0.15023 0.988342
621.858 545.973 0.168175 0.0657143 0.83264
809.969 423.397 0.103927 -0.130069 1.00007
816.667 423.33 0.103951 -0.138391 1.00003
707.939 231.534 -0.134907 -0.00627445 0.984613
591.047 397.285 0.067405 0.139554 0.992529
784.907 175.053 -0.16283 -0.0852257 0.8899
817.692 187.168 -0.186649 -0.142888 0.976872
749.084 290.681 -0.159233 -0.128796 1.55352
904.264 364.876 0.0475622 -0.360218 1.18918
736.049 286.632 -0.162614 -0.0813663 1.50432
813.914 386.329 0.0523744 -0.121173 0.942622
827.174 367.614 0.0324783 -0.137809 0.947138
626.962 444.257 0.126834 0.0977398 1.00309
791.603 278.329 -0.140564 -0.192481 1.3093
681.508 234.215 -0.129051 0.0259332 0.975388
937.864 310.795 -0.0326129 -0.288577 0.985795
688.669 370.023 0.0360372 0.0196994 0.993937
634.777 415.635 0.0761975 0.0696202 0.911826
708.284 197.111 -0.176833 -0.0072578 0.979782
808.072 126.306 -0.232994 -0.118979 0.92397
721.876 126.736 -0.234484 -0.0236628 0.925541
757.996 102.989 -0.204444 -0.0528423 0.834176
749.736 93.2639 -0.283849 -0.0571142 0.941355
932.243 166.44 -0.187386 -0.256078 0.927315
908.136 264.045 -0.1098 -0.302205 1.06838
949.129 357.938 0.0238493 -0.279443 0.954779
831.158 236.727 -0.134318 -0.168719 1.01053
830.545 210.024 -0.15391 -0.154459 0.966963
831.18 296.371 -0.0586301 -0.174306 1.03547
952.428 35.3289 -0.218776 -0.191129 0.770774
779.009 620.889 0.352584 -0.0897833 1.02603
720.821 586.449 0.277137 -0.0161981 0.972006
801.812 516.044 0.173798 -0.0956762 0.904354
895.031 529.765 0.394956 -0.384319 1.2881
842.706 610.335 0.349577 -0.174761 1.03791
920.893 406.812 0.0882827 -0.277977 1.01546
855.924 450.214 0.144403 -0.195623 1.02539
897.247 529.128 0.187485 -0.18886 0.904411
527.594 245.27 -0.148137 0.26911 1.07905
534.246 347.766 0.0064538 0.248341 1.06693
513.493 342.129 -4.92036e-05 0.206172 0.935316
513.524 352.077 0.0153074 0.360474 1.19788
487.307 284.491 -0.0836326 0.308535 1.05042
509.022 154.776 -0.217778 0.224521 0.949783
526.153 116.706 -0.339337 0.26659 1.06082
626.314 190.265 -0.187434 0.0949532 0.981392
581.039 229.385 -0.135985 0.147935 0.973795
572.933 185.551 -0.184365 0.153117 0.959444
501.497 548.814 0.211435 0.209617 0.928016
642.018 588.213 0.287295 0.0758775 0.987897
673.315 581.047 0.287682 0.0406348 1.00098
585.019 574.153 0.349302 0.188232 1.11589
618.011 594.18 0.390453 0.142542 1.13233
583.564 443.003 0.1332 0.163441 1.03605
