792.54 490.374 0.239147 -0.110711 1.01066
867.621 205.241 -0.144961 -0.254483 1.12772
754.942 403.12 1.1481 -0.49395 2.95687
784.843 440.214 0.152554 -0.088727 0.946289
822.906 216.562 -0.113474 -0.166852 1.07243
809.229 528.169 0.200961 -0.0946236 0.860945
721.429 430.529 0.09341 -0.0172835 0.783679
932.852 62.8391 -0.166582 -0.173224 0.809161
702.614 148.044 -0.0814606 -0.00645723 0.724496
944.917 500.869 0.236579 -0.281017 0.978005
484.652 624.774 0.0901075 0.0531709 0.536695
733.537 401.123 0.0519104 -0.0208017 0.674049
744.257 21.8025 -0.0527332 -0.0156398 0.477228
824.787 563.106 0.175391 -0.0838303 0.762481
497.856 606.716 0.0937756 0.0552371 0.556882
717.028 348.631 0.109025 -0.0211917 1.36758
815.094 224.678 -0.118429 -0.176316 1.13878
765.311 421.649 0.356294 -0.168017 1.51759
786.429 462.102 0.139291 -0.0731673 0.85081
723.952 469.541 0.071844 -0.0148269 0.628843
600.938 101.716 -0.047679 0.0180211 0.523724
548.935 540.151 0.113311 0.0654645 0.661535
874.638 443.722 0.329023 -0.386416 1.33815
715.159 373.56 0.0633526 -0.0137944 0.843997
731.11 323.619 0.329628 -0.528033 5.12613
656.613 165.785 -0.0456706 0.00950581 0.604736
720.91 313.423 -0.0275749 -0.122332 4.54547
732.48 349.54 0.104923 -0.0554456 1.3239
653.489 551.143 0.18871 0.0332602 0.805167
701.469 137.611 -0.0968672 -0.00547458 0.756167
798.161 409.077 0.0529237 -0.0494304 0.658117
791.452 130.685 -0.0793542 -0.0507064 0.685961
824.903 404.871 0.0570333 -0.0679404 0.689643
799.663 497.46 0.217726 -0.105968 0.952216
757.609 97.4201 -0.0725122 -0.0279977 0.613661
652.008 462.122 0.0730843 0.0159354 0.64561
845.529 526.042 0.174904 -0.111575 0.812696
787.428 279.472 -0.0260789 -0.114848 1.06035
701.917 341.698 0.486965 0.23749 3.44858
727.487 309.541 -0.058667 -0.209545 3.56269
633.641 156.081 -0.0556466 0.0211547 0.63503
766.78 383.984 0.64826 -0.459256 2.49892
712.855 241.878 -0.164663 -0.012703 1.44549
740.633 95.4854 -0.0589805 -0.0189749 0.563115
717.483 88.4911 -0.237264 -0.0198719 0.986168
640.798 591.119 0.178108 0.0330329 0.737141
508.847 605.532 0.0907712 0.0502268 0.550682
503.926 314.423 0.0208915 0.358873 1.19519
670.99 401.351 0.049776 0.00852735 0.662815
512.309 348.822 0.0573855 0.222843 0.990043
565.891 609.14 0.0892456 0.0323668 0.544328
836.635 455.419 0.0283491 -0.0304861 0.456995
607.505 454.877 0.0936133 0.0507913 0.731386
795.337 484.74 0.124906 -0.0652438 0.766013
648.978 557.405 0.10201 0.0147527 0.615318
629.069 461.309 0.0308017 0.0067869 0.46589
495.707 8.00753 -0.0810076 0.0513782 0.55161
609.641 407.498 0.111568 0.0938144 0.929952
535.566 373.756 0.0207717 0.0363563 0.528142
607.292 446.593 0.0919786 0.0531414 0.742909
560.024 499.153 0.0682258 0.0409487 0.580154
722.972 630.728 0.279079 -0.0188177 0.845311
656.557 399.917 0.0243175 0.00356476 0.503014
680.078 373.121 0.0372241 0.00437728 0.666094
508.297 358.051 0.0960733 0.342991 1.17958
704.283 166.355 -0.108805 -0.00601485 0.861435
898.696 182.296 -0.126458 -0.220698 0.971887
621.3 92.9702 -0.0469494 0.0117112 0.511824
744.196 307.547 -0.045068 -0.354822 2.94241
715.886 101.809 -0.453736 -0.0224458 1.35092
941.296 308.724 0.0135185 -0.25049 0.938676
568.524 216.108 -0.0620702 0.0993562 0.83015
781.537 436.071 0.160187 -0.0915328 0.98136
917.648 310.387 0.0190453 -0.372736 1.18615
856.926 435.934 0.0945657 -0.107343 0.771552
823.646 567.94 0.437316 -0.19117 1.13524
721.274 298.584 -0.0768078 -0.0582527 2.30162
623.524 49.4652 -0.135729 0.0372209 0.723848
724.348 313.494 -0.0946032 -0.329052 5.75203
843.505 155.82 -0.0780946 -0.0872155 0.729965
822.527 364.265 0.0814141 -0.147126 1.00852
821.919 218.058 -0.113559 -0.168166 1.08087
720.508 400.785 0.12221 -0.0211328 0.996175
828.805 427.411 0.578659 -0.558728 1.87171
845.813 421.013 0.391777 -0.455424 1.58851
745.076 373.995 2.27298 -1.06007 5.09403
513.732 404.735 0.0928613 0.161686 0.867216
564.196 528.589 0.114665 0.0625671 0.67828
490.752 344.249 0.0246146 0.0993049 0.685057
