633.546 513.135 0.192433 0.0823758 0.965399
542.456 498.952 0.237393 0.255933 1.11444
663.766 634.966 0.489734 0.0809257 1.17828
631.944 515.11 0.189227 0.0815115 0.952746
783.901 626.163 0.438092 -0.111899 1.12877
666.941 500.714 0.194513 0.0494805 1.00283
640.485 621.06 0.508139 0.131597 1.22646
782.091 435.085 0.110114 -0.0875982 0.968271
923.027 286.073 -0.0530604 -0.236374 0.927625
601.275 293.773 -0.078108 0.170215 1.11933
775.678 222.692 -0.149313 -0.0932378 1.00273
688.674 369.353 0.0329447 0.0179086 0.954426
778.464 134.403 -0.243956 -0.0925168 0.963454
755.277 157.743 -0.209699 -0.0625489 0.952135
938.868 354.489 0.022516 -0.29291 1.00087
723.285 564.834 0.29001 -0.0187149 1.03661
799.523 503.787 0.178142 -0.100774 0.947316
844.102 605.782 0.349144 -0.176656 1.04561
860.571 624.435 0.409067 -0.2157 1.09313
917.072 401.462 0.0864934 -0.284366 1.04011
952.885 416.963 0.0867194 -0.265397 0.936066
954.721 549.952 0.248783 -0.288998 0.985918
850.077 435.31 0.152523 -0.224451 1.12322
864.658 448.626 0.142782 -0.204335 1.02487
534.4 347.055 0.00543376 0.247442 1.06604
538.283 268.886 -0.0748346 0.16966 0.91174
507.257 151.138 -0.217187 0.2214 0.943173
538.054 169.375 -0.206552 0.196909 0.966336
557.941 159.732 -0.215847 0.171351 0.961966
537.722 502.729 0.230802 0.24934 1.088
645.085 582.404 0.288278 0.0762317 1.00157
676.99 569.825 0.292515 0.040983 1.03218
574.055 595.5 0.324949 0.174842 1.03734
587.202 450.431 0.148417 0.166457 1.05647
721.384 399.044 0.0728356 -0.0191914 0.999488
734.384 206.14 -0.156489 -0.0377299 0.962508
815.543 426.002 0.100659 -0.126527 0.968854
579.424 300.54 -0.0643765 0.195061 1.09449
624.823 446.071 0.119495 0.092897 0.968287
707.487 185.273 -0.165401 -0.0066372 0.923253
792.055 158.413 -0.212362 -0.107215 0.960228
718.332 84.2546 -0.281704 -0.020357 0.926999
914.198 244.786 -0.0980289 -0.229267 0.927705
903.351 349.161 0.0162884 -0.27252 1.04545
902.452 171.224 -0.166579 -0.20578 0.898123
724.059 601.686 0.259323 -0.0168906 0.917686
825.03 529.406 0.323595 -0.195939 1.17516
545.213 216.779 -0.145228 0.183217 0.957181
496.007 185.591 -0.204288 0.269483 1.00349
595.087 331.056 -0.0160478 0.159687 1.06418
681.375 114.109 -0.238369 0.0199224 0.911552
544.822 495.875 0.23731 0.257418 1.12431
641.108 596.552 0.275113 0.0721028 0.954744
698.161 630.736 0.491315 0.0235973 1.18665
615.344 602.261 0.376134 0.138299 1.09738
570.474 453.869 0.12447 0.151302 0.958271
612.809 457.196 0.121923 0.0975088 0.932988
603.599 379.534 0.0655943 0.185839 1.17784
722.054 400.253 0.0706311 -0.0194823 0.974659
811.606 201.049 -0.179122 -0.142073 1.0076
780.731 73.988 -0.284098 -0.0878382 0.915331
755.428 152.065 -0.205056 -0.0601764 0.930094
718.761 67.9563 -0.263894 -0.019803 0.876787
755.651 61.6086 -0.255359 -0.053775 0.856562
831.482 223.278 -0.126667 -0.144283 0.939239
833.027 204.578 -0.153914 -0.152136 0.955399
890.407 172.999 -0.165237 -0.19375 0.898865
722.946 597.619 0.260809 -0.0159864 0.926753
958.584 550.788 0.245443 -0.288411 0.977745
849.083 578.236 0.279602 -0.164813 0.988266
862.815 628.953 0.404195 -0.213099 1.07924
866.291 449.703 0.141255 -0.202299 1.01494
549.158 220.275 -0.147617 0.187067 0.976259
496.702 352.778 0.0106573 0.212204 0.914499
605.349 227.508 -0.14761 0.127756 1.00644
589.078 330.906 -0.0148111 0.153992 1.02442
642.913 586.254 0.279711 0.0748357 0.980343
674.834 578.873 0.280894 0.0397222 0.994968
601.2 638.402 0.343655 0.125759 0.991907
650.555 451.569 0.121464 0.0606054 0.950926
569.955 456.011 0.123202 0.147015 0.945067
916.769 349.123 0.015297 -0.262894 0.996125
907.03 289.725 -0.0599245 -0.258708 1.00342
621.947 446.016 0.127563 0.103859 0.999652
531.534 508.238 0.221125 0.23844 1.05006
578.526 572.56 0.302291 0.172722 1.0463
638.146 611.38 0.263046 0.0671403 0.911146
829.818 172.818 -0.172491 -0.136176 0.912744
858.18 174.889 -0.180819 -0.175803 0.937598
850.24 623.821 0.315557 -0.157244 0.967601
834.534 550.548 0.308692 -0.18314 1.09542
559.756 298.807 -0.0511058 0.171015 0.971766
863.852 448.166 0.143263 -0.204822 1.02856
801.152 58.7003 -0.259441 -0.0969216 0.859191
502.564 147.518 -0.210288 0.215177 0.92228
728.8 367.368 0.0299491 -0.0262363 0.927535
548.621 219.299 -0.144032 0.181575 0.962524
581.511 81.468 -0.255738 0.116646 0.882153
587.684 258.788 -0.107891 0.151788 1.01054
612.175 230.228 -0.151462 0.125519 1.02939
929.291 239.446 -0.0915313 -0.220291 0.881428
666.366 219.729 -0.117971 0.0344755 0.89156
596.373 295.746 -0.0699282 0.165477 1.08455
597.194 435.918 0.142109 0.169711 1.1056
574.948 393.846 0.0611579 0.154926 0.980124
821.591 184.74 -0.163574 -0.129709 0.92197
831.934 207.398 -0.153927 -0.153732 0.964458
567.934 386.682 0.0271003 0.0534709 0.624939
728.818 200.668 -0.125967 -0.0265967 0.862843
601.365 432.316 0.147495 0.177124 1.1452
610.73 477.652 0.118944 0.0802273 0.853643
825.751 564.707 0.36637 -0.18797 1.15408
639.185 603.981 0.266151 0.0691451 0.927785
910.238 404.501 0.095128 -0.289332 1.06593
517.484 148.773 -0.190433 0.18138 0.887106
593.143 529.068 0.110378 0.0596762 0.707975
663.283 521.074 0.174612 0.0408346 0.901465
548.554 334.312 -0.0133143 0.240533 1.0925
828.093 176.178 -0.174797 -0.138395 0.926226
876.479 112.921 -0.207594 -0.166822 0.862448
596.008 237.235 -0.112995 0.116333 0.932517
598.143 219.811 -0.136052 0.117409 0.943542
910.218 346.035 0.011783 -0.27009 1.02378
760.218 137.774 -0.188999 -0.0579635 0.869778
780.504 189.314 -0.181131 -0.0951919 0.974558
796.702 115.334 -0.271644 -0.116824 0.970042
584.155 386.463 0.0584145 0.162575 1.0321
637.024 426.633 0.139418 0.118397 1.14564
774.811 437.831 0.114839 -0.0803029 0.975617
588.105 330.896 -0.0147888 0.154784 1.02302
705.674 183.554 -0.160099 -0.0049201 0.906079
721.431 39.0632 -0.23621 -0.020347 0.800509
593.89 485.473 0.110617 0.0814778 0.802802
900.166 181.033 -0.166 -0.21427 0.921091
584.397 86.7635 -0.258877 0.117883 0.895
736.309 162.503 -0.184978 -0.037557 0.912327
633.464 513.547 0.180046 0.0760869 0.93422
527.055 510.277 0.214809 0.234118 1.03015
579.507 255.192 -0.101036 0.145234 0.963796
596.633 217.579 -0.135311 0.116166 0.933827
661.487 213.319 -0.109186 0.0336787 0.844714
803.967 90.2454 -0.248283 -0.105986 0.88965
602.602 330.109 -0.0195542 0.168325 1.12158
771.87 375.996 0.0364278 -0.0651791 0.883275
771.133 591.423 0.375241 -0.0910711 1.11181
589.277 383.443 0.0583636 0.168202 1.0667
631.256 432.351 0.132012 0.112285 1.08406
564.138 619.624 0.317914 0.166725 0.985545
894.058 528.729 0.194692 -0.191104 0.922753
819.206 548.956 0.380709 -0.197144 1.21452
792.007 478.381 0.183887 -0.111961 1.03927
722.239 583.259 0.266283 -0.0159649 0.960588
634.004 514.121 0.179706 0.0750643 0.93192
578.021 256.671 -0.123393 0.183598 1.05922
797.629 106.546 -0.258745 -0.109307 0.933378
791.53 163.839 -0.156229 -0.0839701 0.854335
555.18 332.228 -0.0169608 0.239248 1.11045
705.946 191.022 -0.171067 -0.00450045 0.952446
552.341 287.65 -0.0456565 0.130496 0.848769
829.528 493.759 0.175463 -0.139178 0.966648
818.385 477.668 0.168603 -0.135647 0.998232
616.811 414.896 0.114236 0.144151 1.11995
605.945 225.921 -0.140334 0.118656 0.978546
490.236 141.474 -0.196633 0.206834 0.883917
487.562 549.978 0.190816 0.200919 0.884285
584.555 586.917 0.359547 0.186243 1.1051
861.813 445.023 0.140587 -0.204271 1.03333
839.235 597.407 0.333291 -0.168125 1.03774
805.999 507.177 0.165013 -0.0982298 0.904438
512.637 155.299 -0.220565 0.223798 0.959074
562.777 340.802 -0.0040378 0.287969 1.23342
509.036 154.139 -0.215765 0.221523 0.947233
848.617 185.782 -0.195736 -0.188702 1.00055
556.355 253.141 -0.115342 0.191657 1.00817
856.237 510.158 0.1916 -0.166776 0.961315
938.558 463 0.148261 -0.273171 0.981362
613.909 227.16 -0.151851 0.119945 1.01815
717.656 38.5304 -0.241645 -0.0174999 0.807374
532.389 255.241 -0.105317 0.207361 0.977727
853.62 605.835 0.29835 -0.162628 0.970113
865.241 534.762 0.198248 -0.160068 0.918663
644.42 132.166 -0.214244 0.0578282 0.902847
696.473 349.877 0.0118397 0.0105942 0.992709
822.798 492.31 0.162915 -0.12372 0.937366
827.086 229.559 -0.132061 -0.151866 0.979816
673.562 227.649 -0.127335 0.0329606 0.948517
641.103 406.548 0.0749849 0.073715 0.965963
589.941 479.38 0.158043 0.134683 0.974873
678.478 562.021 0.297376 0.0415549 1.05671
912.983 369.77 0.0526284 -0.335979 1.13246
762.368 367.625 0.0294189 -0.0586554 0.90243
651.262 451.668 0.122085 0.0601342 0.95282
691.431 281.285 -0.0616372 0.0120389 0.924835
649.186 398.64 0.0774981 0.0782257 1.04373
646.547 363.582 0.0226353 0.0522651 0.875844
686.994 371.981 0.0325429 0.0164016 0.902965
573.549 580.983 0.29404 0.167644 1.01614
592.472 475.091 0.159269 0.137559 0.992862
497.823 194.503 -0.17423 0.241317 0.961095
791.541 162.396 -0.152339 -0.0816756 0.842472
776.446 441.592 0.113959 -0.078786 0.954846
491.472 270.591 -0.027794 0.0973543 0.654046
579.581 568.875 0.302258 0.174218 1.05389
542.253 495.956 0.231098 0.254177 1.11022
874.616 456.266 0.136568 -0.19433 0.971973
605.363 460.819 0.168848 0.147082 1.07498
708.741 195.913 -0.177973 -0.00744707 0.983586
722.121 397.561 0.0718836 -0.0202568 1.00527
819.704 432.8 0.0999939 -0.121062 0.931547
689.253 222.457 -0.115557 0.0118993 0.893764
697.488 347.115 0.00849617 0.00937957 0.994476
593.957 295.743 -0.069199 0.167148 1.0791
678.207 460.633 0.112212 0.0240032 0.879813
559.67 248.789 -0.111697 0.172823 0.973917
724.494 594.711 0.259754 -0.0176606 0.92969
851.054 183.765 -0.130227 -0.131668 0.83705
489.346 346.364 0.00413912 0.211604 0.899477
549.243 93.8464 -0.241738 0.147453 0.879528
885.513 553.787 0.184682 -0.153222 0.850768
717.424 417.925 0.112907 -0.014479 1.08201
801.902 440.569 0.108654 -0.102898 0.935588
502.478 555.555 0.212035 0.203921 0.918145
774.945 619.524 0.351956 -0.082704 1.02822
493.442 346.193 0.00398396 0.210325 0.904616
494.573 163.758 -0.355789 0.419904 1.21229
646.739 138.944 -0.220736 0.0596596 0.928087
893.29 369.919 0.0563322 -0.325922 1.17159
871.253 107.289 -0.276144 -0.205668 0.963417
782.241 294.775 -0.111108 -0.185538 1.37815
727.605 35.064 -0.31232 -0.0300433 0.894872
645.682 600.879 0.538067 0.140321 1.30342
746.615 293.115 -0.15031 -0.120355 1.56701
763.114 313.973 -0.0646009 -0.138733 1.39519
570.3 497.322 0.18819 0.16736 1.00187
632.546 409.05 0.202524 0.236529 1.5095
558.515 396.626 0.0636307 0.172919 0.976579
592.928 386.336 0.0583344 0.150605 1.03123
576.697 377.182 0.0378439 0.135364 0.930374
661.947 517.868 0.186012 0.0466672 0.936913
496.639 187.198 -0.202066 0.268515 1.00335
518.871 207.72 -0.182598 0.250514 1.02393
731.686 315.997 -0.0678679 -0.0630394 1.48438
723.716 297.35 -0.134701 -0.0429274 1.55162
736.079 315.669 -0.0826513 -0.0913707 1.65178
734.772 299.514 -0.160143 -0.0975609 1.75564
480.253 189.903 -0.20325 0.296321 1.0132
807.594 92.9468 -0.27119 -0.119744 0.928509
574.757 243.697 -0.177102 0.236875 1.16878
891.842 436.376 0.0721042 -0.13199 0.769967
627.439 103.162 -0.537415 0.177433 1.27751
855.752 613.945 0.42227 -0.223282 1.12869
941.663 413.557 0.0900365 -0.276145 0.974611
761.423 612.103 0.496745 -0.0904142 1.22665
768.618 614.442 0.454218 -0.0949952 1.17063
782.295 620.739 0.511794 -0.128212 1.22621
784.3 629.774 0.435784 -0.110637 1.11962
709.426 363.028 0.0286915 -0.00498542 1.00385
721.011 403.372 0.0717501 -0.0179112 0.958496
715.216 371.595 0.0353788 -0.0118887 0.946517
735.958 198.69 -0.14453 -0.0361615 0.908495
903.147 250.852 -0.101396 -0.237684 0.968259
900.797 237.441 -0.155752 -0.30646 1.09561
636.259 538.139 0.205233 0.0733893 0.935125
780.652 83.0473 -0.29537 -0.0933954 0.945591
695.86 335.447 -0.00559856 0.0106406 0.9824
618.196 450.415 0.127076 0.103151 0.978945
719.474 61.3292 -0.44634 -0.0270399 1.08977
919.051 193.287 -0.198179 -0.299095 1.03277
790.738 330.279 -0.0172666 -0.160036 1.22006
604.362 56.6691 -0.363382 0.123821 0.985187
601.058 66.4252 -0.298584 0.107885 0.919364
775.983 441.378 0.117608 -0.0807449 0.970504
786.034 443.195 0.109181 -0.0845205 0.927643
800.43 574.935 0.592957 -0.219382 1.4239
511.64 138.355 -0.370389 0.350656 1.16008
509.098 140.035 -0.319698 0.307624 1.08981
572.285 298.023 -0.0628797 0.189047 1.0544
583.667 289.008 -0.0651304 0.14911 0.989727
622.686 546.614 0.165805 0.0649361 0.828554
811.744 421.929 0.10235 -0.130174 0.999433
818.47 421.834 0.10238 -0.138492 0.999486
708.563 229.054 -0.135708 -0.00661979 0.982278
591.48 396.4 0.0658488 0.138732 0.990642
786.46 170.943 -0.162962 -0.0850068 0.88518
819.19 183.902 -0.187319 -0.142756 0.974883
748.413 290.875 -0.167418 -0.134016 1.61588
904.968 362.787 0.0462569 -0.361991 1.19526
736.602 285.162 -0.163792 -0.0814198 1.50378
815.985 384.788 0.0508353 -0.121016 0.939917
831.712 366.569 0.0308116 -0.134934 0.926979
625.532 446.304 0.122914 0.0949146 0.980457
791.933 276.955 -0.142994 -0.194097 1.31926
681.927 231.843 -0.129891 0.0254673 0.973161
940.552 308.309 -0.0338598 -0.288112 0.984344
688.694 369.554 0.0342643 0.0190296 0.971825
635.976 414.51 0.0747396 0.0689816 0.912076
708.453 191.174 -0.174003 -0.00734962 0.960008
811.032 118.068 -0.229508 -0.116895 0.907457
722.294 118.418 -0.23058 -0.0234165 0.907544
759.14 97.2088 -0.203902 -0.0527531 0.828394
751.25 84.7228 -0.279808 -0.0568298 0.925847
932.957 163.897 -0.189402 -0.256967 0.931697
913.546 260.223 -0.109168 -0.298032 1.05277
948.199 355.355 0.0224591 -0.283428 0.967524
830.478 236.061 -0.137923 -0.171529 1.02657
834.635 203.852 -0.151361 -0.151014 0.946365
835.161 293.368 -0.0585126 -0.171338 1.01683
957.768 26.3718 -0.217584 -0.189436 0.763823
779.671 614.924 0.355323 -0.0908338 1.04046
722.842 592.181 0.269879 -0.0163259 0.951056
758.093 630.745 0.496772 -0.0791993 1.1909
803.05 513.664 0.172959 -0.096145 0.909184
894.574 525.652 0.397297 -0.388589 1.3026
849.613 619.692 0.337568 -0.169373 1.00564
926.461 405.978 0.085921 -0.274827 1.00281
860.439 450.828 0.140918 -0.19266 1.00948
900.241 528.18 0.185489 -0.188576 0.902634
530.049 245.096 -0.151157 0.271236 1.09118
536.403 346.643 0.00493652 0.249838 1.07605
522.365 340.77 -0.00232057 0.214194 0.97152
498.821 352.803 0.0142399 0.33834 1.12728
486.972 283.37 -0.0848015 0.307485 1.04955
510.144 154.081 -0.220108 0.224714 0.955344
520.513 109.031 -0.332855 0.260271 1.03889
627.712 190.169 -0.190962 0.0955394 0.993053
582.295 228.705 -0.138519 0.148827 0.982224
568.151 179.012 -0.180733 0.149204 0.936945
502.495 548.711 0.209494 0.208401 0.926684
641.083 595.86 0.278397 0.0733552 0.961318
675.458 576.797 0.288841 0.0408212 1.01221
697.905 632.09 0.491582 0.0239228 1.18449
586.948 572.164 0.348648 0.188557 1.12007
617.833 597.319 0.383671 0.140381 1.1173
580.703 445.208 0.129072 0.158978 1.01211
