633.71 512.297 0.193144 0.0828855 0.965231
542.559 498.469 0.238104 0.256442 1.11427
664.005 634.275 0.490444 0.0814354 1.17811
632.116 514.249 0.189938 0.0820211 0.952578
784.064 625.226 0.438803 -0.11139 1.12861
667.067 499.9 0.195224 0.0499901 1.00266
640.709 620.466 0.508849 0.132106 1.22629
782.095 434.109 0.110824 -0.0870886 0.968103
922.766 284.988 -0.0523499 -0.235864 0.927456
601.138 293.284 -0.0773975 0.170725 1.11916
775.45 221.918 -0.148602 -0.0927282 1.00256
688.662 368.514 0.0336552 0.0184183 0.954258
778.153 133.609 -0.243246 -0.0920072 0.963286
755.006 156.94 -0.208989 -0.0620393 0.951967
938.628 353.448 0.0232264 -0.2924 1.0007
723.446 563.939 0.290721 -0.0182052 1.03644
799.594 502.691 0.178853 -0.100264 0.947148
844.205 604.67 0.349855 -0.176147 1.04544
860.662 623.332 0.409777 -0.21519 1.09296
916.893 400.456 0.0872038 -0.283856 1.03994
952.711 415.733 0.0874298 -0.264887 0.935898
954.653 548.65 0.249493 -0.288488 0.98575
849.987 434.455 0.153233 -0.223942 1.12305
864.587 447.619 0.143492 -0.203826 1.0247
534.329 346.568 0.00614424 0.247951 1.06587
538.189 268.17 -0.0741241 0.170169 0.911571
506.99 150.519 -0.216476 0.22191 0.943005
537.807 168.767 -0.205842 0.197419 0.966168
557.689 159.102 -0.215136 0.171861 0.961797
537.836 502.218 0.231512 0.249849 1.08783
645.313 581.562 0.288989 0.0767413 1.0014
677.181 568.99 0.293225 0.0414926 1.03201
574.3 594.815 0.325659 0.175351 1.03717
587.267 449.834 0.149128 0.166966 1.0563
721.376 398.222 0.0735461 -0.0186818 0.999319
734.171 205.35 -0.155779 -0.0372203 0.96234
815.511 424.992 0.101369 -0.126017 0.968686
579.298 300.046 -0.063666 0.195571 1.09433
624.911 445.291 0.120206 0.0934066 0.968119
707.276 184.448 -0.16469 -0.00612756 0.923084
791.763 157.592 -0.211651 -0.106705 0.96006
718.005 83.4613 -0.280994 -0.0198474 0.926831
913.906 243.745 -0.0973184 -0.228758 0.927537
903.136 348.228 0.0169989 -0.27201 1.04529
902.111 170.192 -0.165868 -0.20527 0.897955
724.303 600.55 0.260034 -0.016381 0.917518
825.049 528.547 0.324306 -0.195429 1.175
545.031 216.147 -0.144517 0.183727 0.957013
495.744 185.071 -0.203577 0.269993 1.00332
595.008 330.503 -0.0153373 0.160197 1.06401
681.097 113.307 -0.237659 0.020432 0.911384
544.918 495.401 0.23802 0.257928 1.12414
641.371 595.623 0.275823 0.0726124 0.954575
698.379 629.998 0.492026 0.0241069 1.18648
615.574 601.587 0.376845 0.138809 1.09721
570.581 453.138 0.12518 0.151811 0.958103
612.928 456.36 0.122633 0.0980185 0.93282
603.551 379.078 0.0663048 0.186348 1.17767
722.054 399.389 0.0713416 -0.0189727 0.974491
811.333 200.262 -0.178412 -0.141563 1.00744
780.373 73.1351 -0.283387 -0.0873285 0.915163
755.159 151.226 -0.204346 -0.0596667 0.929925
718.439 67.0735 -0.263184 -0.0192934 0.876619
755.32 60.6595 -0.254649 -0.0532654 0.856393
831.239 222.351 -0.125956 -0.143774 0.93907
832.758 203.69 -0.153204 -0.151627 0.95523
890.079 171.977 -0.164527 -0.193241 0.898697
723.182 596.508 0.26152 -0.0154768 0.926584
958.513 549.466 0.246154 -0.287902 0.977577
849.169 577.062 0.280312 -0.164304 0.988098
862.912 627.825 0.404905 -0.212589 1.07907
866.222 448.679 0.141965 -0.201789 1.01477
548.971 219.669 -0.146907 0.187577 0.976091
496.703 352.091 0.0113678 0.212714 0.914331
605.167 226.893 -0.1469 0.128265 1.00627
589.011 330.307 -0.0141006 0.154501 1.02425
643.153 585.376 0.280422 0.0753454 0.980174
675.048 577.976 0.281605 0.0402318 0.9948
601.508 637.57 0.344366 0.126268 0.991738
650.651 450.721 0.122175 0.0611151 0.950758
570.071 455.255 0.123912 0.147525 0.944899
916.552 348.105 0.0160075 -0.262384 0.995957
906.764 288.781 -0.059214 -0.258198 1.00325
959.867 276.039 -0.057291 -0.260956 0.903132
622.023 445.292 0.128273 0.104368 0.999484
531.666 507.682 0.221835 0.23895 1.0499
578.74 571.896 0.303001 0.173231 1.04613
638.448 610.354 0.263757 0.06765 0.910978
829.534 171.875 -0.17178 -0.135666 0.912576
857.867 173.967 -0.180108 -0.175294 0.93743
850.379 622.56 0.316268 -0.156735 0.967433
834.579 549.571 0.309402 -0.18263 1.09525
559.669 298.17 -0.0503953 0.171524 0.971598
863.781 447.166 0.143974 -0.204313 1.02839
800.792 57.7272 -0.258731 -0.096412 0.859023
502.303 146.868 -0.209577 0.215687 0.922112
728.78 366.434 0.0306596 -0.0257267 0.927366
548.44 218.672 -0.143322 0.182085 0.962355
581.216 80.6885 -0.255027 0.117156 0.881985
587.536 258.19 -0.107181 0.152297 1.01038
611.988 229.637 -0.150752 0.126029 1.02922
928.998 238.301 -0.0908208 -0.219781 0.88126
787.802 639.741 0.426702 -0.108788 1.08903
666.222 218.865 -0.117261 0.0349851 0.891392
596.247 295.224 -0.0692177 0.165986 1.08438
597.228 435.375 0.142819 0.170221 1.10543
574.973 393.174 0.0618684 0.155436 0.979956
821.321 183.815 -0.162864 -0.1292 0.921801
831.665 206.524 -0.153217 -0.153222 0.96429
568.378 384.762 0.0278108 0.0539805 0.624771
728.647 199.693 -0.125257 -0.026087 0.862674
601.387 431.813 0.148206 0.177634 1.14503
610.923 476.624 0.119655 0.0807369 0.853474
825.809 563.791 0.367081 -0.18746 1.15391
639.47 602.995 0.266861 0.0696547 0.927617
910.063 403.533 0.0958385 -0.288823 1.06576
517.255 148.046 -0.189722 0.181889 0.886938
593.568 527.499 0.111089 0.0601858 0.707807
663.477 520.06 0.175323 0.0413443 0.901297
548.462 333.843 -0.0126038 0.241042 1.09233
827.808 175.26 -0.174087 -0.137886 0.926058
876.12 111.872 -0.206883 -0.166312 0.86228
595.869 236.51 -0.112284 0.116843 0.932349
597.979 219.107 -0.135342 0.117919 0.943374
909.997 345.068 0.0124934 -0.26958 1.02361
759.959 136.818 -0.188289 -0.0574539 0.86961
780.247 188.511 -0.180421 -0.0946823 0.974389
796.359 114.545 -0.270934 -0.116314 0.969874
584.151 385.862 0.059125 0.163085 1.03194
637.037 426.086 0.140129 0.118907 1.14547
774.821 436.875 0.115549 -0.0797933 0.975449
588.038 330.296 -0.0140783 0.155294 1.02285
705.47 182.699 -0.159388 -0.00441046 0.905911
721.127 38.0069 -0.2355 -0.0198374 0.800341
594.14 484.315 0.111327 0.0819874 0.802633
899.828 180.041 -0.165289 -0.21376 0.920922
584.1 86.0059 -0.258167 0.118393 0.894831
736.067 161.642 -0.184267 -0.0370474 0.912159
633.643 512.65 0.180757 0.0765965 0.934052
527.196 509.698 0.21552 0.234628 1.02999
579.374 254.531 -0.100326 0.145743 0.963628
596.471 216.861 -0.1346 0.116675 0.933658
661.366 212.357 -0.108476 0.0341883 0.844546
803.624 89.3205 -0.247573 -0.105477 0.889482
602.507 329.613 -0.0188438 0.168835 1.12141
771.854 374.913 0.0371383 -0.0646694 0.883107
771.273 590.523 0.375951 -0.0905615 1.11164
589.259 382.883 0.0590741 0.168712 1.06653
631.29 431.74 0.132722 0.112795 1.08389
564.432 618.855 0.318624 0.167234 0.985377
894.071 527.428 0.195402 -0.190594 0.922585
819.246 548.121 0.381419 -0.196634 1.21436
792.028 477.464 0.184597 -0.111451 1.0391
722.446 582.227 0.266994 -0.0154553 0.96042
634.185 513.218 0.180416 0.0755739 0.931752
577.852 256.146 -0.122683 0.184108 1.05905
797.289 105.7 -0.258034 -0.108798 0.93321
791.291 162.809 -0.155518 -0.0834604 0.854167
555.082 331.772 -0.0162503 0.239758 1.11028
705.73 190.247 -0.170357 -0.00399081 0.952277
552.317 286.775 -0.044946 0.131006 0.848601
829.555 492.666 0.176174 -0.138668 0.96648
818.394 476.657 0.169313 -0.135137 0.998064
616.817 414.353 0.114946 0.144661 1.11978
605.772 225.266 -0.139623 0.119165 0.978377
489.992 140.763 -0.195923 0.207344 0.883749
487.829 549.154 0.191527 0.201428 0.884117
584.769 586.313 0.360257 0.186752 1.10493
861.739 444.035 0.141298 -0.203761 1.03316
839.337 596.301 0.334001 -0.167615 1.03757
806.087 505.984 0.165723 -0.0977202 0.90427
512.368 154.701 -0.219854 0.224308 0.958905
562.664 340.451 -0.00332732 0.288479 1.23326
508.771 153.525 -0.215054 0.222033 0.947065
848.303 184.962 -0.195026 -0.188192 1.00038
556.196 252.57 -0.114632 0.192167 1.008
856.256 509.002 0.192311 -0.166266 0.961147
938.429 461.816 0.148972 -0.272661 0.981194
613.723 226.554 -0.151141 0.120454 1.01798
717.348 37.4955 -0.240935 -0.0169902 0.807205
532.24 254.648 -0.104606 0.207871 0.977558
853.736 604.594 0.299061 -0.162119 0.969944
865.294 533.487 0.198959 -0.159558 0.918495
644.172 131.371 -0.213534 0.0583378 0.902679
696.423 349.103 0.0125502 0.0111038 0.992541
822.84 491.174 0.163626 -0.123211 0.937197
826.838 228.701 -0.13135 -0.151357 0.979648
673.397 226.883 -0.126624 0.0334703 0.948349
641.142 405.765 0.0756954 0.0742246 0.965795
590.07 478.639 0.158753 0.135192 0.974705
678.653 561.225 0.298086 0.0420646 1.05654
912.759 368.906 0.0533389 -0.335469 1.13229
762.34 366.6 0.0301294 -0.0581457 0.902262
651.356 450.823 0.122795 0.0606438 0.952652
691.331 280.436 -0.0609268 0.0125486 0.924667
649.188 397.971 0.0782086 0.0787354 1.04356
646.582 362.635 0.0233458 0.0527747 0.875675
687.009 371.042 0.0332533 0.0169113 0.902797
573.784 580.275 0.29475 0.168154 1.01597
592.588 474.38 0.15998 0.138068 0.992694
497.595 193.921 -0.17352 0.241827 0.960927
791.307 161.338 -0.151629 -0.0811659 0.842304
776.465 440.596 0.114669 -0.0782764 0.954678
491.718 269.026 -0.0270835 0.097864 0.653878
579.788 568.222 0.302969 0.174728 1.05373
542.352 495.469 0.231808 0.254687 1.11005
874.558 455.158 0.137278 -0.19382 0.971805
605.434 460.216 0.169558 0.147592 1.07482
708.519 195.183 -0.177262 -0.00693743 0.983418
722.109 396.748 0.072594 -0.0197472 1.00511
819.69 431.713 0.100704 -0.120553 0.931379
689.104 221.576 -0.114847 0.012409 0.893596
697.433 346.344 0.00920665 0.00988921 0.994307
593.831 295.218 -0.0684885 0.167657 1.07893
678.339 459.594 0.112923 0.0245128 0.879645
559.522 248.166 -0.110987 0.173333 0.973748
724.725 593.606 0.260464 -0.0171509 0.929522
850.804 182.629 -0.129517 -0.131159 0.836882
489.347 345.656 0.0048496 0.212114 0.899309
548.959 93.0838 -0.241027 0.147962 0.87936
885.601 552.307 0.185393 -0.152712 0.850599
717.417 417.208 0.113617 -0.0139694 1.08184
801.909 439.505 0.109365 -0.102388 0.93542
502.73 554.786 0.212746 0.20443 0.917977
775.131 618.484 0.352667 -0.0821944 1.02805
493.44 345.492 0.00469444 0.210835 0.904448
494.204 163.435 -0.355079 0.420413 1.21212
646.486 138.192 -0.220025 0.0601693 0.927918
893.083 369.117 0.0570427 -0.325413 1.17142
870.852 106.439 -0.275434 -0.205158 0.963248
782.043 294.297 -0.110398 -0.185028 1.37798
727.235 34.2201 -0.31161 -0.0295336 0.894704
645.874 600.353 0.538777 0.140831 1.30325
746.432 292.759 -0.149599 -0.119846 1.56684
762.946 313.514 -0.0638904 -0.138223 1.39502
570.44 496.644 0.188901 0.167869 1.0017
632.507 408.766 0.203234 0.237039 1.50933
558.544 395.966 0.0643412 0.173429 0.976411
592.925 385.723 0.0590449 0.151114 1.03106
576.727 376.426 0.0385543 0.135874 0.930206
662.12 516.933 0.186722 0.0471769 0.936745
496.379 186.678 -0.201355 0.269025 1.00318
518.637 207.208 -0.181888 0.251023 1.02376
731.532 315.615 -0.0671574 -0.0625298 1.48421
723.545 297.01 -0.13399 -0.0424178 1.55145
735.925 315.346 -0.0819408 -0.0908611 1.65161
734.603 299.228 -0.159433 -0.0970513 1.75547
807.236 92.0912 -0.27048 -0.119234 0.928341
574.543 243.287 -0.176392 0.237385 1.16861
891.869 434.77 0.0728147 -0.13148 0.769799
627.057 102.776 -0.536705 0.177942 1.27734
855.831 612.9 0.422981 -0.222773 1.12852
941.486 412.411 0.090747 -0.275636 0.974443
761.576 611.309 0.497455 -0.0899045 1.22648
768.775 613.584 0.454929 -0.0944855 1.17046
782.441 619.9 0.512505 -0.127702 1.22604
784.469 628.822 0.436495 -0.110127 1.11945
709.382 362.249 0.029402 -0.00447578 1.00368
721.021 402.48 0.0724605 -0.0174016 0.958328
715.199 370.709 0.0360893 -0.0113791 0.946349
735.757 197.807 -0.14382 -0.0356519 0.908327
902.858 249.888 -0.100686 -0.237174 0.968091
900.467 236.661 -0.155042 -0.30595 1.09545
636.465 537.223 0.205943 0.073899 0.934957
780.291 82.243 -0.29466 -0.0928858 0.945422
695.797 334.665 -0.00488808 0.0111502 0.982232
618.286 449.659 0.127787 0.103661 0.978776
719.075 60.7508 -0.44563 -0.0265303 1.0896
918.672 192.448 -0.197468 -0.298586 1.0326
790.578 329.666 -0.0165561 -0.159527 1.21989
603.986 56.0404 -0.362672 0.12433 0.985019
600.725 65.7009 -0.297873 0.108394 0.919196
775.997 440.41 0.118319 -0.0802352 0.970336
786.059 442.134 0.109892 -0.0840109 0.927475
800.499 574.237 0.593668 -0.218872 1.42373
511.265 137.975 -0.369678 0.351165 1.15991
508.748 139.597 -0.318988 0.308134 1.08964
572.166 297.49 -0.0621693 0.189557 1.05423
583.563 288.376 -0.0644199 0.149619 0.989559
622.975 545.452 0.166515 0.0654457 0.828386
811.702 420.978 0.103061 -0.129665 0.999265
818.422 420.874 0.103091 -0.137983 0.999318
708.378 228.309 -0.134997 -0.00611015 0.982109
591.503 395.724 0.0665593 0.139241 0.990474
786.215 169.982 -0.162251 -0.0844972 0.885012
818.903 183.07 -0.186609 -0.142247 0.974715
748.227 290.536 -0.166707 -0.133507 1.61571
904.737 361.998 0.0469673 -0.361481 1.19509
736.414 284.794 -0.163082 -0.0809101 1.50361
815.92 383.761 0.0515458 -0.120507 0.939749
831.621 365.514 0.0315221 -0.134424 0.92681
625.615 445.544 0.123624 0.0954242 0.980289
791.713 276.442 -0.142284 -0.193587 1.31909
681.755 231.107 -0.12918 0.0259769 0.972992
940.271 307.284 -0.0331493 -0.287602 0.984175
688.675 368.745 0.0349748 0.0195392 0.971656
636.051 413.627 0.0754501 0.0694912 0.911908
708.233 190.409 -0.173292 -0.00683998 0.95984
810.706 117.16 -0.228797 -0.116386 0.907289
722.011 117.577 -0.229869 -0.0229069 0.907376
758.864 96.1752 -0.203192 -0.0522434 0.828226
750.912 83.9047 -0.279097 -0.0563201 0.925679
932.565 162.91 -0.188691 -0.256457 0.931529
913.232 259.363 -0.108458 -0.297522 1.05261
947.96 354.249 0.0231696 -0.282919 0.967356
830.223 235.263 -0.137213 -0.171019 1.02641
834.366 202.947 -0.15065 -0.150504 0.946196
834.962 292.514 -0.0578021 -0.170828 1.01666
957.314 25.0495 -0.216874 -0.188927 0.763655
779.845 613.898 0.356033 -0.0903241 1.04029
723.061 591.123 0.27059 -0.0158162 0.950888
758.273 629.907 0.497482 -0.0786896 1.19073
803.144 512.479 0.173669 -0.0956354 0.909015
894.497 524.788 0.398008 -0.388079 1.30243
849.735 618.498 0.338279 -0.168863 1.00547
926.285 404.903 0.0866315 -0.274318 1.00264
860.378 449.803 0.141629 -0.19215 1.00931
900.256 526.83 0.1862 -0.188066 0.902466
529.841 244.653 -0.150446 0.271745 1.09101
536.328 346.166 0.005647 0.250348 1.07588
522.323 340.162 -0.00161009 0.214703 0.971352
498.722 352.427 0.0149504 0.33885 1.12712
486.807 282.92 -0.084091 0.307995 1.04938
509.874 153.479 -0.219398 0.225223 0.955176
520.15 108.526 -0.332145 0.26078 1.03872
627.492 189.523 -0.190252 0.0960491 0.992885
582.121 228.076 -0.137808 0.149336 0.982056
567.938 178.331 -0.180022 0.149713 0.936777
502.732 547.964 0.210205 0.208911 0.926516
641.342 594.944 0.279108 0.0738648 0.961149
675.663 575.929 0.289551 0.0413309 1.01204
698.125 631.349 0.492292 0.0244325 1.18432
587.141 571.583 0.349359 0.189067 1.1199
618.052 596.669 0.384382 0.140891 1.11714
580.777 444.558 0.129783 0.159488 1.01194
