631.853 516.614 0.188071 0.081436 0.94995
545.061 496.66 0.238337 0.258684 1.12738
663.756 636.589 0.485153 0.0807635 1.17125
631.195 516.434 0.186566 0.0814937 0.946838
785.57 631.635 0.42904 -0.109439 1.10905
666.816 501.132 0.192378 0.0497109 0.999777
641.718 617.086 0.511382 0.13338 1.23915
782.607 435.307 0.108063 -0.0866025 0.962954
924.652 284.796 -0.0540754 -0.234435 0.922416
602.714 293.851 -0.0804938 0.171605 1.13147
775.983 220.784 -0.149487 -0.0921053 0.995468
688.357 369.141 0.0313988 0.0182949 0.951183
778.577 131.881 -0.243881 -0.0916076 0.958422
755.228 154.238 -0.208538 -0.0612023 0.941734
941.199 353.818 0.0210113 -0.28983 0.992738
723.562 565.144 0.287666 -0.0182625 1.03404
799.387 502.724 0.177064 -0.100519 0.950391
846.843 610.228 0.342334 -0.17344 1.02938
861.839 625.171 0.405552 -0.214408 1.08812
925.156 403.295 0.0828405 -0.275036 1.00737
959.188 553.037 0.243795 -0.283989 0.971473
850.66 434.878 0.150626 -0.223515 1.12058
862.007 445.464 0.143517 -0.207947 1.04386
536.916 346.629 0.00376365 0.251039 1.08085
538.933 269.114 -0.0769023 0.171171 0.91798
510.301 153.995 -0.222333 0.225151 0.958663
541.975 173.207 -0.213147 0.201878 0.989047
560.975 163.287 -0.222076 0.175242 0.98224
542.964 498.178 0.234222 0.254733 1.11338
643.66 587.908 0.28169 0.0751261 0.983158
676.471 572.915 0.28766 0.0410575 1.02014
577.374 589.538 0.329094 0.178664 1.05722
588.243 449.25 0.14783 0.168013 1.06453
721.323 398.981 0.0711061 -0.0186419 0.995366
734.002 206.728 -0.159521 -0.0377712 0.971735
816.359 426.127 0.0986318 -0.125233 0.963152
580.314 300.453 -0.0665946 0.197081 1.10418
623.608 447.307 0.11695 0.0922554 0.958719
707.547 191.717 -0.174383 -0.00632537 0.96185
792.231 155.682 -0.212031 -0.105684 0.953305
717.487 85.6448 -0.285712 -0.0197803 0.935477
904.749 248.278 -0.104287 -0.238219 0.966914
905.397 348.478 0.0148344 -0.269749 1.03679
903.596 168.849 -0.166918 -0.203866 0.893232
724.265 605.483 0.254787 -0.0160625 0.906697
822.118 522.826 0.329951 -0.200536 1.20584
543.324 215.714 -0.146062 0.183144 0.953904
500.124 188.405 -0.210029 0.274935 1.02338
596.953 330.725 -0.0181588 0.163021 1.08247
681.98 120.055 -0.246512 0.0208524 0.93607
698.646 628.931 0.491123 0.02399 1.19067
617.632 596.553 0.380686 0.141167 1.11656
571.362 453.272 0.123415 0.15194 0.962537
612.281 457.662 0.120034 0.097499 0.929918
602.622 379.621 0.0638281 0.184747 1.17068
722.208 399.624 0.0694142 -0.0193531 0.97867
815.336 194.012 -0.173615 -0.13635 0.972029
779.682 74.3075 -0.287168 -0.0875894 0.920701
754.473 155.584 -0.210965 -0.0612616 0.949561
717.997 65.9636 -0.264774 -0.0191751 0.875466
756.038 49.4044 -0.248586 -0.051291 0.831189
832.005 221.64 -0.127329 -0.142936 0.934672
833.082 203.077 -0.154882 -0.150937 0.952936
891.483 170.693 -0.165607 -0.192014 0.894098
723.362 597.033 0.259477 -0.0156662 0.927949
865.35 607.02 0.254828 -0.149856 0.900192
865.021 630.992 0.399222 -0.211401 1.07031
868.976 450.827 0.138104 -0.199391 1.00198
500.95 352.32 0.00894789 0.217391 0.933256
604.743 227.029 -0.149088 0.128256 1.00734
590.997 330.708 -0.016623 0.155872 1.03798
642.339 588.908 0.275745 0.0744783 0.971615
674.734 580.694 0.277477 0.0398031 0.988246
601.127 639.398 0.341045 0.125683 0.989101
650.114 452.047 0.119475 0.0607341 0.946841
573.828 452.859 0.12398 0.150467 0.966119
915.126 348.2 0.0138585 -0.264284 1.00384
910.354 287.932 -0.0600998 -0.253478 0.987555
623.361 443.956 0.12764 0.105944 1.01434
534.02 505.867 0.222035 0.241653 1.0627
580.987 568.266 0.304982 0.175904 1.06221
634.339 622.755 0.253522 0.0659685 0.881823
830.794 169.791 -0.172024 -0.134156 0.904201
857.993 174.251 -0.182595 -0.175978 0.939979
856.584 636.068 0.30347 -0.151298 0.933644
560.539 298.787 -0.0531466 0.172716 0.97932
868.985 451.332 0.138264 -0.19875 1.00046
800.325 58.3902 -0.261647 -0.0965924 0.86226
509.488 153.94 -0.218806 0.222348 0.951842
728.539 367.675 0.028328 -0.0249676 0.911983
547.828 218.876 -0.14547 0.182017 0.963167
579.704 78.6254 -0.255388 0.116062 0.877298
588.789 259.489 -0.110944 0.154532 1.02395
611.198 229.654 -0.153274 0.126743 1.03094
934.069 236.017 -0.0909442 -0.215248 0.865073
667.534 222.92 -0.122978 0.035908 0.915816
593.121 294.598 -0.0699454 0.163487 1.06687
577.292 392.733 0.0603838 0.157515 0.995088
834.137 203.58 -0.15219 -0.150262 0.947339
571.523 386.983 0.0257751 0.0540981 0.633615
727.937 198.623 -0.126424 -0.0254053 0.857086
600.48 432.806 0.145431 0.176544 1.13941
609.437 479.341 0.116568 0.0799103 0.846335
828.311 568.848 0.357537 -0.183791 1.13229
914.526 404.94 0.0925073 -0.28561 1.0505
512.956 145.673 -0.189829 0.180747 0.878575
591.221 532.552 0.107809 0.0593958 0.700133
662.004 525.812 0.170294 0.0404509 0.884168
549.28 334.226 -0.014732 0.24257 1.09996
830.496 171.85 -0.173128 -0.136086 0.911615
879.795 107.627 -0.205757 -0.164524 0.850662
602.589 242.622 -0.12112 0.122917 0.981034
600.398 221.002 -0.139243 0.117885 0.955341
913.629 345.394 0.0104089 -0.265719 1.00948
759.631 135.832 -0.189642 -0.0569122 0.866994
780.138 187.899 -0.181933 -0.0940835 0.972166
795.788 118.386 -0.277962 -0.119487 0.986728
584.231 386.053 0.0568514 0.163101 1.03423
635.275 427.94 0.136065 0.11737 1.12924
774.579 436.409 0.114017 -0.0806439 0.983233
588.403 330.52 -0.0164428 0.154957 1.02552
704.85 182.03 -0.161111 -0.00414172 0.903704
720.51 41.7054 -0.240322 -0.0198769 0.809432
593.002 486.583 0.10857 0.0814481 0.798996
895.78 183.09 -0.170716 -0.216803 0.937583
585.156 88.5324 -0.262183 0.118777 0.90272
735.925 158.934 -0.183693 -0.0363981 0.901178
632.392 514.837 0.17718 0.0763337 0.927904
534.378 503.209 0.220149 0.243129 1.06644
596.137 217.687 -0.136991 0.117233 0.937145
660.208 212.566 -0.11044 0.0346642 0.84405
800.974 95.2189 -0.255487 -0.107227 0.909163
603.014 329.595 -0.0214609 0.169125 1.12688
772.028 375.628 0.0347323 -0.0643033 0.879819
772.948 599.335 0.363727 -0.087869 1.08157
588.35 383.626 0.0570506 0.168266 1.06374
630.847 432.402 0.130701 0.112886 1.08345
564.129 619.611 0.316557 0.167499 0.986148
894.886 527.999 0.192999 -0.191062 0.92293
820.114 549.408 0.377578 -0.196087 1.20914
791.234 476.607 0.18312 -0.11165 1.04589
723.095 586.462 0.261605 -0.0159125 0.94933
632.457 516.283 0.176028 0.0749921 0.921533
581.033 257.971 -0.1282 0.187972 1.08289
796.391 108.106 -0.263221 -0.11009 0.943726
790.635 164.004 -0.158864 -0.0838924 0.859906
557.295 331.872 -0.0190405 0.242764 1.12573
705.737 192.94 -0.175666 -0.00407936 0.96843
552.853 288.063 -0.0473096 0.131756 0.854261
827.683 489.909 0.17622 -0.141038 0.982675
824.032 485.986 0.159709 -0.127802 0.949764
614.565 416.505 0.111461 0.142166 1.10168
603.67 224.402 -0.139999 0.118379 0.96997
500.605 150.728 -0.206813 0.21567 0.921558
494.481 543.638 0.193737 0.206764 0.907643
589.98 576.25 0.370542 0.194015 1.14567
878.43 456.075 0.128341 -0.187461 0.947142
804.672 504.55 0.165295 -0.098499 0.915132
513.344 156.115 -0.223545 0.225496 0.965953
569.617 339.724 -0.00700208 0.300018 1.28468
513.253 158.161 -0.221834 0.226402 0.967497
849.878 182.46 -0.194515 -0.185196 0.98855
556.321 253.056 -0.117263 0.192717 1.0121
857.697 511.094 0.188809 -0.165081 0.954684
935.232 460.047 0.148466 -0.276454 0.995214
612.155 225.299 -0.151601 0.118978 1.0085
717.608 32.6521 -0.239971 -0.0173545 0.798328
532.225 255.137 -0.107109 0.208304 0.980798
855.045 607.282 0.294965 -0.161115 0.964163
867.128 536.325 0.195159 -0.158203 0.911043
646.663 139.743 -0.223888 0.060517 0.935218
696.716 349.337 0.0103325 0.0107697 0.998822
824.035 493.351 0.160234 -0.122248 0.930186
827.309 228.231 -0.133015 -0.150801 0.977036
674.182 229.499 -0.131594 0.0340403 0.967408
638.53 408.625 0.0721042 0.0721408 0.941772
590.139 478.672 0.156938 0.135836 0.978544
678.66 561.951 0.295453 0.0418806 1.05579
912.88 368.815 0.0510592 -0.335463 1.1332
764.989 368.308 0.0276376 -0.0574239 0.876062
650.873 452.057 0.120139 0.0602964 0.949247
690.967 280.525 -0.0628219 0.0124648 0.922025
644.777 401.957 0.0734354 0.0755789 0.998183
646.632 363.239 0.021152 0.0528932 0.879447
686.898 371.648 0.0310642 0.0168255 0.90389
581.456 566.93 0.305725 0.176798 1.06626
598.184 469.122 0.162742 0.142201 1.02869
494.901 193.002 -0.174659 0.240744 0.956168
791.946 159.603 -0.152303 -0.0804282 0.835854
776.731 441.342 0.112264 -0.0782633 0.953548
485.29 269.334 -0.0286131 0.0967254 0.645071
587.13 555.501 0.31445 0.183735 1.10603
874.127 455.095 0.135431 -0.194426 0.975592
708.255 198.748 -0.183836 -0.00670262 1.00619
819.542 431.896 0.0988796 -0.121225 0.935513
688.47 221.625 -0.116922 0.0126486 0.893341
697.308 346.621 0.00696367 0.00984653 0.995706
598.144 296.565 -0.0731964 0.171716 1.11109
678.517 457.838 0.112214 0.0254095 0.895319
559.403 248.608 -0.113461 0.17363 0.976637
724.156 600.444 0.253658 -0.0161488 0.912645
850.493 183.08 -0.132127 -0.131362 0.839359
494.385 346.37 0.00260128 0.216427 0.918532
555.288 102.729 -0.251965 0.152566 0.909881
892.07 561.564 0.178824 -0.148485 0.827194
717.158 419.328 0.109341 -0.0135254 1.0613
803.699 442.391 0.105427 -0.100337 0.918837
508.892 548.994 0.215597 0.20998 0.942528
775.238 618.521 0.350579 -0.0823452 1.02946
496.856 346.347 0.00262171 0.213962 0.918693
503.688 170.389 -0.371655 0.435809 1.26039
646.769 140.535 -0.224694 0.0609334 0.938341
726.822 33.0998 -0.313279 -0.029403 0.894123
645.601 601.282 0.534641 0.140486 1.29943
745.783 293.046 -0.154344 -0.121196 1.59187
636.158 405.328 0.207958 0.245315 1.56669
592.686 386.105 0.056845 0.151018 1.03184
579.453 376.106 0.0366838 0.138424 0.948223
661.672 518.962 0.183546 0.0468076 0.932028
503.654 191.768 -0.209982 0.276412 1.03374
723.489 296.982 -0.137374 -0.0429408 1.56411
484.888 192.735 -0.209016 0.302254 1.03367
808.674 87.4327 -0.268602 -0.117518 0.916089
630.399 111.345 -0.559619 0.184518 1.3259
858.691 618.256 0.414382 -0.219531 1.11141
947.19 414.622 0.0871588 -0.270254 0.956024
782.536 619.444 0.510691 -0.127974 1.22786
720.779 403.13 0.0701349 -0.0172131 0.957072
736.032 195.19 -0.143443 -0.0352744 0.894844
904.652 249.178 -0.102013 -0.235489 0.962038
894.581 239.738 -0.162538 -0.315697 1.12989
635.85 539.372 0.202698 0.0733834 0.930478
780.939 77.8472 -0.292918 -0.0915441 0.934349
617.021 451.5 0.124619 0.102637 0.970749
718.738 65.3757 -0.455791 -0.0268927 1.10922
922.124 190.044 -0.196959 -0.295143 1.02058
790.824 329.564 -0.0187352 -0.159782 1.21985
778.063 444.639 0.113353 -0.0780546 0.943712
786.741 443.723 0.107009 -0.08342 0.92119
800.992 574.889 0.589367 -0.21839 1.41937
507.6 135.018 -0.3676 0.347393 1.14777
586.205 289.61 -0.0680715 0.151924 1.00787
820.016 422.546 0.0998516 -0.136293 0.987596
748.604 289.625 -0.166763 -0.131805 1.59536
895.178 360.149 0.0461208 -0.37926 1.25375
736.116 285.054 -0.167307 -0.0817953 1.52163
832.84 366.259 0.0292383 -0.133338 0.919995
623.57 448.436 0.119671 0.0936382 0.964444
687.965 369.943 0.0325134 0.018989 0.954911
636.993 413.405 0.0738008 0.0699409 0.921584
707.876 190.79 -0.175944 -0.00672432 0.962927
812.291 112.473 -0.226992 -0.114288 0.893427
721.574 118.213 -0.232828 -0.0228446 0.911
751.038 78.8181 -0.27687 -0.0552492 0.912681
936.976 159.381 -0.187648 -0.252475 0.917884
906.022 261.954 -0.114704 -0.306642 1.08736
950.877 354.707 0.0209506 -0.280233 0.958992
828.055 237.197 -0.142143 -0.174125 1.04537
837.406 199.447 -0.149268 -0.147329 0.927111
835.135 292.566 -0.0599457 -0.170798 1.01698
779.944 614.224 0.353769 -0.0903336 1.04092
723.263 599.57 0.262341 -0.0155282 0.928636
759.286 637.421 0.485109 -0.0769507 1.16624
804.578 515.981 0.169541 -0.0944869 0.898319
850.13 618.835 0.336055 -0.169196 1.0062
926.811 405.117 0.0844445 -0.274775 1.00354
861.298 450.848 0.138805 -0.191062 1.00487
531.294 245.592 -0.154144 0.274034 1.10153
539.357 346.138 0.00318228 0.254634 1.09456
521.248 340.724 -0.0036548 0.213276 0.968131
503.907 352.117 0.0126616 0.346263 1.15282
515.844 159.308 -0.228144 0.231374 0.982342
531.56 121.842 -0.353403 0.274899 1.09631
627.809 190.725 -0.193967 0.0967516 1.00092
581.448 228.189 -0.140024 0.149472 0.982853
565.064 176.236 -0.180033 0.148162 0.927193
503.261 547.859 0.208652 0.209819 0.930674
638.609 604.599 0.269829 0.0718101 0.935593
675.573 577.851 0.286021 0.0408921 1.00782
698.066 631.862 0.489242 0.024569 1.18316
586.411 573.265 0.345494 0.188009 1.1151
618.54 595.298 0.383949 0.141801 1.12352
580.761 444.983 0.127643 0.15938 1.01328
