630.484 519.113 0.185995 0.0803724 0.939668
547.957 493.98 0.241387 0.261787 1.14337
663.437 637.233 0.484186 0.0804834 1.1695
630.324 517.78 0.18537 0.0809063 0.941425
785.741 633.073 0.427448 -0.109279 1.10535
666.535 501.717 0.191776 0.0494019 0.99741
641.706 616.327 0.512325 0.133581 1.24219
926.103 284.611 -0.053856 -0.233451 0.91806
605.684 294.673 -0.0823512 0.174147 1.15373
775.645 221.805 -0.150777 -0.0929971 1.00303
685.8 371.268 0.0302096 0.0173823 0.899316
778.523 132.256 -0.244478 -0.0918227 0.960401
754.876 156.37 -0.210827 -0.0618865 0.951279
943.106 354.151 0.0208466 -0.288045 0.986372
723.188 564.108 0.288696 -0.0182177 1.03866
799.963 504.418 0.175635 -0.0997906 0.943334
848.255 613.681 0.338971 -0.171939 1.0196
861.96 626.19 0.404526 -0.213868 1.08588
929.772 404.924 0.081484 -0.270524 0.989968
851.344 435.646 0.149712 -0.222211 1.11476
862.855 446.34 0.142616 -0.206791 1.03827
535.107 346.56 0.00358766 0.249339 1.07339
538.662 268.89 -0.0769709 0.170826 0.917321
512.11 155.338 -0.224175 0.226582 0.965772
538.386 169.622 -0.2096 0.198312 0.972836
561.554 163.722 -0.222984 0.175668 0.985541
544.613 496.743 0.235741 0.255976 1.12174
642.432 591.519 0.278429 0.074043 0.972056
676.592 571.654 0.288928 0.0410615 1.02541
588.19 449.163 0.147719 0.167887 1.06513
721.285 399.281 0.0707908 -0.0187367 0.992434
734.188 206.806 -0.159785 -0.0380923 0.972742
816.92 426.8 0.0980985 -0.124785 0.958756
573.662 298.709 -0.0639277 0.189883 1.06332
623.289 447.563 0.116632 0.0919242 0.957278
707.511 190.781 -0.173708 -0.00640036 0.957657
792.746 154.507 -0.211044 -0.105207 0.948744
718.06 78.2005 -0.279073 -0.020011 0.9143
904.367 248.672 -0.10473 -0.239108 0.969843
908.779 348.728 0.0145165 -0.266069 1.02209
904.862 167.846 -0.166157 -0.202929 0.889067
723.994 608.448 0.252594 -0.0159574 0.899275
823.353 525.1 0.326598 -0.198952 1.19427
542.365 214.932 -0.145632 0.182373 0.95042
501.357 188.698 -0.210717 0.274768 1.02637
597.438 330.632 -0.0184777 0.163639 1.08719
682.074 120.185 -0.246984 0.0207899 0.937382
617.895 595.301 0.382075 0.141661 1.12142
571.188 453.455 0.123142 0.151333 0.961488
613.364 456.475 0.120893 0.0981203 0.938345
601.932 379.686 0.0634699 0.184437 1.1675
722.323 399.625 0.0693612 -0.0197179 0.979916
814.424 195.707 -0.175391 -0.137808 0.981457
779.785 74.2128 -0.287364 -0.0876619 0.921066
754.562 156.891 -0.212412 -0.0620379 0.955603
718.114 64.5741 -0.263946 -0.019235 0.8726
755.633 52.4214 -0.250903 -0.0516981 0.838544
832.702 221.046 -0.126843 -0.142417 0.930826
833.761 202.34 -0.154266 -0.150296 0.94887
892.836 169.562 -0.164732 -0.191042 0.889349
723.269 597.914 0.258819 -0.0158598 0.926159
863.846 605.031 0.256823 -0.151154 0.907452
864.123 629.325 0.40162 -0.213132 1.0769
870.651 452.187 0.136899 -0.197992 0.993676
500.812 352.179 0.00876519 0.217078 0.933195
604.849 227.012 -0.149388 0.12824 1.00848
592.895 330.696 -0.0172048 0.158232 1.05305
641.512 591.129 0.273757 0.0737584 0.965071
674.252 582.571 0.275738 0.0393741 0.982543
649.759 452.495 0.119042 0.0603982 0.944386
573.304 453.141 0.123505 0.149853 0.963944
917.456 348.374 0.0135605 -0.261597 0.99402
911.417 287.958 -0.0598926 -0.25311 0.984786
623.773 443.276 0.128089 0.106443 1.0199
534.906 504.806 0.222874 0.242689 1.06811
581.664 566.613 0.306517 0.176918 1.0687
632.546 627.565 0.250271 0.0650684 0.87055
831.757 169.171 -0.171511 -0.13425 0.901579
858.456 174.148 -0.182584 -0.176209 0.939634
560.407 298.628 -0.053306 0.172482 0.979175
872.387 454.106 0.135879 -0.19535 0.982498
800.429 58.5259 -0.261979 -0.0967741 0.863125
513.826 157.484 -0.222882 0.225919 0.968402
728.68 367.97 0.0281405 -0.0250851 0.906979
547.992 218.854 -0.145783 0.182062 0.964377
579.561 77.5518 -0.254799 0.115341 0.875218
589.724 259.984 -0.112036 0.155713 1.03157
610.396 228.982 -0.152883 0.126524 1.02724
937.363 234.509 -0.0898049 -0.212583 0.854748
668.266 224.427 -0.124607 0.0361526 0.926257
592.476 294.38 -0.0697831 0.162997 1.06371
573.29 394.05 0.0589736 0.153746 0.973018
835.691 201.891 -0.150551 -0.148752 0.937631
570.524 387.239 0.0255934 0.0537647 0.631651
728.321 197.343 -0.125572 -0.0255979 0.851362
600.125 433.011 0.145072 0.176029 1.13748
608.722 480.109 0.116048 0.0794358 0.843267
831.196 575.518 0.349386 -0.179667 1.10647
917.94 406.176 0.09151 -0.283098 1.03825
515.775 148.006 -0.191716 0.18198 0.887408
590.105 533.942 0.107237 0.0589525 0.696991
660.807 528.254 0.168588 0.0401595 0.875559
550.533 334.11 -0.0150614 0.243995 1.10743
832.695 169.253 -0.170901 -0.134844 0.900432
881.087 105.603 -0.204396 -0.163262 0.845102
606.152 245.333 -0.124866 0.126036 1.00708
601.352 221.574 -0.140117 0.118011 0.960259
916.116 345.696 0.0103503 -0.263246 0.999639
759.845 135.002 -0.189174 -0.0568322 0.864665
780.27 187.524 -0.181698 -0.0938981 0.970565
794.234 122.237 -0.282568 -0.120994 1.0021
634.032 429.055 0.134595 0.116175 1.1178
774.642 436.47 0.113929 -0.080988 0.983903
587.964 330.387 -0.0164982 0.153804 1.02154
705.045 182.501 -0.161675 -0.00438035 0.906358
720.203 39.8543 -0.239614 -0.019576 0.806491
595.968 484.817 0.109775 0.0812928 0.808753
894.172 184.382 -0.172204 -0.218103 0.944406
587.136 91.2697 -0.264873 0.119362 0.911572
736.086 157.552 -0.182605 -0.0362633 0.895995
631.008 516.845 0.175486 0.0757004 0.91965
537.759 499.701 0.223467 0.247413 1.08503
596.737 218.259 -0.137832 0.11774 0.941809
660.578 213.765 -0.111374 0.0349203 0.8504
800.003 97.7893 -0.258208 -0.108101 0.917855
602.839 329.417 -0.0216749 0.168379 1.12481
772.467 376.048 0.0344084 -0.063899 0.873187
773.938 605.769 0.356789 -0.0861524 1.06077
588.346 383.555 0.0569931 0.168318 1.06487
630.88 432.173 0.130853 0.113114 1.086
566.34 615.243 0.321145 0.169937 1.00039
896.36 529.546 0.191875 -0.190471 0.918078
820.555 550.438 0.376318 -0.195842 1.20538
790.707 475.947 0.183854 -0.112264 1.05123
723.286 590.405 0.258435 -0.0161949 0.937909
630.609 519.203 0.173672 0.0740715 0.909591
583.176 258.867 -0.130438 0.190276 1.09746
796.33 108.988 -0.264497 -0.110777 0.947541
790.743 163.836 -0.158992 -0.0839583 0.859845
558.905 331.683 -0.0196127 0.244676 1.13574
705.97 194.188 -0.177438 -0.00429223 0.976563
553.35 288.154 -0.0476218 0.131952 0.856874
827.173 489.232 0.176646 -0.141854 0.986956
827.718 492.165 0.155248 -0.123634 0.920597
610.373 419.732 0.107571 0.136528 1.06378
603.194 224.044 -0.139694 0.118125 0.967966
508.042 156.623 -0.213166 0.221274 0.947541
497.254 540.669 0.195573 0.209132 0.918345
593.374 569.034 0.379295 0.199146 1.17508
893.094 467.105 0.120878 -0.175509 0.883819
516.96 159.097 -0.227055 0.228573 0.9803
579.686 339.285 -0.00752894 0.317085 1.36245
517.53 161.909 -0.226331 0.230805 0.9858
851.078 180.971 -0.192932 -0.183517 0.980757
939.875 463.083 0.145913 -0.271313 0.97736
611.403 224.472 -0.15095 0.118347 1.00362
717.267 30.7122 -0.239078 -0.0170517 0.795151
863.656 532.149 0.198255 -0.161067 0.927937
647.498 141.733 -0.226214 0.0609499 0.943959
696.294 349.469 0.0101741 0.0106315 0.988768
824.663 494.546 0.159356 -0.121783 0.925611
826.213 229.089 -0.134126 -0.151464 0.983669
674.169 229.629 -0.13202 0.0341155 0.969346
639.314 407.964 0.0724181 0.0724297 0.949393
589.1 479.499 0.156086 0.135154 0.974037
678.416 562.68 0.294641 0.0415802 1.0535
766.315 368.922 0.0273129 -0.0571806 0.863418
645.823 401.012 0.0740499 0.0763118 1.01068
648.387 362.664 0.0211375 0.0537422 0.897304
686.731 371.781 0.0308811 0.0166393 0.901897
582.937 563.705 0.308835 0.178965 1.07878
600.071 467.185 0.16432 0.143321 1.04117
493.246 191.776 -0.173773 0.239301 0.95101
777.047 442.016 0.111703 -0.0781416 0.949661
491.467 272.012 -0.0299231 0.0996964 0.661626
589.184 551.348 0.318833 0.186728 1.12355
874.411 455.519 0.135117 -0.19426 0.974316
708.614 202.554 -0.188664 -0.00695463 1.03071
822.075 434.18 0.0970089 -0.119221 0.917834
600.505 297.035 -0.0746942 0.173587 1.12772
679.342 456.3 0.113366 0.0252335 0.906312
723.654 605.182 0.250253 -0.0157074 0.900302
851.202 182.36 -0.131748 -0.130988 0.836556
497.684 346.13 0.00230518 0.218961 0.930288
557.613 105.417 -0.255109 0.153874 0.919889
907.039 579.627 0.168644 -0.140249 0.777514
716.971 421.27 0.107563 -0.0133395 1.04259
804.976 444.313 0.104015 -0.098974 0.906407
511.48 545.85 0.217595 0.212394 0.953682
499.929 346.133 0.00235161 0.21632 0.929808
681.289 112.995 -0.237796 0.0194658 0.908906
825.53 452.493 0.125934 -0.133002 0.957318
912.932 416.617 0.0480045 -0.118227 0.697841
578.356 571.228 0.302233 0.175083 1.05206
705.494 204.3 -0.106272 -0.00548556 0.811159
850.895 366.793 0.0265452 -0.132073 0.859944
633.079 512.473 0.188014 0.0819838 0.960927
625.299 398.564 0.0672306 0.0966851 0.987601
686.747 370.27 0.0300767 0.017345 0.913359
718.433 490.572 0.17724 -0.0133439 0.990478
715.848 360.77 0.0254963 -0.0130742 1.01598
935.265 248.937 -0.102557 -0.272761 0.964773
640.033 500.104 0.197149 0.085174 1.0165
715.035 411.234 0.0852131 -0.0109004 0.994151
646.723 455.72 0.113785 0.0583177 0.91223
539.609 333.786 -0.0140885 0.231559 1.05074
528.741 297.99 -0.0395204 0.154921 0.859507
629.224 430.745 0.0768828 0.0631977 0.848899
830.5 416.738 0.0817256 -0.1316 0.928783
513.087 176.895 -0.386308 0.451498 1.30858
646.831 140.495 -0.224975 0.0608673 0.939066
726.996 32.2091 -0.312831 -0.0294771 0.892722
646.173 598.328 0.539564 0.141841 1.31219
745.591 293.352 -0.15606 -0.122532 1.60672
639.127 402.572 0.214154 0.25262 1.61709
592.522 386.084 0.0566738 0.150774 1.03155
582.178 375.29 0.0369325 0.140583 0.964409
661.312 519.747 0.182884 0.0464856 0.929361
723.55 297.115 -0.138355 -0.0434681 1.57272
486.946 193.786 -0.210911 0.304497 1.04188
809.657 85.1126 -0.26673 -0.116817 0.90977
632.241 115.377 -0.569922 0.187646 1.34939
860.099 621.507 0.410625 -0.217769 1.10168
950.436 415.916 0.086196 -0.267363 0.945488
782.989 622.504 0.506183 -0.126945 1.21739
720.626 402.695 0.0704068 -0.0173702 0.963697
736.412 193.518 -0.142192 -0.0352262 0.887089
905.929 248.744 -0.101567 -0.23447 0.95753
892.275 241.168 -0.164949 -0.320148 1.14472
635.38 540.199 0.202 0.0729853 0.927929
781.522 75.742 -0.291179 -0.0910435 0.928807
618.102 450.214 0.125604 0.103473 0.980447
718.857 66.7553 -0.458337 -0.0270789 1.11505
920.604 191.437 -0.198614 -0.297615 1.02855
791.028 329.598 -0.0188449 -0.159978 1.21909
779.219 446.95 0.11161 -0.076956 0.928549
787.551 445.198 0.105918 -0.0827216 0.911998
801.1 575.518 0.588122 -0.218249 1.41691
509.97 136.924 -0.371342 0.350469 1.15885
587.266 289.848 -0.068679 0.152459 1.01408
823.14 425.343 0.0975809 -0.13309 0.963277
749.266 288.819 -0.163742 -0.129633 1.56673
736.073 285.21 -0.168316 -0.0822635 1.5286
833.568 366.566 0.0290345 -0.132808 0.915613
623.25 448.691 0.119348 0.0933067 0.963002
687.588 370.388 0.0321538 0.0185134 0.944681
637.02 413.415 0.0736892 0.069693 0.922054
707.644 190.716 -0.176151 -0.00651086 0.963331
812.79 111.483 -0.226337 -0.113993 0.890729
721.612 121.634 -0.236189 -0.0232343 0.923296
750.822 80.9114 -0.279033 -0.0556578 0.919344
939.538 157.52 -0.186046 -0.250443 0.910222
907.189 261.636 -0.114243 -0.305312 1.08251
952.901 355.054 0.0207851 -0.278496 0.952794
827.21 237.939 -0.143235 -0.175102 1.0521
839.063 197.659 -0.147724 -0.145936 0.917701
835.592 292.513 -0.0598885 -0.170562 1.01473
779.954 615.27 0.35275 -0.090219 1.03845
723.107 600.72 0.261473 -0.0156447 0.926091
850.634 620.164 0.334927 -0.168972 1.00328
927.516 405.554 0.0841352 -0.274114 1.00105
863.824 453.063 0.136773 -0.188344 0.990246
520.209 240.33 -0.146808 0.261906 1.0516
540.081 345.947 0.00296314 0.255606 1.09925
523.132 340.602 -0.00391253 0.214762 0.976191
500.506 352.223 0.0124284 0.341612 1.13814
517.89 160.658 -0.230022 0.232567 0.989773
534.921 125.407 -0.35937 0.279228 1.11378
629.518 193.201 -0.197209 0.0980172 1.01631
580.937 227.686 -0.139798 0.148996 0.980518
563.636 174.582 -0.178809 0.146975 0.920705
502.892 548.003 0.208387 0.209494 0.930337
637.871 606.367 0.268396 0.0713021 0.931098
675.328 578.532 0.285337 0.0406087 1.00603
697.975 632.421 0.488454 0.0241595 1.18176
585.503 574.543 0.343793 0.186972 1.11022
618.178 595.43 0.383607 0.141763 1.12327
580.191 445.343 0.127145 0.158655 1.01047
