630.9 518.446 0.187559 0.0803653 0.939224
550.352 491.755 0.245346 0.264335 1.15469
664.403 633.471 0.490741 0.0813296 1.18149
630.448 517.742 0.186505 0.0806744 0.938432
785.303 628.898 0.433814 -0.110572 1.1179
641.234 618.947 0.510094 0.132526 1.2322
927.15 283.822 -0.0520619 -0.233121 0.916348
608.38 295.101 -0.0823054 0.177055 1.17325
775.013 223.498 -0.151754 -0.0944345 1.019
685.252 371.22 0.031485 0.0171678 0.87975
778.914 132.077 -0.243174 -0.0919243 0.961504
754.91 158.825 -0.212322 -0.0628747 0.964368
943.868 353.658 0.0225125 -0.287717 0.985272
723.528 565.043 0.28905 -0.0180039 1.03355
801.795 506.808 0.175026 -0.0982158 0.929604
848.907 613.708 0.340214 -0.171698 1.01834
863.321 627.858 0.404216 -0.212742 1.0802
852.219 435.88 0.150818 -0.220891 1.10987
867.654 449.562 0.141062 -0.201035 1.01113
534.496 346.2 0.00536627 0.248103 1.06791
538.659 267.918 -0.0750173 0.17033 0.914535
512.15 154.266 -0.221839 0.225944 0.963019
530.499 161.202 -0.199499 0.190868 0.936277
561.166 162.152 -0.219976 0.174677 0.980023
537.025 503.209 0.229766 0.247954 1.08302
642.805 591.011 0.279923 0.0740297 0.97156
677.517 568.861 0.292821 0.0412766 1.03378
587.219 449.877 0.148269 0.166495 1.05588
721.713 398.696 0.0724581 -0.0186902 0.99246
734.731 205.848 -0.157588 -0.037968 0.969817
817.391 426.204 0.0997615 -0.124726 0.958569
569.649 297.156 -0.0603791 0.185503 1.03732
624.538 445.869 0.119037 0.092741 0.964369
707.547 184.668 -0.166245 -0.00616419 0.928442
793.212 153.986 -0.209409 -0.105185 0.94869
718.567 70.5694 -0.271033 -0.0195471 0.894322
910.027 245.777 -0.100289 -0.233883 0.948196
912.899 348.425 0.0160747 -0.261758 1.00567
905.465 167.028 -0.16439 -0.202765 0.888438
724.477 608.296 0.253811 -0.0158935 0.897559
826.805 530.891 0.32059 -0.193793 1.16417
542.978 214.286 -0.143958 0.182334 0.950127
501.643 188.247 -0.209034 0.275172 1.02607
597.209 330.208 -0.0166172 0.16285 1.08187
681.385 113.26 -0.239175 0.0204812 0.91525
617.012 598.164 0.380272 0.140291 1.11034
571.469 452.773 0.124847 0.151615 0.961498
615.801 453.63 0.124155 0.0995681 0.952321
601.891 379.35 0.0650274 0.184892 1.16654
722.79 399.369 0.0708437 -0.0196093 0.975815
814.143 196.17 -0.175033 -0.138615 0.987449
780.291 73.6985 -0.285673 -0.0876278 0.920867
755.169 155.524 -0.209726 -0.0616825 0.951494
718.704 64.1464 -0.262442 -0.0192245 0.872965
754.75 63.2609 -0.258158 -0.0533807 0.866461
956.404 170.986 -0.167412 -0.264424 0.90651
833.202 220.383 -0.125131 -0.142325 0.930435
834.394 201.566 -0.152388 -0.150073 0.947562
893.535 168.666 -0.162861 -0.190799 0.888303
723.746 598.773 0.25941 -0.015753 0.921814
853.586 584.042 0.273965 -0.161132 0.967076
861.645 623.201 0.410065 -0.21678 1.09557
871.472 451.931 0.138309 -0.197574 0.991689
500.798 351.656 0.0106523 0.216041 0.929932
605.384 226.552 -0.147772 0.128331 1.00859
593.79 330.239 -0.0157328 0.159718 1.05881
641.584 591.644 0.274483 0.0735111 0.961492
674.442 583.234 0.276362 0.0392383 0.978507
650.282 451.672 0.120792 0.0604951 0.945075
572.094 453.918 0.124334 0.148507 0.954912
924.227 348.2 0.0152079 -0.253968 0.966866
909.693 288.099 -0.0590929 -0.256583 0.996079
623.506 443.564 0.12914 0.105817 1.01364
533.9 505.649 0.223274 0.241156 1.06125
580.808 568.267 0.306135 0.175646 1.06083
634.334 623.452 0.253978 0.0653654 0.878267
832.604 168.734 -0.170062 -0.134895 0.902481
859.329 173.117 -0.180411 -0.175747 0.93722
560.405 297.892 -0.0514254 0.171969 0.976161
872.98 453.638 0.13743 -0.195181 0.981777
801.026 57.6563 -0.260109 -0.0966743 0.862408
514.736 157.22 -0.221304 0.226039 0.968969
729.472 367.018 0.0298464 -0.0255073 0.910909
548.823 218.447 -0.144328 0.182347 0.965436
580.521 77.3436 -0.253501 0.115494 0.876235
589.928 259.331 -0.110099 0.155398 1.02931
613.199 229.861 -0.152665 0.126342 1.03708
937.736 233.693 -0.0882173 -0.212625 0.855035
667.981 222.641 -0.12173 0.0361966 0.918419
596.777 295.081 -0.0698854 0.166002 1.0878
571.631 394.373 0.0602932 0.151939 0.96129
836.405 201.015 -0.148587 -0.148458 0.935876
569.509 385.272 0.0272284 0.053282 0.625609
729.539 196.46 -0.123864 -0.0261364 0.851076
600.212 432.866 0.146482 0.175725 1.13516
609.523 478.736 0.117919 0.0796421 0.844836
832.102 576.34 0.349852 -0.178991 1.10243
919.502 406.182 0.0928742 -0.281783 1.03344
523.526 153.882 -0.195781 0.186973 0.91238
591.694 530.785 0.10937 0.0593152 0.700575
661.411 527.04 0.170485 0.0402493 0.87673
557.407 333.976 -0.0137359 0.249869 1.13973
833.496 168.141 -0.168796 -0.134507 0.8983
881.124 104.463 -0.202432 -0.162353 0.843869
606.386 244.587 -0.122876 0.125749 1.00467
599.72 219.732 -0.137413 0.118318 0.952559
917.432 345.256 0.0120581 -0.262273 0.995974
760.668 134.207 -0.187438 -0.0570266 0.864313
780.84 186.767 -0.179755 -0.0937432 0.969093
794.261 123.006 -0.282377 -0.121548 1.00669
634.19 428.909 0.135961 0.115915 1.11514
775.389 436.468 0.115201 -0.0806037 0.979486
588.148 329.827 -0.01478 0.153483 1.01932
705.984 183.941 -0.161909 -0.00461509 0.916158
720.836 38.1406 -0.237264 -0.0194855 0.804374
594.58 484.543 0.110743 0.0815984 0.803769
894.541 183.864 -0.170624 -0.218129 0.9446
587.875 90.8272 -0.263293 0.119399 0.911714
736.507 159.858 -0.18331 -0.036841 0.907353
631.113 516.824 0.17661 0.0754622 0.916425
537.132 500.181 0.224159 0.246237 1.07981
597.062 217.373 -0.135874 0.117523 0.939934
661.265 213.033 -0.109866 0.034987 0.851195
799.133 101.835 -0.260653 -0.109895 0.931965
603.094 329.015 -0.0199907 0.168126 1.12309
773.186 375.321 0.0360335 -0.0636779 0.870525
774.613 605.02 0.359177 -0.0867814 1.06252
588.239 383.288 0.0585148 0.167712 1.06094
566.686 614.699 0.322654 0.169899 1.00009
897.941 530.063 0.192747 -0.189529 0.913638
821.569 551.697 0.376113 -0.194791 1.19897
790.605 474.222 0.186974 -0.113382 1.05975
723.76 591.201 0.259016 -0.0160928 0.933567
630.68 519.246 0.174758 0.0738156 0.906098
584.66 258.961 -0.129822 0.191507 1.10423
798.484 102.771 -0.257934 -0.108521 0.92943
791.187 163.223 -0.157443 -0.0839599 0.860355
560.134 331.248 -0.0182028 0.245732 1.14039
706.492 193.884 -0.176086 -0.00427745 0.9778
553.19 286.988 -0.0456669 0.131429 0.853334
827.941 489.135 0.177923 -0.141486 0.984561
827.831 490.61 0.157967 -0.124715 0.925918
608.438 421.329 0.107998 0.13422 1.04514
603.35 223.092 -0.137543 0.117776 0.964961
510.376 157.338 -0.213023 0.222589 0.953262
496.472 541.02 0.196426 0.208169 0.913982
594.517 567.072 0.382721 0.20022 1.18154
883.336 459.743 0.128663 -0.184053 0.927972
517.97 159.171 -0.226154 0.229662 0.98292
519.513 162.959 -0.226389 0.233001 0.992744
851.874 180.083 -0.190778 -0.183072 0.978421
948.436 467.449 0.143857 -0.262909 0.948096
611.908 224.132 -0.149579 0.118812 1.00493
717.003 31.1046 -0.238299 -0.0163416 0.797643
870.801 540.402 0.193539 -0.155356 0.89489
648.726 143.07 -0.226493 0.0614973 0.951352
696.523 348.911 0.0118784 0.0109975 0.989919
825.037 493.707 0.16114 -0.121837 0.92631
826.067 228.957 -0.132899 -0.151606 0.986425
673.872 227.424 -0.128434 0.0338196 0.956872
641.611 405.699 0.0750601 0.0736807 0.966528
593.919 473.895 0.161853 0.139324 1.00265
678.67 562.899 0.295703 0.041525 1.05106
767.027 368.104 0.0289328 -0.0569869 0.860793
687.09 371.145 0.032489 0.0165888 0.898047
581.566 566.264 0.307563 0.177113 1.06744
493.36 190.796 -0.171653 0.238687 0.948661
778.003 442.129 0.112788 -0.0777083 0.943869
500.903 273.373 -0.0299897 0.10399 0.684214
588.251 553.167 0.318096 0.18521 1.1143
875.736 455.642 0.136287 -0.193366 0.969916
709.377 204.307 -0.189749 -0.0072018 1.04474
826.634 437.178 0.0962268 -0.115599 0.889691
601.147 296.684 -0.0732152 0.173775 1.12897
680.736 454.625 0.115795 0.0248687 0.912377
724.167 606.649 0.250425 -0.0155761 0.894335
851.59 181.647 -0.130181 -0.131033 0.837085
497.092 345.437 0.00406632 0.217992 0.926054
558.335 104.868 -0.253442 0.153847 0.919722
916.107 588.15 0.165498 -0.136138 0.753013
805.586 443.689 0.105572 -0.0988238 0.905318
511.137 545.904 0.218567 0.211697 0.950513
499.878 345.386 0.00404947 0.215772 0.92737
683.261 120.36 -0.243792 0.0200254 0.936075
826.705 452.665 0.127043 -0.132265 0.952128
913.876 414.948 0.0496263 -0.118046 0.697015
576.769 574.129 0.300787 0.173116 1.04004
706.065 202.586 -0.104073 -0.00544839 0.807701
851.723 365.923 0.0281609 -0.131796 0.858293
632.603 513.752 0.188268 0.0812934 0.952507
624.946 398.563 0.0686118 0.0960103 0.980415
685.453 370.811 0.0313938 0.0173122 0.884881
718.867 490.968 0.178097 -0.0132581 0.985375
716.296 361.277 0.0268744 -0.0128132 0.982679
935.095 248.582 -0.101232 -0.273337 0.96691
639.693 501.178 0.197457 0.0845235 1.00846
715.447 411.388 0.08643 -0.0108036 0.986723
646.91 455.436 0.11512 0.0581351 0.908953
540.244 333.237 -0.0125037 0.231639 1.05111
528.507 296.841 -0.037634 0.154308 0.856043
628.606 431.03 0.0780354 0.0625696 0.840028
830.579 415.644 0.0834532 -0.131945 0.93143
719.663 507.783 0.19039 -0.0137004 0.96905
549.579 445.753 0.121697 0.184644 0.981076
915.687 542.431 0.175253 -0.176512 0.847932
517.397 179.606 -0.391118 0.458805 1.32961
647.159 139.2 -0.222514 0.0606517 0.935905
727.556 32.1114 -0.311528 -0.0294887 0.89356
647.459 594.512 0.547746 0.143588 1.32839
745.906 293.263 -0.154153 -0.122349 1.6039
640.529 401.47 0.218437 0.255773 1.63774
592.919 385.561 0.0583253 0.150783 1.03117
585.047 374 0.0389192 0.1425 0.97782
661.318 520.27 0.183573 0.0462937 0.92397
723.832 297.028 -0.13655 -0.043438 1.57063
486.723 192.863 -0.208479 0.303478 1.03835
809.958 85.0625 -0.265557 -0.116975 0.91115
632.071 114.005 -0.56498 0.186655 1.34146
858.792 617.805 0.416541 -0.220027 1.11334
945.761 413.589 0.0892034 -0.272294 0.963133
784.129 626.166 0.502664 -0.125545 1.20438
721.078 401.263 0.0726616 -0.0175258 0.973619
736.935 192.931 -0.140717 -0.0352353 0.887851
906.719 248.013 -0.0997301 -0.234079 0.955995
893.794 240.337 -0.162222 -0.318339 1.1382
635.916 539.229 0.203836 0.0730978 0.928712
781.85 75.9315 -0.290208 -0.0912113 0.930691
620.619 447.263 0.129141 0.105271 0.997166
719.265 64.5441 -0.453508 -0.026837 1.10743
916.944 193.91 -0.200568 -0.302551 1.04593
791.669 329.368 -0.0170591 -0.159422 1.21484
779.642 446.2 0.11324 -0.076872 0.92852
788.274 444.799 0.107322 -0.0824561 0.909393
801.988 577.337 0.586404 -0.216942 1.40842
516.744 142.396 -0.379492 0.359193 1.18821
586.985 289.086 -0.0665388 0.151715 1.00889
826.541 427.199 0.0974327 -0.130123 0.941653
749.645 288.634 -0.161537 -0.129199 1.56135
736.471 284.824 -0.165419 -0.0816585 1.51775
833.867 365.793 0.0307093 -0.132927 0.916693
625.284 446.068 0.122466 0.0947803 0.976792
688.113 369.61 0.0337783 0.0185549 0.945474
635.532 414.179 0.0744056 0.0688586 0.906769
708.086 189.404 -0.173664 -0.00645758 0.95903
813.398 111.423 -0.225232 -0.114568 0.89254
722.108 125.465 -0.238736 -0.023604 0.938725
751.475 81.4237 -0.27841 -0.0561065 0.92233
939.809 157.022 -0.184534 -0.250553 0.910694
909.704 260.58 -0.111237 -0.302481 1.07235
953.534 354.477 0.0224543 -0.278329 0.952263
829.329 235.924 -0.139303 -0.17243 1.03716
839.291 197.26 -0.146376 -0.146135 0.919105
836.425 291.895 -0.057996 -0.170047 1.01173
780.815 617.015 0.352448 -0.0896499 1.03215
723.472 593.639 0.268081 -0.0159261 0.944825
852.08 621.922 0.334735 -0.167928 0.997204
929.09 405.555 0.0854875 -0.272337 0.995692
867.244 454.894 0.136458 -0.185267 0.973948
523.638 241.22 -0.146967 0.264772 1.0637
539.288 345.638 0.00475632 0.254073 1.09256
526.775 339.87 -0.00254754 0.21798 0.989693
493.607 352.506 0.0142214 0.33216 1.10646
517.276 158.941 -0.226721 0.230797 0.983408
531.311 120.671 -0.350789 0.274352 1.09315
631.743 195.41 -0.198848 0.0995222 1.03215
581.283 226.948 -0.13791 0.148771 0.97896
564.519 174.138 -0.177384 0.14712 0.92156
498.66 551.758 0.206703 0.205847 0.914062
639.583 601.483 0.273198 0.0722133 0.942875
675.566 578.312 0.286764 0.040731 1.00504
698.121 634.498 0.487255 0.0240388 1.17447
584.979 575.733 0.343713 0.185978 1.10419
617.657 597.331 0.382787 0.140798 1.11543
579.967 445.301 0.128372 0.158019 1.00628
