548.596 493.461 0.243965 0.261878 1.14391
664.525 633.757 0.491237 0.0816452 1.18088
631.086 516.71 0.187959 0.0811287 0.941905
785.491 628.076 0.435437 -0.110485 1.12035
641.99 617.526 0.513085 0.133072 1.23786
927.882 282.941 -0.0510948 -0.232422 0.914981
603.872 293.31 -0.0783698 0.171756 1.13546
775.812 221.309 -0.148978 -0.0929661 1.00728
687.205 369.218 0.0329673 0.0179953 0.915798
778.786 132.248 -0.243253 -0.0920737 0.965106
756.051 153.238 -0.206406 -0.0613652 0.943257
944.119 353.037 0.023361 -0.28754 0.985827
724.15 570.434 0.284468 -0.0176789 1.01319
803.769 509.163 0.173855 -0.0969148 0.917592
849.125 613.161 0.341409 -0.171495 1.01957
863.4 626.614 0.406164 -0.213279 1.08362
851.778 434.861 0.152431 -0.222093 1.11632
867.186 448.349 0.14257 -0.202088 1.01695
534.873 345.989 0.00628501 0.248286 1.06914
539.634 267.82 -0.0746256 0.17147 0.919229
513.116 154.668 -0.22198 0.22703 0.967215
535.892 165.819 -0.203884 0.195745 0.959407
560.433 160.924 -0.218267 0.174256 0.976796
531.596 507.761 0.225667 0.243054 1.05851
643.235 590.937 0.280768 0.0740341 0.9716
677.269 571.405 0.290933 0.0411207 1.02395
584.902 451.649 0.147261 0.16453 1.04114
721.813 399.382 0.0724956 -0.0180184 0.978198
734.99 202.845 -0.154183 -0.0370592 0.955769
818.795 426.577 0.0999617 -0.123615 0.951132
572.641 297.644 -0.0606531 0.188609 1.05457
624.319 445.924 0.119568 0.0927074 0.961667
707.615 185.021 -0.166357 -0.00587556 0.933637
792.651 154.724 -0.209984 -0.105505 0.954989
718.157 79.2824 -0.278672 -0.0193817 0.921072
913.617 243.371 -0.097791 -0.230221 0.934817
914.206 348.036 0.0170963 -0.260861 1.00249
904.02 167.616 -0.164767 -0.203775 0.89474
724.758 607.813 0.254833 -0.0155631 0.898341
825.105 527.463 0.325782 -0.195815 1.18092
543.09 214.002 -0.143242 0.182853 0.951447
504.599 190.184 -0.211411 0.27985 1.04048
598.246 329.943 -0.0159348 0.16356 1.08781
683.021 121.767 -0.247152 0.0213455 0.947216
615.603 601.872 0.376751 0.139061 1.0974
572.448 451.947 0.126062 0.152132 0.965207
614.166 455.069 0.123585 0.098668 0.940351
602.398 379.121 0.0660229 0.184935 1.16848
722.996 400.475 0.0706067 -0.0188844 0.956314
818.473 188.954 -0.167239 -0.133131 0.951548
779.601 75.7451 -0.287486 -0.0880583 0.929217
755.521 153.548 -0.207694 -0.0611493 0.946444
719.036 68.3715 -0.265768 -0.0195694 0.886333
755.671 54.6903 -0.251354 -0.0519024 0.847942
945.43 178.199 -0.174199 -0.275277 0.944137
833.598 219.474 -0.124066 -0.141891 0.929358
833.516 201.991 -0.15268 -0.150724 0.954226
894.23 167.375 -0.161601 -0.190162 0.886657
724.452 597.492 0.260979 -0.015914 0.924851
854.983 585.053 0.273507 -0.160272 0.9627
864.029 627.053 0.40599 -0.213746 1.08264
871.497 451.034 0.139597 -0.198287 0.995202
500.007 351.335 0.0115523 0.215656 0.927517
601.257 222.201 -0.142241 0.124986 0.9801
590.745 329.773 -0.0141984 0.156134 1.03612
641.997 590.586 0.276076 0.0740838 0.964476
674.792 582.043 0.278075 0.039737 0.982005
647.39 456.045 0.118266 0.0589034 0.914158
578.582 448.911 0.128987 0.153506 0.988528
919.222 347.426 0.0161742 -0.259453 0.988717
907.669 287.987 -0.0590226 -0.25861 1.00581
624.432 442.805 0.130401 0.105967 1.0176
532.321 506.736 0.222844 0.240366 1.05514
581.651 566.838 0.308346 0.176866 1.06619
633.715 626.982 0.252443 0.0647493 0.869353
831.385 169.837 -0.170962 -0.135773 0.91105
863.961 166.985 -0.174503 -0.170934 0.913366
561.152 297.689 -0.0508703 0.173041 0.98063
873.305 453.253 0.138333 -0.194787 0.981831
800.216 59.5189 -0.26146 -0.0971095 0.869523
507.623 150.621 -0.214279 0.220489 0.943481
729.24 366.465 0.030681 -0.0247967 0.910761
548.066 217.469 -0.14291 0.181913 0.962309
579.994 77.2852 -0.253294 0.116784 0.878415
590.4 259.256 -0.109685 0.156235 1.03311
611.729 227.257 -0.148796 0.123325 1.01934
936.913 233.337 -0.087728 -0.213074 0.858553
668.504 223.169 -0.122128 0.0368223 0.926516
586.813 291.54 -0.0637885 0.156314 1.02081
573.006 393.856 0.061597 0.152536 0.966555
835.95 200.968 -0.148298 -0.148652 0.939601
568.213 384.134 0.0280208 0.0531197 0.621143
729.579 196.323 -0.123496 -0.0259476 0.854396
599.959 432.965 0.147039 0.175582 1.13284
609.006 479.113 0.118274 0.0794967 0.840844
832.815 577.122 0.349838 -0.178065 1.0993
918.803 405.364 0.094033 -0.282501 1.03776
525.78 155.558 -0.197393 0.189439 0.92245
590.454 532.353 0.109322 0.0588741 0.693822
657.54 539.886 0.163164 0.0383101 0.829875
559.644 333.651 -0.0134233 0.253244 1.15392
829.927 173.204 -0.173118 -0.138177 0.924005
880.392 105.553 -0.203049 -0.16364 0.849949
603.641 241.746 -0.119373 0.123386 0.984743
597.86 217.956 -0.135512 0.118428 0.945399
916.919 344.686 0.0129475 -0.262665 0.999212
781.073 186.96 -0.179701 -0.0944523 0.973555
794.891 122.8 -0.282168 -0.122536 1.00883
634.031 428.977 0.13671 0.116078 1.1134
775.464 435.788 0.116197 -0.0804147 0.981521
588.721 329.513 -0.0140481 0.154437 1.02363
706.119 184.905 -0.162705 -0.00432981 0.924596
721.16 42.1364 -0.239547 -0.0197401 0.814948
589.94 486.841 0.10971 0.0818231 0.78985
902.153 176.386 -0.163673 -0.210623 0.913295
588.987 92.4704 -0.264641 0.120604 0.919018
736.949 156.023 -0.179781 -0.0361801 0.89526
630.931 517.514 0.176827 0.075286 0.91265
533.261 503.652 0.220919 0.241602 1.05992
597.638 217.491 -0.13569 0.118363 0.944352
660.331 209.51 -0.107071 0.0345125 0.837809
797.997 104.341 -0.263047 -0.110805 0.942985
603.297 328.801 -0.0191548 0.168816 1.1255
775.831 376.145 0.0362486 -0.0611716 0.840574
774.976 605.415 0.359647 -0.0862694 1.06122
588.591 382.908 0.0595037 0.16849 1.06383
568.85 610.675 0.326721 0.172152 1.01164
897.423 528.603 0.194302 -0.189914 0.917587
821.723 551.369 0.377325 -0.19455 1.20019
790.147 472.551 0.189047 -0.113891 1.06824
723.985 590.227 0.260464 -0.0157632 0.935995
585.03 258.568 -0.129088 0.1911 1.10445
798.639 101.672 -0.256499 -0.108019 0.928173
791.448 163.947 -0.157757 -0.0849789 0.866615
560.494 330.991 -0.0174959 0.246405 1.14281
706.566 194.255 -0.176309 -0.00398422 0.983444
545.324 283.657 -0.0426977 0.127243 0.823586
827.639 487.939 0.179439 -0.141707 0.988975
823.057 483.118 0.165256 -0.129898 0.965214
609.973 420.129 0.110845 0.136997 1.06041
603.554 222.918 -0.136958 0.118348 0.967204
512.931 159.095 -0.214745 0.225271 0.963808
487.199 548.785 0.19142 0.20202 0.885185
595.858 564.587 0.386692 0.202388 1.19227
883.253 458.956 0.129778 -0.184034 0.930008
515.638 156.623 -0.223148 0.227691 0.974061
513.945 157.295 -0.219984 0.227284 0.969611
851.458 180.024 -0.190419 -0.183208 0.981437
940.219 461.608 0.148818 -0.272014 0.980407
614.616 226.415 -0.152172 0.121397 1.02608
716.981 32.0214 -0.23867 -0.016118 0.801809
647.153 138.48 -0.221602 0.0608258 0.935856
696.874 348.409 0.012741 0.0112887 0.996923
825.729 493.688 0.161646 -0.121279 0.924312
673.41 225.235 -0.125885 0.0334884 0.945828
594.675 472.855 0.163411 0.140363 1.00778
678.813 563.152 0.296111 0.0417399 1.04969
687.432 370.382 0.0334089 0.0169686 0.903029
583.193 563.483 0.311127 0.179199 1.07801
779.616 444.121 0.111788 -0.0758688 0.925938
494.595 269.688 -0.0279909 0.101544 0.668711
589.622 550.846 0.321476 0.187197 1.12417
874.874 454.265 0.137818 -0.194146 0.975991
709.061 200.29 -0.184691 -0.00670301 1.02278
823.133 433.289 0.0994068 -0.118526 0.915678
597.284 295.095 -0.0702781 0.169702 1.09992
680.7 454.773 0.11604 0.0250065 0.908053
725.292 604.929 0.252316 -0.0161178 0.898441
855.355 177.34 -0.126971 -0.129357 0.82386
498.621 344.946 0.00479208 0.219616 0.93187
552.005 95.2389 -0.244644 0.149606 0.892512
918.407 589.731 0.165602 -0.134934 0.74837
805.969 443.349 0.106397 -0.0983883 0.904575
498.356 558.057 0.209949 0.20238 0.906557
501.212 344.912 0.00479678 0.217244 0.932586
682.36 115.072 -0.238445 0.0200521 0.920285
916.013 414.242 0.0503349 -0.117155 0.693385
578.602 570.993 0.304497 0.175296 1.05119
706.804 204.907 -0.105479 -0.0055458 0.822899
851.006 365.036 0.0290938 -0.132172 0.86345
622.77 399.551 0.0684785 0.0946321 0.96264
686.068 370.274 0.0323286 0.0171959 0.885843
716.29 360.255 0.02817 -0.0125446 1.00799
934.072 248.4 -0.100876 -0.274192 0.971536
715.574 410.133 0.0878595 -0.0105138 0.995945
647.259 454.621 0.116266 0.0586434 0.911805
540.378 333.004 -0.0116257 0.232253 1.05254
540.302 299.021 -0.0393389 0.161622 0.898922
630.468 430.09 0.0791799 0.0620137 0.843509
550.069 445.343 0.122769 0.185024 0.982803
662.522 516.718 0.181818 0.0456994 0.925502
889.867 463.314 0.126314 -0.178978 0.902355
515.094 177.849 -0.386846 0.455188 1.31804
646.163 136.241 -0.219368 0.0604499 0.927235
727.556 31.3654 -0.310706 -0.0292651 0.893931
646.701 598.349 0.542002 0.141864 1.31228
746.245 292.648 -0.151327 -0.120509 1.58507
638.56 403.171 0.214668 0.250886 1.60323
590.651 386.172 0.0585898 0.148871 1.01625
660.576 523.076 0.182148 0.0458733 0.911423
723.864 296.33 -0.133311 -0.0422934 1.54592
482.503 190.092 -0.204488 0.299652 1.02408
809.216 86.327 -0.266546 -0.117404 0.917423
632.39 114.743 -0.566336 0.187499 1.3469
858.709 616.724 0.418519 -0.220277 1.11666
943.832 412.281 0.0906801 -0.274161 0.971306
784.135 624.314 0.506059 -0.126037 1.21095
721.228 402.708 0.0722027 -0.0167595 0.950739
736.854 193.1 -0.140631 -0.0350798 0.892496
905.319 248.151 -0.0998147 -0.235825 0.963781
635.718 539.892 0.203972 0.0730825 0.925369
781.32 77.2503 -0.291299 -0.0914581 0.936926
618.692 449.18 0.128163 0.103872 0.981141
719.237 65.2155 -0.454314 -0.0267586 1.11163
918.898 191.927 -0.198057 -0.299837 1.03797
788.854 444.748 0.10788 -0.0818704 0.906433
801.576 575.44 0.590947 -0.217872 1.41792
517.154 142.726 -0.379732 0.360532 1.19164
584.998 288.004 -0.064746 0.150336 0.99743
749.575 288.586 -0.160946 -0.129098 1.56478
736.449 284.812 -0.165106 -0.081694 1.52277
833.815 365.055 0.031616 -0.133322 0.92029
623.895 447.524 0.121949 0.093763 0.964144
688.565 368.929 0.0347671 0.018853 0.951563
632.694 416.073 0.0738101 0.0676336 0.884112
708.297 189.175 -0.173165 -0.00638184 0.961177
813.517 110.665 -0.22442 -0.114384 0.892985
722.086 122.26 -0.235478 -0.0230542 0.930026
752.049 77.1037 -0.274259 -0.0553559 0.912264
938.246 157.578 -0.184931 -0.251759 0.916653
909.57 260.162 -0.11056 -0.302645 1.07413
952.093 353.689 0.0233331 -0.279794 0.958517
827.935 236.864 -0.140562 -0.17467 1.05103
838.67 197.371 -0.146274 -0.146478 0.923754
835.483 291.721 -0.0577302 -0.17093 1.01953
780.681 614.921 0.355115 -0.0897517 1.03815
723.78 596.853 0.266239 -0.0154069 0.93477
760.342 639.985 0.484016 -0.0765704 1.15821
851.431 619.472 0.337511 -0.168565 1.00368
931.861 405.728 0.0857423 -0.269929 0.987286
864.615 451.955 0.13943 -0.188409 0.991411
526.706 242.454 -0.148006 0.268141 1.07769
536.413 345.615 0.0058045 0.250723 1.07797
524.487 339.53 -0.00156006 0.216378 0.98092
498.58 351.918 0.0150527 0.338863 1.12812
514.079 155.857 -0.222989 0.228419 0.971905
526.965 115.463 -0.34294 0.269213 1.07265
630.242 192.611 -0.195093 0.0984298 1.01831
581.949 227.094 -0.137761 0.149777 0.983703
564.893 174.13 -0.177009 0.147826 0.924266
497.409 552.8 0.206665 0.205149 0.909988
641.262 596.626 0.27778 0.073509 0.956941
675.875 577.726 0.287955 0.0410616 1.00662
698.305 633.948 0.488748 0.0245464 1.17645
585.823 574.252 0.346191 0.18731 1.11001
618.419 596.147 0.384994 0.141376 1.11983
580.69 444.47 0.12969 0.159052 1.01087
