548.421 492.795 0.242999 0.261759 1.1444
664.499 632.691 0.490271 0.0815267 1.18136
630.812 515.979 0.186993 0.0810101 0.942392
785.316 626.935 0.434471 -0.110604 1.12084
641.996 616.506 0.512118 0.132953 1.23835
927.684 281.941 -0.0520613 -0.23254 0.915469
603.437 292.589 -0.0793362 0.171638 1.13595
775.488 220.328 -0.149945 -0.0930847 1.00777
686.812 368.462 0.0320009 0.0178767 0.916285
778.42 131.041 -0.24422 -0.0921923 0.965594
755.638 152.096 -0.207373 -0.0614838 0.943745
943.916 352.094 0.0223946 -0.287659 0.986315
723.958 569.529 0.283502 -0.0177974 1.01368
803.497 508.302 0.172889 -0.0970334 0.91808
848.871 612.053 0.340442 -0.171613 1.02006
863.134 625.42 0.405197 -0.213397 1.08411
851.553 433.993 0.151464 -0.222211 1.11681
866.941 447.458 0.141604 -0.202207 1.01743
534.403 345.348 0.0053186 0.248167 1.06963
538.948 267.049 -0.075592 0.171351 0.919717
512.233 153.664 -0.222947 0.226911 0.967702
535.072 164.833 -0.20485 0.195627 0.959895
559.667 159.915 -0.219233 0.174138 0.977284
531.38 507.099 0.2247 0.242935 1.05899
643.059 590.093 0.279802 0.0739155 0.972088
677.1 570.537 0.289966 0.0410022 1.02444
584.61 450.983 0.146295 0.164411 1.04163
721.503 398.614 0.0715292 -0.018137 0.978685
734.572 201.837 -0.155149 -0.0371777 0.956257
818.524 425.735 0.0989953 -0.123734 0.95162
572.134 296.925 -0.0616195 0.188491 1.05506
623.984 445.23 0.118602 0.0925889 0.962155
707.129 183.984 -0.167324 -0.00599412 0.934125
792.309 153.569 -0.210951 -0.105624 0.955477
717.617 77.9317 -0.279639 -0.0195002 0.92156
913.427 242.328 -0.0987574 -0.23034 0.935305
913.997 347.114 0.0161299 -0.26098 1.00298
903.822 166.42 -0.165733 -0.203894 0.895228
724.523 606.919 0.253867 -0.0156817 0.898828
824.891 526.499 0.324815 -0.195933 1.18141
542.353 213.129 -0.144208 0.182735 0.951935
503.796 189.298 -0.212378 0.279731 1.04096
597.831 329.25 -0.0169012 0.163441 1.08829
682.45 120.575 -0.248119 0.021227 0.947704
615.535 600.973 0.375784 0.138942 1.09788
572.094 451.294 0.125096 0.152014 0.965694
613.819 454.384 0.122618 0.0985494 0.940838
602.089 378.47 0.0650565 0.184816 1.16897
722.676 399.706 0.0696403 -0.019003 0.956802
818.176 187.866 -0.168205 -0.133249 0.952036
779.198 74.3542 -0.288452 -0.0881768 0.929705
755.109 152.408 -0.208661 -0.0612678 0.946932
718.468 66.9803 -0.266735 -0.019688 0.886821
755.151 53.2339 -0.252321 -0.052021 0.84843
945.31 177.015 -0.175166 -0.275395 0.944625
833.313 218.436 -0.125033 -0.142009 0.929845
833.243 200.924 -0.153647 -0.150842 0.954714
894.013 166.183 -0.162568 -0.190281 0.887145
724.228 596.593 0.260013 -0.0160326 0.925339
854.718 584.03 0.27254 -0.160391 0.963188
863.763 625.858 0.405024 -0.213864 1.08313
871.247 450.139 0.138631 -0.198406 0.99569
499.403 350.7 0.0105859 0.215538 0.928005
600.652 221.318 -0.143207 0.124867 0.980588
590.294 329.072 -0.0151648 0.156015 1.0366
641.815 589.748 0.27511 0.0739653 0.964963
674.607 581.179 0.277109 0.0396184 0.982493
601.087 639.556 0.341103 0.124772 0.985775
647.041 455.339 0.117299 0.0587848 0.914645
578.245 448.252 0.12802 0.153387 0.989015
919.012 346.498 0.0152078 -0.259572 0.989205
907.481 287.024 -0.059989 -0.258728 1.00629
624.132 442.11 0.129435 0.105849 1.01809
532.102 506.076 0.221877 0.240247 1.05563
581.53 566.051 0.307379 0.176747 1.06667
633.486 626.17 0.251477 0.0646307 0.86984
831.084 168.69 -0.171928 -0.135892 0.911538
863.713 165.813 -0.175469 -0.171053 0.913853
560.586 296.96 -0.0518367 0.172922 0.981118
873.052 452.356 0.137367 -0.194905 0.982319
799.813 58.0582 -0.262426 -0.097228 0.870011
506.708 149.605 -0.215246 0.220371 0.943969
728.878 365.677 0.0297146 -0.0249152 0.911249
547.351 216.604 -0.143876 0.181794 0.962797
579.1 75.9915 -0.254261 0.116666 0.878902
589.854 258.464 -0.110651 0.156116 1.0336
611.169 226.389 -0.149762 0.123207 1.01983
936.719 232.251 -0.0886944 -0.213193 0.859041
667.978 222.236 -0.123095 0.0367037 0.927003
586.298 290.795 -0.0647549 0.156196 1.0213
572.575 393.197 0.0606306 0.152417 0.967043
835.673 199.894 -0.149265 -0.148771 0.940089
567.281 383.716 0.0270544 0.0530012 0.621631
729.083 195.287 -0.124463 -0.0260662 0.854883
599.703 432.302 0.146072 0.175464 1.13333
608.589 478.46 0.117308 0.0793781 0.841332
832.585 576.07 0.348872 -0.178184 1.09979
918.576 404.45 0.0930666 -0.282619 1.03825
524.899 154.542 -0.19836 0.18932 0.922938
589.866 531.879 0.108355 0.0587555 0.694309
657.194 539.18 0.162197 0.0381915 0.830363
559.225 333.006 -0.0143897 0.253125 1.15441
829.632 172.068 -0.174084 -0.138296 0.924493
880.139 104.199 -0.204016 -0.163759 0.850437
603.066 240.902 -0.120339 0.123267 0.985231
597.223 217.059 -0.136478 0.11831 0.945887
916.712 343.76 0.0119811 -0.262783 0.9997
780.73 185.894 -0.180667 -0.0945709 0.974043
794.574 121.567 -0.283134 -0.122654 1.00932
633.773 428.286 0.135744 0.115959 1.11389
775.195 434.976 0.11523 -0.0805333 0.982009
588.26 328.811 -0.0150145 0.154318 1.02412
705.625 183.866 -0.163671 -0.00444837 0.925084
720.526 40.6544 -0.240514 -0.0198587 0.815436
589.457 486.238 0.108744 0.0817045 0.790338
901.96 175.215 -0.164639 -0.210742 0.913782
588.16 91.2264 -0.265608 0.120486 0.919506
736.474 154.891 -0.180747 -0.0362986 0.895748
630.634 516.795 0.17586 0.0751675 0.913138
533.041 502.993 0.219952 0.241483 1.0604
597 216.592 -0.136657 0.118244 0.94484
659.712 208.545 -0.108038 0.0343939 0.838297
797.647 103.037 -0.264014 -0.110924 0.943473
602.904 328.114 -0.0201212 0.168697 1.12599
775.464 375.337 0.0352822 -0.0612902 0.841061
774.789 604.372 0.358681 -0.0863879 1.0617
588.223 382.246 0.0585373 0.168371 1.06432
568.749 609.844 0.325755 0.172034 1.01213
897.141 527.645 0.193335 -0.190033 0.918074
821.513 550.355 0.376358 -0.194669 1.20068
789.92 471.702 0.188081 -0.114009 1.06873
723.764 589.332 0.259498 -0.0158818 0.936482
584.509 257.799 -0.130054 0.190982 1.10494
798.281 100.356 -0.257466 -0.108137 0.92866
791.052 162.801 -0.158724 -0.0850975 0.867103
560.067 330.339 -0.0184623 0.246286 1.14329
706.113 193.251 -0.177275 -0.00410278 0.983932
544.581 282.906 -0.0436641 0.127124 0.824074
827.388 487.055 0.178473 -0.141825 0.989463
822.798 482.246 0.16429 -0.130017 0.965702
609.665 419.452 0.109878 0.136879 1.0609
602.946 222.032 -0.137924 0.11823 0.967691
512.054 158.104 -0.215712 0.225153 0.964296
486.862 548.18 0.190454 0.201902 0.885673
595.809 563.76 0.385726 0.202269 1.19276
882.987 458.056 0.128812 -0.184152 0.930496
514.767 155.625 -0.224115 0.227572 0.974548
513.07 156.299 -0.22095 0.227166 0.970099
851.224 178.905 -0.191386 -0.183326 0.981925
939.958 460.652 0.147852 -0.272133 0.980895
614.063 225.545 -0.153138 0.121279 1.02657
716.319 30.5066 -0.239637 -0.0162365 0.802297
646.517 137.353 -0.222568 0.0607073 0.936344
696.523 347.641 0.0117746 0.0111701 0.997411
825.457 492.818 0.160679 -0.121397 0.9248
672.906 224.307 -0.126852 0.0333699 0.946316
594.391 472.171 0.162444 0.140244 1.00827
678.651 562.287 0.295145 0.0416214 1.05018
687.031 369.627 0.0324425 0.0168501 0.903517
583.076 562.697 0.31016 0.17908 1.0785
779.325 443.309 0.110821 -0.0759873 0.926426
493.506 269.034 -0.0289573 0.101426 0.669199
589.517 550.065 0.320509 0.187078 1.12466
874.62 453.367 0.136851 -0.194264 0.976479
708.635 199.309 -0.185657 -0.00682157 1.02327
822.85 432.447 0.0984404 -0.118645 0.916165
596.828 294.37 -0.0712445 0.169584 1.10041
680.362 454.042 0.115073 0.0248879 0.908541
725.055 604.039 0.25135 -0.0162364 0.898929
855.036 176.187 -0.127937 -0.129475 0.824348
498.007 344.306 0.00382567 0.219497 0.932358
551.076 94.0207 -0.24561 0.149487 0.893
918.069 588.867 0.164636 -0.135052 0.748858
805.677 442.521 0.10543 -0.0985069 0.905063
498.066 557.422 0.208982 0.202261 0.907045
500.602 344.271 0.00383037 0.217125 0.933074
681.766 113.855 -0.239411 0.0199335 0.920773
915.66 413.464 0.0493684 -0.117274 0.693873
578.476 570.207 0.30353 0.175177 1.05168
706.249 203.904 -0.106446 -0.00566436 0.823386
850.709 364.162 0.0281274 -0.132291 0.863938
622.385 398.857 0.0675121 0.0945135 0.963127
685.653 369.521 0.0313622 0.0170774 0.886331
715.968 359.481 0.0272036 -0.0126632 1.00848
933.914 247.36 -0.101843 -0.274311 0.972024
715.276 409.371 0.0868931 -0.0106324 0.996432
646.906 453.916 0.1153 0.0585249 0.912293
539.883 332.345 -0.0125921 0.232135 1.05302
539.646 298.295 -0.0403054 0.161503 0.89941
630.02 429.415 0.0782135 0.0618951 0.843997
549.706 444.707 0.121803 0.184906 0.983291
662.242 515.967 0.180851 0.0455808 0.92599
889.594 462.415 0.125348 -0.179096 0.902843
917.925 216.32 -0.112939 -0.212445 0.88955
668.359 507.775 0.179698 0.0412659 0.943287
684.323 403.416 0.0751404 0.0250286 0.971377
714 436.602 0.0757893 -0.00855073 0.792746
935.699 404.629 0.0818863 -0.265438 0.971532
647.553 455.931 0.1177 0.0581611 0.913933
662.744 528.517 0.165906 0.0371617 0.8607
616.282 402.909 0.0654524 0.0902049 0.917628
664.015 232.347 -0.103847 0.0376141 0.898115
802.462 502.59 0.172003 -0.0987518 0.930302
780.498 211.84 -0.13903 -0.0880935 0.946452
851.023 281.677 -0.0643978 -0.178069 0.983278
603.523 461.413 0.166645 0.145323 1.06117
797.118 418.275 0.0592915 -0.0641511 0.761149
691.08 363.565 0.0306633 0.0176382 0.988785
502.965 236.616 -0.130197 0.25052 0.992997
852.285 281.522 -0.0641578 -0.178652 0.980783
583.948 384.57 0.0580854 0.162727 1.03299
650.684 403.068 0.0869926 0.0779299 1.05212
611.023 615.365 0.361002 0.131744 1.05151
668.969 612.799 0.250933 0.0353513 0.886823
823.524 485.731 0.160027 -0.124566 0.943161
717.252 419.999 0.109443 -0.0131036 1.04292
780.549 639.557 0.332375 -0.0779015 0.968382
751.005 3.31472 -0.219627 -0.0387893 0.74718
532.823 255.335 -0.132503 0.266432 1.09431
514.364 176.997 -0.387813 0.455069 1.31853
645.517 135.107 -0.220334 0.0603313 0.927722
726.992 29.835 -0.311672 -0.0293837 0.894419
646.713 597.357 0.541036 0.141746 1.31277
746.062 291.973 -0.152293 -0.120627 1.58556
638.43 402.584 0.213702 0.250768 1.60372
590.261 385.502 0.0576234 0.148753 1.01674
660.29 522.328 0.181182 0.0457547 0.911911
723.66 295.662 -0.134277 -0.042412 1.5464
481.646 189.214 -0.205454 0.299534 1.02456
808.871 84.9559 -0.267512 -0.117522 0.917911
631.831 113.629 -0.567302 0.187381 1.34739
858.451 615.543 0.417552 -0.220395 1.11715
943.596 411.344 0.0897137 -0.27428 0.971794
783.976 623.14 0.505092 -0.126155 1.21144
720.904 401.94 0.0712363 -0.016878 0.951227
736.396 192.057 -0.141598 -0.0351984 0.892984
905.129 247.127 -0.100781 -0.235944 0.964269
635.455 539.144 0.203006 0.0729639 0.925857
780.927 75.8647 -0.292265 -0.0915767 0.937414
618.372 448.489 0.127197 0.103753 0.981628
718.782 63.8376 -0.45528 -0.0268771 1.11212
918.774 190.814 -0.199023 -0.299955 1.03845
788.557 443.933 0.106914 -0.081989 0.90692
801.405 574.336 0.589981 -0.21799 1.4184
516.336 141.733 -0.380698 0.360414 1.19213
584.462 287.25 -0.0657124 0.150217 0.997917
749.39 287.899 -0.161912 -0.129216 1.56527
736.245 284.117 -0.166072 -0.0818125 1.52325
833.533 364.19 0.0306496 -0.133441 0.920778
623.563 446.831 0.120983 0.0936445 0.964632
688.196 368.173 0.0338007 0.0187345 0.952051
632.271 415.381 0.0728437 0.0675151 0.8846
707.831 188.153 -0.174132 -0.0065004 0.961664
813.168 109.365 -0.225386 -0.114502 0.893473
721.585 121.046 -0.236445 -0.0231728 0.930514
751.577 75.7288 -0.275226 -0.0554745 0.912751
938.114 156.344 -0.185898 -0.251877 0.91714
909.414 259.184 -0.111526 -0.302763 1.07462
951.888 352.737 0.0223667 -0.279912 0.959005
827.696 235.894 -0.141529 -0.174789 1.05151
838.389 196.284 -0.14724 -0.146597 0.924242
835.24 290.813 -0.0586966 -0.171049 1.02002
780.486 613.863 0.354149 -0.0898703 1.03864
723.562 595.949 0.265273 -0.0155255 0.935258
760.206 638.814 0.48305 -0.0766889 1.1587
851.173 618.358 0.336544 -0.168684 1.00416
931.629 404.801 0.0847759 -0.270047 0.987774
864.365 451.065 0.138464 -0.188528 0.991899
526.055 241.683 -0.148972 0.268023 1.07818
535.949 344.975 0.00483809 0.250605 1.07846
523.937 338.873 -0.00252647 0.21626 0.981408
498.114 351.321 0.0140863 0.338745 1.12861
513.203 154.857 -0.223956 0.228301 0.972393
526.09 114.35 -0.343906 0.269094 1.07314
629.674 191.655 -0.19606 0.0983113 1.0188
581.319 226.234 -0.138728 0.149658 0.984191
564.124 173.144 -0.177976 0.147707 0.924754
497.114 552.169 0.205699 0.205031 0.910475
641.08 595.784 0.276814 0.0733904 0.957429
675.702 576.856 0.286988 0.0409431 1.00711
698.242 632.848 0.487781 0.0244279 1.17694
585.741 573.435 0.345224 0.187192 1.11049
618.356 595.25 0.384027 0.141258 1.12032
580.365 443.81 0.128723 0.158933 1.01136
