546.499 492.986 0.240268 0.259196 1.1328
663.423 634.171 0.484922 0.0806769 1.16867
630.052 515.457 0.185631 0.0802853 0.936518
784.379 624.025 0.435082 -0.111121 1.1231
641.983 614.419 0.511778 0.132518 1.23802
929.53 280.358 -0.051832 -0.230158 0.905048
604.514 291.88 -0.080734 0.172683 1.14395
776.035 217.812 -0.148539 -0.0922318 0.995145
688.305 365.985 0.032312 0.018168 0.9528
778.825 128.315 -0.242608 -0.0917174 0.957189
755.324 151.108 -0.207793 -0.0615119 0.942415
943.557 351.203 0.0218757 -0.287408 0.983922
784.814 635.64 0.333326 -0.0845184 0.972019
723.715 572.045 0.279014 -0.017995 0.997575
804.74 510.253 0.169879 -0.095922 0.902118
846.489 606.807 0.34333 -0.173807 1.02979
861.677 622.294 0.406084 -0.214588 1.08717
850.306 432.123 0.151853 -0.224502 1.12331
864.905 445.153 0.142131 -0.204283 1.02498
534.043 344.17 0.00480769 0.247396 1.06656
538.913 265.837 -0.0760274 0.170941 0.918276
512.685 153.318 -0.224321 0.228024 0.970131
533.279 162.094 -0.203342 0.193638 0.95087
564.19 163.988 -0.225734 0.178512 1.00083
530.803 506.402 0.223438 0.241276 1.05364
642.176 590.809 0.277183 0.0728273 0.963019
676.182 572.31 0.286058 0.0401319 1.01073
584.161 449.9 0.145455 0.163739 1.03808
721.135 398.437 0.0703122 -0.0180849 0.964503
734.164 202.853 -0.157818 -0.0378652 0.967029
818.344 424.89 0.0981828 -0.123497 0.947176
579.471 297.75 -0.0652508 0.195822 1.09871
623.256 444.417 0.117602 0.0918756 0.956548
706.557 182.807 -0.167612 -0.00579365 0.932049
791.59 154.014 -0.212719 -0.106433 0.960003
717.58 76.7316 -0.279608 -0.0197631 0.919463
910.024 242.783 -0.100755 -0.233157 0.945493
913.406 346.342 0.0157951 -0.261014 1.00161
901.892 166.996 -0.167383 -0.205316 0.899986
784.658 638.779 0.329367 -0.0826012 0.961999
723.867 607.904 0.251261 -0.0156933 0.889821
823.558 524.051 0.325626 -0.196841 1.18588
541.216 211.232 -0.143718 0.181367 0.945589
512.459 193.646 -0.220267 0.287708 1.07376
597.562 328.145 -0.0173665 0.162932 1.08561
683.517 125.052 -0.254275 0.0212018 0.966905
615.837 597.509 0.376754 0.139491 1.10197
573.435 448.969 0.125177 0.152214 0.970291
610.747 455.883 0.119832 0.0963043 0.92001
601.001 377.917 0.0641393 0.182221 1.15658
722.293 399.041 0.0686712 -0.0190434 0.948116
814.034 193.13 -0.174949 -0.138156 0.983934
778.849 74.6116 -0.289974 -0.0887274 0.931992
754.471 154.27 -0.212134 -0.0623635 0.958082
718.42 65.7022 -0.266837 -0.0199535 0.884842
754.927 55.2313 -0.255109 -0.0529541 0.854571
950.702 171.677 -0.171572 -0.269036 0.922718
833.117 217.394 -0.125351 -0.142049 0.927735
832.912 200.078 -0.154095 -0.150987 0.953588
893.564 165.392 -0.163089 -0.190489 0.886264
724.067 597.985 0.25696 -0.0164647 0.91469
854.91 584.612 0.270121 -0.159256 0.954913
866.081 630.924 0.396629 -0.209603 1.06067
871.392 449.449 0.137801 -0.198291 0.991418
498.89 349.239 0.00994713 0.214739 0.924864
600.935 220.325 -0.143625 0.124205 0.979567
589.763 327.853 -0.0156498 0.155262 1.03235
642.754 583.567 0.278175 0.0748459 0.977495
673.643 581.852 0.274404 0.0391639 0.973204
602.541 633.572 0.343922 0.125648 0.995076
646.114 454.852 0.116109 0.0581584 0.907295
580.846 444.587 0.129087 0.155506 1.00353
914.102 345.451 0.01481 -0.265139 1.00737
907.852 285.94 -0.0601858 -0.257741 1.00106
622.643 442.146 0.127553 0.104373 1.00541
526.299 509.377 0.216373 0.234695 1.02943
584.459 559.114 0.312227 0.179891 1.08577
633.023 625.04 0.250328 0.0640133 0.866342
827.747 172.411 -0.176631 -0.139081 0.931005
867.588 159.856 -0.171427 -0.167192 0.891378
564.536 296.768 -0.0537532 0.176111 1.00032
870.406 449.804 0.138117 -0.196972 0.991142
800.379 54.63 -0.260885 -0.0967625 0.862754
506.188 147.793 -0.215213 0.219387 0.940474
728.412 364.615 0.0291901 -0.0249383 0.907097
537.656 209.518 -0.138222 0.175844 0.924663
576.467 71.0096 -0.251487 0.115522 0.86747
590.847 257.846 -0.111758 0.156211 1.03752
608.999 223.165 -0.147534 0.120845 1.00207
929.357 234.713 -0.0918272 -0.218554 0.879592
668.131 221.07 -0.12359 0.0360818 0.92553
584.396 289.185 -0.0645929 0.155132 1.01131
571.287 392.433 0.0596317 0.150132 0.956765
837.236 196.787 -0.147525 -0.146987 0.926585
564.431 382.206 0.026397 0.0521537 0.613507
729.063 191.649 -0.122795 -0.0259813 0.841324
599.578 431.091 0.145491 0.175102 1.13175
607.222 478.159 0.115974 0.0784564 0.833464
834.486 580.445 0.341665 -0.174672 1.07651
919.822 404.322 0.0917218 -0.279059 1.02623
525.062 153.336 -0.198948 0.188916 0.92194
587.077 533.165 0.106612 0.0576676 0.683672
655.896 540.141 0.160132 0.0375133 0.820158
550.954 331.419 -0.0145111 0.244435 1.1094
825.624 176.776 -0.179907 -0.142311 0.949526
882.806 99.9756 -0.201908 -0.162678 0.839669
600.745 237.871 -0.11879 0.121046 0.968626
599.129 217.483 -0.138259 0.118517 0.95378
910.591 342.685 0.0114173 -0.268832 1.02183
778.966 190.144 -0.186741 -0.0981335 1.00107
793.786 121.747 -0.284706 -0.122897 1.01219
632.595 428.199 0.134087 0.114566 1.10174
775.405 435.042 0.113546 -0.0797749 0.969785
590.882 327.853 -0.0159854 0.156615 1.04047
705.253 180.451 -0.161918 -0.00465219 0.912434
720.431 49.3704 -0.247781 -0.020668 0.835925
587.326 487.044 0.107122 0.0800801 0.778712
907.299 170.042 -0.161179 -0.207254 0.893201
593.583 99.8452 -0.275425 0.123909 0.949084
736.593 150.529 -0.178537 -0.0360382 0.881989
630.853 514.498 0.175863 0.0749814 0.91481
523.717 509.692 0.210734 0.230974 1.01584
600.338 218.792 -0.140571 0.120537 0.965145
659.564 207.046 -0.10813 0.0338386 0.834939
799.823 94.5074 -0.25771 -0.108231 0.918745
603.729 327.173 -0.020782 0.169858 1.13313
776.633 375.155 0.0343751 -0.0599837 0.819364
773.667 601.646 0.359302 -0.0865218 1.06401
585.219 381.932 0.0570865 0.165133 1.04404
570.484 604.439 0.328404 0.17363 1.02159
900.273 530.551 0.189441 -0.186566 0.899695
819.349 545.98 0.380272 -0.197029 1.21409
787.866 467.583 0.190556 -0.116111 1.08661
723.18 595.035 0.253154 -0.015618 0.91295
586.255 257.689 -0.131667 0.191853 1.11376
798.651 98.6036 -0.256589 -0.108097 0.924052
790.747 161.931 -0.1593 -0.0853642 0.866386
560.461 329.258 -0.0190396 0.246408 1.14436
706.313 195.631 -0.181363 -0.00444497 1.00176
538.488 279.499 -0.042574 0.12354 0.801385
824.851 483.309 0.180203 -0.143817 1.00191
822.262 481.152 0.162807 -0.129407 0.961081
610.391 417.444 0.109779 0.13742 1.06637
599.377 217.324 -0.134882 0.11511 0.943333
511.687 156.802 -0.216474 0.225408 0.963353
884.946 458.551 0.126407 -0.181686 0.916325
514.248 153.977 -0.223883 0.226547 0.970902
510.538 152.804 -0.219021 0.224418 0.958921
853.553 175.801 -0.189369 -0.182163 0.969198
936.067 457.492 0.149004 -0.276418 0.992693
616.097 226.612 -0.156265 0.122785 1.04181
716.836 26.2365 -0.237856 -0.0168817 0.794516
647.572 139.161 -0.225916 0.0610848 0.946392
695.675 346.762 0.0113395 0.0107733 0.977527
825.407 492.362 0.159399 -0.120977 0.918902
672.805 223.49 -0.127536 0.0332072 0.946583
593.785 471.268 0.161191 0.139215 1.00298
687.505 367.605 0.0321875 0.0169628 0.920456
582.575 561.404 0.308953 0.178608 1.07533
778.784 442.261 0.110118 -0.0759079 0.923425
491.274 266.677 -0.0291306 0.100388 0.663292
588.255 550.114 0.317768 0.185682 1.11581
874.377 452.575 0.135925 -0.193732 0.972298
708.508 198.165 -0.186041 -0.00707133 1.02125
820.428 429.746 0.0990975 -0.120324 0.927391
593.899 292.412 -0.0700443 0.166069 1.07813
679.527 453.564 0.113644 0.0245285 0.900262
725.057 594.925 0.255949 -0.017556 0.917847
854.299 176.35 -0.12905 -0.130727 0.82724
492.703 342.935 0.00341428 0.215039 0.913416
545.612 86.0201 -0.240386 0.146685 0.872377
925.666 598.308 0.159481 -0.130723 0.722768
804.822 440.839 0.105274 -0.0991744 0.907021
484.744 568.343 0.199884 0.193057 0.864988
494.375 342.827 0.00336802 0.211982 0.910921
681.1 111.122 -0.238262 0.0198603 0.913916
917.498 412.994 0.0485168 -0.11616 0.684922
578.87 567.371 0.30383 0.175622 1.05414
850.282 363.135 0.0276449 -0.132127 0.861079
621.797 397.707 0.0667375 0.0939758 0.958878
686.501 367.661 0.0310993 0.0166642 0.90003
715.751 357.776 0.0269273 -0.0131209 1.02958
925.726 249.895 -0.106144 -0.283639 1.00216
647.882 450.435 0.116187 0.0591453 0.924349
542.952 331.333 -0.0132229 0.233366 1.06351
632.245 425.409 0.0790211 0.0630632 0.86214
551.597 442.236 0.122178 0.185809 0.990156
660.969 516.845 0.178519 0.0449292 0.914447
879.124 453.826 0.130566 -0.189131 0.94849
939.186 404.908 0.0803791 -0.261552 0.95519
648.67 452.224 0.118557 0.0586904 0.926478
661.822 528.448 0.164289 0.0366344 0.853349
803.09 503.681 0.169534 -0.097743 0.917492
779.948 211.418 -0.140129 -0.0885935 0.948759
605.634 457.644 0.168386 0.14721 1.0767
795.654 416.244 0.0589968 -0.0646605 0.764575
692.226 361.719 0.0305665 0.0170666 1.01119
525.44 245.611 -0.144885 0.274304 1.08711
586.16 382.577 0.0582411 0.164723 1.04644
650.78 400.996 0.0860042 0.0780371 1.05514
669.03 607.184 0.252828 0.0356203 0.895115
821.533 482.329 0.160697 -0.125982 0.95154
716.874 417.009 0.110415 -0.0134075 1.05982
544.928 259.039 -0.143812 0.285105 1.16321
511.25 173.769 -0.383436 0.449541 1.30117
646.884 137.75 -0.224439 0.0608995 0.940745
726.865 31.7334 -0.314587 -0.0298373 0.900173
645.63 599.124 0.534362 0.139692 1.29671
746.218 291.151 -0.152036 -0.120742 1.57757
636.473 403.317 0.209031 0.245747 1.57092
589.79 384.4 0.0569998 0.14806 1.01296
659.719 521.424 0.1801 0.0453136 0.907695
723.582 294.693 -0.133494 -0.0422251 1.53265
806.794 89.5169 -0.273031 -0.119804 0.933288
633.95 117.731 -0.579827 0.190888 1.37449
858.602 615.729 0.414531 -0.219411 1.10948
945.49 411.156 0.0884138 -0.271646 0.96093
782.983 619.626 0.506976 -0.127075 1.21654
720.487 401.016 0.0703349 -0.0169668 0.945108
736.025 192.439 -0.14318 -0.0356864 0.898396
901.753 247.787 -0.102904 -0.239544 0.976557
634.559 538.826 0.201375 0.0722732 0.919345
779.886 79.079 -0.296697 -0.0929991 0.948581
612.723 452.88 0.122152 0.0993516 0.940107
718.69 61.3634 -0.453398 -0.0267953 1.1057
914.79 192.67 -0.202966 -0.304758 1.05368
788.306 443.162 0.10603 -0.0818354 0.901956
801.643 575.241 0.5845 -0.216474 1.40535
517.437 141.444 -0.382348 0.360647 1.19492
585.181 286.466 -0.0669047 0.151483 1.00388
749.118 287.501 -0.16307 -0.129966 1.57157
735.867 284.185 -0.169357 -0.0832661 1.5458
833.514 363.22 0.0300903 -0.133114 0.916057
622.107 446.843 0.119366 0.0923806 0.953255
687.917 366.875 0.0333968 0.018736 0.954636
632.227 413.758 0.0724334 0.0674233 0.885322
707.65 189.103 -0.176653 -0.00657942 0.970876
811.755 111.124 -0.228043 -0.115612 0.90069
721.497 120.36 -0.237289 -0.0234729 0.930601
750.573 80.1855 -0.280617 -0.056362 0.927239
934.943 157.857 -0.188408 -0.254504 0.925446
915.67 255.8 -0.108562 -0.294824 1.04373
953.879 351.994 0.0218246 -0.277441 0.948813
824.006 238.181 -0.146471 -0.179867 1.07964
839.415 193.848 -0.146082 -0.145393 0.914483
832.957 290.609 -0.0602424 -0.173425 1.03262
780.72 615.882 0.349737 -0.0891808 1.02569
723.267 602.517 0.258272 -0.0155246 0.909799
759.522 636.773 0.482669 -0.0768569 1.1581
849.158 614.519 0.3378 -0.169665 1.00895
931.898 404.103 0.0839182 -0.268894 0.98229
861.76 448.338 0.139371 -0.190941 1.00214
524.82 240.018 -0.148619 0.266412 1.07145
533.105 343.96 0.00448452 0.247123 1.0635
521.041 337.588 -0.00290038 0.214389 0.970445
492.34 350.706 0.0137886 0.331176 1.10304
512.039 152.625 -0.223276 0.226843 0.966552
521.415 108.005 -0.337246 0.263575 1.05091
629.008 189.577 -0.19534 0.0974153 1.01167
582.283 225.929 -0.140043 0.150136 0.988614
568.838 176.923 -0.18325 0.150924 0.946599
498.572 549.19 0.20599 0.205346 0.913175
640.512 595.239 0.275184 0.0726399 0.952209
674.674 578.849 0.282979 0.0401116 0.993079
698.08 629.32 0.489313 0.0240827 1.18122
589.102 565.233 0.352172 0.191478 1.13509
618.614 592.037 0.385007 0.141759 1.12413
580.574 442.15 0.128403 0.158998 1.01218
