544.615 494.398 0.234194 0.25629 1.11967
663.844 635.593 0.477184 0.0795354 1.15801
629.561 517.099 0.180521 0.079171 0.927221
785.015 622.39 0.431252 -0.111345 1.12226
641.358 618.784 0.499241 0.129689 1.21533
930.624 279.248 -0.0550753 -0.230137 0.903257
611.732 293.476 -0.0895109 0.181375 1.20666
776.674 215.445 -0.150318 -0.0915611 0.985677
688.066 365.791 0.0287564 0.0178288 0.944702
779.617 124.41 -0.243336 -0.0912348 0.947571
754.346 154.939 -0.21629 -0.0632925 0.964013
943.708 350.076 0.0184699 -0.288035 0.985026
784.649 629.999 0.333372 -0.0859008 0.983041
724.202 570.404 0.276032 -0.0181664 0.999331
804.047 507.539 0.167837 -0.0969242 0.910422
846.28 603.652 0.341352 -0.17497 1.03457
863.53 623.204 0.399445 -0.213259 1.07837
850.591 430.782 0.148568 -0.225294 1.12472
866.015 444.745 0.138048 -0.203376 1.01982
530.678 343.998 0.00160064 0.243508 1.05053
536.013 264.539 -0.0781876 0.16817 0.906477
509.1 150.208 -0.22501 0.225185 0.959356
521.701 151.345 -0.196544 0.184279 0.907272
563.767 163.316 -0.229252 0.178254 1.00142
529.867 507.454 0.218349 0.238839 1.04504
642.795 590.614 0.273113 0.0723021 0.960653
676.299 574.029 0.279999 0.0395444 1.00092
585.922 448.404 0.142873 0.164233 1.04489
721.583 398.681 0.0663937 -0.0183639 0.954527
734.113 204.041 -0.163534 -0.0389613 0.980141
818.157 423.685 0.0950727 -0.124196 0.950874
573.162 295.689 -0.065712 0.188595 1.05942
620.922 447.338 0.11182 0.08916 0.933488
706.671 182.563 -0.171601 -0.00637385 0.935224
790.796 155.313 -0.218822 -0.108238 0.971475
717.241 71.6596 -0.279567 -0.0199176 0.908998
907.474 242.932 -0.105571 -0.235961 0.956782
910.817 345.114 0.0124217 -0.264446 1.0142
899.693 168.223 -0.173036 -0.208307 0.911116
724.77 606.309 0.248284 -0.0162515 0.891657
825.796 525.768 0.317826 -0.19459 1.16926
541.693 211.254 -0.14752 0.181237 0.948305
504.36 187.656 -0.216055 0.277488 1.03979
598.663 327.57 -0.0210936 0.164074 1.09411
682.427 118.977 -0.252567 0.0203316 0.948761
618.078 593.217 0.376564 0.140258 1.11214
578.226 445.024 0.124396 0.155858 0.994963
609.023 458.155 0.11469 0.0941689 0.9043
597.91 378.818 0.0596211 0.176589 1.12653
722.227 398.184 0.0654249 -0.0190325 0.951504
810.941 197.023 -0.184332 -0.143005 1.01472
781.135 63.478 -0.284469 -0.0867829 0.905146
753.981 153.705 -0.216234 -0.0625265 0.960958
717.827 51.5425 -0.259832 -0.0194582 0.852594
754.378 58.6352 -0.262186 -0.0542789 0.866405
956.431 166.355 -0.17149 -0.264169 0.90561
833.426 216.355 -0.128684 -0.142403 0.927538
832.511 199.85 -0.158445 -0.152358 0.959032
882.328 174.902 -0.176304 -0.200458 0.934589
724.839 606.338 0.2469 -0.0162767 0.889295
865.521 626.944 0.39544 -0.211256 1.06703
869.958 447.231 0.135388 -0.199981 0.999933
495.151 349.452 0.00666126 0.21125 0.911721
606.649 225.31 -0.153958 0.129192 1.02198
594.57 327.488 -0.020167 0.160144 1.0657
643.853 582.079 0.275082 0.0744737 0.978965
674.07 583.128 0.269005 0.0384266 0.965813
603.617 631.975 0.340642 0.125544 0.995835
574.773 448.958 0.121561 0.150024 0.967864
918.256 344.501 0.0113148 -0.260714 0.990504
918.172 282.201 -0.0602844 -0.246851 0.958525
618.499 446.263 0.120353 0.100923 0.970958
523.588 512.135 0.209949 0.230606 1.01357
585.449 558.053 0.308497 0.179292 1.08527
635.428 619.63 0.24995 0.0644407 0.877844
827.814 171.613 -0.18047 -0.139919 0.933075
867.24 159.065 -0.175038 -0.167466 0.892866
563.874 296.14 -0.0568729 0.174733 0.995932
867.516 446.215 0.13691 -0.200981 1.00957
806.665 33.868 -0.25 -0.0929476 0.818691
505.577 147.482 -0.218871 0.219513 0.941636
729.271 364.138 0.0258131 -0.0259137 0.907764
536.053 208.687 -0.141068 0.17541 0.921704
576.309 70.7573 -0.255322 0.115076 0.869168
589.406 256.397 -0.113965 0.15418 1.02784
611.855 225.414 -0.154351 0.122817 1.02396
929.743 233.784 -0.0953292 -0.219233 0.880421
666.719 217.419 -0.124091 0.034887 0.906331
589.405 290.359 -0.0702619 0.159081 1.04191
838.497 194.964 -0.150095 -0.14707 0.922413
563.801 384.656 0.0229657 0.0515474 0.611478
729.292 188.962 -0.124494 -0.0261846 0.831565
599.656 430.751 0.141623 0.174091 1.12804
606.861 479.341 0.111936 0.0775301 0.828043
838.102 585.635 0.331353 -0.171319 1.05303
922.672 404.076 0.0876766 -0.276886 1.01645
527.427 155.603 -0.205253 0.191154 0.934154
586.985 535.083 0.102939 0.0571866 0.681724
660.909 527.143 0.164389 0.0389095 0.864196
545.195 331.108 -0.0167384 0.236833 1.07726
827.203 173.565 -0.181501 -0.141443 0.940369
885.078 95.2856 -0.202839 -0.160968 0.830423
597.616 235.041 -0.119426 0.118299 0.949545
597.702 215.612 -0.140247 0.11687 0.945178
911.403 341.496 0.00790359 -0.269011 1.02064
778.094 190.289 -0.192009 -0.0988417 1.00953
796.727 109.593 -0.276335 -0.117523 0.972391
631.535 429.312 0.128962 0.112308 1.08489
776.366 435.126 0.109499 -0.079705 0.963259
595.948 327.474 -0.0204724 0.160898 1.07352
705.09 177.321 -0.16309 -0.00516501 0.901425
720.288 45.5691 -0.249476 -0.0210933 0.830409
584.996 490.749 0.102216 0.078242 0.765414
913.85 163.684 -0.160013 -0.202733 0.871212
600.794 112.382 -0.293769 0.12929 0.997549
736.384 152.153 -0.183861 -0.0368918 0.891433
632.367 512.678 0.173397 0.0748627 0.92036
516.721 516.479 0.201434 0.223155 0.983241
598.76 216.591 -0.142499 0.118691 0.955186
660.447 209.144 -0.113405 0.0340424 0.847602
802.51 85.6909 -0.254303 -0.1062 0.89646
601.011 326.349 -0.0235309 0.165641 1.10895
775.811 374.276 0.0314028 -0.0615445 0.834342
776.356 605.919 0.349804 -0.0865188 1.0451
581.442 383.045 0.0527562 0.160462 1.01771
570.924 604.455 0.323291 0.17239 1.01718
904.544 533.594 0.183328 -0.184066 0.885274
816.892 538.066 0.386041 -0.202424 1.2452
788.993 467.53 0.185545 -0.115716 1.07841
723.863 590.159 0.252796 -0.0161963 0.924616
587.591 257.825 -0.136575 0.1935 1.12476
801.332 89.6792 -0.253281 -0.106038 0.901327
791.087 158.639 -0.160865 -0.0842415 0.857332
571.314 329.158 -0.0238098 0.260628 1.2135
706.945 200.105 -0.191655 -0.00518052 1.03651
542.309 281.21 -0.0467402 0.12491 0.814394
824.943 481.654 0.176985 -0.144513 1.00448
825.276 483.632 0.156561 -0.127473 0.942881
611.077 416.592 0.106399 0.137188 1.06804
593.486 211.286 -0.132472 0.110281 0.908114
504.36 150.432 -0.214179 0.21945 0.93913
481.808 551.651 0.18305 0.197039 0.866357
875.147 450.668 0.129031 -0.191038 0.963853
507.833 148.495 -0.222053 0.221492 0.94993
515.807 157.518 -0.228187 0.229848 0.982739
856.611 171.964 -0.189976 -0.180873 0.956558
941.711 459.213 0.143119 -0.271793 0.974035
612.028 221.959 -0.154418 0.118716 1.01052
716.345 25.3281 -0.241374 -0.0172136 0.795082
648.51 141.133 -0.232275 0.0612089 0.958224
695.298 346.551 0.00810472 0.0101303 0.956847
824.753 490.09 0.156992 -0.122071 0.925782
673.51 224.518 -0.132778 0.0331889 0.958817
592.371 473.015 0.155841 0.13685 0.989357
688.183 366.895 0.0288494 0.0165429 0.926526
579.616 567.078 0.298574 0.173858 1.04962
779.387 441.757 0.106692 -0.0763507 0.922801
489.745 267.905 -0.0324674 0.100056 0.662009
589.693 548.328 0.314989 0.185586 1.11856
873.778 450.708 0.133154 -0.195316 0.978046
708.548 196.557 -0.188636 -0.007639 1.01744
820.902 428.913 0.0956623 -0.12086 0.927813
583.252 288.731 -0.0679072 0.156009 1.0108
680.795 450.943 0.11163 0.0244653 0.913932
725.703 599.896 0.248177 -0.0174194 0.901176
486.422 343.189 0.000372764 0.209666 0.892763
549.541 92.8896 -0.249981 0.150426 0.894102
931.56 604.914 0.153611 -0.128792 0.709487
804.697 439.181 0.102566 -0.100602 0.914258
489.672 564.835 0.199071 0.194949 0.876064
484.995 343.218 0.000510368 0.20452 0.880859
681.029 111.092 -0.242563 0.0194599 0.917432
916.924 413.177 0.0452159 -0.116995 0.68774
577.814 569.908 0.296766 0.172905 1.04088
849.123 362.241 0.0243357 -0.133995 0.870125
622.347 397.168 0.0634052 0.0937536 0.960535
686.968 367.248 0.0277009 0.016159 0.901149
716.186 357.421 0.0231854 -0.0136043 1.01243
925.25 248.992 -0.110121 -0.285324 1.00648
650.87 446.174 0.115414 0.0602216 0.949781
539.674 330.805 -0.0162483 0.228963 1.04602
630.752 426.315 0.0747233 0.0625291 0.852529
551.167 442.486 0.118228 0.184441 0.985235
661.92 515.748 0.175467 0.044517 0.916644
867.664 444.208 0.134176 -0.200869 1.00858
936.971 402.997 0.0775967 -0.264673 0.965098
650.198 450.088 0.116333 0.0589978 0.93757
661.543 531.015 0.15913 0.03586 0.843249
804.592 504.925 0.164633 -0.0971597 0.908599
777.629 215.575 -0.149131 -0.0921958 0.982762
612.074 450.557 0.171462 0.153008 1.12407
792.429 412.528 0.057208 -0.0677128 0.795392
691.747 361.529 0.026886 0.0167438 0.996417
559.003 259.752 -0.176793 0.322797 1.28031
584.907 382.677 0.0543473 0.162445 1.03547
653.355 398.132 0.0846622 0.0800033 1.08532
668.937 611.969 0.245501 0.0345516 0.880409
817.751 475.177 0.16246 -0.130978 0.986039
717.509 414.029 0.108854 -0.0143103 1.08222
562.809 265.672 -0.162201 0.311336 1.27488
512.465 441.671 0.111112 0.2192 0.964108
566.117 607.692 0.305734 0.165952 0.985726
587.859 509.8 0.21946 0.158764 1.0375
638.835 538.374 0.21241 0.0740896 0.949617
679.915 418.077 0.0852443 0.0277265 0.946753
780.897 445.496 0.107141 -0.0756564 0.909532
646.844 455.218 0.113539 0.0576301 0.907846
773.454 389.058 0.0562279 -0.0756849 0.94883
810.468 396.376 0.0727876 -0.129513 1.00121
778.596 439.399 0.108473 -0.078329 0.939995
663.579 534.293 0.171672 0.036962 0.866932
648.048 395.992 0.0726312 0.0770929 1.02969
691.063 277.402 -0.0661116 0.0122636 0.930837
629.716 516.664 0.179344 0.0786304 0.925422
489.417 186.285 -0.173636 0.235562 0.939268
837.314 406.871 0.0631028 -0.11949 0.862397
648.437 451.938 0.116083 0.0595609 0.929576
638.867 500.069 0.191342 0.0832105 0.99707
817.555 475.354 0.163394 -0.13129 0.988113
597.626 518.393 0.107823 0.0609551 0.725912
648.54 497.494 0.110747 0.0370291 0.776462
708.056 190.763 -0.157976 -0.00779905 0.924157
776.406 430.909 0.108993 -0.0827245 0.980999
497.043 162.987 -0.365842 0.426009 1.23307
648.176 140.673 -0.231733 0.0612579 0.956225
726.599 30.0166 -0.317839 -0.0302946 0.90004
645.742 600.773 0.525275 0.137691 1.28255
746.551 289.972 -0.154929 -0.121129 1.5733
635.997 403.317 0.203695 0.242629 1.55471
591.231 383.548 0.0538553 0.148524 1.01964
659.385 523.708 0.174739 0.0444621 0.896784
723.843 293.388 -0.13558 -0.0425468 1.52009
806.954 88.135 -0.276553 -0.120441 0.933927
634.485 118.575 -0.589355 0.192262 1.3887
859.461 614.638 0.410089 -0.219281 1.1068
945.685 409.963 0.0850797 -0.272502 0.962281
784.061 619.427 0.50083 -0.126906 1.20995
721.138 399.98 0.0672536 -0.0177728 0.950777
736.235 191.164 -0.146077 -0.0361398 0.895905
901.768 246.731 -0.106457 -0.240055 0.977865
634.842 539.332 0.197115 0.0715537 0.915284
779.586 78.0046 -0.300602 -0.0934011 0.950312
614.063 451.638 0.119326 0.0994559 0.945542
718.447 59.6295 -0.456988 -0.0273133 1.10642
909.206 195.484 -0.212348 -0.313461 1.0824
788.719 442.786 0.102459 -0.0819126 0.900469
802.697 575.059 0.577337 -0.215476 1.39628
513.663 137.334 -0.37994 0.354445 1.17805
586.367 286.369 -0.0708251 0.15187 1.01042
749.9 285.657 -0.163362 -0.128332 1.54476
735.838 283.542 -0.174682 -0.0845189 1.56108
834.908 362.803 0.0265754 -0.132225 0.908455
623.172 445.87 0.116352 0.0922309 0.956969
687.926 366.51 0.0299325 0.018426 0.951193
633.993 412.343 0.0697199 0.0678672 0.896601
707.702 187.766 -0.179567 -0.00715552 0.968677
811.52 110.492 -0.232028 -0.11625 0.903081
721.506 117.421 -0.238951 -0.0239094 0.924469
750.119 82.4222 -0.287531 -0.0575837 0.938471
936.683 155.269 -0.190728 -0.253425 0.920795
903.048 259.443 -0.119373 -0.311984 1.10495
954.07 350.911 0.0184152 -0.278304 0.950204
824.613 236.803 -0.149673 -0.180288 1.07827
839.917 192.661 -0.149324 -0.145812 0.91387
833.311 289.585 -0.063693 -0.174035 1.03317
781.726 614.489 0.346073 -0.0899099 1.02514
724.149 604.169 0.252966 -0.0158774 0.902703
759.89 632.651 0.481925 -0.0775921 1.16497
849.589 612.593 0.334555 -0.170235 1.0098
930.143 402.304 0.0810651 -0.271538 0.99076
861.813 447.151 0.136031 -0.19125 1.00315
518.556 236.748 -0.147794 0.25942 1.04476
531.547 343.675 0.00118566 0.245019 1.05564
519.529 337.428 -0.00612499 0.212224 0.963283
509.759 150.636 -0.225132 0.22508 0.960582
516.441 102.258 -0.334388 0.258459 1.03266
628.513 188.282 -0.198112 0.096664 1.00894
581.215 224.595 -0.142443 0.148611 0.982667
569.555 177.299 -0.187598 0.151034 0.951422
495.371 552.57 0.199895 0.202353 0.900367
638.513 604.08 0.264137 0.070026 0.923989
674.321 584.821 0.273455 0.0386505 0.970199
698.831 629.881 0.482523 0.0234612 1.17295
589.595 565.274 0.347189 0.189923 1.12991
619.126 591.49 0.380415 0.1412 1.12087
580.343 442.332 0.124405 0.157636 1.00692
