547.086 492.229 0.236358 0.258161 1.12998
663.896 635.471 0.476479 0.0791883 1.15644
630.218 515.903 0.181237 0.0793765 0.930753
785.196 622.825 0.430226 -0.111273 1.11958
930.885 279.29 -0.0551849 -0.230463 0.90355
612.381 293.411 -0.0896748 0.181647 1.20929
777.275 215.055 -0.150222 -0.0916935 0.983965
688.326 365.436 0.0284404 0.0176111 0.942621
780.342 123.451 -0.242636 -0.0910993 0.944331
754.93 154.102 -0.215663 -0.0632301 0.960727
944.295 350.069 0.0183434 -0.287899 0.983757
784.552 629.915 0.333022 -0.0857848 0.982086
724.376 570.124 0.27553 -0.0183819 0.998267
804.258 507.067 0.167676 -0.0972367 0.91062
846.358 603.227 0.341272 -0.175342 1.03472
863.642 622.832 0.399279 -0.213677 1.07833
851.169 431.234 0.148435 -0.224778 1.12137
866.339 444.547 0.137816 -0.203697 1.01952
531.089 343.588 0.00144881 0.243243 1.05006
536.547 264.237 -0.078306 0.168104 0.906513
509.369 149.595 -0.224756 0.22464 0.957737
521.29 149.925 -0.19591 0.183294 0.903163
563.744 162.793 -0.228513 0.177824 0.998874
528.299 508.39 0.216384 0.236913 1.0366
643.105 589.9 0.272934 0.0720342 0.960679
676.577 573.104 0.280437 0.0394174 1.00255
586.207 447.998 0.142731 0.16405 1.04453
721.774 398.342 0.0661978 -0.0184358 0.954382
734.617 203.615 -0.163712 -0.0391794 0.979254
818.394 423.516 0.0949383 -0.124345 0.950532
573.434 295.34 -0.0657763 0.188332 1.05845
621.375 446.755 0.111806 0.0891104 0.934402
707.181 182.686 -0.171876 -0.00656743 0.936228
791.611 154.193 -0.217923 -0.107874 0.96691
717.753 70.6124 -0.278649 -0.0199745 0.905993
908.532 242.528 -0.105445 -0.23558 0.954057
911.075 344.981 0.0122017 -0.264717 1.01424
900.941 167.428 -0.172492 -0.207715 0.907667
725.097 605.727 0.248067 -0.0166141 0.89148
825.682 525.555 0.318217 -0.194754 1.17
541.757 210.55 -0.147513 0.180871 0.946449
503.948 186.699 -0.215429 0.276445 1.03594
598.553 327.257 -0.021125 0.163718 1.09127
681.979 117.16 -0.250136 0.0207078 0.941181
618.387 592.431 0.376695 0.140119 1.11278
579.1 444.34 0.124602 0.155867 0.997016
609.412 457.547 0.114642 0.0941658 0.904974
597.665 378.62 0.0592355 0.175877 1.12228
722.221 398.052 0.0653317 -0.0188651 0.950523
811.536 196.625 -0.184142 -0.142928 1.01283
782.01 61.9175 -0.283349 -0.0865772 0.90114
754.775 153.195 -0.215623 -0.062803 0.958505
718.449 50.1499 -0.259179 -0.0195908 0.849699
755.146 57.7256 -0.261699 -0.0544107 0.864302
958.352 165.34 -0.170613 -0.262956 0.900845
833.973 216.11 -0.128674 -0.142436 0.926471
833.561 198.863 -0.157825 -0.151729 0.954142
884.201 173.079 -0.174638 -0.198332 0.925826
725.101 605.812 0.246602 -0.0165726 0.888898
865.581 626.778 0.395252 -0.211439 1.06661
870.179 447.12 0.135176 -0.200038 0.999337
495.975 348.972 0.00652158 0.211385 0.912653
606.905 224.885 -0.153878 0.128913 1.02051
595.534 327.273 -0.020233 0.160063 1.06812
644.67 580.434 0.276113 0.0743093 0.982731
674.25 582.512 0.269001 0.0382815 0.96606
603.817 631.319 0.34035 0.125304 0.995454
919.141 344.59 0.0113335 -0.260469 0.988267
918.931 282.046 -0.0603799 -0.246958 0.957362
619.207 445.648 0.120323 0.1006 0.971972
525.451 510.381 0.211562 0.232197 1.02042
585.757 557.196 0.309234 0.179819 1.08719
636.227 617.22 0.251153 0.064588 0.882373
828.285 171.265 -0.179997 -0.139499 0.930935
868.565 157.903 -0.173954 -0.166513 0.887664
565.112 296.391 -0.0568293 0.175445 1.00026
867.662 446.047 0.136791 -0.201182 1.00954
807.007 34.7134 -0.250486 -0.0932506 0.82015
505.862 146.875 -0.218652 0.219009 0.940125
729.443 363.952 0.0263368 -0.026368 0.918642
535.493 207.554 -0.14109 0.175163 0.91868
576.472 69.5775 -0.255214 0.114816 0.867283
589.317 256.014 -0.11369 0.153963 1.02546
612.606 225.034 -0.154792 0.122393 1.02424
930.789 233.419 -0.0950971 -0.218655 0.877689
667.075 216.933 -0.12401 0.0346705 0.90466
589.806 289.933 -0.0706867 0.159264 1.0426
839.095 194.672 -0.149847 -0.146904 0.920693
565.034 383.994 0.0228579 0.0515503 0.613193
729.392 188.223 -0.123864 -0.0258742 0.827933
599.663 430.614 0.141272 0.173598 1.12563
607.466 478.524 0.111984 0.0775083 0.829363
836.876 582.35 0.335679 -0.174015 1.06531
922.321 403.7 0.0879081 -0.278728 1.02042
530.093 156.634 -0.208332 0.193015 0.942917
587.948 533.647 0.103086 0.0572014 0.683698
658.739 532.736 0.159395 0.0378427 0.839773
544.589 330.969 -0.0164057 0.235814 1.07238
827.535 174.253 -0.182333 -0.14259 0.943844
886.102 94.4361 -0.20217 -0.160501 0.827701
597.703 234.493 -0.119206 0.117896 0.947079
597.727 214.99 -0.14011 0.116646 0.943022
911.833 341.485 0.00782645 -0.268992 1.01977
778.39 189.72 -0.192438 -0.0987295 1.0087
798.12 107.871 -0.2749 -0.117468 0.966728
631.29 429.353 0.128508 0.11206 1.08125
776.749 434.853 0.108946 -0.0798051 0.961458
596.684 326.998 -0.0208942 0.160861 1.07516
705.323 176.116 -0.162438 -0.00514533 0.896887
720.882 44.3066 -0.248791 -0.0211784 0.827702
584.512 490.335 0.101878 0.0783952 0.764189
917.231 160.066 -0.157492 -0.1988 0.857205
602.276 113.808 -0.296106 0.130034 1.00408
736.862 152.012 -0.184061 -0.0370505 0.891454
516.038 516.753 0.200691 0.222353 0.979474
598.683 215.885 -0.14213 0.118285 0.952028
660.898 208.698 -0.11408 0.0340511 0.848544
803.699 83.526 -0.252211 -0.105469 0.889675
600.256 325.991 -0.0233598 0.164029 1.09958
775.95 373.954 0.0312822 -0.061745 0.835368
776.401 607.555 0.347448 -0.0855986 1.03832
580.972 383.105 0.0527084 0.159832 1.01333
570.389 605.227 0.323113 0.172205 1.0145
904.229 532.866 0.183739 -0.184881 0.887405
816.286 536.267 0.387872 -0.203835 1.25247
789.223 467.763 0.185134 -0.115454 1.07575
724.079 589.863 0.252315 -0.0164405 0.923576
588.367 257.706 -0.137143 0.193849 1.1273
802.732 87.4561 -0.251371 -0.10557 0.894626
792.411 158.577 -0.161159 -0.0852778 0.857706
575.847 328.592 -0.0253181 0.266854 1.24323
707.495 200.81 -0.193716 -0.00539923 1.04409
543.16 281.02 -0.0469096 0.125005 0.81553
825.7 484.322 0.156197 -0.126975 0.939342
611.397 416.202 0.10628 0.137051 1.06799
592.337 209.687 -0.131037 0.109217 0.899215
502.396 148.094 -0.21205 0.217314 0.9301
482.909 550.189 0.183605 0.197828 0.869081
872.455 448.222 0.13083 -0.194587 0.979638
507.848 147.78 -0.22145 0.220762 0.947438
515.87 156.794 -0.228236 0.229689 0.981351
857.835 171.001 -0.189144 -0.180229 0.952011
942.699 459.663 0.14254 -0.270908 0.970489
612.333 221.567 -0.154379 0.11847 1.00932
717.355 24.8844 -0.241537 -0.0176619 0.794635
648.628 139.808 -0.231466 0.0608091 0.953911
695.799 346.182 0.00785836 0.0097517 0.956198
825.009 490.212 0.156567 -0.121846 0.923785
673.376 223.714 -0.132241 0.0332452 0.954346
592.861 472.466 0.155744 0.136591 0.989541
688.427 366.564 0.0285953 0.0163803 0.924962
779.507 441.294 0.106626 -0.0766014 0.923745
490.17 267.363 -0.0325938 0.0998993 0.66148
874.205 450.783 0.132848 -0.195159 0.976378
708.777 196.154 -0.188053 -0.0075566 1.01481
821.313 428.716 0.0953096 -0.120953 0.926569
582.982 288.129 -0.0675485 0.154668 1.00487
681.197 450.45 0.111702 0.0242718 0.914994
725.692 600.922 0.246857 -0.0173525 0.896689
486.769 342.955 0.000463026 0.209613 0.892434
551.459 93.9376 -0.251121 0.150473 0.897638
931.784 603.78 0.153155 -0.129181 0.709564
804.771 438.77 0.102543 -0.100903 0.915296
491.552 562.424 0.200165 0.196306 0.881386
484.229 343.012 0.000644112 0.203709 0.877222
681.048 106.973 -0.239328 0.0188792 0.904723
916.485 412.754 0.0451645 -0.117481 0.689392
578.58 568.215 0.297909 0.173716 1.04504
849.979 362.115 0.0240728 -0.13357 0.866467
622.971 396.691 0.0634258 0.0937285 0.96226
687.186 366.794 0.0272825 0.0159576 0.898562
716.25 357.38 0.0228623 -0.0134122 1.00277
925.902 248.863 -0.10999 -0.284929 1.00479
651.03 445.748 0.115091 0.0601044 0.949026
538.513 330.319 -0.0163505 0.227966 1.03981
629.935 426.382 0.0742992 0.0626575 0.848555
551.644 441.942 0.118159 0.184384 0.98557
661.729 516.011 0.174593 0.0443321 0.912983
869.488 444.157 0.132094 -0.200045 1.00103
938.055 403.173 0.0772149 -0.263976 0.961753
650.49 449.623 0.116257 0.0589091 0.937876
805.082 505.169 0.164038 -0.0971115 0.905916
778.352 214.875 -0.14871 -0.0921017 0.978996
793.257 412.648 0.056626 -0.0674027 0.789986
691.952 361.283 0.0266844 0.0166009 0.994412
567.326 262.909 -0.1854 0.3375 1.3383
585.043 382.351 0.0541512 0.16216 1.03411
652.733 398.389 0.0830237 0.0786762 1.0715
668.874 611.67 0.245129 0.0345102 0.879454
818.411 475.31 0.161245 -0.13059 0.981613
717.564 414.303 0.107699 -0.0141561 1.07384
570.775 267.665 -0.171213 0.32382 1.32876
781.414 445.596 0.106669 -0.0756615 0.906552
778.603 438.942 0.108633 -0.0786116 0.941904
663.957 533.436 0.171786 0.0368263 0.868086
645.548 397.939 0.0707838 0.074938 0.999636
630.063 515.748 0.179618 0.078797 0.927241
489.98 186.116 -0.173643 0.23555 0.939238
598.504 517.059 0.107978 0.0609892 0.728043
649.041 496.855 0.110513 0.0367307 0.776264
776.213 430.018 0.109645 -0.083483 0.987347
863.719 447.559 0.135424 -0.191917 0.99889
641.487 402.619 0.0704996 0.072784 0.962585
531.846 504.61 0.218274 0.239947 1.05151
587.54 435.647 0.0684943 0.080176 0.779504
933.877 231.799 -0.0957094 -0.219819 0.874286
889.816 463.163 0.123543 -0.179241 0.89947
500.038 164.544 -0.368841 0.42904 1.24361
648.324 139.546 -0.230967 0.0609115 0.952433
727.211 28.76 -0.317004 -0.030359 0.89724
645.486 601.216 0.523616 0.137309 1.27853
746.988 289.584 -0.153862 -0.120407 1.56222
636.082 403.26 0.203853 0.242388 1.55317
593.165 382.645 0.0542873 0.149956 1.03012
659.741 522.939 0.174823 0.044339 0.897785
724.107 293.02 -0.134757 -0.0424007 1.51038
807.968 86.672 -0.275539 -0.120139 0.929809
634.002 116.207 -0.58403 0.190424 1.37591
859.77 615.245 0.408971 -0.218766 1.10384
946.133 410 0.0848973 -0.27241 0.961231
784.166 619.716 0.499883 -0.126819 1.20762
721.43 399.673 0.0672348 -0.0179733 0.951563
736.823 190.477 -0.146034 -0.0363197 0.89391
902.786 246.357 -0.106221 -0.239461 0.974719
635.187 538.587 0.197169 0.0714602 0.915994
780.59 76.0226 -0.298985 -0.0930881 0.944672
614.117 451.226 0.118916 0.0992988 0.944263
718.934 56.7023 -0.453079 -0.027213 1.09675
909.818 195.445 -0.212211 -0.313556 1.08165
788.9 442.484 0.102379 -0.0821165 0.900695
803.277 576.426 0.573756 -0.214466 1.38791
512.474 135.458 -0.377614 0.352117 1.16996
587.716 286.485 -0.0711588 0.152289 1.01519
750.527 284.999 -0.16159 -0.127035 1.52719
736.214 283.083 -0.173466 -0.0840752 1.54986
835.167 362.646 0.0264526 -0.132413 0.908403
623.408 445.453 0.116106 0.0920498 0.956363
688.131 366.175 0.0296467 0.0182822 0.949368
634.627 411.824 0.0697504 0.0677585 0.898172
708.135 187.686 -0.179536 -0.00729323 0.968423
812.243 109.874 -0.23171 -0.116206 0.901264
722.016 116.413 -0.23827 -0.0239801 0.92135
750.84 81.1677 -0.2866 -0.0576008 0.934955
938.703 153.923 -0.189856 -0.252307 0.915603
900.842 260.688 -0.120428 -0.315399 1.11727
954.456 350.898 0.0183042 -0.278464 0.949823
824.713 237.187 -0.149831 -0.180891 1.0806
840.705 192.076 -0.149147 -0.145646 0.911548
833.92 289.381 -0.0636509 -0.173856 1.03087
781.532 614.14 0.346194 -0.0898386 1.02527
724.215 605.466 0.251329 -0.0158853 0.897338
759.995 633.039 0.480839 -0.0776017 1.16231
849.455 612.053 0.334786 -0.170558 1.01054
931.058 402.249 0.0805862 -0.271309 0.988435
861.865 446.82 0.136094 -0.191838 1.00438
520.669 237.246 -0.148837 0.260894 1.05138
532.196 343.305 0.00109598 0.245015 1.05631
520.463 337.055 -0.00622835 0.21236 0.964695
481.315 351.181 0.0108017 0.317088 1.05739
510.413 150.317 -0.22517 0.224752 0.960186
516.479 101.383 -0.333651 0.257698 1.03006
628.662 187.583 -0.197658 0.0962783 1.00602
581.107 223.811 -0.142207 0.148091 0.979452
569.153 176.007 -0.186824 0.150177 0.946557
496.299 551.37 0.200127 0.202588 0.901918
638.609 603.88 0.263563 0.0697092 0.922499
674.498 583.661 0.274045 0.0387112 0.972391
698.726 630.089 0.481599 0.0234305 1.17062
590.062 564.054 0.348126 0.190563 1.13286
619.24 590.984 0.380328 0.141109 1.12066
580.532 441.898 0.124169 0.157502 1.0063
