784.306 463.806 0.269805 -0.122768 1.12453
809.715 246.168 -0.21614 -0.388055 1.72366
753.993 398.451 1.19071 -0.511127 3.0614
797.574 455.026 0.135523 -0.0776023 0.830251
791.706 243.531 -0.149402 -0.226273 1.45428
510.729 310.738 0.0231436 0.367293 1.22349
905.171 87.8878 -0.182126 -0.192831 0.900365
697.242 83.3118 -0.0666584 -0.00522059 0.601362
938.578 153.283 -0.140832 -0.253819 0.952999
891.346 451.365 0.301201 -0.352521 1.22576
806.726 509.548 0.208284 -0.0975836 0.888981
791.458 244.866 -0.14678 -0.226748 1.45798
764.61 415.655 0.368517 -0.172055 1.55546
821.065 523.709 0.104587 -0.0544872 0.63391
725.538 459.146 0.0737527 -0.0144705 0.621995
876.149 440.491 0.330656 -0.384118 1.33039
711.566 409.604 0.0405878 -0.00866393 0.545318
731.244 322.841 0.329572 -0.531777 5.13653
686.321 226.149 -0.0647666 0.0146571 0.940475
721.063 312.276 -0.0355495 -0.124247 4.52169
730.491 341.228 0.127212 -0.0641572 1.5555
689.711 20.6552 -0.0706105 -0.00366743 0.55325
759.965 357.384 0.097305 -0.0827611 1.10854
758.979 204.831 -0.113953 -0.0746274 1.04945
783.238 362.24 0.0897728 -0.0996764 1.01759
834.49 43.2491 -0.365214 -0.196094 1.11125
763.833 48.3121 -0.0640563 -0.025403 0.557983
670.602 415.897 0.0943662 0.0198428 0.79571
887.085 581.301 0.144117 -0.0911537 0.664104
787.123 274.433 -0.0238056 -0.115717 1.06869
837.235 416.787 0.229567 -0.244401 1.21787
727.509 308.549 -0.0577811 -0.21125 3.59014
602.219 83.1205 -0.0442093 0.0175134 0.519226
767.838 383.007 0.640997 -0.453051 2.46441
714.706 255.336 -0.192686 -0.0168293 1.7533
719.049 192.818 -0.39744 -0.0354518 1.67866
481.699 627.977 0.0857816 0.046761 0.507515
518.079 311.346 0.0246783 0.379213 1.26175
635.729 449.248 0.0350898 0.00602178 0.462826
810.311 524.475 0.487761 -0.215489 1.28234
926.075 537.736 0.021848 -0.0217148 0.339235
538.742 528.955 0.0675672 0.0364453 0.524755
802.529 487.669 0.120936 -0.0619113 0.726381
581.407 511.427 0.0255522 0.0055142 0.370238
569.206 435.387 0.089147 0.0734687 0.728125
554.817 351.886 0.025377 0.0395403 0.564942
605.574 441.593 0.093082 0.0524298 0.728278
508.33 542.578 0.0581018 0.0343425 0.483639
664.423 382.199 0.0300308 0.00347477 0.524225
693.83 58.3395 -0.0757096 -0.00409673 0.602176
844.598 190.135 -0.0954405 -0.144258 0.924298
878.111 192.057 -0.136491 -0.243868 1.07345
746.896 304.67 -0.0392131 -0.320114 2.66526
716.415 143.024 -0.550278 -0.0274649 1.64836
561.871 203.944 -0.0578049 0.0961779 0.802142
787.425 438.853 0.152747 -0.0859893 0.922867
885.198 307.586 0.0262162 -0.435638 1.38388
484.627 340.786 0.0224811 0.0647233 0.57629
825.177 400.456 0.120685 -0.131852 0.949081
811.051 530.474 0.494536 -0.214363 1.27449
721.279 298.662 -0.0808415 -0.0630434 2.49136
633.191 67.7289 -0.143781 0.0404101 0.782753
724.375 312.897 -0.0949301 -0.330931 5.78043
869.193 110.933 -0.0668481 -0.07645 0.639834
819.252 356.758 0.0868153 -0.151737 1.0402
785.24 250.78 -0.160703 -0.246044 1.58
721.311 415.124 0.103606 -0.0173095 0.833117
799.092 395.458 0.782227 -0.750999 2.51216
823.21 399.414 0.472203 -0.545113 1.89993
746.103 374.983 2.19025 -1.01736 4.9137
537.811 389.197 0.104958 0.177517 0.950207
480.592 334.907 0.0259241 0.0962712 0.661939
533.074 550.122 0.109574 0.0629376 0.622709
