548.748 489.618 0.244852 0.261393 1.14151
662.103 639.177 0.478349 0.0788465 1.14452
631.457 510.407 0.190197 0.0812424 0.946366
784.67 625.264 0.433708 -0.110243 1.11122
928.264 279.02 -0.0497296 -0.23144 0.906503
605.5 291.41 -0.0791057 0.175531 1.15353
776.713 215.151 -0.144432 -0.0914074 0.982794
687.531 364.719 0.0343075 0.0176747 0.930752
778.477 127.877 -0.240625 -0.091725 0.956963
755.041 152.456 -0.207664 -0.0623903 0.95039
943.806 349.822 0.024262 -0.286484 0.978631
723.383 563.76 0.286771 -0.0184557 1.01701
801.977 502.882 0.175624 -0.098277 0.921232
848.338 609.201 0.341079 -0.171838 1.01359
863.49 625.228 0.40284 -0.211633 1.06991
850.16 431.353 0.154088 -0.223556 1.11802
867.815 446.003 0.142041 -0.200413 1.00328
534.773 342.645 0.00718615 0.247582 1.06579
536.6 262.846 -0.0722674 0.168427 0.903877
511.296 149.672 -0.218982 0.224529 0.957099
528.698 155.612 -0.196105 0.189192 0.92725
562.081 160.126 -0.219405 0.175796 0.984312
535.637 500.223 0.229618 0.245823 1.07271
642.195 587.787 0.279555 0.0728244 0.961913
675.977 570.383 0.28811 0.0400351 1.00766
585.803 447.007 0.148809 0.164666 1.04406
734.436 200.092 -0.153789 -0.0376619 0.95604
817.433 422.571 0.100842 -0.123889 0.948538
579.158 296.317 -0.0624639 0.19478 1.09175
623.179 442.59 0.119728 0.0914648 0.952093
707.075 180.332 -0.163774 -0.00635405 0.923699
791.874 152.27 -0.209389 -0.106185 0.954563
717.726 82.2065 -0.282907 -0.020092 0.935855
915.794 238.369 -0.0952119 -0.227206 0.918769
907.565 344.634 0.0180348 -0.266627 1.02213
902.454 165.29 -0.164442 -0.205339 0.895724
724.552 602.617 0.255033 -0.0168352 0.893767
825.703 527.447 0.321986 -0.192986 1.15996
541.979 209.735 -0.141415 0.18128 0.943883
508.558 189.468 -0.213267 0.282062 1.05155
597.453 326.816 -0.0148162 0.162485 1.08077
681.231 112.873 -0.239878 0.0208691 0.923673
613.699 601.342 0.372638 0.136615 1.07992
571.241 448.526 0.126393 0.150682 0.956737
608.756 455.663 0.120582 0.0947607 0.903692
599.891 376.901 0.0661127 0.181678 1.14704
721.691 397.438 0.0708385 -0.0184672 0.941759
811.814 195.377 -0.176265 -0.141025 1.00108
780.486 66.9893 -0.281092 -0.0870701 0.910615
755.433 148.14 -0.204255 -0.0609562 0.934119
718.321 56.5716 -0.25791 -0.0193283 0.862436
755.04 57.696 -0.255151 -0.0539594 0.860872
833.151 215.782 -0.122599 -0.14184 0.923792
834.716 196.474 -0.149259 -0.149009 0.938057
888.326 168.387 -0.163979 -0.193447 0.901443
723.548 600.118 0.255287 -0.0159986 0.898085
863.549 625.093 0.403108 -0.211949 1.07048
868.662 446.558 0.141034 -0.198977 0.997316
493.955 347.356 0.0125362 0.209813 0.903286
601.482 219.045 -0.141469 0.124284 0.978534
592.902 326.651 -0.013519 0.156883 1.04607
642.988 582.93 0.279091 0.0733801 0.969785
673.964 577.445 0.278473 0.0392664 0.97779
599.677 637.536 0.340237 0.123533 0.975015
917.508 344.328 0.0173497 -0.261064 0.989089
913.553 282.997 -0.0558291 -0.251247 0.972924
621.219 442.211 0.12812 0.102187 0.987259
579.792 564.862 0.306648 0.175043 1.05372
638.452 604.903 0.264472 0.0669448 0.908569
828.35 169.358 -0.172155 -0.13726 0.919829
860.279 166.015 -0.175191 -0.171743 0.919577
566.904 296.078 -0.0516079 0.177828 1.00865
866.973 445.808 0.142444 -0.200326 1.0056
798.716 59.8376 -0.262849 -0.0985284 0.875443
504.831 144.66 -0.210551 0.217323 0.930343
728.581 362.344 0.0323668 -0.0261513 0.927591
537.66 207.244 -0.135477 0.175103 0.919616
574.563 64.4553 -0.245129 0.113589 0.852367
589.515 255.815 -0.10786 0.154916 1.0254
612.169 224.573 -0.148798 0.123289 1.02128
929.718 233.071 -0.0892181 -0.21901 0.876563
665.996 214.06 -0.115946 0.0346288 0.889695
593.294 290.522 -0.0664145 0.162385 1.06212
838.982 193.192 -0.14289 -0.145205 0.912269
564.922 376.609 0.0287621 0.0519485 0.610945
728.641 188.786 -0.119445 -0.0254401 0.834159
598.919 430.315 0.147063 0.173827 1.1226
607.626 474.991 0.118415 0.0783222 0.832031
823.071 553.881 0.376593 -0.193147 1.17925
913.208 400.671 0.0962046 -0.28756 1.05308
514.326 140.398 -0.187162 0.18027 0.877852
597.721 513.235 0.11546 0.0623741 0.730307
659.084 527.937 0.166825 0.0382876 0.846627
550.452 330.536 -0.0111405 0.241948 1.09975
825.878 175.298 -0.177255 -0.142462 0.946049
884.692 94.6231 -0.196675 -0.160309 0.826726
595.981 231.987 -0.111385 0.11645 0.932051
597.871 214.301 -0.134 0.116995 0.94054
911.591 341.413 0.0138336 -0.26728 1.01336
779.356 186.514 -0.182055 -0.0963365 0.986035
796.839 111.065 -0.27143 -0.118159 0.973161
633.848 425.484 0.138026 0.115956 1.11283
776.748 435.582 0.1135 -0.0781142 0.94579
591.711 326.198 -0.0139694 0.157071 1.04191
705.338 179.896 -0.160091 -0.00460288 0.9139
720.8 35.7604 -0.236587 -0.0201972 0.806613
923.836 150.871 -0.145204 -0.189608 0.823001
591.889 94.8688 -0.270056 0.122848 0.935751
736.453 151.538 -0.177896 -0.0364472 0.888587
523.622 508.182 0.213298 0.230684 1.01244
596.06 212.628 -0.133209 0.116659 0.932754
658.182 201.577 -0.103565 0.0332933 0.817351
804.911 78.3787 -0.241745 -0.103242 0.872269
602.055 325.797 -0.0178828 0.167158 1.11447
772.674 370.663 0.0377735 -0.0634373 0.863296
773.285 604.09 0.356911 -0.0842221 1.04738
585.322 380.676 0.059905 0.164981 1.04115
564.856 612.374 0.32183 0.168484 0.988922
895.384 523.746 0.195226 -0.190314 0.915251
818.552 543.499 0.382788 -0.197487 1.2155
789.54 469.691 0.188774 -0.113549 1.05928
722.726 585.636 0.260432 -0.015927 0.93058
589.843 258.248 -0.131935 0.194694 1.13221
798.59 98.0426 -0.254075 -0.108294 0.922577
791.301 160.18 -0.156736 -0.0859023 0.863469
570.53 327.735 -0.0195815 0.259417 1.20451
706.492 193.899 -0.179576 -0.00458385 0.999245
540.489 277.573 -0.0403499 0.124049 0.803795
822.012 479.575 0.165396 -0.129433 0.958232
608.657 417.037 0.110169 0.13475 1.04693
596.863 213.248 -0.128964 0.112711 0.922532
502.797 146.912 -0.204972 0.216356 0.924612
489.479 541.641 0.193914 0.203168 0.889343
866.417 443.991 0.140013 -0.199428 1.00487
516.905 154.518 -0.222883 0.227852 0.975704
508.488 148.946 -0.213992 0.221774 0.946118
851.352 176.96 -0.188431 -0.183363 0.976247
941.203 459.015 0.148404 -0.270169 0.968545
612.972 221.648 -0.148933 0.119076 1.0103
717.293 32.7979 -0.240516 -0.0174237 0.808481
646.74 134.544 -0.21995 0.0600518 0.930814
696.037 345.029 0.0136527 0.00997957 0.968494
826.625 492.669 0.159751 -0.119211 0.903987
672.864 222.396 -0.125245 0.0334649 0.946101
606.185 456.193 0.176096 0.151353 1.08977
685.667 367.125 0.033971 0.016075 0.876917
778.169 439.249 0.113013 -0.0766036 0.927272
708.432 195.967 -0.181508 -0.00695462 1.01045
822.349 429.507 0.0999207 -0.118403 0.909007
590.732 290.077 -0.0654852 0.16229 1.05164
679.086 452.451 0.115369 0.0242317 0.890706
724.319 600.609 0.251943 -0.0166093 0.891568
492.281 341.156 0.00624006 0.214178 0.907991
557.651 100.123 -0.250496 0.152923 0.914574
920.654 587.977 0.163395 -0.132962 0.732003
803.658 437.32 0.108562 -0.100598 0.914613
502.238 549.248 0.214004 0.205023 0.917143
490.463 341.112 0.00641756 0.208591 0.894398
680.881 104.337 -0.230788 0.0189344 0.893871
914.596 408.292 0.0510888 -0.117091 0.687941
573.418 574.406 0.297367 0.170045 1.01889
844.731 359.931 0.0302682 -0.137497 0.890312
622.993 395.208 0.0696463 0.0946937 0.965027
685.174 366.45 0.0329461 0.0159869 0.868602
715.37 357.252 0.0287357 -0.0124997 0.982348
934.102 244.955 -0.0995118 -0.273829 0.965336
647.604 448.585 0.118123 0.0588314 0.918733
539.201 329.591 -0.0105903 0.230581 1.04436
625.083 428.125 0.0783192 0.0609484 0.816786
551.823 440.273 0.124417 0.185412 0.987127
660.845 514.327 0.180616 0.0448337 0.91165
887.689 457.041 0.126897 -0.18122 0.90501
937.181 402.658 0.0829662 -0.263021 0.958134
650.719 446.857 0.123265 0.0599469 0.945888
802.998 501.688 0.171447 -0.0976778 0.913309
781.551 206.696 -0.134262 -0.0868317 0.92609
798.384 415.454 0.0602126 -0.0631044 0.740796
690.386 361.3 0.032304 0.0166814 0.966105
568.414 263.409 -0.180552 0.338837 1.34208
585.229 381.308 0.0602983 0.163535 1.03688
650.938 398.884 0.0879163 0.0781316 1.05453
667.913 609.007 0.251739 0.0350482 0.880099
820.996 479.567 0.162824 -0.126328 0.950891
568.246 265.559 -0.163648 0.315804 1.30014
778.819 441.276 0.114573 -0.0768793 0.925083
777.605 437.869 0.114539 -0.0780327 0.939809
643.143 398.531 0.0757276 0.074054 0.978633
627.383 517.621 0.183053 0.0781057 0.911237
491.811 184.995 -0.167327 0.23378 0.935552
645.817 498.232 0.114264 0.0364081 0.756058
772.632 425.023 0.119387 -0.086047 1.0246
863.171 447.48 0.140964 -0.19071 0.993594
639.801 402.337 0.075908 0.0726007 0.95064
535.083 500.098 0.227779 0.244677 1.06895
925.243 235.345 -0.0931968 -0.227012 0.899769
889.057 462.323 0.129113 -0.178088 0.894814
721.93 394.465 0.0714992 -0.0193911 0.971043
628.873 516.238 0.174582 0.0729384 0.893253
509.028 171.106 -0.375537 0.443422 1.28276
646.767 135.169 -0.220291 0.0603447 0.932697
727.168 28.79 -0.310122 -0.0297814 0.892937
645.3 598.147 0.535832 0.139597 1.29278
746.294 290.638 -0.149057 -0.120301 1.57029
637.229 402.117 0.213283 0.247632 1.58083
593.791 381.405 0.0604836 0.151545 1.03562
660.092 517.651 0.183178 0.0454053 0.91011
723.78 292.994 -0.126619 -0.0410714 1.48307
808.205 84.6163 -0.266751 -0.118395 0.918977
633.141 114.523 -0.570108 0.188487 1.35559
860.92 620.285 0.409415 -0.215034 1.0868
944.967 409.493 0.0907753 -0.271615 0.958448
783.369 621.636 0.504164 -0.125803 1.20189
720.869 400.076 0.0721113 -0.0173253 0.930808
736.313 189.374 -0.139538 -0.0355626 0.889035
907.571 243.413 -0.0970914 -0.232717 0.946944
634.617 536.276 0.203602 0.0720581 0.916858
780.758 74.9158 -0.290826 -0.0921495 0.936354
616.791 446.528 0.127349 0.10193 0.965558
719.083 62.5414 -0.453009 -0.0272262 1.10879
912.392 193.479 -0.202145 -0.307205 1.06047
787.593 440.19 0.108862 -0.0824236 0.904823
803.199 580.123 0.574778 -0.211809 1.37405
513.139 136.181 -0.371936 0.35351 1.16864
586.453 285.335 -0.0644374 0.151189 1.00441
749.343 286.712 -0.159545 -0.128952 1.55763
736.1 283.204 -0.164916 -0.0823868 1.52625
835.426 361.801 0.0322437 -0.130569 0.897599
623.377 443.428 0.122554 0.0930372 0.959755
687.848 365.007 0.0356042 0.0185648 0.949502
634.815 409.8 0.0758991 0.0681313 0.899712
708.222 187.085 -0.172934 -0.00722653 0.963426
811.703 109.789 -0.225261 -0.115499 0.897643
721.924 111.046 -0.227111 -0.0230679 0.900575
750.988 78.6885 -0.277456 -0.0565746 0.923244
940.763 151.486 -0.181271 -0.248831 0.902013
906.984 258.447 -0.110046 -0.30486 1.07889
950.966 350.28 0.0242444 -0.279782 0.954464
825.751 235.797 -0.141149 -0.177238 1.0612
840.022 191.449 -0.142864 -0.144745 0.907421
834.849 288.639 -0.0565475 -0.170902 1.01471
780.837 616.206 0.349726 -0.0886154 1.01628
722.833 600.024 0.259976 -0.0154368 0.906231
758.737 631.784 0.489264 -0.0776211 1.16686
851.373 618.265 0.334675 -0.166887 0.989552
932.152 402.491 0.085933 -0.268663 0.977945
860.868 446.2 0.142115 -0.191731 1.00322
526.039 239.147 -0.146533 0.266876 1.07201
534.665 342.418 0.00685785 0.247801 1.06589
521.65 335.827 -0.000327477 0.212878 0.965781
502.533 348.622 0.0161626 0.343464 1.1424
510.393 149.265 -0.218462 0.224552 0.955194
520.203 104.782 -0.331505 0.260846 1.03931
628.068 186.558 -0.190425 0.0963494 0.998312
580.21 222.492 -0.135231 0.147752 0.97153
566.635 172.556 -0.177694 0.14845 0.930058
499.07 546.364 0.208268 0.205057 0.91095
639.043 597.489 0.273266 0.0712243 0.935032
674.186 578.582 0.283385 0.0396959 0.983968
697.171 636.086 0.480449 0.0235009 1.15114
587.462 566.661 0.350844 0.189075 1.1201
616.625 595.437 0.381162 0.139101 1.10304
579.939 440.782 0.13021 0.158241 1.0053
