782.87 464.587 0.269754 -0.12262 1.12352
808.789 246.664 -0.215776 -0.388598 1.72425
753.505 398.627 1.19066 -0.511158 3.06184
795.398 455.817 0.135712 -0.077607 0.830254
790.769 244.203 -0.148571 -0.226874 1.45434
509.035 311.177 0.0233524 0.367337 1.22394
902.965 88.772 -0.181916 -0.192879 0.900645
693.967 86.4517 -0.0668599 -0.00528491 0.605777
936.907 153.712 -0.140307 -0.253255 0.951352
889.927 451.896 0.301507 -0.352456 1.22572
804.655 510.306 0.208684 -0.0976093 0.889496
790.234 245.291 -0.146624 -0.226575 1.45809
763.577 415.95 0.368411 -0.172062 1.55574
817.855 524.789 0.104695 -0.0544313 0.633726
722.068 460.408 0.0738957 -0.0144308 0.621494
874.892 440.909 0.330672 -0.383963 1.33007
707.32 409.939 0.0408989 -0.0086641 0.547275
731.047 322.913 0.328027 -0.535158 5.13654
683.776 228.38 -0.0625286 0.0151906 0.938985
720.725 312.387 -0.0361115 -0.123862 4.52196
729.573 341.264 0.126368 -0.0645769 1.55606
685.295 21.9176 -0.069925 -0.00360765 0.552584
758.394 358.374 0.0981329 -0.0826566 1.1082
757.164 205.825 -0.112853 -0.0742982 1.04848
781.419 362.537 0.0897565 -0.0997003 1.0185
833.319 44.5394 -0.364619 -0.197006 1.11184
759.876 49.1302 -0.063822 -0.0254313 0.558185
668.129 416.235 0.0944257 0.0199135 0.796588
884.358 583.612 0.144587 -0.0910457 0.663527
785.494 274.98 -0.0235905 -0.115748 1.06891
835.906 417.713 0.230333 -0.244205 1.21721
727.085 308.775 -0.0566021 -0.211072 3.59031
596.853 84.0795 -0.0443119 0.0178727 0.520988
767.201 383.147 0.640519 -0.453069 2.46492
713.438 254.639 -0.196561 -0.015427 1.75329
717.678 193.56 -0.39594 -0.033925 1.67874
516.415 311.772 0.0248816 0.379206 1.26202
631.335 446.201 0.0353398 0.00611621 0.4675
808.903 524.44 0.487989 -0.215739 1.2841
924.852 542.713 0.0219046 -0.0220089 0.337363
534.367 529.213 0.0678063 0.0365376 0.525895
799.804 488.633 0.120942 -0.0617524 0.725842
577.857 503.395 0.0261966 0.00564621 0.377278
565.542 437.299 0.0893908 0.0733188 0.726204
552.474 352.303 0.025511 0.0391263 0.565942
601.742 444.003 0.092543 0.051788 0.722548
507.929 538.014 0.0591757 0.0348743 0.490893
661.295 381.743 0.0306838 0.00346508 0.531069
691.871 58.7439 -0.0757255 -0.00469027 0.602777
842.364 190.594 -0.0956046 -0.144257 0.92512
876.344 192.731 -0.136284 -0.243919 1.07374
746.319 304.866 -0.0393742 -0.32014 2.66538
715.451 143.485 -0.550159 -0.02751 1.64875
559.366 204.511 -0.057585 0.0961529 0.80238
785.466 439.588 0.152964 -0.0859342 0.92286
883.956 308.16 0.0267378 -0.435154 1.38284
481.372 341.71 0.0227445 0.0645591 0.576986
823.236 401.001 0.120964 -0.13195 0.949814
809.765 530.977 0.49478 -0.214396 1.27481
720.669 298.9 -0.0806912 -0.06308 2.49171
630.732 68.3403 -0.143572 0.0403838 0.783039
724.125 313.002 -0.0949085 -0.330974 5.78066
865.979 111.78 -0.066611 -0.0764733 0.639993
817.113 356.879 0.0867805 -0.151804 1.04256
784.199 251.286 -0.160319 -0.246243 1.58057
719.255 415.086 0.103808 -0.0175199 0.835696
798.439 395.595 0.781984 -0.751111 2.51257
822.28 399.607 0.472325 -0.545276 1.90077
745.737 375.012 2.1881 -1.0154 4.91529
535.662 389.881 0.10518 0.177505 0.950489
526.267 556.69 0.108813 0.0620284 0.615387
