545.377 491.408 0.24159 0.260026 1.13607
627.932 513.962 0.186476 0.0803398 0.937233
783.062 627.419 0.43035 -0.109819 1.10802
925.754 280.312 -0.0518783 -0.232351 0.910437
602.943 291.454 -0.080862 0.175414 1.15064
774.345 216.999 -0.147622 -0.0920024 0.991967
686.374 364.93 0.0328007 0.0181315 0.954373
776.567 129.153 -0.243261 -0.0919592 0.960903
752.942 154.181 -0.210756 -0.0625653 0.956553
943.345 350.96 0.0224271 -0.284922 0.974483
721.127 565.62 0.28463 -0.0181409 1.01598
800.41 506.17 0.172639 -0.0971437 0.914337
847.903 614.27 0.335552 -0.169558 1.00262
864.722 633.239 0.39378 -0.207274 1.04995
851.877 434.522 0.149176 -0.218854 1.09498
867.545 448.524 0.139052 -0.198012 0.993804
533.788 343.205 0.00534068 0.248921 1.07284
539.588 265.678 -0.0765978 0.172713 0.927893
515.873 155.881 -0.227672 0.230785 0.985348
523.579 153.881 -0.195679 0.18766 0.919335
555.927 155.494 -0.21651 0.171785 0.964568
531.069 503.501 0.226084 0.24338 1.06306
638.828 591.742 0.275867 0.0725418 0.955442
674.018 569.515 0.287961 0.0405562 1.01558
582.81 448.619 0.146354 0.163829 1.03988
732.892 200.233 -0.154845 -0.0377757 0.95352
816.805 424.834 0.0982061 -0.122753 0.939781
575.343 296.277 -0.0633965 0.192516 1.08078
620.021 444.679 0.117211 0.0908191 0.946416
705.52 183.647 -0.168513 -0.00658193 0.938656
790.454 152.673 -0.210941 -0.106264 0.954561
716.091 85.4206 -0.287721 -0.0204154 0.945942
915.185 238.84 -0.0964131 -0.225982 0.915056
909.242 345.884 0.016432 -0.262655 1.00781
901.073 166.102 -0.166142 -0.205378 0.896066
722.029 607.821 0.250955 -0.0165159 0.885607
827.325 534.217 0.312183 -0.188079 1.13071
536.112 208.151 -0.140881 0.17914 0.931891
507.777 190.534 -0.216179 0.283243 1.05821
596.835 327.41 -0.0169086 0.163263 1.08989
680.797 116.26 -0.2455 0.0201277 0.936524
612.558 599.483 0.373711 0.138021 1.0905
568.221 449.998 0.124069 0.150143 0.954622
607.829 455.246 0.119778 0.0958549 0.915059
597.319 377.79 0.0642502 0.181063 1.14334
719.928 397.362 0.0694919 -0.0190456 0.955472
810.264 195.907 -0.177935 -0.140881 1.00136
778.637 66.6438 -0.282048 -0.0864878 0.909188
752.491 153.645 -0.211623 -0.0620999 0.956967
715.966 56.6022 -0.259189 -0.0189577 0.862105
752.353 63.8953 -0.261597 -0.0547412 0.876293
831.632 216.345 -0.124125 -0.141478 0.922765
834.174 196.199 -0.149798 -0.148198 0.932513
886.625 169.539 -0.166043 -0.193937 0.903479
721.213 602.064 0.253415 -0.0160238 0.89849
954.692 545.315 0.245485 -0.288041 0.97846
864.035 630.971 0.396072 -0.209085 1.05651
868.521 448.977 0.138115 -0.197046 0.988614
486.099 348.658 0.0109123 0.205896 0.888123
604.21 224.163 -0.149123 0.12882 1.01439
591.272 327.168 -0.0156806 0.157821 1.05154
641.679 579.479 0.280889 0.0750225 0.985643
671.106 581.252 0.27449 0.0390903 0.970575
916.994 345.305 0.0154517 -0.259648 0.984741
914.673 283.227 -0.0566002 -0.247869 0.961494
958.49 272.343 -0.057814 -0.26003 0.899871
618.942 443.197 0.126416 0.102454 0.989053
575.401 569.897 0.300319 0.171929 1.03924
636.472 604.322 0.264142 0.0675108 0.915483
825.06 172.689 -0.176765 -0.139296 0.933269
858.601 167.09 -0.177283 -0.1722 0.921711
564.858 296.283 -0.0538814 0.177417 1.00929
795.896 64.3176 -0.268127 -0.0997457 0.886826
507.333 149.47 -0.217196 0.22205 0.950626
726.868 362.846 0.0298808 -0.0264937 0.927615
534.624 207.527 -0.13637 0.174139 0.917378
580.113 79.2808 -0.258688 0.11843 0.891716
589.633 257.369 -0.111426 0.156622 1.03964
609.173 224.405 -0.149494 0.12296 1.01671
927.937 234.309 -0.0911315 -0.219341 0.87805
664.574 216.048 -0.118905 0.0347097 0.897994
593.372 291.757 -0.0689942 0.163801 1.07566
836.09 195.542 -0.146333 -0.146709 0.921613
560.299 379.886 0.0268622 0.0518777 0.6109
725.571 190.511 -0.12225 -0.0248411 0.839573
594.589 433.106 0.142807 0.170164 1.10324
603.675 478.059 0.115785 0.0777044 0.826405
821.722 555.034 0.372613 -0.192287 1.17572
911.316 401.293 0.0943472 -0.288307 1.05569
523.97 152.205 -0.198201 0.187928 0.920683
592.403 518.333 0.112522 0.0616823 0.722802
662.078 512.034 0.177262 0.0418478 0.917721
551.669 331.002 -0.0134231 0.243684 1.11467
826.722 171.988 -0.175335 -0.139639 0.928375
880.383 99.3643 -0.201444 -0.16247 0.838404
595.046 233.671 -0.114235 0.117269 0.940697
596.354 215.421 -0.136344 0.117218 0.945036
910.526 342.295 0.0119595 -0.267134 1.01252
776.958 189.812 -0.186098 -0.0978238 1.00024
795.591 109.276 -0.270632 -0.11658 0.96573
632.426 425.986 0.136473 0.115818 1.11627
774.732 437.204 0.111704 -0.0778046 0.944893
588.961 326.923 -0.0155685 0.157144 1.04064
703.427 180.042 -0.161224 -0.00472801 0.911975
718.747 38.8932 -0.24011 -0.0204066 0.812991
924.083 150.467 -0.145666 -0.188375 0.81784
595.511 105.051 -0.281065 0.126226 0.968656
734.495 152.015 -0.179562 -0.0363936 0.888795
521.707 508.582 0.212159 0.231846 1.01714
595.029 214.224 -0.136006 0.117185 0.940039
656.577 204.686 -0.106534 0.0336702 0.827213
801.941 82.9616 -0.247054 -0.104675 0.884482
601.076 326.447 -0.0197933 0.168305 1.12305
770.611 371.933 0.0360096 -0.0638758 0.866711
771.568 608.112 0.352182 -0.083086 1.03902
585.265 380.754 0.0584235 0.166348 1.05365
561.983 614.582 0.31805 0.167289 0.985773
892.655 524.904 0.193415 -0.189934 0.916734
817.912 546.54 0.37763 -0.195477 1.20488
788.468 471.698 0.185679 -0.11295 1.05272
720.81 589.086 0.257257 -0.0161866 0.925879
588.271 258.685 -0.133987 0.194946 1.13519
796.528 100.134 -0.257447 -0.109027 0.928628
788.541 161.329 -0.158666 -0.0852645 0.865224
566.626 328.168 -0.0207544 0.25642 1.19174
704.638 192.417 -0.178622 -0.00471868 0.987589
546.377 281.612 -0.0448769 0.12918 0.837656
819.412 479.264 0.16449 -0.13077 0.966512
605.742 418.544 0.107848 0.133909 1.04154
596.327 215.339 -0.132299 0.113597 0.932937
503.711 150.772 -0.210135 0.220301 0.940059
490.576 540.006 0.194158 0.205249 0.90166
869.524 447.954 0.134522 -0.194797 0.98007
515.507 155.473 -0.225854 0.228832 0.98095
506.452 149.544 -0.215967 0.221865 0.948458
850.694 176.749 -0.189537 -0.182942 0.973151
611.156 222.242 -0.150995 0.1192 1.01274
715.243 32.6505 -0.241586 -0.0174834 0.80762
645.004 136.198 -0.222939 0.0605141 0.93656
694.091 345.841 0.011804 0.0105309 0.982066
823.905 493.094 0.158437 -0.119736 0.909042
674.229 229.402 -0.134691 0.0345419 0.995382
601.92 459.527 0.172186 0.149177 1.07416
682.319 369.119 0.0319174 0.0159108 0.86137
775.828 440.268 0.111337 -0.0765644 0.929865
707.054 198.72 -0.186501 -0.00723115 1.02654
820.795 431.509 0.0977714 -0.117632 0.905223
959.945 507.664 0.182121 -0.265057 0.927379
588.894 290.803 -0.0675397 0.163285 1.05626
675.05 457.313 0.111193 0.0239567 0.870203
721.496 603.568 0.249369 -0.0161415 0.889299
482.936 342.037 0.00454525 0.208986 0.887996
558.041 105.054 -0.25701 0.156183 0.931306
901.256 571.137 0.171078 -0.141103 0.781642
802.057 439.188 0.106263 -0.100067 0.911066
503.838 546.989 0.214898 0.207361 0.931496
491.98 342.006 0.00434117 0.211191 0.908269
678.898 106.478 -0.233934 0.0192815 0.899956
915.267 412.067 0.0488705 -0.115507 0.679802
568.012 581.266 0.290221 0.166246 1.00044
844.641 361.735 0.028585 -0.136517 0.88249
622.011 395.289 0.0682615 0.0958979 0.977078
684.262 366.686 0.031484 0.0164107 0.895948
713.795 358.297 0.0270246 -0.0129324 0.982158
931.604 246.211 -0.101911 -0.275042 0.96995
644.619 450.971 0.115641 0.0583509 0.912919
536.96 330.313 -0.0122008 0.229947 1.04428
548.283 442.012 0.122027 0.184395 0.982832
658.371 515.855 0.178961 0.0449583 0.912895
884.352 458.565 0.126168 -0.181359 0.909392
940.873 405.636 0.0799787 -0.257662 0.939272
648.897 447.304 0.121949 0.0602942 0.951899
779.173 208.004 -0.136693 -0.0868047 0.930374
686.72 363.46 0.0301824 0.0164153 0.934597
564.668 262.049 -0.180953 0.334309 1.32637
583.766 381.998 0.0586387 0.163508 1.04041
665.855 609.883 0.25059 0.0348714 0.88352
571.613 268.694 -0.168124 0.324259 1.33841
775.048 438.279 0.113097 -0.0782765 0.945903
640.711 399.813 0.0738932 0.0739352 0.97727
627.193 514.36 0.184313 0.0797878 0.931015
499.15 191.383 -0.176112 0.241708 0.970198
643.569 497.416 0.113787 0.0374605 0.76857
527.302 505.346 0.221116 0.239917 1.04657
923.386 236.253 -0.0949633 -0.226408 0.899721
884.395 461.221 0.128605 -0.181076 0.908877
719.913 395.226 0.0701646 -0.0194654 0.977751
625.776 519.897 0.171745 0.0719707 0.886885
559.519 613.674 0.304484 0.16277 0.966977
802.088 511.674 0.170537 -0.0947401 0.895538
632.844 611.781 0.256649 0.0665702 0.891801
846.301 181.934 -0.133201 -0.13431 0.852226
507.487 171.018 -0.378401 0.444419 1.28639
645.675 138.278 -0.22492 0.0611333 0.944477
725.225 29.882 -0.312676 -0.0297566 0.895895
642.219 603.722 0.526503 0.137523 1.27427
745.805 290.071 -0.147672 -0.118167 1.54234
636.925 401.461 0.212997 0.249623 1.59686
591.196 382.279 0.0583791 0.150942 1.03313
657.054 520.951 0.18012 0.0450757 0.903901
722.728 292.448 -0.125564 -0.0403717 1.45568
807.297 83.4755 -0.266833 -0.117868 0.91468
632.883 116.741 -0.577945 0.190356 1.37086
861.166 625.342 0.402988 -0.212669 1.07464
944.752 411.2 0.0885512 -0.270023 0.953583
782.768 627.949 0.494649 -0.123706 1.18341
718.884 400.605 0.0704234 -0.0175423 0.937351
734.311 189.642 -0.140635 -0.0353516 0.886742
905.746 244.472 -0.0991531 -0.233279 0.949255
625.167 553.271 0.191479 0.0681277 0.864837
779.343 73.8184 -0.291003 -0.0915456 0.932642
616.207 446.077 0.127002 0.103089 0.978792
717.722 66.9245 -0.461536 -0.0276082 1.12565
905.016 198.221 -0.210034 -0.3151 1.08947
786.641 443.486 0.105807 -0.0811788 0.892534
805.241 591.722 0.553165 -0.204038 1.32459
511.609 136.355 -0.374189 0.353832 1.17171
585.213 286.105 -0.0671755 0.152565 1.01265
748.976 286.075 -0.157929 -0.126848 1.5299
734.922 283.679 -0.167782 -0.0829039 1.53673
832.78 362.858 0.0304061 -0.131054 0.902378
621.114 444.653 0.12079 0.0929818 0.960643
685.643 366.267 0.0338613 0.0184699 0.947188
629.713 413.216 0.0728666 0.0667342 0.880228
706.198 186.321 -0.173586 -0.00710467 0.957957
809.772 110.806 -0.227405 -0.115587 0.899755
719.997 111.961 -0.229329 -0.0230867 0.902946
748.978 79.9623 -0.280121 -0.0565518 0.92683
935.538 155.375 -0.185582 -0.251777 0.914467
904.582 259.06 -0.113074 -0.306099 1.08419
950.832 351.547 0.0224369 -0.277788 0.949115
821.398 238.688 -0.147114 -0.181206 1.08663
838.64 191.839 -0.144115 -0.144212 0.905532
833.407 289.336 -0.0582617 -0.170606 1.01401
780.142 622.881 0.342527 -0.0874055 1.0008
720.749 603.381 0.257213 -0.0156154 0.90289
854.992 631.867 0.322153 -0.16123 0.956346
935.782 405.671 0.0829938 -0.2626 0.957571
860.784 448.677 0.13905 -0.189718 0.993645
529.852 242.067 -0.153005 0.273842 1.10155
530.281 343.104 0.00513298 0.245928 1.05776
524.505 336.375 -0.00291973 0.218514 0.990412
499.233 349.079 0.0141994 0.341799 1.13843
514.634 155.162 -0.22683 0.230503 0.982008
522.993 110.241 -0.341053 0.26656 1.063
620.275 178.127 -0.1821 0.0919379 0.95196
578.951 223.796 -0.137899 0.148636 0.97826
565.771 174.598 -0.181157 0.149759 0.938885
492.85 550.752 0.204481 0.203219 0.90233
635.694 601.452 0.269826 0.070919 0.929449
672.498 577.98 0.283026 0.0397362 0.99093
695.15 638.305 0.476814 0.0234579 1.14771
579.241 578.67 0.336658 0.181708 1.0788
615.186 594.711 0.381123 0.139886 1.10996
578.355 441.359 0.128798 0.158652 1.00984
