545.19 490.848 0.241605 0.259514 1.13458
627.335 513.114 0.186491 0.0798279 0.935746
782.187 626.238 0.430365 -0.11033 1.10654
923.945 280.222 -0.0518635 -0.232863 0.908951
602.566 291.423 -0.0808472 0.174902 1.14915
773.284 217.16 -0.147608 -0.0925143 0.990481
685.573 364.607 0.0328154 0.0176196 0.952886
775.435 129.609 -0.243246 -0.0924711 0.959417
751.885 154.558 -0.210741 -0.0630772 0.955067
941.626 350.609 0.0224419 -0.285434 0.972997
720.332 564.612 0.284644 -0.0186528 1.01449
799.131 505.235 0.172653 -0.0976556 0.912851
846.628 612.977 0.335567 -0.17007 1.00114
863.469 631.914 0.393795 -0.207786 1.04846
850.73 433.959 0.149191 -0.219366 1.09349
866.168 447.846 0.139067 -0.198524 0.992317
533.549 343.041 0.00535545 0.248409 1.07135
539.203 265.725 -0.076583 0.172201 0.926407
515.568 156.25 -0.227658 0.230273 0.983862
523.202 154.288 -0.195664 0.187149 0.917849
555.497 155.873 -0.216495 0.171273 0.963081
530.883 502.859 0.226099 0.242868 1.06158
638.236 590.618 0.275881 0.0720299 0.953956
673.382 568.522 0.287975 0.0400443 1.01409
582.45 448.106 0.146369 0.163317 1.03839
731.905 200.461 -0.15483 -0.0382876 0.952033
815.511 424.233 0.0982209 -0.123265 0.938295
574.991 296.234 -0.0633817 0.192004 1.0793
619.448 444.096 0.117226 0.0903072 0.94493
704.599 183.937 -0.168498 -0.00709383 0.937169
789.263 153.055 -0.210926 -0.106776 0.953074
715.131 86.0241 -0.287706 -0.0209274 0.944455
913.432 238.911 -0.0963983 -0.226494 0.91357
907.731 345.574 0.0164468 -0.263167 1.00632
899.325 166.453 -0.166128 -0.20589 0.89458
721.01 606.476 0.25097 -0.0170278 0.884121
826.319 533.349 0.312197 -0.188591 1.12922
535.725 208.383 -0.140866 0.178628 0.930404
507.543 190.784 -0.216164 0.282732 1.05672
596.442 327.276 -0.0168939 0.162751 1.0884
679.943 116.772 -0.245485 0.0196158 0.935037
612.194 598.508 0.373725 0.13751 1.08901
567.826 449.426 0.124084 0.149631 0.953136
607.258 454.604 0.119793 0.095343 0.913573
596.975 377.529 0.0642649 0.180551 1.14185
719.018 396.912 0.0695066 -0.0195575 0.953986
809.094 196.131 -0.17792 -0.141393 0.999878
777.388 67.3417 -0.282033 -0.0869997 0.907702
751.437 154.024 -0.211609 -0.0626118 0.95548
714.841 57.3764 -0.259174 -0.0194696 0.860618
751.127 64.6315 -0.261582 -0.0552531 0.874806
830.228 216.512 -0.12411 -0.14199 0.921279
832.781 196.435 -0.149783 -0.14871 0.931027
884.955 169.876 -0.166028 -0.194448 0.901993
720.224 600.763 0.25343 -0.0165357 0.897004
952.933 544.201 0.2455 -0.288553 0.976974
862.795 629.662 0.396086 -0.209597 1.05502
867.13 448.294 0.13813 -0.197558 0.987127
485.869 348.429 0.0109271 0.205384 0.886637
603.709 224.321 -0.149108 0.128308 1.0129
590.865 327.028 -0.0156658 0.157309 1.05006
641.114 578.437 0.280904 0.0745106 0.984157
670.422 580.166 0.274505 0.0385784 0.969089
915.403 344.987 0.0154665 -0.26016 0.983254
913.039 283.134 -0.0565855 -0.24838 0.960008
956.512 272.275 -0.0577993 -0.260542 0.898385
618.424 442.651 0.126431 0.101942 0.987566
575.095 568.992 0.300334 0.171417 1.03775
635.833 603.094 0.264157 0.0669989 0.913996
823.702 173.008 -0.17675 -0.139808 0.931783
857.088 167.43 -0.177268 -0.172712 0.920225
564.481 296.234 -0.0538667 0.176905 1.00781
794.532 65.0445 -0.268112 -0.100258 0.88534
507.026 149.876 -0.217181 0.221539 0.94914
725.88 362.505 0.0298956 -0.0270057 0.926129
534.228 207.764 -0.136355 0.173627 0.915891
579.511 79.9433 -0.258673 0.117918 0.89023
589.202 257.431 -0.111411 0.15611 1.03815
608.66 224.561 -0.149479 0.122448 1.01522
926.024 234.398 -0.0911167 -0.219853 0.876564
663.729 216.244 -0.11889 0.0341978 0.896508
592.968 291.722 -0.0689795 0.163289 1.07417
834.665 195.783 -0.146318 -0.147221 0.920126
559.108 379.252 0.026877 0.0513658 0.609413
724.375 190.809 -0.122235 -0.025353 0.838087
594.241 432.672 0.142822 0.169652 1.10176
602.978 477.235 0.1158 0.0771925 0.824918
820.792 554.13 0.372627 -0.192799 1.17423
909.888 400.801 0.0943619 -0.288819 1.05421
523.592 152.617 -0.198186 0.187416 0.919197
591.511 517.161 0.112537 0.0611704 0.721316
661.331 511.153 0.177277 0.0413359 0.916235
551.406 330.876 -0.0134083 0.243172 1.11319
825.347 172.312 -0.17532 -0.140151 0.926888
878.545 100.006 -0.20143 -0.162982 0.836918
594.496 233.811 -0.114221 0.116758 0.939211
595.801 215.619 -0.136329 0.116706 0.943549
909.019 341.999 0.0119743 -0.267646 1.01103
775.899 190.058 -0.186083 -0.0983357 0.998753
794.4 109.793 -0.270617 -0.117092 0.964243
631.985 425.561 0.136487 0.115306 1.11479
773.609 436.578 0.111718 -0.0783165 0.943406
588.551 326.782 -0.0155537 0.156632 1.03915
702.465 180.354 -0.161209 -0.00523991 0.910488
717.489 39.7899 -0.240095 -0.0209185 0.811504
921.982 150.915 -0.145651 -0.188886 0.816354
594.959 105.574 -0.28105 0.125714 0.967169
733.373 152.433 -0.179547 -0.0369055 0.887309
521.52 507.89 0.212174 0.231334 1.01565
594.474 214.427 -0.135992 0.116674 0.938552
655.622 204.943 -0.106519 0.0331583 0.825727
800.55 83.6253 -0.247039 -0.105187 0.882996
600.696 326.32 -0.0197786 0.167793 1.12157
769.325 371.511 0.0360244 -0.0643877 0.865225
770.637 606.937 0.352197 -0.0835979 1.03753
584.891 380.457 0.0584383 0.165836 1.05217
561.683 613.466 0.318064 0.166777 0.984287
891.004 523.845 0.193429 -0.190446 0.915248
817.025 545.685 0.377644 -0.195989 1.20339
787.481 471.015 0.185694 -0.113462 1.05123
719.874 587.879 0.257272 -0.0166985 0.924393
587.911 258.741 -0.133972 0.194435 1.13371
795.259 100.705 -0.257432 -0.109539 0.927142
787.16 161.721 -0.158652 -0.0857764 0.863738
566.365 328.059 -0.0207396 0.255908 1.19025
703.797 192.665 -0.178607 -0.00523059 0.986102
545.866 281.596 -0.0448621 0.128669 0.836169
818.167 478.474 0.164505 -0.131282 0.965026
605.31 418.116 0.107863 0.133397 1.04006
595.759 215.539 -0.132284 0.113085 0.93145
503.407 151.18 -0.21012 0.219789 0.938573
490.405 539.093 0.194173 0.204738 0.900173
868.111 447.268 0.134537 -0.195309 0.978583
515.2 155.846 -0.225839 0.22832 0.979463
506.145 149.951 -0.215952 0.221353 0.946972
849.326 177.04 -0.189522 -0.183454 0.971664
610.633 222.405 -0.15098 0.118688 1.01125
713.985 33.5778 -0.241571 -0.0179953 0.806134
644.27 136.646 -0.222924 0.0600022 0.935074
693.302 345.591 0.0118187 0.010019 0.98058
822.518 492.195 0.158452 -0.120247 0.907556
673.5 229.536 -0.134677 0.03403 0.993896
601.537 458.992 0.1722 0.148666 1.07267
681.367 368.736 0.0319321 0.0153989 0.859883
774.672 439.618 0.111351 -0.0770763 0.928378
706.259 198.938 -0.186486 -0.00774306 1.02505
819.407 430.855 0.0977862 -0.118144 0.903737
958.034 506.652 0.182136 -0.265569 0.925893
588.488 290.769 -0.0675249 0.162773 1.05478
674.159 456.589 0.111208 0.0234448 0.868716
720.487 602.246 0.249384 -0.0166534 0.887813
482.714 341.832 0.00456002 0.208474 0.88651
557.559 105.602 -0.256995 0.155671 0.929819
899.119 569.666 0.171093 -0.141615 0.780156
800.758 438.516 0.106278 -0.100579 0.909579
503.652 546.082 0.214913 0.206849 0.93001
491.747 341.806 0.00435594 0.210679 0.906782
677.988 107.047 -0.23392 0.0187696 0.898469
912.522 411.233 0.0488853 -0.116019 0.678315
567.698 580.283 0.290236 0.165734 0.99895
843.094 361.338 0.0285998 -0.137029 0.881003
621.458 394.896 0.0682762 0.095386 0.975591
683.371 366.33 0.0314988 0.0158988 0.894461
712.942 357.999 0.0270394 -0.0134443 0.980672
929.923 246.249 -0.101896 -0.275554 0.968463
643.915 450.326 0.115656 0.057839 0.911433
536.693 330.178 -0.012186 0.229435 1.0428
547.974 441.497 0.122042 0.183883 0.981345
657.631 514.956 0.178976 0.0444464 0.911408
882.716 457.777 0.126183 -0.181871 0.907906
939.077 405.058 0.0799934 -0.258174 0.937785
648.236 446.703 0.121964 0.0597823 0.950413
777.98 208.206 -0.136678 -0.0873166 0.928888
685.887 363.133 0.0301972 0.0159034 0.933111
564.438 262.097 -0.180938 0.333797 1.32488
583.386 381.692 0.0586534 0.162996 1.03893
665.053 608.562 0.250604 0.0343594 0.882033
571.377 268.727 -0.168109 0.323747 1.33692
773.926 437.65 0.113112 -0.0787884 0.944416
640.1 399.397 0.0739079 0.0734233 0.975784
626.591 513.504 0.184328 0.0792759 0.929529
498.891 191.659 -0.176097 0.241197 0.968712
642.575 496.404 0.113802 0.0369486 0.767084
527.117 504.687 0.221131 0.239405 1.04508
921.557 236.333 -0.0949485 -0.22692 0.898235
882.756 460.422 0.12862 -0.181588 0.90739
719.038 394.796 0.0701793 -0.0199773 0.976265
625.112 518.968 0.17176 0.0714588 0.885399
559.209 612.538 0.304498 0.162258 0.96549
800.76 510.695 0.170552 -0.095252 0.894052
632.182 610.487 0.256664 0.0660583 0.890314
844.651 182.246 -0.133186 -0.134822 0.85074
945.747 607.334 0.385539 -0.336761 1.07625
920.8 348.893 0.0209621 -0.280304 1.00733
739.892 628.792 0.431114 -0.0471081 1.1046
728.889 629.614 0.343495 -0.0271474 0.989738
790.657 623.642 0.462665 -0.132275 1.14997
950.263 350.834 0.0227436 -0.293152 0.968978
595.358 228.658 -0.128079 0.123829 0.96509
657.444 533.135 0.163973 0.0348176 0.834442
957.962 374.512 0.0473041 -0.278754 0.934817
659.669 509.53 0.183086 0.0454871 0.934881
493.02 351.224 0.0172154 0.334767 1.11293
755.934 132.717 -0.188234 -0.057354 0.86605
821.226 421.964 0.099663 -0.134612 0.956633
511.476 345.446 0.00812252 0.225735 0.974737
755.167 142.967 -0.197602 -0.0609329 0.904157
570.853 390.173 0.060672 0.151638 0.966215
838.602 558.822 0.294156 -0.174787 1.03786
819.655 178.035 -0.161 -0.128256 0.908235
765.367 303.856 -0.0498965 -0.0970504 1.10168
639.424 117.054 -0.20427 0.0527986 0.864699
820.541 484.75 0.1592 -0.124545 0.930698
765.289 303.768 -0.0462881 -0.0913101 1.06673
608.877 611.833 0.360216 0.129436 1.04599
628.436 512.067 0.176673 0.0741103 0.913961
562.915 300.686 -0.0484362 0.179865 1.01021
714.656 419.295 0.108075 -0.0144519 1.02216
718.481 20.5119 -0.288723 -0.0232688 0.852111
850.601 497.509 0.212745 -0.190583 1.02913
507.308 171.249 -0.378387 0.443907 1.2849
644.95 138.715 -0.224906 0.0606214 0.94299
724.135 30.7112 -0.312661 -0.0302685 0.894409
641.902 602.868 0.526517 0.137011 1.27279
745.319 290.031 -0.147657 -0.118679 1.54085
636.692 401.238 0.213012 0.249111 1.59537
590.789 381.966 0.0583938 0.15043 1.03164
656.305 520.022 0.180135 0.0445637 0.902415
722.251 292.404 -0.125549 -0.0408836 1.45419
805.957 84.1132 -0.266818 -0.11838 0.913194
632.505 117.053 -0.577931 0.189844 1.36937
859.965 624.076 0.403003 -0.213181 1.07315
942.975 410.607 0.088566 -0.270535 0.952096
781.981 626.835 0.494664 -0.124218 1.18192
717.948 400.133 0.0704381 -0.0180543 0.935864
733.19 189.925 -0.14062 -0.0358635 0.885256
904.118 244.522 -0.0991383 -0.233791 0.947768
624.475 552.177 0.191494 0.0676158 0.863351
778.141 74.4729 -0.290988 -0.0920575 0.931156
615.687 445.514 0.127017 0.102577 0.977306
716.986 67.4611 -0.461522 -0.0281201 1.12416
903.666 198.412 -0.210019 -0.315611 1.08798
785.361 442.789 0.105821 -0.0816907 0.891047
804.508 590.804 0.55318 -0.20455 1.32311
511.387 136.691 -0.374174 0.35332 1.17022
584.779 286.083 -0.0671607 0.152053 1.01117
748.476 286.042 -0.157914 -0.12736 1.52842
734.455 283.653 -0.167767 -0.0834158 1.53525
831.332 362.469 0.0304209 -0.131566 0.900891
620.556 444.08 0.120805 0.0924699 0.959156
684.834 365.936 0.0338761 0.0179579 0.945702
629.001 412.693 0.0728813 0.0662223 0.878741
705.306 186.596 -0.173571 -0.00761658 0.95647
808.39 111.36 -0.227391 -0.116099 0.898269
718.95 112.509 -0.229314 -0.0235987 0.90146
747.872 80.5995 -0.280106 -0.0570637 0.925343
933.7 155.756 -0.185567 -0.252289 0.912981
903.226 259.058 -0.113059 -0.306611 1.0827
949.02 351.183 0.0224517 -0.2783 0.947629
820.328 238.764 -0.147099 -0.181718 1.08514
837.166 192.097 -0.1441 -0.144724 0.904045
832.186 289.245 -0.0582469 -0.171118 1.01252
779.122 621.601 0.342542 -0.0879174 0.999311
719.771 602.082 0.257228 -0.0161273 0.901404
853.597 630.439 0.322168 -0.161742 0.954859
934.052 405.106 0.0830085 -0.263112 0.956084
859.433 448.003 0.139064 -0.19023 0.992158
529.604 242.176 -0.15299 0.27333 1.10006
530.043 342.938 0.00514775 0.245416 1.05628
524.237 336.212 -0.00290496 0.218002 0.988926
499.104 348.927 0.0142142 0.341287 1.13695
514.33 155.535 -0.226815 0.229991 0.980521
522.699 110.689 -0.341038 0.266048 1.06151
619.647 178.438 -0.182085 0.091426 0.950474
578.487 223.964 -0.137884 0.148124 0.976774
565.293 174.929 -0.181143 0.149247 0.937399
492.676 549.799 0.204496 0.202707 0.900844
635.078 600.256 0.269841 0.070407 0.927963
671.837 576.93 0.28304 0.0392243 0.989443
694.602 637.195 0.476829 0.022946 1.14622
578.957 577.774 0.336673 0.181196 1.07732
614.83 593.768 0.381138 0.139374 1.10847
577.981 440.851 0.128813 0.15814 1.00836
