537.374 497.036 0.233041 0.251298 1.09606
625.567 516.026 0.18301 0.0787651 0.921861
782.043 625.161 0.429856 -0.11012 1.10818
922.567 279.985 -0.0531646 -0.233971 0.915273
602.451 290.808 -0.0819483 0.175472 1.15118
772.866 217.396 -0.149632 -0.0929024 0.998166
685.613 364.011 0.0319678 0.0178673 0.954997
775.24 129.336 -0.244955 -0.0924388 0.962985
752.049 152.963 -0.211055 -0.0627079 0.953064
942.56 350.002 0.0215134 -0.284592 0.971205
720.237 563.787 0.283883 -0.018295 1.01582
799.798 506.512 0.170496 -0.0963612 0.905724
845.517 610.363 0.336668 -0.170601 1.00779
863.685 631.404 0.392545 -0.207535 1.04819
847.218 430.637 0.151216 -0.223997 1.11927
866.589 447.279 0.138046 -0.198501 0.992427
533.262 342.44 0.00439492 0.248535 1.07171
540.472 265.68 -0.0782126 0.173824 0.934075
515.59 155.776 -0.229248 0.23121 0.986949
522.107 152.615 -0.195679 0.186447 0.915145
558.739 159.208 -0.222122 0.175348 0.983213
523.406 508.552 0.21908 0.236502 1.03072
636.841 594.402 0.271803 0.0713897 0.942011
672.795 570.217 0.285167 0.040168 1.00699
581.826 447.999 0.145128 0.163155 1.03609
731.997 198.226 -0.154385 -0.0377298 0.944923
816.138 424.258 0.0969355 -0.122322 0.934041
573.465 295.308 -0.063675 0.190902 1.07214
618.729 444.232 0.115881 0.0901876 0.94112
704.023 180.936 -0.167291 -0.00645668 0.92719
790.211 150.367 -0.210229 -0.106025 0.946653
715.236 84.4988 -0.288507 -0.0208688 0.944332
915.647 237.112 -0.0964915 -0.224605 0.907099
911.902 345.127 0.015543 -0.258835 0.990175
894.723 170.036 -0.171209 -0.210094 0.915254
720.804 608.584 0.248351 -0.0164143 0.877955
827.705 535.421 0.308136 -0.186283 1.11727
534.342 206.955 -0.141169 0.17832 0.927451
503.473 187.333 -0.214001 0.278898 1.04236
596.008 326.617 -0.0179666 0.163827 1.09036
680.368 119.654 -0.250243 0.0203519 0.949612
611.206 600.636 0.369964 0.136462 1.08047
608.432 452.852 0.119969 0.096583 0.923048
597.312 376.954 0.0634822 0.180508 1.14393
718.796 395.58 0.0693709 -0.0192703 0.966455
809.027 195.464 -0.179016 -0.141221 1.00155
777.454 66.1538 -0.283039 -0.0867627 0.908529
750.731 156.375 -0.215988 -0.0631114 0.97071
714.901 61.1844 -0.264122 -0.0194954 0.873951
751.446 61.8945 -0.261462 -0.0549041 0.871863
955.24 164.948 -0.16643 -0.261733 0.894311
830.651 215.347 -0.12465 -0.141327 0.919639
834.578 193.756 -0.149005 -0.147174 0.922068
887.193 166.854 -0.165303 -0.192392 0.894026
719.872 603.473 0.25039 -0.0157657 0.889043
952.752 543.053 0.244864 -0.289061 0.979164
854.147 610.999 0.415052 -0.220371 1.11201
868.378 448.732 0.136356 -0.195698 0.980458
481.479 348.096 0.0101651 0.202847 0.875137
609.553 229.508 -0.157559 0.134683 1.06094
590.712 326.363 -0.0167513 0.158122 1.05248
640.178 580.218 0.27807 0.0744029 0.977229
670.417 580.933 0.272467 0.0383591 0.965377
916.99 344.35 0.014486 -0.257973 0.977243
915.713 281.771 -0.0567882 -0.245917 0.951267
955.788 271.805 -0.0587059 -0.260138 0.900473
617.523 442.59 0.125105 0.102249 0.984603
579.475 561.644 0.306512 0.175693 1.06437
822.614 174.068 -0.179787 -0.141084 0.942187
857.952 165.941 -0.177864 -0.172401 0.918848
853.888 633.185 0.300938 -0.150328 0.921367
564.596 295.585 -0.0549843 0.177293 1.00996
794.773 63.4298 -0.269087 -0.100023 0.885515
508.448 150.396 -0.219951 0.223309 0.956685
725.847 361.773 0.0290723 -0.0269019 0.931846
534.53 207.65 -0.137914 0.17494 0.920514
582.662 84.5352 -0.264643 0.119944 0.907403
588.727 256.289 -0.112125 0.155502 1.03556
607.405 222.8 -0.149062 0.121723 1.00806
928.95 232.052 -0.0907804 -0.216691 0.866952
662.393 213.425 -0.118172 0.0343255 0.885834
585.225 288.667 -0.0666523 0.158019 1.03019
832.738 197.703 -0.149412 -0.149113 0.934594
554.332 379.689 0.0258823 0.051129 0.599994
724.2 190.855 -0.123506 -0.0250466 0.841955
586.9 437.291 0.136658 0.163722 1.05624
601.384 478.557 0.114013 0.076756 0.817563
829.44 573.23 0.345545 -0.178064 1.09034
910.774 400.599 0.092967 -0.286332 1.04892
531.433 159.275 -0.206703 0.194108 0.952389
579.523 533.624 0.104867 0.0564724 0.670915
663.784 500.519 0.184568 0.0448646 0.963691
552.954 330.172 -0.0148238 0.245546 1.12383
826.649 169.304 -0.174213 -0.13825 0.917898
876.067 102.267 -0.204334 -0.16369 0.846259
594.697 233.609 -0.115801 0.117875 0.944345
594.788 214.547 -0.13707 0.117369 0.942773
910.372 341.32 0.0109959 -0.266173 1.00659
775.291 189.532 -0.187882 -0.0978107 1.00246
795.526 105.443 -0.268212 -0.115454 0.953603
631.671 425.256 0.135268 0.11525 1.11282
771.304 431.812 0.114257 -0.0807843 0.978456
587.408 326.105 -0.0163817 0.156554 1.0353
702.324 179.053 -0.16199 -0.00493693 0.909794
717.264 38.0107 -0.240939 -0.0204824 0.811502
921.332 152.132 -0.147277 -0.190567 0.822802
596.848 108.594 -0.287092 0.128189 0.983409
733.36 150.979 -0.180019 -0.0365286 0.886024
521.307 507.376 0.211178 0.231633 1.01615
594.456 213.894 -0.13745 0.117412 0.941694
655.486 204.872 -0.107853 0.0338333 0.829648
798.75 90.6598 -0.2546 -0.108256 0.906841
600.56 325.669 -0.0208446 0.168395 1.12347
769.647 371.15 0.0349855 -0.0636522 0.860703
771.383 610.595 0.347283 -0.0822729 1.02502
581.439 380.804 0.0560468 0.16148 1.02833
567.213 603.213 0.326184 0.172065 1.0145
892.641 525.325 0.19084 -0.188052 0.907411
786.075 467.285 0.188448 -0.115816 1.07358
719.698 589.891 0.254529 -0.0161167 0.917581
585.815 257.294 -0.134528 0.19518 1.12799
795.315 98.5867 -0.257695 -0.108608 0.925017
787.475 159.606 -0.158872 -0.0849595 0.860345
564.341 327.568 -0.0210735 0.253715 1.17931
704.01 190.221 -0.177661 -0.00552773 0.977581
556.179 284.825 -0.0484903 0.135092 0.878774
817.829 477.515 0.163649 -0.13098 0.967052
605.893 417.315 0.108115 0.134877 1.04784
595.703 215.103 -0.133861 0.114068 0.935279
505.845 152.768 -0.214127 0.22312 0.950961
492.984 536.744 0.194249 0.205619 0.906971
870.403 448.583 0.132221 -0.192315 0.966327
516.319 156.351 -0.228703 0.230498 0.987344
505.103 148.541 -0.216454 0.221244 0.945864
850.648 174.839 -0.189345 -0.182353 0.966418
610.674 222.066 -0.152389 0.119481 1.01507
714.306 27.4699 -0.239596 -0.017895 0.797354
645.466 139.373 -0.227611 0.0612307 0.950423
693.088 345.005 0.010948 0.0106328 0.984547
822.202 491.297 0.158049 -0.120236 0.910563
673.202 228.339 -0.135216 0.034192 0.991647
588.587 472.296 0.158046 0.135654 0.981891
681.88 367.74 0.0312497 0.0159754 0.872329
795.361 639.369 0.440962 -0.126995 1.09725
773.968 437.556 0.111716 -0.0779006 0.940976
706.276 198.276 -0.187983 -0.00760096 1.02768
820.477 431.4 0.0961513 -0.11662 0.895878
587.613 289.912 -0.0681059 0.162389 1.05121
674.336 456.051 0.110163 0.0234907 0.868981
720.466 603.798 0.247095 -0.0162404 0.882926
482.151 341.213 0.0035903 0.208791 0.886903
558.705 106.789 -0.26057 0.157511 0.938771
887.571 555.979 0.178675 -0.14807 0.821211
801.373 438.752 0.104882 -0.0996755 0.904753
502.742 341.178 0.00302655 0.220142 0.946486
676.672 101.065 -0.230554 0.0189728 0.883863
916.645 412.174 0.0476219 -0.114076 0.669206
620.057 394.981 0.0667543 0.0947592 0.966437
682.523 366.247 0.0305266 0.0162414 0.88504
713.04 357.474 0.0260203 -0.013339 0.976719
925.754 247.455 -0.104634 -0.279741 0.985647
643.647 450.151 0.114441 0.0578915 0.909611
536.889 329.659 -0.0130123 0.229247 1.04387
543.619 443.507 0.119258 0.180908 0.963559
656.76 516.175 0.176899 0.0446147 0.905117
886.017 459.736 0.123764 -0.178781 0.894292
940.188 404.874 0.0789326 -0.256773 0.934668
647.869 446.496 0.120732 0.0599553 0.948529
686.244 362.03 0.0296661 0.0169996 0.953106
564.69 261.974 -0.1823 0.336027 1.33136
583.25 381.081 0.0576626 0.163229 1.03964
664.928 608.389 0.249353 0.0346327 0.881585
571.136 267.709 -0.170645 0.325259 1.34004
639.344 399.321 0.0726821 0.0733409 0.970667
629.328 508.502 0.187101 0.0808842 0.950423
514.141 200.996 -0.18831 0.255443 1.0286
641.729 497.526 0.112155 0.0369689 0.761835
534.008 498.314 0.226485 0.246522 1.0774
923.981 234.389 -0.0950623 -0.22494 0.891531
880.152 457.706 0.129179 -0.183894 0.920759
719.04 393.944 0.0696863 -0.0198437 0.982346
560.575 609.627 0.305633 0.163675 0.973014
801.854 511.923 0.168487 -0.0944579 0.887541
631.364 612.053 0.254435 0.0660916 0.885705
840.269 187.043 -0.138395 -0.138287 0.876456
599.912 232.139 -0.133726 0.128295 0.998075
659.222 510.056 0.181361 0.0455707 0.930901
756.529 129.406 -0.187395 -0.0567575 0.859155
755.555 137.954 -0.195065 -0.0593475 0.890047
568.984 390.125 0.0594793 0.151285 0.960055
838.711 558.219 0.292983 -0.174499 1.03791
820.793 175.469 -0.160542 -0.126981 0.901538
764.315 303.549 -0.0526726 -0.0987143 1.12433
638.076 114.078 -0.203932 0.0531809 0.859868
764.927 303.211 -0.048491 -0.0926398 1.0807
625.969 515.349 0.173061 0.0735071 0.898849
558.798 299.444 -0.0478604 0.176931 0.991663
714.204 418.772 0.106936 -0.0136464 1.02156
717.992 33.8489 -0.301621 -0.0233476 0.886165
850.602 497.023 0.211455 -0.189839 1.0285
513.199 175.087 -0.389768 0.455703 1.31981
644.464 136.757 -0.224985 0.0605742 0.940125
724.034 30.8241 -0.314874 -0.0300866 0.898579
641.749 602.58 0.52489 0.137141 1.27159
745.62 288.87 -0.146024 -0.116464 1.51845
637.212 400.116 0.213313 0.25126 1.60726
590.052 381.573 0.0573323 0.150363 1.02916
656.393 519.175 0.179577 0.0449414 0.904717
721.999 292.133 -0.126521 -0.0402989 1.46014
481.757 187.742 -0.207773 0.300539 1.02924
805.416 85.1318 -0.2698 -0.119045 0.920428
632.691 117.318 -0.582115 0.191252 1.37745
860.968 625.475 0.399981 -0.211772 1.06739
945.357 410.712 0.0870561 -0.268102 0.94494
783.469 633.372 0.484184 -0.121487 1.15826
717.887 399.006 0.0701151 -0.0178678 0.944909
732.919 190.161 -0.142459 -0.0356393 0.891212
904.113 243.874 -0.100058 -0.233567 0.948977
623.435 553.897 0.189264 0.0673863 0.857125
779.132 69.4449 -0.288331 -0.090829 0.920867
614.931 445.581 0.125622 0.102494 0.973628
716.934 71.5193 -0.470761 -0.0283142 1.14439
904.842 196.833 -0.210254 -0.314363 1.0844
785.832 442.971 0.104484 -0.0809844 0.886962
806.317 596.081 0.542204 -0.200329 1.29802
511.101 136.028 -0.375686 0.354248 1.17259
585.256 285.712 -0.0685422 0.15328 1.01714
748.474 285.631 -0.158612 -0.127489 1.53048
734.157 283.74 -0.171163 -0.0842446 1.55681
831.27 361.961 0.0296278 -0.131287 0.902065
619.809 444.265 0.119419 0.0923036 0.954952
684.268 365.719 0.0328751 0.0181889 0.938043
627.64 413.156 0.0714035 0.0658413 0.870137
705.254 187.557 -0.176478 -0.00723575 0.967036
808.497 110.233 -0.228244 -0.115761 0.898737
718.867 111.366 -0.230155 -0.0232985 0.901878
747.753 80.1874 -0.281736 -0.0568961 0.928255
932.535 156.044 -0.187526 -0.253287 0.918589
895.733 261.33 -0.118494 -0.316597 1.12163
952.916 350.782 0.0214879 -0.274258 0.935553
818.643 239.482 -0.150438 -0.183818 1.10109
835.047 194.277 -0.147658 -0.146999 0.92006
833.376 288.055 -0.0585291 -0.169286 1.00433
778.986 620.377 0.342248 -0.0877922 1.00165
719.914 605.583 0.253676 -0.015798 0.891404
854.477 631.7 0.319591 -0.160591 0.950252
932.203 403.97 0.0825125 -0.264152 0.962858
860.132 447.908 0.1376 -0.189166 0.988761
535.597 244.496 -0.158594 0.281136 1.13223
528.519 342.45 0.00433237 0.244589 1.05162
522.324 335.696 -0.00359427 0.216527 0.982357
495.228 348.676 0.0133756 0.336483 1.12153
516.948 157.319 -0.23076 0.233123 0.993599
525.937 113.803 -0.347619 0.270434 1.07924
617.521 174.481 -0.180047 0.0902592 0.936588
577.487 222.557 -0.138092 0.147597 0.972946
564.1 173.18 -0.181212 0.148893 0.934044
490.561 551.196 0.202369 0.201644 0.895345
634.124 602.082 0.26723 0.0703762 0.922029
672.316 572.916 0.285442 0.0402361 1.00218
694.309 639.062 0.472978 0.0231677 1.13892
573.017 587.466 0.325161 0.175344 1.04153
613.917 595.318 0.377855 0.138754 1.10153
577.278 440.868 0.127416 0.157513 1.00469
