781.752 463.033 0.268897 -0.122791 1.12153
808.127 246.095 -0.215404 -0.388849 1.72372
752.969 397.964 1.19037 -0.511253 3.06146
793.313 453.28 0.135433 -0.0776773 0.830738
789.81 243.16 -0.149285 -0.226683 1.45412
507.997 309.761 0.023053 0.367557 1.22378
901.336 87.4596 -0.182286 -0.192796 0.900199
691.845 85.0879 -0.0669764 -0.00529543 0.605609
936.543 151.484 -0.140001 -0.251918 0.946227
888.181 450.252 0.300955 -0.352381 1.22529
802.848 508.635 0.208464 -0.0975134 0.888142
789.632 244.239 -0.147221 -0.227188 1.45733
762.701 415.143 0.368884 -0.172234 1.55459
815.06 522.576 0.104208 -0.0541681 0.63178
718.744 457.547 0.0733392 -0.0140621 0.619961
873.38 439.1 0.329225 -0.38385 1.32935
705.219 404.28 0.0407403 -0.0088829 0.552173
730.717 322.525 0.323677 -0.531829 5.13666
682.985 226.738 -0.0621962 0.0144198 0.934718
720.409 312.042 -0.0369041 -0.12204 4.52152
729.034 340.032 0.125387 -0.0655504 1.55632
682.936 17.9672 -0.0701251 -0.00366439 0.550446
757.325 356.898 0.0975696 -0.082824 1.10677
756.025 204.073 -0.113054 -0.0740493 1.04559
780.143 361.593 0.0901923 -0.099911 1.01804
832.223 43.3185 -0.365336 -0.197008 1.11195
757.023 46.6942 -0.0641683 -0.025337 0.557572
666.348 414.539 0.0945742 0.020039 0.796537
881.897 580.8 0.143873 -0.0909358 0.661844
784.161 273.651 -0.0239279 -0.115648 1.06836
834.627 415.561 0.22837 -0.244246 1.21615
726.745 308.433 -0.0557209 -0.210736 3.58953
592.833 81.2817 -0.0443831 0.0181033 0.519339
766.299 383.313 0.646865 -0.450269 2.46273
712.995 255.124 -0.191556 -0.016197 1.75301
515.344 310.398 0.0245773 0.379334 1.26156
807.595 523.33 0.489344 -0.216124 1.28385
926.376 541.739 0.0212671 -0.0220577 0.333331
531.781 525.571 0.0676753 0.0366607 0.525786
797.789 486.732 0.120333 -0.0615905 0.723437
614.528 632.66 0.0832141 0.0122095 0.496127
573.62 497.641 0.0261663 0.00579873 0.378347
563.345 433.428 0.0880509 0.073354 0.724801
548.615 351.542 0.0257344 0.0392529 0.563615
513.147 524.987 0.0603546 0.03582 0.502102
657.293 379.448 0.0307299 0.00385791 0.531507
689.746 56.8001 -0.0762157 -0.00469088 0.603036
839.706 190.577 -0.0946857 -0.143213 0.924957
764.41 581.454 0.0219965 -0.0106706 0.325283
874.948 191.591 -0.136642 -0.243837 1.07331
745.838 304.37 -0.0393256 -0.319814 2.66455
714.8 142.427 -0.550579 -0.0273727 1.64857
557.733 202.488 -0.0579209 0.0962498 0.801815
783.533 437.207 0.152746 -0.0860077 0.924078
882.791 307.065 0.0260241 -0.434847 1.38161
821.583 399.43 0.120647 -0.131824 0.948656
808.508 529.991 0.493886 -0.21385 1.27141
720.188 298.31 -0.0809696 -0.0629568 2.4914
629.086 66.368 -0.143926 0.0404906 0.782563
723.923 312.752 -0.0950501 -0.330788 5.78015
863.433 109.705 -0.0669519 -0.0763612 0.639303
815.072 355.301 0.0868497 -0.152156 1.04577
783.438 250.528 -0.160445 -0.246443 1.58055
717.86 413.104 0.10394 -0.0177794 0.836718
797.486 394.601 0.780421 -0.750458 2.51391
821.266 398.567 0.472006 -0.545883 1.90157
745.421 374.563 2.18693 -1.01675 4.91463
534.342 388.032 0.104863 0.177608 0.949992
513.51 566.572 0.10457 0.0598719 0.593321
