537.161 496.578 0.232607 0.249704 1.09047
628.69 509.839 0.186866 0.0801934 0.940683
782.84 625.705 0.427954 -0.109535 1.10154
924.878 278.06 -0.0522193 -0.232578 0.909588
599.925 288.584 -0.0793087 0.171821 1.12646
774.022 214.943 -0.147841 -0.0922185 0.990489
685.29 363.343 0.0322462 0.0173874 0.932765
776.03 127.594 -0.244194 -0.0923461 0.962013
753.247 148.772 -0.207758 -0.0619718 0.941532
944.011 348.721 0.0220182 -0.283924 0.968521
720.737 561.211 0.285359 -0.0184051 1.01939
800.25 504.612 0.171177 -0.0964802 0.906597
845.415 607.668 0.338214 -0.171227 1.01108
843.58 426.415 0.155269 -0.22983 1.14961
863.842 443.481 0.140784 -0.202102 1.01076
527.935 341.342 0.00524373 0.242329 1.0441
537.847 262.793 -0.0761668 0.171138 0.91978
511.513 150.323 -0.224201 0.227243 0.968918
523.683 151.457 -0.195715 0.186588 0.917239
559.543 157.907 -0.221823 0.175525 0.983991
519.954 510.666 0.21611 0.232232 1.01243
637.582 592.759 0.27211 0.0710895 0.941154
672.081 574.572 0.280304 0.0393761 0.986152
582.521 446.472 0.145686 0.163148 1.03627
732.119 199.054 -0.156206 -0.0378223 0.95796
815.946 422.182 0.0978699 -0.12282 0.938935
572.522 293.597 -0.0625459 0.189507 1.06329
619.768 442.184 0.116691 0.0904227 0.943843
704.628 180.187 -0.167361 -0.00629428 0.930613
792.003 145.961 -0.206906 -0.104681 0.934778
715.662 73.2871 -0.27891 -0.0201085 0.915895
913.303 237.242 -0.0974105 -0.227484 0.91892
912.913 343.81 0.0160223 -0.258569 0.988736
887.478 176.386 -0.178381 -0.218843 0.952474
721.233 602.025 0.252022 -0.0165319 0.890059
826.082 530.385 0.313296 -0.189296 1.13512
541.722 209.775 -0.145132 0.182904 0.953888
503.165 185.509 -0.212795 0.278429 1.03935
594.76 325.252 -0.0170369 0.162118 1.07772
680.184 113.745 -0.245367 0.0201182 0.934082
611.277 600.836 0.36859 0.135317 1.07423
608.556 451.995 0.119931 0.0957369 0.917511
596.334 376.297 0.0633421 0.177928 1.12996
719.213 395.021 0.0692926 -0.0188743 0.954404
809.888 193.831 -0.178188 -0.141003 0.999883
780.041 59.436 -0.278399 -0.0863018 0.895438
751.981 151.4 -0.211741 -0.0620542 0.95517
716.157 66.0859 -0.269294 -0.0202255 0.891499
753.127 52.1134 -0.254591 -0.0536128 0.85198
952.386 166.071 -0.168244 -0.264955 0.905742
831.368 213.863 -0.124139 -0.141354 0.919734
833.583 194.301 -0.150394 -0.148749 0.932848
893.648 159.573 -0.159955 -0.187437 0.870551
720.398 607.21 0.247012 -0.0154861 0.873833
853.417 607.497 0.417573 -0.221528 1.11842
866.066 445.458 0.138637 -0.198183 0.994593
486.826 346.12 0.0105646 0.206176 0.88906
609.214 227.069 -0.155689 0.133281 1.05189
588.751 324.878 -0.0157069 0.155982 1.03641
639.805 582.237 0.275521 0.0731871 0.965072
670.825 581.237 0.271252 0.037778 0.958593
597.02 635.843 0.337627 0.123315 0.973577
919.545 343.151 0.0150742 -0.255508 0.968607
912.779 281.492 -0.0574852 -0.25029 0.967103
615.029 443.932 0.123247 0.100317 0.962669
583.312 554.349 0.313031 0.179719 1.08683
826.042 168.816 -0.175818 -0.13897 0.925111
858.035 165.85 -0.178828 -0.174212 0.925514
566.653 294.683 -0.0549986 0.179198 1.01897
794.252 66.185 -0.272136 -0.101126 0.897037
508.323 148.03 -0.218381 0.222175 0.952781
725.986 359.394 0.0301715 -0.0275662 0.964674
544.801 212.326 -0.143617 0.181244 0.9582
579.042 74.641 -0.257043 0.116855 0.88428
589.102 254.882 -0.111286 0.15525 1.03386
609.475 223.201 -0.150601 0.123669 1.02108
935.156 227.619 -0.0880169 -0.212192 0.849078
663.255 212.797 -0.11829 0.0347907 0.890894
580.534 285.707 -0.0634192 0.153624 0.999029
835.871 192.737 -0.145941 -0.146037 0.916864
564.51 375.189 0.0268266 0.0546418 0.630646
727.397 184.326 -0.119995 -0.0263947 0.822609
586.467 436.757 0.137061 0.163347 1.05119
602.679 475.951 0.114898 0.0769948 0.820253
838.228 591.478 0.3261 -0.16649 1.02176
907.153 397.844 0.0949522 -0.292411 1.06976
528.54 154.512 -0.20325 0.191795 0.939005
582.027 528.856 0.10611 0.0569171 0.67625
668.001 491.508 0.191876 0.0453369 1.00185
550.216 328.68 -0.0142516 0.243895 1.10984
826.09 169.092 -0.174736 -0.138482 0.923395
880.97 94.864 -0.200117 -0.16124 0.831263
592.009 229.477 -0.112912 0.116085 0.926316
596.111 213.835 -0.137281 0.118135 0.947592
909.221 340.145 0.0116375 -0.26758 1.0132
777.101 184.553 -0.183467 -0.0956669 0.982718
795.838 106.263 -0.269985 -0.116766 0.961495
634.367 422.159 0.138218 0.116891 1.13326
773.221 432.287 0.112914 -0.0796652 0.961037
586.905 324.653 -0.0156131 0.155331 1.02761
703.469 179.424 -0.163258 -0.00521536 0.918963
717.679 36.9041 -0.240785 -0.0201289 0.813014
917.729 155.574 -0.150735 -0.196092 0.842064
593.273 100.075 -0.279504 0.125755 0.959544
734.111 149.249 -0.179377 -0.036499 0.885596
522.553 505.656 0.211794 0.231118 1.01637
596.344 213.407 -0.137741 0.117841 0.947498
657.732 206.586 -0.109593 0.0345911 0.846037
798.251 94.0094 -0.25875 -0.110421 0.922272
601.431 324.505 -0.0204062 0.169149 1.127
769.296 369.283 0.0357834 -0.0636899 0.867685
771.935 607.672 0.349401 -0.083177 1.02942
578.955 380.526 0.0562011 0.159115 1.01096
571.408 595.511 0.332235 0.174895 1.03305
899.1 529.405 0.187051 -0.18399 0.884988
785.232 462.871 0.192245 -0.11844 1.09474
719.667 584.905 0.257647 -0.0157049 0.927265
587.136 256.074 -0.133564 0.19322 1.12617
795.143 98.2343 -0.258136 -0.108359 0.928623
788.194 159.322 -0.159208 -0.0858158 0.865257
563.403 326.422 -0.0201449 0.251631 1.16956
704.907 189.016 -0.177038 -0.00581272 0.97797
551.363 280.603 -0.0468796 0.131849 0.856188
824.815 483.967 0.156548 -0.125231 0.920609
607.036 415.475 0.108924 0.13535 1.05181
596.955 214.848 -0.134457 0.115721 0.942804
508.913 153.124 -0.215392 0.224651 0.958729
496.723 532.599 0.196587 0.20729 0.915552
869.086 446.397 0.133727 -0.192981 0.97303
520.314 157.913 -0.231534 0.23377 1.00112
509.219 150.282 -0.218982 0.224511 0.959012
850.273 174.464 -0.189741 -0.182834 0.971185
612.901 222.176 -0.153727 0.12056 1.02626
714.028 21.6236 -0.236648 -0.0168662 0.789769
647.809 141.517 -0.23094 0.0618678 0.965328
693.462 343.674 0.0115486 0.0105931 0.978503
822.919 489.923 0.15844 -0.120124 0.909398
670.764 220.266 -0.127039 0.0326556 0.942695
593.369 466.434 0.162432 0.139333 1.0084
683.41 365.298 0.0319734 0.0163345 0.889231
774.522 435.383 0.112643 -0.07862 0.945457
706.27 192.944 -0.182683 -0.00712601 1.00334
823.117 431.252 0.0956207 -0.115467 0.88401
589.846 289.137 -0.0682255 0.1635 1.06056
676.116 452.141 0.112059 0.0235655 0.881807
721.392 609.68 0.242324 -0.0161831 0.86223
487.291 339.439 0.00395368 0.211404 0.899232
555.122 98.4567 -0.254203 0.153783 0.917732
893.352 560.269 0.17537 -0.144795 0.80208
802.052 436.1 0.106157 -0.101476 0.912403
516.808 339.588 0.00309315 0.233057 0.999445
678.496 104.384 -0.234369 0.0191528 0.899353
915.04 408.89 0.0484172 -0.115111 0.675434
618.046 395.073 0.0663127 0.0926531 0.945387
681.911 365.449 0.0308532 0.0159927 0.86395
713.144 356.462 0.0262983 -0.0127229 0.957635
923.588 247.35 -0.105426 -0.282647 0.996636
644.463 448.239 0.115131 0.0579516 0.910906
540.75 328.474 -0.0125584 0.229861 1.05389
545.858 440.89 0.120616 0.182454 0.97101
660.384 507.838 0.182357 0.0452937 0.933179
885.571 457.337 0.12521 -0.180354 0.900338
939.353 403.003 0.0797344 -0.258031 0.939437
647.732 445.898 0.120557 0.0596292 0.941513
689.906 358.588 0.031027 0.0175206 1.01769
567.156 261.963 -0.183966 0.340131 1.34692
585.215 379.181 0.0586984 0.165378 1.05041
663.513 613.9 0.244654 0.034248 0.861769
564.828 262.967 -0.165783 0.314175 1.29099
641.3 396.705 0.0740313 0.0745169 0.984978
633.411 503.004 0.190857 0.0807539 0.96819
513.794 197.961 -0.186322 0.251676 1.01956
640.781 499.456 0.110849 0.0359572 0.746072
537.699 494.238 0.229493 0.249211 1.09094
930.183 229.889 -0.0920241 -0.21962 0.871599
883.535 458.417 0.127939 -0.180824 0.906467
564.239 602.288 0.310852 0.16656 0.989051
803.588 513.146 0.167102 -0.0930432 0.875663
634.55 603.379 0.259766 0.0670666 0.903564
844.194 181.643 -0.135403 -0.136249 0.86081
602.95 232.623 -0.13567 0.130142 1.01395
659.271 510.018 0.180636 0.0451702 0.923472
758.234 121.882 -0.182389 -0.0554384 0.840475
757.633 127.267 -0.18709 -0.0570103 0.858829
572.299 387.567 0.0607634 0.154147 0.975816
840.36 559.452 0.290687 -0.172536 1.02739
820.736 174.842 -0.160606 -0.127161 0.905206
763.443 303.081 -0.0537926 -0.100384 1.14889
639.531 115.601 -0.20591 0.0542625 0.869855
764.822 302.6 -0.0491107 -0.0945968 1.09915
549.546 295.332 -0.0442127 0.167193 0.940816
714.265 416.286 0.108737 -0.0130713 1.03427
718.942 46.6447 -0.314283 -0.0243652 0.922632
849.74 493.803 0.214316 -0.192359 1.03952
712.358 364.685 0.0350071 -0.0116863 0.948034
581.671 343.352 0.00907623 0.137816 0.95964
955.901 407.003 0.091457 -0.3012 0.979502
943.54 274.421 -0.0596953 -0.26657 0.933736
499.312 291.945 -0.049965 0.227297 0.949114
615.1 444.635 0.125309 0.101492 0.967594
768.203 384.012 0.0614257 -0.0787973 0.984927
811.189 376.276 0.0496283 -0.121766 0.949004
852.85 603.143 0.29253 -0.159476 0.950158
802.89 507.238 0.166967 -0.0953471 0.889144
599.182 419.106 0.0784971 0.0925153 0.870261
646.613 445.821 0.119997 0.0605364 0.939717
844.732 419.664 0.0456347 -0.0630372 0.606829
531.707 336.048 -0.0024316 0.251007 1.07003
716.695 500.376 0.190426 -0.0142634 0.970208
712.223 409.277 0.0831066 -0.0107879 0.94373
794.448 488.155 0.178441 -0.103941 0.970381
785.391 362.368 0.0323341 -0.0882321 0.921463
670.712 587.922 0.267594 0.0359825 0.940712
527.683 503.506 0.218961 0.236111 1.03879
946.622 236.025 -0.0960703 -0.258165 0.910856
541.064 461.606 0.0645658 0.0657239 0.633702
942.113 459.706 0.144354 -0.266304 0.953976
951.621 525.396 0.218584 -0.277406 0.961196
815.597 178.003 -0.168231 -0.12886 0.930888
628.456 414.282 0.0629259 0.0511958 0.791452
576.031 592.664 0.344219 0.177666 1.05593
645.592 564.206 0.287286 0.0765081 1.01945
513.149 173.639 -0.388561 0.454823 1.31691
644.458 133.339 -0.222574 0.0600984 0.932843
724.859 30.195 -0.315376 -0.0302229 0.901268
640.412 607.989 0.514621 0.133816 1.24435
746.097 287.788 -0.144373 -0.115242 1.50721
637.417 399.435 0.213465 0.250836 1.60439
595.507 378.434 0.0591471 0.155119 1.06216
657.299 516.633 0.180605 0.0450518 0.907535
722.247 291.286 -0.126178 -0.0398897 1.46018
484.236 187.568 -0.208897 0.302951 1.03652
804.503 87.946 -0.273535 -0.120556 0.933997
632.223 114.104 -0.576465 0.189622 1.36514
863.466 628.745 0.395432 -0.208842 1.05298
947.01 409.722 0.0873162 -0.266872 0.9409
785.337 639.253 0.475365 -0.11911 1.13474
718.351 397.842 0.0704201 -0.0176577 0.940438
733.404 191.688 -0.144842 -0.0363056 0.90713
905.475 242.088 -0.0991432 -0.232647 0.945751
633.547 531.56 0.203625 0.0725622 0.928085
779.081 71.8435 -0.291635 -0.0920126 0.932413
611.395 448.319 0.122865 0.0993275 0.94308
717.511 68.3728 -0.467446 -0.0281253 1.13756
909.08 193.233 -0.206187 -0.309844 1.06792
785.839 440.577 0.105468 -0.0812903 0.891796
808.786 601.669 0.531332 -0.196063 1.26972
509.93 133.063 -0.372203 0.351246 1.16352
587.735 284.986 -0.0687848 0.154493 1.02735
748.754 284.801 -0.15823 -0.127051 1.52961
734.621 282.731 -0.169929 -0.0838978 1.54935
831.891 360.385 0.0301642 -0.131476 0.902694
617.041 446.282 0.11727 0.0898387 0.929149
685.103 364.03 0.0334509 0.0182155 0.941655
627.862 411.335 0.0718904 0.0662528 0.869927
705.896 185.497 -0.175351 -0.00725327 0.963842
809.254 108.706 -0.227841 -0.115809 0.899112
719.606 110.089 -0.229974 -0.02331 0.90307
748.604 78.1761 -0.280855 -0.0568757 0.927073
934.035 153.968 -0.186476 -0.252632 0.916255
895.15 260.777 -0.118534 -0.318049 1.12752
953.566 349.386 0.0220145 -0.274312 0.935614
823.535 234.289 -0.143877 -0.177279 1.06187
835.802 192.79 -0.147306 -0.147182 0.920564
834.446 286.6 -0.0578019 -0.168947 1.0016
779.084 617.032 0.344305 -0.0882708 1.00642
720.339 602.81 0.254749 -0.0157223 0.893504
851.818 623.499 0.325508 -0.163388 0.967537
925.681 400.335 0.0847664 -0.271378 0.989826
860.483 446.484 0.138173 -0.189137 0.989082
533.269 241.905 -0.155732 0.277406 1.11708
524.921 341.247 0.00511447 0.239707 1.03151
517.276 334.269 -0.00238519 0.210604 0.957546
495.447 347.432 0.0139331 0.335866 1.1195
513.762 152.656 -0.226523 0.22988 0.978756
523.587 109.158 -0.342556 0.267088 1.06561
625.096 183.485 -0.191029 0.0952521 0.99074
577.522 220.592 -0.137004 0.147075 0.969367
563.562 170.371 -0.179461 0.148046 0.928217
492.547 548.393 0.20344 0.201918 0.897876
636.066 596.587 0.270458 0.0709608 0.932113
672.151 574.756 0.282771 0.0397233 0.989956
694.73 637.37 0.473612 0.023141 1.1391
575.626 582.405 0.329025 0.177178 1.05293
614.546 594.059 0.378031 0.138254 1.10021
577.81 439.422 0.127903 0.157425 1.004
