536.273 495.841 0.234999 0.249806 1.09032
627.79 508.592 0.189259 0.0802953 0.940535
782.105 625.03 0.430347 -0.109433 1.10139
923.85 276.781 -0.0498267 -0.232477 0.90944
599.271 287.836 -0.0769161 0.171923 1.12631
773.249 213.987 -0.145448 -0.0921166 0.990341
684.467 362.031 0.0346388 0.0174893 0.932617
775.241 126.679 -0.241801 -0.0922442 0.961865
752.46 147.727 -0.205366 -0.0618699 0.941384
943.029 347.596 0.0244108 -0.283822 0.968373
719.93 560.264 0.287752 -0.0183032 1.01925
799.349 503.171 0.173569 -0.0963783 0.906449
844.608 606.669 0.340607 -0.171125 1.01093
842.862 425.713 0.157661 -0.229728 1.14946
863.009 442.432 0.143177 -0.202 1.01061
527.145 340.378 0.00763631 0.24243 1.04395
537.039 261.422 -0.0737742 0.17124 0.919632
510.827 149.2 -0.221808 0.227345 0.96877
522.955 150.147 -0.193322 0.18669 0.917091
558.875 156.861 -0.21943 0.175626 0.983843
518.993 509.719 0.218503 0.232334 1.01229
636.647 591.582 0.274503 0.0711914 0.941006
671.217 573.543 0.282696 0.039478 0.986004
581.694 445.531 0.148078 0.16325 1.03612
731.355 197.983 -0.153813 -0.0377204 0.957812
815.078 420.887 0.100263 -0.122718 0.938787
571.814 292.696 -0.0601533 0.189609 1.06314
618.902 440.917 0.119083 0.0905246 0.943695
703.862 179.019 -0.164969 -0.00619242 0.930465
791.168 144.922 -0.204514 -0.104579 0.93463
714.906 72.2408 -0.276517 -0.0200067 0.915747
912.292 236.059 -0.0950179 -0.227382 0.918772
911.99 342.753 0.0184149 -0.258467 0.988588
886.525 175.426 -0.175989 -0.218741 0.952326
720.294 600.572 0.254415 -0.0164301 0.889911
825.373 529.68 0.315688 -0.189194 1.13497
540.986 208.569 -0.142739 0.183006 0.95374
502.495 184.561 -0.210403 0.278531 1.03921
594.05 324.388 -0.0146443 0.16222 1.07757
679.462 112.672 -0.242974 0.0202201 0.933934
610.403 600.161 0.370983 0.135419 1.07408
607.655 450.62 0.122324 0.0958388 0.917363
595.62 375.555 0.0657347 0.17803 1.12981
718.398 393.79 0.0716852 -0.0187724 0.954256
809.086 192.957 -0.175795 -0.140902 0.999735
779.192 58.3851 -0.276007 -0.0862 0.89529
751.208 150.402 -0.209349 -0.0619523 0.955022
715.378 64.9436 -0.266902 -0.0201237 0.891351
752.266 50.829 -0.252199 -0.0535109 0.851832
951.274 164.981 -0.165852 -0.264854 0.905594
830.469 212.677 -0.121747 -0.141252 0.919586
832.693 193.201 -0.148002 -0.148647 0.9327
892.607 158.285 -0.157562 -0.187335 0.870403
719.439 605.673 0.249405 -0.0153843 0.873685
852.697 606.798 0.419965 -0.221426 1.11827
865.217 444.356 0.141029 -0.198082 0.994445
485.889 344.581 0.0129572 0.206278 0.888912
608.556 226.187 -0.153297 0.133383 1.05174
588.011 323.906 -0.0133143 0.156084 1.03626
638.896 581.149 0.277914 0.0732889 0.964924
669.935 580.108 0.273645 0.0378799 0.958445
596.044 634.88 0.340019 0.123417 0.973429
918.596 342.027 0.0174667 -0.255406 0.968459
911.822 280.432 -0.0550927 -0.250188 0.966955
614.175 442.74 0.12564 0.100418 0.962521
582.44 553.657 0.315424 0.179821 1.08668
825.154 167.721 -0.173425 -0.138868 0.924963
857.103 164.783 -0.176436 -0.17411 0.925366
565.912 293.66 -0.052606 0.1793 1.01882
793.385 65.1402 -0.269743 -0.101024 0.896889
507.625 146.85 -0.215989 0.222277 0.952633
725.189 358.212 0.0325641 -0.0274643 0.964526
544.067 211.136 -0.141224 0.181346 0.958052
578.337 73.3261 -0.254651 0.116957 0.884132
588.408 253.925 -0.108893 0.155352 1.03372
608.796 222.239 -0.148208 0.12377 1.02093
934.038 226.117 -0.0856243 -0.212091 0.84893
662.456 211.394 -0.115897 0.0348925 0.890746
579.791 284.631 -0.0610266 0.153726 0.998881
834.963 191.574 -0.143548 -0.145935 0.916716
563.234 371.24 0.0292192 0.0547436 0.630498
726.492 182.621 -0.117602 -0.0262928 0.822461
585.659 435.852 0.139454 0.163449 1.05104
601.663 474.047 0.117291 0.0770967 0.820105
837.431 590.506 0.328493 -0.166388 1.02161
906.314 396.975 0.0973448 -0.29231 1.06961
527.831 153.289 -0.200857 0.191897 0.938857
580.763 525.574 0.108502 0.057019 0.676102
667.182 490.471 0.194269 0.0454387 1.0017
549.492 327.879 -0.011859 0.243997 1.10969
825.201 167.99 -0.172343 -0.13838 0.923247
879.898 93.4757 -0.197724 -0.161138 0.831115
591.246 228.177 -0.11052 0.116187 0.926168
595.376 212.633 -0.134889 0.118237 0.947444
908.321 339.167 0.01403 -0.267479 1.01306
776.322 183.616 -0.181075 -0.095565 0.98257
795.026 105.404 -0.267593 -0.116664 0.961347
633.652 421.442 0.140611 0.116993 1.13311
772.393 431.077 0.115307 -0.0795633 0.960889
586.158 323.655 -0.0132205 0.155433 1.02746
702.693 178.209 -0.160866 -0.00511349 0.918815
716.812 35.381 -0.238393 -0.020027 0.812866
916.616 154.152 -0.148343 -0.19599 0.841916
592.623 99.045 -0.277111 0.125857 0.959396
733.285 147.946 -0.176985 -0.0363972 0.885448
521.602 504.716 0.214187 0.23122 1.01622
595.61 212.205 -0.135348 0.117943 0.94735
656.886 204.954 -0.1072 0.0346929 0.845889
797.401 93.0223 -0.256358 -0.110319 0.922124
600.754 323.753 -0.0180136 0.169251 1.12685
768.381 367.677 0.0381759 -0.063588 0.867537
771.143 606.775 0.351793 -0.0830751 1.02927
578.154 379.481 0.0585937 0.159216 1.01081
570.462 594.723 0.334628 0.174997 1.0329
898.126 527.837 0.189444 -0.183888 0.88484
784.506 462.061 0.194638 -0.118338 1.09459
718.771 583.622 0.260039 -0.0156031 0.927117
586.5 255.333 -0.131171 0.193322 1.12602
794.303 97.2626 -0.255743 -0.108257 0.928475
787.291 157.937 -0.156816 -0.0857139 0.865109
562.722 325.742 -0.0177523 0.251733 1.16941
704.182 188.012 -0.174645 -0.00571085 0.977822
550.486 278.925 -0.044487 0.131951 0.85604
823.922 482.585 0.15894 -0.125129 0.920461
606.258 414.56 0.111316 0.135452 1.05166
596.216 213.627 -0.132064 0.115822 0.942656
508.216 151.961 -0.213 0.224753 0.958581
495.656 531.293 0.19898 0.207392 0.915404
868.216 445.222 0.136119 -0.192879 0.972882
519.65 156.892 -0.229142 0.233872 1.00097
508.524 149.123 -0.21659 0.224613 0.958864
849.393 173.552 -0.187349 -0.182732 0.971037
612.226 221.231 -0.151335 0.120662 1.02611
713.137 19.967 -0.234256 -0.0167643 0.789621
647.122 140.493 -0.228548 0.0619697 0.96518
692.688 342.541 0.0139412 0.010695 0.978355
822.015 488.49 0.160832 -0.120023 0.90925
670.011 219.08 -0.124646 0.0327574 0.942547
592.52 465.417 0.164824 0.139435 1.00825
682.542 363.791 0.034366 0.0164364 0.889083
773.678 434.113 0.115036 -0.0785181 0.945309
705.565 192.017 -0.18029 -0.00702414 1.00319
822.185 429.707 0.0980133 -0.115365 0.883862
589.147 288.236 -0.0658329 0.163602 1.06041
675.206 450.589 0.114451 0.0236674 0.881659
720.419 608.078 0.244717 -0.0160813 0.862082
486.368 337.948 0.00634626 0.211506 0.899084
554.439 97.2355 -0.25181 0.153885 0.917584
892.275 558.195 0.177763 -0.144693 0.801932
801.163 434.689 0.108549 -0.101374 0.912255
515.982 338.49 0.00548574 0.233159 0.999297
677.743 103.177 -0.231977 0.0192547 0.899205
913.703 405.643 0.0508097 -0.115009 0.675286
617.207 393.802 0.0687053 0.0927549 0.945239
681.015 363.812 0.0332458 0.0160945 0.863802
712.344 355.254 0.0286909 -0.012621 0.957487
922.627 246.444 -0.103033 -0.282545 0.996488
643.575 446.83 0.117524 0.0580535 0.910758
539.987 327.538 -0.0101658 0.229963 1.05374
544.958 439.734 0.123008 0.182556 0.970862
659.497 506.549 0.18475 0.0453956 0.933031
884.616 455.86 0.127603 -0.180252 0.90019
938.37 401.721 0.082127 -0.257929 0.939289
646.875 444.62 0.122949 0.0597311 0.941365
689.158 357.576 0.0334196 0.0176224 1.01754
566.607 261.531 -0.181574 0.340233 1.34677
584.445 378.25 0.0610909 0.16548 1.05027
662.51 612.324 0.247047 0.0343498 0.861621
564.255 262.471 -0.163391 0.314277 1.29084
640.501 395.582 0.0764239 0.0746188 0.98483
632.541 501.861 0.193249 0.0808558 0.968042
513.104 196.958 -0.18393 0.251778 1.01941
639.67 496.959 0.113241 0.0360591 0.745924
536.814 493.499 0.231886 0.249313 1.09079
929.097 228.503 -0.0896315 -0.219518 0.871451
882.587 456.968 0.130332 -0.180722 0.906319
563.253 601.356 0.313244 0.166662 0.988903
802.651 511.552 0.169494 -0.0929413 0.875515
633.574 602.036 0.262159 0.0671685 0.903416
843.216 180.233 -0.13301 -0.136147 0.860662
602.26 231.63 -0.133277 0.130244 1.0138
658.374 508.688 0.183028 0.0452721 0.923324
757.339 120.402 -0.179996 -0.0553365 0.840327
756.759 125.881 -0.184698 -0.0569084 0.858681
571.464 386.406 0.063156 0.154249 0.975668
839.566 558.478 0.29308 -0.172434 1.02725
819.835 173.647 -0.158214 -0.127059 0.905058
762.78 302.424 -0.0514 -0.100282 1.14874
638.764 114.203 -0.203517 0.0543644 0.869707
764.126 301.841 -0.0467181 -0.094495 1.099
548.737 294.039 -0.0418201 0.167295 0.940668
713.511 415.319 0.11113 -0.0129695 1.03412
718.198 45.6844 -0.31189 -0.0242633 0.922484
848.947 492.839 0.216709 -0.192258 1.03937
711.547 363.437 0.0373997 -0.0115844 0.947886
580.859 342.131 0.0114688 0.137918 0.959492
954.932 405.866 0.0938496 -0.301099 0.979354
942.504 273.256 -0.0573027 -0.266469 0.933588
498.479 290.668 -0.0475725 0.227399 0.948966
614.25 443.462 0.127701 0.101594 0.967446
767.405 382.897 0.0638183 -0.0786954 0.984779
810.335 375.039 0.0520209 -0.121664 0.948856
851.981 601.911 0.294923 -0.159374 0.95001
781.875 639.32 0.326184 -0.0813303 0.942239
801.969 505.713 0.16936 -0.0952452 0.888996
598.251 417.491 0.0808896 0.0926172 0.870113
645.755 444.537 0.122389 0.0606383 0.939569
843.286 415.287 0.0480273 -0.0629353 0.606681
530.939 335.151 -3.9015e-05 0.251109 1.06988
715.863 499.22 0.192818 -0.0141615 0.97006
711.393 408.003 0.0854992 -0.010686 0.943582
793.616 486.979 0.180834 -0.10384 0.970233
784.527 361.024 0.0347267 -0.0881302 0.921315
669.803 586.723 0.269987 0.0360844 0.940564
526.752 502.633 0.221353 0.236213 1.03865
945.548 234.825 -0.0936777 -0.258063 0.910708
539.74 457.677 0.0669584 0.0658258 0.633554
941.158 458.449 0.146746 -0.266202 0.953828
950.685 524.148 0.220977 -0.277305 0.961048
814.728 176.91 -0.165839 -0.128758 0.93074
627.446 412.168 0.0653185 0.0512976 0.791304
575.105 591.943 0.346612 0.177768 1.05578
644.738 563.295 0.289678 0.07661 1.0193
850.106 599.797 0.298274 -0.160338 0.958752
676.006 414.577 0.0906835 0.0274742 0.936613
646.642 444.704 0.12351 0.0603001 0.943252
845.826 609.416 0.337306 -0.16934 1.00156
673.016 565.595 0.287389 0.0398875 1.00955
808.231 477.766 0.14492 -0.102839 0.892896
591.337 325.055 -0.00432859 0.104725 0.889519
659.479 526.771 0.178718 0.0375539 0.870813
713.199 566.533 0.133187 -0.0101856 0.68491
628.977 507.654 0.187577 0.0786421 0.938709
663.457 404.416 0.0891242 0.0485016 0.995638
907.454 309.676 -0.0230565 -0.260108 0.998221
625.447 514.115 0.174701 0.0721549 0.890467
512.636 173.184 -0.386169 0.454924 1.31676
643.746 132.203 -0.220181 0.0602003 0.932695
724.091 29.1814 -0.312984 -0.0301211 0.90112
639.652 607.704 0.517013 0.133918 1.2442
745.61 287.56 -0.14198 -0.11514 1.50706
636.895 399.258 0.215857 0.250938 1.60425
594.752 377.535 0.0615397 0.155221 1.06201
656.382 515.233 0.182997 0.0451537 0.907387
721.755 291.011 -0.123785 -0.0397878 1.46003
483.549 186.599 -0.206504 0.303053 1.03637
803.655 87.0259 -0.271142 -0.120454 0.933849
631.81 113.887 -0.574072 0.189724 1.365
862.695 627.885 0.397824 -0.20874 1.05284
946.02 408.441 0.0897088 -0.26677 0.940752
784.626 638.677 0.477758 -0.119008 1.13459
717.521 396.557 0.0728127 -0.0175559 0.94029
732.591 190.424 -0.142449 -0.0362038 0.906982
904.501 241.002 -0.0967506 -0.232545 0.945603
632.628 530.271 0.206018 0.0726641 0.927937
778.268 70.9282 -0.289243 -0.0919107 0.932265
610.521 447.051 0.125258 0.0994294 0.942932
716.932 68.0039 -0.465054 -0.0280234 1.13742
908.173 192.615 -0.203794 -0.309743 1.06777
784.933 439.07 0.10786 -0.0811884 0.891648
808.165 601.29 0.533724 -0.195961 1.26957
509.387 132.43 -0.369811 0.351348 1.16337
587.016 283.997 -0.0663922 0.154594 1.0272
748.274 284.591 -0.155837 -0.126949 1.52946
734.156 282.53 -0.167536 -0.0837959 1.5492
830.975 358.967 0.0325568 -0.131374 0.902546
616.159 444.956 0.119663 0.0899406 0.929001
684.288 362.753 0.0358435 0.0183174 0.941507
626.946 409.718 0.074283 0.0663546 0.869779
705.159 184.449 -0.172958 -0.0071514 0.963694
808.365 107.595 -0.225448 -0.115707 0.898964
718.822 108.922 -0.227582 -0.0232082 0.902922
747.823 77.1975 -0.278463 -0.0567738 0.926925
932.963 152.937 -0.184083 -0.25253 0.916107
894.322 260.173 -0.116141 -0.317947 1.12737
952.541 348.138 0.024407 -0.27421 0.935466
822.763 233.538 -0.141485 -0.177177 1.06172
834.898 191.642 -0.144913 -0.14708 0.920416
833.618 285.621 -0.0554093 -0.168846 1.00145
778.273 616.063 0.346697 -0.0881689 1.00627
719.403 601.376 0.257141 -0.0156204 0.893356
850.969 622.35 0.3279 -0.163286 0.967389
924.758 399.236 0.087159 -0.271276 0.989678
859.634 445.364 0.140566 -0.189035 0.988934
532.611 241.124 -0.153339 0.277508 1.11694
524.121 340.248 0.00750705 0.239809 1.03136
516.427 333.027 7.3947e-06 0.210706 0.957398
494.653 346.646 0.0163257 0.335968 1.11935
513.083 151.564 -0.224131 0.229981 0.978608
523.014 108.366 -0.340163 0.26719 1.06546
624.416 182.478 -0.188637 0.0953539 0.990592
576.8 219.453 -0.134612 0.147177 0.969219
562.837 169.114 -0.177069 0.148147 0.928069
491.449 547.017 0.205833 0.20202 0.897728
635.12 595.373 0.27285 0.0710626 0.931965
671.29 573.741 0.285164 0.0398252 0.989808
693.964 636.871 0.476005 0.0232429 1.13895
574.706 581.658 0.331418 0.17728 1.05279
613.693 593.445 0.380424 0.138356 1.10006
576.962 438.376 0.130295 0.157527 1.00385
