788.38 480.673 0.24055 -0.110036 1.00811
843.297 214.78 -0.161889 -0.291139 1.28739
751.143 394.053 1.23255 -0.529283 3.17186
777.228 423.908 0.161096 -0.0919845 0.985002
812.279 215.554 -0.117858 -0.177624 1.13993
524.659 308.004 0.0249655 0.396279 1.32078
895.099 90.723 -0.186987 -0.197677 0.923223
684.592 53.2355 -0.0633891 -0.00483395 0.567293
947.03 139.124 -0.135608 -0.24258 0.910874
874.49 438.597 0.320987 -0.375958 1.30725
482.141 208.273 -0.140709 0.363184 1.16812
731.995 49.3256 -0.0568012 -0.0182762 0.542552
832.216 580.04 0.160998 -0.0761111 0.694004
800.857 229.185 -0.128583 -0.197668 1.27056
783.979 464.561 0.255126 -0.120061 1.08226
715.874 486.913 0.0624084 -0.0128108 0.53826
556.671 13.0708 -0.0405983 0.0156814 0.458267
863.475 430.308 0.346496 -0.404676 1.39938
711.091 354.505 0.0741714 -0.0149021 0.952821
730.473 322.059 0.326975 -0.535445 5.15954
646.957 141.952 -0.0433078 0.00950737 0.599715
720.217 311.587 -0.0332347 -0.123881 4.5313
727.741 338.283 0.130203 -0.0666536 1.59574
686.143 51.1171 -0.0772725 -0.00452423 0.607061
774.054 373.501 0.0682048 -0.0594733 0.797899
768.578 155.539 -0.0908642 -0.0583269 0.815483
769.172 352.776 0.104703 -0.114355 1.17089
819.11 72.0779 -0.403643 -0.218484 1.23161
755.256 29.6659 -0.0633368 -0.0249675 0.546527
663.921 411.022 0.0939935 0.0198351 0.795932
804.032 451.387 0.236471 -0.149731 1.0834
782.83 271.068 -0.0242853 -0.116043 1.07153
870.325 444.956 0.179175 -0.193001 0.963663
726.739 307.125 -0.052907 -0.201191 3.43098
612.213 114.686 -0.050127 0.0202297 0.588678
765.348 381.142 0.644934 -0.453232 2.47828
711.653 247.396 -0.180826 -0.0151051 1.6346
540.791 530.612 0.107328 0.0580271 0.631648
518.51 308.014 0.0248716 0.386763 1.28771
586.539 331.143 0.0887895 0.327183 1.45396
844.417 447.071 0.026529 -0.0266635 0.407815
787.822 465.86 0.129577 -0.0665589 0.781549
631.418 563.341 0.0962768 0.0140154 0.57177
580.062 467.84 0.027437 0.00610013 0.400236
565.883 424.699 0.0898415 0.0752245 0.74477
493.801 353.441 0.0204292 0.0333813 0.483511
551.494 476.274 0.0704637 0.0413917 0.581721
949.804 123.858 -0.10207 -0.177115 0.783745
671.746 356.536 0.038484 0.00439989 0.654403
827.195 199.358 -0.103515 -0.15604 1.00533
737.886 456.151 0.0306521 -0.0138489 0.425162
871.5 191.055 -0.138828 -0.247469 1.0896
747.927 301.789 -0.0361455 -0.292078 2.43841
714.617 150.7 -0.581177 -0.0290411 1.74163
551.966 195.556 -0.0575292 0.094658 0.790966
784.35 439.574 0.147217 -0.0831661 0.893982
933.741 301.048 0.0190923 -0.34493 1.09607
533.018 327.832 0.0275991 0.0779545 0.695343
846.866 418.186 0.0991276 -0.109869 0.790246
826.921 575.57 0.414358 -0.180251 1.07121
719.738 297.829 -0.0829351 -0.0647301 2.55782
626.444 59.6056 -0.143733 0.040151 0.780288
723.731 312.32 -0.0944285 -0.331468 5.79221
868.826 93.1008 -0.0652836 -0.0739547 0.618665
813.15 352.646 0.0874758 -0.153698 1.05392
803.14 226.143 -0.127262 -0.193728 1.24323
714.479 435.133 0.0857476 -0.0150284 0.701562
785.766 382.884 0.900943 -0.86667 2.90161
807.727 387.483 0.534049 -0.61666 2.14752
531.78 384.927 0.104282 0.177079 0.94897
520.276 325.531 0.0307238 0.111912 0.772993
553.432 508.341 0.123155 0.0705385 0.699217
