535.541 490.225 0.227722 0.249906 1.09655
624.311 505.822 0.179925 0.078814 0.93543
779.722 623.184 0.416858 -0.108732 1.0881
923.348 273.17 -0.0576911 -0.23254 0.90662
595.809 283.14 -0.0838784 0.168425 1.11554
774.868 202.525 -0.145378 -0.0889453 0.944157
681.506 358.778 0.0263765 0.0162936 0.926529
773.724 121.975 -0.25058 -0.0935255 0.965576
750.46 144.124 -0.214957 -0.0632473 0.948628
933.455 343.741 0.0161282 -0.292963 0.99757
717.312 556.491 0.278346 -0.0193069 1.01573
796.316 499.588 0.165167 -0.0973324 0.906641
841.765 603.019 0.330548 -0.17112 1.0061
839.705 421.063 0.150346 -0.23236 1.15833
860.486 438.595 0.13499 -0.203435 1.01227
520.904 336.48 -0.000255639 0.238132 1.03021
531.31 256.322 -0.0809464 0.168389 0.911539
507.533 143.861 -0.230307 0.226355 0.971598
524.604 149.775 -0.20656 0.189971 0.939819
555.119 150.838 -0.226967 0.174026 0.982749
509.445 511.559 0.204797 0.224793 0.984213
633.833 587.689 0.265313 0.0696966 0.938595
670.53 559.591 0.28228 0.0397326 1.01782
579.19 441.615 0.139646 0.161896 1.03544
729.561 192.654 -0.161073 -0.0387227 0.954223
812.914 417.935 0.0917025 -0.123161 0.935579
566.915 287.915 -0.067155 0.185972 1.05047
615.46 437.948 0.110264 0.088892 0.938861
702.217 178.409 -0.177318 -0.00747361 0.952437
789.906 139.605 -0.212257 -0.105464 0.934339
712.922 64.4993 -0.283235 -0.0210292 0.912859
906.854 234.485 -0.105376 -0.232442 0.936509
904.184 338.976 0.00996041 -0.266281 1.0158
884.289 172.324 -0.185539 -0.221203 0.960085
717.075 595.655 0.246202 -0.0174999 0.891375
820.731 521.27 0.311734 -0.193011 1.15301
534.695 201.89 -0.148927 0.17989 0.943535
509.764 186.516 -0.228747 0.289697 1.08592
591.725 320.364 -0.022834 0.161525 1.07986
676.985 106.064 -0.250225 0.0190345 0.932191
608.006 595.437 0.361463 0.133977 1.07116
604.574 447.122 0.1139 0.0946685 0.916819
594.992 371.025 0.0580522 0.178993 1.14272
716.164 390.222 0.063488 -0.0201197 0.95535
807.516 188.974 -0.184453 -0.142297 1.0037
778.251 51.4213 -0.283498 -0.0873251 0.89474
749.396 146.955 -0.219138 -0.0635801 0.963138
713.44 58.4495 -0.274924 -0.0213199 0.892229
749.515 51.3346 -0.265682 -0.0553736 0.869654
950.176 161.151 -0.174357 -0.266284 0.908442
829.24 208.298 -0.129525 -0.141906 0.918416
830.411 190.143 -0.157413 -0.150786 0.940587
885.243 160.344 -0.171092 -0.193666 0.89762
716.037 603.635 0.239442 -0.0162928 0.868104
853.009 608.811 0.402391 -0.217352 1.09235
860.227 438.848 0.134259 -0.201616 1.00861
485.731 340.548 0.00447491 0.207817 0.900809
605.294 221.04 -0.160655 0.131945 1.04856
584.021 319.845 -0.0210856 0.153566 1.02792
637.649 572.844 0.272271 0.0728457 0.976284
667.117 575.732 0.264862 0.0367838 0.957519
594.921 626.722 0.33354 0.122951 0.980281
911.653 338.477 0.00911624 -0.261575 0.989745
909.09 277.24 -0.0637128 -0.252399 0.973033
610.221 440.257 0.116491 0.0984531 0.954102
581.984 546.248 0.309329 0.180203 1.09626
824.866 161.526 -0.179884 -0.138716 0.918486
849.646 168.643 -0.193102 -0.182873 0.966088
566.803 290.31 -0.062288 0.181488 1.03948
790.157 66.8021 -0.284952 -0.104515 0.919836
507.992 144.802 -0.228031 0.224634 0.969514
722.889 354.052 0.0243313 -0.0290246 0.979533
543.948 208.568 -0.152169 0.18337 0.974657
572.519 62.952 -0.259439 0.114425 0.874907
587.194 250.317 -0.118175 0.155493 1.04385
606.493 218.204 -0.157309 0.123804 1.02735
930.277 223.933 -0.0947232 -0.214841 0.857389
783.218 636.778 0.40661 -0.106838 1.05338
660.91 209.166 -0.126085 0.034156 0.904548
580.294 281.588 -0.0706865 0.155375 1.01875
833.685 187.25 -0.151409 -0.146762 0.916822
559.234 371.014 0.0209192 0.0528596 0.631169
724.091 175.246 -0.123287 -0.02703 0.809572
578.516 435.629 0.127895 0.157357 1.02074
596.486 472.899 0.107958 0.0751372 0.811705
837.923 594.413 0.312274 -0.162865 0.994199
900.614 392.107 0.0901303 -0.297701 1.08731
521.554 145.472 -0.206593 0.188695 0.930264
571.706 529.855 0.0984687 0.0547413 0.662838
664.431 485.842 0.185958 0.0449293 1.00374
549.289 323.907 -0.0201305 0.244543 1.12097
823.47 164.084 -0.181134 -0.139834 0.927397
878.413 90.052 -0.206974 -0.163342 0.836589
588.566 224.198 -0.118977 0.115456 0.929937
592.318 207.976 -0.14308 0.117205 0.948649
905.925 335.717 0.005783 -0.269199 1.01666
776.668 174.049 -0.18353 -0.094062 0.957107
794.758 97.9434 -0.273968 -0.117286 0.956607
634.001 414.816 0.134977 0.118819 1.16068
771.263 430.138 0.105261 -0.079104 0.941582
584.771 319.772 -0.0215152 0.155 1.03465
700.226 170.16 -0.165962 -0.00636294 0.904478
714.269 27.2189 -0.245364 -0.0209315 0.81037
909.996 155.421 -0.160851 -0.202069 0.864062
587.626 89.3173 -0.281407 0.123021 0.948976
730.749 148.337 -0.189578 -0.0381352 0.906921
517.934 501.387 0.204743 0.22889 1.01109
592.422 207.564 -0.143629 0.117158 0.948872
651.989 197.244 -0.112777 0.0329807 0.829649
796.126 88.1499 -0.265494 -0.111924 0.926359
599.163 319.722 -0.0263378 0.168814 1.13249
766.219 364.951 0.0297475 -0.0638977 0.859093
767.82 599.804 0.344725 -0.0843528 1.03415
576.101 375.431 0.0506484 0.159105 1.01598
564.277 596.762 0.318745 0.169495 1.00892
897.003 527.076 0.179347 -0.182739 0.875464
781.005 455.519 0.188819 -0.121069 1.11215
715.731 578.01 0.252224 -0.016653 0.930351
584.021 250.86 -0.139172 0.192108 1.12674
794.77 85.9039 -0.258865 -0.107291 0.912473
786.361 151.565 -0.163656 -0.08633 0.859484
559.347 321.65 -0.0255194 0.249061 1.16327
703.812 194.426 -0.195338 -0.00754912 1.04398
824.973 485.432 0.146871 -0.122227 0.892216
604.437 410.238 0.103309 0.134747 1.05569
591.184 207.191 -0.138646 0.113682 0.933216
504.772 146.658 -0.221746 0.224134 0.961817
493.762 526.276 0.190942 0.206745 0.918424
864.706 440.923 0.128379 -0.19491 0.978547
515.559 150.948 -0.237037 0.232645 1.00111
505.509 144.366 -0.225965 0.224855 0.964596
847.807 169.746 -0.196258 -0.184404 0.975888
609.77 216.682 -0.159622 0.119635 1.02818
710.554 16.4339 -0.244287 -0.0178664 0.796637
643.567 132.605 -0.234117 0.0603113 0.956652
690.533 338.776 0.00568525 0.00967432 0.984489
819.525 485.86 0.15187 -0.120395 0.905476
667.914 215.428 -0.133543 0.0317964 0.948569
588.75 462.846 0.155198 0.136849 0.999296
679.616 360.505 0.0261193 0.015326 0.887863
771.997 432.137 0.10569 -0.07877 0.934412
703.724 189.687 -0.191085 -0.00797751 1.01824
820.308 427.534 0.0891904 -0.115421 0.877503
589.042 284.781 -0.0753523 0.1649 1.07752
673.949 443.432 0.108335 0.0230156 0.905003
716.954 605.817 0.235074 -0.016997 0.857553
488.546 333.944 -0.00232242 0.21483 0.918478
550.033 90.1092 -0.258841 0.152168 0.915765
891.125 559.044 0.167408 -0.143699 0.791808
798.2 431.006 0.100342 -0.102528 0.914644
524.85 333.812 -0.00399342 0.243665 1.05025
592.056 638.814 0.327953 0.118431 0.954986
675.208 97.8301 -0.240506 0.018333 0.90182
933.488 413.453 0.0405083 -0.106797 0.620699
614.317 390.184 0.0604737 0.0917315 0.945567
678.261 360.35 0.0250763 0.0152438 0.869898
710.137 351.422 0.0206163 -0.013878 0.969366
919.07 243.765 -0.112529 -0.286467 1.00799
646.022 435.803 0.114399 0.0601529 0.962726
538.497 323.394 -0.01859 0.229989 1.06025
543.5 435.069 0.115207 0.182319 0.976677
657.072 500.838 0.177587 0.044991 0.940948
879.843 451.462 0.119935 -0.182016 0.907095
939.017 399.551 0.073245 -0.255923 0.92906
644.223 440.86 0.114692 0.0586592 0.942294
686.604 353.798 0.024985 0.0166474 1.01415
567.177 258.306 -0.192762 0.344216 1.36862
583.071 373.925 0.0530242 0.165196 1.05705
659.258 608.052 0.238674 0.0333022 0.862007
562.302 259.332 -0.170991 0.317263 1.30064
636.712 392.802 0.0675852 0.0726597 0.973481
628.226 499.923 0.183046 0.079508 0.958146
504.982 188.824 -0.188208 0.245956 1.00207
633.542 498.714 0.103331 0.0343095 0.732788
540.646 484.052 0.228751 0.254185 1.1194
927.727 225.258 -0.0978753 -0.221071 0.873636
876.779 451.338 0.123654 -0.184548 0.920929
567.157 585.543 0.314041 0.17116 1.02197
798.797 506.629 0.162001 -0.0944913 0.881525
636.57 579.533 0.266926 0.0699788 0.955237
840.915 177.524 -0.142155 -0.138336 0.867664
597.419 225.318 -0.139189 0.127358 1.00056
755.59 112.715 -0.186101 -0.0557458 0.833118
753.73 127.038 -0.19768 -0.0592309 0.880351
570.499 381.957 0.0552077 0.154278 0.984934
818.705 168.638 -0.165856 -0.127709 0.903607
761.659 298.113 -0.0590023 -0.100244 1.1381
761.719 298.436 -0.0559818 -0.0968478 1.11593
544.002 290.008 -0.0490891 0.164848 0.934614
711.084 412.21 0.102029 -0.0138281 1.02645
716.629 41.7511 -0.323254 -0.0258136 0.932065
847.102 489.512 0.207113 -0.192457 1.0345
708.797 360.429 0.0290513 -0.0123984 0.936094
613.456 437.768 0.12082 0.101896 0.981427
808.307 371.851 0.0437277 -0.122174 0.946339
848.793 597.896 0.2857 -0.159917 0.947765
777.129 627.603 0.322627 -0.0835398 0.958511
796.44 497.47 0.164155 -0.0980462 0.909318
959.729 294.468 -0.038725 -0.288975 0.938151
643.753 439.657 0.114852 0.0601497 0.94798
528.996 331.063 -0.00818096 0.249896 1.07252
792.395 486.124 0.169931 -0.103341 0.955105
780.002 356.731 0.0268439 -0.0916896 0.948983
664.938 591.077 0.25477 0.0341394 0.914514
519.286 502.722 0.208622 0.229854 1.01619
580.52 10.5298 -0.275003 0.0929795 0.829475
934.691 452.777 0.1401 -0.271058 0.967916
574.363 584.403 0.340136 0.177773 1.06292
671.967 554.063 0.285086 0.0397433 1.0341
644.451 549.376 0.15557 0.0350005 0.78714
618.062 518.89 0.168583 0.0722798 0.877397
624.462 505.968 0.169299 0.0728911 0.908694
901.42 525.438 0.171679 -0.180509 0.860856
675.84 218.145 -0.133988 0.023893 0.960023
781.875 634.893 0.405891 -0.105468 1.0555
793.688 320.477 -0.0201838 -0.147888 1.1184
866.303 448.865 0.126751 -0.181714 0.941441
715.32 391.362 0.0640678 -0.0191075 0.950489
778.374 165.214 -0.175978 -0.088935 0.917472
933.149 400.275 0.082358 -0.278245 0.978762
779.262 163.085 -0.174004 -0.0881868 0.90796
583.356 247.162 -0.115805 0.151167 1.01758
581.054 219.139 -0.152434 0.153659 1.01563
539.548 205.683 -0.151475 0.183227 0.962889
802.644 82.5987 -0.258032 -0.114086 0.905897
774.304 178.012 -0.189208 -0.0954829 0.980944
819.728 639.723 0.4623 -0.173357 1.11284
710.521 409.494 0.099753 -0.0130982 1.03255
804.542 78.0658 -0.252345 -0.112212 0.89007
516.164 284.121 -0.070147 0.245218 1.0298
565.481 290.381 -0.0677528 0.200478 1.0794
673.632 416.576 0.084272 0.0241445 0.916278
864.551 442.291 0.132001 -0.197579 0.985755
833.031 274.567 -0.0721557 -0.169853 0.997672
782.782 360.991 0.0298383 -0.0894224 0.920209
782.86 638.631 0.398578 -0.103987 1.04072
709.129 350.123 0.0179105 -0.0129206 0.932552
625.01 421.979 0.125076 0.111662 1.07724
783.038 605.356 0.339904 -0.100944 1.01733
806.011 455.441 0.190862 -0.161154 1.11631
773.669 429.94 0.103678 -0.0807787 0.935537
506.733 165.576 -0.389777 0.449005 1.30395
642.871 131.159 -0.232872 0.0601669 0.951344
722.274 22.8016 -0.321705 -0.0312698 0.904078
637.187 604.375 0.503965 0.13162 1.2327
744.415 284.174 -0.150794 -0.116734 1.51669
637.671 393.823 0.211691 0.254964 1.63774
593.801 373.03 0.0536193 0.155597 1.07268
650.922 518.288 0.170043 0.0427465 0.881041
720.577 287.453 -0.132378 -0.0409532 1.46742
803.039 80.17 -0.27829 -0.121188 0.932037
628.037 103.158 -0.57209 0.185438 1.34354
860.14 624.474 0.386688 -0.20819 1.04564
944.141 405.515 0.0812955 -0.266855 0.938803
780.612 627.514 0.47488 -0.12136 1.14924
715.092 391.725 0.0653405 -0.0189029 0.956795
730.528 184.7 -0.149377 -0.0369936 0.901518
900.898 238.497 -0.106249 -0.236143 0.957066
629.494 526.941 0.197014 0.0713248 0.925249
776.862 65.7176 -0.298334 -0.0932744 0.936477
605.445 445.563 0.115467 0.0969378 0.928808
715.82 67.1655 -0.482931 -0.029686 1.16193
897.195 196.046 -0.223384 -0.326199 1.12267
782.628 436.783 0.098995 -0.0815846 0.885745
808.08 604.354 0.510843 -0.191144 1.23324
500.76 121.416 -0.370096 0.343166 1.14182
584.353 279.745 -0.0744669 0.15319 1.02738
747.929 279.892 -0.159992 -0.125196 1.49804
732.874 279.84 -0.179129 -0.0864197 1.58065
829.358 355.981 0.0243132 -0.131579 0.898013
612.354 442.362 0.110678 0.0881392 0.922431
681.457 359.4 0.0275837 0.0171451 0.937079
625.731 404.744 0.0668296 0.0665687 0.885532
702.997 180.671 -0.182141 -0.0080414 0.970041
807.287 101.815 -0.233167 -0.116559 0.898761
717.066 111.053 -0.242866 -0.0251187 0.930052
746.398 68.8818 -0.284537 -0.0573994 0.92192
932.632 148.364 -0.192044 -0.253313 0.916626
890.933 257.365 -0.125892 -0.322563 1.14183
951.13 345.076 0.0162223 -0.274373 0.933915
827.923 223.18 -0.141064 -0.169025 1.00861
830.796 190.842 -0.156532 -0.151123 0.940369
830.035 282.701 -0.064706 -0.172114 1.0166
774.166 606.292 0.342112 -0.0900574 1.01914
716.169 599.325 0.246994 -0.0165762 0.887162
845.597 613.177 0.322634 -0.166027 0.978302
917.999 394.368 0.0799971 -0.277022 1.00837
853.428 438.665 0.134816 -0.194271 1.01185
530.105 236.587 -0.161702 0.276738 1.11984
524.217 336.028 -0.000904257 0.241585 1.04487
511.486 329.07 -0.00799689 0.208051 0.951518
492.158 342.463 0.00816702 0.3348 1.12043
510.228 146.677 -0.233182 0.229665 0.983524
522.213 105.147 -0.352972 0.269672 1.08064
622.331 178.391 -0.197883 0.0948161 0.996978
571.307 213.072 -0.140779 0.144464 0.958345
559.269 163.956 -0.185248 0.147207 0.929402
486.564 544.765 0.196132 0.199351 0.891631
634.027 585.569 0.268145 0.0711133 0.946858
667.811 573.1 0.27313 0.0381947 0.976199
690.841 639.402 0.456588 0.0216361 1.1113
575.814 571.033 0.328283 0.179388 1.07188
612.903 585.052 0.374934 0.138496 1.10988
573.698 434.902 0.121607 0.155895 1.00051
