787.48 475.857 0.240473 -0.110009 1.00606
843.256 210.984 -0.162281 -0.291612 1.28652
750.703 392.473 1.23284 -0.52918 3.17129
776.367 419.572 0.161414 -0.0917658 0.982339
811.886 211.283 -0.118013 -0.177639 1.13907
523.372 305.058 0.0265574 0.396695 1.31822
894.746 85.1043 -0.187017 -0.197614 0.922666
683.362 43.2666 -0.0636995 -0.0047335 0.568347
946.708 133.765 -0.135266 -0.24226 0.909495
873.195 434.913 0.321126 -0.375795 1.30649
481.443 203.887 -0.140566 0.362956 1.16764
729.823 37.4683 -0.0565844 -0.0179376 0.540817
830.483 572.4 0.160946 -0.0758487 0.69201
800.398 225.448 -0.12875 -0.197493 1.26978
783.132 460.334 0.255339 -0.12002 1.08021
713.431 472.476 0.0623814 -0.0126056 0.540065
862.364 426.696 0.346237 -0.404905 1.39894
710.198 349.039 0.0739651 -0.0147527 0.952669
730.333 321.347 0.329241 -0.535338 5.15883
645.945 132.407 -0.0431115 0.00947474 0.598629
720.058 310.62 -0.0351912 -0.123314 4.53075
727.342 335.302 0.12958 -0.0668538 1.5953
684.652 41.3362 -0.0775383 -0.00430637 0.607198
773.142 366.442 0.0678535 -0.0595966 0.797362
767.798 149.099 -0.090872 -0.0582436 0.814794
768.923 349.564 0.105956 -0.115021 1.16956
819.62 67.5785 -0.403476 -0.219367 1.23104
753.891 18.4282 -0.0633356 -0.024888 0.545932
663.665 406.209 0.0950996 0.0193045 0.793951
802.303 447.669 0.237886 -0.148718 1.08257
782.146 266.664 -0.0243148 -0.115973 1.07095
869.632 439.73 0.17913 -0.19359 0.9626
726.595 305.764 -0.0555367 -0.201795 3.43034
611.36 104.641 -0.0502484 0.0202614 0.588696
764.969 379.308 0.644948 -0.454124 2.47754
711.095 244.584 -0.180739 -0.0143933 1.63383
540.059 520.554 0.107347 0.0580948 0.631248
517.96 304.213 0.0248396 0.386861 1.28717
586.23 327.603 0.0880239 0.327234 1.45403
843.345 430.938 0.0265509 -0.0265347 0.404845
786.172 458.83 0.129623 -0.0663193 0.781001
630.657 550.955 0.0963297 0.0139731 0.572042
579.787 444.985 0.0275319 0.00619026 0.402021
565.274 417.352 0.0899425 0.075171 0.744092
492.676 338.483 0.0203133 0.0335977 0.483688
551.967 463.992 0.0705769 0.0414337 0.583356
950.387 118.043 -0.101218 -0.177442 0.782081
670.556 348.199 0.0385399 0.0044127 0.652777
826.798 195.158 -0.102759 -0.156153 1.00456
736.758 431.804 0.030612 -0.0142177 0.429935
871.036 186.702 -0.138867 -0.247408 1.08903
747.581 299.942 -0.0372779 -0.291367 2.43791
714.36 147.421 -0.581302 -0.0289713 1.74113
550.741 188.658 -0.0574102 0.0947069 0.789608
783.376 433.795 0.147207 -0.0832416 0.893069
932.694 296.836 0.0189079 -0.345112 1.09604
533.548 319.364 0.0275445 0.078158 0.697547
845.412 411.479 0.0990935 -0.109769 0.789472
825.49 570.035 0.414117 -0.180162 1.06994
719.491 296.155 -0.0830608 -0.0646711 2.55732
625.531 52.2744 -0.143753 0.0402339 0.779709
723.625 311.619 -0.0947606 -0.331441 5.79164
867.601 83.9591 -0.0652916 -0.0738836 0.618118
812.284 348.17 0.0874748 -0.153621 1.05301
802.747 222.407 -0.127024 -0.19346 1.24166
713.229 426.99 0.0857553 -0.0149642 0.701142
785.186 381.378 0.902123 -0.866459 2.90096
806.938 385.324 0.533957 -0.616262 2.14733
531.244 379.426 0.104268 0.177165 0.9484
519.694 318.587 0.030757 0.111773 0.772164
552.557 500.192 0.123062 0.0704365 0.697793
