824.09 554.828 0.171353 -0.0793751 0.726036
850.076 202.302 -0.156229 -0.280255 1.23676
750.222 389.905 1.25436 -0.5382 3.22834
812.476 477.817 0.10936 -0.0635737 0.680658
824.003 193.714 -0.107809 -0.161101 1.03496
893.846 82.5579 -0.188944 -0.199669 0.932561
692.718 100.196 -0.0754006 -0.00574483 0.683058
717.895 584.625 0.298898 -0.0196602 0.895759
897.723 450.216 0.283155 -0.331842 1.15552
555.388 631.594 0.151077 0.0503776 0.62127
481.921 569.696 0.0939626 0.0546113 0.547751
833.213 569.379 0.158832 -0.0753059 0.686012
483.058 569.173 0.0940076 0.0544279 0.548239
812.725 208.286 -0.115404 -0.176095 1.13379
829.384 557.262 0.165221 -0.0790589 0.711328
715.42 434.728 0.0731781 -0.0144994 0.625127
605.546 85.3893 -0.0496411 0.0200672 0.573739
863.922 425.177 0.343883 -0.401684 1.38904
710.48 345.242 0.074864 -0.0145683 0.960354
730.417 320.798 0.332339 -0.53484 5.15978
647.499 125.684 -0.043739 0.00936285 0.603996
720.109 309.935 -0.0347035 -0.122078 4.53981
727.706 333.298 0.129963 -0.0670157 1.59529
694.475 110.107 -0.0957696 -0.00514605 0.761396
615.22 585.051 0.0837018 0.0119044 0.510347
827.306 410.592 0.0405451 -0.0376733 0.501007
772.565 129.11 -0.0861049 -0.0550106 0.768589
779.897 351.937 0.0895794 -0.0993771 1.00543
820.692 63.4115 -0.40303 -0.219911 1.23181
600.155 499.658 0.0541465 0.0113367 0.478142
805.406 448.134 0.231749 -0.145156 1.05675
782.674 263.06 -0.0244728 -0.116192 1.07283
878.413 441.238 0.171241 -0.186666 0.926318
726.725 304.817 -0.0556114 -0.202215 3.43708
604.278 79.9309 -0.0483023 0.018975 0.562492
765.018 377.758 0.646448 -0.454982 2.48378
711.65 245.294 -0.19347 -0.0146282 1.71547
543.458 510.793 0.108413 0.0587228 0.639005
520.811 301.725 0.0250298 0.391119 1.30249
579.746 326.412 0.0858727 0.312463 1.39229
932.987 629.195 0.120801 -0.0811509 0.562936
522.74 614.847 0.0807693 0.0290192 0.486566
891.884 454.109 0.0221099 -0.0236742 0.354228
508.974 514.799 0.0633097 0.0345709 0.50007
799.474 479.063 0.114014 -0.0590601 0.692456
661.223 466.478 0.129717 0.0186761 0.760581
582.034 431.769 0.0275278 0.00597839 0.403395
583.087 400.932 0.0982887 0.0819767 0.813112
605.069 320.297 0.0349598 0.0533499 0.761637
934.151 484.77 0.135114 -0.149098 0.738304
571.872 440.547 0.0770819 0.0448973 0.633758
679.651 336.627 0.0445253 0.00503357 0.74741
821.742 196.831 -0.108038 -0.16282 1.04975
729.179 361.967 0.0540836 -0.0233432 0.70202
870.911 183.631 -0.139774 -0.24896 1.09622
611.4 46.0892 -0.0456337 0.0119198 0.519589
747.869 298.531 -0.0370949 -0.291509 2.43693
714.684 149.35 -0.595675 -0.0298103 1.78517
546.489 179.647 -0.0566935 0.0928058 0.775756
785.887 432.928 0.143459 -0.0812862 0.873179
859.426 415.915 0.0915552 -0.102165 0.734752
829.14 573.769 0.403431 -0.175685 1.04432
719.675 295.151 -0.0840832 -0.0655751 2.59054
626.435 48.0351 -0.144773 0.0403655 0.785364
723.704 311.066 -0.0946541 -0.331805 5.79809
863.569 84.2769 -0.0670137 -0.0759104 0.634994
813.209 344.645 0.086981 -0.15319 1.05067
822.143 196.663 -0.108667 -0.16381 1.05122
714.069 416.981 0.0882671 -0.0153694 0.722493
784.514 379.566 0.912269 -0.874206 2.93084
809.427 385.63 0.52132 -0.599904 2.09452
533.259 375.047 0.104828 0.178232 0.955475
546.914 313.656 0.0346451 0.124045 0.86025
