829.939 563.206 0.163314 -0.0760284 0.695949
863.279 187.138 -0.145387 -0.259186 1.14359
749.603 387.307 1.27807 -0.548793 3.28856
809.465 466.653 0.111366 -0.0651239 0.696417
840.766 169.303 -0.0970944 -0.143312 0.920431
848.237 560.885 0.311715 -0.161955 0.939567
892.388 80.1566 -0.191113 -0.201525 0.941018
686.277 43.4938 -0.0668305 -0.0052565 0.593887
718.118 559 0.318612 -0.0210279 0.955387
499.363 542.885 0.0984327 0.0574268 0.575839
835.202 568.565 0.155681 -0.0741082 0.675668
825.527 188.729 -0.105345 -0.158315 1.02056
853.595 604.421 0.141276 -0.0684942 0.616538
714.912 446.083 0.0654375 -0.0134735 0.568761
593.668 52.6941 -0.0474772 0.0184171 0.538444
884.396 437.773 0.305299 -0.357026 1.23704
711.58 339.555 0.0788879 -0.0160559 1.01577
730.346 319.969 0.327326 -0.535676 5.18118
649.324 123.944 -0.0451093 0.00944232 0.616541
720.026 309.192 -0.0351876 -0.119841 4.55283
727.735 331.06 0.12925 -0.0670159 1.59286
695.022 107.858 -0.0972588 -0.00552741 0.770675
616.814 570.493 0.0842592 0.0120769 0.517218
829.203 401.765 0.0392772 -0.0375848 0.496875
775.891 345.498 0.0922873 -0.103249 1.05312
818.689 64.5307 -0.411009 -0.223586 1.25452
750.479 36.0982 -0.0691638 -0.0271688 0.593881
628.545 444.193 0.0647557 0.0139028 0.569681
810.143 451.594 0.220817 -0.138959 1.01094
782.657 259.5 -0.0250327 -0.116394 1.07394
869.483 430.049 0.178253 -0.194941 0.968228
726.722 303.828 -0.055995 -0.202742 3.44488
605.572 76.0378 -0.0494391 0.0192074 0.569657
766.005 377.519 0.637899 -0.449818 2.44388
712.253 249.32 -0.209577 -0.0155277 1.85448
539.25 509.017 0.105896 0.0575522 0.628509
524.397 299.314 0.0250107 0.397232 1.32345
927.819 614.142 0.122089 -0.0824524 0.571497
535.55 585.537 0.0837824 0.0301992 0.507104
884.07 430.083 0.0222268 -0.024627 0.363697
811.967 498.02 0.101881 -0.053658 0.626245
657.618 470.261 0.123395 0.0177443 0.728378
566.656 432.296 0.0253385 0.0055225 0.384216
624.18 315.315 0.0405216 0.0610417 0.873133
553.258 449.128 0.0702421 0.0414146 0.586381
685.02 329.123 0.0496182 0.00552934 0.831505
512.076 465.767 0.0772407 0.0570382 0.591489
820.843 194.403 -0.109221 -0.164353 1.05906
725.696 336.887 0.0919389 -0.0395955 1.15641
871.022 179.962 -0.140453 -0.249318 1.09763
613.23 42.1832 -0.0467272 0.0118947 0.526318
747.911 297.044 -0.0375718 -0.291696 2.4372
714.813 152.831 -0.615812 -0.0308789 1.84509
553.058 179.863 -0.0588252 0.095496 0.799703
790.437 436.182 0.135412 -0.0774108 0.829816
868.15 416.459 0.0867202 -0.0978605 0.703131
825.853 562.472 0.412091 -0.179696 1.06814
719.687 294.268 -0.0858494 -0.0668508 2.63783
625.6 40.9367 -0.144921 0.040124 0.783256
723.707 310.481 -0.0947324 -0.332323 5.80652
855.053 91.2309 -0.0702924 -0.0793389 0.663072
837.826 347.468 0.0707655 -0.127626 0.873799
849.873 159.207 -0.0916673 -0.13591 0.871366
713.968 413.43 0.0862775 -0.0153079 0.711973
785.716 379.564 0.894735 -0.85638 2.87334
834.104 401.925 0.417866 -0.482316 1.68315
534.3 370.819 0.104726 0.178838 0.959631
560.764 309.721 0.0368137 0.132571 0.91889
