524.734 488.151 0.205745 0.236541 1.03595
620.66 499.948 0.161255 0.0762637 0.896385
782.04 619.24 0.390452 -0.103443 1.04712
939.687 254.777 -0.0651944 -0.219587 0.863255
587.314 267.219 -0.0889614 0.159851 1.05622
778.95 182.034 -0.151919 -0.0852181 0.918203
778.551 95.4528 -0.252498 -0.0894061 0.935016
753.446 119.458 -0.218337 -0.0599362 0.919689
937.441 331.014 0.00523656 -0.289545 0.991383
781.034 625.217 0.298567 -0.0799208 0.919603
717.925 577.567 0.238292 -0.0163814 0.900037
797.059 483.752 0.153713 -0.0967549 0.910035
845.327 595.143 0.309466 -0.165174 0.977772
861.031 425.077 0.123647 -0.202353 1.01367
866.807 429.451 0.119757 -0.195556 0.980107
513.875 323.563 -0.0107117 0.231407 1.00056
542.558 245.536 -0.0981917 0.177967 0.961221
495.611 118.251 -0.232379 0.218607 0.938498
536.336 145.688 -0.230927 0.201937 0.997689
547.207 126.797 -0.230284 0.168908 0.953292
504.206 503.931 0.18836 0.218277 0.955096
634.035 576.081 0.249475 0.0692538 0.923433
670.612 551.824 0.263623 0.0389698 0.989823
576.837 431.037 0.125677 0.15893 1.01342
731.217 178.818 -0.174935 -0.038605 0.967904
819.126 408.695 0.0773838 -0.117134 0.898113
568.781 275.207 -0.0789944 0.188288 1.06213
618.009 422.013 0.0994559 0.0908728 0.9503
703.114 160.668 -0.186959 -0.0064514 0.946121
792.112 123.157 -0.223599 -0.104251 0.937959
714.652 44.1438 -0.29282 -0.0203296 0.91212
905.473 221.806 -0.11955 -0.235741 0.957387
896.534 325.371 -0.00205785 -0.275157 1.05936
902.934 140.56 -0.182999 -0.203699 0.894619
718.496 578.557 0.23351 -0.0168123 0.890397
817.865 501.963 0.30656 -0.196453 1.17948
541.754 191.539 -0.166662 0.186928 0.979437
516.689 177.754 -0.248473 0.300267 1.12659
588.388 307.632 -0.0322943 0.157759 1.05388
674.516 71.6649 -0.247156 0.0190068 0.884754
594.569 616.24 0.315643 0.12102 0.960702
608.919 429.172 0.103689 0.0973827 0.936909
599.914 357.585 0.0483812 0.185131 1.17769
717.508 372.52 0.0528221 -0.0200824 0.999252
813.733 168.213 -0.189086 -0.137055 0.974309
781.14 30.6123 -0.293879 -0.08592 0.895351
752.843 120.172 -0.219944 -0.0598051 0.924155
714.67 31.5667 -0.280821 -0.0198549 0.877962
750.142 40.294 -0.284463 -0.0551116 0.895365
836.749 187.599 -0.135915 -0.136277 0.890371
840.772 165.312 -0.158782 -0.141646 0.893511
892.164 140.86 -0.179501 -0.189764 0.887317
718.066 573.115 0.236701 -0.0166202 0.904527
864.249 427.346 0.120617 -0.19758 0.992386
498.964 325.042 -0.00842027 0.218244 0.944478
607.896 209.208 -0.176305 0.135782 1.07333
570.696 305.972 -0.0284388 0.141989 0.949535
635.83 567.076 0.251763 0.0710625 0.942565
665.041 576.057 0.241514 0.0358571 0.909347
589.453 628.597 0.305762 0.117007 0.929622
915.895 325.239 -0.00216381 -0.257475 0.980918
917.139 261.896 -0.0727542 -0.244436 0.951051
621.378 415.564 0.111128 0.106677 1.02999
573.729 547.405 0.27931 0.169275 1.02857
821.261 155.029 -0.202557 -0.144881 0.969598
853.404 151.676 -0.203187 -0.180344 0.963264
854.198 618.052 0.273715 -0.14525 0.892434
562.235 275.29 -0.0720636 0.178048 1.01652
803.476 7.38285 -0.264501 -0.0923868 0.826457
509.144 130.643 -0.242405 0.227875 0.983493
723.891 348.414 0.0131097 -0.0220104 0.798233
567.422 36.2621 -0.265418 0.113162 0.860743
583.771 234.302 -0.126584 0.152798 1.02395
602.138 200.052 -0.163622 0.121822 1.00206
915.168 217.504 -0.115311 -0.229545 0.92493
784.065 623.824 0.3889 -0.104315 1.03791
663.22 195.005 -0.139722 0.0348233 0.918152
590.419 271.003 -0.0879628 0.164848 1.0822
837.027 171.075 -0.161754 -0.145015 0.915789
519.896 365.932 0.00938278 0.045877 0.540476
724.14 183.99 -0.158494 -0.0291829 0.940067
573.703 426.072 0.112954 0.153612 0.988931
590.297 466.831 0.0923145 0.0722678 0.774048
835.11 572.815 0.307002 -0.165126 1.01296
916.054 384.862 0.0740192 -0.274705 1.01475
535.25 141.967 -0.234332 0.202085 0.995213
559.007 534.538 0.0816083 0.0517198 0.618648
651.266 509.712 0.147379 0.038901 0.839714
529.78 311.072 -0.0270014 0.223103 1.02309
831.292 139.827 -0.185352 -0.133811 0.896613
880.653 74.306 -0.220568 -0.163582 0.847787
588.104 208.569 -0.129356 0.115279 0.927459
605.068 203.884 -0.169667 0.127469 1.03331
918.129 322.851 -0.00494448 -0.256768 0.97471
779.034 157.278 -0.194936 -0.0929149 0.957478
620.666 417.268 0.111096 0.105308 1.021
583.785 306.707 -0.0318454 0.153305 1.02425
701.925 158.502 -0.183615 -0.00540347 0.93293
716.253 24.5934 -0.271616 -0.0209224 0.856135
905.862 146.809 -0.17841 -0.208229 0.898276
574.238 48.6482 -0.272995 0.116062 0.888692
732.465 130.318 -0.200049 -0.0369841 0.905391
521.529 485.365 0.193859 0.230634 1.01692
594.821 193.994 -0.157963 0.119438 0.965324
659.488 191.575 -0.136198 0.03605 0.897161
800.973 60.2568 -0.26915 -0.106806 0.902974
599.635 307.311 -0.0375668 0.170072 1.13587
767.673 349.153 0.0176065 -0.0641661 0.870833
767.586 572.274 0.343076 -0.0881571 1.06855
581.084 361.102 0.0403543 0.163615 1.04173
543.756 619.515 0.27432 0.151472 0.898916
903.219 518.297 0.163853 -0.176983 0.853817
796.682 473.463 0.149971 -0.100234 0.927702
581.043 236.724 -0.14879 0.192672 1.1177
802.023 54.3713 -0.260073 -0.102696 0.880598
787.458 136.551 -0.177989 -0.0859526 0.872731
557.28 309.386 -0.0359394 0.246761 1.15092
704.939 188.291 -0.217114 -0.00579064 1.10099
823.073 466.907 0.138697 -0.124051 0.913498
605.094 397.391 0.0916304 0.134918 1.05284
588.594 187.846 -0.147262 0.111174 0.916118
536.316 476.507 0.209524 0.243877 1.08042
850.385 414.299 0.125767 -0.213529 1.0759
497.039 120.081 -0.232641 0.21937 0.942696
513.988 136.324 -0.247334 0.234135 1.00587
851.797 153.249 -0.207808 -0.183802 0.97714
607.706 200.096 -0.168132 0.118581 1.01508
639.217 104.371 -0.23492 0.058931 0.918942
690.681 325.611 -0.00513143 0.010046 0.957081
817.403 465.438 0.142831 -0.122643 0.92997
666.894 196.796 -0.140938 0.0320572 0.92754
580.563 458.948 0.135636 0.128792 0.940181
681.905 345.001 0.0141542 0.0162576 0.904436
797.694 639.876 0.393957 -0.117808 1.01935
775.687 422.735 0.0908439 -0.0748996 0.90044
702.784 157.956 -0.183032 -0.00637598 0.930256
822.996 414.766 0.0774826 -0.113438 0.870456
601.264 275.908 -0.0950044 0.180161 1.17229
677.744 421.19 0.0999764 0.0253256 0.952185
718.635 592.608 0.221199 -0.0162877 0.848675
523.036 317.748 -0.0191933 0.244266 1.04623
545.759 67.3078 -0.266952 0.151005 0.907101
865.818 503.497 0.172672 -0.163826 0.906424
803.292 422.95 0.0851124 -0.0959001 0.872833
510.051 319.36 -0.0155541 0.228071 0.985817
592.897 623.258 0.310821 0.117745 0.94392
676.947 84.3717 -0.256312 0.0195285 0.920106
615.332 376.246 0.0486658 0.0919057 0.944029
680.99 344.619 0.013231 0.016192 0.891112
712.405 334.718 0.00803126 -0.0144463 1.07525
928.856 226.97 -0.120187 -0.277746 0.983553
645.494 424.609 0.101232 0.0596404 0.944216
544.342 310.3 -0.0316172 0.239647 1.09564
540.7 423.873 0.101929 0.178821 0.957317
659.505 482.464 0.16747 0.0464809 0.95462
918.903 378.572 0.0653706 -0.275914 1.0101
646.574 424.178 0.103236 0.0601515 0.954196
683.033 343.603 0.0130671 0.0156173 0.911599
561.636 244.206 -0.197995 0.333998 1.33116
568.676 365.851 0.0390846 0.151614 0.968635
665.699 572.176 0.237152 0.0350473 0.908319
585.042 257.994 -0.211523 0.367038 1.50046
633.928 382.096 0.0542244 0.0702553 0.936442
626.468 493.138 0.165211 0.0760824 0.922314
496.528 168.931 -0.195397 0.242104 0.981921
628.445 497.028 0.0869693 0.0330488 0.691009
558.421 455.833 0.23249 0.275654 1.2114
925.062 212.507 -0.112057 -0.223892 0.894958
876.591 436.101 0.112302 -0.184134 0.926334
556.748 591.323 0.282932 0.160042 0.953489
799.522 491.172 0.150303 -0.0933862 0.882763
637.248 566.744 0.251436 0.0695403 0.942558
850.054 152.911 -0.147005 -0.131329 0.835374
590.188 204.316 -0.143651 0.122515 0.957985
754.793 110.955 -0.211585 -0.0580671 0.890634
755.813 110.304 -0.210141 -0.0586077 0.886729
582.595 363.38 0.0441291 0.164142 1.04859
823.013 149.571 -0.175194 -0.125065 0.895282
763.472 286.111 -0.0677887 -0.098079 1.12618
763.197 286.22 -0.0640673 -0.0929727 1.09678
538.357 274.537 -0.0586417 0.162079 0.914147
712.227 401.937 0.0879973 -0.0130922 0.995616
911.643 558.748 0.146215 -0.138553 0.747555
709.964 346.26 0.0174994 -0.0114301 0.941289
613.545 425.301 0.108713 0.101706 0.973221
813.687 360.055 0.0316547 -0.11703 0.91518
857.194 598.762 0.260183 -0.15079 0.899183
782.485 635.651 0.291313 -0.0773272 0.895818
792.301 471.751 0.160018 -0.102198 0.959873
549.368 317.965 -0.0225437 0.274013 1.17736
794.801 475.398 0.156221 -0.100601 0.939177
779.05 342.781 0.0163465 -0.0930201 0.978154
667.248 571.648 0.243609 0.0348498 0.920088
528.925 481.018 0.20161 0.237215 1.04787
595.274 26.0372 -0.31637 0.103515 0.916906
933.082 437.872 0.129392 -0.271292 0.975502
556.818 603.738 0.299647 0.161971 0.958371
669.226 559.901 0.255694 0.0373301 0.961062
637.509 558.104 0.13277 0.0329893 0.724012
628.101 487.944 0.159996 0.0743733 0.922343
914.501 523.658 0.15219 -0.169854 0.816477
678.389 207.049 -0.150834 0.0254956 0.99321
803.271 307.613 -0.0270634 -0.134522 1.02558
874.826 440.959 0.111045 -0.173357 0.904443
716.674 378.334 0.0523785 -0.018274 0.943429
780.941 148.89 -0.187621 -0.0883501 0.920769
945.086 390.399 0.068606 -0.266223 0.94159
779.765 152.123 -0.190749 -0.0897272 0.935352
582.828 233.195 -0.126445 0.151855 1.01794
577.571 202.163 -0.160262 0.151503 0.999094
544.277 194.238 -0.166837 0.188175 0.988848
808.138 55.8973 -0.262257 -0.109884 0.88619
783.742 141.352 -0.180184 -0.0851467 0.887535
812.017 43.0123 -0.25163 -0.10522 0.85221
560.981 276.244 -0.0766126 0.196294 1.05524
673.345 405.362 0.0710995 0.0242748 0.892547
850.043 416.152 0.130057 -0.215415 1.08193
828.559 264.174 -0.0879074 -0.177008 1.049
774.325 342.405 0.0195945 -0.101664 1.05965
622.715 413.289 0.110581 0.107436 1.03994
782.302 584.88 0.330697 -0.100856 1.0271
814.634 454.502 0.167508 -0.148483 1.03528
590.357 292.19 -0.00925297 0.0177017 0.490607
657.186 191.794 -0.134507 0.0377393 0.892669
549.529 530.779 0.187687 0.143291 0.892928
947.374 188.628 -0.153056 -0.277824 0.946506
519.498 16.6537 -0.450967 0.257081 1.06028
749.605 108.173 -0.260041 -0.0617511 0.971602
786.144 50.2828 -0.290603 -0.0952477 0.918944
480.995 181.061 -0.187622 0.27091 0.998318
800.953 261.459 -0.0948897 -0.142572 1.06377
784.124 139.782 -0.178723 -0.0843244 0.880982
813.285 396.485 0.0838679 -0.138103 0.999268
959.78 179.434 -0.135553 -0.24388 0.870405
554.018 77.9614 -0.278445 0.156506 0.942056
559.415 412.6 0.112033 0.198882 1.05509
482.302 259.648 -0.101661 0.307708 1.05791
508.52 68.3655 -0.439735 0.322287 1.1396
884.67 498.088 0.178255 -0.193201 0.93122
887.291 78.6747 -0.246725 -0.191336 0.898232
573.174 198.74 -0.155235 0.147051 0.972546
813.688 604.238 0.420266 -0.163803 1.10762
645.931 425.111 0.103921 0.0606467 0.952874
674.844 426.281 0.0988995 0.0260683 0.925646
484.11 287.389 -0.062355 0.303176 1.05504
805.595 308.203 -0.027008 -0.141748 1.04114
809.85 392.556 0.0852302 -0.143012 1.03279
492.983 333.388 0.0025686 0.337993 1.12688
567.332 273.853 -0.0804777 0.189106 1.05923
914.35 218.067 -0.113665 -0.226619 0.921016
719.926 83.1667 -0.244147 -0.0248017 0.898907
610.253 68.437 -0.354046 0.119467 1.03355
667.417 81.459 -0.312187 0.0382296 1.00023
715.33 2.45596 -0.396541 -0.0231436 0.981995
683.473 214.225 -0.145003 0.0200728 1.00316
490.651 178.388 -0.182403 0.246694 0.977838
675.012 426.63 0.0980126 0.0254254 0.920545
506.685 196.513 -0.205386 0.296784 1.09568
770.421 412.469 0.0974625 -0.0812447 0.976857
814.481 461.005 0.145963 -0.125538 0.952682
772.322 633.51 0.376639 -0.0840259 1.00872
777.119 188.192 -0.156705 -0.0887178 0.94962
845.519 159.841 -0.154395 -0.13835 0.869372
798.833 308.741 -0.0292975 -0.147904 1.10081
732.138 292.006 -0.0603894 -0.0480896 1.14025
605.005 221.665 -0.134097 0.116108 0.994203
926.105 265.645 -0.0626796 -0.233156 0.912764
515.599 450.206 0.0275981 0.0365468 0.496154
627.323 629.073 0.439343 0.116858 1.09351
958.942 532.681 0.219203 -0.275245 0.938653
898.906 17.0074 -0.261422 -0.174697 0.834403
813.111 457.859 0.145636 -0.126477 0.961887
730.263 183.606 -0.183182 -0.0394083 1.00336
620.745 399.156 0.0744989 0.087588 0.949903
720.728 269.454 -0.115528 -0.0322515 1.2342
763.186 285.959 -0.0689001 -0.0987405 1.13314
759.724 248.734 -0.128224 -0.0928882 1.12542
788.289 257.757 -0.105692 -0.130558 1.08995
693.71 268.655 -0.0989045 0.0149519 1.13465
557.24 591.732 0.285023 0.160495 0.955965
523.889 79.0731 -0.268225 0.182738 0.927738
818.017 336.783 0.0122567 -0.161138 1.05169
852.573 597.321 0.391119 -0.213552 1.08282
762.435 110.53 -0.257693 -0.0770332 0.972634
504.116 183.53 -0.219166 0.291904 1.08162
572.174 197.178 -0.15481 0.145823 0.966053
610.857 143.814 -0.192426 0.087923 0.915793
836.684 171.771 -0.162779 -0.146098 0.920262
860.826 187.905 -0.224614 -0.25848 1.12305
861.193 299.964 -0.0548801 -0.328239 1.27037
808.126 199.068 -0.173989 -0.146477 1.0354
764.635 286.004 -0.0664591 -0.0979828 1.11409
786.551 372.113 0.0490218 -0.0982566 0.962813
498.099 523.449 0.191302 0.204655 0.917279
652.426 134.017 -0.266449 0.0639085 1.03826
908.496 121.273 -0.156315 -0.164423 0.798301
937.54 290.718 -0.035095 -0.231251 0.889719
744.178 299.285 -0.0427859 -0.0614717 1.0748
803.689 311.106 -0.0238138 -0.14369 1.05844
788.474 265.543 -0.114007 -0.156604 1.19602
641.312 101.48 -0.23224 0.0550441 0.908988
531.678 103.678 -0.39177 0.293389 1.15664
564.69 156.241 -0.204748 0.156143 0.970861
811.313 165.817 -0.192582 -0.134625 0.975716
762.87 80.2134 -0.248211 -0.0678795 0.901332
791.086 310.369 -0.0316427 -0.16151 1.2023
785.327 265.858 -0.121202 -0.160372 1.23454
626.743 398.447 0.0629681 0.0677158 0.886974
766.774 314.108 -0.0279135 -0.129374 1.27418
664.063 473.225 0.16495 0.0438763 0.974538
586.635 237.195 -0.129128 0.157828 1.04853
567.427 173.105 -0.276182 0.237569 1.16867
764.99 288.364 -0.0573481 -0.0907568 1.06609
756.619 180.032 -0.17485 -0.0687615 0.972101
497.538 514.957 0.158858 0.177053 0.861998
592.23 79.7657 -0.293643 0.122747 0.968683
600.56 36.5815 -0.323955 0.104975 0.94174
934.015 557.213 0.147797 -0.155148 0.752669
737.717 88.5661 -0.335873 -0.0544366 1.04925
695.286 266.304 -0.0865178 0.00787526 1.04529
731.489 333.071 0.00560084 -0.0411313 1.05498
804.129 487.4 0.140324 -0.0939788 0.865206
878.176 458.497 0.144388 -0.196462 0.952928
896.983 157.402 -0.184413 -0.217734 0.936998
578.71 307.34 -0.0297298 0.151247 1.00073
738.685 631.683 0.383296 -0.0429896 1.02043
883.905 41.5896 -0.278426 -0.185279 0.890228
791.325 256.953 -0.0979245 -0.124677 1.04588
722.079 255.977 -0.120697 -0.0322269 1.1413
501.895 55.0894 -0.42365 0.303885 1.09466
822.835 635.6 0.443748 -0.16877 1.08192
588.562 210.825 -0.171646 0.16123 1.06585
640.027 223.412 -0.139858 0.0787481 1.02317
726.473 259.901 -0.126843 -0.042271 1.20084
606.12 42.2215 -0.398916 0.128001 1.04401
945.955 589.234 0.359966 -0.331164 1.05392
834.867 261.486 -0.0789479 -0.161227 0.97834
637.035 220.75 -0.135604 0.0772654 0.996997
731.878 339.901 0.0124784 -0.0376727 0.985565
607.202 307.736 -0.0289373 0.116689 1.0034
538.048 267.389 -0.0654214 0.16103 0.911008
515.397 182.386 -0.186368 0.22941 1.00042
734.481 290.671 -0.0523184 -0.0454456 1.04407
779.334 71.0098 -0.299888 -0.0964962 0.965414
655.926 328.062 -0.0017101 0.103424 1.26802
661.666 328.873 -0.00187782 0.043957 0.966499
750.202 328.788 0.000392366 -0.0724517 1.09989
655.303 345.529 0.0168911 0.0508871 0.962713
943.043 322.217 -0.00487085 -0.237201 0.892244
910.849 217.352 -0.122352 -0.237847 0.949559
767.318 313.845 -0.0279737 -0.128119 1.26159
768.812 585.024 0.334566 -0.0841758 1.03269
812.865 64.3257 -0.30427 -0.134614 0.960893
602.036 247.462 -0.141891 0.174035 1.1596
765.207 348.864 0.0184807 -0.0648546 0.893344
675.188 138.652 -0.225709 0.0267233 0.973734
823.053 463.156 0.1461 -0.133104 0.945967
778.461 297.63 -0.0378022 -0.0954082 0.990048
713.591 628.91 0.115943 -0.0108597 0.608626
867.399 167.583 -0.187228 -0.198926 0.969717
559.919 148.815 -0.197639 0.148462 0.937261
758.166 339.288 0.0143938 -0.0771224 1.04619
935.893 282.369 -0.0514874 -0.274917 0.967852
871.514 172.306 -0.167029 -0.188087 0.933529
618.101 157.891 -0.204918 0.0951218 0.97686
703.038 179.013 -0.176762 -0.0056701 0.972208
805.191 184.4 -0.161805 -0.121029 0.952796
799.157 309.495 -0.0277744 -0.146354 1.09315
774.127 341.321 0.0167567 -0.0961926 1.03039
486.625 181.489 -0.177243 0.249175 0.974048
820.297 183.463 -0.159931 -0.135949 0.945417
935.881 461.468 0.156758 -0.273911 0.975619
696.172 268.276 -0.0615157 0.00117452 0.9037
790.623 107.887 -0.248985 -0.106163 0.952876
907.492 66.882 -0.185262 -0.15472 0.775544
598.245 425.432 0.0512629 0.0514467 0.704271
923.237 211.002 -0.116234 -0.2272 0.904486
660.334 486.239 0.155068 0.0400674 0.912735
613.47 86.9524 -0.268712 0.0915518 0.94341
750.136 332.796 0.00628407 -0.0711227 1.08995
815.034 160.199 -0.209677 -0.145878 0.998664
722.177 255.528 -0.120004 -0.032188 1.13484
761.582 277.725 -0.0621524 -0.0751118 0.989248
808.556 54.221 -0.284706 -0.118109 0.91675
649.159 128.112 -0.259208 0.0636129 1.01121
852.053 153.256 -0.206378 -0.182924 0.974099
676.167 141.516 -0.230771 0.0271149 0.990491
795.992 442.688 0.137609 -0.113979 0.991814
714.705 511.194 0.189222 -0.0142202 0.931817
594.853 5.52757 -0.388482 0.121431 0.975986
485.505 167.26 -0.244737 0.320855 1.08363
591.893 2.29628 -0.388469 0.123537 0.971523
716.065 63.7978 -0.307958 -0.0226432 0.963887
488.509 191.183 -0.188121 0.282872 1.03247
699.434 271.508 -0.0662132 -0.000479695 0.959543
720.438 262.994 -0.0974893 -0.0277359 1.08201
538.606 206.395 -0.0204419 0.0188315 0.431399
774.502 168.278 -0.143553 -0.0713313 0.859372
718.183 353.706 0.0535806 -0.0256018 1.27286
773.856 166.241 -0.142026 -0.0694029 0.850424
573.096 200.08 -0.165296 0.159592 1.00576
672.568 384.806 0.0680513 0.0362454 1.00537
747.709 249.814 -0.14073 -0.0800577 1.18302
665.829 125.231 -0.278337 0.0455004 1.03819
633.479 576.551 0.241625 0.0671143 0.909618
591.527 420.878 0.129963 0.162369 1.07715
572.97 363.291 0.0390131 0.15795 0.998928
800.754 311.55 -0.0244754 -0.147617 1.08906
613.52 378.548 0.0539414 0.0994545 0.965848
503.21 151.327 -0.400185 0.449917 1.30512
644.043 117.639 -0.247925 0.0623348 0.968055
641.638 579.713 0.503302 0.13513 1.26198
743.393 277.378 -0.172469 -0.12335 1.62023
638.331 384.106 0.200155 0.255284 1.63551
587.65 362.427 0.0406619 0.148926 1.02517
654.386 497.319 0.160756 0.0443359 0.90006
721.22 280.861 -0.155158 -0.0436498 1.59037
807.866 55.2606 -0.284184 -0.11758 0.91757
633.8 104.184 -0.624274 0.198886 1.44096
868.238 626.524 0.356619 -0.196697 0.991647
957.848 395.897 0.0674019 -0.254733 0.900716
776.164 590.832 0.489143 -0.127141 1.21574
716.297 378.328 0.0536037 -0.0179723 0.952849
731.268 180.472 -0.174106 -0.0388019 0.970733
906.571 222.557 -0.116039 -0.231859 0.947544
623.159 528.092 0.174389 0.0679322 0.867247
779.792 44.6595 -0.307666 -0.0915432 0.934121
601.678 436.529 0.100756 0.0942203 0.896876
716.917 61.4116 -0.514988 -0.0297578 1.21387
945.503 149.09 -0.19274 -0.270703 0.936465
779.966 414.83 0.0909105 -0.0851585 0.93556
801.88 571.677 0.525041 -0.200157 1.29864
507.811 115.103 -0.396912 0.358137 1.19174
583.025 265.264 -0.0853768 0.152756 1.02064
751.292 265.568 -0.155183 -0.114139 1.38427
732.886 272.251 -0.198128 -0.0888982 1.64949
832.773 341.869 0.0125348 -0.12953 0.890627
624.834 416.587 0.106828 0.0964618 1.0067
683.737 344.377 0.0159079 0.0183221 0.960163
632.572 385.817 0.0568019 0.0698727 0.927122
703.928 163.587 -0.192281 -0.00703621 0.965985
813.785 74.8909 -0.237338 -0.112281 0.875793
718.341 89.9673 -0.250992 -0.0237457 0.921732
749.986 37.0623 -0.284529 -0.0545343 0.890962
949.278 121.627 -0.194767 -0.242118 0.88155
945.812 223.173 -0.10777 -0.259031 0.92031
851.765 187.612 -0.131029 -0.145946 0.876291
836.96 171.079 -0.163118 -0.146083 0.919283
834.827 267.9 -0.0743881 -0.167677 0.997966
775.822 597.302 0.322618 -0.0868579 0.994778
717.499 581.328 0.235324 -0.0158249 0.889159
848.761 603.937 0.303968 -0.16144 0.95607
921.513 381.445 0.0674249 -0.273256 0.99991
863.438 432.879 0.117432 -0.182657 0.95794
525.053 221.114 -0.169696 0.272786 1.10261
525.84 323.147 -0.0118825 0.2434 1.05174
502.47 314.746 -0.0185778 0.201206 0.919404
528.347 327.801 -0.00571745 0.387758 1.29792
515.48 136.157 -0.251809 0.236564 1.01378
509.71 77.0605 -0.349394 0.26012 1.04182
622.788 163.822 -0.210161 0.0961857 1.00439
578.638 203.551 -0.159751 0.151493 1.00269
568.456 157.515 -0.2071 0.154964 0.979313
635.943 569.748 0.255003 0.0711047 0.943274
665.09 577.455 0.245807 0.0364007 0.914223
576.649 558.675 0.313723 0.177615 1.0597
605.503 591.673 0.338636 0.129397 1.03181
570.97 424.026 0.107749 0.152799 0.978127
