526.564 484.226 0.205547 0.236555 1.03552
622.302 495.459 0.161056 0.076278 0.895962
782.841 614.691 0.390253 -0.103429 1.04669
941.157 250.739 -0.0653934 -0.219573 0.862832
588.507 264.068 -0.0891603 0.159865 1.0558
780.296 178.203 -0.152118 -0.0852038 0.917779
779.937 91.4202 -0.252697 -0.0893917 0.934592
754.798 115.474 -0.218535 -0.0599218 0.919266
938.567 327.598 0.00503763 -0.289531 0.990959
782.044 620.183 0.298368 -0.0799064 0.91918
719.234 572.715 0.238093 -0.016367 0.899614
798.156 479.529 0.153514 -0.0967405 0.909611
846.037 590.627 0.309267 -0.165159 0.977348
861.935 421.563 0.123448 -0.202339 1.01324
867.744 425.791 0.119558 -0.195542 0.979683
515.402 320.146 -0.0109106 0.231422 1.00013
543.924 242.031 -0.0983906 0.177981 0.960797
496.789 114.508 -0.232578 0.218622 0.938074
537.438 142.212 -0.231126 0.201952 0.997266
548.358 123.101 -0.230483 0.168922 0.952868
506.25 499.598 0.188161 0.218292 0.954673
635.646 571.261 0.249276 0.0692682 0.92301
671.958 547.464 0.263424 0.0389841 0.989399
578.374 427.355 0.125478 0.158945 1.013
732.449 175.206 -0.175134 -0.0385906 0.96748
820.283 404.69 0.0771848 -0.117119 0.897689
570.006 272.076 -0.0791933 0.188302 1.0617
619.493 418.13 0.0992569 0.0908872 0.949876
704.361 156.941 -0.187158 -0.00643703 0.945698
793.495 119.234 -0.223798 -0.104237 0.937536
715.97 39.8495 -0.293019 -0.0203152 0.911697
906.867 218.176 -0.119749 -0.235727 0.956963
897.583 322.209 -0.00225678 -0.275143 1.05894
904.561 136.453 -0.183198 -0.203685 0.894196
719.82 573.654 0.233311 -0.0167979 0.889974
818.518 498.617 0.306361 -0.196439 1.17906
542.981 188.077 -0.166861 0.186942 0.979013
517.663 174.765 -0.248672 0.300281 1.12616
589.646 304.444 -0.0324932 0.157773 1.05346
675.83 67.4187 -0.247355 0.0190212 0.88433
596.363 611.216 0.315444 0.121034 0.960279
610.459 425.197 0.10349 0.0973971 0.936485
601.089 354.689 0.0481822 0.185145 1.17726
718.67 369.033 0.0526232 -0.0200681 0.998828
815.059 164.559 -0.189285 -0.13704 0.973885
782.639 26.1275 -0.294078 -0.0859056 0.894928
754.187 116.209 -0.220143 -0.0597907 0.923732
716.054 27.0832 -0.28102 -0.0198406 0.877538
751.564 35.8874 -0.284662 -0.0550973 0.894941
838.191 183.629 -0.136114 -0.136263 0.889948
842.245 161.304 -0.158981 -0.141631 0.893087
893.775 136.728 -0.1797 -0.18975 0.886894
719.365 568.313 0.236502 -0.0166058 0.904104
865.175 423.742 0.120418 -0.197566 0.991962
500.622 321.381 -0.0086192 0.218258 0.944054
608.961 206.073 -0.176504 0.135796 1.07291
572.143 302.371 -0.0286377 0.142003 0.949112
637.398 562.399 0.251565 0.0710768 0.942141
666.542 571.206 0.241315 0.0358714 0.908924
591.328 623.353 0.305563 0.117021 0.929198
917.035 321.78 -0.00236274 -0.257461 0.980494
918.463 258.293 -0.0729532 -0.244421 0.950627
622.734 412.027 0.110929 0.106691 1.02957
575.453 543.111 0.279111 0.16929 1.02815
822.621 151.313 -0.202756 -0.144867 0.969174
854.836 147.909 -0.203386 -0.180329 0.962841
855.011 613.033 0.273516 -0.145236 0.89201
563.536 271.995 -0.0722625 0.178062 1.01609
805.164 2.48384 -0.2647 -0.0923724 0.826033
510.249 127.095 -0.242604 0.227889 0.98307
725.427 343.918 0.0129107 -0.021996 0.79781
568.654 31.8599 -0.265617 0.113177 0.860319
584.963 231.032 -0.126783 0.152813 1.02353
603.303 196.662 -0.16382 0.121837 1.00164
916.619 213.724 -0.11551 -0.229531 0.924506
784.867 619.214 0.388701 -0.104301 1.03749
664.516 191.242 -0.139921 0.0348376 0.917729
591.578 267.938 -0.0881618 0.164862 1.08178
838.457 167.183 -0.161953 -0.145001 0.915366
523.078 358.358 0.00918385 0.0458914 0.540052
725.409 180.28 -0.158693 -0.0291685 0.939644
575.274 422.315 0.112755 0.153626 0.988507
592.274 461.744 0.0921155 0.0722822 0.773625
835.828 568.565 0.306803 -0.165112 1.01254
917.01 381.473 0.0738203 -0.274691 1.01433
536.349 138.474 -0.234531 0.202099 0.994789
561.734 527.573 0.0814093 0.0517342 0.618225
652.916 504.889 0.14718 0.0389154 0.83929
531.208 307.765 -0.0272004 0.223117 1.02266
832.781 135.766 -0.18555 -0.133796 0.896189
882.407 69.753 -0.220767 -0.163567 0.847364
589.425 204.889 -0.129555 0.115293 0.927035
606.186 200.61 -0.169866 0.127484 1.03288
919.283 319.367 -0.00514341 -0.256754 0.974286
780.342 153.547 -0.195135 -0.0929005 0.957055
622.037 413.691 0.110898 0.105322 1.02057
585.09 303.412 -0.0320443 0.15332 1.02382
703.193 154.717 -0.183814 -0.00538911 0.932507
717.685 19.9868 -0.271815 -0.020908 0.855712
907.478 142.737 -0.178609 -0.208215 0.897852
575.419 44.409 -0.273194 0.116077 0.888269
733.811 126.322 -0.200248 -0.0369697 0.904968
523.385 481.388 0.19366 0.230648 1.01649
596.045 190.457 -0.158162 0.119453 0.9649
660.823 187.71 -0.136397 0.0360644 0.896737
802.483 55.931 -0.269349 -0.106792 0.90255
600.774 304.388 -0.0377657 0.170086 1.13545
768.992 345.114 0.0174076 -0.0641517 0.870409
768.45 568.128 0.342877 -0.0881427 1.06813
582.459 357.767 0.0401554 0.16363 1.04131
545.902 614.171 0.274121 0.151486 0.898492
904.159 513.693 0.163654 -0.176969 0.853394
797.757 469.369 0.149772 -0.100219 0.927279
582.109 233.763 -0.148989 0.192686 1.11727
803.574 49.9305 -0.260272 -0.102682 0.880175
788.924 132.395 -0.178187 -0.0859383 0.872307
558.488 306.502 -0.0361383 0.246775 1.1505
705.973 185.155 -0.217313 -0.00577628 1.10056
824.128 462.787 0.138498 -0.124036 0.913075
606.445 393.995 0.0914315 0.134932 1.05242
589.909 184.092 -0.147461 0.111188 0.915695
538.028 472.799 0.209325 0.243891 1.08
851.242 411.037 0.125568 -0.213515 1.07548
498.21 116.358 -0.23284 0.219385 0.942273
515.06 132.867 -0.247533 0.234149 1.00545
853.209 149.538 -0.208007 -0.183787 0.976717
608.847 196.752 -0.168331 0.118595 1.01466
640.443 100.41 -0.235119 0.0589453 0.918519
691.941 322.026 -0.00533036 0.0100603 0.956657
818.442 461.401 0.142632 -0.122628 0.929547
668.173 193.076 -0.141136 0.0320716 0.927116
582.229 454.844 0.135438 0.128806 0.939758
683.275 341.134 0.0139552 0.0162719 0.904012
798.453 635.097 0.393758 -0.117794 1.01893
776.893 418.682 0.090645 -0.0748852 0.900016
704.058 154.158 -0.183231 -0.00636162 0.929833
824.192 410.595 0.0772837 -0.113424 0.870032
602.311 273.108 -0.0952033 0.180175 1.17187
679.066 417.346 0.0997775 0.02534 0.951762
720.042 587.401 0.221 -0.0162734 0.848252
524.463 314.514 -0.0193922 0.24428 1.04581
546.907 63.2401 -0.267151 0.15102 0.906678
866.751 499.215 0.172473 -0.163811 0.906
804.504 418.76 0.0849135 -0.0958857 0.872409
511.6 315.89 -0.015753 0.228085 0.985394
594.729 618.115 0.310622 0.117759 0.943496
678.197 80.3158 -0.256511 0.0195428 0.919683
616.785 372.483 0.0484669 0.0919201 0.943605
682.386 340.683 0.013032 0.0162064 0.890688
713.477 331.579 0.00783233 -0.014432 1.07482
930.253 223.447 -0.120386 -0.277732 0.983129
646.913 420.702 0.101033 0.0596548 0.943792
545.641 307.247 -0.0318162 0.239661 1.09522
542.422 419.977 0.10173 0.178835 0.956893
660.904 478.359 0.167271 0.0464953 0.954196
919.88 375.177 0.0651717 -0.275899 1.00968
647.974 420.318 0.103037 0.0601659 0.953772
684.387 339.775 0.0128681 0.0156317 0.911176
562.514 241.775 -0.198194 0.334013 1.33073
570.193 362.212 0.0388857 0.151629 0.968212
667.198 567.348 0.236953 0.0350617 0.907896
585.803 255.864 -0.211722 0.367053 1.50004
635.355 378.287 0.0540255 0.0702697 0.936019
628.039 488.812 0.165012 0.0760967 0.921891
481.058 180.398 -0.182659 0.269578 0.993474
497.738 165.466 -0.195596 0.242118 0.981498
630.581 491.116 0.0867704 0.0330631 0.690585
559.897 452.606 0.232291 0.275669 1.21097
926.572 208.578 -0.112256 -0.223878 0.894535
877.588 432.183 0.112103 -0.18412 0.92591
558.71 586.429 0.282734 0.160057 0.953066
800.659 486.779 0.150104 -0.0933718 0.88234
638.809 562.07 0.251237 0.0695547 0.942135
851.647 148.578 -0.147204 -0.131315 0.83495
591.443 200.763 -0.14385 0.122529 0.957561
756.2 106.82 -0.211784 -0.0580528 0.89021
757.228 106.149 -0.21034 -0.0585934 0.886306
583.961 360.065 0.0439301 0.164157 1.04817
824.479 145.538 -0.175393 -0.125051 0.894859
764.476 283.165 -0.0679876 -0.0980646 1.12575
764.231 283.184 -0.0642662 -0.0929583 1.09636
539.875 270.804 -0.0588406 0.162093 0.913723
713.404 398.355 0.0877984 -0.0130778 0.995192
912.762 553.23 0.146017 -0.138539 0.747132
711.227 342.574 0.0173005 -0.0114157 0.940866
615.011 421.502 0.108514 0.101721 0.972798
814.875 356.242 0.0314557 -0.117016 0.914757
858.011 593.907 0.259984 -0.150776 0.898759
783.528 630.438 0.291114 -0.0773128 0.895394
793.334 467.806 0.159819 -0.102184 0.959449
550.585 315.142 -0.0227426 0.274028 1.17694
795.859 471.348 0.156022 -0.100587 0.938754
780.184 339.276 0.0161475 -0.0930058 0.97773
668.72 566.877 0.24341 0.0348642 0.919665
530.709 477.176 0.201411 0.237229 1.04745
596.377 21.7845 -0.316569 0.10353 0.916483
933.948 434.202 0.129193 -0.271277 0.975078
558.796 598.765 0.299448 0.161985 0.957948
670.621 555.379 0.255496 0.0373444 0.960638
639.537 552.19 0.132571 0.0330036 0.723588
629.662 483.646 0.159797 0.0743877 0.92192
915.493 518.809 0.151992 -0.16984 0.816053
679.562 203.608 -0.151033 0.02551 0.992787
804.366 304.33 -0.0272624 -0.134508 1.02516
875.854 436.916 0.110846 -0.173343 0.90402
717.923 374.592 0.0521796 -0.0182597 0.943006
782.311 144.987 -0.18782 -0.0883358 0.920345
946.117 386.697 0.0684071 -0.266208 0.941167
781.109 148.29 -0.190948 -0.0897129 0.934928
584.028 229.903 -0.126644 0.151869 1.01751
578.756 198.775 -0.16046 0.151517 0.998671
545.491 190.814 -0.167036 0.188189 0.988424
809.693 51.4806 -0.262456 -0.10987 0.885767
785.173 137.28 -0.180383 -0.0851323 0.887111
813.646 38.3927 -0.251829 -0.105205 0.851786
562.229 273.089 -0.0768116 0.196308 1.05481
674.774 401.281 0.0709006 0.0242892 0.892123
850.89 412.905 0.129858 -0.215401 1.08151
829.691 260.963 -0.0881063 -0.176993 1.04858
775.356 339.213 0.0193955 -0.10165 1.05923
624.052 409.798 0.110383 0.107451 1.03952
783.161 580.534 0.330498 -0.100841 1.02667
815.531 450.941 0.16731 -0.148469 1.03486
593.751 283.696 -0.0094519 0.017716 0.490184
658.532 187.909 -0.134706 0.0377536 0.892246
551.504 526.043 0.187488 0.143305 0.892505
948.938 184.863 -0.153254 -0.27781 0.946083
520.169 12.8354 -0.451166 0.257095 1.05986
750.878 104.343 -0.260239 -0.0617368 0.971178
787.605 45.9782 -0.290802 -0.0952333 0.91852
482.222 177.683 -0.18782 0.270924 0.997894
802.056 258.3 -0.0950886 -0.142557 1.06334
785.568 135.675 -0.178922 -0.08431 0.880558
814.304 392.972 0.0836689 -0.138088 0.998845
555.105 74.0613 -0.278644 0.15652 0.941632
560.929 409.135 0.111834 0.198896 1.05467
483.653 256.522 -0.10186 0.307722 1.05748
509.169 65.0216 -0.439934 0.322301 1.13917
885.532 493.964 0.178056 -0.193186 0.930797
888.999 74.3476 -0.246924 -0.191322 0.897808
574.404 195.247 -0.155434 0.147065 0.972123
814.297 600.01 0.420067 -0.163789 1.1072
647.336 421.24 0.103722 0.0606611 0.95245
676.218 422.295 0.0987006 0.0260827 0.925222
485.541 284.23 -0.0625539 0.303191 1.05462
806.67 304.977 -0.0272069 -0.141733 1.04072
810.833 389.181 0.0850312 -0.142998 1.03236
494.442 330.384 0.00236968 0.338007 1.12646
568.56 270.713 -0.0806766 0.18912 1.0588
915.803 214.272 -0.113864 -0.226604 0.920592
721.275 78.9894 -0.244346 -0.0247873 0.898484
611.195 64.7363 -0.354245 0.119482 1.03312
668.511 77.672 -0.312386 0.038244 0.999806
684.633 210.83 -0.145201 0.0200872 1.00274
491.899 174.924 -0.182602 0.246708 0.977415
676.395 422.618 0.0978137 0.0254398 0.920121
507.764 193.472 -0.205585 0.296798 1.09526
771.516 408.801 0.0972636 -0.0812303 0.976433
815.492 457.087 0.145764 -0.125523 0.952259
773.209 628.719 0.37644 -0.0840115 1.0083
778.412 184.508 -0.156904 -0.0887035 0.949196
847.042 155.702 -0.154594 -0.138336 0.868948
799.843 305.715 -0.0294964 -0.14789 1.10038
733.129 289.104 -0.0605883 -0.0480753 1.13983
606.21 218.268 -0.134296 0.116123 0.993779
927.473 261.87 -0.0628785 -0.233142 0.912341
519.292 441.334 0.0273991 0.0365611 0.49573
628.823 624.346 0.439144 0.116873 1.09309
959.584 528.487 0.219004 -0.275231 0.938229
900.83 12.1051 -0.261621 -0.174683 0.83398
814.114 453.993 0.145437 -0.126462 0.961463
731.441 180.136 -0.183381 -0.0393939 1.00294
622.199 395.352 0.0743 0.0876023 0.949479
721.637 266.793 -0.115727 -0.0322371 1.23378
764.183 283.034 -0.069099 -0.0987261 1.13272
760.753 245.76 -0.128423 -0.0928739 1.125
789.361 254.681 -0.10589 -0.130543 1.08953
694.719 265.736 -0.0991034 0.0149662 1.13422
559.197 586.845 0.284824 0.160509 0.955541
525.001 75.1472 -0.268424 0.182753 0.927314
819.043 333.576 0.0120577 -0.161124 1.05127
853.09 593.132 0.39092 -0.213538 1.0824
763.728 106.703 -0.257892 -0.0770188 0.97221
505.183 180.427 -0.219365 0.291919 1.0812
573.414 193.657 -0.155009 0.145837 0.965629
612.114 139.969 -0.192625 0.0879374 0.915369
838.106 167.9 -0.162978 -0.146084 0.919838
862.079 184.75 -0.224813 -0.258465 1.12263
862.115 297.392 -0.055079 -0.328225 1.26994
809.339 195.711 -0.174188 -0.146462 1.03497
765.652 283.022 -0.0666581 -0.0979684 1.11366
787.677 368.493 0.0488229 -0.0982423 0.962389
500.262 518.83 0.191103 0.204669 0.916856
653.476 130.566 -0.266648 0.0639229 1.03784
910.293 116.617 -0.156514 -0.164408 0.797878
938.887 286.839 -0.0352939 -0.231237 0.889296
745.233 296.177 -0.0429849 -0.0614573 1.07437
804.742 307.939 -0.0240127 -0.143676 1.05802
789.442 262.773 -0.114206 -0.15659 1.1956
642.558 97.4672 -0.232439 0.0550585 0.908564
532.411 100.516 -0.391969 0.293403 1.15622
565.856 152.674 -0.204947 0.156158 0.970438
812.636 162.162 -0.192781 -0.13461 0.975293
764.287 76.0011 -0.24841 -0.0678652 0.900908
792 307.633 -0.0318417 -0.161496 1.20188
786.262 263.183 -0.121401 -0.160357 1.23412
628.29 394.341 0.0627692 0.0677301 0.886551
767.627 311.544 -0.0281124 -0.12936 1.27375
665.413 469.251 0.164751 0.0438907 0.974114
587.791 234.012 -0.129326 0.157842 1.04811
568.312 170.185 -0.276381 0.237583 1.16825
766.057 285.229 -0.057547 -0.0907424 1.06567
757.866 176.427 -0.175048 -0.0687472 0.971678
499.764 510.121 0.158659 0.177067 0.861575
593.289 75.9349 -0.293842 0.122761 0.968259
601.628 32.4599 -0.324154 0.104989 0.941317
935.073 551.761 0.147599 -0.155134 0.752245
738.874 84.8884 -0.336071 -0.0544222 1.04882
696.401 263.1 -0.0867168 0.00788962 1.04486
732.565 329.867 0.00540192 -0.0411169 1.05456
805.294 482.931 0.140125 -0.0939645 0.864782
879.087 454.628 0.144189 -0.196448 0.952505
898.52 153.529 -0.184611 -0.217719 0.936574
580.061 303.953 -0.0299287 0.151262 1.00031
739.704 626.898 0.383097 -0.0429752 1.02
885.68 37.0501 -0.278625 -0.185265 0.889804
792.447 253.731 -0.0981234 -0.124663 1.04546
723.077 253.064 -0.120895 -0.0322126 1.14088
502.582 51.5847 -0.423848 0.303899 1.09424
823.402 631.06 0.443549 -0.168756 1.08149
589.65 207.675 -0.171845 0.161244 1.06543
641.17 220.115 -0.140057 0.0787625 1.02275
727.413 257.15 -0.127042 -0.0422567 1.20042
607.003 38.4147 -0.399115 0.128015 1.04359
946.27 585.132 0.359767 -0.33115 1.0535
836.088 258.008 -0.0791468 -0.161212 0.977916
638.217 217.354 -0.135803 0.0772797 0.996573
733.046 336.423 0.0122795 -0.0376583 0.985142
608.499 304.361 -0.0291362 0.116704 1.00297
539.559 263.647 -0.0656204 0.161044 0.910585
516.589 179.002 -0.186567 0.229425 0.999992
735.581 287.46 -0.0525173 -0.0454313 1.04364
780.7 66.9685 -0.300086 -0.0964818 0.964991
656.875 325.461 -0.00190903 0.103439 1.2676
662.953 325.321 -0.00207674 0.0439713 0.966076
751.212 325.742 0.000193438 -0.0724373 1.09946
656.616 341.931 0.0166922 0.0509015 0.96229
944.314 318.347 -0.00506977 -0.237187 0.89182
912.269 213.679 -0.122551 -0.237833 0.949135
768.181 311.252 -0.0281726 -0.128104 1.26117
769.712 580.68 0.334367 -0.0841614 1.03227
814.328 60.2067 -0.304469 -0.1346 0.960469
603.051 244.622 -0.14209 0.174049 1.15918
766.487 344.948 0.0182818 -0.0648403 0.892921
676.361 134.986 -0.225908 0.0267377 0.973311
824.056 459.204 0.145902 -0.133089 0.945544
779.614 294.211 -0.0380011 -0.0953938 0.989625
715.821 621.387 0.115744 -0.0108454 0.608202
868.825 163.883 -0.187427 -0.198911 0.969293
561.142 145.1 -0.197838 0.148476 0.936838
759.227 336.049 0.0141949 -0.077108 1.04577
937.171 278.852 -0.0516863 -0.274903 0.967428
872.976 168.477 -0.167228 -0.188073 0.933105
619.256 154.321 -0.205117 0.0951361 0.976436
704.244 175.43 -0.176961 -0.00565574 0.971784
806.513 180.709 -0.162004 -0.121015 0.952373
800.174 306.445 -0.0279734 -0.146339 1.09273
775.195 338.024 0.0165577 -0.0961783 1.02996
487.893 178.016 -0.177442 0.249189 0.973624
821.649 179.733 -0.16013 -0.135934 0.944993
936.683 457.723 0.15656 -0.273897 0.975195
697.508 264.481 -0.0617146 0.00118889 0.903276
791.999 103.961 -0.249184 -0.106148 0.952452
909.422 61.9077 -0.185461 -0.154705 0.77512
600.372 419.927 0.0510639 0.0514611 0.703847
924.737 207.115 -0.116432 -0.227185 0.904063
661.8 481.927 0.154869 0.0400818 0.912312
614.608 83.0434 -0.268911 0.0915662 0.942987
751.155 329.714 0.00608514 -0.0711083 1.08953
816.344 156.606 -0.209876 -0.145864 0.99824
723.181 252.597 -0.120203 -0.0321737 1.13442
762.753 274.306 -0.0623514 -0.0750974 0.988824
810.072 49.9087 -0.284904 -0.118095 0.916326
650.243 124.558 -0.259407 0.0636273 1.01078
853.468 149.534 -0.206577 -0.18291 0.973676
677.316 137.918 -0.23097 0.0271293 0.990067
796.996 438.994 0.13741 -0.113965 0.99139
715.972 506.881 0.189023 -0.0142058 0.931393
595.797 1.3479 -0.388681 0.121446 0.975562
486.539 164.143 -0.244936 0.320869 1.08321
717.298 59.7723 -0.308157 -0.0226289 0.963463
489.693 187.938 -0.188319 0.282887 1.03205
700.672 267.971 -0.0664121 -0.000465334 0.95912
721.5 259.909 -0.0976882 -0.0277215 1.08159
542.891 196.235 -0.0206408 0.0188459 0.430976
775.955 164.14 -0.143752 -0.0713169 0.858948
719.054 351.086 0.0533816 -0.0255875 1.27244
775.326 162.052 -0.142225 -0.0693886 0.85
574.27 196.716 -0.165495 0.159607 1.00534
673.807 381.298 0.0678524 0.0362597 1.00495
748.676 247.002 -0.140929 -0.0800434 1.1826
666.886 121.74 -0.278536 0.0455147 1.03776
635.115 571.668 0.241426 0.0671287 0.909195
592.926 417.469 0.129764 0.162383 1.07673
574.426 359.785 0.0388142 0.157965 0.998504
801.772 308.486 -0.0246743 -0.147603 1.08864
614.945 374.875 0.0537425 0.0994689 0.965425
503.881 148.678 -0.400384 0.449931 1.3047
645.188 113.906 -0.248124 0.0623492 0.967632
642.887 575.769 0.503103 0.135144 1.26155
744.07 275.396 -0.172668 -0.123336 1.61981
639.171 381.992 0.199956 0.255299 1.63508
589.032 359.029 0.040463 0.148941 1.02475
655.9 492.886 0.160557 0.0443503 0.899637
721.899 278.847 -0.155357 -0.0436354 1.58995
809.378 50.9571 -0.284382 -0.117566 0.917147
634.339 101.367 -0.624473 0.198901 1.44053
868.796 621.856 0.35642 -0.196683 0.991224
958.921 391.986 0.067203 -0.254719 0.900292
776.81 586.895 0.488944 -0.127127 1.21532
717.531 374.629 0.0534047 -0.0179579 0.952425
732.495 176.875 -0.174305 -0.0387876 0.970309
907.975 218.887 -0.116238 -0.231845 0.947121
624.87 523.301 0.17419 0.0679465 0.866823
781.221 40.3825 -0.307865 -0.0915288 0.933697
603.316 432.327 0.100557 0.0942346 0.896453
717.854 57.922 -0.515187 -0.0297435 1.21345
947.175 145.161 -0.192939 -0.270689 0.936042
781.11 410.976 0.0907116 -0.0851441 0.935136
802.363 568.078 0.524842 -0.200142 1.29822
508.514 112.088 -0.39711 0.358151 1.19132
584.272 261.987 -0.0855757 0.15277 1.02022
752.103 263.209 -0.155382 -0.114124 1.38385
733.546 270.301 -0.198327 -0.0888838 1.64906
834.012 337.96 0.0123358 -0.129516 0.890204
626.212 412.961 0.106629 0.0964761 1.00628
685.007 340.775 0.015709 0.0183365 0.95974
634.021 381.953 0.056603 0.069887 0.926698
705.144 159.945 -0.19248 -0.00702185 0.965562
815.348 70.5129 -0.237537 -0.112267 0.875369
719.646 85.908 -0.251191 -0.0237313 0.921309
751.416 32.6234 -0.284728 -0.0545199 0.890538
951.07 117.369 -0.194966 -0.242104 0.881127
947.304 219.375 -0.107969 -0.259017 0.919886
853.246 183.568 -0.131228 -0.145931 0.875867
838.385 167.202 -0.163317 -0.146068 0.918859
836.015 264.504 -0.074587 -0.167662 0.997543
776.743 592.753 0.322419 -0.0868435 0.994354
718.829 576.4 0.235125 -0.0158106 0.888736
849.486 599.282 0.303769 -0.161425 0.955646
922.495 378.005 0.067226 -0.273241 0.999486
864.406 429.111 0.117233 -0.182643 0.957516
526.166 218.114 -0.169895 0.2728 1.10219
527.266 319.923 -0.0120815 0.243415 1.05132
504.14 310.987 -0.0187767 0.20122 0.91898
529.543 325.252 -0.00591638 0.387773 1.29749
516.536 132.726 -0.252008 0.236578 1.01336
510.563 73.5168 -0.349593 0.260135 1.04139
623.902 160.364 -0.21036 0.0962001 1.00397
579.819 200.177 -0.15995 0.151507 1.00226
569.607 153.98 -0.207299 0.154978 0.97889
480.412 534.298 0.177717 0.192188 0.857882
637.511 565.055 0.254804 0.0711191 0.942851
666.583 572.617 0.245609 0.0364151 0.9138
578.349 554.396 0.313524 0.17763 1.05927
607.132 587.087 0.338437 0.129412 1.03139
572.561 420.232 0.10755 0.152813 0.977704
