839.74 562.265 0.155129 -0.072255 0.664451
850.183 192.183 -0.159303 -0.283023 1.25443
749.891 384.62 1.27321 -0.546247 3.27324
832.105 479.431 0.096353 -0.0570702 0.610432
842.198 159.093 -0.0984473 -0.144687 0.930799
855.284 560.124 0.299761 -0.155749 0.905524
897.304 65.5853 -0.190741 -0.200584 0.937923
719.735 539.174 0.326976 -0.021381 0.98136
502.905 521.229 0.0977773 0.0575792 0.574936
851.487 579.491 0.143047 -0.0682613 0.625198
825.016 181.509 -0.108089 -0.161325 1.04377
858.834 589.622 0.138971 -0.0673225 0.609016
718.108 408.656 0.0723375 -0.0141287 0.626871
940.097 467.228 0.239261 -0.281697 0.977616
715.342 326.348 0.100111 -0.0205483 1.2769
730.536 318.307 0.329156 -0.537388 5.21069
654.885 108.423 -0.0461848 0.00981524 0.627939
720.261 307.274 -0.0356493 -0.117259 4.57066
728.762 325.139 0.128511 -0.0665457 1.58807
689.649 5.00708 -0.0787786 -0.00448062 0.611553
607.152 578.461 0.0769066 0.0114246 0.478157
815.119 363.301 0.0446308 -0.0420953 0.559308
788.351 339.877 0.079894 -0.0902864 0.921206
805.341 94.5835 -0.475564 -0.257192 1.45043
744.412 92.4911 -0.0844245 -0.0323904 0.734737
745.43 4.36893 -0.103017 -0.0286116 0.670619
647.031 403.994 0.0733852 0.0159505 0.641924
820.083 453.087 0.204653 -0.129074 0.941149
784.657 249.872 -0.0253582 -0.11618 1.07436
851.942 406.487 0.198728 -0.21662 1.07842
727.168 301.247 -0.0562338 -0.202933 3.45317
629.698 97.1073 -0.0555558 0.0217265 0.646532
767.756 375.407 0.620179 -0.436954 2.37666
713.788 251.988 -0.233201 -0.0161305 2.05959
549.385 483.14 0.10829 0.0591985 0.644511
529.794 292.172 0.0251878 0.404757 1.34814
567.701 521.553 0.0928593 0.0335633 0.56062
839.087 354.999 0.0280733 -0.0298175 0.442699
827.017 499.794 0.0933379 -0.0494586 0.57965
647.437 484.506 0.106464 0.0157469 0.636337
572.543 390.622 0.0246846 0.00574571 0.381517
626.527 303.086 0.0402208 0.0608262 0.872094
562.173 424.855 0.0711702 0.0421106 0.596825
951.643 95.8767 -0.105125 -0.182309 0.800989
690.179 316.035 0.0532389 0.00618247 0.89082
513.176 446.677 0.0759956 0.0566333 0.585939
852.407 147.78 -0.0911922 -0.135764 0.874058
725.843 325.76 0.11837 -0.0511152 1.46999
877.744 166.241 -0.138127 -0.244251 1.07662
614.29 3.11337 -0.0461443 0.0117021 0.514051
745.854 295.741 -0.0417814 -0.320603 2.68035
716.07 152.459 -0.637988 -0.0318528 1.91188
530.48 142.845 -0.0541134 0.0863088 0.722526
808.222 446.464 0.11603 -0.0670058 0.71922
872.859 401.579 0.0855307 -0.0967786 0.69738
720.288 291.399 -0.0877484 -0.0680313 2.69496
627.321 22.0657 -0.144551 0.040081 0.779482
723.964 308.978 -0.0947547 -0.332559 5.81695
856.846 77.0302 -0.0715995 -0.0803105 0.673289
846.323 336.483 0.0675187 -0.122765 0.84169
909.729 74.6786 -0.0726077 -0.104928 0.673531
716.891 400.365 0.0836776 -0.0148326 0.695367
794.073 383.572 0.801659 -0.766415 2.57401
907.544 445.721 0.271496 -0.316842 1.10643
538.139 359.258 0.105135 0.180362 0.966977
543.784 295.916 0.0328362 0.121764 0.8427
