523.806 480.07 0.202111 0.234741 1.0292
654.466 627.152 0.424135 0.0728648 1.06496
620.519 490.952 0.157917 0.0760247 0.891078
782.233 609.08 0.387859 -0.103084 1.04795
942.911 243.726 -0.0674845 -0.219415 0.866736
585.088 256.672 -0.0891409 0.157676 1.04157
783.381 166.827 -0.150569 -0.0835676 0.902078
781.137 83.1434 -0.255275 -0.0892483 0.939803
755.961 106.35 -0.220127 -0.0595621 0.92088
942.158 322.225 0.00324876 -0.286846 0.985617
783.821 624.302 0.289248 -0.0778164 0.897657
718.59 574.732 0.230993 -0.0155811 0.880285
798.468 474.04 0.151162 -0.0962525 0.909991
846.154 586.457 0.305881 -0.163931 0.975046
869.366 421.544 0.117793 -0.194759 0.977834
868.585 420.805 0.117294 -0.194432 0.979218
518.792 313.456 -0.0134278 0.235745 1.02101
542.338 234.472 -0.100044 0.177937 0.961692
494.891 104.924 -0.234248 0.218475 0.940058
536.746 134.416 -0.23365 0.202702 1.00277
546.308 113.299 -0.231471 0.168647 0.952326
508.671 490.263 0.1881 0.221092 0.969005
671.503 541.141 0.261657 0.0392872 0.992898
576.717 422.156 0.123018 0.158414 1.01024
733.044 166.864 -0.176173 -0.0380086 0.966165
822.13 399.872 0.0745864 -0.115491 0.890436
569.386 265.781 -0.0811656 0.188869 1.06594
617.172 413.764 0.0963686 0.0900059 0.93981
704.259 143.834 -0.183828 -0.0059615 0.92491
794.517 111.462 -0.226385 -0.10401 0.943057
716.976 31.0246 -0.296209 -0.0202464 0.918355
909.332 211.229 -0.121443 -0.235071 0.958143
902.941 317.17 -0.00366406 -0.269809 1.04168
908.484 126.906 -0.183972 -0.202183 0.891987
719.34 572.045 0.228356 -0.016291 0.879933
815.737 489.015 0.310283 -0.20053 1.20724
541.134 179.8 -0.16822 0.186766 0.979186
517.823 168.761 -0.252235 0.302607 1.13668
588.183 298.23 -0.0340627 0.157091 1.05053
676.076 56.7159 -0.248823 0.0192316 0.885587
595.386 605.275 0.312917 0.121136 0.961016
610.012 418.584 0.101669 0.097979 0.941012
592.68 352.187 0.0452384 0.175354 1.11733
718.802 364.163 0.0503234 -0.0197162 0.988002
817.943 154.67 -0.188351 -0.134757 0.963966
782.953 20.7124 -0.300285 -0.0864324 0.910267
756.273 102.849 -0.217726 -0.0586218 0.909863
716.903 20.6362 -0.286507 -0.0196815 0.890927
752.192 30.3646 -0.290811 -0.055423 0.91032
841.542 173.888 -0.136357 -0.134429 0.882911
845.07 151.903 -0.159745 -0.140349 0.890033
884.185 141.007 -0.193383 -0.200915 0.942721
718.594 567.32 0.231203 -0.0158027 0.892278
867.15 419.579 0.117622 -0.195537 0.985919
497.001 314.477 -0.0102987 0.21676 0.939034
608.999 199.885 -0.179226 0.136758 1.08086
567.365 295.221 -0.0294974 0.139481 0.932537
637.377 554.679 0.250497 0.0715011 0.948738
666.485 562.206 0.240876 0.0364143 0.918435
590.343 617.166 0.303075 0.117135 0.930196
919.147 316.137 -0.00421697 -0.256142 0.97976
916.937 252.876 -0.0762581 -0.247681 0.966951
622.135 406.28 0.109095 0.10714 1.03244
573.562 538.989 0.275318 0.168395 1.02337
824.211 143.624 -0.204565 -0.144468 0.971824
856.683 139.816 -0.204733 -0.179062 0.96357
858.166 615.659 0.26598 -0.141419 0.874549
743.838 633.225 0.370646 -0.0462775 0.99108
562.414 265.27 -0.0740411 0.1782 1.01789
505.51 115.472 -0.241265 0.225272 0.974001
725.07 338.255 0.0113425 -0.0203537 0.772461
576.76 37.9047 -0.281733 0.119138 0.906517
583.369 223.572 -0.127959 0.152407 1.02148
599.515 186.33 -0.161971 0.120015 0.98465
919.453 206.441 -0.117152 -0.228844 0.925317
783.214 608.834 0.390801 -0.105186 1.05193
664.691 183.854 -0.142482 0.0353259 0.924155
589.578 261.235 -0.0890448 0.163774 1.07553
838.691 160.963 -0.165565 -0.145834 0.926524
522.789 345.056 0.00681614 0.0469605 0.547692
726.031 172.723 -0.160812 -0.0289807 0.94365
573.296 417.112 0.110199 0.152906 0.984487
588.721 457.368 0.0889769 0.0714927 0.76439
837.436 568.327 0.30004 -0.161613 0.997826
921.228 377.415 0.0711389 -0.27053 1.00288
536.459 131.531 -0.237979 0.203716 1.00419
556.167 524.527 0.0782078 0.0511193 0.609767
651.044 501.734 0.143338 0.0386911 0.829868
530.93 301.199 -0.0294911 0.224595 1.02982
835.618 125.716 -0.186079 -0.132541 0.892851
884.332 61.1484 -0.223722 -0.163851 0.853694
587.316 195.838 -0.13031 0.114719 0.922543
604.457 192.122 -0.169773 0.126219 1.02567
927.486 313.91 -0.00628874 -0.249631 0.950988
782.736 143.032 -0.194178 -0.0915926 0.947299
621.094 408.111 0.108672 0.105492 1.02066
584.049 297.021 -0.0338062 0.153072 1.02398
703.961 149.165 -0.188482 -0.00525858 0.948013
718.373 10.6553 -0.274973 -0.0204554 0.862459
912.622 132.222 -0.17846 -0.205657 0.891135
571.005 26.7358 -0.269349 0.113857 0.873654
734.735 115.626 -0.200461 -0.0363391 0.900706
523.522 474.425 0.192491 0.232101 1.02359
595.218 182.589 -0.159812 0.119614 0.966845
662.115 182.806 -0.141647 0.0373096 0.918596
804.588 45.4088 -0.270592 -0.106219 0.903387
769.649 338.682 0.0154783 -0.0632607 0.867496
582 351.681 0.0383167 0.164614 1.04678
545.343 606.839 0.27223 0.151821 0.901746
909.309 513.296 0.158796 -0.17282 0.838259
798.575 465.288 0.146107 -0.0985963 0.920032
582.805 227.422 -0.150996 0.191014 1.12103
480.208 157.43 -0.20437 0.270836 0.999876
804.164 42.6343 -0.264692 -0.102841 0.890673
791.789 120.003 -0.176812 -0.0842707 0.861295
557.301 300.791 -0.0378521 0.246681 1.15131
705.524 169.014 -0.205025 -0.00551359 1.04006
816.062 443.187 0.144025 -0.133669 0.983708
600.244 392.975 0.0873124 0.129121 1.01137
547.033 458.931 0.215951 0.254919 1.13175
854.258 408.476 0.122597 -0.209749 1.06029
499.896 110.243 -0.237941 0.222439 0.957189
511.072 122.466 -0.246925 0.232582 0.999515
862.134 132.839 -0.200199 -0.175244 0.938081
609.727 190.921 -0.172235 0.12009 1.02825
639.967 90.4207 -0.236387 0.0591331 0.919119
692.251 315.551 -0.00745293 0.0102818 0.965999
819.91 457.46 0.13955 -0.121283 0.923209
669.232 187.595 -0.145538 0.0327891 0.944499
579.696 450.294 0.132305 0.127826 0.9329
682.587 334.804 0.0120762 0.0164717 0.897501
796.702 626.188 0.39425 -0.117919 1.02838
703.885 142.044 -0.181302 -0.00572819 0.915166
821.292 401.175 0.0766461 -0.115837 0.89482
602.124 267.673 -0.0970593 0.180838 1.17766
678.576 411.653 0.0976074 0.0256044 0.951701
719.258 584.384 0.217001 -0.0155838 0.842308
524.494 308.473 -0.0211564 0.246075 1.05419
551.776 61.6781 -0.277325 0.155457 0.935557
865.549 491.918 0.171616 -0.164501 0.9148
806.494 414.53 0.081935 -0.0941096 0.861858
502.524 309.392 -0.0164314 0.222227 0.960171
594.484 610.323 0.309451 0.118393 0.948713
678.299 69.523 -0.257247 0.019717 0.918698
615.555 366.421 0.0463928 0.0917971 0.94173
682.601 333.427 0.0109099 0.016849 0.903304
713.535 325.899 0.00591406 -0.0142203 1.08829
933.724 216.431 -0.121553 -0.275907 0.980761
646.685 414.051 0.0992224 0.0601604 0.949199
547.141 301.205 -0.0342059 0.240181 1.10578
539.547 414.749 0.0990884 0.17761 0.951287
659.747 473.747 0.164367 0.0466764 0.950343
921.872 370.253 0.0630605 -0.274504 1.00813
646.924 415.05 0.100587 0.0601092 0.950382
684.162 333.009 0.0108373 0.0161333 0.915508
562.362 236.738 -0.200793 0.335727 1.33912
666.409 561.14 0.234802 0.0354841 0.909829
584.151 253.274 -0.206684 0.369421 1.50141
633.387 372.955 0.0516798 0.0697833 0.926728
627.386 482.127 0.16316 0.0767192 0.925809
494.372 156.087 -0.196208 0.240989 0.978519
627.551 487.684 0.0834831 0.0327793 0.680684
565.648 442.154 0.237531 0.285221 1.25493
924.165 203.405 -0.11644 -0.226752 0.912199
878.641 426.657 0.109936 -0.183735 0.92709
553.981 586.481 0.275924 0.157456 0.937538
801.845 483.374 0.146579 -0.0918621 0.874348
633.781 568.71 0.240244 0.0672551 0.907284
857.508 134.755 -0.145479 -0.127911 0.818944
589.775 192.223 -0.144842 0.12217 0.955056
757.561 96.2118 -0.212447 -0.0573952 0.888205
758.804 94.4027 -0.210132 -0.0577005 0.880823
586.266 353.157 0.0424062 0.16747 1.07028
824.776 138.996 -0.179016 -0.125524 0.905437
764.023 278.174 -0.0713826 -0.0990352 1.14539
764.7 277.322 -0.0671713 -0.0934668 1.10411
536.129 262.653 -0.0599323 0.16063 0.906374
713.157 393.706 0.0851224 -0.0126002 0.986997
923.257 558.725 0.139167 -0.133175 0.722294
711.213 336.469 0.0153737 -0.0110791 0.937013
613.317 416.505 0.105846 0.101201 0.967419
816.89 350.648 0.0293419 -0.115312 0.906737
859.424 591.522 0.25547 -0.148849 0.891904
783.489 628.489 0.286123 -0.0758429 0.887949
793.823 463.306 0.15699 -0.101182 0.956082
544.589 309.369 -0.0236943 0.266964 1.14944
795.822 465.354 0.153925 -0.100292 0.941597
781.706 333.817 0.0143316 -0.0914283 0.966642
667.819 561.858 0.240439 0.0350452 0.918252
527.469 473.4 0.197757 0.23518 1.0392
598.027 16.2208 -0.323339 0.105183 0.932762
937.564 430.717 0.126049 -0.267728 0.966428
548.261 609.58 0.284166 0.154438 0.915202
640.753 536.84 0.13305 0.0344594 0.743526
627.751 479.737 0.156258 0.0738846 0.914233
914.176 510.486 0.150457 -0.170378 0.823764
679.767 196.821 -0.153498 0.0259055 0.998856
803.976 298.635 -0.0297054 -0.13544 1.03801
885.587 438.458 0.105007 -0.165484 0.866841
717.809 367.276 0.0506056 -0.0180734 0.959583
784.562 133.488 -0.18654 -0.0864587 0.909222
950.827 382.279 0.0658101 -0.262489 0.931887
782.985 138.646 -0.191318 -0.088832 0.930915
582.595 222.499 -0.127972 0.151627 1.01656
575.969 189.631 -0.160245 0.149975 0.990089
548.335 185.916 -0.172494 0.192012 1.01006
811.404 41.6804 -0.264501 -0.109388 0.889111
788.987 122.491 -0.176993 -0.0827232 0.866378
817.454 22.6169 -0.249835 -0.103256 0.842287
561.494 266.72 -0.0787452 0.196803 1.05862
673.865 395.339 0.0685826 0.0247147 0.889685
852.717 409.117 0.127078 -0.213271 1.07424
830.442 255.23 -0.0901331 -0.176939 1.05328
775.085 333.597 0.0175893 -0.102101 1.07068
622.378 404.974 0.107781 0.107236 1.03411
787.565 594.331 0.312331 -0.0956312 0.972854
817.413 448.359 0.163018 -0.145758 1.0209
587.083 274.635 -0.0104948 0.0195717 0.494327
659.843 182.701 -0.139204 0.038701 0.91118
550.287 519.755 0.185228 0.143388 0.893747
955.375 175.628 -0.152804 -0.273665 0.936236
520.536 5.94404 -0.457252 0.259791 1.07268
751.528 97.4631 -0.264016 -0.0616791 0.980486
787.333 42.3831 -0.298713 -0.0963248 0.93904
480.358 169.66 -0.189649 0.271186 1.00063
802.721 252.507 -0.0970875 -0.142358 1.0675
787.368 125.091 -0.179071 -0.0830127 0.875883
815.275 388.069 0.0815237 -0.137072 0.99624
555.967 67.4765 -0.283689 0.15859 0.95463
563.344 401.336 0.111461 0.20296 1.07599
484.969 250.441 -0.104916 0.310819 1.0705
511.008 60.6407 -0.448473 0.327412 1.15927
899.928 503.89 0.166579 -0.181148 0.875339
892.885 63.7308 -0.248186 -0.190624 0.897551
574.426 188.266 -0.158223 0.148094 0.979936
812.789 592.394 0.42032 -0.164278 1.11582
646.989 415.075 0.102246 0.061202 0.957252
673.939 420.537 0.094362 0.0257194 0.89895
484.426 277.778 -0.0644456 0.30385 1.05863
807.251 299.318 -0.0291091 -0.141404 1.04385
811.063 383.833 0.0831167 -0.142617 1.03512
566.839 264.141 -0.0820144 0.188754 1.0572
907.032 213.467 -0.121183 -0.236568 0.966097
721.96 72.8565 -0.249383 -0.0246761 0.912046
611.133 56.733 -0.357391 0.120204 1.03992
668.367 65.9404 -0.311206 0.0378258 0.993607
684.66 203.712 -0.146981 0.0204182 1.00501
485.882 164.159 -0.181183 0.243009 0.965171
675.314 418.111 0.0948737 0.0254612 0.911109
507.383 187.009 -0.208362 0.298391 1.10296
772.225 404.504 0.0941376 -0.0795698 0.966175
815.695 451.668 0.143629 -0.124956 0.953529
772.03 620.348 0.376371 -0.084073 1.01635
779.873 176.329 -0.15787 -0.0880554 0.947562
847.365 148.981 -0.158019 -0.138946 0.879129
797.954 300.58 -0.032747 -0.150865 1.12996
733.276 283.812 -0.0626505 -0.0478776 1.14623
605.631 211.087 -0.136232 0.116495 0.996995
931.033 254.829 -0.0643268 -0.231288 0.909335
509.376 434.701 0.0250254 0.0360384 0.486917
630.984 609.328 0.446485 0.11956 1.12098
959.863 523.054 0.216874 -0.274875 0.940425
814.48 448.839 0.143097 -0.125711 0.961325
732.186 170.124 -0.181879 -0.038354 0.989427
623.707 387.038 0.0732319 0.0898827 0.970632
721.872 262.916 -0.120449 -0.0328122 1.26352
764.669 277.591 -0.0707297 -0.0981913 1.13365
760.172 241.886 -0.133642 -0.0945821 1.15343
788.165 250.405 -0.110653 -0.132886 1.1164
694.918 260.445 -0.101678 0.0154165 1.14448
554.329 587.962 0.277703 0.157239 0.937888
523.367 65.1783 -0.270263 0.183068 0.930158
820.271 328.22 0.0101557 -0.16028 1.04947
851.446 585.912 0.390738 -0.214124 1.09009
764.734 98.9149 -0.260386 -0.0768589 0.977483
506.866 175.248 -0.224368 0.296393 1.0986
572.537 185.945 -0.156916 0.14621 0.968813
611.196 130.599 -0.193966 0.0880383 0.915857
840.943 158.665 -0.16346 -0.144571 0.915496
860.574 181.507 -0.231684 -0.263413 1.14766
860.259 293.15 -0.0582173 -0.331829 1.29092
764.541 278.515 -0.0709221 -0.100029 1.14623
788.285 362.84 0.0467681 -0.0975258 0.961647
495.417 516.632 0.186935 0.201333 0.90531
652.962 121.812 -0.26716 0.0640579 1.03653
921.156 99.5306 -0.153364 -0.159654 0.777718
942.082 279.987 -0.0371281 -0.22978 0.887834
745.722 290.718 -0.0452717 -0.0622362 1.08535
803.495 302.54 -0.0266875 -0.145642 1.07905
788.707 258.679 -0.11837 -0.159041 1.21931
642.684 89.9906 -0.236153 0.0561671 0.917995
536.503 99.0203 -0.404036 0.301182 1.1889
565.81 145.432 -0.208383 0.157619 0.979257
765.619 66.3436 -0.250119 -0.0674841 0.903295
794.305 302.472 -0.0327947 -0.158456 1.18178
786.25 258.489 -0.124021 -0.160553 1.24387
630.49 385.285 0.0610947 0.0686555 0.905719
768.909 307.104 -0.0282714 -0.126089 1.25067
663.748 465.796 0.161258 0.0441182 0.965081
587.189 227.366 -0.131309 0.158307 1.05197
568.986 164.959 -0.280857 0.240122 1.18211
765.855 279.965 -0.0601876 -0.0913695 1.08047
758.623 169.181 -0.177149 -0.0684712 0.975742
497.646 504.016 0.156189 0.17675 0.861239
595.373 72.0679 -0.301372 0.125372 0.989271
605.188 32.2433 -0.335889 0.108323 0.971884
940.494 550.496 0.143403 -0.152214 0.742413
739.212 77.0909 -0.339941 -0.0536313 1.0558
696.504 257.041 -0.0888309 0.0082585 1.05024
732.954 324.696 0.00393298 -0.0396769 1.032
805.138 476.686 0.137861 -0.0932825 0.866761
879.529 449.314 0.14211 -0.195799 0.954098
621.773 638.557 0.414074 0.111148 1.03687
901.586 145.219 -0.185849 -0.216669 0.936457
578.841 297.431 -0.0317059 0.151315 1.00092
758.363 635.532 0.416203 -0.0694564 1.04064
739.029 619.515 0.382172 -0.0429434 1.02546
886.918 29.8691 -0.282932 -0.186331 0.899904
791.325 249.322 -0.102839 -0.127351 1.07258
504.926 46.6352 -0.434724 0.309509 1.11599
820.628 618.662 0.445107 -0.170399 1.09833
589.421 201.243 -0.174344 0.162186 1.07213
640.783 212.671 -0.140962 0.0781083 1.02027
727.551 252.447 -0.130148 -0.0422569 1.21432
607.822 32.4925 -0.405324 0.129724 1.05786
945.357 579.661 0.357822 -0.33073 1.05614
837.332 251.613 -0.0809292 -0.160686 0.979817
636.948 209.953 -0.136989 0.0780543 0.996059
733.159 330.444 0.0103885 -0.0372661 0.987063
607.441 298.013 -0.0306604 0.11631 1.00129
537.334 255.754 -0.0671823 0.160641 0.909284
515.08 171.1 -0.188421 0.229715 1.00278
734.791 282.486 -0.0576928 -0.0463331 1.08672
780.629 65.1183 -0.309837 -0.0987886 0.99154
657.54 320.566 -0.00384691 0.104602 1.28435
662.519 318.969 -0.00394456 0.0442198 0.966843
751.209 320.359 -0.00172475 -0.072417 1.10763
656.046 335.691 0.0147744 0.0510947 0.962312
951.751 312.237 -0.00649151 -0.231704 0.876127
915.532 206.189 -0.123359 -0.235482 0.945703
765.249 306.881 -0.0328719 -0.133765 1.33156
769.187 575.494 0.331697 -0.083605 1.03258
814.881 54.8559 -0.309927 -0.135804 0.974664
603.748 239.485 -0.145354 0.176018 1.17308
769.104 340.311 0.0166045 -0.0617667 0.86019
676.225 125.786 -0.226624 0.0269666 0.97186
824.925 454.602 0.143148 -0.1319 0.942381
778.295 288.637 -0.0415227 -0.0974234 1.01776
869.848 157.468 -0.190484 -0.199685 0.977373
559.842 136.108 -0.199461 0.148528 0.938469
759.126 330.359 0.0122754 -0.0769438 1.05323
621.149 150.072 -0.211682 0.0974794 0.999131
704.644 166.466 -0.177313 -0.00553892 0.967174
803.673 179.17 -0.171371 -0.125236 0.992332
797.537 301.4 -0.0315804 -0.150807 1.13235
775.776 332.449 0.0146437 -0.0957028 1.03008
944.629 457.806 0.151195 -0.265947 0.950956
697.349 256.666 -0.0629792 0.00151118 0.898245
596.217 414.908 0.0483784 0.0505296 0.691575
935.016 196.219 -0.114295 -0.220843 0.881378
661.621 473.471 0.153981 0.0411687 0.923696
613.95 73.2857 -0.27052 0.0918166 0.94499
751.269 324.309 0.004214 -0.0708744 1.09422
818.462 148.163 -0.210481 -0.144733 0.995725
723.392 247.298 -0.122771 -0.031997 1.14357
763.388 267.818 -0.064064 -0.0745384 0.989018
813.187 37.0786 -0.283998 -0.116763 0.910823
650.195 116.718 -0.261642 0.0640755 1.01521
677.827 132.028 -0.235397 0.0279018 1.00303
797.539 434.284 0.134794 -0.112982 0.988602
715.549 501.502 0.186491 -0.0138131 0.931191
487.177 158.144 -0.24898 0.323926 1.09552
718.19 56.7855 -0.316885 -0.0228686 0.986523
487.442 179.983 -0.189789 0.282633 1.03292
700.642 260.92 -0.0679239 -0.00012917 0.9573
721.671 256.792 -0.104847 -0.028654 1.13245
532.157 172.609 -0.0218 0.0186718 0.421938
777.865 153.452 -0.144034 -0.0702203 0.852676
718.988 346.148 0.0518836 -0.0254626 1.2869
776.934 152.042 -0.143126 -0.0685696 0.847182
574.28 189.662 -0.1679 0.159872 1.01113
675.507 371.729 0.0670552 0.0383665 1.0488
748.672 242.426 -0.144019 -0.0802534 1.19668
666.22 112.208 -0.278013 0.0458303 1.03339
633.928 566.601 0.238187 0.0670902 0.907265
598.984 406.289 0.132832 0.170773 1.13056
571.256 354.664 0.0371036 0.156172 0.988055
798.625 303.484 -0.0283378 -0.153216 1.1349
614.021 368.808 0.051739 0.0995314 0.965686
495.587 465.291 0.0583882 0.0795823 0.625032
804.073 347.392 0.018092 -0.0741963 0.771389
892.435 128.438 -0.120565 -0.12688 0.744993
506.509 145.323 -0.409276 0.458014 1.33046
644.971 104.958 -0.249727 0.0625371 0.969564
639.541 579.972 0.486361 0.131168 1.22448
745.418 269.517 -0.166262 -0.117845 1.55685
640.383 377.122 0.201372 0.259846 1.66483
581.663 355.167 0.03778 0.143553 0.98739
654.695 488.392 0.157482 0.0443158 0.89501
721.999 273.683 -0.15182 -0.0418559 1.54847
480.52 157.282 -0.23144 0.307668 1.05716
811.611 40.4436 -0.285551 -0.116957 0.917868
637.166 102.909 -0.647913 0.206034 1.49319
865.685 611.443 0.35821 -0.198342 1.00527
781.655 608.915 0.450241 -0.116713 1.12189
717.539 368.201 0.0515404 -0.0177503 0.958824
732.988 169.53 -0.176432 -0.0384087 0.974362
910.381 211.915 -0.117992 -0.231271 0.948636
622.928 519.363 0.170648 0.0675934 0.860748
783.126 29.2565 -0.308562 -0.0908464 0.93322
596.732 431.827 0.0955931 0.0909133 0.864869
718.367 34.7075 -0.492619 -0.0278959 1.16092
958.638 131.102 -0.188673 -0.262441 0.911671
782.293 406.661 0.0879299 -0.08378 0.925946
801.297 562.574 0.523594 -0.199863 1.30215
508.661 106.328 -0.402266 0.361764 1.20429
581.709 254.701 -0.0864214 0.151897 1.01341
752.521 258.515 -0.156807 -0.113559 1.38408
733.429 267.597 -0.204102 -0.0902438 1.68454
836.466 331.865 0.0104778 -0.127962 0.883808
624.656 408.243 0.103975 0.0958258 0.999619
684.806 334.557 0.0137784 0.018538 0.960098
633.025 375.872 0.0544817 0.0698949 0.925267
705.43 151.446 -0.193686 -0.0066388 0.965349
815.29 65.3582 -0.243222 -0.113354 0.891249
720.457 78.7318 -0.255165 -0.0236636 0.931199
752.765 21.3215 -0.285911 -0.0540059 0.891322
957.375 106.213 -0.194758 -0.239327 0.875035
957.248 209.468 -0.106504 -0.252045 0.89911
863.497 167.67 -0.126205 -0.139052 0.838502
838.289 161.156 -0.167025 -0.146753 0.930633
846.995 254.036 -0.0706354 -0.15698 0.93757
778.292 596.873 0.311978 -0.0842201 0.968564
718.376 572.223 0.231664 -0.0154678 0.88531
848.634 592.554 0.30225 -0.161437 0.960029
926.555 373.724 0.0647623 -0.269641 0.989899
869.128 427.107 0.113192 -0.178133 0.937926
525.048 211.448 -0.171841 0.273333 1.10588
526.396 313.711 -0.0139681 0.243946 1.05502
505.234 303.799 -0.0210579 0.203157 0.929806
531.708 320.129 -0.00796297 0.393327 1.31807
514.009 123.442 -0.252815 0.235978 1.01243
515.515 72.168 -0.361443 0.26753 1.0728
624.821 154.76 -0.214921 0.0976399 1.01863
576.627 190.728 -0.15931 0.14959 0.99118
568.373 145.357 -0.20875 0.154852 0.979892
633.632 568.336 0.246198 0.0694706 0.917866
665.687 567.622 0.242622 0.036551 0.912339
576.13 551.133 0.308944 0.176312 1.05188
606.348 581.248 0.336128 0.129604 1.03265
567.595 417.181 0.103787 0.149644 0.958332
