839.892 557.923 0.152074 -0.071691 0.654782
832.568 204.76 -0.179512 -0.319237 1.41791
749.864 383.999 1.25062 -0.53691 3.21654
831.004 470.812 0.0948252 -0.05693 0.605156
861.42 125.936 -0.0891482 -0.129754 0.8328
859.016 563.632 0.289076 -0.151194 0.876283
594.65 630.7 0.134189 0.0252571 0.566957
900.855 53.5907 -0.18901 -0.198599 0.927731
717.467 564.821 0.291769 -0.0195207 0.880348
833.862 539.728 0.155549 -0.0745316 0.680008
911.718 278.689 0.0242566 -0.258915 1.00881
845.353 148.623 -0.0955514 -0.141765 0.911603
835.473 538.148 0.155965 -0.0759228 0.682533
715.194 393.919 0.074212 -0.014737 0.646389
713.82 322.384 0.0930484 -0.0191398 1.19129
730.407 317.432 0.334487 -0.540007 5.22473
654.472 100.778 -0.0473323 0.00958707 0.639592
720.199 306.158 -0.0361618 -0.119939 4.60331
729.875 322.554 0.106931 -0.0559459 1.33323
591.255 587.099 0.0721347 0.0102504 0.454681
800.44 345.428 0.0487185 -0.0459257 0.609672
932.123 380.302 0.0330923 -0.0432399 0.432778
794.856 119.021 -0.536044 -0.290601 1.63799
749.659 40.3179 -0.0761814 -0.0301167 0.654571
911.385 573.827 0.122708 -0.0797939 0.580654
841.504 497.54 0.0829055 -0.0481109 0.541386
784.205 244.005 -0.0257793 -0.116447 1.07409
905.825 438.192 0.148649 -0.1641 0.817269
726.74 300.241 -0.0589721 -0.208564 3.56318
632.797 93.7608 -0.0574055 0.021348 0.666242
766.223 372.117 0.624021 -0.439517 2.40431
714.298 255.941 -0.254365 -0.0185463 2.26049
534.68 482.696 0.102873 0.0562729 0.617878
576.495 492.271 0.0979906 0.0350637 0.592893
845.648 340.051 0.0257016 -0.0284717 0.420108
511.177 461.849 0.0621149 0.0342687 0.503507
809.527 462.807 0.10366 -0.055252 0.64273
646.879 468.12 0.108637 0.0157882 0.652088
580.751 357.933 0.0259246 0.00568717 0.403315
564.256 284.051 0.0257231 0.0420851 0.613422
570.943 404.696 0.0749704 0.0441543 0.630354
924.077 114.629 -0.115644 -0.201354 0.883779
677.788 306.85 0.040894 0.00454409 0.715998
863.657 124.719 -0.0869131 -0.128267 0.823044
724.372 321.459 0.13594 -0.0581369 1.67683
885.416 152.895 -0.133827 -0.235818 1.03868
742.501 296.933 -0.0467407 -0.363551 3.03554
716.349 156.659 -0.668186 -0.0337059 2.00315
526.567 130.236 -0.0543111 0.0854084 0.719332
807.047 439.165 0.114418 -0.0667346 0.713467
869.139 391.546 0.0858248 -0.0979829 0.70406
720.096 290.227 -0.0905093 -0.0704605 2.77801
623.809 3.93572 -0.142764 0.0390205 0.767711
950.933 234.218 -0.0296795 -0.309126 1.01625
723.879 308.077 -0.0950255 -0.333724 5.83276
856.03 66.1403 -0.0721853 -0.0808503 0.67538
828.608 327.444 0.0755714 -0.137026 0.938693
874.499 109.678 -0.0834844 -0.121869 0.78078
714.852 391.484 0.0825899 -0.0152664 0.69152
817.695 402.113 0.614648 -0.590335 1.98208
915.288 446.846 0.259736 -0.304552 1.06333
480.835 104.24 -0.318769 0.424101 1.26998
535.932 352.388 0.104378 0.179456 0.965198
540.331 287.337 0.0321526 0.121038 0.839389
